DATE/TIME;SYMBOL;OPEN;HIGH;LOW;CLOSE;EVOL % CLOSE/HIGH
2022-01-05T00:00:00+00:00;TRXBEAR/USD;0,00000028;0,00000028;0,00000026;0,00000026;-7,69
2022-01-04T00:00:00+00:00;TRXBEAR/USD;0,00000027;0,00000028;0,00000025;0,00000028;3,57
2022-01-03T00:00:00+00:00;TRXBEAR/USD;0,00000026;0,00000027;0,00000025;0,00000027;3,7
2022-01-02T00:00:00+00:00;TRXBEAR/USD;0,00000027;0,00000028;0,00000026;0,00000026;-3,85
2022-01-01T00:00:00+00:00;TRXBEAR/USD;0,00000029;0,00000029;0,00000027;0,00000027;-7,41
2021-12-31T00:00:00+00:00;TRXBEAR/USD;0,00000026;0,00000030;0,00000025;0,00000029;10,34
2021-12-30T00:00:00+00:00;TRXBEAR/USD;0,00000027;0,00000028;0,00000026;0,00000026;-3,85
2021-12-29T00:00:00+00:00;TRXBEAR/USD;0,00000026;0,00000027;0,00000024;0,00000027;3,7
2021-12-28T00:00:00+00:00;TRXBEAR/USD;0,00000024;0,00000026;0,00000024;0,00000026;7,69
2021-12-27T00:00:00+00:00;TRXBEAR/USD;0,00000023;0,00000024;0,00000022;0,00000024;4,17
2021-12-26T00:00:00+00:00;TRXBEAR/USD;0,00000023;0,00000025;0,00000023;0,00000023;0,0
2021-12-25T00:00:00+00:00;TRXBEAR/USD;0,00000023;0,00000024;0,00000023;0,00000023;0,0
2021-12-24T00:00:00+00:00;TRXBEAR/USD;0,00000023;0,00000023;0,00000021;0,00000023;0,0
2021-12-23T00:00:00+00:00;TRXBEAR/USD;0,00000025;0,00000026;0,00000022;0,00000023;-8,7
2021-12-22T00:00:00+00:00;TRXBEAR/USD;0,00000026;0,00000026;0,00000024;0,00000025;-4,0
2021-12-21T00:00:00+00:00;TRXBEAR/USD;0,00000027;0,00000028;0,00000026;0,00000026;-3,85
2021-12-20T00:00:00+00:00;TRXBEAR/USD;0,00000025;0,00000032;0,00000025;0,00000027;7,41
2021-12-19T00:00:00+00:00;TRXBEAR/USD;0,00000025;0,00000025;0,00000024;0,00000025;0,0
2021-12-18T00:00:00+00:00;TRXBEAR/USD;0,00000025;0,00000026;0,00000023;0,00000025;0,0
2021-12-17T00:00:00+00:00;TRXBEAR/USD;0,00000021;0,00000027;0,00000021;0,00000025;16,0
2021-12-16T00:00:00+00:00;TRXBEAR/USD;0,00000020;0,00000021;0,00000020;0,00000021;4,76
2021-12-15T00:00:00+00:00;TRXBEAR/USD;0,00000020;0,00000023;0,00000020;0,00000020;0,0
2021-12-14T00:00:00+00:00;TRXBEAR/USD;0,00000022;0,00000022;0,00000020;0,00000020;-10,0
2021-12-13T00:00:00+00:00;TRXBEAR/USD;0,00000018;0,00000022;0,00000018;0,00000022;18,18
2021-12-12T00:00:00+00:00;TRXBEAR/USD;0,00000019;0,00000019;0,00000018;0,00000018;-5,56
2021-12-11T00:00:00+00:00;TRXBEAR/USD;0,00000020;0,00000021;0,00000019;0,00000019;-5,26
2021-12-10T00:00:00+00:00;TRXBEAR/USD;0,00000020;0,00000020;0,00000018;0,00000020;0,0
2021-12-09T00:00:00+00:00;TRXBEAR/USD;0,00000018;0,00000020;0,00000018;0,00000020;10,0
2021-12-08T00:00:00+00:00;TRXBEAR/USD;0,00000028;0,00000028;0,00000018;0,00000018;-55,56
2021-12-07T00:00:00+00:00;TRXBEAR/USD;0,00000028;0,00000028;0,00000028;0,00000028;0,0
2021-12-06T00:00:00+00:00;TRXBEAR/USD;0,00000025;0,00000029;0,00000025;0,00000028;10,71
2021-12-05T00:00:00+00:00;TRXBEAR/USD;0,00000024;0,00000025;0,00000024;0,00000025;4,0
2021-12-04T00:00:00+00:00;TRXBEAR/USD;0,00000017;0,00000024;0,00000017;0,00000024;29,17
2021-12-03T00:00:00+00:00;TRXBEAR/USD;0,00000017;0,00000017;0,00000016;0,00000017;0,0
2021-12-02T00:00:00+00:00;TRXBEAR/USD;0,00000016;0,00000017;0,00000016;0,00000017;5,88
2021-12-01T00:00:00+00:00;TRXBEAR/USD;0,00000017;0,00000017;0,00000015;0,00000016;-6,25
2021-11-30T00:00:00+00:00;TRXBEAR/USD;0,00000018;0,00000018;0,00000016;0,00000017;-5,88
2021-11-29T00:00:00+00:00;TRXBEAR/USD;0,00000021;0,00000021;0,00000017;0,00000018;-16,67
2021-11-28T00:00:00+00:00;TRXBEAR/USD;0,00000018;0,00000022;0,00000018;0,00000021;14,29
2021-11-27T00:00:00+00:00;TRXBEAR/USD;0,00000018;0,00000020;0,00000016;0,00000018;0,0
2021-11-26T00:00:00+00:00;TRXBEAR/USD;0,00000015;0,00000022;0,00000015;0,00000018;16,67
2021-11-25T00:00:00+00:00;TRXBEAR/USD;0,00000018;0,00000018;0,00000015;0,00000015;-20,0
2021-11-24T00:00:00+00:00;TRXBEAR/USD;0,00000016;0,00000018;0,00000016;0,00000018;11,11
2021-11-23T00:00:00+00:00;TRXBEAR/USD;0,00000015;0,00000016;0,00000015;0,00000016;6,25
2021-11-22T00:00:00+00:00;TRXBEAR/USD;0,00000014;0,00000016;0,00000014;0,00000015;6,67
2021-11-21T00:00:00+00:00;TRXBEAR/USD;0,00000015;0,00000015;0,00000013;0,00000014;-7,14
2021-11-20T00:00:00+00:00;TRXBEAR/USD;0,00000016;0,00000016;0,00000014;0,00000015;-6,67
2021-11-19T00:00:00+00:00;TRXBEAR/USD;0,00000016;0,00000017;0,00000013;0,00000016;0,0
2021-11-18T00:00:00+00:00;TRXBEAR/USD;0,00000013;0,00000017;0,00000013;0,00000016;18,75
2021-11-17T00:00:00+00:00;TRXBEAR/USD;0,00000014;0,00000014;0,00000012;0,00000013;-7,69
2021-11-16T00:00:00+00:00;TRXBEAR/USD;0,00000010;0,00000014;0,00000010;0,00000014;28,57
2021-11-15T00:00:00+00:00;TRXBEAR/USD;0,00000013;0,00000013;0,00000009;0,00000010;-30,0
2021-11-14T00:00:00+00:00;TRXBEAR/USD;0,00000014;0,00000014;0,00000013;0,00000013;-7,69
2021-11-13T00:00:00+00:00;TRXBEAR/USD;0,00000016;0,00000016;0,00000014;0,00000014;-14,29
2021-11-12T00:00:00+00:00;TRXBEAR/USD;0,00000016;0,00000017;0,00000015;0,00000016;0,0
2021-11-11T00:00:00+00:00;TRXBEAR/USD;0,00000016;0,00000018;0,00000015;0,00000016;0,0
2021-11-10T00:00:00+00:00;TRXBEAR/USD;0,00000014;0,00000017;0,00000012;0,00000016;12,5
2021-11-09T00:00:00+00:00;TRXBEAR/USD;0,00000016;0,00000016;0,00000014;0,00000014;-14,29
2021-11-08T00:00:00+00:00;TRXBEAR/USD;0,00000019;0,00000019;0,00000016;0,00000016;-18,75
2021-11-07T00:00:00+00:00;TRXBEAR/USD;0,00000020;0,00000020;0,00000019;0,00000019;-5,26
2021-11-06T00:00:00+00:00;TRXBEAR/USD;0,00000020;0,00000022;0,00000020;0,00000020;0,0
2021-11-05T00:00:00+00:00;TRXBEAR/USD;0,00000020;0,00000020;0,00000019;0,00000020;0,0
2021-11-04T00:00:00+00:00;TRXBEAR/USD;0,00000019;0,00000021;0,00000018;0,00000020;5,0
2021-11-03T00:00:00+00:00;TRXBEAR/USD;0,00000017;0,00000020;0,00000017;0,00000019;10,53
2021-11-02T00:00:00+00:00;TRXBEAR/USD;0,00000023;0,00000023;0,00000016;0,00000017;-35,29
2021-11-01T00:00:00+00:00;TRXBEAR/USD;0,00000022;0,00000023;0,00000022;0,00000023;4,35
2021-10-31T00:00:00+00:00;TRXBEAR/USD;0,00000021;0,00000023;0,00000021;0,00000022;4,55
2021-10-30T00:00:00+00:00;TRXBEAR/USD;0,00000023;0,00000023;0,00000020;0,00000021;-9,52
2021-10-29T00:00:00+00:00;TRXBEAR/USD;0,00000026;0,00000026;0,00000023;0,00000023;-13,04
2021-10-28T00:00:00+00:00;TRXBEAR/USD;0,00000030;0,00000030;0,00000026;0,00000026;-15,38
2021-10-27T00:00:00+00:00;TRXBEAR/USD;0,00000023;0,00000030;0,00000023;0,00000030;23,33
2021-10-26T00:00:00+00:00;TRXBEAR/USD;0,00000023;0,00000023;0,00000020;0,00000023;0,0
2021-10-25T00:00:00+00:00;TRXBEAR/USD;0,00000024;0,00000024;0,00000023;0,00000023;-4,35
2021-10-24T00:00:00+00:00;TRXBEAR/USD;0,00000024;0,00000025;0,00000023;0,00000024;0,0
2021-10-23T00:00:00+00:00;TRXBEAR/USD;0,00000025;0,00000025;0,00000023;0,00000024;-4,17
2021-10-22T00:00:00+00:00;TRXBEAR/USD;0,00000024;0,00000025;0,00000023;0,00000025;4,0
2021-10-21T00:00:00+00:00;TRXBEAR/USD;0,00000022;0,00000025;0,00000019;0,00000024;8,33
2021-10-20T00:00:00+00:00;TRXBEAR/USD;0,00000024;0,00000024;0,00000020;0,00000022;-9,09
2021-10-19T00:00:00+00:00;TRXBEAR/USD;0,00000026;0,00000026;0,00000024;0,00000024;-8,33
2021-10-18T00:00:00+00:00;TRXBEAR/USD;0,00000026;0,00000027;0,00000025;0,00000026;0,0
2021-10-17T00:00:00+00:00;TRXBEAR/USD;0,00000026;0,00000027;0,00000023;0,00000026;0,0
2021-10-16T00:00:00+00:00;TRXBEAR/USD;0,00000025;0,00000026;0,00000023;0,00000026;3,85
2021-10-15T00:00:00+00:00;TRXBEAR/USD;0,00000027;0,00000027;0,00000022;0,00000025;-8,0
2021-10-14T00:00:00+00:00;TRXBEAR/USD;0,00000026;0,00000027;0,00000025;0,00000027;3,7
2021-10-13T00:00:00+00:00;TRXBEAR/USD;0,00000028;0,00000030;0,00000026;0,00000026;-7,69
2021-10-12T00:00:00+00:00;TRXBEAR/USD;0,00000026;0,00000031;0,00000026;0,00000028;7,14
2021-10-11T00:00:00+00:00;TRXBEAR/USD;0,00000025;0,00000027;0,00000024;0,00000026;3,85
2021-10-10T00:00:00+00:00;TRXBEAR/USD;0,00000022;0,00000026;0,00000022;0,00000025;12,0
2021-10-09T00:00:00+00:00;TRXBEAR/USD;0,00000028;0,00000028;0,00000021;0,00000022;-27,27
2021-10-08T00:00:00+00:00;TRXBEAR/USD;0,00000029;0,00000029;0,00000026;0,00000028;-3,57
2021-10-07T00:00:00+00:00;TRXBEAR/USD;0,00000029;0,00000030;0,00000027;0,00000029;0,0
2021-10-06T00:00:00+00:00;TRXBEAR/USD;0,00000027;0,00000032;0,00000027;0,00000029;6,9
2021-10-05T00:00:00+00:00;TRXBEAR/USD;0,00000031;0,00000031;0,00000027;0,00000027;-14,81
2021-10-04T00:00:00+00:00;TRXBEAR/USD;0,00000029;0,00000033;0,00000029;0,00000031;6,45
2021-10-03T00:00:00+00:00;TRXBEAR/USD;0,00000030;0,00000031;0,00000028;0,00000029;-3,45
2021-10-02T00:00:00+00:00;TRXBEAR/USD;0,00000030;0,00000032;0,00000029;0,00000030;0,0
2021-10-01T00:00:00+00:00;TRXBEAR/USD;0,00000036;0,00000037;0,00000030;0,00000030;-20,0
2021-09-30T00:00:00+00:00;TRXBEAR/USD;0,00000042;0,00000042;0,00000036;0,00000036;-16,67
2021-09-29T00:00:00+00:00;TRXBEAR/USD;0,00000045;0,00000046;0,00000039;0,00000042;-7,14
2021-09-28T00:00:00+00:00;TRXBEAR/USD;0,00000041;0,00000046;0,00000040;0,00000045;8,89
2021-09-27T00:00:00+00:00;TRXBEAR/USD;0,00000039;0,00000041;0,00000036;0,00000041;4,88
2021-09-26T00:00:00+00:00;TRXBEAR/USD;0,00000037;0,00000046;0,00000037;0,00000039;5,13
2021-09-25T00:00:00+00:00;TRXBEAR/USD;0,00000035;0,00000037;0,00000033;0,00000037;5,41
2021-09-24T00:00:00+00:00;TRXBEAR/USD;0,00000028;0,00000039;0,00000028;0,00000035;20,0
2021-09-23T00:00:00+00:00;TRXBEAR/USD;0,00000029;0,00000031;0,00000028;0,00000028;-3,57
2021-09-22T00:00:00+00:00;TRXBEAR/USD;0,00000042;0,00000044;0,00000029;0,00000029;-44,83
2021-09-21T00:00:00+00:00;TRXBEAR/USD;0,00000038;0,00000044;0,00000034;0,00000042;9,52
2021-09-20T00:00:00+00:00;TRXBEAR/USD;0,00000028;0,00000040;0,00000028;0,00000038;26,32
2021-09-19T00:00:00+00:00;TRXBEAR/USD;0,00000028;0,00000029;0,00000026;0,00000028;0,0
2021-09-18T00:00:00+00:00;TRXBEAR/USD;0,00000028;0,00000028;0,00000025;0,00000028;0,0
2021-09-17T00:00:00+00:00;TRXBEAR/USD;0,00000022;0,00000029;0,00000020;0,00000028;21,43
2021-09-16T00:00:00+00:00;TRXBEAR/USD;0,00000020;0,00000023;0,00000019;0,00000022;9,09
2021-09-15T00:00:00+00:00;TRXBEAR/USD;0,00000021;0,00000023;0,00000019;0,00000020;-5,0
2021-09-14T00:00:00+00:00;TRXBEAR/USD;0,00000032;0,00000032;0,00000020;0,00000021;-52,38
2021-09-13T00:00:00+00:00;TRXBEAR/USD;0,00000027;0,00000036;0,00000024;0,00000032;15,62
2021-09-12T00:00:00+00:00;TRXBEAR/USD;0,00000048;0,00000049;0,00000023;0,00000027;-77,78
2021-09-11T00:00:00+00:00;TRXBEAR/USD;0,00000058;0,00000059;0,00000046;0,00000048;-20,83
2021-09-10T00:00:00+00:00;TRXBEAR/USD;0,00000054;0,00000064;0,00000050;0,00000058;6,9
2021-09-09T00:00:00+00:00;TRXBEAR/USD;0,00000055;0,00000058;0,00000052;0,00000054;-1,85
2021-09-08T00:00:00+00:00;TRXBEAR/USD;0,00000075;0,00000079;0,00000049;0,00000055;-36,36
2021-09-07T00:00:00+00:00;TRXBEAR/USD;0,00000050;0,00000085;0,00000047;0,00000075;33,33
2021-09-06T00:00:00+00:00;TRXBEAR/USD;0,00000048;0,00000052;0,00000045;0,00000050;4,0
2021-09-05T00:00:00+00:00;TRXBEAR/USD;0,00000053;0,00000054;0,00000048;0,00000048;-10,42
2021-09-04T00:00:00+00:00;TRXBEAR/USD;0,00000052;0,00000055;0,00000050;0,00000053;1,89
2021-09-03T00:00:00+00:00;TRXBEAR/USD;0,00000055;0,00000058;0,00000046;0,00000052;-5,77
2021-09-02T00:00:00+00:00;TRXBEAR/USD;0,00000067;0,00000068;0,00000053;0,00000055;-21,82
2021-09-01T00:00:00+00:00;TRXBEAR/USD;0,00000084;0,00000087;0,00000066;0,00000067;-25,37
2021-08-31T00:00:00+00:00;TRXBEAR/USD;0,00000093;0,00000095;0,00000078;0,00000084;-10,71
2021-08-30T00:00:00+00:00;TRXBEAR/USD;0,00000085;0,00000093;0,00000084;0,00000093;8,6
2021-08-29T00:00:00+00:00;TRXBEAR/USD;0,00000086;0,00000089;0,00000080;0,00000085;-1,18
2021-08-28T00:00:00+00:00;TRXBEAR/USD;0,00000086;0,00000091;0,00000084;0,00000086;0,0
2021-08-27T00:00:00+00:00;TRXBEAR/USD;0,00000104;0,00000110;0,00000086;0,00000086;-20,93
2021-08-26T00:00:00+00:00;TRXBEAR/USD;0,00000092;0,00000107;0,00000089;0,00000104;11,54
2021-08-25T00:00:00+00:00;TRXBEAR/USD;0,00000098;0,00000106;0,00000091;0,00000092;-6,52
2021-08-24T00:00:00+00:00;TRXBEAR/USD;0,00000087;0,00000101;0,00000084;0,00000098;11,22
2021-08-23T00:00:00+00:00;TRXBEAR/USD;0,00000093;0,00000093;0,00000082;0,00000087;-6,9
2021-08-22T00:00:00+00:00;TRXBEAR/USD;0,00000091;0,00000097;0,00000086;0,00000093;2,15
2021-08-21T00:00:00+00:00;TRXBEAR/USD;0,00000085;0,00000092;0,00000085;0,00000091;6,59
2021-08-20T00:00:00+00:00;TRXBEAR/USD;0,00000092;0,00000097;0,00000084;0,00000085;-8,24
2021-08-19T00:00:00+00:00;TRXBEAR/USD;0,00000106;0,00000115;0,00000092;0,00000092;-15,22
2021-08-18T00:00:00+00:00;TRXBEAR/USD;0,00000102;0,00000116;0,00000096;0,00000106;3,77
2021-08-17T00:00:00+00:00;TRXBEAR/USD;0,00000089;0,00000103;0,00000082;0,00000102;12,75
2021-08-16T00:00:00+00:00;TRXBEAR/USD;0,00000080;0,00000092;0,00000072;0,00000089;10,11
2021-08-15T00:00:00+00:00;TRXBEAR/USD;0,00000081;0,00000091;0,00000075;0,00000080;-1,25
2021-08-14T00:00:00+00:00;TRXBEAR/USD;0,00000092;0,00000099;0,00000080;0,00000081;-13,58
2021-08-13T00:00:00+00:00;TRXBEAR/USD;0,00000113;0,00000115;0,00000092;0,00000092;-22,83
2021-08-12T00:00:00+00:00;TRXBEAR/USD;0,00000121;0,00000123;0,00000091;0,00000113;-7,08
2021-08-11T00:00:00+00:00;TRXBEAR/USD;0,00000181;0,00000183;0,00000111;0,00000121;-49,59
2021-08-10T00:00:00+00:00;TRXBEAR/USD;0,00000188;0,00000198;0,00000175;0,00000181;-3,87
2021-08-09T00:00:00+00:00;TRXBEAR/USD;0,00000204;0,00000219;0,00000181;0,00000188;-8,51
2021-08-08T00:00:00+00:00;TRXBEAR/USD;0,00000180;0,00000210;0,00000175;0,00000204;11,76
2021-08-07T00:00:00+00:00;TRXBEAR/USD;0,00000209;0,00000210;0,00000170;0,00000180;-16,11
2021-08-06T00:00:00+00:00;TRXBEAR/USD;0,00000225;0,00000227;0,00000204;0,00000209;-7,66
2021-08-05T00:00:00+00:00;TRXBEAR/USD;0,00000256;0,00000259;0,00000219;0,00000225;-13,78
2021-08-04T00:00:00+00:00;TRXBEAR/USD;0,00000305;0,00000313;0,00000251;0,00000256;-19,14
2021-08-03T00:00:00+00:00;TRXBEAR/USD;0,00000295;0,00000321;0,00000288;0,00000305;3,28
2021-08-02T00:00:00+00:00;TRXBEAR/USD;0,00000318;0,00000332;0,00000283;0,00000295;-7,8
2021-08-01T00:00:00+00:00;TRXBEAR/USD;0,00000305;0,00000323;0,00000267;0,00000318;4,09
2021-07-31T00:00:00+00:00;TRXBEAR/USD;0,00000321;0,00000330;0,00000298;0,00000305;-5,25
2021-07-30T00:00:00+00:00;TRXBEAR/USD;0,00000344;0,00000375;0,00000319;0,00000321;-7,17
2021-07-29T00:00:00+00:00;TRXBEAR/USD;0,00000363;0,00000379;0,00000335;0,00000344;-5,52
2021-07-28T00:00:00+00:00;TRXBEAR/USD;0,00000375;0,00000383;0,00000342;0,00000363;-3,31
2021-07-27T00:00:00+00:00;TRXBEAR/USD;0,00000405;0,00000436;0,00000363;0,00000375;-8,0
2021-07-26T00:00:00+00:00;TRXBEAR/USD;0,00000440;0,00000450;0,00000320;0,00000405;-8,64
2021-07-25T00:00:00+00:00;TRXBEAR/USD;0,00000455;0,00000488;0,00000436;0,00000440;-3,41
2021-07-24T00:00:00+00:00;TRXBEAR/USD;0,00000492;0,00000499;0,00000439;0,00000455;-8,13
2021-07-23T00:00:00+00:00;TRXBEAR/USD;0,00000512;0,00000551;0,00000484;0,00000492;-4,07
2021-07-22T00:00:00+00:00;TRXBEAR/USD;0,00000558;0,00000582;0,00000510;0,00000512;-8,98
2021-07-21T00:00:00+00:00;TRXBEAR/USD;0,00000694;0,00000726;0,00000517;0,00000558;-24,37
2021-07-20T00:00:00+00:00;TRXBEAR/USD;0,00000596;0,00000741;0,00000572;0,00000694;14,12
2021-07-19T00:00:00+00:00;TRXBEAR/USD;0,00000530;0,00000601;0,00000520;0,00000596;11,07
2021-07-18T00:00:00+00:00;TRXBEAR/USD;0,00000526;0,00000543;0,00000486;0,00000530;0,75
2021-07-17T00:00:00+00:00;TRXBEAR/USD;0,00000538;0,00000561;0,00000508;0,00000526;-2,28
2021-07-16T00:00:00+00:00;TRXBEAR/USD;0,00000484;0,00000538;0,00000459;0,00000538;10,04
2021-07-15T00:00:00+00:00;TRXBEAR/USD;0,00000441;0,00000499;0,00000421;0,00000484;8,88
2021-07-14T00:00:00+00:00;TRXBEAR/USD;0,00000453;0,00000507;0,00000431;0,00000441;-2,72
2021-07-13T00:00:00+00:00;TRXBEAR/USD;0,00000438;0,00000465;0,00000424;0,00000453;3,31
2021-07-12T00:00:00+00:00;TRXBEAR/USD;0,00000401;0,00000447;0,00000384;0,00000438;8,45
2021-07-11T00:00:00+00:00;TRXBEAR/USD;0,00000412;0,00000426;0,00000390;0,00000401;-2,74
2021-07-10T00:00:00+00:00;TRXBEAR/USD;0,00000396;0,00000425;0,00000381;0,00000412;3,88
2021-07-09T00:00:00+00:00;TRXBEAR/USD;0,00000421;0,00000459;0,00000390;0,00000396;-6,31
2021-07-08T00:00:00+00:00;TRXBEAR/USD;0,00000365;0,00000433;0,00000361;0,00000421;13,3
2021-07-07T00:00:00+00:00;TRXBEAR/USD;0,00000358;0,00000368;0,00000337;0,00000365;1,92
2021-07-06T00:00:00+00:00;TRXBEAR/USD;0,00000362;0,00000373;0,00000334;0,00000358;-1,12
2021-07-05T00:00:00+00:00;TRXBEAR/USD;0,00000323;0,00000376;0,00000323;0,00000362;10,77
2021-07-04T00:00:00+00:00;TRXBEAR/USD;0,00000331;0,00000354;0,00000310;0,00000323;-2,48
2021-07-03T00:00:00+00:00;TRXBEAR/USD;0,00000332;0,00000353;0,00000323;0,00000331;-0,3
2021-07-02T00:00:00+00:00;TRXBEAR/USD;0,00000365;0,00000390;0,00000332;0,00000332;-9,94
2021-07-01T00:00:00+00:00;TRXBEAR/USD;0,00000319;0,00000381;0,00000318;0,00000365;12,6
2021-06-30T00:00:00+00:00;TRXBEAR/USD;0,00000318;0,00000378;0,00000312;0,00000319;0,31
2021-06-29T00:00:00+00:00;TRXBEAR/USD;0,00000378;0,00000383;0,00000297;0,00000320;-18,12
2021-06-28T00:00:00+00:00;TRXBEAR/USD;0,00000384;0,00000395;0,00000351;0,00000378;-1,59
2021-06-27T00:00:00+00:00;TRXBEAR/USD;0,00000432;0,00000461;0,00000384;0,00000385;-12,21
2021-06-26T00:00:00+00:00;TRXBEAR/USD;0,00000462;0,00000519;0,00000425;0,00000432;-6,94
2021-06-25T00:00:00+00:00;TRXBEAR/USD;0,00000388;0,00000485;0,00000342;0,00000462;16,02
2021-06-24T00:00:00+00:00;TRXBEAR/USD;0,00000636;0,00000647;0,00000309;0,00000388;-63,92
2021-06-23T00:00:00+00:00;TRXBEAR/USD;0,00000992;0,00001074;0,00000633;0,00000636;-55,97
2021-06-22T00:00:00+00:00;TRXBEAR/USD;0,00000868;0,00001215;0,00000730;0,00000992;12,5
2021-06-21T00:00:00+00:00;TRXBEAR/USD;0,00000539;0,00000876;0,00000536;0,00000868;37,9
2021-06-20T00:00:00+00:00;TRXBEAR/USD;0,00000523;0,00000642;0,00000515;0,00000539;2,97
2021-06-19T00:00:00+00:00;TRXBEAR/USD;0,00000501;0,00000527;0,00000490;0,00000523;4,21
2021-06-18T00:00:00+00:00;TRXBEAR/USD;0,00000429;0,00000525;0,00000413;0,00000501;14,37
2021-06-17T00:00:00+00:00;TRXBEAR/USD;0,00000544;0,00000545;0,00000428;0,00000429;-26,81
2021-06-16T00:00:00+00:00;TRXBEAR/USD;0,00000487;0,00000551;0,00000466;0,00000544;10,48
2021-06-15T00:00:00+00:00;TRXBEAR/USD;0,00000482;0,00000502;0,00000459;0,00000487;1,03
2021-06-14T00:00:00+00:00;TRXBEAR/USD;0,00000496;0,00000519;0,00000467;0,00000482;-2,9
2021-06-13T00:00:00+00:00;TRXBEAR/USD;0,00000581;0,00000620;0,00000487;0,00000496;-17,14
2021-06-12T00:00:00+00:00;TRXBEAR/USD;0,00000563;0,00000642;0,00000561;0,00000581;3,1
2021-06-11T00:00:00+00:00;TRXBEAR/USD;0,00000496;0,00000573;0,00000477;0,00000563;11,9
2021-06-10T00:00:00+00:00;TRXBEAR/USD;0,00000451;0,00000510;0,00000417;0,00000496;9,07
2021-06-09T00:00:00+00:00;TRXBEAR/USD;0,00000508;0,00000559;0,00000451;0,00000451;-12,64
2021-06-08T00:00:00+00:00;TRXBEAR/USD;0,00000534;0,00000622;0,00000496;0,00000508;-5,12
2021-06-07T00:00:00+00:00;TRXBEAR/USD;0,00000438;0,00000540;0,00000417;0,00000534;17,98
2021-06-06T00:00:00+00:00;TRXBEAR/USD;0,00000476;0,00000477;0,00000422;0,00000438;-8,68
2021-06-05T00:00:00+00:00;TRXBEAR/USD;0,00000449;0,00000499;0,00000404;0,00000476;5,67
2021-06-04T00:00:00+00:00;TRXBEAR/USD;0,00000384;0,00000499;0,00000373;0,00000449;14,48
2021-06-03T00:00:00+00:00;TRXBEAR/USD;0,00000456;0,00000470;0,00000379;0,00000384;-18,75
2021-06-02T00:00:00+00:00;TRXBEAR/USD;0,00000497;0,00000525;0,00000427;0,00000456;-8,99
2021-06-01T00:00:00+00:00;TRXBEAR/USD;0,00000488;0,00000541;0,00000472;0,00000497;1,81
2021-05-31T00:00:00+00:00;TRXBEAR/USD;0,00000607;0,00000664;0,00000486;0,00000488;-24,39
2021-05-30T00:00:00+00:00;TRXBEAR/USD;0,00000743;0,00000798;0,00000583;0,00000607;-22,41
2021-05-29T00:00:00+00:00;TRXBEAR/USD;0,00000653;0,00000775;0,00000593;0,00000743;12,11
2021-05-28T00:00:00+00:00;TRXBEAR/USD;0,00000511;0,00000683;0,00000496;0,00000653;21,75
2021-05-27T00:00:00+00:00;TRXBEAR/USD;0,00000452;0,00000554;0,00000451;0,00000511;11,55
2021-05-26T00:00:00+00:00;TRXBEAR/USD;0,00000593;0,00000605;0,00000436;0,00000452;-31,19
2021-05-25T00:00:00+00:00;TRXBEAR/USD;0,00000605;0,00000708;0,00000508;0,00000593;-2,02
2021-05-24T00:00:00+00:00;TRXBEAR/USD;0,00001199;0,00001254;0,00000602;0,00000605;-98,18
2021-05-23T00:00:00+00:00;TRXBEAR/USD;0,00000794;0,00001445;0,00000741;0,00001199;33,78
2021-05-22T00:00:00+00:00;TRXBEAR/USD;0,00000739;0,00000922;0,00000688;0,00000794;6,93
2021-05-21T00:00:00+00:00;TRXBEAR/USD;0,00000546;0,00000846;0,00000477;0,00000739;26,12
2021-05-20T00:00:00+00:00;TRXBEAR/USD;0,00000831;0,00000994;0,00000420;0,00000546;-52,2
2021-05-19T00:00:00+00:00;TRXBEAR/USD;0,00000421;0,00001125;0,00000407;0,00000831;49,34
2021-05-18T00:00:00+00:00;TRXBEAR/USD;0,00000485;0,00000489;0,00000391;0,00000421;-15,2
2021-05-17T00:00:00+00:00;TRXBEAR/USD;0,00000417;0,00000525;0,00000413;0,00000485;14,02
2021-05-16T00:00:00+00:00;TRXBEAR/USD;0,00000428;0,00000453;0,00000322;0,00000417;-2,64
2021-05-15T00:00:00+00:00;TRXBEAR/USD;0,00000386;0,00000444;0,00000367;0,00000428;9,81
2021-05-14T00:00:00+00:00;TRXBEAR/USD;0,00000431;0,00000444;0,00000350;0,00000386;-11,66
2021-05-13T00:00:00+00:00;TRXBEAR/USD;0,00000470;0,00000555;0,00000374;0,00000431;-9,05
2021-05-12T00:00:00+00:00;TRXBEAR/USD;0,00000333;0,00000479;0,00000271;0,00000470;29,15
2021-05-11T00:00:00+00:00;TRXBEAR/USD;0,00000445;0,00000521;0,00000330;0,00000333;-33,63
2021-05-10T00:00:00+00:00;TRXBEAR/USD;0,00000337;0,00000486;0,00000304;0,00000445;24,27
2021-05-09T00:00:00+00:00;TRXBEAR/USD;0,00000335;0,00000390;0,00000320;0,00000337;0,59
2021-05-08T00:00:00+00:00;TRXBEAR/USD;0,00000312;0,00000345;0,00000274;0,00000335;6,87
2021-05-07T00:00:00+00:00;TRXBEAR/USD;0,00000300;0,00000344;0,00000208;0,00000312;3,85
2021-05-06T00:00:00+00:00;TRXBEAR/USD;0,00000351;0,00000412;0,00000273;0,00000300;-17,0
2021-05-05T00:00:00+00:00;TRXBEAR/USD;0,00000729;0,00000743;0,00000351;0,00000351;-107,69
2021-05-04T00:00:00+00:00;TRXBEAR/USD;0,00000565;0,00000743;0,00000565;0,00000729;22,5
2021-05-03T00:00:00+00:00;TRXBEAR/USD;0,00000651;0,00000651;0,00000516;0,00000565;-15,22
2021-05-02T00:00:00+00:00;TRXBEAR/USD;0,00000603;0,00000676;0,00000587;0,00000651;7,37
2021-05-01T00:00:00+00:00;TRXBEAR/USD;0,00000580;0,00000641;0,00000567;0,00000603;3,81
2021-04-30T00:00:00+00:00;TRXBEAR/USD;0,00000794;0,00000838;0,00000577;0,00000580;-36,9
2021-04-29T00:00:00+00:00;TRXBEAR/USD;0,00000771;0,00000856;0,00000719;0,00000794;2,9
2021-04-28T00:00:00+00:00;TRXBEAR/USD;0,00000714;0,00000869;0,00000649;0,00000771;7,39
2021-04-27T00:00:00+00:00;TRXBEAR/USD;0,00000917;0,00000945;0,00000665;0,00000714;-28,43
2021-04-26T00:00:00+00:00;TRXBEAR/USD;0,00001513;0,00001551;0,00000915;0,00000917;-64,99
2021-04-25T00:00:00+00:00;TRXBEAR/USD;0,00001550;0,00001671;0,00001217;0,00001513;-2,45
2021-04-24T00:00:00+00:00;TRXBEAR/USD;0,00001327;0,00001553;0,00001122;0,00001550;14,39
2021-04-23T00:00:00+00:00;TRXBEAR/USD;0,00001270;0,00001957;0,00001210;0,00001327;4,3
2021-04-22T00:00:00+00:00;TRXBEAR/USD;0,00000981;0,00001306;0,00000818;0,00001270;22,76
2021-04-21T00:00:00+00:00;TRXBEAR/USD;0,00000807;0,00000981;0,00000763;0,00000981;17,74
2021-04-20T00:00:00+00:00;TRXBEAR/USD;0,00000887;0,00001150;0,00000765;0,00000807;-9,91
2021-04-19T00:00:00+00:00;TRXBEAR/USD;0,00000705;0,00000896;0,00000605;0,00000887;20,52
2021-04-18T00:00:00+00:00;TRXBEAR/USD;0,00000561;0,00000889;0,00000548;0,00000705;20,43
2021-04-17T00:00:00+00:00;TRXBEAR/USD;0,00000538;0,00000584;0,00000381;0,00000561;4,1
2021-04-16T00:00:00+00:00;TRXBEAR/USD;0,00000551;0,00000838;0,00000423;0,00000538;-2,42
2021-04-15T00:00:00+00:00;TRXBEAR/USD;0,00000961;0,00001035;0,00000502;0,00000551;-74,41
2021-04-14T00:00:00+00:00;TRXBEAR/USD;0,00000904;0,00001076;0,00000721;0,00000961;5,93
2021-04-13T00:00:00+00:00;TRXBEAR/USD;0,00001400;0,00001426;0,00000740;0,00000904;-54,87
2021-04-12T00:00:00+00:00;TRXBEAR/USD;0,00001674;0,00001705;0,00001122;0,00001400;-19,57
2021-04-11T00:00:00+00:00;TRXBEAR/USD;0,00001514;0,00001813;0,00001499;0,00001674;9,56
2021-04-10T00:00:00+00:00;TRXBEAR/USD;0,00002055;0,00002203;0,00001471;0,00001514;-35,73
2021-04-09T00:00:00+00:00;TRXBEAR/USD;0,00001725;0,00002106;0,00001655;0,00002055;16,06
2021-04-08T00:00:00+00:00;TRXBEAR/USD;0,00002459;0,00002497;0,00001587;0,00001725;-42,55
2021-04-07T00:00:00+00:00;TRXBEAR/USD;0,00001851;0,00002782;0,00001790;0,00002459;24,73
2021-04-06T00:00:00+00:00;TRXBEAR/USD;0,00001453;0,00002300;0,00001380;0,00001851;21,5
2021-04-05T00:00:00+00:00;TRXBEAR/USD;0,00001971;0,00001971;0,00001151;0,00001453;-35,65
2021-04-04T00:00:00+00:00;TRXBEAR/USD;0,00004398;0,00004531;0,00001944;0,00001971;-123,14
2021-04-03T00:00:00+00:00;TRXBEAR/USD;0,00006129;0,00006977;0,00003324;0,00004398;-39,36
2021-04-02T00:00:00+00:00;TRXBEAR/USD;0,00007939;0,00008246;0,00006082;0,00006129;-29,53
2021-04-01T00:00:00+00:00;TRXBEAR/USD;0,00006377;0,00008593;0,00006032;0,00007939;19,68
2021-03-31T00:00:00+00:00;TRXBEAR/USD;0,00021700;0,00022225;0,00005556;0,00006377;-240,29
2021-03-30T00:00:00+00:00;TRXBEAR/USD;0,00023000;0,00023675;0,00020975;0,00021700;-5,99
2021-03-29T00:00:00+00:00;TRXBEAR/USD;0,00024450;0,00024730;0,00021910;0,00023000;-6,3
2021-03-28T00:00:00+00:00;TRXBEAR/USD;0,00024360;0,00026110;0,00023180;0,00024450;0,37
2021-03-27T00:00:00+00:00;TRXBEAR/USD;0,00023345;0,00025285;0,00020330;0,00024360;4,17
2021-03-26T00:00:00+00:00;TRXBEAR/USD;0,00040130;0,00040170;0,00021860;0,00023345;-71,9
2021-03-25T00:00:00+00:00;TRXBEAR/USD;0,00039700;0,00044710;0,00038340;0,00040130;1,07
2021-03-24T00:00:00+00:00;TRXBEAR/USD;0,00034730;0,00041910;0,00028230;0,00039700;12,52
2021-03-23T00:00:00+00:00;TRXBEAR/USD;0,00033360;0,00036400;0,00029840;0,00034730;3,94
2021-03-22T00:00:00+00:00;TRXBEAR/USD;0,00028210;0,00033880;0,00024250;0,00033360;15,44
2021-03-21T00:00:00+00:00;TRXBEAR/USD;0,00031860;0,00035360;0,00026390;0,00028210;-12,94
2021-03-20T00:00:00+00:00;TRXBEAR/USD;0,00040310;0,00040310;0,00023940;0,00031860;-26,52
2021-03-19T00:00:00+00:00;TRXBEAR/USD;0,00055900;0,00059325;0,00038300;0,00040310;-38,68
2021-03-18T00:00:00+00:00;TRXBEAR/USD;0,00051830;0,00056750;0,00050920;0,00055900;7,28
2021-03-17T00:00:00+00:00;TRXBEAR/USD;0,00060750;0,00061525;0,00048800;0,00051830;-17,21
2021-03-16T00:00:00+00:00;TRXBEAR/USD;0,00067275;0,00073825;0,00057800;0,00060750;-10,74
2021-03-15T00:00:00+00:00;TRXBEAR/USD;0,00065725;0,00076775;0,00061875;0,00067275;2,3
2021-03-14T00:00:00+00:00;TRXBEAR/USD;0,00060000;0,00066175;0,00057150;0,00065725;8,71
2021-03-13T00:00:00+00:00;TRXBEAR/USD;0,00074475;0,00078525;0,00056300;0,00060000;-24,13
2021-03-12T00:00:00+00:00;TRXBEAR/USD;0,00068300;0,00079050;0,00067200;0,00074475;8,29
2021-03-11T00:00:00+00:00;TRXBEAR/USD;0,00068250;0,00075450;0,00066750;0,00068300;0,07
2021-03-10T00:00:00+00:00;TRXBEAR/USD;0,00062900;0,00072175;0,00061900;0,00068250;7,84
2021-03-09T00:00:00+00:00;TRXBEAR/USD;0,00063025;0,00066375;0,00061275;0,00062800;-0,36
2021-03-08T00:00:00+00:00;TRXBEAR/USD;0,00068775;0,00074150;0,00062325;0,00063025;-9,12
2021-03-07T00:00:00+00:00;TRXBEAR/USD;0,00075800;0,00076300;0,00068225;0,00068775;-10,21
2021-03-06T00:00:00+00:00;TRXBEAR/USD;0,00075875;0,00082425;0,00073475;0,00075800;-0,1
2021-03-05T00:00:00+00:00;TRXBEAR/USD;0,00071325;0,00083300;0,00071200;0,00075875;6,0
2021-03-04T00:00:00+00:00;TRXBEAR/USD;0,00084825;0,00087775;0,00063425;0,00071325;-18,93
2021-03-03T00:00:00+00:00;TRXBEAR/USD;0,00099175;0,00100450;0,00080900;0,00084825;-16,92
2021-03-02T00:00:00+00:00;TRXBEAR/USD;0,00094100;0,00107075;0,00087750;0,00099175;5,12
2021-03-01T00:00:00+00:00;TRXBEAR/USD;0,00109150;0,00114300;0,00091600;0,00094100;-15,99
2021-02-28T00:00:00+00:00;TRXBEAR/USD;0,00104500;0,00127850;0,00101725;0,00109150;4,26
2021-02-27T00:00:00+00:00;TRXBEAR/USD;0,00120200;0,00122500;0,00094650;0,00104500;-15,02
2021-02-26T00:00:00+00:00;TRXBEAR/USD;0,00120850;0,00142150;0,00105450;0,00120200;-0,54
2021-02-25T00:00:00+00:00;TRXBEAR/USD;0,00101450;0,00122050;0,00089050;0,00120850;16,05
2021-02-24T00:00:00+00:00;TRXBEAR/USD;0,00129000;0,00142800;0,00091300;0,00101450;-27,16
2021-02-23T00:00:00+00:00;TRXBEAR/USD;0,00085600;0,00162900;0,00084450;0,00129000;33,64
2021-02-22T00:00:00+00:00;TRXBEAR/USD;0,00067675;0,00108775;0,00067125;0,00085600;20,94
2021-02-21T00:00:00+00:00;TRXBEAR/USD;0,00077750;0,00081950;0,00061700;0,00067675;-14,89
2021-02-20T00:00:00+00:00;TRXBEAR/USD;0,00066850;0,00085425;0,00057675;0,00077750;14,02
2021-02-19T00:00:00+00:00;TRXBEAR/USD;0,00098975;0,00102225;0,00056650;0,00066850;-48,06
2021-02-18T00:00:00+00:00;TRXBEAR/USD;0,00112900;0,00115950;0,00094050;0,00098975;-14,07
2021-02-17T00:00:00+00:00;TRXBEAR/USD;0,00120750;0,00138850;0,00104950;0,00112900;-6,95
2021-02-16T00:00:00+00:00;TRXBEAR/USD;0,00134200;0,00145250;0,00100250;0,00120750;-11,14
2021-02-15T00:00:00+00:00;TRXBEAR/USD;0,00108250;0,00160700;0,00103450;0,00134200;19,34
2021-02-14T00:00:00+00:00;TRXBEAR/USD;0,00088850;0,00121325;0,00087825;0,00108250;17,92
2021-02-13T00:00:00+00:00;TRXBEAR/USD;0,00115550;0,00138950;0,00083500;0,00088850;-30,05
2021-02-12T00:00:00+00:00;TRXBEAR/USD;0,00107825;0,00133850;0,00101750;0,00115550;6,69
2021-02-11T00:00:00+00:00;TRXBEAR/USD;0,00226350;0,00249300;0,00094700;0,00107825;-109,92
2021-02-10T00:00:00+00:00;TRXBEAR/USD;0,00237100;0,00279900;0,00184200;0,00226350;-4,75
2021-02-09T00:00:00+00:00;TRXBEAR/USD;0,00403600;0,00408600;0,00184150;0,00238000;-69,58
2021-02-08T00:00:00+00:00;TRXBEAR/USD;0,00618250;0,00654000;0,00369000;0,00402000;-53,79
2021-02-07T00:00:00+00:00;TRXBEAR/USD;0,00704250;0,00762500;0,00561750;0,00618250;-13,91
2021-02-06T00:00:00+00:00;TRXBEAR/USD;0,00637750;0,00783000;0,00629000;0,00704250;9,44
2021-02-05T00:00:00+00:00;TRXBEAR/USD;0,00870500;0,00877500;0,00619500;0,00637750;-36,5
2021-02-04T00:00:00+00:00;TRXBEAR/USD;0,00782500;0,00934250;0,00765750;0,00870500;10,11
2021-02-03T00:00:00+00:00;TRXBEAR/USD;0,00883250;0,00883250;0,00723750;0,00782500;-12,88
2021-02-02T00:00:00+00:00;TRXBEAR/USD;0,00908500;0,00958250;0,00860000;0,00883250;-2,86
2021-02-01T00:00:00+00:00;TRXBEAR/USD;0,01069000;0,01105000;0,00767000;0,00908500;-17,67
2021-01-31T00:00:00+00:00;TRXBEAR/USD;0,01083000;0,01205000;0,00832500;0,01074500;-0,79
2021-01-30T00:00:00+00:00;TRXBEAR/USD;0,01001000;0,01221250;0,00952000;0,01083000;7,57
2021-01-29T00:00:00+00:00;TRXBEAR/USD;0,02147000;0,02169500;0,00499500;0,01001000;-114,49
2021-01-28T00:00:00+00:00;TRXBEAR/USD;0,02508000;0,02597000;0,02064000;0,02147000;-16,81
2021-01-27T00:00:00+00:00;TRXBEAR/USD;0,02255500;0,02678000;0,02255500;0,02503000;9,89
2021-01-26T00:00:00+00:00;TRXBEAR/USD;0,02256500;0,02489000;0,02156500;0,02255500;-0,04
2021-01-25T00:00:00+00:00;TRXBEAR/USD;0,02327000;0,02349500;0,01724500;0,02256500;-3,12
2021-01-24T00:00:00+00:00;TRXBEAR/USD;0,02546000;0,02596000;0,02149000;0,02327000;-9,41
2021-01-23T00:00:00+00:00;TRXBEAR/USD;0,02750000;0,02854000;0,02481000;0,02546000;-8,01
2021-01-22T00:00:00+00:00;TRXBEAR/USD;0,03100000;0,03485000;0,02627000;0,02750000;-12,73
2021-01-21T00:00:00+00:00;TRXBEAR/USD;0,02431000;0,03104000;0,02412000;0,03100000;21,58
2021-01-20T00:00:00+00:00;TRXBEAR/USD;0,02374500;0,02729000;0,02268000;0,02431000;2,32
2021-01-19T00:00:00+00:00;TRXBEAR/USD;0,02189000;0,02390000;0,02026500;0,02374500;7,81
2021-01-18T00:00:00+00:00;TRXBEAR/USD;0,02589000;0,02730000;0,02077500;0,02189000;-18,27
2021-01-17T00:00:00+00:00;TRXBEAR/USD;0,02626000;0,02864000;0,02468000;0,02589000;-1,43
2021-01-16T00:00:00+00:00;TRXBEAR/USD;0,02740000;0,02802000;0,02325000;0,02626000;-4,34
2021-01-15T00:00:00+00:00;TRXBEAR/USD;0,02670000;0,03064000;0,02288000;0,02740000;2,55
2021-01-14T00:00:00+00:00;TRXBEAR/USD;0,02541000;0,02834000;0,02344000;0,02670000;4,83
2021-01-13T00:00:00+00:00;TRXBEAR/USD;0,03279000;0,03490000;0,02508000;0,02541000;-29,04
2021-01-12T00:00:00+00:00;TRXBEAR/USD;0,03176000;0,03411000;0,02662000;0,03259000;2,55
2021-01-11T00:00:00+00:00;TRXBEAR/USD;0,02357500;0,03611000;0,02332500;0,03176000;25,77
2021-01-10T00:00:00+00:00;TRXBEAR/USD;0,02313000;0,02620500;0,01769500;0,02332500;0,84
2021-01-09T00:00:00+00:00;TRXBEAR/USD;0,03459000;0,03770000;0,02045000;0,02308000;-49,87
2021-01-08T00:00:00+00:00;TRXBEAR/USD;0,03318000;0,04042000;0,03200000;0,03459000;4,08
2021-01-07T00:00:00+00:00;TRXBEAR/USD;0,03638000;0,03807000;0,02672000;0,03318000;-9,64
2021-01-06T00:00:00+00:00;TRXBEAR/USD;0,04648000;0,04942000;0,03492000;0,03638000;-27,76
2021-01-05T00:00:00+00:00;TRXBEAR/USD;0,03780000;0,05213000;0,03780000;0,04648000;18,67
2021-01-04T00:00:00+00:00;TRXBEAR/USD;0,04526000;0,05134000;0,03277000;0,03780000;-19,74
2021-01-03T00:00:00+00:00;TRXBEAR/USD;0,06012500;0,06350000;0,04246000;0,04526000;-32,84
2021-01-02T00:00:00+00:00;TRXBEAR/USD;0,06207500;0,06460000;0,05462500;0,06012500;-3,24
2021-01-01T00:00:00+00:00;TRXBEAR/USD;0,06315000;0,06517500;0,05930000;0,06207500;-1,73
2020-12-31T00:00:00+00:00;TRXBEAR/USD;0,06295000;0,06930000;0,06180000;0,06315000;0,32
2020-12-30T00:00:00+00:00;TRXBEAR/USD;0,05880000;0,06652500;0,05767500;0,06295000;6,59
2020-12-29T00:00:00+00:00;TRXBEAR/USD;0,04927000;0,06429000;0,04585000;0,05880000;16,21
2020-12-28T00:00:00+00:00;TRXBEAR/USD;0,05333000;0,05412500;0,04492000;0,04927000;-8,24
2020-12-27T00:00:00+00:00;TRXBEAR/USD;0,06205000;0,06845000;0,04256000;0,05333000;-16,35
2020-12-26T00:00:00+00:00;TRXBEAR/USD;0,05700000;0,06422500;0,05627500;0,06205000;8,14
2020-12-25T00:00:00+00:00;TRXBEAR/USD;0,06262500;0,06637500;0,05067500;0,05700000;-9,87
2020-12-24T00:00:00+00:00;TRXBEAR/USD;0,07810000;0,08310000;0,06260000;0,06262500;-24,71
2020-12-23T00:00:00+00:00;TRXBEAR/USD;0,05650000;0,08602500;0,05547500;0,07925000;28,71
2020-12-22T00:00:00+00:00;TRXBEAR/USD;0,05357500;0,06207500;0,05232500;0,05627500;4,8
2020-12-21T00:00:00+00:00;TRXBEAR/USD;0,04515000;0,05502000;0,04203000;0,05357500;15,73
2020-12-20T00:00:00+00:00;TRXBEAR/USD;0,04447000;0,04877000;0,03744000;0,04510000;1,4
2020-12-19T00:00:00+00:00;TRXBEAR/USD;0,04548000;0,04620000;0,04136000;0,04447000;-2,27
2020-12-18T00:00:00+00:00;TRXBEAR/USD;0,04720000;0,04969000;0,04429000;0,04548000;-3,78
2020-12-17T00:00:00+00:00;TRXBEAR/USD;0,04451000;0,04935000;0,04049000;0,04720000;5,7
2020-12-16T00:00:00+00:00;TRXBEAR/USD;0,05740000;0,05977500;0,04451000;0,04451000;-28,96
2020-12-15T00:00:00+00:00;TRXBEAR/USD;0,05832500;0,06072500;0,05595000;0,05740000;-1,61
2020-12-14T00:00:00+00:00;TRXBEAR/USD;0,05790000;0,06090000;0,05770000;0,05832500;0,73
2020-12-13T00:00:00+00:00;TRXBEAR/USD;0,06160000;0,06230000;0,05485000;0,05790000;-6,39
2020-12-12T00:00:00+00:00;TRXBEAR/USD;0,06722500;0,06812500;0,06047500;0,06160000;-9,13
2020-12-11T00:00:00+00:00;TRXBEAR/USD;0,06542500;0,07005000;0,06505000;0,06722500;2,68
2020-12-10T00:00:00+00:00;TRXBEAR/USD;0,06195000;0,06745000;0,06140000;0,06542500;5,31
2020-12-09T00:00:00+00:00;TRXBEAR/USD;0,06830000;0,07440000;0,06100000;0,06195000;-10,25
2020-12-08T00:00:00+00:00;TRXBEAR/USD;0,05505000;0,07020000;0,05505000;0,06830000;19,4
2020-12-07T00:00:00+00:00;TRXBEAR/USD;0,05197000;0,05685000;0,05166000;0,05505000;5,59
2020-12-06T00:00:00+00:00;TRXBEAR/USD;0,05405000;0,05635000;0,05155000;0,05197000;-4,0
2020-12-05T00:00:00+00:00;TRXBEAR/USD;0,06120000;0,06267500;0,05380000;0,05405000;-13,23
2020-12-04T00:00:00+00:00;TRXBEAR/USD;0,05072000;0,06325000;0,05040000;0,06120000;17,12
2020-12-03T00:00:00+00:00;TRXBEAR/USD;0,05412500;0,05500000;0,04917000;0,05072000;-6,71
2020-12-02T00:00:00+00:00;TRXBEAR/USD;0,05912500;0,06162500;0,05235000;0,05412500;-9,24
2020-12-01T00:00:00+00:00;TRXBEAR/USD;0,04906000;0,06357000;0,04121000;0,05912500;17,02
2020-11-30T00:00:00+00:00;TRXBEAR/USD;0,05997500;0,06210000;0,04667000;0,04906000;-22,25
2020-11-29T00:00:00+00:00;TRXBEAR/USD;0,06120000;0,06637500;0,05710000;0,05997500;-2,04
2020-11-28T00:00:00+00:00;TRXBEAR/USD;0,06942500;0,07412500;0,05632500;0,06120000;-13,44
2020-11-27T00:00:00+00:00;TRXBEAR/USD;0,07147500;0,07807500;0,06575000;0,06942500;-2,95
2020-11-26T00:00:00+00:00;TRXBEAR/USD;0,05216000;0,07992500;0,04735000;0,07147500;27,02
2020-11-25T00:00:00+00:00;TRXBEAR/USD;0,04401000;0,05660000;0,03629000;0,05216000;15,62
2020-11-24T00:00:00+00:00;TRXBEAR/USD;0,06897500;0,06965000;0,03300000;0,04401000;-56,73
2020-11-23T00:00:00+00:00;TRXBEAR/USD;0,09400000;0,09890000;0,06802500;0,06897500;-36,28
2020-11-22T00:00:00+00:00;TRXBEAR/USD;0,08050000;0,10587500;0,07837500;0,09400000;14,36
2020-11-21T00:00:00+00:00;TRXBEAR/USD;0,13540000;0,13605000;0,07890000;0,08050000;-68,2
2020-11-20T00:00:00+00:00;TRXBEAR/USD;0,14315000;0,14455000;0,13010000;0,13540000;-5,72
2020-11-19T00:00:00+00:00;TRXBEAR/USD;0,12805000;0,14880000;0,12665000;0,14315000;10,55
2020-11-18T00:00:00+00:00;TRXBEAR/USD;0,13325000;0,16000000;0,12425000;0,12805000;-4,06
2020-11-17T00:00:00+00:00;TRXBEAR/USD;0,15030000;0,15050000;0,13025000;0,13325000;-12,8
2020-11-16T00:00:00+00:00;TRXBEAR/USD;0,15335000;0,15745000;0,14470000;0,15030000;-2,03
2020-11-15T00:00:00+00:00;TRXBEAR/USD;0,15620000;0,15905000;0,14400000;0,15335000;-1,86
2020-11-14T00:00:00+00:00;TRXBEAR/USD;0,15200000;0,15840000;0,15095000;0,15620000;2,69
2020-11-13T00:00:00+00:00;TRXBEAR/USD;0,16075000;0,16290000;0,15050000;0,15200000;-5,76
2020-11-12T00:00:00+00:00;TRXBEAR/USD;0,16005000;0,16340000;0,15570000;0,16080000;0,47
2020-11-11T00:00:00+00:00;TRXBEAR/USD;0,16170000;0,16170000;0,15395000;0,16005000;-1,03
2020-11-10T00:00:00+00:00;TRXBEAR/USD;0,16395000;0,16625000;0,15370000;0,16170000;-1,39
2020-11-09T00:00:00+00:00;TRXBEAR/USD;0,15315000;0,16520000;0,14870000;0,16395000;6,59
2020-11-08T00:00:00+00:00;TRXBEAR/USD;0,16570000;0,16785000;0,14695000;0,15315000;-8,19
2020-11-07T00:00:00+00:00;TRXBEAR/USD;0,14355000;0,17230000;0,13390000;0,16570000;13,37
2020-11-06T00:00:00+00:00;TRXBEAR/USD;0,16790000;0,16810000;0,14355000;0,14355000;-16,96
2020-11-05T00:00:00+00:00;TRXBEAR/USD;0,18635000;0,18815000;0,16520000;0,16790000;-10,99
2020-11-04T00:00:00+00:00;TRXBEAR/USD;0,18165000;0,19795000;0,18105000;0,18635000;2,52
2020-11-03T00:00:00+00:00;TRXBEAR/USD;0,18220000;0,21380000;0,18045000;0,18165000;-0,3
2020-11-02T00:00:00+00:00;TRXBEAR/USD;0,15905000;0,18310000;0,15610000;0,18220000;12,71
2020-11-01T00:00:00+00:00;TRXBEAR/USD;0,15855000;0,16495000;0,15570000;0,15905000;0,31
2020-10-31T00:00:00+00:00;TRXBEAR/USD;0,16245000;0,16395000;0,14150000;0,15855000;-2,46
2020-10-30T00:00:00+00:00;TRXBEAR/USD;0,14580000;0,16650000;0,14470000;0,16245000;10,25
2020-10-29T00:00:00+00:00;TRXBEAR/USD;0,14075000;0,14905000;0,13555000;0,14580000;3,46
2020-10-28T00:00:00+00:00;TRXBEAR/USD;0,14005000;0,14520000;0,13425000;0,14075000;0,5
2020-10-27T00:00:00+00:00;TRXBEAR/USD;0,14305000;0,14375000;0,13715000;0,14005000;-2,14
2020-10-26T00:00:00+00:00;TRXBEAR/USD;0,14040000;0,14945000;0,13220000;0,14305000;1,85
2020-10-25T00:00:00+00:00;TRXBEAR/USD;0,13890000;0,14570000;0,13620000;0,14040000;1,07
2020-10-24T00:00:00+00:00;TRXBEAR/USD;0,14510000;0,14660000;0,13575000;0,13890000;-4,46
2020-10-23T00:00:00+00:00;TRXBEAR/USD;0,13940000;0,15200000;0,13890000;0,14510000;3,93
2020-10-22T00:00:00+00:00;TRXBEAR/USD;0,14535000;0,14555000;0,13300000;0,13940000;-4,27
2020-10-21T00:00:00+00:00;TRXBEAR/USD;0,16035000;0,16050000;0,13000000;0,14535000;-10,32
2020-10-20T00:00:00+00:00;TRXBEAR/USD;0,16945000;0,18090000;0,11565000;0,16035000;-5,68
2020-10-19T00:00:00+00:00;TRXBEAR/USD;0,16905000;0,17445000;0,16565000;0,16945000;0,24
2020-10-18T00:00:00+00:00;TRXBEAR/USD;0,17370000;0,17420000;0,16745000;0,16905000;-2,75
2020-10-17T00:00:00+00:00;TRXBEAR/USD;0,17390000;0,17740000;0,16755000;0,17370000;-0,12
2020-10-16T00:00:00+00:00;TRXBEAR/USD;0,15975000;0,17725000;0,15845000;0,17390000;8,14
2020-10-15T00:00:00+00:00;TRXBEAR/USD;0,15585000;0,16375000;0,15555000;0,15975000;2,44
2020-10-14T00:00:00+00:00;TRXBEAR/USD;0,15535000;0,16295000;0,14885000;0,15585000;0,32
2020-10-13T00:00:00+00:00;TRXBEAR/USD;0,15030000;0,15910000;0,14650000;0,15530000;3,22
2020-10-12T00:00:00+00:00;TRXBEAR/USD;0,15990000;0,17225000;0,13680000;0,15030000;-6,39
2020-10-11T00:00:00+00:00;TRXBEAR/USD;0,16175000;0,16770000;0,15540000;0,15990000;-1,16
2020-10-10T00:00:00+00:00;TRXBEAR/USD;0,16450000;0,16465000;0,14330000;0,16175000;-1,7
2020-10-09T00:00:00+00:00;TRXBEAR/USD;0,17540000;0,17805000;0,16140000;0,16450000;-6,63
2020-10-08T00:00:00+00:00;TRXBEAR/USD;0,18135000;0,19140000;0,17075000;0,17540000;-3,39
2020-10-07T00:00:00+00:00;TRXBEAR/USD;0,18030000;0,19095000;0,17725000;0,18135000;0,58
2020-10-06T00:00:00+00:00;TRXBEAR/USD;0,16375000;0,18490000;0,16180000;0,18030000;9,18
2020-10-05T00:00:00+00:00;TRXBEAR/USD;0,16510000;0,17315000;0,15745000;0,16375000;-0,82
2020-10-04T00:00:00+00:00;TRXBEAR/USD;0,15165000;0,17415000;0,14865000;0,16510000;8,15
2020-10-03T00:00:00+00:00;TRXBEAR/USD;0,18135000;0,18435000;0,13255000;0,15165000;-19,58
2020-10-02T00:00:00+00:00;TRXBEAR/USD;0,18450000;0,22315000;0,17715000;0,18135000;-1,74
2020-10-01T00:00:00+00:00;TRXBEAR/USD;0,17630000;0,19890000;0,16545000;0,18450000;4,44
2020-09-30T00:00:00+00:00;TRXBEAR/USD;0,17370000;0,18510000;0,16915000;0,17630000;1,47
2020-09-29T00:00:00+00:00;TRXBEAR/USD;0,17650000;0,19080000;0,17250000;0,17370000;-1,61
2020-09-28T00:00:00+00:00;TRXBEAR/USD;0,16965000;0,17765000;0,15850000;0,17650000;3,88
2020-09-27T00:00:00+00:00;TRXBEAR/USD;0,15900000;0,17955000;0,15250000;0,16965000;6,28
2020-09-26T00:00:00+00:00;TRXBEAR/USD;0,16010000;0,16215000;0,12850000;0,15900000;-0,69
2020-09-25T00:00:00+00:00;TRXBEAR/USD;0,17915000;0,19245000;0,15465000;0,16010000;-11,9
2020-09-24T00:00:00+00:00;TRXBEAR/USD;0,21625000;0,22565000;0,17705000;0,17915000;-20,71
2020-09-23T00:00:00+00:00;TRXBEAR/USD;0,21390000;0,22170000;0,18545000;0,21625000;1,09
2020-09-22T00:00:00+00:00;TRXBEAR/USD;0,21630000;0,22230000;0,20465000;0,21390000;-1,12
2020-09-21T00:00:00+00:00;TRXBEAR/USD;0,17535000;0,22160000;0,16480000;0,21630000;18,93
2020-09-20T00:00:00+00:00;TRXBEAR/USD;0,16320000;0,18475000;0,16240000;0,17535000;6,93
2020-09-19T00:00:00+00:00;TRXBEAR/USD;0,14370000;0,16455000;0,13945000;0,16320000;11,95
2020-09-18T00:00:00+00:00;TRXBEAR/USD;0,15920000;0,16405000;0,13045000;0,14370000;-10,79
2020-09-17T00:00:00+00:00;TRXBEAR/USD;0,18350000;0,18350000;0,15550000;0,15920000;-15,26
2020-09-16T00:00:00+00:00;TRXBEAR/USD;0,17555000;0,19890000;0,14295000;0,18350000;4,33
2020-09-15T00:00:00+00:00;TRXBEAR/USD;0,14145000;0,18085000;0,14045000;0,17555000;19,42
2020-09-14T00:00:00+00:00;TRXBEAR/USD;0,14165000;0,14940000;0,12800000;0,14145000;-0,14
2020-09-13T00:00:00+00:00;TRXBEAR/USD;0,11970000;0,15420000;0,11840000;0,14165000;15,5
2020-09-12T00:00:00+00:00;TRXBEAR/USD;0,11310000;0,12650000;0,11215000;0,11970000;5,51
2020-09-11T00:00:00+00:00;TRXBEAR/USD;0,11865000;0,13465000;0,10285000;0,11310000;-4,91
2020-09-10T00:00:00+00:00;TRXBEAR/USD;0,11030000;0,12325000;0,09745000;0,11865000;7,04
2020-09-09T00:00:00+00:00;TRXBEAR/USD;0,10100000;0,11322500;0,09442500;0,11030000;8,43
2020-09-08T00:00:00+00:00;TRXBEAR/USD;0,13435000;0,14355000;0,09845000;0,10100000;-33,02
2020-09-07T00:00:00+00:00;TRXBEAR/USD;0,15050000;0,19310000;0,13200000;0,13435000;-12,02
2020-09-06T00:00:00+00:00;TRXBEAR/USD;0,16435000;0,18235000;0,13950000;0,15050000;-9,2
2020-09-05T00:00:00+00:00;TRXBEAR/USD;0,11280000;0,19060000;0,10050000;0,16435000;31,37
2020-09-04T00:00:00+00:00;TRXBEAR/USD;0,09610000;0,13237500;0,06725000;0,11280000;14,8
2020-09-03T00:00:00+00:00;TRXBEAR/USD;0,20760000;0,21420000;0,05835000;0,09610000;-116,02
2020-09-02T00:00:00+00:00;TRXBEAR/USD;0,22085000;0,28480000;0,15810000;0,20760000;-6,38
2020-09-01T00:00:00+00:00;TRXBEAR/USD;0,40280000;0,44740000;0,19785000;0,22085000;-82,39
2020-08-31T00:00:00+00:00;TRXBEAR/USD;0,53150000;0,59470000;0,37730000;0,40280000;-31,95
2020-08-30T00:00:00+00:00;TRXBEAR/USD;0,69150000;0,69400000;0,45425000;0,53150000;-30,1
2020-08-29T00:00:00+00:00;TRXBEAR/USD;0,79250000;0,80425000;0,66450000;0,69150000;-14,61
2020-08-28T00:00:00+00:00;TRXBEAR/USD;0,89525000;0,93975000;0,75125000;0,79250000;-12,97
2020-08-27T00:00:00+00:00;TRXBEAR/USD;0,83250000;0,99700000;0,74575000;0,89525000;7,01
2020-08-26T00:00:00+00:00;TRXBEAR/USD;0,91750000;0,93675000;0,80375000;0,83250000;-10,21
2020-08-25T00:00:00+00:00;TRXBEAR/USD;0,73675000;0,98700000;0,70525000;0,91750000;19,7
2020-08-24T00:00:00+00:00;TRXBEAR/USD;0,81150000;0,85450000;0,67600000;0,73675000;-10,15
2020-08-23T00:00:00+00:00;TRXBEAR/USD;0,74150000;0,87850000;0,72950000;0,81150000;8,63
2020-08-22T00:00:00+00:00;TRXBEAR/USD;0,83450000;0,92725000;0,70675000;0,74150000;-12,54
2020-08-21T00:00:00+00:00;TRXBEAR/USD;0,62000000;0,84950000;0,60225000;0,83450000;25,7
2020-08-20T00:00:00+00:00;TRXBEAR/USD;0,69500000;0,69650000;0,59775000;0,62000000;-12,1
2020-08-19T00:00:00+00:00;TRXBEAR/USD;0,56150000;0,74900000;0,54925000;0,69500000;19,21
2020-08-18T00:00:00+00:00;TRXBEAR/USD;0,48220000;0,59390000;0,38660000;0,56150000;14,12
2020-08-17T00:00:00+00:00;TRXBEAR/USD;0,61800000;0,71700000;0,43550000;0,48220000;-28,16
2020-08-16T00:00:00+00:00;TRXBEAR/USD;0,90000000;1,02525000;0,59750000;0,61800000;-45,63
2020-08-15T00:00:00+00:00;TRXBEAR/USD;0,95175000;1,07250000;0,85075000;0,90000000;-5,75
2020-08-14T00:00:00+00:00;TRXBEAR/USD;1,36650000;1,37300000;0,84325000;0,95175000;-43,58
2020-08-13T00:00:00+00:00;TRXBEAR/USD;1,99300000;2,17200000;1,26500000;1,36650000;-45,85
2020-08-12T00:00:00+00:00;TRXBEAR/USD;2,02400000;2,28400000;1,92700000;1,99300000;-1,56
2020-08-11T00:00:00+00:00;TRXBEAR/USD;1,69150000;2,18050000;1,68100000;2,02400000;16,43
2020-08-10T00:00:00+00:00;TRXBEAR/USD;2,00100000;2,00300000;1,61300000;1,69150000;-18,3
2020-08-09T00:00:00+00:00;TRXBEAR/USD;2,02400000;2,09800000;1,95700000;2,00100000;-1,15
2020-08-08T00:00:00+00:00;TRXBEAR/USD;2,23200000;2,28500000;1,98600000;2,02400000;-10,28
2020-08-07T00:00:00+00:00;TRXBEAR/USD;2,09300000;2,55450000;1,81950000;2,23200000;6,23
2020-08-06T00:00:00+00:00;TRXBEAR/USD;2,07300000;2,18300000;2,00550000;2,09300000;0,96
2020-08-05T00:00:00+00:00;TRXBEAR/USD;2,06300000;2,14650000;1,94700000;2,07300000;0,48
2020-08-04T00:00:00+00:00;TRXBEAR/USD;2,22150000;2,22200000;1,95500000;2,06300000;-7,68
2020-08-03T00:00:00+00:00;TRXBEAR/USD;2,52600000;2,57700000;2,13950000;2,22150000;-13,71
2020-08-02T00:00:00+00:00;TRXBEAR/USD;2,06500000;2,75800000;1,81750000;2,52600000;18,25
2020-08-01T00:00:00+00:00;TRXBEAR/USD;2,35200000;2,44000000;1,96500000;2,06500000;-13,9
2020-07-31T00:00:00+00:00;TRXBEAR/USD;2,54600000;2,62500000;2,32400000;2,35200000;-8,25
2020-07-30T00:00:00+00:00;TRXBEAR/USD;2,54400000;2,74200000;2,45800000;2,54600000;0,08
2020-07-29T00:00:00+00:00;TRXBEAR/USD;2,56500000;2,60800000;2,22800000;2,54400000;-0,83
2020-07-28T00:00:00+00:00;TRXBEAR/USD;2,70500000;2,92700000;2,39500000;2,56500000;-5,46
2020-07-27T00:00:00+00:00;TRXBEAR/USD;2,80000000;3,22200000;2,51900000;2,70500000;-3,51
2020-07-26T00:00:00+00:00;TRXBEAR/USD;2,69700000;2,90800000;2,44300000;2,80000000;3,68
2020-07-25T00:00:00+00:00;TRXBEAR/USD;3,13700000;3,14300000;2,67700000;2,69700000;-16,31
2020-07-24T00:00:00+00:00;TRXBEAR/USD;3,15600000;3,36600000;2,96100000;3,13700000;-0,61
2020-07-23T00:00:00+00:00;TRXBEAR/USD;3,11800000;3,22000000;3,05700000;3,15600000;1,2
2020-07-22T00:00:00+00:00;TRXBEAR/USD;3,32300000;3,46600000;3,11200000;3,11800000;-6,57
2020-07-21T00:00:00+00:00;TRXBEAR/USD;3,59900000;3,61300000;3,26200000;3,32300000;-8,31
2020-07-20T00:00:00+00:00;TRXBEAR/USD;3,38300000;3,73900000;3,38100000;3,59900000;6,0
2020-07-19T00:00:00+00:00;TRXBEAR/USD;3,45400000;3,60600000;3,36200000;3,38300000;-2,1
2020-07-18T00:00:00+00:00;TRXBEAR/USD;3,62000000;3,72300000;3,45100000;3,45400000;-4,81
2020-07-17T00:00:00+00:00;TRXBEAR/USD;3,63000000;3,71000000;3,52100000;3,62000000;-0,28
2020-07-16T00:00:00+00:00;TRXBEAR/USD;3,39400000;3,90500000;3,36400000;3,63000000;6,5
2020-07-15T00:00:00+00:00;TRXBEAR/USD;3,32400000;3,45000000;3,27700000;3,39400000;2,06
2020-07-14T00:00:00+00:00;TRXBEAR/USD;3,41500000;3,67800000;3,28200000;3,32400000;-2,74
2020-07-13T00:00:00+00:00;TRXBEAR/USD;3,10500000;3,69900000;2,98100000;3,41500000;9,08
2020-07-12T00:00:00+00:00;TRXBEAR/USD;2,99200000;3,22500000;2,92300000;3,10500000;3,64
2020-07-11T00:00:00+00:00;TRXBEAR/USD;3,11100000;3,11800000;2,73500000;2,99200000;-3,98
2020-07-10T00:00:00+00:00;TRXBEAR/USD;2,92300000;3,28600000;2,86100000;3,11100000;6,04
2020-07-09T00:00:00+00:00;TRXBEAR/USD;3,37000000;3,57300000;2,68100000;2,92300000;-15,29
2020-07-08T00:00:00+00:00;TRXBEAR/USD;3,87500000;4,10900000;3,22200000;3,37000000;-14,99
2020-07-07T00:00:00+00:00;TRXBEAR/USD;3,42200000;3,94700000;3,35200000;3,87500000;11,69
2020-07-06T00:00:00+00:00;TRXBEAR/USD;4,25900000;4,26300000;3,34500000;3,42200000;-24,46
2020-07-05T00:00:00+00:00;TRXBEAR/USD;4,34900000;4,70800000;4,19800000;4,25900000;-2,11
2020-07-04T00:00:00+00:00;TRXBEAR/USD;4,53300000;4,55200000;4,28300000;4,34900000;-4,23
2020-07-03T00:00:00+00:00;TRXBEAR/USD;4,57600000;4,62100000;4,31800000;4,53300000;-0,95
2020-07-02T00:00:00+00:00;TRXBEAR/USD;4,37400000;4,90200000;4,06600000;4,57600000;4,41
2020-07-01T00:00:00+00:00;TRXBEAR/USD;4,78000000;4,92600000;4,24500000;4,37400000;-9,28
2020-06-30T00:00:00+00:00;TRXBEAR/USD;4,96000000;4,96000000;4,59700000;4,78000000;-3,77
2020-06-29T00:00:00+00:00;TRXBEAR/USD;5,38250000;5,43500000;4,77100000;4,96000000;-8,52
2020-06-28T00:00:00+00:00;TRXBEAR/USD;5,78250000;5,91000000;5,17750000;5,38250000;-7,43
2020-06-27T00:00:00+00:00;TRXBEAR/USD;5,33700000;6,36500000;5,20750000;5,78250000;7,7
2020-06-26T00:00:00+00:00;TRXBEAR/USD;5,26500000;5,51700000;5,15300000;5,33700000;1,35
2020-06-25T00:00:00+00:00;TRXBEAR/USD;5,26600000;5,77700000;5,09300000;5,26500000;-0,02
2020-06-24T00:00:00+00:00;TRXBEAR/USD;4,74000000;5,44000000;4,46900000;5,26600000;9,99
2020-06-23T00:00:00+00:00;TRXBEAR/USD;4,86100000;4,96900000;4,50200000;4,74000000;-2,55
2020-06-22T00:00:00+00:00;TRXBEAR/USD;5,44000000;5,44500000;4,78750000;4,86100000;-11,91
2020-06-21T00:00:00+00:00;TRXBEAR/USD;5,26250000;5,46900000;5,22600000;5,44000000;3,26
2020-06-20T00:00:00+00:00;TRXBEAR/USD;5,39000000;5,62500000;5,17500000;5,26250000;-2,42
2020-06-19T00:00:00+00:00;TRXBEAR/USD;5,26300000;5,55300000;5,10500000;5,39000000;2,36
2020-06-18T00:00:00+00:00;TRXBEAR/USD;5,06400000;5,43400000;5,04700000;5,26300000;3,78
2020-06-17T00:00:00+00:00;TRXBEAR/USD;5,13300000;5,38800000;4,78900000;5,06400000;-1,36
2020-06-16T00:00:00+00:00;TRXBEAR/USD;5,14500000;5,25900000;4,96700000;5,13300000;-0,23
2020-06-15T00:00:00+00:00;TRXBEAR/USD;5,07700000;6,17800000;5,05600000;5,14500000;1,32
2020-06-14T00:00:00+00:00;TRXBEAR/USD;4,64200000;5,21700000;4,64200000;5,07700000;8,57
2020-06-13T00:00:00+00:00;TRXBEAR/USD;4,91000000;5,11700000;4,61100000;4,64200000;-5,77
2020-06-12T00:00:00+00:00;TRXBEAR/USD;5,67750000;5,76750000;4,62000000;4,91000000;-15,63
2020-06-11T00:00:00+00:00;TRXBEAR/USD;4,31600000;6,22400000;4,21400000;5,67750000;23,98
2020-06-10T00:00:00+00:00;TRXBEAR/USD;4,32600000;4,61600000;4,23700000;4,31600000;-0,23
2020-06-09T00:00:00+00:00;TRXBEAR/USD;4,04200000;4,40000000;4,01000000;4,32600000;6,56
2020-06-08T00:00:00+00:00;TRXBEAR/USD;3,90000000;4,19600000;3,64100000;4,04200000;3,51
2020-06-07T00:00:00+00:00;TRXBEAR/USD;4,92200000;5,06000000;3,88500000;3,90000000;-26,21
2020-06-06T00:00:00+00:00;TRXBEAR/USD;5,04700000;5,37800000;4,80300000;4,91900000;-2,6
2020-06-05T00:00:00+00:00;TRXBEAR/USD;5,03300000;5,16200000;4,67700000;5,04700000;0,28
2020-06-04T00:00:00+00:00;TRXBEAR/USD;5,00600000;5,57800000;4,61100000;5,03300000;0,54
2020-06-03T00:00:00+00:00;TRXBEAR/USD;5,57250000;5,92000000;4,93750000;5,00600000;-11,32
2020-06-02T00:00:00+00:00;TRXBEAR/USD;4,82100000;6,36700000;4,48400000;5,57250000;13,49
2020-06-01T00:00:00+00:00;TRXBEAR/USD;6,35750000;6,45500000;4,82100000;4,82100000;-31,87
2020-05-31T00:00:00+00:00;TRXBEAR/USD;5,76750000;6,86000000;4,87500000;6,35750000;9,28
2020-05-30T00:00:00+00:00;TRXBEAR/USD;7,75500000;7,83250000;5,67500000;5,76750000;-34,46
2020-05-29T00:00:00+00:00;TRXBEAR/USD;7,54500000;7,84750000;7,18750000;7,75500000;2,71
2020-05-28T00:00:00+00:00;TRXBEAR/USD;8,19000000;8,50250000;7,47250000;7,54500000;-8,55
2020-05-27T00:00:00+00:00;TRXBEAR/USD;8,44500000;8,59000000;7,80250000;8,19000000;-3,11
2020-05-26T00:00:00+00:00;TRXBEAR/USD;8,30000000;9,04500000;8,20000000;8,44500000;1,72
2020-05-25T00:00:00+00:00;TRXBEAR/USD;9,32750000;9,56250000;8,21750000;8,30000000;-12,38
2020-05-24T00:00:00+00:00;TRXBEAR/USD;8,03500000;9,35000000;7,54500000;9,32750000;13,86
2020-05-23T00:00:00+00:00;TRXBEAR/USD;8,26750000;8,28250000;6,93500000;8,03500000;-2,89
2020-05-22T00:00:00+00:00;TRXBEAR/USD;9,58750000;9,86250000;7,86250000;8,26750000;-15,97
2020-05-21T00:00:00+00:00;TRXBEAR/USD;8,36500000;10,26250000;8,21750000;9,58750000;12,75
2020-05-20T00:00:00+00:00;TRXBEAR/USD;7,47250000;8,90500000;7,47000000;8,36500000;10,67
2020-05-19T00:00:00+00:00;TRXBEAR/USD;7,69500000;8,20000000;7,40000000;7,47250000;-2,98
2020-05-18T00:00:00+00:00;TRXBEAR/USD;8,33000000;8,34000000;7,37000000;7,70000000;-8,18
2020-05-17T00:00:00+00:00;TRXBEAR/USD;8,41500000;8,49500000;8,03750000;8,33000000;-1,02
2020-05-16T00:00:00+00:00;TRXBEAR/USD;8,63750000;8,75500000;8,19250000;8,41500000;-2,64
2020-05-15T00:00:00+00:00;TRXBEAR/USD;7,92000000;9,02750000;7,83000000;8,63750000;8,31
2020-05-14T00:00:00+00:00;TRXBEAR/USD;8,44500000;8,76000000;7,81750000;7,92000000;-6,63
2020-05-13T00:00:00+00:00;TRXBEAR/USD;9,19500000;9,31250000;7,84750000;8,43250000;-9,04
2020-05-12T00:00:00+00:00;TRXBEAR/USD;10,79000000;10,94500000;8,59000000;9,19500000;-17,35
2020-05-11T00:00:00+00:00;TRXBEAR/USD;10,23750000;12,47750000;9,82750000;10,79000000;5,12
2020-05-10T00:00:00+00:00;TRXBEAR/USD;7,64500000;12,71250000;7,62750000;10,23750000;25,32
2020-05-09T00:00:00+00:00;TRXBEAR/USD;7,33000000;7,68750000;6,97750000;7,64500000;4,12
2020-05-08T00:00:00+00:00;TRXBEAR/USD;7,70000000;7,85000000;7,02250000;7,33000000;-5,05
2020-05-07T00:00:00+00:00;TRXBEAR/USD;8,59500000;8,82500000;7,41250000;7,70000000;-11,62
2020-05-06T00:00:00+00:00;TRXBEAR/USD;8,06750000;8,63000000;7,46500000;8,59500000;6,14
2020-05-05T00:00:00+00:00;TRXBEAR/USD;7,64750000;8,42250000;7,04000000;8,06750000;5,21
2020-05-04T00:00:00+00:00;TRXBEAR/USD;8,04500000;9,29250000;7,39000000;7,64750000;-5,2
2020-05-03T00:00:00+00:00;TRXBEAR/USD;7,55250000;8,64250000;7,15250000;8,04500000;6,12
2020-05-02T00:00:00+00:00;TRXBEAR/USD;8,34750000;8,54250000;7,47500000;7,55250000;-10,53
2020-05-01T00:00:00+00:00;TRXBEAR/USD;9,86750000;9,86750000;7,59250000;8,34750000;-18,21
2020-04-30T00:00:00+00:00;TRXBEAR/USD;8,22500000;10,16000000;7,52000000;9,86750000;16,65
2020-04-29T00:00:00+00:00;TRXBEAR/USD;10,27000000;10,57250000;7,76750000;8,22500000;-24,86
2020-04-28T00:00:00+00:00;TRXBEAR/USD;12,15000000;12,71500000;10,08500000;10,27000000;-18,31
2020-04-27T00:00:00+00:00;TRXBEAR/USD;13,00000000;13,20500000;11,96000000;12,15000000;-7,0
2020-04-26T00:00:00+00:00;TRXBEAR/USD;13,93000000;14,22500000;12,92000000;13,00000000;-7,15
2020-04-25T00:00:00+00:00;TRXBEAR/USD;14,07000000;15,63000000;12,98500000;13,93000000;-1,01
2020-04-24T00:00:00+00:00;TRXBEAR/USD;15,08000000;15,12000000;12,66000000;14,07000000;-7,18
2020-04-23T00:00:00+00:00;TRXBEAR/USD;18,00000000;18,75000000;14,18500000;15,08000000;-19,36
2020-04-22T00:00:00+00:00;TRXBEAR/USD;20,49000000;20,83000000;17,22000000;18,00000000;-13,83
2020-04-21T00:00:00+00:00;TRXBEAR/USD;20,97500000;21,45500000;19,04000000;20,49000000;-2,37
2020-04-20T00:00:00+00:00;TRXBEAR/USD;18,87000000;21,80500000;17,68500000;20,97500000;10,04
2020-04-19T00:00:00+00:00;TRXBEAR/USD;17,05500000;19,43000000;16,71000000;18,87000000;9,62
2020-04-18T00:00:00+00:00;TRXBEAR/USD;19,41000000;19,69000000;16,44000000;17,05500000;-13,81
2020-04-17T00:00:00+00:00;TRXBEAR/USD;18,86500000;20,29000000;18,61000000;19,41000000;2,81
2020-04-16T00:00:00+00:00;TRXBEAR/USD;24,42000000;26,81000000;17,96500000;18,86500000;-29,45
2020-04-15T00:00:00+00:00;TRXBEAR/USD;23,06000000;24,79000000;22,27000000;24,42000000;5,57
2020-04-14T00:00:00+00:00;TRXBEAR/USD;22,44000000;23,38500000;21,30000000;23,06000000;2,69
2020-04-13T00:00:00+00:00;TRXBEAR/USD;22,07500000;25,69500000;21,99500000;22,44000000;1,63
2020-04-12T00:00:00+00:00;TRXBEAR/USD;23,37000000;24,20500000;19,09000000;22,07500000;-5,87
2020-04-11T00:00:00+00:00;TRXBEAR/USD;23,51500000;24,42500000;21,63000000;23,38500000;-0,56
2020-04-10T00:00:00+00:00;TRXBEAR/USD;19,29000000;25,41500000;19,14000000;23,52000000;17,98
2020-04-09T00:00:00+00:00;TRXBEAR/USD;18,31500000;20,43500000;17,83500000;19,29000000;5,05
2020-04-08T00:00:00+00:00;TRXBEAR/USD;20,47500000;20,73000000;18,00000000;18,31500000;-11,79
2020-04-07T00:00:00+00:00;TRXBEAR/USD;18,55500000;21,26500000;17,18000000;20,47500000;9,38
2020-04-06T00:00:00+00:00;TRXBEAR/USD;25,15000000;25,17000000;18,23000000;18,55500000;-35,54
2020-04-05T00:00:00+00:00;TRXBEAR/USD;30,40000000;31,34000000;24,17000000;25,15000000;-20,87
2020-04-04T00:00:00+00:00;TRXBEAR/USD;30,80000000;32,15000000;27,93000000;30,40000000;-1,32
2020-04-03T00:00:00+00:00;TRXBEAR/USD;30,62000000;32,05000000;28,92000000;30,78000000;0,52
2020-04-02T00:00:00+00:00;TRXBEAR/USD;35,87000000;36,14000000;26,61000000;30,62000000;-17,15
2020-04-01T00:00:00+00:00;TRXBEAR/USD;35,64000000;39,97000000;35,24000000;35,85000000;0,59
2020-03-31T00:00:00+00:00;TRXBEAR/USD;37,16000000;38,23000000;34,12000000;35,60000000;-4,38
2020-03-30T00:00:00+00:00;TRXBEAR/USD;48,80000000;49,07000000;33,46000000;37,16000000;-31,32
2020-03-29T00:00:00+00:00;TRXBEAR/USD;41,35000000;48,87000000;40,44000000;48,80000000;15,27
2020-03-28T00:00:00+00:00;TRXBEAR/USD;44,79000000;49,98000000;40,02000000;41,35000000;-8,32
2020-03-27T00:00:00+00:00;TRXBEAR/USD;37,93000000;47,55000000;36,18000000;44,74000000;15,22
2020-03-26T00:00:00+00:00;TRXBEAR/USD;44,90000000;46,15000000;37,03000000;37,93000000;-18,38
2020-03-25T00:00:00+00:00;TRXBEAR/USD;43,42000000;48,95000000;40,21000000;44,90000000;3,3
2020-03-24T00:00:00+00:00;TRXBEAR/USD;45,55000000;47,72000000;40,88000000;43,42000000;-4,91
2020-03-23T00:00:00+00:00;TRXBEAR/USD;64,47500000;68,10000000;43,36000000;45,50000000;-41,7
2020-03-22T00:00:00+00:00;TRXBEAR/USD;51,59000000;66,62000000;46,06000000;64,47500000;19,98
2020-03-21T00:00:00+00:00;TRXBEAR/USD;51,64000000;59,27500000;46,15000000;51,66000000;0,04
2020-03-20T00:00:00+00:00;TRXBEAR/USD;51,72000000;61,91000000;37,07000000;51,69000000;-0,06
2020-03-19T00:00:00+00:00;TRXBEAR/USD;82,02500000;84,87500000;44,15000000;51,72000000;-58,59
2020-03-18T00:00:00+00:00;TRXBEAR/USD;87,35000000;97,55000000;80,90000000;81,97500000;-6,56
2020-03-17T00:00:00+00:00;TRXBEAR/USD;104,05000000;108,45000000;79,17500000;87,25000000;-19,26
2020-03-16T00:00:00+00:00;TRXBEAR/USD;87,32500000;134,17500000;85,10000000;103,90000000;15,95
2020-03-15T00:00:00+00:00;TRXBEAR/USD;106,15000000;110,60000000;66,92500000;87,32500000;-21,56
2020-03-14T00:00:00+00:00;TRXBEAR/USD;92,32500000;111,32500000;83,80000000;106,15000000;13,02
2020-03-13T00:00:00+00:00;TRXBEAR/USD;172,95000000;249,55000000;75,25000000;92,25000000;-87,48
2020-03-12T00:00:00+00:00;TRXBEAR/USD;75,00000000;177,30000000;74,12500000;173,20000000;56,7
2020-03-11T00:00:00+00:00;TRXBEAR/USD;71,95000000;86,25000000;69,45000000;75,00000000;4,07
2020-03-10T00:00:00+00:00;TRXBEAR/USD;73,20000000;78,90000000;68,17500000;71,95000000;-1,74
2020-03-09T00:00:00+00:00;TRXBEAR/USD;77,72500000;88,40000000;67,95000000;73,12500000;-6,29
2020-03-08T00:00:00+00:00;TRXBEAR/USD;54,77500000;80,52500000;54,77500000;77,75000000;29,55
2020-03-07T00:00:00+00:00;TRXBEAR/USD;44,73000000;59,96000000;44,64000000;54,77500000;18,34
2020-03-06T00:00:00+00:00;TRXBEAR/USD;48,41000000;48,64000000;44,66000000;44,73000000;-8,23
2020-03-05T00:00:00+00:00;TRXBEAR/USD;49,94000000;50,00000000;44,60000000;48,41000000;-3,16
2020-03-04T00:00:00+00:00;TRXBEAR/USD;55,00000000;57,07500000;49,16000000;49,94000000;-10,13
2020-03-03T00:00:00+00:00;TRXBEAR/USD;51,68000000;57,88000000;51,59000000;55,00000000;6,04
2020-03-02T00:00:00+00:00;TRXBEAR/USD;65,65000000;65,97500000;49,27000000;51,68000000;-27,03
2020-03-01T00:00:00+00:00;TRXBEAR/USD;64,60000000;69,05000000;57,30000000;65,72500000;1,71
2020-02-29T00:00:00+00:00;TRXBEAR/USD;58,12500000;64,77500000;55,05000000;64,55000000;9,95
2020-02-28T00:00:00+00:00;TRXBEAR/USD;59,57500000;69,30000000;55,00000000;58,07500000;-2,58
2020-02-27T00:00:00+00:00;TRXBEAR/USD;69,37500000;76,17500000;54,07500000;59,57500000;-16,45
2020-02-26T00:00:00+00:00;TRXBEAR/USD;49,36000000;75,94000000;47,29000000;69,35000000;28,82
2020-02-25T00:00:00+00:00;TRXBEAR/USD;43,04000000;50,88000000;42,42000000;49,33000000;12,75
2020-02-24T00:00:00+00:00;TRXBEAR/USD;35,27000000;46,68000000;35,20000000;43,04000000;18,05
2020-02-23T00:00:00+00:00;TRXBEAR/USD;44,04000000;44,04000000;34,86000000;35,27000000;-24,87
2020-02-22T00:00:00+00:00;TRXBEAR/USD;43,02000000;46,26000000;42,36000000;44,04000000;2,32
2020-02-21T00:00:00+00:00;TRXBEAR/USD;45,72000000;46,97000000;40,38000000;43,02000000;-6,28
2020-02-20T00:00:00+00:00;TRXBEAR/USD;43,34000000;52,98000000;41,13000000;45,72000000;5,21
2020-02-19T00:00:00+00:00;TRXBEAR/USD;32,82000000;46,12000000;31,39000000;43,34000000;24,27
2020-02-18T00:00:00+00:00;TRXBEAR/USD;37,12000000;43,75000000;30,99000000;32,82000000;-13,1
2020-02-17T00:00:00+00:00;TRXBEAR/USD;34,87000000;44,91000000;33,93000000;37,18000000;6,21
2020-02-16T00:00:00+00:00;TRXBEAR/USD;29,51000000;43,27000000;25,33000000;34,87000000;15,37
2020-02-15T00:00:00+00:00;TRXBEAR/USD;22,50000000;32,01500000;21,89500000;29,51000000;23,75
2020-02-14T00:00:00+00:00;TRXBEAR/USD;31,16000000;31,94000000;21,06000000;22,49000000;-38,55
2020-02-13T00:00:00+00:00;TRXBEAR/USD;32,22000000;35,43000000;24,84000000;31,16000000;-3,4
2020-02-12T00:00:00+00:00;TRXBEAR/USD;37,99000000;37,99000000;30,57000000;32,22000000;-17,91
2020-02-11T00:00:00+00:00;TRXBEAR/USD;41,21000000;45,28000000;36,78000000;37,99000000;-8,48
2020-02-10T00:00:00+00:00;TRXBEAR/USD;41,65000000;48,04000000;39,91000000;41,21000000;-1,07
2020-02-09T00:00:00+00:00;TRXBEAR/USD;42,83000000;45,92000000;37,56000000;41,65000000;-2,83
2020-02-08T00:00:00+00:00;TRXBEAR/USD;41,64000000;51,78000000;39,21000000;42,83000000;2,78
2020-02-07T00:00:00+00:00;TRXBEAR/USD;38,14000000;45,63000000;32,68000000;41,62000000;8,36
2020-02-06T00:00:00+00:00;TRXBEAR/USD;50,95000000;57,22500000;33,88000000;38,14000000;-33,59
2020-02-05T00:00:00+00:00;TRXBEAR/USD;66,75000000;66,75000000;50,62000000;50,95000000;-31,01
2020-02-04T00:00:00+00:00;TRXBEAR/USD;66,45000000;74,75000000;63,82500000;66,75000000;0,45
2020-02-03T00:00:00+00:00;TRXBEAR/USD;67,40000000;70,12500000;60,80000000;66,45000000;-1,43
2020-02-02T00:00:00+00:00;TRXBEAR/USD;67,32500000;72,82500000;58,90000000;67,45000000;0,19
2020-02-01T00:00:00+00:00;TRXBEAR/USD;71,85000000;75,17500000;66,82500000;67,32500000;-6,72
2020-01-31T00:00:00+00:00;TRXBEAR/USD;63,40000000;76,87500000;60,40000000;71,75000000;11,64
2020-01-30T00:00:00+00:00;TRXBEAR/USD;74,67500000;85,40000000;60,42500000;63,45000000;-17,69
2020-01-29T00:00:00+00:00;TRXBEAR/USD;74,30000000;76,20000000;60,92500000;74,72500000;0,57
2020-01-28T00:00:00+00:00;TRXBEAR/USD;98,70000000;98,70000000;69,77500000;74,15000000;-33,11
2020-01-27T00:00:00+00:00;TRXBEAR/USD;103,47500000;104,95000000;95,37500000;98,70000000;-4,84
2020-01-26T00:00:00+00:00;TRXBEAR/USD;119,05000000;120,80000000;103,05000000;103,47500000;-15,05
2020-01-25T00:00:00+00:00;TRXBEAR/USD;113,00000000;122,60000000;112,85000000;119,05000000;5,08
2020-01-24T00:00:00+00:00;TRXBEAR/USD;115,15000000;128,35000000;108,80000000;113,00000000;-1,9
2020-01-23T00:00:00+00:00;TRXBEAR/USD;96,22500000;121,02500000;96,02500000;115,15000000;16,44
2020-01-22T00:00:00+00:00;TRXBEAR/USD;97,37500000;102,45000000;94,10000000;96,22500000;-1,2
2020-01-21T00:00:00+00:00;TRXBEAR/USD;111,25000000;112,60000000;96,90000000;97,37500000;-14,25
2020-01-20T00:00:00+00:00;TRXBEAR/USD;109,65000000;119,75000000;108,00000000;111,25000000;1,44
2020-01-19T00:00:00+00:00;TRXBEAR/USD;93,02500000;118,47500000;86,10000000;109,65000000;15,16
2020-01-18T00:00:00+00:00;TRXBEAR/USD;94,20000000;100,25000000;84,70000000;92,97500000;-1,32
2020-01-17T00:00:00+00:00;TRXBEAR/USD;97,72500000;104,22500000;84,75000000;94,47500000;-3,44
2020-01-16T00:00:00+00:00;TRXBEAR/USD;97,77500000;118,85000000;96,02500000;99,20000000;1,44
2020-01-15T00:00:00+00:00;TRXBEAR/USD;109,75000000;124,50000000;84,05000000;97,72500000;-12,3
2020-01-14T00:00:00+00:00;TRXBEAR/USD;175,00000000;175,60000000;100,70000000;109,65000000;-59,6
2020-01-13T00:00:00+00:00;TRXBEAR/USD;162,20000000;177,30000000;161,40000000;175,00000000;7,31
2020-01-12T00:00:00+00:00;TRXBEAR/USD;177,75000000;183,30000000;160,95000000;162,20000000;-9,59
2020-01-11T00:00:00+00:00;TRXBEAR/USD;173,50000000;181,70000000;162,10000000;177,45000000;2,23
2020-01-10T00:00:00+00:00;TRXBEAR/USD;202,15000000;217,30000000;166,25000000;173,90000000;-16,24
2020-01-09T00:00:00+00:00;TRXBEAR/USD;200,55000000;212,70000000;196,05000000;202,15000000;0,79
2020-01-08T00:00:00+00:00;TRXBEAR/USD;186,90000000;208,75000000;175,65000000;200,55000000;6,81
2020-01-07T00:00:00+00:00;TRXBEAR/USD;174,70000000;197,00000000;170,80000000;186,60000000;6,38

