DATE/TIME;SYMBOL;OPEN;HIGH;LOW;CLOSE;EVOL % CLOSE/HIGH
2022-01-05T00:00:00+00:00;HEDGESHIT/USD;41,03000000;41,13500000;39,81500000;40,17000000;-2,14
2022-01-04T00:00:00+00:00;HEDGESHIT/USD;40,76000000;41,65000000;39,78500000;41,03000000;0,66
2022-01-03T00:00:00+00:00;HEDGESHIT/USD;39,66500000;41,31500000;39,60000000;40,76000000;2,69
2022-01-02T00:00:00+00:00;HEDGESHIT/USD;40,48500000;40,92500000;39,34000000;39,66500000;-2,07
2022-01-01T00:00:00+00:00;HEDGESHIT/USD;41,37500000;41,41500000;40,45000000;40,48500000;-2,2
2021-12-31T00:00:00+00:00;HEDGESHIT/USD;40,47000000;42,53500000;39,97500000;41,37500000;2,19
2021-12-30T00:00:00+00:00;HEDGESHIT/USD;41,72000000;42,50000000;40,47000000;40,47000000;-3,09
2021-12-29T00:00:00+00:00;HEDGESHIT/USD;40,66000000;42,16500000;39,45500000;41,72000000;2,54
2021-12-28T00:00:00+00:00;HEDGESHIT/USD;37,43000000;41,00000000;37,39000000;40,66000000;7,94
2021-12-27T00:00:00+00:00;HEDGESHIT/USD;36,88000000;37,46500000;36,22500000;37,43000000;1,47
2021-12-26T00:00:00+00:00;HEDGESHIT/USD;38,54000000;39,47000000;36,84500000;36,88000000;-4,5
2021-12-25T00:00:00+00:00;HEDGESHIT/USD;40,42000000;40,66500000;38,16500000;38,54000000;-4,88
2021-12-24T00:00:00+00:00;HEDGESHIT/USD;38,91500000;41,20500000;38,63500000;40,42000000;3,72
2021-12-23T00:00:00+00:00;HEDGESHIT/USD;41,80000000;42,29000000;38,75500000;38,91500000;-7,41
2021-12-22T00:00:00+00:00;HEDGESHIT/USD;42,85000000;42,90500000;40,97500000;41,80000000;-2,51
2021-12-21T00:00:00+00:00;HEDGESHIT/USD;46,30500000;46,85500000;42,76500000;42,85000000;-8,06
2021-12-20T00:00:00+00:00;HEDGESHIT/USD;45,02500000;48,07000000;44,58000000;46,30500000;2,76
2021-12-19T00:00:00+00:00;HEDGESHIT/USD;44,41000000;45,09000000;43,76500000;45,02500000;1,37
2021-12-18T00:00:00+00:00;HEDGESHIT/USD;46,22000000;46,91000000;43,99000000;44,41000000;-4,08
2021-12-17T00:00:00+00:00;HEDGESHIT/USD;45,26000000;47,67500000;44,36500000;46,22000000;2,08
2021-12-16T00:00:00+00:00;HEDGESHIT/USD;44,51500000;45,34000000;43,11000000;45,26000000;1,65
2021-12-15T00:00:00+00:00;HEDGESHIT/USD;47,10000000;49,15000000;43,99000000;44,51500000;-5,81
2021-12-14T00:00:00+00:00;HEDGESHIT/USD;48,42500000;49,86500000;46,74500000;47,10000000;-2,81
2021-12-13T00:00:00+00:00;HEDGESHIT/USD;43,55000000;49,27500000;43,22500000;48,42500000;10,07
2021-12-12T00:00:00+00:00;HEDGESHIT/USD;44,15500000;44,90500000;43,09500000;43,55000000;-1,39
2021-12-11T00:00:00+00:00;HEDGESHIT/USD;45,76500000;46,77000000;43,99500000;44,15500000;-3,65
2021-12-10T00:00:00+00:00;HEDGESHIT/USD;44,18000000;45,90500000;41,94500000;45,76500000;3,46
2021-12-09T00:00:00+00:00;HEDGESHIT/USD;40,74500000;44,37000000;40,36500000;44,18000000;7,78
2021-12-08T00:00:00+00:00;HEDGESHIT/USD;41,66000000;43,46000000;40,16000000;40,74500000;-2,25
2021-12-07T00:00:00+00:00;HEDGESHIT/USD;42,33000000;43,97000000;40,14500000;41,66000000;-1,61
2021-12-06T00:00:00+00:00;HEDGESHIT/USD;45,50500000;49,42000000;42,20000000;42,33000000;-7,5
2021-12-05T00:00:00+00:00;HEDGESHIT/USD;45,60500000;45,79500000;45,15000000;45,50500000;-0,22
2021-12-04T00:00:00+00:00;HEDGESHIT/USD;37,74500000;49,35000000;37,74500000;45,60500000;17,23
2021-12-03T00:00:00+00:00;HEDGESHIT/USD;37,60000000;38,56500000;37,32000000;37,74500000;0,38
2021-12-02T00:00:00+00:00;HEDGESHIT/USD;37,00000000;37,90000000;37,00000000;37,60000000;1,6
2021-12-01T00:00:00+00:00;HEDGESHIT/USD;37,00000000;37,10500000;36,44000000;37,00000000;0,0
2021-11-30T00:00:00+00:00;HEDGESHIT/USD;37,00000000;37,41000000;36,78500000;37,00000000;0,0
2021-11-29T00:00:00+00:00;HEDGESHIT/USD;37,00000000;37,00000000;36,68000000;37,00000000;0,0
2021-11-28T00:00:00+00:00;HEDGESHIT/USD;38,51000000;39,88000000;36,79000000;37,00000000;-4,08
2021-11-27T00:00:00+00:00;HEDGESHIT/USD;38,98000000;38,98000000;37,61500000;38,51000000;-1,22
2021-11-26T00:00:00+00:00;HEDGESHIT/USD;35,48500000;38,98000000;35,48500000;38,98000000;8,97
2021-11-25T00:00:00+00:00;HEDGESHIT/USD;37,02500000;37,02500000;33,80500000;35,48500000;-4,34
2021-11-24T00:00:00+00:00;HEDGESHIT/USD;37,84000000;38,39000000;35,27500000;37,02500000;-2,2
2021-11-23T00:00:00+00:00;HEDGESHIT/USD;40,51500000;40,88500000;37,77500000;37,84000000;-7,07
2021-11-22T00:00:00+00:00;HEDGESHIT/USD;40,46500000;42,19500000;39,60000000;40,51500000;0,12
2021-11-21T00:00:00+00:00;HEDGESHIT/USD;39,30500000;40,46500000;39,24500000;40,46500000;2,87
2021-11-20T00:00:00+00:00;HEDGESHIT/USD;39,55500000;40,72500000;39,22000000;39,30500000;-0,64
2021-11-19T00:00:00+00:00;HEDGESHIT/USD;44,00000000;44,00000000;39,27500000;39,55500000;-11,24
2021-11-18T00:00:00+00:00;HEDGESHIT/USD;41,41000000;45,21000000;41,04000000;44,00000000;5,89
2021-11-17T00:00:00+00:00;HEDGESHIT/USD;42,50000000;43,59000000;41,36000000;41,41000000;-2,63
2021-11-16T00:00:00+00:00;HEDGESHIT/USD;39,75000000;44,74500000;39,75000000;42,50000000;6,47
2021-11-15T00:00:00+00:00;HEDGESHIT/USD;39,30000000;40,04000000;38,69500000;39,75000000;1,13
2021-11-14T00:00:00+00:00;HEDGESHIT/USD;39,71000000;40,10000000;38,80500000;39,30000000;-1,04
2021-11-13T00:00:00+00:00;HEDGESHIT/USD;39,07500000;40,21500000;38,50500000;39,71000000;1,6
2021-11-12T00:00:00+00:00;HEDGESHIT/USD;39,83500000;40,98000000;38,74500000;39,07500000;-1,94
2021-11-11T00:00:00+00:00;HEDGESHIT/USD;40,98000000;41,30500000;38,81500000;39,83500000;-2,87
2021-11-10T00:00:00+00:00;HEDGESHIT/USD;39,64000000;43,64000000;37,53000000;40,98000000;3,27
2021-11-09T00:00:00+00:00;HEDGESHIT/USD;40,36500000;40,87500000;39,38500000;39,64000000;-1,83
2021-11-08T00:00:00+00:00;HEDGESHIT/USD;41,61000000;41,98500000;40,10000000;40,36500000;-3,08
2021-11-07T00:00:00+00:00;HEDGESHIT/USD;41,83500000;42,23000000;41,54500000;41,61000000;-0,54
2021-11-06T00:00:00+00:00;HEDGESHIT/USD;42,75500000;43,34000000;41,52000000;41,83500000;-2,2
2021-11-05T00:00:00+00:00;HEDGESHIT/USD;42,51000000;43,37500000;42,06000000;42,75500000;0,57
2021-11-04T00:00:00+00:00;HEDGESHIT/USD;41,82000000;43,68000000;41,29500000;42,51000000;1,62
2021-11-03T00:00:00+00:00;HEDGESHIT/USD;40,72500000;42,49500000;40,65000000;41,82000000;2,62
2021-11-02T00:00:00+00:00;HEDGESHIT/USD;43,29000000;43,52000000;40,53000000;40,72500000;-6,3
2021-11-01T00:00:00+00:00;HEDGESHIT/USD;44,35000000;46,27500000;42,76000000;43,29000000;-2,45
2021-10-31T00:00:00+00:00;HEDGESHIT/USD;43,07500000;45,68000000;41,39000000;44,35000000;2,87
2021-10-30T00:00:00+00:00;HEDGESHIT/USD;50,32000000;51,16500000;42,52500000;43,07500000;-16,82
2021-10-29T00:00:00+00:00;HEDGESHIT/USD;53,07500000;53,07500000;50,32000000;50,32000000;-5,47
2021-10-28T00:00:00+00:00;HEDGESHIT/USD;58,21500000;58,45500000;52,95500000;53,07500000;-9,68
2021-10-27T00:00:00+00:00;HEDGESHIT/USD;53,84000000;59,06500000;52,45000000;58,21500000;7,52
2021-10-26T00:00:00+00:00;HEDGESHIT/USD;54,46000000;54,52000000;52,35000000;53,84000000;-1,15
2021-10-25T00:00:00+00:00;HEDGESHIT/USD;55,99500000;56,29000000;54,44000000;54,46000000;-2,82
2021-10-24T00:00:00+00:00;HEDGESHIT/USD;54,60000000;57,25500000;54,60000000;55,99500000;2,49
2021-10-23T00:00:00+00:00;HEDGESHIT/USD;56,10500000;57,58500000;54,60000000;54,60000000;-2,76
2021-10-22T00:00:00+00:00;HEDGESHIT/USD;57,34000000;57,55000000;54,92000000;56,10500000;-2,2
2021-10-21T00:00:00+00:00;HEDGESHIT/USD;55,37500000;57,58500000;54,19500000;57,34000000;3,43
2021-10-20T00:00:00+00:00;HEDGESHIT/USD;57,67500000;58,50500000;55,11000000;55,37500000;-4,15
2021-10-19T00:00:00+00:00;HEDGESHIT/USD;58,30500000;58,65000000;56,92500000;57,67500000;-1,09
2021-10-18T00:00:00+00:00;HEDGESHIT/USD;58,31000000;59,50500000;56,90500000;58,30500000;-0,01
2021-10-17T00:00:00+00:00;HEDGESHIT/USD;56,85000000;59,88000000;56,45500000;58,31000000;2,5
2021-10-16T00:00:00+00:00;HEDGESHIT/USD;56,60500000;57,38500000;55,90000000;56,85000000;0,43
2021-10-15T00:00:00+00:00;HEDGESHIT/USD;57,77000000;59,06000000;56,37500000;56,60500000;-2,06
2021-10-14T00:00:00+00:00;HEDGESHIT/USD;58,82000000;59,06500000;57,05500000;57,77000000;-1,82
2021-10-13T00:00:00+00:00;HEDGESHIT/USD;61,09000000;62,83500000;58,79000000;58,82000000;-3,86
2021-10-12T00:00:00+00:00;HEDGESHIT/USD;59,98500000;63,68000000;59,90000000;61,09000000;1,81
2021-10-11T00:00:00+00:00;HEDGESHIT/USD;60,42500000;61,44000000;57,83000000;59,98500000;-0,73
2021-10-10T00:00:00+00:00;HEDGESHIT/USD;56,87000000;60,71000000;56,81000000;60,42500000;5,88
2021-10-09T00:00:00+00:00;HEDGESHIT/USD;57,94500000;58,43500000;56,80000000;56,87000000;-1,89
2021-10-08T00:00:00+00:00;HEDGESHIT/USD;58,58000000;58,92000000;56,35500000;57,97500000;-1,04
2021-10-07T00:00:00+00:00;HEDGESHIT/USD;59,25500000;60,99000000;58,21500000;58,58000000;-1,15
2021-10-06T00:00:00+00:00;HEDGESHIT/USD;58,36500000;62,23000000;57,75000000;59,25500000;1,5
2021-10-05T00:00:00+00:00;HEDGESHIT/USD;61,24000000;61,62500000;58,19500000;58,36500000;-4,93
2021-10-04T00:00:00+00:00;HEDGESHIT/USD;60,65500000;63,34000000;60,58500000;61,24000000;0,96
2021-10-03T00:00:00+00:00;HEDGESHIT/USD;61,62500000;62,72000000;59,67500000;60,71500000;-1,5
2021-10-02T00:00:00+00:00;HEDGESHIT/USD;63,30000000;64,19500000;60,02500000;61,62500000;-2,72
2021-10-01T00:00:00+00:00;HEDGESHIT/USD;70,97000000;71,72000000;63,22500000;63,30000000;-12,12
2021-09-30T00:00:00+00:00;HEDGESHIT/USD;74,72000000;74,82000000;70,81000000;70,97000000;-5,28
2021-09-29T00:00:00+00:00;HEDGESHIT/USD;77,34000000;77,85000000;72,28000000;74,72000000;-3,51
2021-09-28T00:00:00+00:00;HEDGESHIT/USD;74,18000000;77,55000000;72,75000000;77,34000000;4,09
2021-09-27T00:00:00+00:00;HEDGESHIT/USD;71,64000000;74,22000000;69,66000000;74,18000000;3,42
2021-09-26T00:00:00+00:00;HEDGESHIT/USD;71,03000000;76,79000000;70,36000000;71,64000000;0,85
2021-09-25T00:00:00+00:00;HEDGESHIT/USD;70,28000000;73,40000000;69,47500000;71,03000000;1,06
2021-09-24T00:00:00+00:00;HEDGESHIT/USD;65,88000000;74,22500000;65,58500000;70,28000000;6,26
2021-09-23T00:00:00+00:00;HEDGESHIT/USD;67,25000000;68,92000000;65,86500000;65,88000000;-2,08
2021-09-22T00:00:00+00:00;HEDGESHIT/USD;76,85000000;78,05000000;67,13000000;67,25000000;-14,28
2021-09-21T00:00:00+00:00;HEDGESHIT/USD;72,33000000;78,99000000;69,39000000;76,85000000;5,88
2021-09-20T00:00:00+00:00;HEDGESHIT/USD;63,72000000;74,12500000;63,43500000;72,33000000;11,9
2021-09-19T00:00:00+00:00;HEDGESHIT/USD;61,57500000;64,38000000;61,57500000;63,72000000;3,37
2021-09-18T00:00:00+00:00;HEDGESHIT/USD;61,97500000;62,86000000;60,16500000;61,57500000;-0,65
2021-09-17T00:00:00+00:00;HEDGESHIT/USD;60,45000000;62,93000000;59,64500000;61,97500000;2,46
2021-09-16T00:00:00+00:00;HEDGESHIT/USD;59,01000000;61,88000000;58,32500000;60,45000000;2,38
2021-09-15T00:00:00+00:00;HEDGESHIT/USD;62,72000000;62,93000000;58,79000000;59,01000000;-6,29
2021-09-14T00:00:00+00:00;HEDGESHIT/USD;65,47000000;66,22000000;62,70000000;62,72000000;-4,38
2021-09-13T00:00:00+00:00;HEDGESHIT/USD;62,54000000;68,47500000;62,03500000;65,47000000;4,48
2021-09-12T00:00:00+00:00;HEDGESHIT/USD;64,57500000;65,99000000;61,95000000;62,54000000;-3,25
2021-09-11T00:00:00+00:00;HEDGESHIT/USD;65,64500000;66,36000000;62,93000000;64,57500000;-1,66
2021-09-10T00:00:00+00:00;HEDGESHIT/USD;61,97500000;67,08000000;60,38000000;65,64500000;5,59
2021-09-09T00:00:00+00:00;HEDGESHIT/USD;64,56500000;65,79500000;60,64000000;61,97500000;-4,18
2021-09-08T00:00:00+00:00;HEDGESHIT/USD;66,10000000;71,77000000;64,04500000;64,56500000;-2,38
2021-09-07T00:00:00+00:00;HEDGESHIT/USD;55,42000000;70,57000000;55,18500000;66,10000000;16,16
2021-09-06T00:00:00+00:00;HEDGESHIT/USD;56,59500000;58,36000000;55,03500000;55,42000000;-2,12
2021-09-05T00:00:00+00:00;HEDGESHIT/USD;57,62500000;57,95000000;56,57000000;56,59500000;-1,82
2021-09-04T00:00:00+00:00;HEDGESHIT/USD;60,99000000;61,14500000;57,42500000;57,62500000;-5,84
2021-09-03T00:00:00+00:00;HEDGESHIT/USD;63,47000000;64,11000000;60,75000000;60,99000000;-4,07
2021-09-02T00:00:00+00:00;HEDGESHIT/USD;62,84500000;63,49000000;61,95500000;63,47000000;0,98
2021-09-01T00:00:00+00:00;HEDGESHIT/USD;66,83000000;68,40500000;62,78500000;62,84500000;-6,34
2021-08-31T00:00:00+00:00;HEDGESHIT/USD;68,46000000;69,44000000;65,60500000;66,83000000;-2,44
2021-08-30T00:00:00+00:00;HEDGESHIT/USD;66,34500000;68,81000000;65,76000000;68,46000000;3,09
2021-08-29T00:00:00+00:00;HEDGESHIT/USD;66,79000000;68,83500000;65,82500000;66,34500000;-0,67
2021-08-28T00:00:00+00:00;HEDGESHIT/USD;66,21000000;67,86500000;66,21000000;66,79000000;0,87
2021-08-27T00:00:00+00:00;HEDGESHIT/USD;71,36000000;73,40000000;66,21000000;66,21000000;-7,78
2021-08-26T00:00:00+00:00;HEDGESHIT/USD;66,24500000;71,95000000;65,76500000;71,36000000;7,17
2021-08-25T00:00:00+00:00;HEDGESHIT/USD;69,14500000;71,71000000;66,21000000;66,24500000;-4,38
2021-08-24T00:00:00+00:00;HEDGESHIT/USD;64,37000000;70,28000000;63,86500000;69,14500000;6,91
2021-08-23T00:00:00+00:00;HEDGESHIT/USD;67,10000000;67,54000000;64,08500000;64,37000000;-4,24
2021-08-22T00:00:00+00:00;HEDGESHIT/USD;68,65000000;69,38500000;66,77000000;67,10000000;-2,31
2021-08-21T00:00:00+00:00;HEDGESHIT/USD;69,71500000;71,21000000;66,88000000;68,61000000;-1,61
2021-08-20T00:00:00+00:00;HEDGESHIT/USD;73,21000000;73,58000000;69,71500000;69,71500000;-5,01
2021-08-19T00:00:00+00:00;HEDGESHIT/USD;77,75000000;79,47000000;73,19000000;73,21000000;-6,2
2021-08-18T00:00:00+00:00;HEDGESHIT/USD;76,78000000;80,36000000;74,98000000;77,75000000;1,25
2021-08-17T00:00:00+00:00;HEDGESHIT/USD;72,79000000;77,34000000;69,84000000;76,78000000;5,2
2021-08-16T00:00:00+00:00;HEDGESHIT/USD;71,86000000;72,98000000;68,50000000;72,79000000;1,28
2021-08-15T00:00:00+00:00;HEDGESHIT/USD;72,28000000;75,07000000;71,20000000;71,86000000;-0,58
2021-08-14T00:00:00+00:00;HEDGESHIT/USD;72,77000000;74,94000000;71,34000000;72,28000000;-0,68
2021-08-13T00:00:00+00:00;HEDGESHIT/USD;79,41000000;80,10000000;72,69000000;72,77000000;-9,12
2021-08-12T00:00:00+00:00;HEDGESHIT/USD;78,06000000;83,10000000;75,13000000;79,41000000;1,7
2021-08-11T00:00:00+00:00;HEDGESHIT/USD;82,35000000;82,64000000;75,36000000;78,06000000;-5,5
2021-08-10T00:00:00+00:00;HEDGESHIT/USD;86,22000000;87,34000000;82,24000000;82,35000000;-4,7
2021-08-09T00:00:00+00:00;HEDGESHIT/USD;91,08000000;94,33000000;85,16000000;86,22000000;-5,64
2021-08-08T00:00:00+00:00;HEDGESHIT/USD;86,26000000;92,01000000;85,63000000;91,08000000;5,29
2021-08-07T00:00:00+00:00;HEDGESHIT/USD;89,25000000;89,51000000;84,67000000;86,26000000;-3,47
2021-08-06T00:00:00+00:00;HEDGESHIT/USD;91,81000000;92,92000000;88,57000000;89,25000000;-2,87
2021-08-05T00:00:00+00:00;HEDGESHIT/USD;95,64000000;97,55000000;91,81000000;91,81000000;-4,17
2021-08-04T00:00:00+00:00;HEDGESHIT/USD;99,24000000;101,04000000;95,31000000;95,64000000;-3,76
2021-08-03T00:00:00+00:00;HEDGESHIT/USD;98,16000000;102,16000000;97,01000000;99,24000000;1,09
2021-08-02T00:00:00+00:00;HEDGESHIT/USD;99,19000000;101,40000000;96,33000000;98,16000000;-1,05
2021-08-01T00:00:00+00:00;HEDGESHIT/USD;96,85000000;99,91000000;93,21000000;99,19000000;2,36
2021-07-31T00:00:00+00:00;HEDGESHIT/USD;99,29000000;100,76000000;96,19000000;96,85000000;-2,52
2021-07-30T00:00:00+00:00;HEDGESHIT/USD;103,08000000;105,93000000;99,06000000;99,29000000;-3,82
2021-07-29T00:00:00+00:00;HEDGESHIT/USD;105,65000000;107,92000000;102,51000000;103,08000000;-2,49
2021-07-28T00:00:00+00:00;HEDGESHIT/USD;105,82000000;108,08000000;104,47000000;105,65000000;-0,16
2021-07-27T00:00:00+00:00;HEDGESHIT/USD;108,80000000;114,01000000;105,56000000;105,82000000;-2,82
2021-07-26T00:00:00+00:00;HEDGESHIT/USD;109,59000000;110,63000000;100,46000000;108,80000000;-0,73
2021-07-25T00:00:00+00:00;HEDGESHIT/USD;113,22000000;140,20000000;109,51000000;109,59000000;-3,31
2021-07-24T00:00:00+00:00;HEDGESHIT/USD;117,78000000;119,37000000;110,40000000;113,02000000;-4,21
2021-07-23T00:00:00+00:00;HEDGESHIT/USD;123,87000000;127,30000000;117,70000000;117,78000000;-5,17
2021-07-22T00:00:00+00:00;HEDGESHIT/USD;128,83000000;131,61000000;122,71000000;123,87000000;-4,0
2021-07-21T00:00:00+00:00;HEDGESHIT/USD;148,86000000;152,97000000;125,44000000;128,83000000;-15,55
2021-07-20T00:00:00+00:00;HEDGESHIT/USD;138,51000000;154,07000000;135,94000000;148,86000000;6,95
2021-07-19T00:00:00+00:00;HEDGESHIT/USD;130,63000000;139,28000000;130,28000000;138,51000000;5,69
2021-07-18T00:00:00+00:00;HEDGESHIT/USD;130,54000000;131,63000000;125,67000000;130,63000000;0,07
2021-07-17T00:00:00+00:00;HEDGESHIT/USD;131,30000000;133,52000000;129,11000000;130,54000000;-0,58
2021-07-16T00:00:00+00:00;HEDGESHIT/USD;124,00000000;131,77000000;122,51000000;131,30000000;5,56
2021-07-15T00:00:00+00:00;HEDGESHIT/USD;119,03000000;126,39000000;115,45000000;124,00000000;4,01
2021-07-14T00:00:00+00:00;HEDGESHIT/USD;119,68000000;128,44000000;115,68000000;119,03000000;-0,55
2021-07-13T00:00:00+00:00;HEDGESHIT/USD;115,49000000;121,29000000;114,97000000;119,68000000;3,5
2021-07-12T00:00:00+00:00;HEDGESHIT/USD;111,50000000;118,09000000;111,14000000;115,49000000;3,45
2021-07-11T00:00:00+00:00;HEDGESHIT/USD;114,33000000;115,52000000;111,03000000;111,50000000;-2,54
2021-07-10T00:00:00+00:00;HEDGESHIT/USD;112,13000000;116,00000000;110,67000000;114,33000000;1,92
2021-07-09T00:00:00+00:00;HEDGESHIT/USD;114,00000000;119,91000000;111,65000000;112,13000000;-1,67
2021-07-08T00:00:00+00:00;HEDGESHIT/USD;107,40000000;115,86000000;106,64000000;114,00000000;5,79
2021-07-07T00:00:00+00:00;HEDGESHIT/USD;110,73000000;111,78000000;103,94000000;107,40000000;-3,1
2021-07-06T00:00:00+00:00;HEDGESHIT/USD;114,14000000;114,23000000;108,29000000;110,73000000;-3,08
2021-07-05T00:00:00+00:00;HEDGESHIT/USD;109,32000000;115,99000000;109,32000000;114,14000000;4,22
2021-07-04T00:00:00+00:00;HEDGESHIT/USD;111,78000000;113,22000000;106,85000000;109,32000000;-2,25
2021-07-03T00:00:00+00:00;HEDGESHIT/USD;114,32000000;116,21000000;111,09000000;111,78000000;-2,27
2021-07-02T00:00:00+00:00;HEDGESHIT/USD;114,32000000;120,43000000;113,71000000;114,32000000;0,0
2021-07-01T00:00:00+00:00;HEDGESHIT/USD;108,88000000;116,75000000;108,76000000;114,32000000;4,76
2021-06-30T00:00:00+00:00;HEDGESHIT/USD;109,83000000;116,54000000;108,52000000;108,88000000;-0,87
2021-06-29T00:00:00+00:00;HEDGESHIT/USD;118,31000000;118,31000000;107,27000000;109,83000000;-7,72
2021-06-28T00:00:00+00:00;HEDGESHIT/USD;121,52000000;128,70000000;116,24000000;118,31000000;-2,71
2021-06-27T00:00:00+00:00;HEDGESHIT/USD;128,15000000;129,23000000;121,46000000;121,52000000;-5,46
2021-06-26T00:00:00+00:00;HEDGESHIT/USD;128,80000000;135,25000000;124,57000000;128,15000000;-0,51
2021-06-25T00:00:00+00:00;HEDGESHIT/USD;118,50000000;130,25000000;115,90000000;128,80000000;8,0
2021-06-24T00:00:00+00:00;HEDGESHIT/USD;124,40000000;128,41000000;117,64000000;118,50000000;-4,98
2021-06-23T00:00:00+00:00;HEDGESHIT/USD;141,00000000;143,31000000;119,02000000;124,40000000;-13,34
2021-06-22T00:00:00+00:00;HEDGESHIT/USD;134,31000000;156,95000000;123,30000000;141,00000000;4,74
2021-06-21T00:00:00+00:00;HEDGESHIT/USD;110,16000000;134,77000000;109,55000000;134,31000000;17,98
2021-06-20T00:00:00+00:00;HEDGESHIT/USD;111,29000000;119,69000000;109,00000000;110,16000000;-1,03
2021-06-19T00:00:00+00:00;HEDGESHIT/USD;109,29000000;111,58000000;106,85000000;111,29000000;1,8
2021-06-18T00:00:00+00:00;HEDGESHIT/USD;101,68000000;112,72000000;101,23000000;109,29000000;6,96
2021-06-17T00:00:00+00:00;HEDGESHIT/USD;102,20000000;103,63000000;98,71000000;101,68000000;-0,51
2021-06-16T00:00:00+00:00;HEDGESHIT/USD;99,28000000;103,55000000;97,83000000;102,20000000;2,86
2021-06-15T00:00:00+00:00;HEDGESHIT/USD;100,72000000;101,99000000;97,98000000;99,28000000;-1,45
2021-06-14T00:00:00+00:00;HEDGESHIT/USD;104,73000000;107,57000000;99,91000000;100,72000000;-3,98
2021-06-13T00:00:00+00:00;HEDGESHIT/USD;114,02000000;115,37000000;103,59000000;104,73000000;-8,87
2021-06-12T00:00:00+00:00;HEDGESHIT/USD;111,50000000;118,82000000;111,27000000;114,02000000;2,21
2021-06-11T00:00:00+00:00;HEDGESHIT/USD;105,26000000;113,36000000;103,74000000;111,50000000;5,6
2021-06-10T00:00:00+00:00;HEDGESHIT/USD;101,46000000;107,40000000;100,85000000;105,26000000;3,61
2021-06-09T00:00:00+00:00;HEDGESHIT/USD;106,34000000;111,37000000;100,97000000;101,46000000;-4,81
2021-06-08T00:00:00+00:00;HEDGESHIT/USD;105,34000000;116,92000000;100,63000000;106,34000000;0,94
2021-06-07T00:00:00+00:00;HEDGESHIT/USD;97,85000000;106,12000000;94,38000000;105,34000000;7,11
2021-06-06T00:00:00+00:00;HEDGESHIT/USD;100,86000000;101,67000000;97,32000000;97,85000000;-3,08
2021-06-05T00:00:00+00:00;HEDGESHIT/USD;98,03000000;103,97000000;91,99000000;100,86000000;2,81
2021-06-04T00:00:00+00:00;HEDGESHIT/USD;90,62000000;102,42000000;89,65000000;98,29000000;7,8
2021-06-03T00:00:00+00:00;HEDGESHIT/USD;98,10000000;99,21000000;90,13000000;90,62000000;-8,25
2021-06-02T00:00:00+00:00;HEDGESHIT/USD;102,27000000;103,65000000;96,76000000;98,10000000;-4,25
2021-06-01T00:00:00+00:00;HEDGESHIT/USD;102,01000000;104,77000000;99,66000000;102,27000000;0,25
2021-05-31T00:00:00+00:00;HEDGESHIT/USD;107,51000000;113,78000000;101,67000000;102,01000000;-5,39
2021-05-30T00:00:00+00:00;HEDGESHIT/USD;114,25000000;119,74000000;104,22000000;107,51000000;-6,27
2021-05-29T00:00:00+00:00;HEDGESHIT/USD;107,83000000;119,24000000;105,36000000;114,25000000;5,62
2021-05-28T00:00:00+00:00;HEDGESHIT/USD;97,39000000;111,15000000;95,49000000;107,83000000;9,68
2021-05-27T00:00:00+00:00;HEDGESHIT/USD;94,71000000;102,90000000;94,41000000;97,39000000;2,75
2021-05-26T00:00:00+00:00;HEDGESHIT/USD;113,03000000;115,12000000;94,71000000;94,71000000;-19,34
2021-05-25T00:00:00+00:00;HEDGESHIT/USD;117,01000000;124,72000000;110,63000000;113,03000000;-3,52
2021-05-24T00:00:00+00:00;HEDGESHIT/USD;155,44000000;163,01000000;115,38000000;117,01000000;-32,84
2021-05-23T00:00:00+00:00;HEDGESHIT/USD;132,00000000;174,72000000;131,34000000;155,44000000;15,08
2021-05-22T00:00:00+00:00;HEDGESHIT/USD;128,65000000;141,08000000;121,25000000;132,00000000;2,54
2021-05-21T00:00:00+00:00;HEDGESHIT/USD;115,60000000;139,18000000;106,39000000;128,65000000;10,14
2021-05-20T00:00:00+00:00;HEDGESHIT/USD;140,16000000;152,05000000;106,35000000;115,60000000;-21,25
2021-05-19T00:00:00+00:00;HEDGESHIT/USD;104,41000000;146,12000000;102,73000000;140,16000000;25,51
2021-05-18T00:00:00+00:00;HEDGESHIT/USD;110,96000000;111,41000000;102,45000000;104,41000000;-6,27
2021-05-17T00:00:00+00:00;HEDGESHIT/USD;105,24000000;118,43000000;104,13000000;110,96000000;5,16
2021-05-16T00:00:00+00:00;HEDGESHIT/USD;107,41000000;113,80000000;98,87000000;105,46000000;-1,85
2021-05-15T00:00:00+00:00;HEDGESHIT/USD;102,76000000;107,84000000;99,68000000;107,27000000;4,2
2021-05-14T00:00:00+00:00;HEDGESHIT/USD;112,22000000;112,22000000;99,56000000;102,76000000;-9,21
2021-05-13T00:00:00+00:00;HEDGESHIT/USD;111,06000000;115,89000000;101,47000000;112,22000000;1,03
2021-05-12T00:00:00+00:00;HEDGESHIT/USD;101,02000000;111,37000000;97,60000000;111,06000000;9,04
2021-05-11T00:00:00+00:00;HEDGESHIT/USD;107,96000000;110,49000000;100,94000000;101,02000000;-6,87
2021-05-10T00:00:00+00:00;HEDGESHIT/USD;99,35000000;111,29000000;97,18000000;107,96000000;7,98
2021-05-09T00:00:00+00:00;HEDGESHIT/USD;98,25000000;103,17000000;98,03000000;99,35000000;1,11
2021-05-08T00:00:00+00:00;HEDGESHIT/USD;98,98000000;100,00000000;95,66000000;98,25000000;-0,74
2021-05-07T00:00:00+00:00;HEDGESHIT/USD;100,76000000;102,76000000;94,46000000;98,98000000;-1,8
2021-05-06T00:00:00+00:00;HEDGESHIT/USD;104,10000000;104,71000000;100,23000000;100,76000000;-3,31
2021-05-05T00:00:00+00:00;HEDGESHIT/USD;116,25000000;117,11000000;104,03000000;104,10000000;-11,67
2021-05-04T00:00:00+00:00;HEDGESHIT/USD;106,93000000;118,23000000;106,92000000;116,25000000;8,02
2021-05-03T00:00:00+00:00;HEDGESHIT/USD;109,44000000;109,44000000;104,00000000;106,93000000;-2,35
2021-05-02T00:00:00+00:00;HEDGESHIT/USD;108,58000000;112,36000000;108,45000000;109,44000000;0,79
2021-05-01T00:00:00+00:00;HEDGESHIT/USD;109,00000000;111,02000000;107,86000000;108,58000000;-0,39
2021-04-30T00:00:00+00:00;HEDGESHIT/USD;116,15000000;118,31000000;109,00000000;109,00000000;-6,56
2021-04-29T00:00:00+00:00;HEDGESHIT/USD;114,37000000;119,62000000;112,00000000;116,15000000;1,53
2021-04-28T00:00:00+00:00;HEDGESHIT/USD;114,71000000;122,34000000;111,77000000;114,37000000;-0,3
2021-04-27T00:00:00+00:00;HEDGESHIT/USD;127,92000000;128,64000000;114,71000000;114,71000000;-11,52
2021-04-26T00:00:00+00:00;HEDGESHIT/USD;154,85000000;155,03000000;127,76000000;127,92000000;-21,05
2021-04-25T00:00:00+00:00;HEDGESHIT/USD;154,05000000;163,62000000;142,62000000;154,85000000;0,52
2021-04-24T00:00:00+00:00;HEDGESHIT/USD;143,42000000;154,57000000;143,00000000;154,05000000;6,9
2021-04-23T00:00:00+00:00;HEDGESHIT/USD;139,08000000;167,87000000;136,32000000;143,42000000;3,03
2021-04-22T00:00:00+00:00;HEDGESHIT/USD;128,04000000;139,46000000;123,81000000;139,08000000;7,94
2021-04-21T00:00:00+00:00;HEDGESHIT/USD;124,27000000;128,04000000;119,74000000;128,04000000;2,94
2021-04-20T00:00:00+00:00;HEDGESHIT/USD;126,42000000;138,60000000;121,91000000;124,27000000;-1,73
2021-04-19T00:00:00+00:00;HEDGESHIT/USD;120,56000000;130,26000000;116,28000000;126,42000000;4,64
2021-04-18T00:00:00+00:00;HEDGESHIT/USD;107,60000000;131,43000000;107,60000000;120,56000000;10,75
2021-04-17T00:00:00+00:00;HEDGESHIT/USD;108,59000000;110,76000000;104,49000000;107,60000000;-0,92
2021-04-16T00:00:00+00:00;HEDGESHIT/USD;116,50000000;122,71000000;107,99000000;108,59000000;-7,28
2021-04-15T00:00:00+00:00;HEDGESHIT/USD;122,50000000;124,05000000;115,96000000;116,50000000;-5,15
2021-04-14T00:00:00+00:00;HEDGESHIT/USD;122,59000000;126,93000000;120,69000000;122,50000000;-0,07
2021-04-13T00:00:00+00:00;HEDGESHIT/USD;124,69000000;127,26000000;121,79000000;122,59000000;-1,71
2021-04-12T00:00:00+00:00;HEDGESHIT/USD;123,13000000;126,49000000;122,24000000;124,69000000;1,25
2021-04-11T00:00:00+00:00;HEDGESHIT/USD;121,30000000;125,13000000;120,39000000;123,13000000;1,49
2021-04-10T00:00:00+00:00;HEDGESHIT/USD;119,06000000;124,66000000;118,48000000;121,30000000;1,85
2021-04-09T00:00:00+00:00;HEDGESHIT/USD;122,94000000;122,94000000;118,58000000;119,06000000;-3,26
2021-04-08T00:00:00+00:00;HEDGESHIT/USD;133,60000000;135,27000000;122,53000000;122,94000000;-8,67
2021-04-07T00:00:00+00:00;HEDGESHIT/USD;130,00000000;143,66000000;128,80000000;133,60000000;2,69
2021-04-06T00:00:00+00:00;HEDGESHIT/USD;127,56000000;135,11000000;127,08000000;130,00000000;1,88
2021-04-05T00:00:00+00:00;HEDGESHIT/USD;127,87000000;131,10000000;125,10000000;127,56000000;-0,24
2021-04-04T00:00:00+00:00;HEDGESHIT/USD;140,85000000;142,66000000;127,66000000;127,87000000;-10,15
2021-04-03T00:00:00+00:00;HEDGESHIT/USD;134,20000000;142,21000000;131,07000000;140,85000000;4,72
2021-04-02T00:00:00+00:00;HEDGESHIT/USD;137,79000000;139,43000000;134,09000000;134,20000000;-2,68
2021-04-01T00:00:00+00:00;HEDGESHIT/USD;135,63000000;140,15000000;134,39000000;137,79000000;1,57
2021-03-31T00:00:00+00:00;HEDGESHIT/USD;134,39000000;141,98000000;132,58000000;135,63000000;0,91
2021-03-30T00:00:00+00:00;HEDGESHIT/USD;136,43000000;136,50000000;134,39000000;134,39000000;-1,52
2021-03-29T00:00:00+00:00;HEDGESHIT/USD;141,85000000;142,00000000;136,19000000;136,43000000;-3,97
2021-03-28T00:00:00+00:00;HEDGESHIT/USD;148,34000000;149,34000000;140,41000000;141,85000000;-4,58
2021-03-27T00:00:00+00:00;HEDGESHIT/USD;147,27000000;152,76000000;146,55000000;148,34000000;0,72
2021-03-26T00:00:00+00:00;HEDGESHIT/USD;158,48000000;159,11000000;147,27000000;147,27000000;-7,61
2021-03-25T00:00:00+00:00;HEDGESHIT/USD;158,12500000;166,52500000;153,04000000;158,48000000;0,22
2021-03-24T00:00:00+00:00;HEDGESHIT/USD;150,89000000;163,09000000;140,90000000;158,12500000;4,58
2021-03-23T00:00:00+00:00;HEDGESHIT/USD;159,77500000;165,52500000;145,65000000;150,89000000;-5,89
2021-03-22T00:00:00+00:00;HEDGESHIT/USD;153,10000000;162,07500000;150,18000000;159,77500000;4,18
2021-03-21T00:00:00+00:00;HEDGESHIT/USD;161,32500000;165,05000000;152,92500000;153,10000000;-5,37
2021-03-20T00:00:00+00:00;HEDGESHIT/USD;158,38000000;161,55000000;149,26000000;161,32500000;1,83
2021-03-19T00:00:00+00:00;HEDGESHIT/USD;164,07500000;165,87500000;155,02000000;158,38000000;-3,6
2021-03-18T00:00:00+00:00;HEDGESHIT/USD;167,22500000;169,25000000;161,90000000;164,07500000;-1,92
2021-03-17T00:00:00+00:00;HEDGESHIT/USD;178,52500000;183,37500000;166,80000000;167,22500000;-6,76
2021-03-16T00:00:00+00:00;HEDGESHIT/USD;170,65000000;183,37500000;168,80000000;178,52500000;4,41
2021-03-15T00:00:00+00:00;HEDGESHIT/USD;169,97500000;182,47500000;165,15000000;170,65000000;0,4
2021-03-14T00:00:00+00:00;HEDGESHIT/USD;172,60000000;177,00000000;166,62500000;169,97500000;-1,54
2021-03-13T00:00:00+00:00;HEDGESHIT/USD;181,95000000;184,27500000;168,32500000;172,60000000;-5,42
2021-03-12T00:00:00+00:00;HEDGESHIT/USD;196,07500000;198,82500000;180,72500000;181,95000000;-7,76
2021-03-11T00:00:00+00:00;HEDGESHIT/USD;216,37500000;219,00000000;191,80000000;196,07500000;-10,35
2021-03-10T00:00:00+00:00;HEDGESHIT/USD;216,90000000;227,62500000;213,85000000;216,37500000;-0,24
2021-03-09T00:00:00+00:00;HEDGESHIT/USD;237,15000000;237,62500000;215,95000000;216,90000000;-9,34
2021-03-08T00:00:00+00:00;HEDGESHIT/USD;256,57500000;259,22500000;235,62500000;237,15000000;-8,19
2021-03-07T00:00:00+00:00;HEDGESHIT/USD;269,80000000;270,32500000;255,10000000;256,57500000;-5,15
2021-03-06T00:00:00+00:00;HEDGESHIT/USD;271,20000000;282,37500000;268,25000000;269,80000000;-0,52
2021-03-05T00:00:00+00:00;HEDGESHIT/USD;269,60000000;281,10000000;269,02500000;271,20000000;0,59
2021-03-04T00:00:00+00:00;HEDGESHIT/USD;270,42500000;278,05000000;258,02500000;269,60000000;-0,31
2021-03-03T00:00:00+00:00;HEDGESHIT/USD;293,90000000;294,95000000;267,47500000;270,42500000;-8,68
2021-03-02T00:00:00+00:00;HEDGESHIT/USD;295,20000000;303,12500000;282,10000000;293,90000000;-0,44
2021-03-01T00:00:00+00:00;HEDGESHIT/USD;328,05000000;330,20000000;294,70000000;295,20000000;-11,13
2021-02-28T00:00:00+00:00;HEDGESHIT/USD;309,80000000;351,42500000;307,25000000;328,05000000;5,56
2021-02-27T00:00:00+00:00;HEDGESHIT/USD;320,27500000;320,27500000;300,45000000;309,80000000;-3,38
2021-02-26T00:00:00+00:00;HEDGESHIT/USD;310,20000000;336,60000000;302,60000000;320,27500000;3,15
2021-02-25T00:00:00+00:00;HEDGESHIT/USD;300,82500000;310,87500000;279,30000000;310,20000000;3,02
2021-02-24T00:00:00+00:00;HEDGESHIT/USD;315,45000000;335,40000000;279,40000000;300,82500000;-4,86
2021-02-23T00:00:00+00:00;HEDGESHIT/USD;273,57500000;349,67500000;273,57500000;315,45000000;13,27
2021-02-22T00:00:00+00:00;HEDGESHIT/USD;255,70000000;309,65000000;253,00000000;273,57500000;6,53
2021-02-21T00:00:00+00:00;HEDGESHIT/USD;265,45000000;269,25000000;251,15000000;255,70000000;-3,81
2021-02-20T00:00:00+00:00;HEDGESHIT/USD;256,60000000;270,80000000;245,15000000;265,45000000;3,33
2021-02-19T00:00:00+00:00;HEDGESHIT/USD;279,92500000;284,10000000;255,70000000;256,60000000;-9,09
2021-02-18T00:00:00+00:00;HEDGESHIT/USD;297,52500000;297,52500000;278,90000000;279,92500000;-6,29
2021-02-17T00:00:00+00:00;HEDGESHIT/USD;314,62500000;326,27500000;293,62500000;297,52500000;-5,75
2021-02-16T00:00:00+00:00;HEDGESHIT/USD;310,25000000;321,20000000;297,20000000;314,62500000;1,39
2021-02-15T00:00:00+00:00;HEDGESHIT/USD;309,80000000;356,17500000;293,40000000;310,25000000;0,15
2021-02-14T00:00:00+00:00;HEDGESHIT/USD;296,42500000;319,60000000;293,72500000;309,80000000;4,32
2021-02-13T00:00:00+00:00;HEDGESHIT/USD;317,77500000;324,60000000;294,15000000;296,42500000;-7,2
2021-02-12T00:00:00+00:00;HEDGESHIT/USD;341,80000000;351,00000000;314,15000000;317,77500000;-7,56
2021-02-11T00:00:00+00:00;HEDGESHIT/USD;379,05000000;383,60000000;340,10000000;341,80000000;-10,9
2021-02-10T00:00:00+00:00;HEDGESHIT/USD;393,75000000;412,15000000;372,35000000;379,05000000;-3,88
2021-02-09T00:00:00+00:00;HEDGESHIT/USD;443,70000000;444,75000000;391,60000000;393,75000000;-12,69
2021-02-08T00:00:00+00:00;HEDGESHIT/USD;486,25000000;491,70000000;439,25000000;443,70000000;-9,59
2021-02-07T00:00:00+00:00;HEDGESHIT/USD;478,80000000;513,05000000;473,80000000;486,25000000;1,53
2021-02-06T00:00:00+00:00;HEDGESHIT/USD;466,25000000;495,10000000;461,15000000;478,80000000;2,62
2021-02-05T00:00:00+00:00;HEDGESHIT/USD;545,10000000;547,35000000;464,95000000;466,25000000;-16,91
2021-02-04T00:00:00+00:00;HEDGESHIT/USD;545,00000000;583,90000000;534,80000000;545,10000000;0,02
2021-02-03T00:00:00+00:00;HEDGESHIT/USD;570,45000000;594,20000000;545,00000000;545,00000000;-4,67
2021-02-02T00:00:00+00:00;HEDGESHIT/USD;589,45000000;594,20000000;568,00000000;570,45000000;-3,33
2021-02-01T00:00:00+00:00;HEDGESHIT/USD;608,90000000;631,05000000;587,75000000;589,45000000;-3,3
2021-01-31T00:00:00+00:00;HEDGESHIT/USD;598,50000000;627,80000000;594,20000000;608,90000000;1,71
2021-01-30T00:00:00+00:00;HEDGESHIT/USD;594,20000000;617,65000000;594,20000000;598,50000000;0,72
2021-01-29T00:00:00+00:00;HEDGESHIT/USD;638,35000000;638,35000000;582,95000000;594,20000000;-7,43
2021-01-28T00:00:00+00:00;HEDGESHIT/USD;699,90000000;715,15000000;620,65000000;638,35000000;-9,64
2021-01-27T00:00:00+00:00;HEDGESHIT/USD;641,25000000;743,20000000;640,90000000;699,90000000;8,38
2021-01-26T00:00:00+00:00;HEDGESHIT/USD;654,95000000;694,30000000;636,50000000;641,25000000;-2,14
2021-01-25T00:00:00+00:00;HEDGESHIT/USD;643,75000000;676,20000000;623,10000000;654,95000000;1,71
2021-01-24T00:00:00+00:00;HEDGESHIT/USD;657,15000000;665,70000000;626,65000000;643,75000000;-2,08
2021-01-23T00:00:00+00:00;HEDGESHIT/USD;676,25000000;684,55000000;641,75000000;657,15000000;-2,91
2021-01-22T00:00:00+00:00;HEDGESHIT/USD;734,90000000;773,30000000;654,20000000;676,25000000;-8,67
2021-01-21T00:00:00+00:00;HEDGESHIT/USD;636,25000000;743,90000000;631,85000000;734,90000000;13,42
2021-01-20T00:00:00+00:00;HEDGESHIT/USD;651,85000000;708,50000000;631,10000000;636,25000000;-2,45
2021-01-19T00:00:00+00:00;HEDGESHIT/USD;654,00000000;679,90000000;629,75000000;651,85000000;-0,33
2021-01-18T00:00:00+00:00;HEDGESHIT/USD;677,45000000;696,05000000;651,55000000;654,00000000;-3,59
2021-01-17T00:00:00+00:00;HEDGESHIT/USD;703,55000000;736,30000000;666,60000000;677,45000000;-3,85
2021-01-16T00:00:00+00:00;HEDGESHIT/USD;724,10000000;741,00000000;672,65000000;703,55000000;-2,92
2021-01-15T00:00:00+00:00;HEDGESHIT/USD;720,10000000;758,70000000;702,60000000;724,10000000;0,55
2021-01-14T00:00:00+00:00;HEDGESHIT/USD;728,80000000;758,70000000;707,00000000;720,10000000;-1,21
2021-01-13T00:00:00+00:00;HEDGESHIT/USD;782,00000000;815,20000000;728,20000000;728,80000000;-7,3
2021-01-12T00:00:00+00:00;HEDGESHIT/USD;758,70000000;816,70000000;758,70000000;782,00000000;2,98
2021-01-11T00:00:00+00:00;HEDGESHIT/USD;741,60000000;843,40000000;739,80000000;758,70000000;2,25
2021-01-10T00:00:00+00:00;HEDGESHIT/USD;699,80000000;758,70000000;671,35000000;741,60000000;5,64
2021-01-09T00:00:00+00:00;HEDGESHIT/USD;767,80000000;780,70000000;699,05000000;699,80000000;-9,72
2021-01-08T00:00:00+00:00;HEDGESHIT/USD;756,80000000;841,50000000;740,90000000;767,80000000;1,43
2021-01-07T00:00:00+00:00;HEDGESHIT/USD;765,00000000;802,50000000;703,40000000;756,80000000;-1,08
2021-01-06T00:00:00+00:00;HEDGESHIT/USD;827,80000000;837,90000000;747,00000000;765,00000000;-8,21
2021-01-05T00:00:00+00:00;HEDGESHIT/USD;889,50000000;917,20000000;790,30000000;827,80000000;-7,45
2021-01-04T00:00:00+00:00;HEDGESHIT/USD;880,40000000;996,80000000;814,30000000;889,50000000;1,02
2021-01-03T00:00:00+00:00;HEDGESHIT/USD;919,90000000;928,10000000;871,60000000;880,40000000;-4,49
2021-01-02T00:00:00+00:00;HEDGESHIT/USD;926,80000000;959,20000000;888,50000000;919,90000000;-0,75
2021-01-01T00:00:00+00:00;HEDGESHIT/USD;943,90000000;953,70000000;880,80000000;926,80000000;-1,85
2020-12-31T00:00:00+00:00;HEDGESHIT/USD;958,80000000;1027,20000000;942,00000000;943,90000000;-1,58
2020-12-30T00:00:00+00:00;HEDGESHIT/USD;938,90000000;1012,70000000;933,40000000;958,80000000;2,08
2020-12-29T00:00:00+00:00;HEDGESHIT/USD;925,00000000;975,10000000;907,90000000;938,90000000;1,48
2020-12-28T00:00:00+00:00;HEDGESHIT/USD;998,40000000;1006,70000000;904,70000000;925,00000000;-7,94
2020-12-27T00:00:00+00:00;HEDGESHIT/USD;981,20000000;1054,50000000;929,80000000;998,40000000;1,72
2020-12-26T00:00:00+00:00;HEDGESHIT/USD;1061,10000000;1070,30000000;939,90000000;981,20000000;-8,14
2020-12-25T00:00:00+00:00;HEDGESHIT/USD;1082,00000000;1131,20000000;1023,30000000;1061,10000000;-1,97
2020-12-24T00:00:00+00:00;HEDGESHIT/USD;1162,20000000;1216,40000000;1081,60000000;1082,00000000;-7,41
2020-12-23T00:00:00+00:00;HEDGESHIT/USD;1071,90000000;1221,70000000;1068,80000000;1162,20000000;7,77
2020-12-22T00:00:00+00:00;HEDGESHIT/USD;1104,00000000;1138,80000000;1059,40000000;1071,90000000;-2,99
2020-12-21T00:00:00+00:00;HEDGESHIT/USD;1067,90000000;1184,90000000;1036,10000000;1104,00000000;3,27
2020-12-20T00:00:00+00:00;HEDGESHIT/USD;1035,30000000;1095,30000000;1027,30000000;1067,90000000;3,05
2020-12-19T00:00:00+00:00;HEDGESHIT/USD;1055,60000000;1060,50000000;1010,20000000;1035,30000000;-1,96
2020-12-18T00:00:00+00:00;HEDGESHIT/USD;1108,80000000;1129,00000000;1055,00000000;1055,60000000;-5,04
2020-12-17T00:00:00+00:00;HEDGESHIT/USD;1069,90000000;1119,60000000;1057,50000000;1108,80000000;3,51
2020-12-16T00:00:00+00:00;HEDGESHIT/USD;1130,80000000;1151,60000000;1069,40000000;1069,90000000;-5,69
2020-12-15T00:00:00+00:00;HEDGESHIT/USD;1127,10000000;1147,10000000;1113,30000000;1130,80000000;0,33
2020-12-14T00:00:00+00:00;HEDGESHIT/USD;1138,20000000;1154,40000000;1124,10000000;1127,10000000;-0,98
2020-12-13T00:00:00+00:00;HEDGESHIT/USD;1163,70000000;1169,20000000;1120,20000000;1138,20000000;-2,24
2020-12-12T00:00:00+00:00;HEDGESHIT/USD;1219,00000000;1219,00000000;1148,40000000;1163,70000000;-4,75
2020-12-11T00:00:00+00:00;HEDGESHIT/USD;1182,90000000;1241,50000000;1180,10000000;1219,00000000;2,96
2020-12-10T00:00:00+00:00;HEDGESHIT/USD;1148,20000000;1219,00000000;1146,20000000;1182,90000000;2,93
2020-12-09T00:00:00+00:00;HEDGESHIT/USD;1176,30000000;1228,10000000;1144,10000000;1148,20000000;-2,45
2020-12-08T00:00:00+00:00;HEDGESHIT/USD;1093,30000000;1182,90000000;1078,20000000;1176,30000000;7,06
2020-12-07T00:00:00+00:00;HEDGESHIT/USD;1087,70000000;1106,30000000;1071,60000000;1093,30000000;0,51
2020-12-06T00:00:00+00:00;HEDGESHIT/USD;1081,70000000;1136,80000000;1075,00000000;1087,70000000;0,55
2020-12-05T00:00:00+00:00;HEDGESHIT/USD;1165,80000000;1178,70000000;1081,70000000;1081,70000000;-7,77
2020-12-04T00:00:00+00:00;HEDGESHIT/USD;1091,10000000;1178,50000000;1075,60000000;1165,80000000;6,41
2020-12-03T00:00:00+00:00;HEDGESHIT/USD;1113,90000000;1129,60000000;1090,40000000;1091,10000000;-2,09
2020-12-02T00:00:00+00:00;HEDGESHIT/USD;1182,00000000;1200,30000000;1106,90000000;1113,90000000;-6,11
2020-12-01T00:00:00+00:00;HEDGESHIT/USD;1118,30000000;1219,00000000;1090,80000000;1182,00000000;5,39
2020-11-30T00:00:00+00:00;HEDGESHIT/USD;1157,30000000;1177,90000000;1114,50000000;1118,30000000;-3,49
2020-11-29T00:00:00+00:00;HEDGESHIT/USD;1179,00000000;1201,00000000;1148,40000000;1157,30000000;-1,88
2020-11-28T00:00:00+00:00;HEDGESHIT/USD;1219,00000000;1225,60000000;1150,00000000;1179,00000000;-3,39
2020-11-27T00:00:00+00:00;HEDGESHIT/USD;1219,00000000;1260,60000000;1213,20000000;1219,00000000;0,0
2020-11-26T00:00:00+00:00;HEDGESHIT/USD;1096,20000000;1283,80000000;1069,00000000;1219,00000000;10,07
2020-11-25T00:00:00+00:00;HEDGESHIT/USD;1068,30000000;1117,10000000;992,10000000;1096,20000000;2,55
2020-11-24T00:00:00+00:00;HEDGESHIT/USD;1147,90000000;1179,80000000;1053,70000000;1068,30000000;-7,45
2020-11-23T00:00:00+00:00;HEDGESHIT/USD;1237,60000000;1257,40000000;1146,90000000;1147,90000000;-7,81
2020-11-22T00:00:00+00:00;HEDGESHIT/USD;1210,30000000;1312,90000000;1192,40000000;1237,60000000;2,21
2020-11-21T00:00:00+00:00;HEDGESHIT/USD;1331,20000000;1339,50000000;1208,60000000;1210,30000000;-9,99
2020-11-20T00:00:00+00:00;HEDGESHIT/USD;1397,20000000;1397,20000000;1315,00000000;1331,20000000;-4,96
2020-11-19T00:00:00+00:00;HEDGESHIT/USD;1392,90000000;1433,60000000;1370,20000000;1397,20000000;0,31
2020-11-18T00:00:00+00:00;HEDGESHIT/USD;1355,20000000;1432,20000000;1341,30000000;1392,90000000;2,71
2020-11-17T00:00:00+00:00;HEDGESHIT/USD;1394,00000000;1400,60000000;1353,10000000;1355,20000000;-2,86
2020-11-16T00:00:00+00:00;HEDGESHIT/USD;1456,80000000;1470,20000000;1387,30000000;1394,00000000;-4,51
2020-11-15T00:00:00+00:00;HEDGESHIT/USD;1439,00000000;1484,40000000;1411,30000000;1456,80000000;1,22
2020-11-14T00:00:00+00:00;HEDGESHIT/USD;1407,50000000;1470,90000000;1402,80000000;1439,00000000;2,19
2020-11-13T00:00:00+00:00;HEDGESHIT/USD;1462,10000000;1467,10000000;1398,20000000;1407,50000000;-3,88
2020-11-12T00:00:00+00:00;HEDGESHIT/USD;1423,60000000;1483,70000000;1413,40000000;1462,10000000;2,63
2020-11-11T00:00:00+00:00;HEDGESHIT/USD;1384,70000000;1434,40000000;1367,10000000;1421,80000000;2,61
2020-11-10T00:00:00+00:00;HEDGESHIT/USD;1470,50000000;1479,50000000;1370,50000000;1385,90000000;-6,1
2020-11-09T00:00:00+00:00;HEDGESHIT/USD;1484,60000000;1551,60000000;1459,10000000;1470,50000000;-0,96
2020-11-08T00:00:00+00:00;HEDGESHIT/USD;1569,00000000;1697,80000000;1463,20000000;1484,60000000;-5,69
2020-11-07T00:00:00+00:00;HEDGESHIT/USD;1482,70000000;1611,20000000;1408,10000000;1569,00000000;5,5
2020-11-06T00:00:00+00:00;HEDGESHIT/USD;1635,50000000;1643,00000000;1482,70000000;1482,70000000;-10,31
2020-11-05T00:00:00+00:00;HEDGESHIT/USD;1708,00000000;1728,25000000;1627,75000000;1635,50000000;-4,43
2020-11-04T00:00:00+00:00;HEDGESHIT/USD;1699,75000000;1762,50000000;1669,50000000;1708,00000000;0,48
2020-11-03T00:00:00+00:00;HEDGESHIT/USD;1661,25000000;1738,50000000;1657,50000000;1699,75000000;2,27
2020-11-02T00:00:00+00:00;HEDGESHIT/USD;1614,00000000;1663,25000000;1592,75000000;1661,25000000;2,84
2020-11-01T00:00:00+00:00;HEDGESHIT/USD;1630,75000000;1638,25000000;1601,75000000;1614,00000000;-1,04
2020-10-31T00:00:00+00:00;HEDGESHIT/USD;1664,50000000;1669,75000000;1625,50000000;1630,75000000;-2,07
2020-10-30T00:00:00+00:00;HEDGESHIT/USD;1650,00000000;1728,50000000;1638,25000000;1664,50000000;0,87
2020-10-29T00:00:00+00:00;HEDGESHIT/USD;1608,00000000;1658,25000000;1589,50000000;1650,00000000;2,55
2020-10-28T00:00:00+00:00;HEDGESHIT/USD;1548,00000000;1638,25000000;1537,60000000;1608,00000000;3,73
2020-10-27T00:00:00+00:00;HEDGESHIT/USD;1543,70000000;1570,40000000;1525,40000000;1548,00000000;0,28
2020-10-26T00:00:00+00:00;HEDGESHIT/USD;1494,40000000;1574,20000000;1478,90000000;1543,70000000;3,19
2020-10-25T00:00:00+00:00;HEDGESHIT/USD;1462,10000000;1502,20000000;1450,20000000;1494,40000000;2,16
2020-10-24T00:00:00+00:00;HEDGESHIT/USD;1477,20000000;1497,60000000;1451,10000000;1462,10000000;-1,03
2020-10-23T00:00:00+00:00;HEDGESHIT/USD;1457,30000000;1504,10000000;1445,00000000;1471,00000000;0,93
2020-10-22T00:00:00+00:00;HEDGESHIT/USD;1507,70000000;1514,90000000;1431,80000000;1457,30000000;-3,46
2020-10-21T00:00:00+00:00;HEDGESHIT/USD;1580,70000000;1583,80000000;1473,90000000;1507,70000000;-4,84
2020-10-20T00:00:00+00:00;HEDGESHIT/USD;1500,70000000;1598,60000000;1495,60000000;1580,70000000;5,06
2020-10-19T00:00:00+00:00;HEDGESHIT/USD;1480,80000000;1520,60000000;1477,20000000;1500,70000000;1,33
2020-10-18T00:00:00+00:00;HEDGESHIT/USD;1499,30000000;1504,00000000;1479,50000000;1480,80000000;-1,25
2020-10-17T00:00:00+00:00;HEDGESHIT/USD;1515,40000000;1548,30000000;1494,80000000;1499,30000000;-1,07
2020-10-16T00:00:00+00:00;HEDGESHIT/USD;1455,70000000;1538,40000000;1448,30000000;1515,40000000;3,94
2020-10-15T00:00:00+00:00;HEDGESHIT/USD;1434,00000000;1508,00000000;1433,40000000;1455,70000000;1,49
2020-10-14T00:00:00+00:00;HEDGESHIT/USD;1413,30000000;1512,10000000;1398,40000000;1434,00000000;1,44
2020-10-13T00:00:00+00:00;HEDGESHIT/USD;1398,10000000;1429,20000000;1384,60000000;1413,30000000;1,08
2020-10-12T00:00:00+00:00;HEDGESHIT/USD;1387,00000000;1431,00000000;1368,20000000;1398,10000000;0,79
2020-10-11T00:00:00+00:00;HEDGESHIT/USD;1422,80000000;1450,80000000;1385,50000000;1387,00000000;-2,58
2020-10-10T00:00:00+00:00;HEDGESHIT/USD;1459,50000000;1465,50000000;1395,70000000;1422,80000000;-2,58
2020-10-09T00:00:00+00:00;HEDGESHIT/USD;1519,70000000;1551,30000000;1452,20000000;1459,50000000;-4,12
2020-10-08T00:00:00+00:00;HEDGESHIT/USD;1571,60000000;1620,10000000;1514,30000000;1519,70000000;-3,42
2020-10-07T00:00:00+00:00;HEDGESHIT/USD;1605,75000000;1653,25000000;1571,60000000;1571,60000000;-2,17
2020-10-06T00:00:00+00:00;HEDGESHIT/USD;1496,50000000;1614,75000000;1494,30000000;1605,75000000;6,8
2020-10-05T00:00:00+00:00;HEDGESHIT/USD;1482,70000000;1503,90000000;1470,00000000;1496,50000000;0,92
2020-10-04T00:00:00+00:00;HEDGESHIT/USD;1498,20000000;1531,90000000;1479,90000000;1482,70000000;-1,05
2020-10-03T00:00:00+00:00;HEDGESHIT/USD;1524,80000000;1577,00000000;1475,30000000;1498,20000000;-1,78
2020-10-02T00:00:00+00:00;HEDGESHIT/USD;1465,00000000;1597,10000000;1450,90000000;1524,80000000;3,92
2020-10-01T00:00:00+00:00;HEDGESHIT/USD;1438,30000000;1512,60000000;1400,10000000;1460,20000000;1,5
2020-09-30T00:00:00+00:00;HEDGESHIT/USD;1445,00000000;1500,90000000;1437,30000000;1438,30000000;-0,47
2020-09-29T00:00:00+00:00;HEDGESHIT/USD;1504,20000000;1512,90000000;1445,00000000;1445,00000000;-4,1
2020-09-28T00:00:00+00:00;HEDGESHIT/USD;1516,10000000;1527,00000000;1445,90000000;1504,20000000;-0,79
2020-09-27T00:00:00+00:00;HEDGESHIT/USD;1516,10000000;1578,20000000;1498,00000000;1516,10000000;0,0
2020-09-26T00:00:00+00:00;HEDGESHIT/USD;1544,20000000;1581,40000000;1509,90000000;1516,10000000;-1,85
2020-09-25T00:00:00+00:00;HEDGESHIT/USD;1580,80000000;1638,25000000;1531,25000000;1544,20000000;-2,37
2020-09-24T00:00:00+00:00;HEDGESHIT/USD;1733,00000000;1747,50000000;1578,60000000;1580,80000000;-9,63
2020-09-23T00:00:00+00:00;HEDGESHIT/USD;1609,50000000;1744,00000000;1597,75000000;1733,00000000;7,13
2020-09-22T00:00:00+00:00;HEDGESHIT/USD;1655,50000000;1694,50000000;1608,25000000;1609,50000000;-2,86
2020-09-21T00:00:00+00:00;HEDGESHIT/USD;1542,40000000;1696,30000000;1499,70000000;1655,50000000;6,83
2020-09-20T00:00:00+00:00;HEDGESHIT/USD;1504,40000000;1593,00000000;1499,10000000;1542,40000000;2,46
2020-09-19T00:00:00+00:00;HEDGESHIT/USD;1531,90000000;1554,00000000;1503,70000000;1504,40000000;-1,83
2020-09-18T00:00:00+00:00;HEDGESHIT/USD;1511,90000000;1582,60000000;1480,30000000;1531,90000000;1,31
2020-09-17T00:00:00+00:00;HEDGESHIT/USD;1511,20000000;1588,80000000;1472,60000000;1511,90000000;0,05
2020-09-16T00:00:00+00:00;HEDGESHIT/USD;1514,20000000;1576,20000000;1505,50000000;1511,20000000;-0,2
2020-09-15T00:00:00+00:00;HEDGESHIT/USD;1442,70000000;1518,60000000;1420,40000000;1514,20000000;4,72
2020-09-14T00:00:00+00:00;HEDGESHIT/USD;1451,90000000;1487,50000000;1412,80000000;1442,70000000;-0,64
2020-09-13T00:00:00+00:00;HEDGESHIT/USD;1392,10000000;1509,80000000;1377,10000000;1451,90000000;4,12
2020-09-12T00:00:00+00:00;HEDGESHIT/USD;1424,70000000;1448,60000000;1391,70000000;1392,10000000;-2,34
2020-09-11T00:00:00+00:00;HEDGESHIT/USD;1424,30000000;1497,30000000;1416,30000000;1424,70000000;0,03
2020-09-10T00:00:00+00:00;HEDGESHIT/USD;1529,20000000;1530,00000000;1401,70000000;1424,30000000;-7,37
2020-09-09T00:00:00+00:00;HEDGESHIT/USD;1638,00000000;1664,75000000;1501,50000000;1529,20000000;-7,11
2020-09-08T00:00:00+00:00;HEDGESHIT/USD;1583,50000000;1671,25000000;1574,50000000;1638,00000000;3,33
2020-09-07T00:00:00+00:00;HEDGESHIT/USD;1566,40000000;1721,00000000;1501,50000000;1583,50000000;1,08
2020-09-06T00:00:00+00:00;HEDGESHIT/USD;1662,50000000;1753,25000000;1537,00000000;1566,40000000;-6,14
2020-09-05T00:00:00+00:00;HEDGESHIT/USD;1490,40000000;1735,20000000;1459,10000000;1662,50000000;10,35
2020-09-04T00:00:00+00:00;HEDGESHIT/USD;1595,50000000;1631,50000000;1471,10000000;1490,40000000;-7,05
2020-09-03T00:00:00+00:00;HEDGESHIT/USD;1353,70000000;1599,80000000;1343,40000000;1595,50000000;15,16
2020-09-02T00:00:00+00:00;HEDGESHIT/USD;1278,00000000;1400,00000000;1271,30000000;1353,70000000;5,59
2020-09-01T00:00:00+00:00;HEDGESHIT/USD;1273,80000000;1291,50000000;1253,80000000;1278,00000000;0,33
2020-08-31T00:00:00+00:00;HEDGESHIT/USD;1284,40000000;1300,40000000;1261,30000000;1273,80000000;-0,83
2020-08-30T00:00:00+00:00;HEDGESHIT/USD;1304,60000000;1305,90000000;1279,10000000;1284,40000000;-1,57
2020-08-29T00:00:00+00:00;HEDGESHIT/USD;1330,90000000;1337,00000000;1292,40000000;1304,60000000;-2,02
2020-08-28T00:00:00+00:00;HEDGESHIT/USD;1400,00000000;1408,90000000;1329,90000000;1330,90000000;-5,19
2020-08-27T00:00:00+00:00;HEDGESHIT/USD;1327,10000000;1443,60000000;1324,80000000;1400,00000000;5,21
2020-08-26T00:00:00+00:00;HEDGESHIT/USD;1370,70000000;1394,90000000;1315,40000000;1327,10000000;-3,29
2020-08-25T00:00:00+00:00;HEDGESHIT/USD;1273,50000000;1429,60000000;1270,90000000;1370,70000000;7,09
2020-08-24T00:00:00+00:00;HEDGESHIT/USD;1293,70000000;1314,00000000;1264,10000000;1273,50000000;-1,59
2020-08-23T00:00:00+00:00;HEDGESHIT/USD;1275,80000000;1324,90000000;1262,80000000;1293,70000000;1,38
2020-08-22T00:00:00+00:00;HEDGESHIT/USD;1329,60000000;1411,60000000;1275,40000000;1275,80000000;-4,22
2020-08-21T00:00:00+00:00;HEDGESHIT/USD;1312,70000000;1347,50000000;1232,70000000;1329,60000000;1,27
2020-08-20T00:00:00+00:00;HEDGESHIT/USD;1434,90000000;1454,40000000;1309,00000000;1312,70000000;-9,31
2020-08-19T00:00:00+00:00;HEDGESHIT/USD;1358,20000000;1508,60000000;1343,50000000;1434,90000000;5,35
2020-08-18T00:00:00+00:00;HEDGESHIT/USD;1343,30000000;1412,50000000;1318,30000000;1358,20000000;1,1
2020-08-17T00:00:00+00:00;HEDGESHIT/USD;1337,10000000;1461,40000000;1305,10000000;1343,30000000;0,46
2020-08-16T00:00:00+00:00;HEDGESHIT/USD;1424,70000000;1474,70000000;1333,40000000;1337,10000000;-6,55
2020-08-15T00:00:00+00:00;HEDGESHIT/USD;1427,80000000;1508,60000000;1393,20000000;1424,70000000;-0,22
2020-08-14T00:00:00+00:00;HEDGESHIT/USD;1497,30000000;1508,60000000;1424,20000000;1427,80000000;-4,87
2020-08-13T00:00:00+00:00;HEDGESHIT/USD;1536,00000000;1584,70000000;1484,90000000;1497,30000000;-2,58
2020-08-12T00:00:00+00:00;HEDGESHIT/USD;1636,50000000;1683,25000000;1534,90000000;1536,00000000;-6,54
2020-08-11T00:00:00+00:00;HEDGESHIT/USD;1543,90000000;1680,10000000;1543,00000000;1636,50000000;5,66
2020-08-10T00:00:00+00:00;HEDGESHIT/USD;1644,75000000;1694,50000000;1543,90000000;1543,90000000;-6,53
2020-08-09T00:00:00+00:00;HEDGESHIT/USD;1679,00000000;1697,00000000;1644,75000000;1644,75000000;-2,08
2020-08-08T00:00:00+00:00;HEDGESHIT/USD;1772,75000000;1778,25000000;1679,00000000;1679,00000000;-5,58
2020-08-07T00:00:00+00:00;HEDGESHIT/USD;1792,75000000;1840,25000000;1751,50000000;1772,75000000;-1,13
2020-08-06T00:00:00+00:00;HEDGESHIT/USD;1844,25000000;1857,00000000;1787,00000000;1792,75000000;-2,87
2020-08-05T00:00:00+00:00;HEDGESHIT/USD;1887,00000000;1906,75000000;1844,00000000;1844,25000000;-2,32
2020-08-04T00:00:00+00:00;HEDGESHIT/USD;1906,75000000;1906,75000000;1874,75000000;1887,00000000;-1,05
2020-08-03T00:00:00+00:00;HEDGESHIT/USD;1976,75000000;1986,75000000;1893,00000000;1906,75000000;-3,67
2020-08-02T00:00:00+00:00;HEDGESHIT/USD;1908,50000000;2119,25000000;1871,50000000;1976,75000000;3,45
2020-08-01T00:00:00+00:00;HEDGESHIT/USD;2005,50000000;2050,00000000;1904,00000000;1908,50000000;-5,08
2020-07-31T00:00:00+00:00;HEDGESHIT/USD;1992,50000000;2027,25000000;1981,75000000;2005,50000000;0,65
2020-07-30T00:00:00+00:00;HEDGESHIT/USD;2026,00000000;2042,25000000;1986,00000000;1992,50000000;-1,68
2020-07-29T00:00:00+00:00;HEDGESHIT/USD;2007,25000000;2035,75000000;1982,00000000;2026,00000000;0,93
2020-07-28T00:00:00+00:00;HEDGESHIT/USD;2086,50000000;2094,50000000;2004,50000000;2007,25000000;-3,95
2020-07-27T00:00:00+00:00;HEDGESHIT/USD;1996,50000000;2165,00000000;1987,25000000;2086,50000000;4,31
2020-07-26T00:00:00+00:00;HEDGESHIT/USD;1956,75000000;2033,50000000;1948,50000000;1996,50000000;1,99
2020-07-25T00:00:00+00:00;HEDGESHIT/USD;1985,50000000;1989,00000000;1937,50000000;1956,75000000;-1,47
2020-07-24T00:00:00+00:00;HEDGESHIT/USD;1958,75000000;2088,00000000;1956,00000000;1985,50000000;1,35
2020-07-23T00:00:00+00:00;HEDGESHIT/USD;1972,50000000;1987,75000000;1944,00000000;1958,75000000;-0,7
2020-07-22T00:00:00+00:00;HEDGESHIT/USD;2013,75000000;2044,00000000;1949,50000000;1972,50000000;-2,09
2020-07-21T00:00:00+00:00;HEDGESHIT/USD;2045,00000000;2054,75000000;2009,75000000;2013,75000000;-1,55
2020-07-20T00:00:00+00:00;HEDGESHIT/USD;2035,75000000;2068,25000000;2001,75000000;2045,00000000;0,45
2020-07-19T00:00:00+00:00;HEDGESHIT/USD;2056,50000000;2087,25000000;2033,50000000;2035,75000000;-1,02
2020-07-18T00:00:00+00:00;HEDGESHIT/USD;2088,50000000;2116,00000000;2047,50000000;2056,50000000;-1,56
2020-07-17T00:00:00+00:00;HEDGESHIT/USD;2144,00000000;2177,00000000;2078,25000000;2088,50000000;-2,66
2020-07-16T00:00:00+00:00;HEDGESHIT/USD;2089,50000000;2225,00000000;2078,25000000;2144,00000000;2,54
2020-07-15T00:00:00+00:00;HEDGESHIT/USD;2062,00000000;2102,00000000;2047,00000000;2089,50000000;1,32
2020-07-14T00:00:00+00:00;HEDGESHIT/USD;2070,50000000;2180,25000000;2057,75000000;2062,00000000;-0,41
2020-07-13T00:00:00+00:00;HEDGESHIT/USD;2034,50000000;2086,75000000;1988,00000000;2070,50000000;1,74
2020-07-12T00:00:00+00:00;HEDGESHIT/USD;2034,25000000;2074,25000000;2010,50000000;2034,50000000;0,01
2020-07-11T00:00:00+00:00;HEDGESHIT/USD;2050,50000000;2083,75000000;2029,50000000;2034,25000000;-0,8
2020-07-10T00:00:00+00:00;HEDGESHIT/USD;2080,00000000;2142,75000000;2050,50000000;2050,50000000;-1,44
2020-07-09T00:00:00+00:00;HEDGESHIT/USD;2066,25000000;2161,00000000;2050,00000000;2080,00000000;0,66
2020-07-08T00:00:00+00:00;HEDGESHIT/USD;2148,50000000;2153,75000000;2062,25000000;2066,25000000;-3,98
2020-07-07T00:00:00+00:00;HEDGESHIT/USD;2165,50000000;2194,50000000;2142,00000000;2148,50000000;-0,79
2020-07-06T00:00:00+00:00;HEDGESHIT/USD;2259,50000000;2263,00000000;2162,25000000;2165,50000000;-4,34
2020-07-05T00:00:00+00:00;HEDGESHIT/USD;2237,50000000;2305,50000000;2230,50000000;2259,50000000;0,97
2020-07-04T00:00:00+00:00;HEDGESHIT/USD;2295,50000000;2302,25000000;2230,50000000;2237,50000000;-2,59
2020-07-03T00:00:00+00:00;HEDGESHIT/USD;2358,75000000;2382,00000000;2278,00000000;2295,50000000;-2,76
2020-07-02T00:00:00+00:00;HEDGESHIT/USD;2335,50000000;2423,25000000;2300,75000000;2358,75000000;0,99
2020-07-01T00:00:00+00:00;HEDGESHIT/USD;2400,25000000;2443,00000000;2334,25000000;2335,50000000;-2,77
2020-06-30T00:00:00+00:00;HEDGESHIT/USD;2381,75000000;2441,25000000;2373,50000000;2400,25000000;0,77
2020-06-29T00:00:00+00:00;HEDGESHIT/USD;2417,75000000;2443,00000000;2363,00000000;2381,75000000;-1,51
2020-06-28T00:00:00+00:00;HEDGESHIT/USD;2508,00000000;2543,25000000;2386,75000000;2417,75000000;-3,73
2020-06-27T00:00:00+00:00;HEDGESHIT/USD;2368,75000000;2558,00000000;2367,75000000;2508,00000000;5,55
2020-06-26T00:00:00+00:00;HEDGESHIT/USD;2344,50000000;2443,00000000;2324,25000000;2368,75000000;1,02
2020-06-25T00:00:00+00:00;HEDGESHIT/USD;2296,75000000;2443,00000000;2296,75000000;2344,50000000;2,04
2020-06-24T00:00:00+00:00;HEDGESHIT/USD;2214,00000000;2337,00000000;2187,75000000;2296,75000000;3,6
2020-06-23T00:00:00+00:00;HEDGESHIT/USD;2229,00000000;2438,00000000;2208,00000000;2214,00000000;-0,68
2020-06-22T00:00:00+00:00;HEDGESHIT/USD;2348,75000000;2350,50000000;2223,00000000;2229,00000000;-5,37
2020-06-21T00:00:00+00:00;HEDGESHIT/USD;2324,25000000;2350,75000000;2293,25000000;2348,75000000;1,04
2020-06-20T00:00:00+00:00;HEDGESHIT/USD;2340,25000000;2385,25000000;2315,00000000;2324,25000000;-0,69
2020-06-19T00:00:00+00:00;HEDGESHIT/USD;2322,75000000;2443,00000000;2305,50000000;2340,25000000;0,75
2020-06-18T00:00:00+00:00;HEDGESHIT/USD;2294,75000000;2361,25000000;2276,00000000;2322,75000000;1,21
2020-06-17T00:00:00+00:00;HEDGESHIT/USD;2275,50000000;2336,75000000;2252,75000000;2294,75000000;0,84
2020-06-16T00:00:00+00:00;HEDGESHIT/USD;2320,25000000;2340,50000000;2263,00000000;2275,50000000;-1,97
2020-06-15T00:00:00+00:00;HEDGESHIT/USD;2359,75000000;2559,50000000;2302,00000000;2320,25000000;-1,7
2020-06-14T00:00:00+00:00;HEDGESHIT/USD;2271,50000000;2374,25000000;2259,25000000;2359,75000000;3,74
2020-06-13T00:00:00+00:00;HEDGESHIT/USD;2299,25000000;2307,25000000;2263,25000000;2271,50000000;-1,22
2020-06-12T00:00:00+00:00;HEDGESHIT/USD;2493,00000000;2506,00000000;2295,00000000;2299,25000000;-8,43
2020-06-11T00:00:00+00:00;HEDGESHIT/USD;2274,75000000;2494,25000000;2233,25000000;2493,00000000;8,75
2020-06-10T00:00:00+00:00;HEDGESHIT/USD;2412,75000000;2417,00000000;2274,25000000;2274,75000000;-6,07
2020-06-09T00:00:00+00:00;HEDGESHIT/USD;2465,75000000;2528,00000000;2412,00000000;2412,75000000;-2,2
2020-06-08T00:00:00+00:00;HEDGESHIT/USD;2485,00000000;2564,50000000;2457,50000000;2465,75000000;-0,78
2020-06-07T00:00:00+00:00;HEDGESHIT/USD;2516,50000000;2574,25000000;2483,50000000;2485,00000000;-1,27
2020-06-06T00:00:00+00:00;HEDGESHIT/USD;2564,50000000;2585,00000000;2500,50000000;2516,50000000;-1,91
2020-06-05T00:00:00+00:00;HEDGESHIT/USD;2562,00000000;2565,75000000;2523,50000000;2564,50000000;0,1
2020-06-04T00:00:00+00:00;HEDGESHIT/USD;2585,50000000;2626,50000000;2536,00000000;2562,00000000;-0,92
2020-06-03T00:00:00+00:00;HEDGESHIT/USD;2653,25000000;2687,25000000;2574,50000000;2585,50000000;-2,62
2020-06-02T00:00:00+00:00;HEDGESHIT/USD;2600,25000000;2755,25000000;2540,75000000;2653,25000000;2,0
2020-06-01T00:00:00+00:00;HEDGESHIT/USD;2739,75000000;2747,50000000;2518,75000000;2600,25000000;-5,36
2020-05-31T00:00:00+00:00;HEDGESHIT/USD;2664,50000000;2749,25000000;2649,25000000;2739,00000000;2,72
2020-05-30T00:00:00+00:00;HEDGESHIT/USD;2733,00000000;2756,25000000;2621,00000000;2664,50000000;-2,57
2020-05-29T00:00:00+00:00;HEDGESHIT/USD;2715,75000000;2764,75000000;2708,50000000;2733,00000000;0,63
2020-05-28T00:00:00+00:00;HEDGESHIT/USD;2723,75000000;2756,00000000;2701,25000000;2715,75000000;-0,29
2020-05-27T00:00:00+00:00;HEDGESHIT/USD;2732,75000000;2775,25000000;2664,25000000;2723,75000000;-0,33
2020-05-26T00:00:00+00:00;HEDGESHIT/USD;2763,75000000;3113,75000000;2705,00000000;2732,75000000;-1,13
2020-05-25T00:00:00+00:00;HEDGESHIT/USD;3000,50000000;3029,75000000;2760,75000000;2763,75000000;-8,57
2020-05-24T00:00:00+00:00;HEDGESHIT/USD;2890,25000000;3007,75000000;2803,75000000;3000,50000000;3,67
2020-05-23T00:00:00+00:00;HEDGESHIT/USD;2908,75000000;2980,25000000;2850,25000000;2890,25000000;-0,64
2020-05-22T00:00:00+00:00;HEDGESHIT/USD;3214,00000000;3259,00000000;2889,50000000;2908,75000000;-10,49
2020-05-21T00:00:00+00:00;HEDGESHIT/USD;3126,50000000;3524,50000000;3096,75000000;3214,00000000;2,72
2020-05-20T00:00:00+00:00;HEDGESHIT/USD;3127,00000000;3240,25000000;3062,75000000;3126,50000000;-0,02
2020-05-19T00:00:00+00:00;HEDGESHIT/USD;3179,50000000;3260,00000000;3121,00000000;3127,00000000;-1,68
2020-05-18T00:00:00+00:00;HEDGESHIT/USD;3195,50000000;3265,50000000;3134,50000000;3179,50000000;-0,5
2020-05-17T00:00:00+00:00;HEDGESHIT/USD;3216,00000000;3236,00000000;3124,50000000;3195,50000000;-0,64
2020-05-16T00:00:00+00:00;HEDGESHIT/USD;3253,50000000;3327,50000000;3153,00000000;3216,00000000;-1,17
2020-05-15T00:00:00+00:00;HEDGESHIT/USD;3193,00000000;3329,00000000;3177,00000000;3253,50000000;1,86
2020-05-14T00:00:00+00:00;HEDGESHIT/USD;3239,50000000;3306,50000000;3188,50000000;3193,00000000;-1,46
2020-05-13T00:00:00+00:00;HEDGESHIT/USD;3372,50000000;3455,50000000;3196,00000000;3239,50000000;-4,11
2020-05-12T00:00:00+00:00;HEDGESHIT/USD;3609,50000000;4978,00000000;3351,00000000;3372,50000000;-7,03
2020-05-11T00:00:00+00:00;HEDGESHIT/USD;3558,00000000;3790,50000000;3460,00000000;3609,50000000;1,43
2020-05-10T00:00:00+00:00;HEDGESHIT/USD;3268,50000000;3795,00000000;3261,00000000;3558,00000000;8,14
2020-05-09T00:00:00+00:00;HEDGESHIT/USD;3217,00000000;3295,50000000;3176,50000000;3268,50000000;1,58
2020-05-08T00:00:00+00:00;HEDGESHIT/USD;3277,50000000;3345,50000000;3157,00000000;3217,00000000;-1,88
2020-05-07T00:00:00+00:00;HEDGESHIT/USD;3447,50000000;3532,50000000;3241,50000000;3277,50000000;-5,19
2020-05-06T00:00:00+00:00;HEDGESHIT/USD;3388,50000000;3478,00000000;3298,00000000;3447,50000000;1,71
2020-05-05T00:00:00+00:00;HEDGESHIT/USD;3520,00000000;3640,00000000;3381,00000000;3388,50000000;-3,88
2020-05-04T00:00:00+00:00;HEDGESHIT/USD;3530,50000000;3824,50000000;3488,00000000;3520,00000000;-0,3
2020-05-03T00:00:00+00:00;HEDGESHIT/USD;3426,50000000;3615,50000000;3387,50000000;3530,50000000;2,95
2020-05-02T00:00:00+00:00;HEDGESHIT/USD;3550,50000000;3633,50000000;3420,50000000;3426,50000000;-3,62
2020-05-01T00:00:00+00:00;HEDGESHIT/USD;3732,00000000;3738,00000000;3482,00000000;3550,50000000;-5,11
2020-04-30T00:00:00+00:00;HEDGESHIT/USD;3612,50000000;3860,00000000;3450,00000000;3730,00000000;3,15
2020-04-29T00:00:00+00:00;HEDGESHIT/USD;3854,50000000;3856,00000000;3530,00000000;3612,50000000;-6,7
2020-04-28T00:00:00+00:00;HEDGESHIT/USD;3887,50000000;4342,50000000;3817,50000000;3854,50000000;-0,86
2020-04-27T00:00:00+00:00;HEDGESHIT/USD;3823,00000000;3968,50000000;3791,00000000;3887,50000000;1,66
2020-04-26T00:00:00+00:00;HEDGESHIT/USD;3933,50000000;3973,00000000;3795,50000000;3823,00000000;-2,89
2020-04-25T00:00:00+00:00;HEDGESHIT/USD;4085,00000000;4309,50000000;3882,00000000;3933,50000000;-3,85
2020-04-24T00:00:00+00:00;HEDGESHIT/USD;4214,50000000;4325,00000000;4036,00000000;4085,00000000;-3,17
2020-04-23T00:00:00+00:00;HEDGESHIT/USD;4371,00000000;4503,50000000;4092,00000000;4214,50000000;-3,71
2020-04-22T00:00:00+00:00;HEDGESHIT/USD;4591,50000000;4609,50000000;4337,50000000;4371,00000000;-5,04
2020-04-21T00:00:00+00:00;HEDGESHIT/USD;4648,00000000;4714,00000000;4544,50000000;4591,50000000;-1,23
2020-04-20T00:00:00+00:00;HEDGESHIT/USD;4427,00000000;4699,00000000;4336,00000000;4648,00000000;4,75
2020-04-19T00:00:00+00:00;HEDGESHIT/USD;4317,50000000;4470,50000000;4306,50000000;4427,00000000;2,47
2020-04-18T00:00:00+00:00;HEDGESHIT/USD;4506,00000000;4515,50000000;4293,50000000;4317,50000000;-4,37
2020-04-17T00:00:00+00:00;HEDGESHIT/USD;4515,50000000;5033,00000000;4431,00000000;4506,00000000;-0,21
2020-04-16T00:00:00+00:00;HEDGESHIT/USD;4904,50000000;5022,00000000;4464,00000000;4515,50000000;-8,61
2020-04-15T00:00:00+00:00;HEDGESHIT/USD;4748,50000000;4909,50000000;4695,00000000;4904,50000000;3,18
2020-04-14T00:00:00+00:00;HEDGESHIT/USD;4782,00000000;4881,00000000;4674,00000000;4748,50000000;-0,71
2020-04-13T00:00:00+00:00;HEDGESHIT/USD;4742,00000000;5166,00000000;4742,00000000;4782,00000000;0,84
2020-04-12T00:00:00+00:00;HEDGESHIT/USD;4751,00000000;4835,00000000;4537,50000000;4742,00000000;-0,19
2020-04-11T00:00:00+00:00;HEDGESHIT/USD;4788,50000000;4840,00000000;4672,50000000;4751,00000000;-0,79
2020-04-10T00:00:00+00:00;HEDGESHIT/USD;4427,50000000;4946,00000000;4422,50000000;4788,50000000;7,54
2020-04-09T00:00:00+00:00;HEDGESHIT/USD;4445,00000000;4575,00000000;4415,00000000;4427,50000000;-0,4
2020-04-08T00:00:00+00:00;HEDGESHIT/USD;4634,00000000;4661,00000000;4442,00000000;4445,00000000;-4,25
2020-04-07T00:00:00+00:00;HEDGESHIT/USD;4529,00000000;4705,50000000;4417,50000000;4634,00000000;2,27
2020-04-06T00:00:00+00:00;HEDGESHIT/USD;4988,50000000;5039,50000000;4512,00000000;4529,00000000;-10,15
2020-04-05T00:00:00+00:00;HEDGESHIT/USD;4883,50000000;5028,50000000;4842,00000000;4988,50000000;2,1
2020-04-04T00:00:00+00:00;HEDGESHIT/USD;5015,00000000;5259,00000000;4789,00000000;4883,50000000;-2,69
2020-04-03T00:00:00+00:00;HEDGESHIT/USD;5085,00000000;5259,00000000;4872,00000000;5015,00000000;-1,4
2020-04-02T00:00:00+00:00;HEDGESHIT/USD;5148,50000000;5259,00000000;4832,00000000;5085,00000000;-1,25
2020-04-01T00:00:00+00:00;HEDGESHIT/USD;5281,00000000;6006,50000000;5095,00000000;5148,50000000;-2,57
2020-03-31T00:00:00+00:00;HEDGESHIT/USD;5347,50000000;6006,50000000;5203,50000000;5281,00000000;-1,26
2020-03-30T00:00:00+00:00;HEDGESHIT/USD;5858,00000000;6006,50000000;5171,00000000;5350,50000000;-9,49
2020-03-29T00:00:00+00:00;HEDGESHIT/USD;5551,50000000;6006,50000000;5524,00000000;5858,00000000;5,23
2020-03-28T00:00:00+00:00;HEDGESHIT/USD;5556,50000000;6006,50000000;5522,50000000;5551,50000000;-0,09
2020-03-27T00:00:00+00:00;HEDGESHIT/USD;5298,00000000;6006,50000000;5197,50000000;5556,50000000;4,65
2020-03-26T00:00:00+00:00;HEDGESHIT/USD;5515,50000000;6006,50000000;5277,00000000;5298,00000000;-4,11
2020-03-25T00:00:00+00:00;HEDGESHIT/USD;5449,00000000;5758,50000000;5321,50000000;5515,00000000;1,2
2020-03-24T00:00:00+00:00;HEDGESHIT/USD;5599,50000000;5743,50000000;5377,00000000;5449,00000000;-2,76
2020-03-23T00:00:00+00:00;HEDGESHIT/USD;6202,00000000;6351,50000000;5471,50000000;5597,50000000;-10,8
2020-03-22T00:00:00+00:00;HEDGESHIT/USD;5705,00000000;6247,50000000;5536,00000000;6202,00000000;8,01
2020-03-21T00:00:00+00:00;HEDGESHIT/USD;5789,50000000;6047,00000000;5508,00000000;5705,00000000;-1,48
2020-03-20T00:00:00+00:00;HEDGESHIT/USD;5593,50000000;6388,50000000;4939,00000000;5794,00000000;3,46
2020-03-19T00:00:00+00:00;HEDGESHIT/USD;6777,50000000;6782,50000000;5355,50000000;5592,00000000;-21,2
2020-03-18T00:00:00+00:00;HEDGESHIT/USD;7041,00000000;7503,50000000;6774,00000000;6777,50000000;-3,89
2020-03-17T00:00:00+00:00;HEDGESHIT/USD;7703,50000000;7810,00000000;6775,00000000;7033,50000000;-9,53
2020-03-16T00:00:00+00:00;HEDGESHIT/USD;6903,50000000;8402,00000000;6887,50000000;7703,50000000;10,38
2020-03-15T00:00:00+00:00;HEDGESHIT/USD;7148,00000000;7226,00000000;5848,00000000;6903,50000000;-3,54
2020-03-14T00:00:00+00:00;HEDGESHIT/USD;6814,00000000;7265,50000000;6574,50000000;7148,00000000;4,67
2020-03-13T00:00:00+00:00;HEDGESHIT/USD;8357,00000000;10568,00000000;6335,00000000;6814,00000000;-22,64
2020-03-12T00:00:00+00:00;HEDGESHIT/USD;5737,00000000;8555,00000000;5715,00000000;8381,00000000;31,55
2020-03-11T00:00:00+00:00;HEDGESHIT/USD;5606,00000000;6080,50000000;5501,00000000;5737,00000000;2,28
2020-03-10T00:00:00+00:00;HEDGESHIT/USD;5809,50000000;5835,50000000;5495,50000000;5607,00000000;-3,61
2020-03-09T00:00:00+00:00;HEDGESHIT/USD;5832,00000000;6167,50000000;5685,50000000;5809,50000000;-0,39
2020-03-08T00:00:00+00:00;HEDGESHIT/USD;5093,00000000;5843,50000000;5093,00000000;5833,00000000;12,69
2020-03-07T00:00:00+00:00;HEDGESHIT/USD;4937,00000000;5135,50000000;4838,50000000;5093,00000000;3,06
2020-03-06T00:00:00+00:00;HEDGESHIT/USD;5093,50000000;5139,00000000;4935,50000000;4937,00000000;-3,17
2020-03-05T00:00:00+00:00;HEDGESHIT/USD;5316,50000000;5316,50000000;5008,00000000;5093,50000000;-4,38
2020-03-04T00:00:00+00:00;HEDGESHIT/USD;5419,50000000;5459,00000000;5315,00000000;5316,50000000;-1,94
2020-03-03T00:00:00+00:00;HEDGESHIT/USD;5343,50000000;5508,00000000;5295,50000000;5419,50000000;1,4
2020-03-02T00:00:00+00:00;HEDGESHIT/USD;5637,00000000;5685,00000000;5270,00000000;5344,50000000;-5,47
2020-03-01T00:00:00+00:00;HEDGESHIT/USD;5763,00000000;5770,00000000;5369,00000000;5637,00000000;-2,24
2020-02-29T00:00:00+00:00;HEDGESHIT/USD;5728,50000000;5788,00000000;5579,50000000;5762,00000000;0,58
2020-02-28T00:00:00+00:00;HEDGESHIT/USD;5637,00000000;6034,00000000;5490,50000000;5728,50000000;1,6
2020-02-27T00:00:00+00:00;HEDGESHIT/USD;5791,50000000;6111,50000000;5407,50000000;5637,00000000;-2,74
2020-02-26T00:00:00+00:00;HEDGESHIT/USD;5400,00000000;6051,00000000;5271,00000000;5793,50000000;6,79
2020-02-25T00:00:00+00:00;HEDGESHIT/USD;5045,00000000;5465,50000000;5036,00000000;5399,00000000;6,56
2020-02-24T00:00:00+00:00;HEDGESHIT/USD;4747,00000000;5166,00000000;4716,00000000;5045,00000000;5,91
2020-02-23T00:00:00+00:00;HEDGESHIT/USD;5024,00000000;5027,50000000;4727,50000000;4745,50000000;-5,87
2020-02-22T00:00:00+00:00;HEDGESHIT/USD;4943,50000000;5106,00000000;4930,00000000;5024,00000000;1,6
2020-02-21T00:00:00+00:00;HEDGESHIT/USD;5052,50000000;5071,00000000;4845,50000000;4943,50000000;-2,2
2020-02-20T00:00:00+00:00;HEDGESHIT/USD;5062,00000000;5261,50000000;4971,00000000;5052,50000000;-0,19
2020-02-19T00:00:00+00:00;HEDGESHIT/USD;4650,00000000;5201,00000000;4590,50000000;5062,00000000;8,14
2020-02-18T00:00:00+00:00;HEDGESHIT/USD;4952,00000000;5040,00000000;4596,00000000;4650,00000000;-6,49
2020-02-17T00:00:00+00:00;HEDGESHIT/USD;4885,50000000;5436,00000000;4856,00000000;4954,00000000;1,38
2020-02-16T00:00:00+00:00;HEDGESHIT/USD;4590,50000000;5243,00000000;4454,50000000;4881,00000000;5,95
2020-02-15T00:00:00+00:00;HEDGESHIT/USD;4342,00000000;4679,00000000;4111,50000000;4590,50000000;5,41
2020-02-14T00:00:00+00:00;HEDGESHIT/USD;4588,50000000;4655,00000000;4341,00000000;4342,00000000;-5,68
2020-02-13T00:00:00+00:00;HEDGESHIT/USD;4577,50000000;4807,50000000;4487,00000000;4588,50000000;0,24
2020-02-12T00:00:00+00:00;HEDGESHIT/USD;4745,50000000;4745,50000000;4524,00000000;4577,50000000;-3,67
2020-02-11T00:00:00+00:00;HEDGESHIT/USD;4920,50000000;5106,50000000;4727,50000000;4745,50000000;-3,69
2020-02-10T00:00:00+00:00;HEDGESHIT/USD;4970,50000000;5154,00000000;4903,00000000;4920,50000000;-1,02
2020-02-09T00:00:00+00:00;HEDGESHIT/USD;5306,00000000;5314,50000000;4966,50000000;4970,50000000;-6,75
2020-02-08T00:00:00+00:00;HEDGESHIT/USD;5243,50000000;5491,00000000;5203,00000000;5306,00000000;1,18
2020-02-07T00:00:00+00:00;HEDGESHIT/USD;5336,00000000;5375,50000000;5233,50000000;5244,50000000;-1,74
2020-02-06T00:00:00+00:00;HEDGESHIT/USD;5554,00000000;5599,00000000;5324,50000000;5336,00000000;-4,09
2020-02-05T00:00:00+00:00;HEDGESHIT/USD;5600,00000000;5716,50000000;5505,00000000;5554,00000000;-0,83
2020-02-04T00:00:00+00:00;HEDGESHIT/USD;6007,00000000;6011,00000000;5596,00000000;5600,00000000;-7,27
2020-02-03T00:00:00+00:00;HEDGESHIT/USD;6154,00000000;6228,00000000;5955,00000000;6007,00000000;-2,45
2020-02-02T00:00:00+00:00;HEDGESHIT/USD;6313,50000000;6393,50000000;6048,00000000;6154,00000000;-2,59
2020-02-01T00:00:00+00:00;HEDGESHIT/USD;6604,00000000;6635,00000000;6307,50000000;6313,50000000;-4,6
2020-01-31T00:00:00+00:00;HEDGESHIT/USD;6589,00000000;6783,00000000;6535,00000000;6604,00000000;0,23
2020-01-30T00:00:00+00:00;HEDGESHIT/USD;6880,00000000;6974,50000000;6543,50000000;6591,00000000;-4,38
2020-01-29T00:00:00+00:00;HEDGESHIT/USD;6855,50000000;6928,00000000;6781,50000000;6881,50000000;0,38
2020-01-28T00:00:00+00:00;HEDGESHIT/USD;7073,00000000;7106,00000000;6788,00000000;6855,50000000;-3,17
2020-01-27T00:00:00+00:00;HEDGESHIT/USD;7124,00000000;7173,00000000;6977,00000000;7073,00000000;-0,72
2020-01-26T00:00:00+00:00;HEDGESHIT/USD;7341,00000000;7368,00000000;7115,00000000;7124,00000000;-3,05
2020-01-25T00:00:00+00:00;HEDGESHIT/USD;7300,00000000;7469,00000000;7282,00000000;7341,00000000;0,56
2020-01-24T00:00:00+00:00;HEDGESHIT/USD;7367,00000000;7585,00000000;7241,00000000;7300,00000000;-0,92
2020-01-23T00:00:00+00:00;HEDGESHIT/USD;7112,00000000;7477,00000000;7107,00000000;7367,00000000;3,46
2020-01-22T00:00:00+00:00;HEDGESHIT/USD;7129,00000000;7184,00000000;7039,00000000;7112,00000000;-0,24
2020-01-21T00:00:00+00:00;HEDGESHIT/USD;7199,00000000;7318,00000000;7112,00000000;7129,00000000;-0,98
2020-01-20T00:00:00+00:00;HEDGESHIT/USD;7294,00000000;7423,00000000;7132,00000000;7199,00000000;-1,32
2020-01-19T00:00:00+00:00;HEDGESHIT/USD;6955,50000000;7444,50000000;6854,50000000;7294,00000000;4,64
2020-01-18T00:00:00+00:00;HEDGESHIT/USD;6961,50000000;7140,50000000;6881,00000000;6955,50000000;-0,09
2020-01-17T00:00:00+00:00;HEDGESHIT/USD;7311,00000000;7363,00000000;6899,00000000;6960,50000000;-5,04
2020-01-16T00:00:00+00:00;HEDGESHIT/USD;7277,00000000;7542,00000000;7226,00000000;7311,00000000;0,47
2020-01-15T00:00:00+00:00;HEDGESHIT/USD;7811,00000000;7888,00000000;7253,00000000;7277,00000000;-7,34
2020-01-14T00:00:00+00:00;HEDGESHIT/USD;8339,00000000;8360,00000000;7708,00000000;7810,00000000;-6,77
2020-01-13T00:00:00+00:00;HEDGESHIT/USD;8193,00000000;8396,00000000;8191,00000000;8339,00000000;1,75
2020-01-12T00:00:00+00:00;HEDGESHIT/USD;8472,00000000;8536,00000000;8174,00000000;8193,00000000;-3,41
2020-01-11T00:00:00+00:00;HEDGESHIT/USD;8461,00000000;8597,00000000;8225,00000000;8467,00000000;0,07
2020-01-10T00:00:00+00:00;HEDGESHIT/USD;8754,00000000;8890,00000000;8446,00000000;8466,00000000;-3,4
2020-01-09T00:00:00+00:00;HEDGESHIT/USD;8577,00000000;8857,00000000;8557,00000000;8754,00000000;2,02
2020-01-08T00:00:00+00:00;HEDGESHIT/USD;8464,00000000;8754,00000000;8329,00000000;8579,00000000;1,34
2020-01-07T00:00:00+00:00;HEDGESHIT/USD;8435,00000000;8641,00000000;8268,00000000;8461,00000000;0,31

