DATE/TIME;SYMBOL;OPEN;HIGH;LOW;CLOSE;EVOL % CLOSE/HIGH
2022-01-05T00:00:00+00:00;HEDGE/USD;85,64000000;85,91000000;83,48000000;84,13000000;-1,79
2022-01-04T00:00:00+00:00;HEDGE/USD;84,80000000;86,22000000;82,77000000;85,63000000;0,97
2022-01-03T00:00:00+00:00;HEDGE/USD;83,27000000;85,95000000;82,68000000;84,80000000;1,8
2022-01-02T00:00:00+00:00;HEDGE/USD;82,50000000;84,23000000;81,99000000;83,27000000;0,92
2022-01-01T00:00:00+00:00;HEDGE/USD;85,24000000;85,55000000;82,11000000;82,52000000;-3,3
2021-12-31T00:00:00+00:00;HEDGE/USD;83,66000000;86,16000000;81,10000000;85,35000000;1,98
2021-12-30T00:00:00+00:00;HEDGE/USD;84,92000000;85,67000000;82,16000000;83,81000000;-1,32
2021-12-29T00:00:00+00:00;HEDGE/USD;82,85000000;85,45000000;81,91000000;84,92000000;2,44
2021-12-28T00:00:00+00:00;HEDGE/USD;77,96000000;83,27000000;77,58000000;82,85000000;5,9
2021-12-27T00:00:00+00:00;HEDGE/USD;77,86000000;78,43000000;75,97000000;77,96000000;0,13
2021-12-26T00:00:00+00:00;HEDGE/USD;78,42000000;79,93000000;77,20000000;77,86000000;-0,72
2021-12-25T00:00:00+00:00;HEDGE/USD;77,96000000;78,87000000;77,42000000;78,42000000;0,59
2021-12-24T00:00:00+00:00;HEDGE/USD;78,08000000;78,40000000;76,41000000;77,96000000;-0,15
2021-12-23T00:00:00+00:00;HEDGE/USD;81,54000000;82,57000000;77,09000000;78,11000000;-4,39
2021-12-22T00:00:00+00:00;HEDGE/USD;81,12000000;81,96000000;80,11000000;81,54000000;0,52
2021-12-21T00:00:00+00:00;HEDGE/USD;84,73000000;85,22000000;80,42000000;81,12000000;-4,45
2021-12-20T00:00:00+00:00;HEDGE/USD;85,31000000;87,32000000;83,88000000;84,73000000;-0,68
2021-12-19T00:00:00+00:00;HEDGE/USD;85,14000000;85,70000000;82,59000000;85,31000000;0,2
2021-12-18T00:00:00+00:00;HEDGE/USD;86,33000000;87,52000000;84,19000000;85,14000000;-1,4
2021-12-17T00:00:00+00:00;HEDGE/USD;83,64000000;87,55000000;83,20000000;86,33000000;3,12
2021-12-16T00:00:00+00:00;HEDGE/USD;81,72000000;83,96000000;80,86000000;83,64000000;2,3
2021-12-15T00:00:00+00:00;HEDGE/USD;82,68000000;85,68000000;80,67000000;81,72000000;-1,17
2021-12-14T00:00:00+00:00;HEDGE/USD;85,60000000;86,34000000;82,13000000;82,68000000;-3,53
2021-12-13T00:00:00+00:00;HEDGE/USD;80,19000000;87,11000000;80,12000000;85,60000000;6,32
2021-12-12T00:00:00+00:00;HEDGE/USD;81,64000000;82,58000000;79,20000000;80,19000000;-1,81
2021-12-11T00:00:00+00:00;HEDGE/USD;85,67000000;86,09000000;81,34000000;81,64000000;-4,94
2021-12-10T00:00:00+00:00;HEDGE/USD;84,64000000;85,84000000;80,40000000;85,67000000;1,2
2021-12-09T00:00:00+00:00;HEDGE/USD;80,15000000;85,16000000;79,71000000;84,64000000;5,3
2021-12-08T00:00:00+00:00;HEDGE/USD;79,82000000;83,01000000;79,25000000;80,15000000;0,41
2021-12-07T00:00:00+00:00;HEDGE/USD;80,29000000;80,86000000;77,92000000;79,82000000;-0,59
2021-12-06T00:00:00+00:00;HEDGE/USD;82,48000000;85,68000000;79,51000000;80,29000000;-2,73
2021-12-05T00:00:00+00:00;HEDGE/USD;80,86000000;85,75000000;80,81000000;82,48000000;1,96
2021-12-04T00:00:00+00:00;HEDGE/USD;76,84000000;91,32000000;75,83000000;80,86000000;4,97
2021-12-03T00:00:00+00:00;HEDGE/USD;72,26000000;78,35000000;71,31000000;76,84000000;5,96
2021-12-02T00:00:00+00:00;HEDGE/USD;71,63000000;73,25000000;71,44000000;72,26000000;0,87
2021-12-01T00:00:00+00:00;HEDGE/USD;72,09000000;72,65000000;69,13000000;71,63000000;-0,64
2021-11-30T00:00:00+00:00;HEDGE/USD;70,89000000;73,17000000;69,33000000;72,09000000;1,66
2021-11-29T00:00:00+00:00;HEDGE/USD;71,84000000;72,23000000;69,61000000;70,89000000;-1,34
2021-11-28T00:00:00+00:00;HEDGE/USD;74,89000000;77,05000000;71,51000000;71,84000000;-4,25
2021-11-27T00:00:00+00:00;HEDGE/USD;76,27000000;76,65000000;74,42000000;74,89000000;-1,84
2021-11-26T00:00:00+00:00;HEDGE/USD;70,43000000;76,81000000;70,13500000;76,27000000;7,66
2021-11-25T00:00:00+00:00;HEDGE/USD;72,83000000;72,89000000;69,83000000;70,43000000;-3,41
2021-11-24T00:00:00+00:00;HEDGE/USD;72,12000000;74,23000000;71,99000000;72,83000000;0,97
2021-11-23T00:00:00+00:00;HEDGE/USD;74,05000000;74,97000000;71,93000000;72,12000000;-2,68
2021-11-22T00:00:00+00:00;HEDGE/USD;70,94000000;74,73000000;70,36000000;74,05000000;4,2
2021-11-21T00:00:00+00:00;HEDGE/USD;69,94500000;71,23000000;69,58000000;70,94000000;1,4
2021-11-20T00:00:00+00:00;HEDGE/USD;71,99000000;72,71000000;69,79000000;69,94500000;-2,92
2021-11-19T00:00:00+00:00;HEDGE/USD;73,60000000;75,00000000;71,62000000;71,99000000;-2,24
2021-11-18T00:00:00+00:00;HEDGE/USD;69,58000000;73,92000000;68,79500000;73,60000000;5,46
2021-11-17T00:00:00+00:00;HEDGE/USD;69,71000000;71,69000000;68,99000000;69,58000000;-0,19
2021-11-16T00:00:00+00:00;HEDGE/USD;66,09500000;71,32000000;66,09500000;69,71000000;5,19
2021-11-15T00:00:00+00:00;HEDGE/USD;64,42000000;66,34000000;63,58000000;66,09500000;2,53
2021-11-14T00:00:00+00:00;HEDGE/USD;65,40500000;66,29000000;64,38000000;64,42000000;-1,53
2021-11-13T00:00:00+00:00;HEDGE/USD;65,68000000;66,51000000;64,24000000;65,50000000;-0,27
2021-11-12T00:00:00+00:00;HEDGE/USD;64,95500000;67,67000000;64,40500000;65,68000000;1,1
2021-11-11T00:00:00+00:00;HEDGE/USD;65,19500000;65,70000000;64,29500000;64,95500000;-0,37
2021-11-10T00:00:00+00:00;HEDGE/USD;63,00000000;66,67500000;61,16500000;65,11500000;3,25
2021-11-09T00:00:00+00:00;HEDGE/USD;62,35000000;63,58500000;61,47500000;63,00000000;1,03
2021-11-08T00:00:00+00:00;HEDGE/USD;66,95500000;67,18000000;62,17500000;62,35000000;-7,39
2021-11-07T00:00:00+00:00;HEDGE/USD;68,96500000;69,07500000;66,88000000;66,95500000;-3,0
2021-11-06T00:00:00+00:00;HEDGE/USD;69,29500000;70,46000000;68,78500000;68,96500000;-0,48
2021-11-05T00:00:00+00:00;HEDGE/USD;68,93500000;69,68500000;67,66000000;69,29500000;0,52
2021-11-04T00:00:00+00:00;HEDGE/USD;67,27000000;69,68000000;67,09500000;68,93500000;2,42
2021-11-03T00:00:00+00:00;HEDGE/USD;67,01500000;69,21500000;66,67500000;67,27000000;0,38
2021-11-02T00:00:00+00:00;HEDGE/USD;69,68500000;69,87000000;65,79000000;67,01500000;-3,98
2021-11-01T00:00:00+00:00;HEDGE/USD;69,22000000;71,16000000;67,81500000;69,68500000;0,67
2021-10-31T00:00:00+00:00;HEDGE/USD;68,56000000;70,54500000;67,97500000;69,22000000;0,95
2021-10-30T00:00:00+00:00;HEDGE/USD;68,11500000;69,62000000;68,07500000;68,56000000;0,65
2021-10-29T00:00:00+00:00;HEDGE/USD;70,01000000;70,27500000;67,28000000;68,11500000;-2,78
2021-10-28T00:00:00+00:00;HEDGE/USD;72,72000000;73,03000000;67,61000000;70,01000000;-3,87
2021-10-27T00:00:00+00:00;HEDGE/USD;70,46000000;72,95000000;69,20500000;72,72000000;3,11
2021-10-26T00:00:00+00:00;HEDGE/USD;67,67000000;70,97500000;67,31000000;70,46000000;3,96
2021-10-25T00:00:00+00:00;HEDGE/USD;70,12000000;70,92000000;66,81000000;67,67000000;-3,62
2021-10-24T00:00:00+00:00;HEDGE/USD;69,41500000;71,62000000;69,37000000;70,12000000;1,01
2021-10-23T00:00:00+00:00;HEDGE/USD;70,39500000;72,72000000;69,22000000;69,41500000;-1,41
2021-10-22T00:00:00+00:00;HEDGE/USD;68,47000000;70,93000000;67,03000000;70,39500000;2,73
2021-10-21T00:00:00+00:00;HEDGE/USD;64,86000000;68,67500000;55,88500000;68,47000000;5,27
2021-10-20T00:00:00+00:00;HEDGE/USD;66,72000000;67,23500000;63,75000000;64,86000000;-2,87
2021-10-19T00:00:00+00:00;HEDGE/USD;69,10000000;69,71000000;66,41000000;66,72000000;-3,57
2021-10-18T00:00:00+00:00;HEDGE/USD;69,67000000;71,34500000;68,32500000;69,10000000;-0,82
2021-10-17T00:00:00+00:00;HEDGE/USD;70,41000000;72,58000000;69,50000000;69,67000000;-1,06
2021-10-16T00:00:00+00:00;HEDGE/USD;69,52000000;71,15000000;68,67500000;70,41000000;1,26
2021-10-15T00:00:00+00:00;HEDGE/USD;74,86000000;75,64000000;67,89000000;69,52000000;-7,68
2021-10-14T00:00:00+00:00;HEDGE/USD;74,96000000;75,64000000;73,50000000;74,68000000;-0,37
2021-10-13T00:00:00+00:00;HEDGE/USD;76,92000000;79,21000000;74,43000000;74,96000000;-2,61
2021-10-12T00:00:00+00:00;HEDGE/USD;74,93000000;79,17000000;74,64000000;76,92000000;2,59
2021-10-11T00:00:00+00:00;HEDGE/USD;78,82000000;79,19000000;74,42000000;74,93000000;-5,19
2021-10-10T00:00:00+00:00;HEDGE/USD;78,41000000;79,58000000;76,42000000;78,82000000;0,52
2021-10-09T00:00:00+00:00;HEDGE/USD;79,85000000;80,35000000;77,78000000;78,41000000;-1,84
2021-10-08T00:00:00+00:00;HEDGE/USD;80,35000000;80,40000000;76,97000000;79,78000000;-0,71
2021-10-07T00:00:00+00:00;HEDGE/USD;77,83000000;80,64000000;77,52000000;80,35000000;3,14
2021-10-06T00:00:00+00:00;HEDGE/USD;84,38000000;85,98000000;77,39000000;77,83000000;-8,42
2021-10-05T00:00:00+00:00;HEDGE/USD;88,47000000;88,74000000;83,61000000;84,38000000;-4,85
2021-10-04T00:00:00+00:00;HEDGE/USD;90,29000000;92,55000000;87,77000000;88,47000000;-2,06
2021-10-03T00:00:00+00:00;HEDGE/USD;91,32000000;92,26000000;88,37000000;90,29000000;-1,14
2021-10-02T00:00:00+00:00;HEDGE/USD;90,38000000;91,62000000;90,07000000;91,32000000;1,03
2021-10-01T00:00:00+00:00;HEDGE/USD;100,33000000;101,39000000;89,69000000;90,38000000;-11,01
2021-09-30T00:00:00+00:00;HEDGE/USD;106,34000000;106,80000000;99,55000000;100,33000000;-5,99
2021-09-29T00:00:00+00:00;HEDGE/USD;107,66000000;108,23000000;103,55000000;106,34000000;-1,24
2021-09-28T00:00:00+00:00;HEDGE/USD;104,61000000;107,89000000;103,35000000;107,66000000;2,83
2021-09-27T00:00:00+00:00;HEDGE/USD;102,09000000;104,84000000;99,51000000;104,61000000;2,41
2021-09-26T00:00:00+00:00;HEDGE/USD;103,50000000;108,13000000;100,67000000;102,09000000;-1,38
2021-09-25T00:00:00+00:00;HEDGE/USD;103,51000000;105,96000000;102,88000000;103,50000000;-0,01
2021-09-24T00:00:00+00:00;HEDGE/USD;98,70000000;107,74000000;98,37000000;103,51000000;4,65
2021-09-23T00:00:00+00:00;HEDGE/USD;101,96000000;102,99000000;98,62000000;98,70000000;-3,3
2021-09-22T00:00:00+00:00;HEDGE/USD;109,23000000;109,84000000;100,95000000;101,96000000;-7,13
2021-09-21T00:00:00+00:00;HEDGE/USD;103,94000000;112,36000000;102,60000000;109,23000000;4,84
2021-09-20T00:00:00+00:00;HEDGE/USD;95,45000000;105,06000000;95,09000000;103,94000000;8,17
2021-09-19T00:00:00+00:00;HEDGE/USD;93,46000000;96,33000000;93,46000000;95,45000000;2,08
2021-09-18T00:00:00+00:00;HEDGE/USD;95,63000000;95,92000000;92,62000000;93,46000000;-2,32
2021-09-17T00:00:00+00:00;HEDGE/USD;94,79000000;96,59000000;93,91000000;95,63000000;0,88
2021-09-16T00:00:00+00:00;HEDGE/USD;93,83000000;96,09000000;93,26000000;94,79000000;1,01
2021-09-15T00:00:00+00:00;HEDGE/USD;96,18000000;96,76000000;93,41000000;93,83000000;-2,5
2021-09-14T00:00:00+00:00;HEDGE/USD;100,86000000;101,17000000;95,72000000;96,18000000;-4,87
2021-09-13T00:00:00+00:00;HEDGE/USD;98,55000000;103,92000000;97,51000000;100,86000000;2,29
2021-09-12T00:00:00+00:00;HEDGE/USD;100,62000000;101,47000000;97,81000000;98,55000000;-2,1
2021-09-11T00:00:00+00:00;HEDGE/USD;101,52000000;101,79000000;98,76000000;100,62000000;-0,89
2021-09-10T00:00:00+00:00;HEDGE/USD;98,12000000;102,82000000;96,69000000;101,52000000;3,35
2021-09-09T00:00:00+00:00;HEDGE/USD;98,62000000;99,83000000;96,02000000;98,12000000;-0,51
2021-09-08T00:00:00+00:00;HEDGE/USD;97,09000000;102,27000000;96,15000000;98,62000000;1,55
2021-09-07T00:00:00+00:00;HEDGE/USD;87,56000000;102,69000000;87,07000000;97,08000000;9,81
2021-09-06T00:00:00+00:00;HEDGE/USD;88,92000000;92,00000000;87,27000000;87,47000000;-1,66
2021-09-05T00:00:00+00:00;HEDGE/USD;92,40000000;93,28000000;88,71000000;88,92000000;-3,91
2021-09-04T00:00:00+00:00;HEDGE/USD;92,09000000;93,43000000;91,21000000;92,40000000;0,34
2021-09-03T00:00:00+00:00;HEDGE/USD;93,38000000;95,33000000;90,18000000;92,09000000;-1,4
2021-09-02T00:00:00+00:00;HEDGE/USD;94,45000000;94,82000000;91,32000000;93,38000000;-1,15
2021-09-01T00:00:00+00:00;HEDGE/USD;98,06000000;99,07000000;94,03000000;94,45000000;-3,82
2021-08-31T00:00:00+00:00;HEDGE/USD;98,38000000;98,79000000;95,51000000;98,06000000;-0,33
2021-08-30T00:00:00+00:00;HEDGE/USD;94,61000000;98,53000000;94,45000000;98,38000000;3,83
2021-08-29T00:00:00+00:00;HEDGE/USD;94,43000000;96,55000000;92,98000000;94,61000000;0,19
2021-08-28T00:00:00+00:00;HEDGE/USD;94,26000000;95,53000000;93,67000000;94,58000000;0,34
2021-08-27T00:00:00+00:00;HEDGE/USD;98,75000000;99,89000000;93,95000000;94,26000000;-4,76
2021-08-26T00:00:00+00:00;HEDGE/USD;94,86000000;100,00000000;94,03000000;98,75000000;3,94
2021-08-25T00:00:00+00:00;HEDGE/USD;97,27000000;98,32000000;94,21000000;94,86000000;-2,54
2021-08-24T00:00:00+00:00;HEDGE/USD;94,02000000;97,40000000;93,24000000;97,27000000;3,34
2021-08-23T00:00:00+00:00;HEDGE/USD;94,44000000;94,84000000;91,91000000;94,02000000;-0,45
2021-08-22T00:00:00+00:00;HEDGE/USD;95,04000000;96,60000000;93,83000000;94,44000000;-0,64
2021-08-21T00:00:00+00:00;HEDGE/USD;94,37000000;96,28000000;93,36000000;95,07000000;0,74
2021-08-20T00:00:00+00:00;HEDGE/USD;99,80000000;100,37000000;94,09000000;94,37000000;-5,75
2021-08-19T00:00:00+00:00;HEDGE/USD;104,25000000;106,29000000;98,97000000;99,80000000;-4,46
2021-08-18T00:00:00+00:00;HEDGE/USD;104,54000000;105,51000000;101,39000000;104,25000000;-0,28
2021-08-17T00:00:00+00:00;HEDGE/USD;101,58000000;105,14000000;99,00000000;104,40000000;2,7
2021-08-16T00:00:00+00:00;HEDGE/USD;99,27000000;102,29000000;97,22000000;101,58000000;2,27
2021-08-15T00:00:00+00:00;HEDGE/USD;99,28000000;102,60000000;98,67000000;99,27000000;-0,01
2021-08-14T00:00:00+00:00;HEDGE/USD;97,90000000;101,28000000;97,13000000;99,40000000;1,51
2021-08-13T00:00:00+00:00;HEDGE/USD;106,19000000;106,24000000;97,70000000;97,90000000;-8,47
2021-08-12T00:00:00+00:00;HEDGE/USD;103,10000000;107,20000000;101,55000000;106,19000000;2,91
2021-08-11T00:00:00+00:00;HEDGE/USD;103,54000000;103,71000000;100,60000000;103,10000000;-0,43
2021-08-10T00:00:00+00:00;HEDGE/USD;101,72000000;105,24000000;100,65000000;103,14000000;1,38
2021-08-09T00:00:00+00:00;HEDGE/USD;107,65000000;110,06000000;101,04000000;101,72000000;-5,83
2021-08-08T00:00:00+00:00;HEDGE/USD;105,83000000;108,87000000;103,90000000;107,65000000;1,69
2021-08-07T00:00:00+00:00;HEDGE/USD;110,40000000;111,06000000;105,31000000;105,83000000;-4,32
2021-08-06T00:00:00+00:00;HEDGE/USD;115,75000000;118,60000000;109,02000000;110,22000000;-5,02
2021-08-05T00:00:00+00:00;HEDGE/USD;119,19000000;126,54000000;114,35000000;115,75000000;-2,97
2021-08-04T00:00:00+00:00;HEDGE/USD;124,27000000;126,55000000;118,51000000;119,19000000;-4,26
2021-08-03T00:00:00+00:00;HEDGE/USD;121,24000000;126,03000000;119,46000000;124,27000000;2,44
2021-08-02T00:00:00+00:00;HEDGE/USD;119,56000000;122,88000000;117,70000000;121,24000000;1,39
2021-08-01T00:00:00+00:00;HEDGE/USD;114,67000000;120,63000000;111,55000000;119,56000000;4,09
2021-07-31T00:00:00+00:00;HEDGE/USD;113,12000000;116,05000000;112,68000000;114,67000000;1,35
2021-07-30T00:00:00+00:00;HEDGE/USD;119,39000000;124,39000000;112,63000000;113,12000000;-5,54
2021-07-29T00:00:00+00:00;HEDGE/USD;119,72000000;121,60000000;117,55000000;119,23000000;-0,41
2021-07-28T00:00:00+00:00;HEDGE/USD;121,20000000;123,09000000;116,80000000;119,72000000;-1,24
2021-07-27T00:00:00+00:00;HEDGE/USD;128,66000000;131,78000000;121,04000000;121,20000000;-6,16
2021-07-26T00:00:00+00:00;HEDGE/USD;139,45000000;139,76000000;119,12000000;128,66000000;-8,39
2021-07-25T00:00:00+00:00;HEDGE/USD;144,20000000;145,77000000;139,21000000;139,45000000;-3,41
2021-07-24T00:00:00+00:00;HEDGE/USD;147,35000000;148,25000000;143,10000000;144,20000000;-2,18
2021-07-23T00:00:00+00:00;HEDGE/USD;153,63000000;154,77000000;146,94000000;147,35000000;-4,26
2021-07-22T00:00:00+00:00;HEDGE/USD;154,45000000;156,22000000;151,96000000;153,63000000;-0,53
2021-07-21T00:00:00+00:00;HEDGE/USD;167,60000000;168,92500000;151,18000000;154,45000000;-8,51
2021-07-20T00:00:00+00:00;HEDGE/USD;161,60000000;169,97500000;160,82500000;167,60000000;3,58
2021-07-19T00:00:00+00:00;HEDGE/USD;157,58000000;163,69000000;156,71000000;161,90000000;2,67
2021-07-18T00:00:00+00:00;HEDGE/USD;158,55000000;160,65000000;154,12500000;157,58000000;-0,62
2021-07-17T00:00:00+00:00;HEDGE/USD;159,25000000;160,50000000;156,60000000;158,55000000;-0,44
2021-07-16T00:00:00+00:00;HEDGE/USD;157,52500000;161,09000000;155,22000000;159,25000000;1,08
2021-07-15T00:00:00+00:00;HEDGE/USD;153,06000000;160,63000000;151,12000000;157,52500000;2,83
2021-07-14T00:00:00+00:00;HEDGE/USD;153,59000000;158,59000000;151,66000000;153,06000000;-0,35
2021-07-13T00:00:00+00:00;HEDGE/USD;151,52000000;155,82000000;150,54000000;153,59000000;1,35
2021-07-12T00:00:00+00:00;HEDGE/USD;147,07000000;153,65000000;145,17000000;151,52000000;2,94
2021-07-11T00:00:00+00:00;HEDGE/USD;150,40000000;151,00000000;145,24000000;147,07000000;-2,26
2021-07-10T00:00:00+00:00;HEDGE/USD;148,70000000;152,32000000;147,05000000;150,40000000;1,13
2021-07-09T00:00:00+00:00;HEDGE/USD;153,68000000;156,12000000;147,69000000;148,91000000;-3,2
2021-07-08T00:00:00+00:00;HEDGE/USD;148,93000000;156,85000000;148,58000000;153,68000000;3,09
2021-07-07T00:00:00+00:00;HEDGE/USD;147,85000000;149,49000000;143,89000000;148,93000000;0,73
2021-07-06T00:00:00+00:00;HEDGE/USD;149,82000000;150,79000000;143,82000000;147,85000000;-1,33
2021-07-05T00:00:00+00:00;HEDGE/USD;143,48000000;152,37000000;143,27000000;149,82000000;4,23
2021-07-04T00:00:00+00:00;HEDGE/USD;145,95000000;147,43000000;140,66000000;143,30000000;-1,85
2021-07-03T00:00:00+00:00;HEDGE/USD;150,08000000;152,18000000;144,95000000;145,95000000;-2,83
2021-07-02T00:00:00+00:00;HEDGE/USD;151,55000000;155,21000000;149,54000000;150,08000000;-0,98
2021-07-01T00:00:00+00:00;HEDGE/USD;145,20000000;154,69000000;145,08000000;151,55000000;4,19
2021-06-30T00:00:00+00:00;HEDGE/USD;141,64000000;149,21000000;141,05000000;145,08000000;2,37
2021-06-29T00:00:00+00:00;HEDGE/USD;148,21000000;149,08000000;138,87000000;141,64000000;-4,64
2021-06-28T00:00:00+00:00;HEDGE/USD;147,34000000;150,50000000;144,66000000;148,21000000;0,59
2021-06-27T00:00:00+00:00;HEDGE/USD;159,67500000;160,87500000;147,23000000;147,24000000;-8,45
2021-06-26T00:00:00+00:00;HEDGE/USD;163,51000000;170,70000000;157,63000000;159,67500000;-2,4
2021-06-25T00:00:00+00:00;HEDGE/USD;149,99000000;164,80000000;146,57000000;163,51000000;8,27
2021-06-24T00:00:00+00:00;HEDGE/USD;155,27000000;161,06000000;147,52000000;149,99000000;-3,52
2021-06-23T00:00:00+00:00;HEDGE/USD;161,17500000;164,35000000;132,07500000;155,27000000;-3,8
2021-06-22T00:00:00+00:00;HEDGE/USD;165,10000000;179,68000000;156,67500000;161,17500000;-2,44
2021-06-21T00:00:00+00:00;HEDGE/USD;148,89000000;167,05000000;148,55000000;165,10000000;9,82
2021-06-20T00:00:00+00:00;HEDGE/USD;149,69000000;158,88000000;147,10000000;148,89000000;-0,54
2021-06-19T00:00:00+00:00;HEDGE/USD;148,81000000;152,64000000;146,05000000;149,40000000;0,39
2021-06-18T00:00:00+00:00;HEDGE/USD;140,09000000;151,02000000;139,80000000;148,81000000;5,86
2021-06-17T00:00:00+00:00;HEDGE/USD;139,40000000;142,88000000;134,84000000;140,09000000;0,49
2021-06-16T00:00:00+00:00;HEDGE/USD;133,55000000;140,11000000;132,16000000;139,62000000;4,35
2021-06-15T00:00:00+00:00;HEDGE/USD;132,06000000;135,23000000;129,72000000;133,55000000;1,12
2021-06-14T00:00:00+00:00;HEDGE/USD;137,25000000;138,22000000;130,59000000;132,06000000;-3,93
2021-06-13T00:00:00+00:00;HEDGE/USD;152,59000000;155,81000000;136,24000000;137,25000000;-11,18
2021-06-12T00:00:00+00:00;HEDGE/USD;145,66000000;156,14000000;145,26000000;152,57000000;4,53
2021-06-11T00:00:00+00:00;HEDGE/USD;147,86000000;151,14000000;144,40000000;145,65000000;-1,52
2021-06-10T00:00:00+00:00;HEDGE/USD;146,00000000;151,58000000;141,93000000;147,86000000;1,26
2021-06-09T00:00:00+00:00;HEDGE/USD;165,37500000;170,45000000;145,32000000;146,27000000;-13,06
2021-06-08T00:00:00+00:00;HEDGE/USD;165,00000000;177,47500000;159,27500000;165,67500000;0,41
2021-06-07T00:00:00+00:00;HEDGE/USD;155,68000000;165,82500000;151,04000000;165,00000000;5,65
2021-06-06T00:00:00+00:00;HEDGE/USD;156,76000000;157,90000000;152,61000000;155,68000000;-0,69
2021-06-05T00:00:00+00:00;HEDGE/USD;151,67000000;159,61000000;146,89000000;156,76000000;3,25
2021-06-04T00:00:00+00:00;HEDGE/USD;142,67000000;155,82000000;142,58000000;151,67000000;5,93
2021-06-03T00:00:00+00:00;HEDGE/USD;149,27000000;150,93000000;141,86000000;142,93000000;-4,44
2021-06-02T00:00:00+00:00;HEDGE/USD;153,09000000;156,14000000;146,70000000;149,27000000;-2,56
2021-06-01T00:00:00+00:00;HEDGE/USD;150,68000000;156,99000000;148,23000000;153,09000000;1,57
2021-05-31T00:00:00+00:00;HEDGE/USD;157,94000000;164,47500000;149,85000000;150,68000000;-4,82
2021-05-30T00:00:00+00:00;HEDGE/USD;163,17500000;168,45000000;154,00000000;157,94000000;-3,31
2021-05-29T00:00:00+00:00;HEDGE/USD;158,65000000;167,17500000;151,55000000;163,17500000;2,77
2021-05-28T00:00:00+00:00;HEDGE/USD;147,89000000;162,03000000;145,97000000;159,02500000;7,0
2021-05-27T00:00:00+00:00;HEDGE/USD;144,48000000;152,34000000;140,40000000;147,89000000;2,31
2021-05-26T00:00:00+00:00;HEDGE/USD;148,34000000;151,50000000;132,16000000;144,63000000;-2,57
2021-05-25T00:00:00+00:00;HEDGE/USD;145,75000000;155,48000000;142,76000000;148,34000000;1,75
2021-05-24T00:00:00+00:00;HEDGE/USD;165,80000000;166,70000000;141,82500000;145,75000000;-13,76
2021-05-23T00:00:00+00:00;HEDGE/USD;154,40000000;180,17000000;150,53000000;165,80000000;6,88
2021-05-22T00:00:00+00:00;HEDGE/USD;154,76000000;162,96000000;148,49000000;154,40000000;-0,23
2021-05-21T00:00:00+00:00;HEDGE/USD;143,18000000;167,44000000;137,76000000;154,76000000;7,48
2021-05-20T00:00:00+00:00;HEDGE/USD;159,10000000;166,92000000;135,99000000;142,71000000;-11,48
2021-05-19T00:00:00+00:00;HEDGE/USD;138,92000000;176,32000000;136,78000000;159,10000000;12,68
2021-05-18T00:00:00+00:00;HEDGE/USD;137,11000000;141,46000000;129,90000000;138,92000000;1,3
2021-05-17T00:00:00+00:00;HEDGE/USD;128,98000000;141,18000000;128,83000000;137,17000000;5,97
2021-05-16T00:00:00+00:00;HEDGE/USD;128,16000000;136,25000000;120,05000000;128,98000000;0,64
2021-05-15T00:00:00+00:00;HEDGE/USD;120,76000000;128,93000000;118,20000000;128,03000000;5,68
2021-05-14T00:00:00+00:00;HEDGE/USD;121,40000000;123,37000000;116,88000000;120,76000000;-0,53
2021-05-13T00:00:00+00:00;HEDGE/USD;125,39000000;131,44000000;117,10000000;121,40000000;-3,29
2021-05-12T00:00:00+00:00;HEDGE/USD;110,01000000;125,64000000;107,44000000;125,39000000;12,27
2021-05-11T00:00:00+00:00;HEDGE/USD;111,68000000;114,20000000;109,62000000;110,01000000;-1,52
2021-05-10T00:00:00+00:00;HEDGE/USD;107,15000000;115,21000000;104,64000000;111,68000000;4,06
2021-05-09T00:00:00+00:00;HEDGE/USD;106,15000000;110,74000000;105,26000000;107,15000000;0,93
2021-05-08T00:00:00+00:00;HEDGE/USD;108,82000000;109,56000000;104,69000000;106,15000000;-2,52
2021-05-07T00:00:00+00:00;HEDGE/USD;110,77000000;112,95000000;106,11000000;108,82000000;-1,79
2021-05-06T00:00:00+00:00;HEDGE/USD;108,57000000;112,84000000;106,97000000;110,77000000;1,99
2021-05-05T00:00:00+00:00;HEDGE/USD;118,42000000;118,81000000;107,74000000;108,57000000;-9,07
2021-05-04T00:00:00+00:00;HEDGE/USD;110,45000000;118,78000000;110,35000000;118,56000000;6,84
2021-05-03T00:00:00+00:00;HEDGE/USD;111,66000000;111,97000000;107,01000000;110,45000000;-1,1
2021-05-02T00:00:00+00:00;HEDGE/USD;109,20000000;112,58000000;107,86000000;111,66000000;2,2
2021-05-01T00:00:00+00:00;HEDGE/USD;109,21000000;110,70000000;107,86000000;109,20000000;-0,01
2021-04-30T00:00:00+00:00;HEDGE/USD;118,68000000;119,73000000;108,90000000;109,21000000;-8,67
2021-04-29T00:00:00+00:00;HEDGE/USD;116,41000000;121,20000000;115,40000000;118,68000000;1,91
2021-04-28T00:00:00+00:00;HEDGE/USD;115,54000000;117,85000000;114,01000000;116,11000000;0,49
2021-04-27T00:00:00+00:00;HEDGE/USD;117,83000000;119,37000000;114,55000000;115,54000000;-1,98
2021-04-26T00:00:00+00:00;HEDGE/USD;131,42000000;132,15000000;116,88000000;117,83000000;-11,53
2021-04-25T00:00:00+00:00;HEDGE/USD;128,17000000;136,35000000;127,29000000;131,42000000;2,47
2021-04-24T00:00:00+00:00;HEDGE/USD;126,30000000;131,88000000;126,10000000;128,42000000;1,65
2021-04-23T00:00:00+00:00;HEDGE/USD;124,74000000;134,59000000;123,65000000;126,30000000;1,24
2021-04-22T00:00:00+00:00;HEDGE/USD;119,68000000;127,32000000;116,04000000;124,76000000;4,07
2021-04-21T00:00:00+00:00;HEDGE/USD;114,26000000;120,22000000;113,89000000;119,92000000;4,72
2021-04-20T00:00:00+00:00;HEDGE/USD;116,09000000;121,03000000;113,04000000;114,52000000;-1,37
2021-04-19T00:00:00+00:00;HEDGE/USD;115,13000000;119,04000000;112,29000000;116,09000000;0,83
2021-04-18T00:00:00+00:00;HEDGE/USD;108,21000000;136,41000000;107,59000000;115,13000000;6,01
2021-04-17T00:00:00+00:00;HEDGE/USD;105,84000000;109,01000000;103,88000000;108,36000000;2,33
2021-04-16T00:00:00+00:00;HEDGE/USD;102,82000000;108,16000000;101,93000000;105,84000000;2,85
2021-04-15T00:00:00+00:00;HEDGE/USD;103,31000000;104,73000000;101,76000000;102,68000000;-0,61
2021-04-14T00:00:00+00:00;HEDGE/USD;102,18000000;105,93000000;99,90000000;103,31000000;1,09
2021-04-13T00:00:00+00:00;HEDGE/USD;108,73000000;108,80000000;101,70000000;102,18000000;-6,41
2021-04-12T00:00:00+00:00;HEDGE/USD;108,61000000;109,25000000;105,86000000;108,73000000;0,11
2021-04-11T00:00:00+00:00;HEDGE/USD;108,54000000;109,56000000;106,83000000;108,61000000;0,06
2021-04-10T00:00:00+00:00;HEDGE/USD;111,50000000;111,98000000;105,05000000;108,54000000;-2,73
2021-04-09T00:00:00+00:00;HEDGE/USD;111,52000000;112,45000000;109,94000000;111,40000000;-0,11
2021-04-08T00:00:00+00:00;HEDGE/USD;115,79000000;116,41000000;111,31000000;111,52000000;-3,83
2021-04-07T00:00:00+00:00;HEDGE/USD;111,60000000;116,78000000;110,50000000;115,79000000;3,62
2021-04-06T00:00:00+00:00;HEDGE/USD;109,50000000;112,68000000;108,68000000;111,70000000;1,97
2021-04-05T00:00:00+00:00;HEDGE/USD;111,20000000;113,92000000;109,19000000;109,50000000;-1,55
2021-04-04T00:00:00+00:00;HEDGE/USD;113,32000000;114,52000000;110,57000000;111,20000000;-1,91
2021-04-03T00:00:00+00:00;HEDGE/USD;109,68000000;113,63000000;108,16000000;113,12000000;3,04
2021-04-02T00:00:00+00:00;HEDGE/USD;109,60000000;110,58000000;106,90000000;109,68000000;0,07
2021-04-01T00:00:00+00:00;HEDGE/USD;109,55000000;111,32000000;108,18000000;109,84000000;0,26
2021-03-31T00:00:00+00:00;HEDGE/USD;109,14000000;112,67000000;107,26000000;109,55000000;0,37
2021-03-30T00:00:00+00:00;HEDGE/USD;111,19000000;112,41000000;107,91000000;109,14000000;-1,88
2021-03-29T00:00:00+00:00;HEDGE/USD;115,18000000;116,73000000;109,44000000;111,19000000;-3,59
2021-03-28T00:00:00+00:00;HEDGE/USD;114,89000000;117,37000000;113,33000000;115,18000000;0,25
2021-03-27T00:00:00+00:00;HEDGE/USD;116,74000000;118,60000000;113,10000000;114,89000000;-1,61
2021-03-26T00:00:00+00:00;HEDGE/USD;125,92000000;126,15000000;116,42000000;116,74000000;-7,86
2021-03-25T00:00:00+00:00;HEDGE/USD;122,94000000;127,74000000;121,30000000;125,92000000;2,37
2021-03-24T00:00:00+00:00;HEDGE/USD;118,58000000;124,73000000;112,65000000;122,94000000;3,55
2021-03-23T00:00:00+00:00;HEDGE/USD;119,32000000;121,83000000;114,43000000;118,86000000;-0,39
2021-03-22T00:00:00+00:00;HEDGE/USD;112,52000000;120,22000000;110,78000000;119,32000000;5,7
2021-03-21T00:00:00+00:00;HEDGE/USD;111,25000000;116,19000000;110,17000000;112,52000000;1,13
2021-03-20T00:00:00+00:00;HEDGE/USD;111,32000000;111,92000000;107,80000000;111,25000000;-0,06
2021-03-19T00:00:00+00:00;HEDGE/USD;112,27000000;118,34000000;108,64000000;111,32000000;-0,85
2021-03-18T00:00:00+00:00;HEDGE/USD;109,79000000;113,51000000;108,02000000;112,27000000;2,21
2021-03-17T00:00:00+00:00;HEDGE/USD;114,15000000;119,40000000;109,79000000;109,79000000;-3,97
2021-03-16T00:00:00+00:00;HEDGE/USD;116,53000000;121,68000000;114,10000000;114,15000000;-2,08
2021-03-15T00:00:00+00:00;HEDGE/USD;109,94000000;121,97000000;107,40000000;116,53000000;5,66
2021-03-14T00:00:00+00:00;HEDGE/USD;106,47000000;110,09000000;105,59000000;109,94000000;3,16
2021-03-13T00:00:00+00:00;HEDGE/USD;114,49000000;116,65000000;104,99000000;106,47000000;-7,53
2021-03-12T00:00:00+00:00;HEDGE/USD;112,93000000;118,52000000;112,37000000;114,49000000;1,36
2021-03-11T00:00:00+00:00;HEDGE/USD;116,73000000;120,39000000;112,22000000;112,93000000;-3,36
2021-03-10T00:00:00+00:00;HEDGE/USD;119,19000000;122,98000000;113,69000000;116,73000000;-2,11
2021-03-09T00:00:00+00:00;HEDGE/USD;124,72000000;125,95000000;119,01000000;119,19000000;-4,64
2021-03-08T00:00:00+00:00;HEDGE/USD;128,66000000;132,52000000;124,68000000;124,98000000;-2,94
2021-03-07T00:00:00+00:00;HEDGE/USD;133,96000000;133,96000000;126,89000000;128,66000000;-4,12
2021-03-06T00:00:00+00:00;HEDGE/USD;134,34000000;139,03000000;133,12000000;133,96000000;-0,28
2021-03-05T00:00:00+00:00;HEDGE/USD;135,65000000;141,28000000;132,37000000;134,08000000;-1,17
2021-03-04T00:00:00+00:00;HEDGE/USD;129,92000000;138,00000000;126,59000000;135,65000000;4,22
2021-03-03T00:00:00+00:00;HEDGE/USD;135,88000000;137,02000000;123,82000000;129,92000000;-4,59
2021-03-02T00:00:00+00:00;HEDGE/USD;132,40000000;139,34000000;130,65000000;135,88000000;2,56
2021-03-01T00:00:00+00:00;HEDGE/USD;147,11000000;147,36000000;131,89000000;132,40000000;-11,11
2021-02-28T00:00:00+00:00;HEDGE/USD;144,11000000;153,55000000;142,23000000;147,11000000;2,04
2021-02-27T00:00:00+00:00;HEDGE/USD;142,88000000;147,36000000;136,77000000;144,11000000;0,85
2021-02-26T00:00:00+00:00;HEDGE/USD;141,97000000;149,60000000;136,74000000;143,29000000;0,92
2021-02-25T00:00:00+00:00;HEDGE/USD;134,89000000;142,49000000;127,42000000;141,97000000;4,99
2021-02-24T00:00:00+00:00;HEDGE/USD;136,65000000;141,34000000;129,15000000;134,89000000;-1,3
2021-02-23T00:00:00+00:00;HEDGE/USD;124,11000000;145,28000000;124,07000000;136,21000000;8,88
2021-02-22T00:00:00+00:00;HEDGE/USD;117,34000000;150,14000000;116,95000000;124,17000000;5,5
2021-02-21T00:00:00+00:00;HEDGE/USD;119,79000000;121,19000000;115,01000000;117,34000000;-2,09
2021-02-20T00:00:00+00:00;HEDGE/USD;120,54000000;124,36000000;116,71000000;119,79000000;-0,63
2021-02-19T00:00:00+00:00;HEDGE/USD;130,69000000;133,23000000;119,41000000;120,54000000;-8,42
2021-02-18T00:00:00+00:00;HEDGE/USD;129,31000000;132,57000000;128,24000000;130,69000000;1,06
2021-02-17T00:00:00+00:00;HEDGE/USD;137,90000000;138,59000000;127,88000000;129,05000000;-6,86
2021-02-16T00:00:00+00:00;HEDGE/USD;140,49000000;143,36000000;132,44000000;137,90000000;-1,88
2021-02-15T00:00:00+00:00;HEDGE/USD;138,30000000;145,99000000;137,50000000;140,49000000;1,56
2021-02-14T00:00:00+00:00;HEDGE/USD;143,19000000;143,68000000;134,94000000;138,30000000;-3,54
2021-02-13T00:00:00+00:00;HEDGE/USD;141,91000000;145,64000000;139,61000000;143,19000000;0,89
2021-02-12T00:00:00+00:00;HEDGE/USD;140,62000000;144,64000000;136,96000000;141,91000000;0,91
2021-02-11T00:00:00+00:00;HEDGE/USD;150,70000000;153,34000000;137,67000000;140,62000000;-7,17
2021-02-10T00:00:00+00:00;HEDGE/USD;144,71000000;154,18000000;142,49000000;150,70000000;3,97
2021-02-09T00:00:00+00:00;HEDGE/USD;145,86000000;149,80000000;139,67000000;144,71000000;-0,79
2021-02-08T00:00:00+00:00;HEDGE/USD;178,05000000;181,40000000;144,53000000;145,86000000;-22,07
2021-02-07T00:00:00+00:00;HEDGE/USD;175,07500000;184,37500000;173,27500000;178,05000000;1,67
2021-02-06T00:00:00+00:00;HEDGE/USD;180,15000000;180,55000000;167,45000000;175,07500000;-2,9
2021-02-05T00:00:00+00:00;HEDGE/USD;186,37500000;188,20000000;179,37500000;180,15000000;-3,46
2021-02-04T00:00:00+00:00;HEDGE/USD;182,95000000;190,00000000;177,35000000;185,77500000;1,52
2021-02-03T00:00:00+00:00;HEDGE/USD;194,75000000;195,42500000;182,70000000;183,37500000;-6,2
2021-02-02T00:00:00+00:00;HEDGE/USD;207,30000000;207,42500000;191,45000000;194,75000000;-6,44
2021-02-01T00:00:00+00:00;HEDGE/USD;209,27500000;214,17500000;198,90000000;207,30000000;-0,95
2021-01-31T00:00:00+00:00;HEDGE/USD;202,27500000;214,80000000;201,72500000;208,92500000;3,18
2021-01-30T00:00:00+00:00;HEDGE/USD;201,17500000;210,65000000;198,30000000;202,17500000;0,49
2021-01-29T00:00:00+00:00;HEDGE/USD;215,52500000;223,02500000;180,92500000;201,17500000;-7,13
2021-01-28T00:00:00+00:00;HEDGE/USD;237,80000000;241,95000000;211,37500000;215,52500000;-10,34
2021-01-27T00:00:00+00:00;HEDGE/USD;223,27500000;245,37500000;222,97500000;236,95000000;5,77
2021-01-26T00:00:00+00:00;HEDGE/USD;225,55000000;235,32500000;220,45000000;223,27500000;-1,02
2021-01-25T00:00:00+00:00;HEDGE/USD;224,87500000;227,77500000;206,97500000;225,55000000;0,3
2021-01-24T00:00:00+00:00;HEDGE/USD;225,77500000;234,37500000;219,12500000;224,45000000;-0,59
2021-01-23T00:00:00+00:00;HEDGE/USD;220,07500000;230,92500000;217,07500000;226,32500000;2,76
2021-01-22T00:00:00+00:00;HEDGE/USD;237,05000000;252,17500000;213,65000000;220,07500000;-7,71
2021-01-21T00:00:00+00:00;HEDGE/USD;210,00000000;241,85000000;208,87500000;237,00000000;11,39
2021-01-20T00:00:00+00:00;HEDGE/USD;207,32500000;221,60000000;200,37500000;210,00000000;1,27
2021-01-19T00:00:00+00:00;HEDGE/USD;203,87500000;207,40000000;196,30000000;206,32500000;1,19
2021-01-18T00:00:00+00:00;HEDGE/USD;207,52500000;213,72500000;198,30000000;203,87500000;-1,79
2021-01-17T00:00:00+00:00;HEDGE/USD;206,55000000;219,22500000;201,62500000;207,52500000;0,47
2021-01-16T00:00:00+00:00;HEDGE/USD;202,37500000;210,12500000;195,95000000;205,80000000;1,66
2021-01-15T00:00:00+00:00;HEDGE/USD;191,47500000;213,80000000;187,67500000;202,37500000;5,39
2021-01-14T00:00:00+00:00;HEDGE/USD;201,00000000;202,90000000;185,27500000;191,17500000;-5,14
2021-01-13T00:00:00+00:00;HEDGE/USD;222,65000000;232,92500000;197,52500000;201,00000000;-10,77
2021-01-12T00:00:00+00:00;HEDGE/USD;213,95000000;231,52500000;206,40000000;222,45000000;3,82
2021-01-11T00:00:00+00:00;HEDGE/USD;200,15000000;240,20000000;198,77500000;213,95000000;6,45
2021-01-10T00:00:00+00:00;HEDGE/USD;189,27500000;212,87500000;183,50000000;200,15000000;5,43
2021-01-09T00:00:00+00:00;HEDGE/USD;187,87500000;196,12500000;183,95000000;189,27500000;0,74
2021-01-08T00:00:00+00:00;HEDGE/USD;193,05000000;206,80000000;180,55000000;188,35000000;-2,5
2021-01-07T00:00:00+00:00;HEDGE/USD;207,55000000;210,30000000;187,17500000;193,05000000;-7,51
2021-01-06T00:00:00+00:00;HEDGE/USD;225,57500000;229,80000000;206,32500000;208,20000000;-8,35
2021-01-05T00:00:00+00:00;HEDGE/USD;240,87500000;256,90000000;222,25000000;225,05000000;-7,03
2021-01-04T00:00:00+00:00;HEDGE/USD;234,25000000;269,82500000;228,80000000;240,95000000;2,78
2021-01-03T00:00:00+00:00;HEDGE/USD;240,32500000;242,05000000;219,75000000;234,25000000;-2,59
2021-01-02T00:00:00+00:00;HEDGE/USD;264,90000000;267,85000000;228,35000000;239,50000000;-10,61
2021-01-01T00:00:00+00:00;HEDGE/USD;269,02500000;271,10000000;261,50000000;264,90000000;-1,56
2020-12-31T00:00:00+00:00;HEDGE/USD;269,70000000;277,90000000;264,92500000;269,02500000;-0,25
2020-12-30T00:00:00+00:00;HEDGE/USD;284,92500000;285,45000000;267,80000000;269,70000000;-5,65
2020-12-29T00:00:00+00:00;HEDGE/USD;288,30000000;300,50000000;284,12500000;284,92500000;-1,18
2020-12-28T00:00:00+00:00;HEDGE/USD;296,52500000;298,30000000;282,45000000;288,30000000;-2,85
2020-12-27T00:00:00+00:00;HEDGE/USD;293,80000000;301,05000000;272,62500000;296,52500000;0,92
2020-12-26T00:00:00+00:00;HEDGE/USD;316,65000000;320,00000000;288,77500000;293,80000000;-7,78
2020-12-25T00:00:00+00:00;HEDGE/USD;330,05000000;334,30000000;314,90000000;316,65000000;-4,23
2020-12-24T00:00:00+00:00;HEDGE/USD;336,65000000;344,50000000;328,50000000;330,05000000;-2,0
2020-12-23T00:00:00+00:00;HEDGE/USD;328,45000000;345,45000000;325,00000000;336,65000000;2,44
2020-12-22T00:00:00+00:00;HEDGE/USD;344,25000000;350,30000000;328,00000000;328,45000000;-4,81
2020-12-21T00:00:00+00:00;HEDGE/USD;333,15000000;355,80000000;324,25000000;344,25000000;3,22
2020-12-20T00:00:00+00:00;HEDGE/USD;328,90000000;340,00000000;321,90000000;333,15000000;1,28
2020-12-19T00:00:00+00:00;HEDGE/USD;339,10000000;343,90000000;323,40000000;328,90000000;-3,1
2020-12-18T00:00:00+00:00;HEDGE/USD;343,05000000;349,45000000;334,95000000;339,10000000;-1,16
2020-12-17T00:00:00+00:00;HEDGE/USD;367,10000000;369,60000000;326,25000000;342,95000000;-7,04
2020-12-16T00:00:00+00:00;HEDGE/USD;409,30000000;414,25000000;363,20000000;367,10000000;-11,5
2020-12-15T00:00:00+00:00;HEDGE/USD;411,60000000;416,05000000;404,75000000;409,30000000;-0,56
2020-12-14T00:00:00+00:00;HEDGE/USD;413,70000000;422,45000000;409,75000000;411,60000000;-0,51
2020-12-13T00:00:00+00:00;HEDGE/USD;422,45000000;423,65000000;407,65000000;413,70000000;-2,12
2020-12-12T00:00:00+00:00;HEDGE/USD;441,50000000;442,10000000;418,15000000;421,80000000;-4,67
2020-12-11T00:00:00+00:00;HEDGE/USD;435,20000000;451,75000000;433,75000000;441,50000000;1,43
2020-12-10T00:00:00+00:00;HEDGE/USD;429,05000000;443,35000000;420,40000000;435,20000000;1,41
2020-12-09T00:00:00+00:00;HEDGE/USD;434,70000000;451,00000000;426,80000000;429,05000000;-1,32
2020-12-08T00:00:00+00:00;HEDGE/USD;415,85000000;437,50000000;412,95000000;434,70000000;4,34
2020-12-07T00:00:00+00:00;HEDGE/USD;412,15000000;422,05000000;410,00000000;415,85000000;0,89
2020-12-06T00:00:00+00:00;HEDGE/USD;417,00000000;422,95000000;410,35000000;412,15000000;-1,18
2020-12-05T00:00:00+00:00;HEDGE/USD;428,35000000;431,70000000;415,55000000;417,00000000;-2,72
2020-12-04T00:00:00+00:00;HEDGE/USD;410,60000000;430,35000000;409,10000000;427,50000000;3,95
2020-12-03T00:00:00+00:00;HEDGE/USD;416,55000000;423,65000000;407,00000000;410,60000000;-1,45
2020-12-02T00:00:00+00:00;HEDGE/USD;426,00000000;436,20000000;412,80000000;416,55000000;-2,27
2020-12-01T00:00:00+00:00;HEDGE/USD;405,15000000;439,45000000;401,70000000;426,00000000;4,89
2020-11-30T00:00:00+00:00;HEDGE/USD;444,20000000;444,40000000;401,40000000;405,15000000;-9,64
2020-11-29T00:00:00+00:00;HEDGE/USD;456,25000000;460,10000000;439,45000000;444,20000000;-2,71
2020-11-28T00:00:00+00:00;HEDGE/USD;470,65000000;478,40000000;451,10000000;456,25000000;-3,16
2020-11-27T00:00:00+00:00;HEDGE/USD;470,30000000;490,15000000;462,60000000;470,65000000;0,07
2020-11-26T00:00:00+00:00;HEDGE/USD;433,95000000;492,65000000;429,20000000;470,30000000;7,73
2020-11-25T00:00:00+00:00;HEDGE/USD;422,85000000;438,45000000;415,60000000;433,90000000;2,55
2020-11-24T00:00:00+00:00;HEDGE/USD;441,95000000;449,80000000;416,95000000;422,85000000;-4,52
2020-11-23T00:00:00+00:00;HEDGE/USD;440,75000000;450,05000000;431,90000000;441,95000000;0,27
2020-11-22T00:00:00+00:00;HEDGE/USD;434,20000000;458,45000000;432,25000000;440,75000000;1,49
2020-11-21T00:00:00+00:00;HEDGE/USD;434,75000000;441,70000000;427,25000000;434,20000000;-0,13
2020-11-20T00:00:00+00:00;HEDGE/USD;456,35000000;457,65000000;430,35000000;435,50000000;-4,79
2020-11-19T00:00:00+00:00;HEDGE/USD;457,30000000;467,80000000;446,30000000;456,35000000;-0,21
2020-11-18T00:00:00+00:00;HEDGE/USD;459,70000000;470,10000000;438,20000000;457,30000000;-0,52
2020-11-17T00:00:00+00:00;HEDGE/USD;487,80000000;492,15000000;453,75000000;459,70000000;-6,11
2020-11-16T00:00:00+00:00;HEDGE/USD;512,00000000;515,25000000;481,60000000;487,80000000;-4,96
2020-11-15T00:00:00+00:00;HEDGE/USD;508,55000000;516,85000000;504,55000000;512,00000000;0,67
2020-11-14T00:00:00+00:00;HEDGE/USD;499,60000000;518,65000000;499,35000000;508,55000000;1,76
2020-11-13T00:00:00+00:00;HEDGE/USD;501,05000000;510,85000000;494,40000000;500,35000000;-0,14
2020-11-12T00:00:00+00:00;HEDGE/USD;521,15000000;528,10000000;498,50000000;501,05000000;-4,01
2020-11-11T00:00:00+00:00;HEDGE/USD;533,00000000;534,45000000;509,60000000;521,15000000;-2,27
2020-11-10T00:00:00+00:00;HEDGE/USD;532,75000000;541,65000000;527,70000000;533,00000000;0,05
2020-11-09T00:00:00+00:00;HEDGE/USD;528,30000000;550,05000000;514,85000000;532,75000000;0,84
2020-11-08T00:00:00+00:00;HEDGE/USD;552,75000000;556,50000000;520,70000000;528,30000000;-4,63
2020-11-07T00:00:00+00:00;HEDGE/USD;526,40000000;567,55000000;519,45000000;552,75000000;4,77
2020-11-06T00:00:00+00:00;HEDGE/USD;525,10000000;539,35000000;512,60000000;526,40000000;0,25
2020-11-05T00:00:00+00:00;HEDGE/USD;585,60000000;587,70000000;518,65000000;525,85000000;-11,36
2020-11-04T00:00:00+00:00;HEDGE/USD;590,50000000;611,25000000;580,25000000;585,60000000;-0,84
2020-11-03T00:00:00+00:00;HEDGE/USD;610,50000000;623,70000000;588,05000000;590,50000000;-3,39
2020-11-02T00:00:00+00:00;HEDGE/USD;601,95000000;626,80000000;598,00000000;610,50000000;1,4
2020-11-01T00:00:00+00:00;HEDGE/USD;600,35000000;609,20000000;596,25000000;601,95000000;0,27
2020-10-31T00:00:00+00:00;HEDGE/USD;611,60000000;618,45000000;588,10000000;600,35000000;-1,87
2020-10-30T00:00:00+00:00;HEDGE/USD;616,60000000;632,60000000;606,50000000;611,60000000;-0,82
2020-10-29T00:00:00+00:00;HEDGE/USD;626,25000000;640,05000000;607,60000000;616,60000000;-1,57
2020-10-28T00:00:00+00:00;HEDGE/USD;610,35000000;643,25000000;599,05000000;626,25000000;2,54
2020-10-27T00:00:00+00:00;HEDGE/USD;638,25000000;639,50000000;601,85000000;610,35000000;-4,57
2020-10-26T00:00:00+00:00;HEDGE/USD;638,65000000;652,30000000;625,10000000;638,25000000;-0,06
2020-10-25T00:00:00+00:00;HEDGE/USD;634,80000000;645,55000000;622,35000000;638,65000000;0,6
2020-10-24T00:00:00+00:00;HEDGE/USD;644,25000000;648,15000000;631,60000000;634,80000000;-1,49
2020-10-23T00:00:00+00:00;HEDGE/USD;640,55000000;654,00000000;638,55000000;644,25000000;0,57
2020-10-22T00:00:00+00:00;HEDGE/USD;651,05000000;655,15000000;631,15000000;640,55000000;-1,64
2020-10-21T00:00:00+00:00;HEDGE/USD;703,00000000;705,15000000;625,10000000;649,50000000;-8,24
2020-10-20T00:00:00+00:00;HEDGE/USD;714,00000000;718,20000000;695,20000000;703,00000000;-1,56
2020-10-19T00:00:00+00:00;HEDGE/USD;730,40000000;736,30000000;709,70000000;714,00000000;-2,3
2020-10-18T00:00:00+00:00;HEDGE/USD;740,70000000;741,40000000;729,00000000;730,40000000;-1,41
2020-10-17T00:00:00+00:00;HEDGE/USD;742,60000000;746,60000000;736,70000000;740,70000000;-0,26
2020-10-16T00:00:00+00:00;HEDGE/USD;732,00000000;750,40000000;728,40000000;742,60000000;1,43
2020-10-15T00:00:00+00:00;HEDGE/USD;736,00000000;747,00000000;724,90000000;732,00000000;-0,55
2020-10-14T00:00:00+00:00;HEDGE/USD;736,00000000;745,30000000;728,10000000;736,00000000;0,0
2020-10-13T00:00:00+00:00;HEDGE/USD;728,70000000;743,80000000;727,10000000;736,00000000;0,99
2020-10-12T00:00:00+00:00;HEDGE/USD;741,40000000;750,20000000;716,80000000;728,70000000;-1,74
2020-10-11T00:00:00+00:00;HEDGE/USD;744,20000000;746,90000000;735,20000000;741,40000000;-0,38
2020-10-10T00:00:00+00:00;HEDGE/USD;761,10000000;762,70000000;731,90000000;744,20000000;-2,27
2020-10-09T00:00:00+00:00;HEDGE/USD;770,90000000;776,50000000;756,30000000;762,10000000;-1,15
2020-10-08T00:00:00+00:00;HEDGE/USD;790,30000000;799,00000000;768,10000000;770,90000000;-2,52
2020-10-07T00:00:00+00:00;HEDGE/USD;795,50000000;798,10000000;788,30000000;790,30000000;-0,66
2020-10-06T00:00:00+00:00;HEDGE/USD;781,50000000;800,20000000;779,80000000;795,50000000;1,76
2020-10-05T00:00:00+00:00;HEDGE/USD;789,00000000;793,40000000;780,20000000;780,20000000;-1,13
2020-10-04T00:00:00+00:00;HEDGE/USD;800,40000000;807,50000000;787,80000000;789,00000000;-1,44
2020-10-03T00:00:00+00:00;HEDGE/USD;799,20000000;807,50000000;795,30000000;800,40000000;0,15
2020-10-02T00:00:00+00:00;HEDGE/USD;796,00000000;812,60000000;791,20000000;799,20000000;0,4
2020-10-01T00:00:00+00:00;HEDGE/USD;784,50000000;807,80000000;772,70000000;796,00000000;1,44
2020-09-30T00:00:00+00:00;HEDGE/USD;778,60000000;791,50000000;778,10000000;784,50000000;0,75
2020-09-29T00:00:00+00:00;HEDGE/USD;789,10000000;794,00000000;777,30000000;778,60000000;-1,35
2020-09-28T00:00:00+00:00;HEDGE/USD;784,90000000;794,10000000;770,70000000;789,10000000;0,53
2020-09-27T00:00:00+00:00;HEDGE/USD;788,20000000;797,10000000;782,10000000;784,90000000;-0,42
2020-09-26T00:00:00+00:00;HEDGE/USD;791,10000000;796,70000000;782,60000000;788,20000000;-0,37
2020-09-25T00:00:00+00:00;HEDGE/USD;786,70000000;798,90000000;786,40000000;791,10000000;0,56
2020-09-24T00:00:00+00:00;HEDGE/USD;826,90000000;829,40000000;783,50000000;786,70000000;-5,11
2020-09-23T00:00:00+00:00;HEDGE/USD;806,80000000;834,80000000;805,00000000;826,90000000;2,43
2020-09-22T00:00:00+00:00;HEDGE/USD;814,70000000;820,30000000;796,60000000;806,80000000;-0,98
2020-09-21T00:00:00+00:00;HEDGE/USD;779,10000000;824,00000000;773,40000000;814,70000000;4,37
2020-09-20T00:00:00+00:00;HEDGE/USD;769,30000000;790,10000000;769,10000000;779,10000000;1,26
2020-09-19T00:00:00+00:00;HEDGE/USD;777,90000000;781,60000000;760,60000000;769,30000000;-1,12
2020-09-18T00:00:00+00:00;HEDGE/USD;777,20000000;787,00000000;769,00000000;777,90000000;0,09
2020-09-17T00:00:00+00:00;HEDGE/USD;776,80000000;790,90000000;768,60000000;777,20000000;0,05
2020-09-16T00:00:00+00:00;HEDGE/USD;789,00000000;798,40000000;767,60000000;776,80000000;-1,57
2020-09-15T00:00:00+00:00;HEDGE/USD;799,50000000;803,70000000;779,50000000;789,00000000;-1,33
2020-09-14T00:00:00+00:00;HEDGE/USD;825,60000000;832,00000000;793,00000000;799,50000000;-3,26
2020-09-13T00:00:00+00:00;HEDGE/USD;818,70000000;834,60000000;807,50000000;825,60000000;0,84
2020-09-12T00:00:00+00:00;HEDGE/USD;821,90000000;830,30000000;815,70000000;818,70000000;-0,39
2020-09-11T00:00:00+00:00;HEDGE/USD;824,80000000;835,80000000;821,30000000;821,90000000;-0,35
2020-09-10T00:00:00+00:00;HEDGE/USD;834,30000000;834,90000000;814,50000000;824,80000000;-1,15
2020-09-09T00:00:00+00:00;HEDGE/USD;845,00000000;854,30000000;825,90000000;834,30000000;-1,28
2020-09-08T00:00:00+00:00;HEDGE/USD;825,30000000;866,20000000;818,40000000;845,00000000;2,33
2020-09-07T00:00:00+00:00;HEDGE/USD;833,00000000;864,60000000;821,40000000;825,30000000;-0,93
2020-09-06T00:00:00+00:00;HEDGE/USD;843,70000000;860,40000000;826,60000000;833,00000000;-1,28
2020-09-05T00:00:00+00:00;HEDGE/USD;820,90000000;868,80000000;810,50000000;843,70000000;2,7
2020-09-04T00:00:00+00:00;HEDGE/USD;844,60000000;864,70000000;805,20000000;820,90000000;-2,89
2020-09-03T00:00:00+00:00;HEDGE/USD;762,90000000;858,30000000;756,60000000;844,60000000;9,67
2020-09-02T00:00:00+00:00;HEDGE/USD;730,80000000;775,40000000;727,40000000;762,90000000;4,21
2020-09-01T00:00:00+00:00;HEDGE/USD;746,70000000;754,50000000;720,00000000;730,80000000;-2,18
2020-08-31T00:00:00+00:00;HEDGE/USD;742,40000000;756,50000000;737,30000000;746,70000000;0,58
2020-08-30T00:00:00+00:00;HEDGE/USD;756,50000000;758,00000000;742,00000000;742,40000000;-1,9
2020-08-29T00:00:00+00:00;HEDGE/USD;754,50000000;760,40000000;750,60000000;756,50000000;0,26
2020-08-28T00:00:00+00:00;HEDGE/USD;766,20000000;769,20000000;752,90000000;754,50000000;-1,55
2020-08-27T00:00:00+00:00;HEDGE/USD;757,00000000;780,40000000;749,30000000;766,20000000;1,2
2020-08-26T00:00:00+00:00;HEDGE/USD;768,90000000;771,30000000;753,30000000;757,00000000;-1,57
2020-08-25T00:00:00+00:00;HEDGE/USD;739,90000000;780,80000000;738,00000000;768,90000000;3,77
2020-08-24T00:00:00+00:00;HEDGE/USD;746,00000000;749,50000000;726,35000000;739,90000000;-0,82
2020-08-23T00:00:00+00:00;HEDGE/USD;745,00000000;754,10000000;740,90000000;746,00000000;0,13
2020-08-22T00:00:00+00:00;HEDGE/USD;754,10000000;763,80000000;743,50000000;745,00000000;-1,22
2020-08-21T00:00:00+00:00;HEDGE/USD;733,30000000;757,20000000;726,35000000;754,10000000;2,76
2020-08-20T00:00:00+00:00;HEDGE/USD;739,70000000;744,90000000;728,20000000;733,30000000;-0,87
2020-08-19T00:00:00+00:00;HEDGE/USD;727,00000000;752,50000000;725,10000000;739,70000000;1,72
2020-08-18T00:00:00+00:00;HEDGE/USD;707,00000000;735,00000000;702,40000000;727,00000000;2,75
2020-08-17T00:00:00+00:00;HEDGE/USD;731,70000000;738,50000000;696,20000000;707,00000000;-3,49
2020-08-16T00:00:00+00:00;HEDGE/USD;734,70000000;744,40000000;729,50000000;731,70000000;-0,41
2020-08-15T00:00:00+00:00;HEDGE/USD;739,90000000;748,30000000;724,70000000;734,70000000;-0,71
2020-08-14T00:00:00+00:00;HEDGE/USD;738,20000000;748,30000000;733,30000000;739,90000000;0,23
2020-08-13T00:00:00+00:00;HEDGE/USD;753,20000000;771,10000000;736,70000000;738,20000000;-2,03
2020-08-12T00:00:00+00:00;HEDGE/USD;763,10000000;779,10000000;748,20000000;753,20000000;-1,31
2020-08-11T00:00:00+00:00;HEDGE/USD;733,40000000;780,00000000;729,60000000;763,10000000;3,89
2020-08-10T00:00:00+00:00;HEDGE/USD;744,80000000;753,40000000;719,50000000;733,40000000;-1,55
2020-08-09T00:00:00+00:00;HEDGE/USD;739,50000000;755,40000000;736,30000000;744,80000000;0,71
2020-08-08T00:00:00+00:00;HEDGE/USD;750,40000000;756,00000000;736,10000000;739,50000000;-1,47
2020-08-07T00:00:00+00:00;HEDGE/USD;740,00000000;768,80000000;731,60000000;750,40000000;1,39
2020-08-06T00:00:00+00:00;HEDGE/USD;743,20000000;752,70000000;731,80000000;740,00000000;-0,43
2020-08-05T00:00:00+00:00;HEDGE/USD;782,40000000;787,90000000;739,50000000;743,20000000;-5,27
2020-08-04T00:00:00+00:00;HEDGE/USD;779,80000000;792,50000000;764,50000000;782,40000000;0,33
2020-08-03T00:00:00+00:00;HEDGE/USD;788,60000000;796,60000000;760,50000000;779,80000000;-1,13
2020-08-02T00:00:00+00:00;HEDGE/USD;744,00000000;797,40000000;723,40000000;788,60000000;5,66
2020-08-01T00:00:00+00:00;HEDGE/USD;775,80000000;782,20000000;737,90000000;744,00000000;-4,27
2020-07-31T00:00:00+00:00;HEDGE/USD;791,60000000;800,90000000;766,40000000;775,80000000;-2,04
2020-07-30T00:00:00+00:00;HEDGE/USD;792,10000000;809,80000000;785,20000000;791,60000000;-0,06
2020-07-29T00:00:00+00:00;HEDGE/USD;801,40000000;808,30000000;772,60000000;792,10000000;-1,17
2020-07-28T00:00:00+00:00;HEDGE/USD;794,10000000;825,80000000;778,30000000;801,40000000;0,91
2020-07-27T00:00:00+00:00;HEDGE/USD;900,40000000;901,00000000;766,90000000;794,10000000;-13,39
2020-07-26T00:00:00+00:00;HEDGE/USD;921,00000000;931,60000000;873,80000000;900,40000000;-2,29
2020-07-25T00:00:00+00:00;HEDGE/USD;935,90000000;935,90000000;917,60000000;921,00000000;-1,62
2020-07-24T00:00:00+00:00;HEDGE/USD;930,60000000;941,70000000;926,80000000;935,90000000;0,57
2020-07-23T00:00:00+00:00;HEDGE/USD;935,90000000;944,30000000;922,70000000;930,60000000;-0,57
2020-07-22T00:00:00+00:00;HEDGE/USD;952,50000000;962,30000000;932,80000000;935,90000000;-1,77
2020-07-21T00:00:00+00:00;HEDGE/USD;977,30000000;978,00000000;947,20000000;952,50000000;-2,6
2020-07-20T00:00:00+00:00;HEDGE/USD;971,60000000;978,50000000;969,30000000;977,30000000;0,58
2020-07-19T00:00:00+00:00;HEDGE/USD;976,40000000;982,10000000;967,60000000;971,60000000;-0,49
2020-07-18T00:00:00+00:00;HEDGE/USD;977,00000000;980,40000000;971,80000000;976,40000000;-0,06
2020-07-17T00:00:00+00:00;HEDGE/USD;979,30000000;984,40000000;975,00000000;977,00000000;-0,24
2020-07-16T00:00:00+00:00;HEDGE/USD;973,30000000;989,40000000;967,30000000;979,30000000;0,61
2020-07-15T00:00:00+00:00;HEDGE/USD;966,70000000;977,80000000;965,40000000;973,30000000;0,68
2020-07-14T00:00:00+00:00;HEDGE/USD;968,70000000;977,60000000;965,40000000;966,70000000;-0,21
2020-07-13T00:00:00+00:00;HEDGE/USD;963,60000000;973,90000000;958,30000000;968,70000000;0,53
2020-07-12T00:00:00+00:00;HEDGE/USD;970,10000000;976,80000000;958,30000000;963,60000000;-0,67
2020-07-11T00:00:00+00:00;HEDGE/USD;965,50000000;974,30000000;964,00000000;970,10000000;0,47
2020-07-10T00:00:00+00:00;HEDGE/USD;970,10000000;981,60000000;962,50000000;965,50000000;-0,48
2020-07-09T00:00:00+00:00;HEDGE/USD;950,70000000;977,70000000;948,70000000;970,10000000;2,0
2020-07-08T00:00:00+00:00;HEDGE/USD;970,10000000;970,50000000;946,70000000;950,70000000;-2,04
2020-07-07T00:00:00+00:00;HEDGE/USD;960,20000000;973,10000000;956,20000000;970,10000000;1,02
2020-07-06T00:00:00+00:00;HEDGE/USD;989,10000000;989,10000000;956,50000000;960,20000000;-3,01
2020-07-05T00:00:00+00:00;HEDGE/USD;981,20000000;1006,50000000;980,80000000;989,10000000;0,8
2020-07-04T00:00:00+00:00;HEDGE/USD;990,90000000;993,30000000;976,40000000;981,20000000;-0,99
2020-07-03T00:00:00+00:00;HEDGE/USD;988,20000000;993,90000000;985,70000000;990,70000000;0,25
2020-07-02T00:00:00+00:00;HEDGE/USD;973,00000000;1004,60000000;971,30000000;988,20000000;1,54
2020-07-01T00:00:00+00:00;HEDGE/USD;985,70000000;994,70000000;967,90000000;973,00000000;-1,31
2020-06-30T00:00:00+00:00;HEDGE/USD;981,10000000;994,70000000;978,90000000;985,70000000;0,47
2020-06-29T00:00:00+00:00;HEDGE/USD;988,80000000;997,00000000;975,50000000;981,10000000;-0,78
2020-06-28T00:00:00+00:00;HEDGE/USD;1002,20000000;1008,60000000;980,50000000;988,80000000;-1,36
2020-06-27T00:00:00+00:00;HEDGE/USD;986,20000000;1020,60000000;981,60000000;1002,20000000;1,6
2020-06-26T00:00:00+00:00;HEDGE/USD;977,20000000;998,00000000;971,70000000;986,20000000;0,91
2020-06-25T00:00:00+00:00;HEDGE/USD;970,50000000;1002,80000000;963,90000000;977,20000000;0,69
2020-06-24T00:00:00+00:00;HEDGE/USD;939,80000000;979,10000000;934,60000000;970,50000000;3,16
2020-06-23T00:00:00+00:00;HEDGE/USD;933,00000000;942,00000000;929,40000000;939,80000000;0,72
2020-06-22T00:00:00+00:00;HEDGE/USD;975,70000000;987,20000000;921,50000000;933,00000000;-4,58
2020-06-21T00:00:00+00:00;HEDGE/USD;968,40000000;978,40000000;960,90000000;975,70000000;0,75
2020-06-20T00:00:00+00:00;HEDGE/USD;974,60000000;988,40000000;964,60000000;968,40000000;-0,64
2020-06-19T00:00:00+00:00;HEDGE/USD;964,80000000;980,10000000;959,90000000;974,60000000;1,01
2020-06-18T00:00:00+00:00;HEDGE/USD;958,60000000;975,40000000;955,90000000;964,80000000;0,64
2020-06-17T00:00:00+00:00;HEDGE/USD;952,00000000;979,60000000;948,30000000;958,60000000;0,69
2020-06-16T00:00:00+00:00;HEDGE/USD;960,00000000;964,60000000;944,20000000;952,00000000;-0,84
2020-06-15T00:00:00+00:00;HEDGE/USD;971,80000000;1015,20000000;953,40000000;960,00000000;-1,23
2020-06-14T00:00:00+00:00;HEDGE/USD;958,00000000;980,40000000;957,30000000;971,80000000;1,42
2020-06-13T00:00:00+00:00;HEDGE/USD;959,60000000;969,90000000;955,10000000;958,00000000;-0,17
2020-06-12T00:00:00+00:00;HEDGE/USD;979,50000000;983,80000000;950,50000000;959,60000000;-2,07
2020-06-11T00:00:00+00:00;HEDGE/USD;921,90000000;999,80000000;914,20000000;979,50000000;5,88
2020-06-10T00:00:00+00:00;HEDGE/USD;932,80000000;940,40000000;911,10000000;921,90000000;-1,18
2020-06-09T00:00:00+00:00;HEDGE/USD;932,60000000;954,40000000;922,80000000;932,80000000;0,02
2020-06-08T00:00:00+00:00;HEDGE/USD;935,10000000;946,10000000;929,40000000;933,50000000;-0,17
2020-06-07T00:00:00+00:00;HEDGE/USD;944,40000000;975,60000000;929,90000000;935,10000000;-0,99
2020-06-06T00:00:00+00:00;HEDGE/USD;948,80000000;958,40000000;938,00000000;944,40000000;-0,47
2020-06-05T00:00:00+00:00;HEDGE/USD;932,20000000;951,60000000;927,00000000;948,80000000;1,75
2020-06-04T00:00:00+00:00;HEDGE/USD;944,70000000;965,60000000;923,90000000;932,20000000;-1,34
2020-06-03T00:00:00+00:00;HEDGE/USD;961,40000000;973,60000000;943,10000000;944,70000000;-1,77
2020-06-02T00:00:00+00:00;HEDGE/USD;896,40000000;981,40000000;893,60000000;961,40000000;6,76
2020-06-01T00:00:00+00:00;HEDGE/USD;980,40000000;982,30000000;877,80000000;896,40000000;-9,37
2020-05-31T00:00:00+00:00;HEDGE/USD;954,60000000;985,80000000;954,60000000;980,40000000;2,63
2020-05-30T00:00:00+00:00;HEDGE/USD;985,50000000;994,10000000;951,50000000;954,60000000;-3,24
2020-05-29T00:00:00+00:00;HEDGE/USD;968,90000000;993,50000000;965,10000000;985,50000000;1,68
2020-05-28T00:00:00+00:00;HEDGE/USD;1010,60000000;1020,70000000;963,40000000;968,90000000;-4,3
2020-05-27T00:00:00+00:00;HEDGE/USD;1055,40000000;1058,60000000;1008,20000000;1010,60000000;-4,43
2020-05-26T00:00:00+00:00;HEDGE/USD;1048,00000000;1071,70000000;1034,80000000;1055,40000000;0,7
2020-05-25T00:00:00+00:00;HEDGE/USD;1072,00000000;1081,50000000;1031,80000000;1048,00000000;-2,29
2020-05-24T00:00:00+00:00;HEDGE/USD;1020,10000000;1076,10000000;1007,20000000;1071,40000000;4,79
2020-05-23T00:00:00+00:00;HEDGE/USD;1021,60000000;1031,90000000;1006,40000000;1020,10000000;-0,15
2020-05-22T00:00:00+00:00;HEDGE/USD;1036,70000000;1049,60000000;1012,40000000;1021,60000000;-1,48
2020-05-21T00:00:00+00:00;HEDGE/USD;987,50000000;1061,90000000;982,10000000;1036,70000000;4,75
2020-05-20T00:00:00+00:00;HEDGE/USD;962,30000000;1010,50000000;956,70000000;987,50000000;2,55
2020-05-19T00:00:00+00:00;HEDGE/USD;967,80000000;993,60000000;949,10000000;962,30000000;-0,57
2020-05-18T00:00:00+00:00;HEDGE/USD;971,50000000;997,70000000;943,00000000;967,80000000;-0,38
2020-05-17T00:00:00+00:00;HEDGE/USD;1003,40000000;1010,30000000;949,90000000;971,50000000;-3,28
2020-05-16T00:00:00+00:00;HEDGE/USD;1010,50000000;1021,60000000;982,60000000;1003,40000000;-0,71
2020-05-15T00:00:00+00:00;HEDGE/USD;965,70000000;1030,70000000;959,10000000;1010,50000000;4,43
2020-05-14T00:00:00+00:00;HEDGE/USD;1018,40000000;1023,30000000;948,20000000;965,70000000;-5,46
2020-05-13T00:00:00+00:00;HEDGE/USD;1079,00000000;1081,60000000;1006,40000000;1018,30000000;-5,96
2020-05-12T00:00:00+00:00;HEDGE/USD;1112,40000000;1117,20000000;1058,50000000;1079,00000000;-3,1
2020-05-11T00:00:00+00:00;HEDGE/USD;1092,00000000;1161,10000000;1039,00000000;1112,40000000;1,83
2020-05-10T00:00:00+00:00;HEDGE/USD;1006,20000000;1162,20000000;1002,80000000;1092,00000000;7,86
2020-05-09T00:00:00+00:00;HEDGE/USD;977,70000000;1007,10000000;967,70000000;1006,20000000;2,83
2020-05-08T00:00:00+00:00;HEDGE/USD;960,30000000;986,50000000;955,80000000;977,70000000;1,78
2020-05-07T00:00:00+00:00;HEDGE/USD;1058,90000000;1074,00000000;950,40000000;960,30000000;-10,27
2020-05-06T00:00:00+00:00;HEDGE/USD;1074,10000000;1086,70000000;1028,90000000;1058,90000000;-1,44
2020-05-05T00:00:00+00:00;HEDGE/USD;1094,00000000;1107,00000000;1063,70000000;1074,10000000;-1,85
2020-05-04T00:00:00+00:00;HEDGE/USD;1091,90000000;1135,00000000;1083,60000000;1094,00000000;0,19
2020-05-03T00:00:00+00:00;HEDGE/USD;1083,20000000;1112,20000000;1054,70000000;1091,90000000;0,8
2020-05-02T00:00:00+00:00;HEDGE/USD;1101,60000000;1109,60000000;1077,20000000;1083,20000000;-1,7
2020-05-01T00:00:00+00:00;HEDGE/USD;1126,80000000;1128,10000000;1069,20000000;1101,60000000;-2,29
2020-04-30T00:00:00+00:00;HEDGE/USD;1105,40000000;1153,40000000;1019,10000000;1126,80000000;1,9
2020-04-29T00:00:00+00:00;HEDGE/USD;1282,20000000;1286,50000000;1082,70000000;1105,40000000;-15,99
2020-04-28T00:00:00+00:00;HEDGE/USD;1277,30000000;1295,50000000;1275,90000000;1282,20000000;0,38
2020-04-27T00:00:00+00:00;HEDGE/USD;1291,90000000;1303,20000000;1275,90000000;1277,30000000;-1,14
2020-04-26T00:00:00+00:00;HEDGE/USD;1321,10000000;1330,60000000;1290,90000000;1291,90000000;-2,26
2020-04-25T00:00:00+00:00;HEDGE/USD;1327,90000000;1339,30000000;1290,50000000;1321,10000000;-0,51
2020-04-24T00:00:00+00:00;HEDGE/USD;1331,00000000;1346,40000000;1308,90000000;1327,90000000;-0,23
2020-04-23T00:00:00+00:00;HEDGE/USD;1402,10000000;1422,00000000;1277,20000000;1331,00000000;-5,34
2020-04-22T00:00:00+00:00;HEDGE/USD;1465,30000000;1471,30000000;1395,50000000;1402,10000000;-4,51
2020-04-21T00:00:00+00:00;HEDGE/USD;1469,50000000;1483,00000000;1444,20000000;1465,30000000;-0,29
2020-04-20T00:00:00+00:00;HEDGE/USD;1412,30000000;1485,30000000;1392,40000000;1469,20000000;3,87
2020-04-19T00:00:00+00:00;HEDGE/USD;1388,50000000;1424,50000000;1385,00000000;1412,30000000;1,69
2020-04-18T00:00:00+00:00;HEDGE/USD;1434,90000000;1436,80000000;1379,00000000;1388,50000000;-3,34
2020-04-17T00:00:00+00:00;HEDGE/USD;1419,90000000;1451,80000000;1410,30000000;1434,90000000;1,05
2020-04-16T00:00:00+00:00;HEDGE/USD;1539,70000000;1573,10000000;1396,20000000;1419,90000000;-8,44
2020-04-15T00:00:00+00:00;HEDGE/USD;1485,70000000;1542,50000000;1470,00000000;1539,70000000;3,51
2020-04-14T00:00:00+00:00;HEDGE/USD;1492,30000000;1509,50000000;1462,50000000;1485,70000000;-0,44
2020-04-13T00:00:00+00:00;HEDGE/USD;1478,30000000;1554,00000000;1478,30000000;1492,30000000;0,94
2020-04-12T00:00:00+00:00;HEDGE/USD;1485,90000000;1506,80000000;1417,90000000;1478,30000000;-0,51
2020-04-11T00:00:00+00:00;HEDGE/USD;1489,20000000;1511,10000000;1470,80000000;1485,90000000;-0,22
2020-04-10T00:00:00+00:00;HEDGE/USD;1408,90000000;1513,00000000;1406,20000000;1489,20000000;5,39
2020-04-09T00:00:00+00:00;HEDGE/USD;1394,80000000;1443,90000000;1393,60000000;1408,80000000;0,99
2020-04-08T00:00:00+00:00;HEDGE/USD;1429,00000000;1437,40000000;1382,50000000;1394,80000000;-2,45
2020-04-07T00:00:00+00:00;HEDGE/USD;1401,60000000;1452,60000000;1377,00000000;1429,00000000;1,92
2020-04-06T00:00:00+00:00;HEDGE/USD;1529,80000000;1531,70000000;1395,30000000;1401,60000000;-9,15
2020-04-05T00:00:00+00:00;HEDGE/USD;1510,80000000;1552,00000000;1501,30000000;1529,80000000;1,24
2020-04-04T00:00:00+00:00;HEDGE/USD;1542,50000000;1558,80000000;1478,20000000;1510,80000000;-2,1
2020-04-03T00:00:00+00:00;HEDGE/USD;1531,90000000;1568,80000000;1473,80000000;1541,70000000;0,64
2020-04-02T00:00:00+00:00;HEDGE/USD;1561,30000000;1578,20000000;1426,40000000;1531,90000000;-1,92
2020-04-01T00:00:00+00:00;HEDGE/USD;1625,00000000;1689,75000000;1550,75000000;1561,30000000;-4,08
2020-03-31T00:00:00+00:00;HEDGE/USD;1629,00000000;1647,25000000;1600,50000000;1625,00000000;-0,25
2020-03-30T00:00:00+00:00;HEDGE/USD;1793,75000000;1800,75000000;1564,75000000;1629,00000000;-10,11
2020-03-29T00:00:00+00:00;HEDGE/USD;1696,75000000;1796,00000000;1688,25000000;1793,75000000;5,41
2020-03-28T00:00:00+00:00;HEDGE/USD;1667,00000000;1755,75000000;1665,50000000;1695,50000000;1,68
2020-03-27T00:00:00+00:00;HEDGE/USD;1579,70000000;1693,75000000;1551,40000000;1667,00000000;5,24
2020-03-26T00:00:00+00:00;HEDGE/USD;1595,25000000;1635,80000000;1568,70000000;1579,70000000;-0,98
2020-03-25T00:00:00+00:00;HEDGE/USD;1579,50000000;1649,75000000;1527,25000000;1596,00000000;1,03
2020-03-24T00:00:00+00:00;HEDGE/USD;1658,00000000;1672,25000000;1555,75000000;1579,50000000;-4,97
2020-03-23T00:00:00+00:00;HEDGE/USD;1874,75000000;1916,50000000;1618,75000000;1657,25000000;-13,12
2020-03-22T00:00:00+00:00;HEDGE/USD;1770,00000000;1896,00000000;1703,50000000;1874,75000000;5,59
2020-03-21T00:00:00+00:00;HEDGE/USD;1762,75000000;1862,50000000;1694,50000000;1770,00000000;0,41
2020-03-20T00:00:00+00:00;HEDGE/USD;1776,00000000;1915,50000000;1563,00000000;1762,75000000;-0,75
2020-03-19T00:00:00+00:00;HEDGE/USD;2075,25000000;2129,25000000;1706,00000000;1776,00000000;-16,85
2020-03-18T00:00:00+00:00;HEDGE/USD;2113,75000000;2233,25000000;2063,25000000;2073,75000000;-1,93
2020-03-17T00:00:00+00:00;HEDGE/USD;2250,25000000;2295,50000000;2008,50000000;2111,50000000;-6,57
2020-03-16T00:00:00+00:00;HEDGE/USD;2129,75000000;2506,50000000;2123,25000000;2251,50000000;5,41
2020-03-15T00:00:00+00:00;HEDGE/USD;2278,00000000;2304,50000000;1929,50000000;2129,75000000;-6,96
2020-03-14T00:00:00+00:00;HEDGE/USD;2115,00000000;2320,00000000;2097,75000000;2279,00000000;7,2
2020-03-13T00:00:00+00:00;HEDGE/USD;2552,25000000;3091,75000000;1998,50000000;2117,25000000;-20,55
2020-03-12T00:00:00+00:00;HEDGE/USD;1821,50000000;2598,50000000;1815,75000000;2544,75000000;28,42
2020-03-11T00:00:00+00:00;HEDGE/USD;1832,25000000;1903,25000000;1811,50000000;1821,50000000;-0,59
2020-03-10T00:00:00+00:00;HEDGE/USD;1820,50000000;1869,25000000;1773,25000000;1832,50000000;0,65
2020-03-09T00:00:00+00:00;HEDGE/USD;1795,25000000;1885,75000000;1767,25000000;1820,50000000;1,39
2020-03-08T00:00:00+00:00;HEDGE/USD;1639,75000000;1802,25000000;1639,75000000;1795,25000000;8,66
2020-03-07T00:00:00+00:00;HEDGE/USD;1595,75000000;1653,00000000;1585,25000000;1639,75000000;2,68
2020-03-06T00:00:00+00:00;HEDGE/USD;1611,25000000;1623,50000000;1590,75000000;1595,75000000;-0,97
2020-03-05T00:00:00+00:00;HEDGE/USD;1668,75000000;1668,75000000;1590,75000000;1610,75000000;-3,6
2020-03-04T00:00:00+00:00;HEDGE/USD;1667,00000000;1686,25000000;1651,75000000;1668,75000000;0,1
2020-03-03T00:00:00+00:00;HEDGE/USD;1640,00000000;1688,00000000;1639,50000000;1667,00000000;1,62
2020-03-02T00:00:00+00:00;HEDGE/USD;1717,75000000;1723,50000000;1630,00000000;1640,00000000;-4,74
2020-03-01T00:00:00+00:00;HEDGE/USD;1714,50000000;1739,50000000;1670,75000000;1714,75000000;0,01
2020-02-29T00:00:00+00:00;HEDGE/USD;1682,00000000;1714,75000000;1664,00000000;1714,00000000;1,87
2020-02-28T00:00:00+00:00;HEDGE/USD;1660,00000000;1732,00000000;1642,50000000;1682,00000000;1,31
2020-02-27T00:00:00+00:00;HEDGE/USD;1661,50000000;1712,25000000;1631,25000000;1660,00000000;-0,09
2020-02-26T00:00:00+00:00;HEDGE/USD;1574,30000000;1695,70000000;1564,60000000;1663,75000000;5,38
2020-02-25T00:00:00+00:00;HEDGE/USD;1518,40000000;1584,00000000;1515,50000000;1574,30000000;3,55
2020-02-24T00:00:00+00:00;HEDGE/USD;1471,50000000;1542,00000000;1462,00000000;1518,40000000;3,09
2020-02-23T00:00:00+00:00;HEDGE/USD;1517,40000000;1517,70000000;1460,40000000;1470,90000000;-3,16
2020-02-22T00:00:00+00:00;HEDGE/USD;1511,90000000;1528,40000000;1507,10000000;1517,40000000;0,36
2020-02-21T00:00:00+00:00;HEDGE/USD;1522,90000000;1530,80000000;1497,20000000;1511,90000000;-0,73
2020-02-20T00:00:00+00:00;HEDGE/USD;1521,90000000;1555,00000000;1508,10000000;1522,90000000;0,07
2020-02-19T00:00:00+00:00;HEDGE/USD;1436,60000000;1558,50000000;1420,60000000;1519,60000000;5,46
2020-02-18T00:00:00+00:00;HEDGE/USD;1510,60000000;1527,10000000;1422,60000000;1436,60000000;-5,15
2020-02-17T00:00:00+00:00;HEDGE/USD;1479,50000000;1545,30000000;1472,60000000;1511,30000000;2,1
2020-02-16T00:00:00+00:00;HEDGE/USD;1478,40000000;1522,40000000;1459,20000000;1479,50000000;0,07
2020-02-15T00:00:00+00:00;HEDGE/USD;1414,90000000;1490,90000000;1410,00000000;1478,40000000;4,3
2020-02-14T00:00:00+00:00;HEDGE/USD;1429,60000000;1449,70000000;1398,20000000;1414,90000000;-1,04
2020-02-13T00:00:00+00:00;HEDGE/USD;1412,40000000;1447,90000000;1385,00000000;1429,60000000;1,2
2020-02-12T00:00:00+00:00;HEDGE/USD;1422,40000000;1427,00000000;1391,40000000;1412,40000000;-0,71
2020-02-11T00:00:00+00:00;HEDGE/USD;1482,00000000;1501,80000000;1404,00000000;1422,40000000;-4,19
2020-02-10T00:00:00+00:00;HEDGE/USD;1437,90000000;1493,70000000;1431,90000000;1482,00000000;2,98
2020-02-09T00:00:00+00:00;HEDGE/USD;1475,00000000;1476,60000000;1433,30000000;1437,90000000;-2,58
2020-02-08T00:00:00+00:00;HEDGE/USD;1486,40000000;1509,00000000;1464,70000000;1475,00000000;-0,77
2020-02-07T00:00:00+00:00;HEDGE/USD;1492,60000000;1502,00000000;1477,50000000;1486,40000000;-0,42
2020-02-06T00:00:00+00:00;HEDGE/USD;1514,40000000;1527,20000000;1478,50000000;1492,60000000;-1,46
2020-02-05T00:00:00+00:00;HEDGE/USD;1591,00000000;1593,25000000;1486,50000000;1514,40000000;-5,06
2020-02-04T00:00:00+00:00;HEDGE/USD;1570,60000000;1606,00000000;1559,20000000;1591,00000000;1,28
2020-02-03T00:00:00+00:00;HEDGE/USD;1562,10000000;1581,70000000;1513,60000000;1570,60000000;0,54
2020-02-02T00:00:00+00:00;HEDGE/USD;1550,40000000;1588,40000000;1536,40000000;1562,10000000;0,75
2020-02-01T00:00:00+00:00;HEDGE/USD;1555,80000000;1565,50000000;1537,40000000;1550,40000000;-0,35
2020-01-31T00:00:00+00:00;HEDGE/USD;1529,10000000;1577,90000000;1526,50000000;1555,80000000;1,72
2020-01-30T00:00:00+00:00;HEDGE/USD;1562,70000000;1579,00000000;1517,00000000;1529,10000000;-2,2
2020-01-29T00:00:00+00:00;HEDGE/USD;1546,10000000;1572,50000000;1539,30000000;1562,70000000;1,06
2020-01-28T00:00:00+00:00;HEDGE/USD;1638,50000000;1638,50000000;1541,20000000;1544,70000000;-6,07
2020-01-27T00:00:00+00:00;HEDGE/USD;1694,75000000;1700,50000000;1620,50000000;1638,50000000;-3,43
2020-01-26T00:00:00+00:00;HEDGE/USD;1752,50000000;1760,25000000;1694,00000000;1694,75000000;-3,41
2020-01-25T00:00:00+00:00;HEDGE/USD;1731,75000000;1767,50000000;1730,50000000;1752,50000000;1,18
2020-01-24T00:00:00+00:00;HEDGE/USD;1739,00000000;1772,75000000;1713,75000000;1731,75000000;-0,42
2020-01-23T00:00:00+00:00;HEDGE/USD;1684,75000000;1758,50000000;1683,25000000;1739,00000000;3,12
2020-01-22T00:00:00+00:00;HEDGE/USD;1670,50000000;1698,00000000;1659,50000000;1684,75000000;0,85
2020-01-21T00:00:00+00:00;HEDGE/USD;1689,25000000;1716,75000000;1666,25000000;1671,25000000;-1,08
2020-01-20T00:00:00+00:00;HEDGE/USD;1676,25000000;1711,00000000;1669,00000000;1689,25000000;0,77
2020-01-19T00:00:00+00:00;HEDGE/USD;1638,50000000;1706,25000000;1587,25000000;1676,25000000;2,25
2020-01-18T00:00:00+00:00;HEDGE/USD;1639,00000000;1654,00000000;1623,50000000;1638,25000000;-0,05
2020-01-17T00:00:00+00:00;HEDGE/USD;1672,75000000;1682,00000000;1617,25000000;1639,00000000;-2,06
2020-01-16T00:00:00+00:00;HEDGE/USD;1652,75000000;1693,50000000;1645,25000000;1672,75000000;1,2
2020-01-15T00:00:00+00:00;HEDGE/USD;1649,50000000;1695,50000000;1633,25000000;1652,75000000;0,2
2020-01-14T00:00:00+00:00;HEDGE/USD;1805,75000000;1807,00000000;1633,25000000;1646,25000000;-9,69
2020-01-13T00:00:00+00:00;HEDGE/USD;1790,00000000;1816,25000000;1787,50000000;1806,25000000;0,9
2020-01-12T00:00:00+00:00;HEDGE/USD;1825,25000000;1837,25000000;1788,25000000;1790,00000000;-1,97
2020-01-11T00:00:00+00:00;HEDGE/USD;1788,75000000;1828,75000000;1769,75000000;1824,00000000;1,93
2020-01-10T00:00:00+00:00;HEDGE/USD;1877,75000000;1910,25000000;1789,25000000;1789,25000000;-4,95
2020-01-09T00:00:00+00:00;HEDGE/USD;1825,00000000;1892,25000000;1825,00000000;1877,75000000;2,81
2020-01-08T00:00:00+00:00;HEDGE/USD;1803,50000000;1863,75000000;1735,75000000;1825,25000000;1,19
2020-01-07T00:00:00+00:00;HEDGE/USD;1901,25000000;1904,75000000;1791,25000000;1803,75000000;-5,41

