DATE/TIME;SYMBOL;OPEN;HIGH;LOW;CLOSE;EVOL % CLOSE/HIGH
2022-01-05T00:00:00+00:00;XTZBULL/USD;0,02120000;0,02461000;0,02105500;0,02360500;10,19
2022-01-04T00:00:00+00:00;XTZBULL/USD;0,01859000;0,02487000;0,01614000;0,02120000;12,31
2022-01-03T00:00:00+00:00;XTZBULL/USD;0,01720000;0,02100000;0,01558000;0,01859000;7,48
2022-01-02T00:00:00+00:00;XTZBULL/USD;0,01818500;0,01873000;0,01638000;0,01720000;-5,73
2022-01-01T00:00:00+00:00;XTZBULL/USD;0,01431500;0,01818500;0,01431500;0,01818500;21,28
2021-12-31T00:00:00+00:00;XTZBULL/USD;0,01418500;0,01592000;0,01274000;0,01431500;0,91
2021-12-30T00:00:00+00:00;XTZBULL/USD;0,01450000;0,01590000;0,01295500;0,01418500;-2,22
2021-12-29T00:00:00+00:00;XTZBULL/USD;0,01580000;0,01645500;0,01305500;0,01450000;-8,97
2021-12-28T00:00:00+00:00;XTZBULL/USD;0,02456000;0,02456000;0,01531000;0,01580000;-55,44
2021-12-27T00:00:00+00:00;XTZBULL/USD;0,02133000;0,02539000;0,02028000;0,02456000;13,15
2021-12-26T00:00:00+00:00;XTZBULL/USD;0,01835000;0,02200000;0,01671500;0,02133000;13,97
2021-12-25T00:00:00+00:00;XTZBULL/USD;0,01702000;0,01967500;0,01675000;0,01835000;7,25
2021-12-24T00:00:00+00:00;XTZBULL/USD;0,02049500;0,02156500;0,01657000;0,01702000;-20,42
2021-12-23T00:00:00+00:00;XTZBULL/USD;0,01824000;0,02157000;0,01727500;0,02049500;11,0
2021-12-22T00:00:00+00:00;XTZBULL/USD;0,01500000;0,01992500;0,01500000;0,01824000;17,76
2021-12-21T00:00:00+00:00;XTZBULL/USD;0,01366000;0,01532000;0,01328000;0,01500000;8,93
2021-12-20T00:00:00+00:00;XTZBULL/USD;0,01397000;0,01531500;0,01128500;0,01366000;-2,27
2021-12-19T00:00:00+00:00;XTZBULL/USD;0,01528500;0,01595000;0,01394000;0,01397000;-9,41
2021-12-18T00:00:00+00:00;XTZBULL/USD;0,01449500;0,01619000;0,01368500;0,01528500;5,17
2021-12-17T00:00:00+00:00;XTZBULL/USD;0,01620500;0,01700500;0,01331000;0,01449000;-11,84
2021-12-16T00:00:00+00:00;XTZBULL/USD;0,01853000;0,02071500;0,01610500;0,01620500;-14,35
2021-12-15T00:00:00+00:00;XTZBULL/USD;0,01868500;0,01938000;0,01299000;0,01853000;-0,84
2021-12-14T00:00:00+00:00;XTZBULL/USD;0,01390500;0,01965500;0,01375000;0,01868500;25,58
2021-12-13T00:00:00+00:00;XTZBULL/USD;0,02028500;0,02061000;0,01242000;0,01390500;-45,88
2021-12-12T00:00:00+00:00;XTZBULL/USD;0,02049000;0,02263000;0,01769500;0,02028500;-1,01
2021-12-11T00:00:00+00:00;XTZBULL/USD;0,01833000;0,02163000;0,01700000;0,02049000;10,54
2021-12-10T00:00:00+00:00;XTZBULL/USD;0,02653000;0,02891000;0,01799500;0,01833000;-44,74
2021-12-09T00:00:00+00:00;XTZBULL/USD;0,04683000;0,05906000;0,02576000;0,02653000;-76,52
2021-12-08T00:00:00+00:00;XTZBULL/USD;0,04611000;0,05533500;0,03351000;0,04683000;1,54
2021-12-07T00:00:00+00:00;XTZBULL/USD;0,02247500;0,04680000;0,02073000;0,04611000;51,26
2021-12-06T00:00:00+00:00;XTZBULL/USD;0,01906500;0,02270000;0,01548000;0,02247500;15,17
2021-12-05T00:00:00+00:00;XTZBULL/USD;0,02319500;0,02558000;0,01738000;0,01906500;-21,66
2021-12-04T00:00:00+00:00;XTZBULL/USD;0,04864000;0,04864000;0,01000000;0,02319500;-109,7
2021-12-03T00:00:00+00:00;XTZBULL/USD;0,05872500;0,06900000;0,04432500;0,04864000;-20,73
2021-12-02T00:00:00+00:00;XTZBULL/USD;0,06457500;0,06705000;0,05655000;0,05872500;-9,96
2021-12-01T00:00:00+00:00;XTZBULL/USD;0,07457500;0,07547500;0,06020000;0,06457500;-15,49
2021-11-30T00:00:00+00:00;XTZBULL/USD;0,08222500;0,09524000;0,06453000;0,07457500;-10,26
2021-11-29T00:00:00+00:00;XTZBULL/USD;0,05064000;0,08795000;0,04999000;0,08222500;38,41
2021-11-28T00:00:00+00:00;XTZBULL/USD;0,04949000;0,05084000;0,03913000;0,05064000;2,27
2021-11-27T00:00:00+00:00;XTZBULL/USD;0,05105000;0,05453000;0,04813000;0,04949000;-3,15
2021-11-26T00:00:00+00:00;XTZBULL/USD;0,06967500;0,07547500;0,04587500;0,05105000;-36,48
2021-11-25T00:00:00+00:00;XTZBULL/USD;0,06300000;0,07395000;0,06025000;0,06967500;9,58
2021-11-24T00:00:00+00:00;XTZBULL/USD;0,07247500;0,07537500;0,05862500;0,06300000;-15,04
2021-11-23T00:00:00+00:00;XTZBULL/USD;0,06822500;0,07650000;0,06515000;0,07247500;5,86
2021-11-22T00:00:00+00:00;XTZBULL/USD;0,07837500;0,07907500;0,06420000;0,06822500;-14,88
2021-11-21T00:00:00+00:00;XTZBULL/USD;0,09345000;0,09530000;0,07772500;0,07837500;-19,23
2021-11-20T00:00:00+00:00;XTZBULL/USD;0,08255000;0,09750000;0,08155000;0,09345000;11,66
2021-11-19T00:00:00+00:00;XTZBULL/USD;0,06350000;0,08457500;0,05837500;0,08255000;23,08
2021-11-18T00:00:00+00:00;XTZBULL/USD;0,08562500;0,08695000;0,05700000;0,06350000;-34,84
2021-11-17T00:00:00+00:00;XTZBULL/USD;0,08372500;0,08910000;0,07235000;0,08562500;2,22
2021-11-16T00:00:00+00:00;XTZBULL/USD;0,11590000;0,11590000;0,07115000;0,08372500;-38,43
2021-11-15T00:00:00+00:00;XTZBULL/USD;0,12310000;0,13170000;0,11400000;0,11590000;-6,21
2021-11-14T00:00:00+00:00;XTZBULL/USD;0,12805000;0,13940000;0,11515000;0,12310000;-4,02
2021-11-13T00:00:00+00:00;XTZBULL/USD;0,12075000;0,13390000;0,11445000;0,12805000;5,7
2021-11-12T00:00:00+00:00;XTZBULL/USD;0,12700000;0,13515000;0,10665000;0,12075000;-5,18
2021-11-11T00:00:00+00:00;XTZBULL/USD;0,12200000;0,14005000;0,11740000;0,12700000;3,94
2021-11-10T00:00:00+00:00;XTZBULL/USD;0,17120000;0,18520000;0,09740000;0,12200000;-40,33
2021-11-09T00:00:00+00:00;XTZBULL/USD;0,19065000;0,20030000;0,16815000;0,17120000;-11,36
2021-11-08T00:00:00+00:00;XTZBULL/USD;0,18005000;0,19525000;0,17290000;0,19065000;5,56
2021-11-07T00:00:00+00:00;XTZBULL/USD;0,18765000;0,18995000;0,17525000;0,18005000;-4,22
2021-11-06T00:00:00+00:00;XTZBULL/USD;0,18960000;0,22085000;0,17065000;0,18765000;-1,04
2021-11-05T00:00:00+00:00;XTZBULL/USD;0,18040000;0,22320000;0,17170000;0,18960000;4,85
2021-11-04T00:00:00+00:00;XTZBULL/USD;0,17935000;0,19235000;0,16090000;0,18040000;0,58
2021-11-03T00:00:00+00:00;XTZBULL/USD;0,17540000;0,19365000;0,15850000;0,17935000;2,2
2021-11-02T00:00:00+00:00;XTZBULL/USD;0,17410000;0,18420000;0,16520000;0,17540000;0,74
2021-11-01T00:00:00+00:00;XTZBULL/USD;0,18535000;0,18680000;0,15875000;0,17410000;-6,46
2021-10-31T00:00:00+00:00;XTZBULL/USD;0,18240000;0,20105000;0,15695000;0,18535000;1,59
2021-10-30T00:00:00+00:00;XTZBULL/USD;0,20675000;0,22670000;0,17040000;0,18240000;-13,35
2021-10-29T00:00:00+00:00;XTZBULL/USD;0,17165000;0,21855000;0,16555000;0,20675000;16,98
2021-10-28T00:00:00+00:00;XTZBULL/USD;0,15085000;0,18050000;0,14670000;0,17165000;12,12
2021-10-27T00:00:00+00:00;XTZBULL/USD;0,25390000;0,26210000;0,14540000;0,15085000;-68,31
2021-10-26T00:00:00+00:00;XTZBULL/USD;0,23700000;0,29350000;0,23235000;0,25390000;6,66
2021-10-25T00:00:00+00:00;XTZBULL/USD;0,22165000;0,24480000;0,21515000;0,23700000;6,48
2021-10-24T00:00:00+00:00;XTZBULL/USD;0,25200000;0,25300000;0,20110000;0,22165000;-13,69
2021-10-23T00:00:00+00:00;XTZBULL/USD;0,24940000;0,26140000;0,24130000;0,25200000;1,03
2021-10-22T00:00:00+00:00;XTZBULL/USD;0,24560000;0,27330000;0,23460000;0,24940000;1,52
2021-10-21T00:00:00+00:00;XTZBULL/USD;0,29250000;0,30770000;0,24160000;0,24560000;-19,1
2021-10-20T00:00:00+00:00;XTZBULL/USD;0,26180000;0,30550000;0,24130000;0,29250000;10,5
2021-10-19T00:00:00+00:00;XTZBULL/USD;0,24010000;0,27880000;0,23590000;0,26180000;8,29
2021-10-18T00:00:00+00:00;XTZBULL/USD;0,24970000;0,25780000;0,22170000;0,24010000;-4,0
2021-10-17T00:00:00+00:00;XTZBULL/USD;0,28800000;0,29560000;0,21950000;0,24970000;-15,34
2021-10-16T00:00:00+00:00;XTZBULL/USD;0,28220000;0,31610000;0,28000000;0,28800000;2,01
2021-10-15T00:00:00+00:00;XTZBULL/USD;0,32080000;0,34360000;0,27000000;0,28220000;-13,68
2021-10-14T00:00:00+00:00;XTZBULL/USD;0,34630000;0,35950000;0,31150000;0,32080000;-7,95
2021-10-13T00:00:00+00:00;XTZBULL/USD;0,32220000;0,34880000;0,28620000;0,34630000;6,96
2021-10-12T00:00:00+00:00;XTZBULL/USD;0,29490000;0,34050000;0,25890000;0,32220000;8,47
2021-10-11T00:00:00+00:00;XTZBULL/USD;0,31030000;0,35880000;0,26460000;0,29490000;-5,22
2021-10-10T00:00:00+00:00;XTZBULL/USD;0,41190000;0,49390000;0,30120000;0,31030000;-32,74
2021-10-09T00:00:00+00:00;XTZBULL/USD;0,36480000;0,41420000;0,35160000;0,41190000;11,43
2021-10-08T00:00:00+00:00;XTZBULL/USD;0,41880000;0,45940000;0,35550000;0,36480000;-14,8
2021-10-07T00:00:00+00:00;XTZBULL/USD;0,44900000;0,50050000;0,39000000;0,41880000;-7,21
2021-10-06T00:00:00+00:00;XTZBULL/USD;0,48480000;0,58870000;0,33940000;0,44900000;-7,97
2021-10-05T00:00:00+00:00;XTZBULL/USD;0,57000000;0,61200000;0,44400000;0,48480000;-17,57
2021-10-04T00:00:00+00:00;XTZBULL/USD;0,65830000;0,75750000;0,53450000;0,57000000;-15,49
2021-10-03T00:00:00+00:00;XTZBULL/USD;0,42280000;0,69650000;0,42280000;0,65830000;35,77
2021-10-02T00:00:00+00:00;XTZBULL/USD;0,32690000;0,49000000;0,30290000;0,42280000;22,68
2021-10-01T00:00:00+00:00;XTZBULL/USD;0,25080000;0,35000000;0,24320000;0,32690000;23,28
2021-09-30T00:00:00+00:00;XTZBULL/USD;0,20400000;0,25380000;0,19900000;0,25080000;18,66
2021-09-29T00:00:00+00:00;XTZBULL/USD;0,18795000;0,24800000;0,17560000;0,20400000;7,87
2021-09-28T00:00:00+00:00;XTZBULL/USD;0,26050000;0,29000000;0,18535000;0,18795000;-38,6
2021-09-27T00:00:00+00:00;XTZBULL/USD;0,33670000;0,35730000;0,25950000;0,26050000;-29,25
2021-09-26T00:00:00+00:00;XTZBULL/USD;0,39100000;0,43330000;0,32160000;0,33670000;-16,13
2021-09-25T00:00:00+00:00;XTZBULL/USD;0,43000000;0,52220000;0,37740000;0,39100000;-9,97
2021-09-24T00:00:00+00:00;XTZBULL/USD;0,31240000;0,49320000;0,25300000;0,43000000;27,35
2021-09-23T00:00:00+00:00;XTZBULL/USD;0,23410000;0,36095000;0,22410000;0,31240000;25,06
2021-09-22T00:00:00+00:00;XTZBULL/USD;0,14605000;0,23840000;0,13555000;0,23410000;37,61
2021-09-21T00:00:00+00:00;XTZBULL/USD;0,22620000;0,25820000;0,12900000;0,14605000;-54,88
2021-09-20T00:00:00+00:00;XTZBULL/USD;0,48340000;0,48930000;0,20000000;0,22620000;-113,7
2021-09-19T00:00:00+00:00;XTZBULL/USD;0,45990000;0,57480000;0,39500000;0,48340000;4,86
2021-09-18T00:00:00+00:00;XTZBULL/USD;0,40480000;0,52080000;0,36900000;0,45990000;11,98
2021-09-17T00:00:00+00:00;XTZBULL/USD;0,62875000;0,62875000;0,39125000;0,40480000;-55,32
2021-09-16T00:00:00+00:00;XTZBULL/USD;0,61225000;0,65525000;0,50200000;0,62875000;2,62
2021-09-15T00:00:00+00:00;XTZBULL/USD;0,68550000;0,83750000;0,56075000;0,61225000;-11,96
2021-09-14T00:00:00+00:00;XTZBULL/USD;0,70350000;0,95000000;0,60590000;0,68550000;-2,63
2021-09-13T00:00:00+00:00;XTZBULL/USD;0,72725000;0,90670000;0,49170000;0,70350000;-3,38
2021-09-12T00:00:00+00:00;XTZBULL/USD;0,50575000;0,77760000;0,44900000;0,72725000;30,46
2021-09-11T00:00:00+00:00;XTZBULL/USD;0,52340000;0,72000000;0,49150000;0,50575000;-3,49
2021-09-10T00:00:00+00:00;XTZBULL/USD;0,40100000;0,67720000;0,32820000;0,52390000;23,46
2021-09-09T00:00:00+00:00;XTZBULL/USD;0,21495000;0,42195000;0,20420000;0,40100000;46,4
2021-09-08T00:00:00+00:00;XTZBULL/USD;0,22520000;0,24120000;0,14400000;0,21495000;-4,77
2021-09-07T00:00:00+00:00;XTZBULL/USD;0,52900000;0,56160000;0,15755000;0,22520000;-134,9
2021-09-06T00:00:00+00:00;XTZBULL/USD;0,52060000;0,58340000;0,47650000;0,52900000;1,59
2021-09-05T00:00:00+00:00;XTZBULL/USD;0,48210000;0,53010000;0,44530000;0,52060000;7,4
2021-09-04T00:00:00+00:00;XTZBULL/USD;0,46040000;0,53650000;0,44210000;0,48210000;4,5
2021-09-03T00:00:00+00:00;XTZBULL/USD;0,46120000;0,50190000;0,41430000;0,46040000;-0,17
2021-09-02T00:00:00+00:00;XTZBULL/USD;0,49700000;0,50300000;0,43470000;0,46120000;-7,76
2021-09-01T00:00:00+00:00;XTZBULL/USD;0,43510000;0,51990000;0,39830000;0,49700000;12,45
2021-08-31T00:00:00+00:00;XTZBULL/USD;0,50710000;0,54975000;0,39050000;0,43510000;-16,55
2021-08-30T00:00:00+00:00;XTZBULL/USD;0,68125000;0,72325000;0,45750000;0,50710000;-34,34
2021-08-29T00:00:00+00:00;XTZBULL/USD;0,60750000;0,76100000;0,53075000;0,68125000;10,83
2021-08-28T00:00:00+00:00;XTZBULL/USD;0,49490000;0,61750000;0,43190000;0,60750000;18,53
2021-08-27T00:00:00+00:00;XTZBULL/USD;0,32140000;0,55500000;0,28370000;0,49490000;35,06
2021-08-26T00:00:00+00:00;XTZBULL/USD;0,51490000;0,51540000;0,29140000;0,32140000;-60,21
2021-08-25T00:00:00+00:00;XTZBULL/USD;0,27610000;0,59590000;0,27500000;0,51490000;46,38
2021-08-24T00:00:00+00:00;XTZBULL/USD;0,36500000;0,40430000;0,25870000;0,27610000;-32,2
2021-08-23T00:00:00+00:00;XTZBULL/USD;0,26090000;0,37250000;0,25720000;0,36500000;28,52
2021-08-22T00:00:00+00:00;XTZBULL/USD;0,24160000;0,27870000;0,23610000;0,26090000;7,4
2021-08-21T00:00:00+00:00;XTZBULL/USD;0,24825000;0,26930000;0,22560000;0,24160000;-2,75
2021-08-20T00:00:00+00:00;XTZBULL/USD;0,23255000;0,24925000;0,22275000;0,24825000;6,32
2021-08-19T00:00:00+00:00;XTZBULL/USD;0,18455000;0,23500000;0,17490000;0,23255000;20,64
2021-08-18T00:00:00+00:00;XTZBULL/USD;0,19445000;0,20510000;0,16530000;0,18455000;-5,36
2021-08-17T00:00:00+00:00;XTZBULL/USD;0,24180000;0,27540000;0,19100000;0,19445000;-24,35
2021-08-16T00:00:00+00:00;XTZBULL/USD;0,26390000;0,29830000;0,23730000;0,24180000;-9,14
2021-08-15T00:00:00+00:00;XTZBULL/USD;0,25700000;0,26970000;0,22710000;0,26390000;2,61
2021-08-14T00:00:00+00:00;XTZBULL/USD;0,23750000;0,26210000;0,21270000;0,25700000;7,59
2021-08-13T00:00:00+00:00;XTZBULL/USD;0,19490000;0,23780000;0,18685000;0,23750000;17,94
2021-08-12T00:00:00+00:00;XTZBULL/USD;0,21460000;0,24390000;0,17100000;0,19490000;-10,11
2021-08-11T00:00:00+00:00;XTZBULL/USD;0,18350000;0,23310000;0,18305000;0,21460000;14,49
2021-08-10T00:00:00+00:00;XTZBULL/USD;0,18695000;0,19670000;0,17070000;0,18350000;-1,88
2021-08-09T00:00:00+00:00;XTZBULL/USD;0,16980000;0,19810000;0,15930000;0,18695000;9,17
2021-08-08T00:00:00+00:00;XTZBULL/USD;0,21935000;0,23140000;0,16705000;0,16980000;-29,18
2021-08-07T00:00:00+00:00;XTZBULL/USD;0,20575000;0,23795000;0,19630000;0,21935000;6,2
2021-08-06T00:00:00+00:00;XTZBULL/USD;0,18430000;0,20750000;0,17130000;0,20575000;10,43
2021-08-05T00:00:00+00:00;XTZBULL/USD;0,17575000;0,19070000;0,16090000;0,18430000;4,64
2021-08-04T00:00:00+00:00;XTZBULL/USD;0,15690000;0,17760000;0,14730000;0,17575000;10,73
2021-08-03T00:00:00+00:00;XTZBULL/USD;0,17035000;0,18165000;0,14415000;0,15665000;-8,75
2021-08-02T00:00:00+00:00;XTZBULL/USD;0,14515000;0,19715000;0,13575000;0,17035000;14,79
2021-08-01T00:00:00+00:00;XTZBULL/USD;0,15790000;0,18060000;0,13835000;0,14515000;-8,78
2021-07-31T00:00:00+00:00;XTZBULL/USD;0,14705000;0,16750000;0,14120000;0,15790000;6,87
2021-07-30T00:00:00+00:00;XTZBULL/USD;0,13045000;0,14740000;0,11950000;0,14705000;11,29
2021-07-29T00:00:00+00:00;XTZBULL/USD;0,12580000;0,13290000;0,11610000;0,13045000;3,56
2021-07-28T00:00:00+00:00;XTZBULL/USD;0,13290000;0,13815000;0,11835000;0,12580000;-5,64
2021-07-27T00:00:00+00:00;XTZBULL/USD;0,13070000;0,14140000;0,11720000;0,13290000;1,66
2021-07-26T00:00:00+00:00;XTZBULL/USD;0,13770000;0,17110000;0,12900000;0,13070000;-5,36
2021-07-25T00:00:00+00:00;XTZBULL/USD;0,12705000;0,14000000;0,11460000;0,13770000;7,73
2021-07-24T00:00:00+00:00;XTZBULL/USD;0,11170000;0,12755000;0,10750000;0,12705000;12,08
2021-07-23T00:00:00+00:00;XTZBULL/USD;0,09140000;0,11170000;0,09067500;0,11170000;18,17
2021-07-22T00:00:00+00:00;XTZBULL/USD;0,08010000;0,09155000;0,07460000;0,09140000;12,36
2021-07-21T00:00:00+00:00;XTZBULL/USD;0,05985000;0,08395000;0,05605000;0,08010000;25,28
2021-07-20T00:00:00+00:00;XTZBULL/USD;0,07280000;0,07690000;0,05560000;0,05985000;-21,64
2021-07-19T00:00:00+00:00;XTZBULL/USD;0,08850000;0,09060000;0,07085000;0,07280000;-21,57
2021-07-18T00:00:00+00:00;XTZBULL/USD;0,08570000;0,09490000;0,08392500;0,08850000;3,16
2021-07-17T00:00:00+00:00;XTZBULL/USD;0,08677500;0,09357500;0,08245000;0,08570000;-1,25
2021-07-16T00:00:00+00:00;XTZBULL/USD;0,10802500;0,11495000;0,08585000;0,08677500;-24,49
2021-07-15T00:00:00+00:00;XTZBULL/USD;0,12710000;0,13250000;0,10075000;0,10802500;-17,66
2021-07-14T00:00:00+00:00;XTZBULL/USD;0,14090000;0,14200000;0,10100000;0,12710000;-10,86
2021-07-13T00:00:00+00:00;XTZBULL/USD;0,14160000;0,15690000;0,13480000;0,14090000;-0,5
2021-07-12T00:00:00+00:00;XTZBULL/USD;0,14685000;0,16400000;0,13480000;0,14160000;-3,71
2021-07-11T00:00:00+00:00;XTZBULL/USD;0,13810000;0,15325000;0,13085000;0,14685000;5,96
2021-07-10T00:00:00+00:00;XTZBULL/USD;0,13330000;0,14550000;0,12550000;0,13810000;3,48
2021-07-09T00:00:00+00:00;XTZBULL/USD;0,12630000;0,14025000;0,10935000;0,13330000;5,25
2021-07-08T00:00:00+00:00;XTZBULL/USD;0,15510000;0,15815000;0,11325000;0,12630000;-22,8
2021-07-07T00:00:00+00:00;XTZBULL/USD;0,15320000;0,16920000;0,14670000;0,15510000;1,23
2021-07-06T00:00:00+00:00;XTZBULL/USD;0,14815000;0,17210000;0,14495000;0,15320000;3,3
2021-07-05T00:00:00+00:00;XTZBULL/USD;0,18740000;0,18740000;0,14265000;0,14815000;-26,49
2021-07-04T00:00:00+00:00;XTZBULL/USD;0,18380000;0,19885000;0,16400000;0,18740000;1,92
2021-07-03T00:00:00+00:00;XTZBULL/USD;0,17230000;0,18380000;0,15825000;0,18380000;6,26
2021-07-02T00:00:00+00:00;XTZBULL/USD;0,17070000;0,17570000;0,13590000;0,17230000;0,93
2021-07-01T00:00:00+00:00;XTZBULL/USD;0,19045000;0,19315000;0,15100000;0,17070000;-11,57
2021-06-30T00:00:00+00:00;XTZBULL/USD;0,17655000;0,19045000;0,13790000;0,19045000;7,3
2021-06-29T00:00:00+00:00;XTZBULL/USD;0,13560000;0,17860000;0,13560000;0,17655000;23,19
2021-06-28T00:00:00+00:00;XTZBULL/USD;0,12335000;0,14040000;0,11610000;0,13560000;9,03
2021-06-27T00:00:00+00:00;XTZBULL/USD;0,11215000;0,12470000;0,10295000;0,12335000;9,08
2021-06-26T00:00:00+00:00;XTZBULL/USD;0,11195000;0,12485000;0,09290000;0,11215000;0,18
2021-06-25T00:00:00+00:00;XTZBULL/USD;0,16630000;0,17440000;0,10675000;0,11195000;-48,55
2021-06-24T00:00:00+00:00;XTZBULL/USD;0,14515000;0,16880000;0,12555000;0,16630000;12,72
2021-06-23T00:00:00+00:00;XTZBULL/USD;0,10200000;0,15555000;0,09097500;0,14515000;29,73
2021-06-22T00:00:00+00:00;XTZBULL/USD;0,12660000;0,15360000;0,07450000;0,10200000;-24,12
2021-06-21T00:00:00+00:00;XTZBULL/USD;0,26740000;0,27070000;0,12635000;0,12660000;-111,22
2021-06-20T00:00:00+00:00;XTZBULL/USD;0,25490000;0,27550000;0,21560000;0,26740000;4,67
2021-06-19T00:00:00+00:00;XTZBULL/USD;0,27280000;0,29250000;0,25240000;0,25490000;-7,02
2021-06-18T00:00:00+00:00;XTZBULL/USD;0,36290000;0,36460000;0,24160000;0,27280000;-33,03
2021-06-17T00:00:00+00:00;XTZBULL/USD;0,29020000;0,38000000;0,28700000;0,36290000;20,03
2021-06-16T00:00:00+00:00;XTZBULL/USD;0,34040000;0,35670000;0,28230000;0,29020000;-17,3
2021-06-15T00:00:00+00:00;XTZBULL/USD;0,36820000;0,37900000;0,32040000;0,34040000;-8,17
2021-06-14T00:00:00+00:00;XTZBULL/USD;0,35420000;0,36840000;0,31470000;0,36820000;3,8
2021-06-13T00:00:00+00:00;XTZBULL/USD;0,30400000;0,36020000;0,26580000;0,35420000;14,17
2021-06-12T00:00:00+00:00;XTZBULL/USD;0,30430000;0,32760000;0,24230000;0,30400000;-0,1
2021-06-11T00:00:00+00:00;XTZBULL/USD;0,34940000;0,37850000;0,28690000;0,30430000;-14,82
2021-06-10T00:00:00+00:00;XTZBULL/USD;0,43780000;0,45380000;0,32240000;0,34940000;-25,3
2021-06-09T00:00:00+00:00;XTZBULL/USD;0,41930000;0,44550000;0,33610000;0,43780000;4,23
2021-06-08T00:00:00+00:00;XTZBULL/USD;0,46560000;0,50325000;0,30440000;0,41930000;-11,04
2021-06-07T00:00:00+00:00;XTZBULL/USD;0,66275000;0,81450000;0,45310000;0,46560000;-42,34
2021-06-06T00:00:00+00:00;XTZBULL/USD;0,48850000;0,68600000;0,48020000;0,66275000;26,29
2021-06-05T00:00:00+00:00;XTZBULL/USD;0,54930000;0,60975000;0,42025000;0,48790000;-12,58
2021-06-04T00:00:00+00:00;XTZBULL/USD;0,75650000;0,76575000;0,47050000;0,54930000;-37,72
2021-06-03T00:00:00+00:00;XTZBULL/USD;0,71625000;0,81400000;0,67050000;0,75650000;5,32
2021-06-02T00:00:00+00:00;XTZBULL/USD;0,64050000;0,74900000;0,59225000;0,71625000;10,58
2021-06-01T00:00:00+00:00;XTZBULL/USD;0,61600000;0,66275000;0,52900000;0,64050000;3,83
2021-05-31T00:00:00+00:00;XTZBULL/USD;0,47720000;0,62075000;0,41930000;0,61600000;22,53
2021-05-30T00:00:00+00:00;XTZBULL/USD;0,43960000;0,54000000;0,36900000;0,47720000;7,88
2021-05-29T00:00:00+00:00;XTZBULL/USD;0,55925000;0,63800000;0,38120000;0,43960000;-27,22
2021-05-28T00:00:00+00:00;XTZBULL/USD;0,86775000;0,91375000;0,49000000;0,55925000;-55,16
2021-05-27T00:00:00+00:00;XTZBULL/USD;0,90900000;1,09075000;0,67850000;0,86775000;-4,75
2021-05-26T00:00:00+00:00;XTZBULL/USD;0,74825000;0,96375000;0,70425000;0,90900000;17,68
2021-05-25T00:00:00+00:00;XTZBULL/USD;0,66850000;0,80000000;0,52125000;0,74825000;10,66
2021-05-24T00:00:00+00:00;XTZBULL/USD;0,41630000;0,72470000;0,38080000;0,66850000;37,73
2021-05-23T00:00:00+00:00;XTZBULL/USD;0,77725000;0,90975000;0,23200000;0,41630000;-86,7
2021-05-22T00:00:00+00:00;XTZBULL/USD;0,99950000;1,06075000;0,61925000;0,77725000;-28,59
2021-05-21T00:00:00+00:00;XTZBULL/USD;1,73000000;2,01100000;0,54000000;0,99950000;-73,09
2021-05-20T00:00:00+00:00;XTZBULL/USD;1,40000000;2,06650000;0,89525000;1,73000000;19,08
2021-05-19T00:00:00+00:00;XTZBULL/USD;14,40500000;14,92000000;0,90000000;1,40000000;-928,93
2021-05-18T00:00:00+00:00;XTZBULL/USD;10,99500000;15,40500000;10,46000000;14,40500000;23,67
2021-05-17T00:00:00+00:00;XTZBULL/USD;14,89000000;14,97000000;10,02500000;10,99500000;-35,43
2021-05-16T00:00:00+00:00;XTZBULL/USD;15,84000000;19,28000000;12,32500000;14,89000000;-6,38
2021-05-15T00:00:00+00:00;XTZBULL/USD;23,30000000;23,95000000;15,48500000;15,84000000;-47,1
2021-05-14T00:00:00+00:00;XTZBULL/USD;20,05500000;24,03500000;19,08000000;23,30000000;13,93
2021-05-13T00:00:00+00:00;XTZBULL/USD;18,58000000;22,84500000;16,03000000;20,05500000;7,35
2021-05-12T00:00:00+00:00;XTZBULL/USD;34,41000000;37,72000000;17,85000000;18,58000000;-85,2
2021-05-11T00:00:00+00:00;XTZBULL/USD;23,92000000;35,89000000;20,55000000;34,41000000;30,49
2021-05-10T00:00:00+00:00;XTZBULL/USD;38,90000000;41,17000000;20,45000000;23,92000000;-62,63
2021-05-09T00:00:00+00:00;XTZBULL/USD;36,77000000;39,79000000;29,38000000;38,90000000;5,48
2021-05-08T00:00:00+00:00;XTZBULL/USD;38,88000000;42,24000000;34,28000000;36,77000000;-5,74
2021-05-07T00:00:00+00:00;XTZBULL/USD;50,86000000;67,05000000;34,00000000;38,88000000;-30,81
2021-05-06T00:00:00+00:00;XTZBULL/USD;35,25000000;59,93000000;32,84000000;50,86000000;30,69
2021-05-05T00:00:00+00:00;XTZBULL/USD;22,80000000;36,93000000;21,39000000;35,25000000;35,32
2021-05-04T00:00:00+00:00;XTZBULL/USD;30,68000000;31,70000000;21,79000000;22,80000000;-34,56
2021-05-03T00:00:00+00:00;XTZBULL/USD;25,79000000;32,58000000;25,25000000;30,68000000;15,94
2021-05-02T00:00:00+00:00;XTZBULL/USD;28,78000000;29,48000000;23,76000000;25,79000000;-11,59
2021-05-01T00:00:00+00:00;XTZBULL/USD;26,17000000;30,27000000;24,47000000;28,78000000;9,07
2021-04-30T00:00:00+00:00;XTZBULL/USD;21,93500000;26,69500000;20,36000000;26,17000000;16,18
2021-04-29T00:00:00+00:00;XTZBULL/USD;21,80000000;24,13000000;19,77000000;21,93500000;0,62
2021-04-28T00:00:00+00:00;XTZBULL/USD;24,32000000;26,13000000;19,63000000;21,80000000;-11,56
2021-04-27T00:00:00+00:00;XTZBULL/USD;22,12000000;25,33500000;20,99000000;24,32000000;9,05
2021-04-26T00:00:00+00:00;XTZBULL/USD;14,56500000;23,17500000;14,02500000;22,12000000;34,15
2021-04-25T00:00:00+00:00;XTZBULL/USD;14,39500000;17,60000000;12,27000000;14,56500000;1,17
2021-04-24T00:00:00+00:00;XTZBULL/USD;18,79500000;19,08500000;14,00000000;14,39500000;-30,57
2021-04-23T00:00:00+00:00;XTZBULL/USD;22,79500000;24,29000000;11,38500000;18,79500000;-21,28
2021-04-22T00:00:00+00:00;XTZBULL/USD;29,71000000;35,92000000;21,90000000;22,79500000;-30,34
2021-04-21T00:00:00+00:00;XTZBULL/USD;36,70000000;40,48000000;29,13000000;29,71000000;-23,53
2021-04-20T00:00:00+00:00;XTZBULL/USD;32,63000000;37,31000000;23,71000000;36,70000000;11,09
2021-04-19T00:00:00+00:00;XTZBULL/USD;50,04000000;56,54000000;30,00000000;32,63000000;-53,36
2021-04-18T00:00:00+00:00;XTZBULL/USD;94,75000000;99,05000000;28,00000000;49,92000000;-89,8
2021-04-17T00:00:00+00:00;XTZBULL/USD;103,40000000;123,82500000;91,20000000;94,75000000;-9,13
2021-04-16T00:00:00+00:00;XTZBULL/USD;89,02500000;114,32500000;78,15000000;103,40000000;13,9
2021-04-15T00:00:00+00:00;XTZBULL/USD;80,10000000;93,25000000;73,72500000;89,02500000;10,03
2021-04-14T00:00:00+00:00;XTZBULL/USD;82,12500000;95,50000000;66,00000000;80,10000000;-2,53
2021-04-13T00:00:00+00:00;XTZBULL/USD;73,00000000;85,65000000;66,65000000;82,12500000;11,11
2021-04-12T00:00:00+00:00;XTZBULL/USD;80,30000000;82,82500000;66,82500000;73,00000000;-10,0
2021-04-11T00:00:00+00:00;XTZBULL/USD;85,30000000;91,05000000;75,85000000;80,30000000;-6,23
2021-04-10T00:00:00+00:00;XTZBULL/USD;99,65000000;117,37500000;72,32500000;85,30000000;-16,82
2021-04-09T00:00:00+00:00;XTZBULL/USD;76,17500000;101,65000000;69,97500000;99,65000000;23,56
2021-04-08T00:00:00+00:00;XTZBULL/USD;56,90000000;77,77500000;55,60000000;76,17500000;25,3
2021-04-07T00:00:00+00:00;XTZBULL/USD;85,00000000;97,20000000;52,35000000;56,90000000;-49,38
2021-04-06T00:00:00+00:00;XTZBULL/USD;83,40000000;111,90000000;72,02500000;85,00000000;1,88
2021-04-05T00:00:00+00:00;XTZBULL/USD;53,78000000;94,97500000;48,38000000;83,40000000;35,52
2021-04-04T00:00:00+00:00;XTZBULL/USD;44,28000000;55,32000000;41,96000000;53,78000000;17,66
2021-04-03T00:00:00+00:00;XTZBULL/USD;65,10000000;69,07500000;43,90000000;44,28000000;-47,02
2021-04-02T00:00:00+00:00;XTZBULL/USD;59,22500000;67,85000000;54,47500000;65,10000000;9,02
2021-04-01T00:00:00+00:00;XTZBULL/USD;50,99000000;67,00000000;47,89000000;59,22500000;13,9
2021-03-31T00:00:00+00:00;XTZBULL/USD;43,75000000;53,09000000;34,17000000;50,99000000;14,2
2021-03-30T00:00:00+00:00;XTZBULL/USD;44,93000000;50,55000000;43,20000000;43,75000000;-2,7
2021-03-29T00:00:00+00:00;XTZBULL/USD;35,84000000;46,49000000;35,10000000;44,93000000;20,23
2021-03-28T00:00:00+00:00;XTZBULL/USD;33,46000000;38,13000000;32,55000000;35,84000000;6,64
2021-03-27T00:00:00+00:00;XTZBULL/USD;35,39000000;36,22000000;31,37000000;33,46000000;-5,77
2021-03-26T00:00:00+00:00;XTZBULL/USD;29,35000000;36,05000000;29,26000000;35,39000000;17,07
2021-03-25T00:00:00+00:00;XTZBULL/USD;31,46000000;33,50000000;25,93000000;29,35000000;-7,19
2021-03-24T00:00:00+00:00;XTZBULL/USD;35,44000000;44,94000000;28,02000000;31,46000000;-12,65
2021-03-23T00:00:00+00:00;XTZBULL/USD;33,83000000;38,28000000;30,99000000;35,44000000;4,54
2021-03-22T00:00:00+00:00;XTZBULL/USD;37,85000000;43,23000000;33,04000000;33,83000000;-11,88
2021-03-21T00:00:00+00:00;XTZBULL/USD;42,65000000;44,50000000;34,00000000;37,85000000;-12,68
2021-03-20T00:00:00+00:00;XTZBULL/USD;39,51000000;50,00000000;39,09000000;42,65000000;7,36
2021-03-19T00:00:00+00:00;XTZBULL/USD;40,86000000;42,95000000;36,75000000;39,51000000;-3,42
2021-03-18T00:00:00+00:00;XTZBULL/USD;45,90000000;50,71000000;40,10000000;40,86000000;-12,33
2021-03-17T00:00:00+00:00;XTZBULL/USD;36,75000000;46,91000000;30,95000000;45,90000000;19,93
2021-03-16T00:00:00+00:00;XTZBULL/USD;31,90000000;36,82000000;28,12000000;36,75000000;13,2
2021-03-15T00:00:00+00:00;XTZBULL/USD;35,50000000;37,93000000;29,62000000;31,90000000;-11,29
2021-03-14T00:00:00+00:00;XTZBULL/USD;42,05000000;42,80000000;35,42000000;35,50000000;-18,45
2021-03-13T00:00:00+00:00;XTZBULL/USD;37,31000000;44,26000000;32,74000000;42,05000000;11,27
2021-03-12T00:00:00+00:00;XTZBULL/USD;42,31000000;42,84000000;32,77000000;37,31000000;-13,4
2021-03-11T00:00:00+00:00;XTZBULL/USD;43,47000000;45,10000000;37,00000000;42,31000000;-2,74
2021-03-10T00:00:00+00:00;XTZBULL/USD;56,20000000;57,00000000;40,62500000;43,47000000;-29,28
2021-03-09T00:00:00+00:00;XTZBULL/USD;54,67500000;61,00000000;52,00000000;56,20000000;2,71
2021-03-08T00:00:00+00:00;XTZBULL/USD;47,93000000;57,25000000;42,88000000;54,67500000;12,34
2021-03-07T00:00:00+00:00;XTZBULL/USD;38,01000000;48,03000000;36,91000000;47,93000000;20,7
2021-03-06T00:00:00+00:00;XTZBULL/USD;35,36000000;42,26000000;34,05000000;38,01000000;6,97
2021-03-05T00:00:00+00:00;XTZBULL/USD;33,05000000;37,76000000;27,17000000;35,36000000;6,53
2021-03-04T00:00:00+00:00;XTZBULL/USD;38,52000000;42,41000000;30,01000000;33,05000000;-16,55
2021-03-03T00:00:00+00:00;XTZBULL/USD;34,09000000;42,96000000;33,74000000;38,52000000;11,5
2021-03-02T00:00:00+00:00;XTZBULL/USD;33,20000000;37,61000000;29,01000000;34,09000000;2,61
2021-03-01T00:00:00+00:00;XTZBULL/USD;27,87000000;34,26000000;27,34000000;33,20000000;16,05
2021-02-28T00:00:00+00:00;XTZBULL/USD;36,05000000;36,77000000;23,08500000;27,87000000;-29,35
2021-02-27T00:00:00+00:00;XTZBULL/USD;31,04000000;41,52000000;31,04000000;36,05000000;13,9
2021-02-26T00:00:00+00:00;XTZBULL/USD;28,20000000;39,62000000;24,21000000;31,04000000;9,15
2021-02-25T00:00:00+00:00;XTZBULL/USD;34,31000000;43,21000000;27,50000000;28,20000000;-21,67
2021-02-24T00:00:00+00:00;XTZBULL/USD;34,45000000;45,99000000;29,42000000;34,31000000;-0,41
2021-02-23T00:00:00+00:00;XTZBULL/USD;79,55000000;80,80000000;22,00000000;34,45000000;-130,91
2021-02-22T00:00:00+00:00;XTZBULL/USD;111,25000000;111,40000000;45,80000000;79,55000000;-39,85
2021-02-21T00:00:00+00:00;XTZBULL/USD;110,25000000;120,90000000;100,90000000;111,25000000;0,9
2021-02-20T00:00:00+00:00;XTZBULL/USD;147,70000000;161,40000000;91,00000000;110,25000000;-33,97
2021-02-19T00:00:00+00:00;XTZBULL/USD;136,35000000;159,80000000;112,80000000;147,70000000;7,68
2021-02-18T00:00:00+00:00;XTZBULL/USD;119,10000000;150,00000000;111,50000000;136,35000000;12,65
2021-02-17T00:00:00+00:00;XTZBULL/USD;115,35000000;131,00000000;88,80000000;119,10000000;3,15
2021-02-16T00:00:00+00:00;XTZBULL/USD;116,25000000;141,80000000;98,30000000;115,35000000;-0,78
2021-02-15T00:00:00+00:00;XTZBULL/USD;176,70000000;186,30000000;74,75000000;116,25000000;-52,0
2021-02-14T00:00:00+00:00;XTZBULL/USD;254,60000000;293,90000000;161,70000000;176,70000000;-44,09
2021-02-13T00:00:00+00:00;XTZBULL/USD;216,65000000;255,50000000;155,00000000;254,60000000;14,91
2021-02-12T00:00:00+00:00;XTZBULL/USD;131,70000000;258,60000000;119,05000000;216,65000000;39,21
2021-02-11T00:00:00+00:00;XTZBULL/USD;110,15000000;148,80000000;107,50000000;131,70000000;16,36
2021-02-10T00:00:00+00:00;XTZBULL/USD;105,30000000;117,00000000;77,05000000;110,15000000;4,4
2021-02-09T00:00:00+00:00;XTZBULL/USD;81,40000000;114,95000000;65,00000000;105,30000000;22,7
2021-02-08T00:00:00+00:00;XTZBULL/USD;75,00000000;84,20000000;70,20000000;81,40000000;7,86
2021-02-07T00:00:00+00:00;XTZBULL/USD;67,40000000;85,20000000;60,00000000;75,00000000;10,13
2021-02-06T00:00:00+00:00;XTZBULL/USD;94,40000000;97,50000000;62,20000000;67,40000000;-40,06
2021-02-05T00:00:00+00:00;XTZBULL/USD;63,52500000;98,10000000;62,95000000;94,40000000;32,71
2021-02-04T00:00:00+00:00;XTZBULL/USD;70,20000000;77,65000000;56,60000000;63,52500000;-10,51
2021-02-03T00:00:00+00:00;XTZBULL/USD;62,30000000;79,30000000;60,97500000;70,20000000;11,25
2021-02-02T00:00:00+00:00;XTZBULL/USD;62,57500000;65,00000000;57,40000000;62,30000000;-0,44
2021-02-01T00:00:00+00:00;XTZBULL/USD;58,30000000;63,92500000;53,55000000;62,57500000;6,83
2021-01-31T00:00:00+00:00;XTZBULL/USD;62,82500000;67,35000000;51,10000000;58,30000000;-7,76
2021-01-30T00:00:00+00:00;XTZBULL/USD;64,40000000;70,95000000;57,37500000;62,82500000;-2,51
2021-01-29T00:00:00+00:00;XTZBULL/USD;71,10000000;75,45000000;57,87500000;64,40000000;-10,4
2021-01-28T00:00:00+00:00;XTZBULL/USD;58,60000000;75,80000000;53,82500000;71,10000000;17,58
2021-01-27T00:00:00+00:00;XTZBULL/USD;66,50000000;67,70000000;47,60000000;58,60000000;-13,48
2021-01-26T00:00:00+00:00;XTZBULL/USD;67,40000000;72,75000000;55,77500000;66,50000000;-1,35
2021-01-25T00:00:00+00:00;XTZBULL/USD;77,67500000;86,97500000;66,02500000;67,40000000;-15,24
2021-01-24T00:00:00+00:00;XTZBULL/USD;88,00000000;97,50000000;66,45000000;77,67500000;-13,29
2021-01-23T00:00:00+00:00;XTZBULL/USD;70,20000000;104,10000000;65,40000000;88,00000000;20,23
2021-01-22T00:00:00+00:00;XTZBULL/USD;44,85000000;79,95000000;36,37000000;70,20000000;36,11
2021-01-21T00:00:00+00:00;XTZBULL/USD;80,77500000;81,67500000;43,46000000;44,85000000;-80,1
2021-01-20T00:00:00+00:00;XTZBULL/USD;78,87500000;84,17500000;59,37500000;80,77500000;2,35
2021-01-19T00:00:00+00:00;XTZBULL/USD;93,70000000;112,17500000;78,17500000;78,87500000;-18,8
2021-01-18T00:00:00+00:00;XTZBULL/USD;89,15000000;100,85000000;77,40000000;93,70000000;4,86
2021-01-17T00:00:00+00:00;XTZBULL/USD;80,60000000;101,45000000;66,42500000;89,15000000;9,59
2021-01-16T00:00:00+00:00;XTZBULL/USD;69,52500000;106,60000000;69,07500000;80,60000000;13,74
2021-01-15T00:00:00+00:00;XTZBULL/USD;58,60000000;81,77500000;53,12500000;69,52500000;15,71
2021-01-14T00:00:00+00:00;XTZBULL/USD;55,07500000;62,70000000;49,65000000;58,60000000;6,02
2021-01-13T00:00:00+00:00;XTZBULL/USD;44,17000000;55,90000000;40,77000000;55,07500000;19,8
2021-01-12T00:00:00+00:00;XTZBULL/USD;46,81000000;53,90000000;38,89000000;44,17000000;-5,98
2021-01-11T00:00:00+00:00;XTZBULL/USD;89,05000000;89,35000000;35,00000000;46,81000000;-90,24
2021-01-10T00:00:00+00:00;XTZBULL/USD;78,80000000;105,00000000;57,50000000;89,05000000;11,51
2021-01-09T00:00:00+00:00;XTZBULL/USD;64,02500000;83,40000000;59,50000000;78,80000000;18,75
2021-01-08T00:00:00+00:00;XTZBULL/USD;76,45000000;77,32500000;50,40000000;64,02500000;-19,41
2021-01-07T00:00:00+00:00;XTZBULL/USD;88,80000000;101,80000000;64,07500000;76,45000000;-16,15
2021-01-06T00:00:00+00:00;XTZBULL/USD;65,30000000;95,50000000;57,35000000;88,80000000;26,46
2021-01-05T00:00:00+00:00;XTZBULL/USD;62,10000000;73,50000000;47,90000000;65,30000000;4,9
2021-01-04T00:00:00+00:00;XTZBULL/USD;49,14000000;65,55000000;40,00000000;62,10000000;20,87
2021-01-03T00:00:00+00:00;XTZBULL/USD;41,77000000;54,84000000;38,04000000;49,14000000;15,0
2021-01-02T00:00:00+00:00;XTZBULL/USD;41,90000000;44,82000000;37,83000000;41,77000000;-0,31
2021-01-01T00:00:00+00:00;XTZBULL/USD;42,25000000;49,41000000;39,95000000;41,90000000;-0,84
2020-12-31T00:00:00+00:00;XTZBULL/USD;41,06000000;42,78000000;37,92000000;42,25000000;2,82
2020-12-30T00:00:00+00:00;XTZBULL/USD;44,53000000;46,42000000;39,00000000;41,06000000;-8,45
2020-12-29T00:00:00+00:00;XTZBULL/USD;50,04000000;53,81000000;40,08000000;44,53000000;-12,37
2020-12-28T00:00:00+00:00;XTZBULL/USD;43,23000000;57,71000000;41,97000000;50,04000000;13,61
2020-12-27T00:00:00+00:00;XTZBULL/USD;41,29000000;51,50000000;35,57000000;43,23000000;4,49
2020-12-26T00:00:00+00:00;XTZBULL/USD;44,96000000;46,02000000;38,17000000;41,29000000;-8,89
2020-12-25T00:00:00+00:00;XTZBULL/USD;47,29000000;50,86000000;41,76000000;44,96000000;-5,18
2020-12-24T00:00:00+00:00;XTZBULL/USD;34,47000000;48,11000000;32,00000000;47,29000000;27,11
2020-12-23T00:00:00+00:00;XTZBULL/USD;75,30000000;76,80000000;23,02000000;34,47000000;-118,45
2020-12-22T00:00:00+00:00;XTZBULL/USD;75,67500000;77,17500000;64,80000000;75,30000000;-0,5
2020-12-21T00:00:00+00:00;XTZBULL/USD;86,05000000;90,15000000;68,85000000;75,67500000;-13,71
2020-12-20T00:00:00+00:00;XTZBULL/USD;94,42500000;96,82500000;82,42500000;86,05000000;-9,73
2020-12-19T00:00:00+00:00;XTZBULL/USD;94,00000000;100,95000000;90,77500000;94,42500000;0,45
2020-12-18T00:00:00+00:00;XTZBULL/USD;91,67500000;96,25000000;86,90000000;94,00000000;2,47
2020-12-17T00:00:00+00:00;XTZBULL/USD;100,20000000;107,15000000;88,87500000;91,67500000;-9,3
2020-12-16T00:00:00+00:00;XTZBULL/USD;85,27500000;100,87500000;82,02500000;100,20000000;14,9
2020-12-15T00:00:00+00:00;XTZBULL/USD;85,07500000;88,17500000;79,90000000;85,27500000;0,23
2020-12-14T00:00:00+00:00;XTZBULL/USD;85,67500000;89,42500000;79,57500000;85,07500000;-0,71
2020-12-13T00:00:00+00:00;XTZBULL/USD;75,67500000;89,62500000;73,92500000;85,67500000;11,67
2020-12-12T00:00:00+00:00;XTZBULL/USD;69,80000000;77,62500000;69,35000000;75,67500000;7,76
2020-12-11T00:00:00+00:00;XTZBULL/USD;72,45000000;73,60000000;66,30000000;69,80000000;-3,8
2020-12-10T00:00:00+00:00;XTZBULL/USD;80,20000000;81,20000000;69,67500000;72,45000000;-10,7
2020-12-09T00:00:00+00:00;XTZBULL/USD;77,60000000;82,02500000;65,45000000;80,20000000;3,24
2020-12-08T00:00:00+00:00;XTZBULL/USD;93,25000000;103,27500000;71,30000000;77,60000000;-20,17
2020-12-07T00:00:00+00:00;XTZBULL/USD;99,05000000;99,77500000;87,27500000;93,25000000;-6,22
2020-12-06T00:00:00+00:00;XTZBULL/USD;99,25000000;101,15000000;90,62500000;99,05000000;-0,2
2020-12-05T00:00:00+00:00;XTZBULL/USD;94,80000000;100,95000000;89,75000000;99,25000000;4,48
2020-12-04T00:00:00+00:00;XTZBULL/USD;112,90000000;116,10000000;87,20000000;94,80000000;-19,09
2020-12-03T00:00:00+00:00;XTZBULL/USD;111,40000000;118,90000000;108,25000000;112,90000000;1,33
2020-12-02T00:00:00+00:00;XTZBULL/USD;102,80000000;114,00000000;97,50000000;111,40000000;7,72
2020-12-01T00:00:00+00:00;XTZBULL/USD;128,25000000;139,00000000;85,00000000;102,80000000;-24,76
2020-11-30T00:00:00+00:00;XTZBULL/USD;109,70000000;136,65000000;106,70000000;128,25000000;14,46
2020-11-29T00:00:00+00:00;XTZBULL/USD;105,65000000;121,85000000;99,35000000;109,70000000;3,69
2020-11-28T00:00:00+00:00;XTZBULL/USD;95,45000000;118,95000000;91,77500000;105,65000000;9,65
2020-11-27T00:00:00+00:00;XTZBULL/USD;97,40000000;108,07500000;86,35000000;95,45000000;-2,04
2020-11-26T00:00:00+00:00;XTZBULL/USD;158,50000000;170,90000000;76,00000000;97,40000000;-62,73
2020-11-25T00:00:00+00:00;XTZBULL/USD;173,00000000;229,90000000;138,00000000;158,50000000;-9,15
2020-11-24T00:00:00+00:00;XTZBULL/USD;167,00000000;204,35000000;140,70000000;173,00000000;3,47
2020-11-23T00:00:00+00:00;XTZBULL/USD;113,70000000;173,25000000;113,65000000;167,00000000;31,92
2020-11-22T00:00:00+00:00;XTZBULL/USD;136,50000000;142,10000000;94,80000000;113,70000000;-20,05
2020-11-21T00:00:00+00:00;XTZBULL/USD;97,00000000;136,50000000;89,75000000;136,50000000;28,94
2020-11-20T00:00:00+00:00;XTZBULL/USD;92,70000000;102,65000000;91,50000000;97,00000000;4,43
2020-11-19T00:00:00+00:00;XTZBULL/USD;94,27500000;102,20000000;86,22500000;92,70000000;-1,7
2020-11-18T00:00:00+00:00;XTZBULL/USD;104,00000000;109,50000000;84,00000000;94,27500000;-10,32
2020-11-17T00:00:00+00:00;XTZBULL/USD;95,10000000;106,22500000;94,67500000;104,00000000;8,56
2020-11-16T00:00:00+00:00;XTZBULL/USD;87,50000000;97,00000000;85,17500000;95,10000000;7,99
2020-11-15T00:00:00+00:00;XTZBULL/USD;99,85000000;100,80000000;82,30000000;87,50000000;-14,11
2020-11-14T00:00:00+00:00;XTZBULL/USD;107,45000000;108,70000000;92,60000000;99,85000000;-7,61
2020-11-13T00:00:00+00:00;XTZBULL/USD;96,25000000;108,25000000;96,10000000;107,45000000;10,42
2020-11-12T00:00:00+00:00;XTZBULL/USD;104,80000000;108,17500000;93,05000000;96,25000000;-8,88
2020-11-11T00:00:00+00:00;XTZBULL/USD;109,00000000;116,30000000;103,35000000;104,80000000;-4,01
2020-11-10T00:00:00+00:00;XTZBULL/USD;103,50000000;114,65000000;101,35000000;109,00000000;5,05
2020-11-09T00:00:00+00:00;XTZBULL/USD;100,67500000;109,47500000;91,00000000;103,50000000;2,73
2020-11-08T00:00:00+00:00;XTZBULL/USD;91,85000000;109,00000000;85,97500000;100,67500000;8,77
2020-11-07T00:00:00+00:00;XTZBULL/USD;102,02500000;120,87500000;82,60000000;91,85000000;-11,08
2020-11-06T00:00:00+00:00;XTZBULL/USD;76,90000000;103,40000000;76,12500000;102,70000000;25,12
2020-11-05T00:00:00+00:00;XTZBULL/USD;76,12500000;88,50000000;68,90000000;76,90000000;1,01
2020-11-04T00:00:00+00:00;XTZBULL/USD;75,70000000;79,82500000;65,45000000;76,12500000;0,56
2020-11-03T00:00:00+00:00;XTZBULL/USD;79,35000000;81,00000000;67,87500000;75,70000000;-4,82
2020-11-02T00:00:00+00:00;XTZBULL/USD;93,10000000;103,22500000;76,87500000;79,35000000;-17,33
2020-11-01T00:00:00+00:00;XTZBULL/USD;90,87500000;95,10000000;85,42500000;93,10000000;2,39
2020-10-31T00:00:00+00:00;XTZBULL/USD;80,90000000;95,90000000;79,82500000;90,87500000;10,98
2020-10-30T00:00:00+00:00;XTZBULL/USD;85,77500000;89,92500000;67,47500000;80,90000000;-6,03
2020-10-29T00:00:00+00:00;XTZBULL/USD;94,82500000;101,82500000;80,55000000;85,77500000;-10,55
2020-10-28T00:00:00+00:00;XTZBULL/USD;108,15000000;113,35000000;85,55000000;94,82500000;-14,05
2020-10-27T00:00:00+00:00;XTZBULL/USD;110,30000000;115,95000000;105,95000000;108,15000000;-1,99
2020-10-26T00:00:00+00:00;XTZBULL/USD;122,45000000;124,80000000;104,85000000;110,30000000;-11,02
2020-10-25T00:00:00+00:00;XTZBULL/USD;133,35000000;138,00000000;121,25000000;122,45000000;-8,9
2020-10-24T00:00:00+00:00;XTZBULL/USD;132,55000000;136,65000000;128,45000000;133,35000000;0,6
2020-10-23T00:00:00+00:00;XTZBULL/USD;128,50000000;141,45000000;124,55000000;132,55000000;3,06
2020-10-22T00:00:00+00:00;XTZBULL/USD;117,25000000;136,95000000;117,00000000;128,50000000;8,75
2020-10-21T00:00:00+00:00;XTZBULL/USD;106,55000000;125,20000000;105,30000000;117,25000000;9,13
2020-10-20T00:00:00+00:00;XTZBULL/USD;131,50000000;132,20000000;105,10000000;106,55000000;-23,42
2020-10-19T00:00:00+00:00;XTZBULL/USD;139,95000000;142,40000000;129,45000000;131,50000000;-6,43
2020-10-18T00:00:00+00:00;XTZBULL/USD;132,40000000;141,60000000;131,95000000;139,95000000;5,39
2020-10-17T00:00:00+00:00;XTZBULL/USD;128,75000000;138,35000000;126,70000000;132,40000000;2,76
2020-10-16T00:00:00+00:00;XTZBULL/USD;142,25000000;149,30000000;126,85000000;128,75000000;-10,49
2020-10-15T00:00:00+00:00;XTZBULL/USD;150,35000000;155,65000000;136,90000000;142,25000000;-5,69
2020-10-14T00:00:00+00:00;XTZBULL/USD;178,95000000;182,00000000;142,00000000;150,35000000;-19,02
2020-10-13T00:00:00+00:00;XTZBULL/USD;166,80000000;188,80000000;161,10000000;178,95000000;6,79
2020-10-12T00:00:00+00:00;XTZBULL/USD;148,95000000;175,00000000;144,65000000;166,80000000;10,7
2020-10-11T00:00:00+00:00;XTZBULL/USD;139,85000000;160,00000000;137,00000000;148,95000000;6,11
2020-10-10T00:00:00+00:00;XTZBULL/USD;139,30000000;155,95000000;137,80000000;139,85000000;0,39
2020-10-09T00:00:00+00:00;XTZBULL/USD;123,90000000;146,00000000;117,85000000;139,30000000;11,06
2020-10-08T00:00:00+00:00;XTZBULL/USD;116,65000000;130,30000000;106,20000000;123,90000000;5,85
2020-10-07T00:00:00+00:00;XTZBULL/USD;116,45000000;126,50000000;111,95000000;116,65000000;0,17
2020-10-06T00:00:00+00:00;XTZBULL/USD;131,30000000;151,25000000;112,25000000;116,45000000;-12,75
2020-10-05T00:00:00+00:00;XTZBULL/USD;127,00000000;135,55000000;120,20000000;131,30000000;3,27
2020-10-04T00:00:00+00:00;XTZBULL/USD;126,75000000;133,20000000;122,00000000;127,00000000;0,2
2020-10-03T00:00:00+00:00;XTZBULL/USD;122,40000000;131,95000000;118,75000000;126,75000000;3,43
2020-10-02T00:00:00+00:00;XTZBULL/USD;141,80000000;145,90000000;109,85000000;122,40000000;-15,85
2020-10-01T00:00:00+00:00;XTZBULL/USD;144,80000000;163,00000000;131,70000000;142,15000000;-1,86
2020-09-30T00:00:00+00:00;XTZBULL/USD;151,90000000;152,80000000;132,55000000;144,80000000;-4,9
2020-09-29T00:00:00+00:00;XTZBULL/USD;155,50000000;161,95000000;132,35000000;151,90000000;-2,37
2020-09-28T00:00:00+00:00;XTZBULL/USD;141,35000000;178,50000000;141,35000000;155,50000000;9,1
2020-09-27T00:00:00+00:00;XTZBULL/USD;140,75000000;150,65000000;127,40000000;141,35000000;0,42
2020-09-26T00:00:00+00:00;XTZBULL/USD;148,50000000;154,10000000;135,05000000;140,75000000;-5,51
2020-09-25T00:00:00+00:00;XTZBULL/USD;138,80000000;163,10000000;129,70000000;148,50000000;6,53
2020-09-24T00:00:00+00:00;XTZBULL/USD;107,50000000;144,00000000;104,50000000;138,80000000;22,55
2020-09-23T00:00:00+00:00;XTZBULL/USD;138,50000000;145,85000000;99,90000000;107,50000000;-28,84
2020-09-22T00:00:00+00:00;XTZBULL/USD;115,00000000;150,75000000;113,70000000;138,50000000;16,97
2020-09-21T00:00:00+00:00;XTZBULL/USD;175,50000000;183,40000000;103,90000000;115,00000000;-52,61
2020-09-20T00:00:00+00:00;XTZBULL/USD;201,70000000;218,20000000;160,60000000;175,50000000;-14,93
2020-09-19T00:00:00+00:00;XTZBULL/USD;222,00000000;222,00000000;186,90000000;201,70000000;-10,06
2020-09-18T00:00:00+00:00;XTZBULL/USD;247,40000000;261,70000000;203,70000000;222,00000000;-11,44
2020-09-17T00:00:00+00:00;XTZBULL/USD;248,00000000;273,00000000;241,10000000;247,40000000;-0,24
2020-09-16T00:00:00+00:00;XTZBULL/USD;259,10000000;266,40000000;230,20000000;248,00000000;-4,48
2020-09-15T00:00:00+00:00;XTZBULL/USD;296,10000000;317,70000000;258,30000000;259,10000000;-14,28
2020-09-14T00:00:00+00:00;XTZBULL/USD;300,00000000;326,30000000;270,70000000;296,10000000;-1,32
2020-09-13T00:00:00+00:00;XTZBULL/USD;292,60000000;338,40000000;271,30000000;300,00000000;2,47
2020-09-12T00:00:00+00:00;XTZBULL/USD;284,40000000;304,40000000;259,00000000;292,60000000;2,8
2020-09-11T00:00:00+00:00;XTZBULL/USD;285,40000000;303,30000000;248,50000000;284,40000000;-0,35
2020-09-10T00:00:00+00:00;XTZBULL/USD;271,80000000;315,80000000;271,80000000;285,40000000;4,77
2020-09-09T00:00:00+00:00;XTZBULL/USD;264,70000000;293,10000000;237,20000000;271,80000000;2,61
2020-09-08T00:00:00+00:00;XTZBULL/USD;282,90000000;312,20000000;231,10000000;264,70000000;-6,88
2020-09-07T00:00:00+00:00;XTZBULL/USD;281,80000000;291,60000000;217,70000000;282,90000000;0,39
2020-09-06T00:00:00+00:00;XTZBULL/USD;257,30000000;303,60000000;217,50000000;281,80000000;8,69
2020-09-05T00:00:00+00:00;XTZBULL/USD;371,00000000;400,50000000;212,60000000;257,30000000;-44,19
2020-09-04T00:00:00+00:00;XTZBULL/USD;301,90000000;406,60000000;253,00000000;371,00000000;18,63
2020-09-03T00:00:00+00:00;XTZBULL/USD;621,50000000;621,50000000;268,80000000;301,90000000;-105,86
2020-09-02T00:00:00+00:00;XTZBULL/USD;876,50000000;896,75000000;500,00000000;621,50000000;-41,03
2020-09-01T00:00:00+00:00;XTZBULL/USD;748,75000000;936,50000000;711,50000000;876,50000000;14,58
2020-08-31T00:00:00+00:00;XTZBULL/USD;858,00000000;926,25000000;740,75000000;748,75000000;-14,59
2020-08-30T00:00:00+00:00;XTZBULL/USD;839,50000000;896,00000000;814,75000000;858,00000000;2,16
2020-08-29T00:00:00+00:00;XTZBULL/USD;773,50000000;890,50000000;741,75000000;839,50000000;7,86
2020-08-28T00:00:00+00:00;XTZBULL/USD;753,00000000;804,25000000;688,50000000;773,50000000;2,65
2020-08-27T00:00:00+00:00;XTZBULL/USD;861,25000000;895,50000000;654,50000000;753,00000000;-14,38
2020-08-26T00:00:00+00:00;XTZBULL/USD;917,00000000;981,25000000;813,25000000;861,25000000;-6,47
2020-08-25T00:00:00+00:00;XTZBULL/USD;1169,50000000;1183,00000000;791,00000000;917,00000000;-27,54
2020-08-24T00:00:00+00:00;XTZBULL/USD;1027,50000000;1263,00000000;961,75000000;1169,50000000;12,14
2020-08-23T00:00:00+00:00;XTZBULL/USD;1087,00000000;1116,00000000;885,00000000;1027,50000000;-5,79
2020-08-22T00:00:00+00:00;XTZBULL/USD;920,25000000;1112,50000000;826,25000000;1087,00000000;15,34
2020-08-21T00:00:00+00:00;XTZBULL/USD;1471,50000000;1530,00000000;882,00000000;920,25000000;-59,9
2020-08-20T00:00:00+00:00;XTZBULL/USD;1238,50000000;1540,00000000;1107,00000000;1471,50000000;15,83
2020-08-19T00:00:00+00:00;XTZBULL/USD;1469,00000000;1561,00000000;1030,50000000;1238,50000000;-18,61
2020-08-18T00:00:00+00:00;XTZBULL/USD;1760,50000000;1913,00000000;1280,00000000;1469,00000000;-19,84
2020-08-17T00:00:00+00:00;XTZBULL/USD;2070,50000000;2071,50000000;1726,00000000;1760,50000000;-17,61
2020-08-16T00:00:00+00:00;XTZBULL/USD;1840,00000000;2265,50000000;1746,00000000;2070,50000000;11,13
2020-08-15T00:00:00+00:00;XTZBULL/USD;1900,00000000;2198,00000000;1574,50000000;1840,00000000;-3,26
2020-08-14T00:00:00+00:00;XTZBULL/USD;1951,50000000;2115,00000000;1754,50000000;1900,00000000;-2,71
2020-08-13T00:00:00+00:00;XTZBULL/USD;2337,50000000;2524,00000000;1653,00000000;1951,50000000;-19,78
2020-08-12T00:00:00+00:00;XTZBULL/USD;1839,00000000;2464,00000000;1365,00000000;2337,50000000;21,33
2020-08-11T00:00:00+00:00;XTZBULL/USD;2418,50000000;2651,00000000;1513,00000000;1839,00000000;-31,51
2020-08-10T00:00:00+00:00;XTZBULL/USD;1640,50000000;2480,00000000;1429,00000000;2417,50000000;32,14
2020-08-09T00:00:00+00:00;XTZBULL/USD;1311,50000000;1766,00000000;1215,50000000;1640,50000000;20,05
2020-08-08T00:00:00+00:00;XTZBULL/USD;1023,00000000;1399,00000000;969,75000000;1311,50000000;22,0
2020-08-07T00:00:00+00:00;XTZBULL/USD;1193,50000000;1252,00000000;861,00000000;1023,00000000;-16,67
2020-08-06T00:00:00+00:00;XTZBULL/USD;1075,00000000;1344,50000000;1054,50000000;1193,50000000;9,93
2020-08-05T00:00:00+00:00;XTZBULL/USD;1236,50000000;1257,00000000;1030,00000000;1075,00000000;-15,02
2020-08-04T00:00:00+00:00;XTZBULL/USD;1064,50000000;1315,50000000;1062,50000000;1236,50000000;13,91
2020-08-03T00:00:00+00:00;XTZBULL/USD;910,50000000;1100,00000000;850,00000000;1064,50000000;14,47
2020-08-02T00:00:00+00:00;XTZBULL/USD;1092,50000000;1188,50000000;719,50000000;910,50000000;-19,99
2020-08-01T00:00:00+00:00;XTZBULL/USD;891,50000000;1119,00000000;883,00000000;1092,50000000;18,4
2020-07-31T00:00:00+00:00;XTZBULL/USD;871,00000000;950,25000000;850,00000000;891,50000000;2,3
2020-07-30T00:00:00+00:00;XTZBULL/USD;846,50000000;915,50000000;806,00000000;871,00000000;2,81
2020-07-29T00:00:00+00:00;XTZBULL/USD;916,00000000;1023,00000000;826,00000000;846,50000000;-8,21
2020-07-28T00:00:00+00:00;XTZBULL/USD;910,75000000;963,00000000;811,00000000;916,00000000;0,57
2020-07-27T00:00:00+00:00;XTZBULL/USD;1151,50000000;1151,50000000;752,50000000;910,75000000;-26,43
2020-07-26T00:00:00+00:00;XTZBULL/USD;1260,00000000;1312,00000000;1076,50000000;1151,50000000;-9,42
2020-07-25T00:00:00+00:00;XTZBULL/USD;1226,00000000;1322,00000000;1210,50000000;1260,00000000;2,7
2020-07-24T00:00:00+00:00;XTZBULL/USD;1435,50000000;1468,50000000;1191,00000000;1226,00000000;-17,09
2020-07-23T00:00:00+00:00;XTZBULL/USD;1346,00000000;1500,00000000;1248,50000000;1435,50000000;6,23
2020-07-22T00:00:00+00:00;XTZBULL/USD;1233,00000000;1396,50000000;1120,00000000;1346,00000000;8,4
2020-07-21T00:00:00+00:00;XTZBULL/USD;971,00000000;1295,00000000;957,75000000;1233,00000000;21,25
2020-07-20T00:00:00+00:00;XTZBULL/USD;1255,00000000;1261,00000000;938,00000000;971,00000000;-29,25
2020-07-19T00:00:00+00:00;XTZBULL/USD;1279,50000000;1359,00000000;1112,50000000;1255,00000000;-1,95
2020-07-18T00:00:00+00:00;XTZBULL/USD;1518,00000000;1522,50000000;1223,50000000;1279,50000000;-18,64
2020-07-17T00:00:00+00:00;XTZBULL/USD;1420,00000000;1598,50000000;1297,00000000;1518,00000000;6,46
2020-07-16T00:00:00+00:00;XTZBULL/USD;1612,00000000;1747,00000000;1177,00000000;1420,00000000;-13,52
2020-07-15T00:00:00+00:00;XTZBULL/USD;1287,00000000;1622,50000000;1158,00000000;1612,00000000;20,16
2020-07-14T00:00:00+00:00;XTZBULL/USD;1231,50000000;1413,50000000;920,00000000;1287,00000000;4,31
2020-07-13T00:00:00+00:00;XTZBULL/USD;1119,00000000;1543,50000000;991,50000000;1231,50000000;9,14
2020-07-12T00:00:00+00:00;XTZBULL/USD;976,75000000;1133,50000000;853,00000000;1112,50000000;12,2
2020-07-11T00:00:00+00:00;XTZBULL/USD;832,00000000;1020,75000000;803,50000000;976,75000000;14,82
2020-07-10T00:00:00+00:00;XTZBULL/USD;824,00000000;873,00000000;708,25000000;832,00000000;0,96
2020-07-09T00:00:00+00:00;XTZBULL/USD;957,00000000;958,75000000;760,00000000;824,00000000;-16,14
2020-07-08T00:00:00+00:00;XTZBULL/USD;825,00000000;1002,75000000;796,50000000;957,00000000;13,79
2020-07-07T00:00:00+00:00;XTZBULL/USD;759,00000000;888,00000000;724,00000000;825,00000000;8,0
2020-07-06T00:00:00+00:00;XTZBULL/USD;635,00000000;781,00000000;617,00000000;759,00000000;16,34
2020-07-05T00:00:00+00:00;XTZBULL/USD;673,75000000;678,25000000;575,50000000;635,00000000;-6,1
2020-07-04T00:00:00+00:00;XTZBULL/USD;636,00000000;696,25000000;627,50000000;673,75000000;5,6
2020-07-03T00:00:00+00:00;XTZBULL/USD;689,75000000;693,75000000;634,75000000;636,00000000;-8,45
2020-07-02T00:00:00+00:00;XTZBULL/USD;749,75000000;755,75000000;632,50000000;689,75000000;-8,7
2020-07-01T00:00:00+00:00;XTZBULL/USD;718,75000000;792,00000000;697,00000000;749,75000000;4,13
2020-06-30T00:00:00+00:00;XTZBULL/USD;763,75000000;766,75000000;710,50000000;718,75000000;-6,26
2020-06-29T00:00:00+00:00;XTZBULL/USD;729,00000000;790,50000000;708,50000000;763,75000000;4,55
2020-06-28T00:00:00+00:00;XTZBULL/USD;687,75000000;784,75000000;660,00000000;729,00000000;5,66
2020-06-27T00:00:00+00:00;XTZBULL/USD;875,25000000;876,00000000;620,50000000;687,75000000;-27,26
2020-06-26T00:00:00+00:00;XTZBULL/USD;984,50000000;984,50000000;829,00000000;875,25000000;-12,48
2020-06-25T00:00:00+00:00;XTZBULL/USD;1034,50000000;1068,75000000;925,00000000;984,50000000;-5,08
2020-06-24T00:00:00+00:00;XTZBULL/USD;1269,00000000;1362,00000000;990,50000000;1034,50000000;-22,67
2020-06-23T00:00:00+00:00;XTZBULL/USD;1142,00000000;1279,50000000;1076,00000000;1269,00000000;10,01
2020-06-22T00:00:00+00:00;XTZBULL/USD;1042,00000000;1168,50000000;1027,50000000;1142,00000000;8,76
2020-06-21T00:00:00+00:00;XTZBULL/USD;1082,00000000;1083,50000000;1027,50000000;1042,00000000;-3,84
2020-06-20T00:00:00+00:00;XTZBULL/USD;1098,50000000;1127,00000000;983,00000000;1082,00000000;-1,52
2020-06-19T00:00:00+00:00;XTZBULL/USD;1146,00000000;1200,00000000;1080,50000000;1098,50000000;-4,32
2020-06-18T00:00:00+00:00;XTZBULL/USD;1159,00000000;1283,50000000;1013,00000000;1146,00000000;-1,13
2020-06-17T00:00:00+00:00;XTZBULL/USD;1086,50000000;1181,00000000;1013,00000000;1159,00000000;6,26
2020-06-16T00:00:00+00:00;XTZBULL/USD;1101,00000000;1160,50000000;1031,50000000;1086,50000000;-1,33
2020-06-15T00:00:00+00:00;XTZBULL/USD;1074,50000000;1171,50000000;875,00000000;1101,00000000;2,41
2020-06-14T00:00:00+00:00;XTZBULL/USD;1212,00000000;1214,00000000;1023,00000000;1074,50000000;-12,8
2020-06-13T00:00:00+00:00;XTZBULL/USD;1183,00000000;1249,50000000;1151,00000000;1212,00000000;2,39
2020-06-12T00:00:00+00:00;XTZBULL/USD;1118,00000000;1302,00000000;1092,00000000;1183,00000000;5,49
2020-06-11T00:00:00+00:00;XTZBULL/USD;1596,50000000;1622,00000000;999,50000000;1118,00000000;-42,8
2020-06-10T00:00:00+00:00;XTZBULL/USD;1639,00000000;1662,50000000;1545,50000000;1596,50000000;-2,66
2020-06-09T00:00:00+00:00;XTZBULL/USD;1696,00000000;1734,50000000;1582,50000000;1639,00000000;-3,48
2020-06-08T00:00:00+00:00;XTZBULL/USD;1602,00000000;1716,00000000;1585,00000000;1696,00000000;5,54
2020-06-07T00:00:00+00:00;XTZBULL/USD;1689,50000000;1715,00000000;1486,50000000;1602,00000000;-5,46
2020-06-06T00:00:00+00:00;XTZBULL/USD;1700,00000000;1763,00000000;1658,50000000;1689,50000000;-0,62
2020-06-05T00:00:00+00:00;XTZBULL/USD;1832,50000000;1871,00000000;1688,50000000;1700,00000000;-7,79
2020-06-04T00:00:00+00:00;XTZBULL/USD;1914,00000000;1988,00000000;1675,50000000;1832,50000000;-4,45
2020-06-03T00:00:00+00:00;XTZBULL/USD;1677,00000000;1964,50000000;1585,00000000;1914,00000000;12,38
2020-06-02T00:00:00+00:00;XTZBULL/USD;1837,00000000;2110,00000000;1367,00000000;1677,00000000;-9,54
2020-06-01T00:00:00+00:00;XTZBULL/USD;1558,50000000;1880,00000000;1522,50000000;1837,00000000;15,16
2020-05-31T00:00:00+00:00;XTZBULL/USD;1790,00000000;1857,50000000;1510,50000000;1558,50000000;-14,85
2020-05-30T00:00:00+00:00;XTZBULL/USD;1696,50000000;1866,50000000;1604,50000000;1790,00000000;5,22
2020-05-29T00:00:00+00:00;XTZBULL/USD;1632,00000000;1770,50000000;1585,00000000;1696,50000000;3,8
2020-05-28T00:00:00+00:00;XTZBULL/USD;1449,00000000;1671,50000000;1400,50000000;1632,00000000;11,21
2020-05-27T00:00:00+00:00;XTZBULL/USD;1424,50000000;1525,50000000;1405,50000000;1449,00000000;1,69
2020-05-26T00:00:00+00:00;XTZBULL/USD;1499,50000000;1547,50000000;1372,00000000;1424,50000000;-5,27
2020-05-25T00:00:00+00:00;XTZBULL/USD;1377,50000000;1513,50000000;1346,50000000;1499,50000000;8,14
2020-05-24T00:00:00+00:00;XTZBULL/USD;1557,00000000;1681,50000000;1372,00000000;1377,50000000;-13,03
2020-05-23T00:00:00+00:00;XTZBULL/USD;1634,00000000;1685,50000000;1516,50000000;1558,50000000;-4,84
2020-05-22T00:00:00+00:00;XTZBULL/USD;1402,50000000;1748,00000000;1344,50000000;1634,00000000;14,17
2020-05-21T00:00:00+00:00;XTZBULL/USD;1715,00000000;1769,00000000;1275,50000000;1402,50000000;-22,28
2020-05-20T00:00:00+00:00;XTZBULL/USD;1741,00000000;1844,50000000;1529,50000000;1715,00000000;-1,52
2020-05-19T00:00:00+00:00;XTZBULL/USD;1608,00000000;1741,00000000;1400,00000000;1741,00000000;7,64
2020-05-18T00:00:00+00:00;XTZBULL/USD;1393,50000000;1625,00000000;1390,00000000;1608,00000000;13,34
2020-05-17T00:00:00+00:00;XTZBULL/USD;1399,50000000;1509,00000000;1360,00000000;1393,50000000;-0,43
2020-05-16T00:00:00+00:00;XTZBULL/USD;1184,00000000;1430,00000000;1173,00000000;1399,50000000;15,4
2020-05-15T00:00:00+00:00;XTZBULL/USD;1277,00000000;1289,00000000;1117,50000000;1184,00000000;-7,85
2020-05-14T00:00:00+00:00;XTZBULL/USD;1317,00000000;1391,00000000;1208,50000000;1277,00000000;-3,13
2020-05-13T00:00:00+00:00;XTZBULL/USD;1245,00000000;1349,50000000;1205,00000000;1317,00000000;5,47
2020-05-12T00:00:00+00:00;XTZBULL/USD;1129,50000000;1327,00000000;1109,50000000;1245,00000000;9,28
2020-05-11T00:00:00+00:00;XTZBULL/USD;1406,50000000;1463,50000000;948,50000000;1129,50000000;-24,52
2020-05-10T00:00:00+00:00;XTZBULL/USD;2055,50000000;2077,50000000;951,00000000;1406,50000000;-46,14
2020-05-09T00:00:00+00:00;XTZBULL/USD;1958,50000000;2379,50000000;1900,00000000;2055,50000000;4,72
2020-05-08T00:00:00+00:00;XTZBULL/USD;1905,00000000;2095,00000000;1825,00000000;1958,50000000;2,73
2020-05-07T00:00:00+00:00;XTZBULL/USD;1776,50000000;2067,00000000;1702,00000000;1905,00000000;6,75
2020-05-06T00:00:00+00:00;XTZBULL/USD;1996,00000000;2110,50000000;1761,50000000;1776,50000000;-12,36
2020-05-05T00:00:00+00:00;XTZBULL/USD;2077,00000000;2182,50000000;1882,50000000;1996,00000000;-4,06
2020-05-04T00:00:00+00:00;XTZBULL/USD;1977,50000000;2219,50000000;1674,50000000;2077,00000000;4,79
2020-05-03T00:00:00+00:00;XTZBULL/USD;2214,50000000;2313,50000000;1857,50000000;1977,50000000;-11,98
2020-05-02T00:00:00+00:00;XTZBULL/USD;2135,00000000;2279,00000000;2075,50000000;2214,50000000;3,59
2020-05-01T00:00:00+00:00;XTZBULL/USD;2011,50000000;2466,00000000;2011,50000000;2135,00000000;5,78
2020-04-30T00:00:00+00:00;XTZBULL/USD;2487,00000000;2748,00000000;1792,00000000;2011,50000000;-23,64
2020-04-29T00:00:00+00:00;XTZBULL/USD;2049,00000000;2654,50000000;2040,00000000;2487,00000000;17,61
2020-04-28T00:00:00+00:00;XTZBULL/USD;2027,50000000;2211,50000000;1840,00000000;2049,00000000;1,05
2020-04-27T00:00:00+00:00;XTZBULL/USD;2072,00000000;2130,50000000;1599,50000000;2027,50000000;-2,19
2020-04-26T00:00:00+00:00;XTZBULL/USD;2282,50000000;2282,50000000;1982,00000000;2072,00000000;-10,16
2020-04-25T00:00:00+00:00;XTZBULL/USD;1953,50000000;2352,50000000;1779,00000000;2282,50000000;14,41
2020-04-24T00:00:00+00:00;XTZBULL/USD;1544,00000000;2050,00000000;1540,00000000;1953,50000000;20,96
2020-04-23T00:00:00+00:00;XTZBULL/USD;1278,00000000;1690,50000000;1232,00000000;1544,00000000;17,23
2020-04-22T00:00:00+00:00;XTZBULL/USD;1006,00000000;1292,00000000;1000,25000000;1278,00000000;21,28
2020-04-21T00:00:00+00:00;XTZBULL/USD;985,00000000;1087,75000000;924,00000000;1006,00000000;2,09
2020-04-20T00:00:00+00:00;XTZBULL/USD;1164,50000000;1320,00000000;885,50000000;985,00000000;-18,22
2020-04-19T00:00:00+00:00;XTZBULL/USD;1285,50000000;1345,00000000;1091,50000000;1164,50000000;-10,39
2020-04-18T00:00:00+00:00;XTZBULL/USD;946,00000000;1343,00000000;946,00000000;1285,50000000;26,41
2020-04-17T00:00:00+00:00;XTZBULL/USD;980,75000000;1038,25000000;912,50000000;946,00000000;-3,67
2020-04-16T00:00:00+00:00;XTZBULL/USD;753,00000000;1015,00000000;680,00000000;980,75000000;23,22
2020-04-15T00:00:00+00:00;XTZBULL/USD;809,50000000;839,50000000;739,75000000;753,00000000;-7,5
2020-04-14T00:00:00+00:00;XTZBULL/USD;793,25000000;865,50000000;752,75000000;809,50000000;2,01
2020-04-13T00:00:00+00:00;XTZBULL/USD;874,00000000;874,00000000;716,25000000;793,25000000;-10,18
2020-04-12T00:00:00+00:00;XTZBULL/USD;846,00000000;952,25000000;738,50000000;874,00000000;3,2
2020-04-11T00:00:00+00:00;XTZBULL/USD;760,50000000;927,75000000;740,75000000;845,75000000;10,08
2020-04-10T00:00:00+00:00;XTZBULL/USD;1089,00000000;1096,00000000;666,00000000;760,50000000;-43,2
2020-04-09T00:00:00+00:00;XTZBULL/USD;1149,00000000;1195,00000000;908,50000000;1090,00000000;-5,41
2020-04-08T00:00:00+00:00;XTZBULL/USD;893,25000000;1187,25000000;848,50000000;1149,00000000;22,26
2020-04-07T00:00:00+00:00;XTZBULL/USD;844,25000000;1079,00000000;776,75000000;894,25000000;5,59
2020-04-06T00:00:00+00:00;XTZBULL/USD;581,50000000;840,50000000;579,00000000;840,50000000;30,81
2020-04-05T00:00:00+00:00;XTZBULL/USD;619,25000000;629,50000000;578,75000000;581,50000000;-6,49
2020-04-04T00:00:00+00:00;XTZBULL/USD;592,75000000;656,25000000;572,50000000;619,25000000;4,28
2020-04-03T00:00:00+00:00;XTZBULL/USD;586,25000000;701,25000000;567,00000000;592,75000000;1,1
2020-04-02T00:00:00+00:00;XTZBULL/USD;528,50000000;719,75000000;516,00000000;586,25000000;9,85
2020-04-01T00:00:00+00:00;XTZBULL/USD;525,75000000;549,50000000;442,50000000;528,50000000;0,52
2020-03-31T00:00:00+00:00;XTZBULL/USD;523,75000000;556,25000000;471,00000000;525,75000000;0,38
2020-03-30T00:00:00+00:00;XTZBULL/USD;406,00000000;570,60000000;402,10000000;523,50000000;22,45
2020-03-29T00:00:00+00:00;XTZBULL/USD;498,30000000;513,20000000;404,40000000;406,00000000;-22,73
2020-03-28T00:00:00+00:00;XTZBULL/USD;539,75000000;548,90000000;446,60000000;498,30000000;-8,32
2020-03-27T00:00:00+00:00;XTZBULL/USD;750,00000000;781,25000000;517,75000000;539,75000000;-38,95
2020-03-26T00:00:00+00:00;XTZBULL/USD;695,00000000;755,50000000;685,00000000;750,00000000;7,33
2020-03-25T00:00:00+00:00;XTZBULL/USD;757,25000000;793,75000000;618,00000000;695,00000000;-8,96
2020-03-24T00:00:00+00:00;XTZBULL/USD;651,75000000;780,75000000;593,25000000;757,25000000;13,93
2020-03-23T00:00:00+00:00;XTZBULL/USD;468,00000000;673,20000000;441,00000000;651,75000000;28,19
2020-03-22T00:00:00+00:00;XTZBULL/USD;704,50000000;774,25000000;452,20000000;467,90000000;-50,57
2020-03-21T00:00:00+00:00;XTZBULL/USD;732,75000000;833,00000000;602,00000000;701,75000000;-4,42
2020-03-20T00:00:00+00:00;XTZBULL/USD;675,75000000;976,75000000;482,50000000;731,50000000;7,62
2020-03-19T00:00:00+00:00;XTZBULL/USD;447,60000000;787,40000000;410,00000000;675,75000000;33,76
2020-03-18T00:00:00+00:00;XTZBULL/USD;418,30000000;468,10000000;345,10000000;447,30000000;6,48
2020-03-17T00:00:00+00:00;XTZBULL/USD;378,60000000;511,90000000;351,20000000;417,60000000;9,34
2020-03-16T00:00:00+00:00;XTZBULL/USD;711,00000000;711,50000000;240,00000000;378,60000000;-87,8
2020-03-15T00:00:00+00:00;XTZBULL/USD;782,00000000;1029,00000000;544,00000000;711,50000000;-9,91
2020-03-14T00:00:00+00:00;XTZBULL/USD;1144,00000000;1294,00000000;723,00000000;782,00000000;-46,29
2020-03-13T00:00:00+00:00;XTZBULL/USD;867,00000000;1299,80000000;280,10000000;1144,00000000;24,21
2020-03-12T00:00:00+00:00;XTZBULL/USD;8010,00000000;8122,50000000;110,00000000;864,75000000;-826,28
2020-03-11T00:00:00+00:00;XTZBULL/USD;9540,00000000;10517,50000000;6275,00000000;8010,00000000;-19,1
2020-03-10T00:00:00+00:00;XTZBULL/USD;9055,00000000;11177,50000000;8345,00000000;9537,50000000;5,06
2020-03-09T00:00:00+00:00;XTZBULL/USD;10282,50000000;11235,00000000;6495,00000000;9045,00000000;-13,68
2020-03-08T00:00:00+00:00;XTZBULL/USD;16950,00000000;16950,00000000;9937,50000000;10282,50000000;-64,84
2020-03-07T00:00:00+00:00;XTZBULL/USD;20840,00000000;22510,00000000;16750,00000000;16935,00000000;-23,06
2020-03-06T00:00:00+00:00;XTZBULL/USD;19140,00000000;21655,00000000;18125,00000000;20840,00000000;8,16
2020-03-05T00:00:00+00:00;XTZBULL/USD;19565,00000000;23225,00000000;17850,00000000;19140,00000000;-2,22
2020-03-04T00:00:00+00:00;XTZBULL/USD;14190,00000000;19565,00000000;13850,00000000;19565,00000000;27,47
2020-03-03T00:00:00+00:00;XTZBULL/USD;14915,00000000;15215,00000000;12320,00000000;14190,00000000;-5,11
2020-03-02T00:00:00+00:00;XTZBULL/USD;12275,00000000;16155,00000000;11390,00000000;14915,00000000;17,7
2020-03-01T00:00:00+00:00;XTZBULL/USD;14215,00000000;16000,00000000;11540,00000000;12275,00000000;-15,8
2020-02-29T00:00:00+00:00;XTZBULL/USD;15335,00000000;18645,00000000;14195,00000000;14215,00000000;-7,88
2020-02-28T00:00:00+00:00;XTZBULL/USD;15440,00000000;17240,00000000;12575,00000000;15335,00000000;-0,68
2020-02-27T00:00:00+00:00;XTZBULL/USD;14720,00000000;18575,00000000;11530,00000000;15440,00000000;4,66
2020-02-26T00:00:00+00:00;XTZBULL/USD;15710,00000000;18370,00000000;11120,00000000;14720,00000000;-6,73
2020-02-25T00:00:00+00:00;XTZBULL/USD;23980,00000000;24260,00000000;14085,00000000;15710,00000000;-52,64
2020-02-24T00:00:00+00:00;XTZBULL/USD;34890,00000000;35030,00000000;19290,00000000;23980,00000000;-45,5
2020-02-23T00:00:00+00:00;XTZBULL/USD;29230,00000000;36500,00000000;29120,00000000;34890,00000000;16,22
2020-02-22T00:00:00+00:00;XTZBULL/USD;34370,00000000;35880,00000000;27460,00000000;29230,00000000;-17,58
2020-02-21T00:00:00+00:00;XTZBULL/USD;38320,00000000;42870,00000000;31350,00000000;34420,00000000;-11,33
2020-02-20T00:00:00+00:00;XTZBULL/USD;36550,00000000;46510,00000000;33350,00000000;38320,00000000;4,62
2020-02-19T00:00:00+00:00;XTZBULL/USD;34050,00000000;48610,00000000;31080,00000000;36510,00000000;6,74
2020-02-18T00:00:00+00:00;XTZBULL/USD;26960,00000000;36790,00000000;25380,00000000;34050,00000000;20,82
2020-02-17T00:00:00+00:00;XTZBULL/USD;31370,00000000;31500,00000000;18255,00000000;26960,00000000;-16,36
2020-02-16T00:00:00+00:00;XTZBULL/USD;33670,00000000;36730,00000000;20000,00000000;31370,00000000;-7,33
2020-02-15T00:00:00+00:00;XTZBULL/USD;46870,00000000;49560,00000000;28510,00000000;33670,00000000;-39,2
2020-02-14T00:00:00+00:00;XTZBULL/USD;35290,00000000;49410,00000000;32550,00000000;46870,00000000;24,71
2020-02-13T00:00:00+00:00;XTZBULL/USD;46000,00000000;46850,00000000;29730,00000000;35290,00000000;-30,35
2020-02-12T00:00:00+00:00;XTZBULL/USD;32730,00000000;55840,00000000;32720,00000000;46000,00000000;28,85
2020-02-11T00:00:00+00:00;XTZBULL/USD;24510,00000000;33900,00000000;22690,00000000;32730,00000000;25,11
2020-02-10T00:00:00+00:00;XTZBULL/USD;25130,00000000;27270,00000000;19900,00000000;24510,00000000;-2,53
2020-02-09T00:00:00+00:00;XTZBULL/USD;17255,00000000;27240,00000000;17125,00000000;25130,00000000;31,34
2020-02-08T00:00:00+00:00;XTZBULL/USD;15205,00000000;17775,00000000;11595,00000000;17255,00000000;11,88
2020-02-07T00:00:00+00:00;XTZBULL/USD;14775,00000000;16590,00000000;14755,00000000;15205,00000000;2,83
2020-02-06T00:00:00+00:00;XTZBULL/USD;14490,00000000;16540,00000000;14055,00000000;14775,00000000;1,93
2020-02-05T00:00:00+00:00;XTZBULL/USD;10955,00000000;15920,00000000;10630,00000000;14480,00000000;24,34
2020-02-04T00:00:00+00:00;XTZBULL/USD;12285,00000000;12970,00000000;10250,00000000;10890,00000000;-12,81
2020-02-03T00:00:00+00:00;XTZBULL/USD;11030,00000000;13900,00000000;10235,00000000;12295,00000000;10,29
2020-02-02T00:00:00+00:00;XTZBULL/USD;8560,00000000;12147,50000000;7782,50000000;11030,00000000;22,39
2020-02-01T00:00:00+00:00;XTZBULL/USD;7310,00000000;8570,00000000;7277,50000000;8560,00000000;14,6
2020-01-31T00:00:00+00:00;XTZBULL/USD;7762,50000000;8265,00000000;7225,00000000;7310,00000000;-6,19
2020-01-30T00:00:00+00:00;XTZBULL/USD;6395,00000000;8030,00000000;6295,00000000;7762,50000000;17,62
2020-01-29T00:00:00+00:00;XTZBULL/USD;6207,50000000;7852,50000000;6115,00000000;6395,00000000;2,93
2020-01-28T00:00:00+00:00;XTZBULL/USD;5922,50000000;6515,00000000;5775,00000000;6207,50000000;4,59
2020-01-27T00:00:00+00:00;XTZBULL/USD;5922,50000000;6192,50000000;5490,00000000;5912,50000000;-0,17
2020-01-26T00:00:00+00:00;XTZBULL/USD;5600,00000000;5972,50000000;5315,00000000;5922,50000000;5,45
2020-01-25T00:00:00+00:00;XTZBULL/USD;5837,50000000;5837,50000000;5212,50000000;5600,00000000;-4,24
2020-01-24T00:00:00+00:00;XTZBULL/USD;6375,00000000;6480,00000000;5700,00000000;5837,50000000;-9,21
2020-01-23T00:00:00+00:00;XTZBULL/USD;6875,00000000;7222,50000000;5597,50000000;6377,50000000;-7,8
2020-01-22T00:00:00+00:00;XTZBULL/USD;6200,00000000;7445,00000000;6132,50000000;6875,00000000;9,82
2020-01-21T00:00:00+00:00;XTZBULL/USD;6935,00000000;7250,00000000;5772,50000000;6192,50000000;-11,99
2020-01-20T00:00:00+00:00;XTZBULL/USD;5190,00000000;6940,00000000;4986,00000000;6927,50000000;25,08
2020-01-19T00:00:00+00:00;XTZBULL/USD;5920,00000000;6380,00000000;4475,00000000;5190,00000000;-14,07
2020-01-18T00:00:00+00:00;XTZBULL/USD;5877,50000000;6682,50000000;5177,50000000;5920,00000000;0,72
2020-01-17T00:00:00+00:00;XTZBULL/USD;6200,00000000;6695,00000000;5360,00000000;5877,50000000;-5,49
2020-01-16T00:00:00+00:00;XTZBULL/USD;4659,00000000;6570,00000000;4165,00000000;6200,00000000;24,85
2020-01-15T00:00:00+00:00;XTZBULL/USD;4516,00000000;5243,00000000;4097,00000000;4659,00000000;3,07
2020-01-14T00:00:00+00:00;XTZBULL/USD;4070,00000000;4731,00000000;4042,00000000;4516,00000000;9,88
2020-01-13T00:00:00+00:00;XTZBULL/USD;4408,00000000;4418,00000000;3945,00000000;4066,00000000;-8,41
2020-01-12T00:00:00+00:00;XTZBULL/USD;4428,00000000;4538,00000000;4296,00000000;4408,00000000;-0,45
2020-01-11T00:00:00+00:00;XTZBULL/USD;4445,00000000;4857,00000000;4361,00000000;4424,00000000;-0,47
2020-01-10T00:00:00+00:00;XTZBULL/USD;4173,00000000;4812,00000000;3969,00000000;4447,00000000;6,16
2020-01-09T00:00:00+00:00;XTZBULL/USD;4760,00000000;5108,00000000;4049,00000000;4199,00000000;-13,36
2020-01-08T00:00:00+00:00;XTZBULL/USD;4403,00000000;5419,00000000;4247,00000000;4756,00000000;7,42
2020-01-07T00:00:00+00:00;XTZBULL/USD;4523,00000000;4713,00000000;4006,00000000;4405,00000000;-2,68

