DATE/TIME;SYMBOL;OPEN;HIGH;LOW;CLOSE;EVOL % CLOSE/HIGH
2022-01-05T00:00:00+00:00;ETCBULL/USD;0,61300000;0,64250000;0,60425000;0,62975000;2,66
2022-01-04T00:00:00+00:00;ETCBULL/USD;0,63850000;0,65700000;0,59950000;0,61300000;-4,16
2022-01-03T00:00:00+00:00;ETCBULL/USD;0,68450000;0,68575000;0,61325000;0,63850000;-7,2
2022-01-02T00:00:00+00:00;ETCBULL/USD;0,64900000;0,70250000;0,62475000;0,68450000;5,19
2022-01-01T00:00:00+00:00;ETCBULL/USD;0,60850000;0,65275000;0,60850000;0,64900000;6,24
2021-12-31T00:00:00+00:00;ETCBULL/USD;0,66425000;0,69400000;0,54075000;0,60850000;-9,16
2021-12-30T00:00:00+00:00;ETCBULL/USD;0,60600000;0,67175000;0,58550000;0,66425000;8,77
2021-12-29T00:00:00+00:00;ETCBULL/USD;0,66075000;0,68450000;0,59825000;0,60600000;-9,03
2021-12-28T00:00:00+00:00;ETCBULL/USD;0,84000000;0,84000000;0,63800000;0,66075000;-27,13
2021-12-27T00:00:00+00:00;ETCBULL/USD;0,85275000;0,91050000;0,83725000;0,84000000;-1,52
2021-12-26T00:00:00+00:00;ETCBULL/USD;0,87275000;0,87900000;0,80000000;0,85275000;-2,35
2021-12-25T00:00:00+00:00;ETCBULL/USD;0,81625000;0,91075000;0,80950000;0,87275000;6,47
2021-12-24T00:00:00+00:00;ETCBULL/USD;0,83875000;0,88900000;0,79550000;0,81625000;-2,76
2021-12-23T00:00:00+00:00;ETCBULL/USD;0,71300000;0,84100000;0,68825000;0,83875000;14,99
2021-12-22T00:00:00+00:00;ETCBULL/USD;0,69625000;0,77275000;0,69250000;0,71300000;2,35
2021-12-21T00:00:00+00:00;ETCBULL/USD;0,65200000;0,70975000;0,64625000;0,69625000;6,36
2021-12-20T00:00:00+00:00;ETCBULL/USD;0,67400000;0,69800000;0,59850000;0,65200000;-3,37
2021-12-19T00:00:00+00:00;ETCBULL/USD;0,67675000;0,74000000;0,66450000;0,67400000;-0,41
2021-12-18T00:00:00+00:00;ETCBULL/USD;0,63450000;0,70300000;0,61800000;0,67675000;6,24
2021-12-17T00:00:00+00:00;ETCBULL/USD;0,69375000;0,70450000;0,58100000;0,63450000;-9,34
2021-12-16T00:00:00+00:00;ETCBULL/USD;0,74825000;0,79375000;0,68925000;0,69375000;-7,86
2021-12-15T00:00:00+00:00;ETCBULL/USD;0,71125000;0,78000000;0,59100000;0,74825000;4,94
2021-12-14T00:00:00+00:00;ETCBULL/USD;0,64375000;0,75700000;0,62050000;0,71125000;9,49
2021-12-13T00:00:00+00:00;ETCBULL/USD;0,91975000;0,92350000;0,61150000;0,64375000;-42,87
2021-12-12T00:00:00+00:00;ETCBULL/USD;0,91250000;0,95625000;0,84275000;0,91975000;0,79
2021-12-11T00:00:00+00:00;ETCBULL/USD;0,82125000;0,93075000;0,77300000;0,91250000;10,0
2021-12-10T00:00:00+00:00;ETCBULL/USD;0,90450000;0,98500000;0,81150000;0,82125000;-10,14
2021-12-09T00:00:00+00:00;ETCBULL/USD;1,20550000;1,21450000;0,89000000;0,90450000;-33,28
2021-12-08T00:00:00+00:00;ETCBULL/USD;1,05900000;1,34550000;1,03050000;1,20550000;12,15
2021-12-07T00:00:00+00:00;ETCBULL/USD;1,10625000;1,19350000;0,99200000;1,05900000;-4,46
2021-12-06T00:00:00+00:00;ETCBULL/USD;1,05125000;1,15925000;0,74650000;1,10625000;4,97
2021-12-05T00:00:00+00:00;ETCBULL/USD;1,15750000;1,16200000;0,83950000;1,05125000;-10,11
2021-12-04T00:00:00+00:00;ETCBULL/USD;2,63200000;2,66100000;0,37500000;1,15750000;-127,39
2021-12-03T00:00:00+00:00;ETCBULL/USD;3,00000000;3,06900000;2,14100000;2,63200000;-13,98
2021-12-02T00:00:00+00:00;ETCBULL/USD;3,04200000;3,12000000;2,77000000;3,00000000;-1,4
2021-12-01T00:00:00+00:00;ETCBULL/USD;3,23000000;3,39800000;2,97400000;3,04200000;-6,18
2021-11-30T00:00:00+00:00;ETCBULL/USD;3,17100000;3,64100000;2,95700000;3,23000000;1,83
2021-11-29T00:00:00+00:00;ETCBULL/USD;2,97900000;3,39700000;2,76900000;3,17100000;6,05
2021-11-28T00:00:00+00:00;ETCBULL/USD;2,81900000;3,13700000;2,52000000;2,97900000;5,37
2021-11-27T00:00:00+00:00;ETCBULL/USD;2,88400000;3,16900000;2,75100000;2,81900000;-2,31
2021-11-26T00:00:00+00:00;ETCBULL/USD;3,82000000;3,82100000;2,66100000;2,88400000;-32,45
2021-11-25T00:00:00+00:00;ETCBULL/USD;3,42600000;4,45200000;3,30300000;3,82000000;10,31
2021-11-24T00:00:00+00:00;ETCBULL/USD;3,67400000;3,68300000;2,98500000;3,42600000;-7,24
2021-11-23T00:00:00+00:00;ETCBULL/USD;3,51600000;3,79300000;3,34200000;3,67400000;4,3
2021-11-22T00:00:00+00:00;ETCBULL/USD;3,88900000;3,91200000;3,25300000;3,51600000;-10,61
2021-11-21T00:00:00+00:00;ETCBULL/USD;4,10000000;4,21600000;3,80800000;3,88900000;-5,43
2021-11-20T00:00:00+00:00;ETCBULL/USD;3,96200000;4,14500000;3,44000000;4,10000000;3,37
2021-11-19T00:00:00+00:00;ETCBULL/USD;3,55400000;4,30400000;3,43100000;3,96200000;10,3
2021-11-18T00:00:00+00:00;ETCBULL/USD;4,16000000;4,33400000;3,07600000;3,55400000;-17,05
2021-11-17T00:00:00+00:00;ETCBULL/USD;4,10700000;4,23500000;3,72300000;4,16000000;1,27
2021-11-16T00:00:00+00:00;ETCBULL/USD;5,51000000;5,51000000;3,28250000;4,10700000;-34,16
2021-11-15T00:00:00+00:00;ETCBULL/USD;5,93250000;6,13500000;5,38000000;5,51000000;-7,67
2021-11-14T00:00:00+00:00;ETCBULL/USD;5,99750000;6,15000000;5,50000000;5,93250000;-1,1
2021-11-13T00:00:00+00:00;ETCBULL/USD;5,74000000;6,06250000;5,58500000;5,99750000;4,29
2021-11-12T00:00:00+00:00;ETCBULL/USD;6,14000000;6,51750000;5,12250000;5,74000000;-6,97
2021-11-11T00:00:00+00:00;ETCBULL/USD;6,17500000;6,61750000;5,80250000;6,14000000;-0,57
2021-11-10T00:00:00+00:00;ETCBULL/USD;8,36500000;9,79750000;5,02000000;6,17500000;-35,47
2021-11-09T00:00:00+00:00;ETCBULL/USD;6,85000000;9,90000000;6,59500000;8,36500000;18,11
2021-11-08T00:00:00+00:00;ETCBULL/USD;5,93500000;6,85000000;5,89750000;6,85000000;13,36
2021-11-07T00:00:00+00:00;ETCBULL/USD;5,56000000;6,21000000;5,50250000;5,92500000;6,16
2021-11-06T00:00:00+00:00;ETCBULL/USD;5,68750000;5,83750000;4,86750000;5,56000000;-2,29
2021-11-05T00:00:00+00:00;ETCBULL/USD;5,92500000;5,97750000;5,56500000;5,68750000;-4,18
2021-11-04T00:00:00+00:00;ETCBULL/USD;6,51000000;6,74500000;5,52000000;5,92500000;-9,87
2021-11-03T00:00:00+00:00;ETCBULL/USD;6,53000000;7,04750000;5,79250000;6,51000000;-0,31
2021-11-02T00:00:00+00:00;ETCBULL/USD;6,06500000;6,74250000;5,83000000;6,53000000;7,12
2021-11-01T00:00:00+00:00;ETCBULL/USD;6,20500000;6,43500000;5,52250000;6,06500000;-2,31
2021-10-31T00:00:00+00:00;ETCBULL/USD;5,72000000;7,55000000;5,57250000;6,20500000;7,82
2021-10-30T00:00:00+00:00;ETCBULL/USD;5,94750000;6,05250000;5,32500000;5,72000000;-3,98
2021-10-29T00:00:00+00:00;ETCBULL/USD;5,51500000;6,14250000;5,40000000;5,94750000;7,27
2021-10-28T00:00:00+00:00;ETCBULL/USD;4,60300000;5,70400000;4,47100000;5,51500000;16,54
2021-10-27T00:00:00+00:00;ETCBULL/USD;6,68500000;7,18000000;4,00000000;4,61000000;-45,01
2021-10-26T00:00:00+00:00;ETCBULL/USD;7,09000000;7,39500000;6,50000000;6,68500000;-6,06
2021-10-25T00:00:00+00:00;ETCBULL/USD;7,04000000;7,53000000;6,98250000;7,09000000;0,71
2021-10-24T00:00:00+00:00;ETCBULL/USD;7,39500000;7,39500000;6,50500000;7,04000000;-5,04
2021-10-23T00:00:00+00:00;ETCBULL/USD;6,91000000;7,46500000;6,53000000;7,39500000;6,56
2021-10-22T00:00:00+00:00;ETCBULL/USD;7,29250000;7,95250000;6,57500000;6,91000000;-5,54
2021-10-21T00:00:00+00:00;ETCBULL/USD;7,37750000;9,11000000;7,00000000;7,29250000;-1,17
2021-10-20T00:00:00+00:00;ETCBULL/USD;6,44250000;7,44500000;6,20000000;7,37750000;12,67
2021-10-19T00:00:00+00:00;ETCBULL/USD;6,23000000;6,59250000;6,01500000;6,44250000;3,3
2021-10-18T00:00:00+00:00;ETCBULL/USD;6,46500000;6,74500000;6,00000000;6,23000000;-3,77
2021-10-17T00:00:00+00:00;ETCBULL/USD;6,95000000;7,18250000;5,61500000;6,46500000;-7,5
2021-10-16T00:00:00+00:00;ETCBULL/USD;7,06250000;7,48000000;6,78500000;6,95000000;-1,62
2021-10-15T00:00:00+00:00;ETCBULL/USD;7,06250000;8,01500000;6,44500000;7,06250000;0,0
2021-10-14T00:00:00+00:00;ETCBULL/USD;6,66750000;7,32250000;6,58500000;7,06250000;5,59
2021-10-13T00:00:00+00:00;ETCBULL/USD;6,52250000;6,76000000;5,97000000;6,67000000;2,21
2021-10-12T00:00:00+00:00;ETCBULL/USD;6,92500000;6,92500000;5,81500000;6,52250000;-6,17
2021-10-11T00:00:00+00:00;ETCBULL/USD;6,60000000;7,45750000;6,42750000;6,92500000;4,69
2021-10-10T00:00:00+00:00;ETCBULL/USD;7,75250000;8,04500000;6,48250000;6,60000000;-17,46
2021-10-09T00:00:00+00:00;ETCBULL/USD;7,06000000;8,36250000;6,97000000;7,75250000;8,93
2021-10-08T00:00:00+00:00;ETCBULL/USD;7,25000000;7,66500000;6,83500000;7,06000000;-2,69
2021-10-07T00:00:00+00:00;ETCBULL/USD;7,51250000;7,82500000;6,84250000;7,25000000;-3,62
2021-10-06T00:00:00+00:00;ETCBULL/USD;7,34500000;7,91750000;6,00000000;7,51250000;2,23
2021-10-05T00:00:00+00:00;ETCBULL/USD;6,68500000;7,48750000;6,56500000;7,34500000;8,99
2021-10-04T00:00:00+00:00;ETCBULL/USD;7,06750000;7,06750000;5,85750000;6,68500000;-5,72
2021-10-03T00:00:00+00:00;ETCBULL/USD;6,80750000;7,48000000;6,45500000;7,06750000;3,68
2021-10-02T00:00:00+00:00;ETCBULL/USD;6,34500000;7,66250000;6,14500000;6,80750000;6,79
2021-10-01T00:00:00+00:00;ETCBULL/USD;4,83100000;6,54800000;4,76300000;6,34500000;23,86
2021-09-30T00:00:00+00:00;ETCBULL/USD;4,35900000;4,91300000;4,34100000;4,83100000;9,77
2021-09-29T00:00:00+00:00;ETCBULL/USD;4,28600000;4,74200000;4,16500000;4,35900000;1,67
2021-09-28T00:00:00+00:00;ETCBULL/USD;4,35600000;5,27400000;4,19900000;4,28600000;-1,63
2021-09-27T00:00:00+00:00;ETCBULL/USD;4,87100000;5,27800000;4,34400000;4,35600000;-11,82
2021-09-26T00:00:00+00:00;ETCBULL/USD;4,98100000;5,18800000;3,95000000;4,87100000;-2,26
2021-09-25T00:00:00+00:00;ETCBULL/USD;5,01500000;5,62300000;4,56700000;4,98100000;-0,68
2021-09-24T00:00:00+00:00;ETCBULL/USD;6,61750000;6,81500000;4,06100000;5,01500000;-31,95
2021-09-23T00:00:00+00:00;ETCBULL/USD;6,57750000;6,72750000;6,01500000;6,61750000;0,6
2021-09-22T00:00:00+00:00;ETCBULL/USD;4,84000000;6,62500000;4,67900000;6,57750000;26,42
2021-09-21T00:00:00+00:00;ETCBULL/USD;6,03500000;6,60250000;4,43500000;4,84000000;-24,69
2021-09-20T00:00:00+00:00;ETCBULL/USD;9,36000000;9,41000000;5,50000000;6,03500000;-55,1
2021-09-19T00:00:00+00:00;ETCBULL/USD;10,36500000;10,36500000;9,10000000;9,36000000;-10,74
2021-09-18T00:00:00+00:00;ETCBULL/USD;9,94250000;10,96500000;9,65000000;10,36500000;4,08
2021-09-17T00:00:00+00:00;ETCBULL/USD;10,80000000;11,31500000;9,65500000;9,94250000;-8,62
2021-09-16T00:00:00+00:00;ETCBULL/USD;11,58000000;12,00000000;10,08000000;10,80000000;-7,22
2021-09-15T00:00:00+00:00;ETCBULL/USD;10,29750000;11,83000000;9,96250000;11,58000000;11,08
2021-09-14T00:00:00+00:00;ETCBULL/USD;9,68000000;10,50000000;9,34500000;10,29750000;6,0
2021-09-13T00:00:00+00:00;ETCBULL/USD;11,08500000;11,27000000;8,49000000;9,68000000;-14,51
2021-09-12T00:00:00+00:00;ETCBULL/USD;10,32000000;11,46750000;9,97500000;11,08500000;6,9
2021-09-11T00:00:00+00:00;ETCBULL/USD;9,92000000;11,12000000;9,70750000;10,32000000;3,88
2021-09-10T00:00:00+00:00;ETCBULL/USD;11,64000000;12,42500000;9,21500000;9,92000000;-17,34
2021-09-09T00:00:00+00:00;ETCBULL/USD;11,11000000;12,43000000;10,20500000;11,64000000;4,55
2021-09-08T00:00:00+00:00;ETCBULL/USD;11,87500000;13,10000000;8,41500000;11,11000000;-6,89
2021-09-07T00:00:00+00:00;ETCBULL/USD;31,18000000;31,51000000;7,05500000;11,91500000;-161,69
2021-09-06T00:00:00+00:00;ETCBULL/USD;31,12000000;35,78000000;28,31000000;31,18000000;0,19
2021-09-05T00:00:00+00:00;ETCBULL/USD;25,96000000;31,74000000;24,97000000;31,12000000;16,58
2021-09-04T00:00:00+00:00;ETCBULL/USD;27,07000000;28,76000000;25,06000000;25,96000000;-4,28
2021-09-03T00:00:00+00:00;ETCBULL/USD;24,55000000;29,99000000;23,15000000;27,07000000;9,31
2021-09-02T00:00:00+00:00;ETCBULL/USD;26,20000000;27,43000000;23,46000000;24,55000000;-6,72
2021-09-01T00:00:00+00:00;ETCBULL/USD;21,53000000;26,21000000;19,67500000;26,20000000;17,82
2021-08-31T00:00:00+00:00;ETCBULL/USD;19,49000000;22,52000000;18,42500000;21,53000000;9,48
2021-08-30T00:00:00+00:00;ETCBULL/USD;20,95500000;22,45500000;18,72000000;19,49000000;-7,52
2021-08-29T00:00:00+00:00;ETCBULL/USD;21,88500000;23,60000000;20,55000000;20,95500000;-4,44
2021-08-28T00:00:00+00:00;ETCBULL/USD;21,59500000;24,09000000;20,54000000;21,88500000;1,33
2021-08-27T00:00:00+00:00;ETCBULL/USD;17,90000000;21,73000000;16,96000000;21,59500000;17,11
2021-08-26T00:00:00+00:00;ETCBULL/USD;22,20000000;22,59500000;16,79000000;17,90000000;-24,02
2021-08-25T00:00:00+00:00;ETCBULL/USD;21,19500000;23,03500000;19,27000000;22,20000000;4,53
2021-08-24T00:00:00+00:00;ETCBULL/USD;27,62000000;28,37000000;18,72500000;21,19500000;-30,31
2021-08-23T00:00:00+00:00;ETCBULL/USD;27,07000000;29,71000000;26,19000000;27,62000000;1,99
2021-08-22T00:00:00+00:00;ETCBULL/USD;27,25000000;28,72000000;23,84000000;27,07000000;-0,66
2021-08-21T00:00:00+00:00;ETCBULL/USD;30,27000000;30,91000000;26,09000000;27,25000000;-11,08
2021-08-20T00:00:00+00:00;ETCBULL/USD;26,59000000;30,99000000;25,94000000;30,27000000;12,16
2021-08-19T00:00:00+00:00;ETCBULL/USD;23,58000000;26,70000000;19,95500000;26,59000000;11,32
2021-08-18T00:00:00+00:00;ETCBULL/USD;22,57000000;26,05000000;19,32000000;23,58000000;4,28
2021-08-17T00:00:00+00:00;ETCBULL/USD;30,73000000;34,66000000;19,86000000;22,57000000;-36,15
2021-08-16T00:00:00+00:00;ETCBULL/USD;42,12000000;43,17000000;26,97000000;30,73000000;-37,06
2021-08-15T00:00:00+00:00;ETCBULL/USD;31,74000000;45,39000000;31,19000000;42,12000000;24,64
2021-08-14T00:00:00+00:00;ETCBULL/USD;28,01000000;31,79000000;24,65000000;31,74000000;11,75
2021-08-13T00:00:00+00:00;ETCBULL/USD;22,96000000;28,01000000;22,08000000;28,01000000;18,03
2021-08-12T00:00:00+00:00;ETCBULL/USD;23,97000000;29,85000000;20,16000000;22,96000000;-4,4
2021-08-11T00:00:00+00:00;ETCBULL/USD;21,83000000;27,43500000;21,40500000;24,03000000;9,16
2021-08-10T00:00:00+00:00;ETCBULL/USD;22,18500000;23,39000000;19,75500000;21,83000000;-1,63
2021-08-09T00:00:00+00:00;ETCBULL/USD;20,03500000;23,31000000;17,84500000;22,18500000;9,69
2021-08-08T00:00:00+00:00;ETCBULL/USD;24,59000000;27,18000000;18,57000000;20,03500000;-22,74
2021-08-07T00:00:00+00:00;ETCBULL/USD;17,11000000;24,89000000;16,86500000;24,59000000;30,42
2021-08-06T00:00:00+00:00;ETCBULL/USD;16,42000000;17,59500000;15,49500000;17,11000000;4,03
2021-08-05T00:00:00+00:00;ETCBULL/USD;15,76500000;17,30500000;13,29000000;16,42000000;3,99
2021-08-04T00:00:00+00:00;ETCBULL/USD;13,82000000;16,12500000;13,10000000;15,76500000;12,34
2021-08-03T00:00:00+00:00;ETCBULL/USD;15,65000000;16,26000000;13,02000000;13,82000000;-13,24
2021-08-02T00:00:00+00:00;ETCBULL/USD;14,60500000;16,31500000;13,90500000;15,65000000;6,68
2021-08-01T00:00:00+00:00;ETCBULL/USD;15,77000000;18,07500000;13,95000000;14,60500000;-7,98
2021-07-31T00:00:00+00:00;ETCBULL/USD;15,31500000;16,36000000;14,09500000;15,77000000;2,89
2021-07-30T00:00:00+00:00;ETCBULL/USD;13,91500000;15,57000000;12,29000000;15,31500000;9,14
2021-07-29T00:00:00+00:00;ETCBULL/USD;13,69500000;14,52500000;12,93000000;13,91500000;1,58
2021-07-28T00:00:00+00:00;ETCBULL/USD;13,91500000;15,46000000;12,75000000;13,69500000;-1,61
2021-07-27T00:00:00+00:00;ETCBULL/USD;13,20500000;14,74000000;11,45500000;13,91500000;5,1
2021-07-26T00:00:00+00:00;ETCBULL/USD;13,07000000;19,00000000;12,57500000;13,20500000;1,02
2021-07-25T00:00:00+00:00;ETCBULL/USD;14,06500000;14,14000000;11,07000000;13,07000000;-7,61
2021-07-24T00:00:00+00:00;ETCBULL/USD;11,21000000;15,50000000;10,74000000;14,06500000;20,3
2021-07-23T00:00:00+00:00;ETCBULL/USD;9,74250000;11,90250000;9,52500000;11,21000000;13,09
2021-07-22T00:00:00+00:00;ETCBULL/USD;9,24000000;10,12500000;8,79750000;9,74250000;5,16
2021-07-21T00:00:00+00:00;ETCBULL/USD;7,23250000;9,80500000;6,87250000;9,24000000;21,73
2021-07-20T00:00:00+00:00;ETCBULL/USD;8,70500000;8,91250000;6,34750000;7,23250000;-20,36
2021-07-19T00:00:00+00:00;ETCBULL/USD;8,93500000;10,18000000;8,13750000;8,70500000;-2,64
2021-07-18T00:00:00+00:00;ETCBULL/USD;8,49000000;9,77000000;8,36750000;8,93500000;4,98
2021-07-17T00:00:00+00:00;ETCBULL/USD;8,33250000;9,61750000;7,91500000;8,49000000;1,86
2021-07-16T00:00:00+00:00;ETCBULL/USD;9,72750000;10,37000000;8,10000000;8,33250000;-16,74
2021-07-15T00:00:00+00:00;ETCBULL/USD;11,66000000;12,66500000;9,13000000;9,72750000;-19,87
2021-07-14T00:00:00+00:00;ETCBULL/USD;11,64500000;13,23500000;9,33500000;11,66000000;0,13
2021-07-13T00:00:00+00:00;ETCBULL/USD;13,36500000;13,82000000;11,26000000;11,64500000;-14,77
2021-07-12T00:00:00+00:00;ETCBULL/USD;15,23500000;15,93500000;12,53500000;13,36500000;-13,99
2021-07-11T00:00:00+00:00;ETCBULL/USD;14,57500000;15,75500000;13,74000000;15,23500000;4,33
2021-07-10T00:00:00+00:00;ETCBULL/USD;15,32500000;16,59000000;13,78000000;14,57500000;-5,15
2021-07-09T00:00:00+00:00;ETCBULL/USD;15,04000000;16,39500000;12,26500000;15,32500000;1,86
2021-07-08T00:00:00+00:00;ETCBULL/USD;18,40000000;18,40500000;14,01500000;15,04000000;-22,34
2021-07-07T00:00:00+00:00;ETCBULL/USD;20,21500000;21,28000000;18,19500000;18,40000000;-9,86
2021-07-06T00:00:00+00:00;ETCBULL/USD;19,30000000;22,53500000;19,22000000;20,21500000;4,53
2021-07-05T00:00:00+00:00;ETCBULL/USD;22,13000000;22,86500000;18,47000000;19,30000000;-14,66
2021-07-04T00:00:00+00:00;ETCBULL/USD;22,93500000;25,33500000;21,81000000;22,13000000;-3,64
2021-07-03T00:00:00+00:00;ETCBULL/USD;19,30500000;24,42000000;18,03000000;22,93500000;15,83
2021-07-02T00:00:00+00:00;ETCBULL/USD;18,82000000;21,13500000;15,98500000;19,30500000;2,51
2021-07-01T00:00:00+00:00;ETCBULL/USD;24,37000000;25,22500000;18,06500000;18,82000000;-29,49
2021-06-30T00:00:00+00:00;ETCBULL/USD;22,63000000;29,85000000;17,39000000;24,37000000;7,14
2021-06-29T00:00:00+00:00;ETCBULL/USD;11,86500000;24,30000000;11,79500000;22,63000000;47,57
2021-06-28T00:00:00+00:00;ETCBULL/USD;11,00000000;12,78000000;10,27000000;11,86500000;7,29
2021-06-27T00:00:00+00:00;ETCBULL/USD;9,61250000;11,10500000;9,08000000;11,00000000;12,61
2021-06-26T00:00:00+00:00;ETCBULL/USD;9,21500000;10,09750000;7,94250000;9,61250000;4,14
2021-06-25T00:00:00+00:00;ETCBULL/USD;12,43000000;14,15500000;8,78000000;9,21500000;-34,89
2021-06-24T00:00:00+00:00;ETCBULL/USD;10,27750000;12,43000000;8,87250000;12,43000000;17,32
2021-06-23T00:00:00+00:00;ETCBULL/USD;7,68500000;11,69500000;6,77000000;10,27750000;25,23
2021-06-22T00:00:00+00:00;ETCBULL/USD;10,52000000;12,46250000;5,50000000;7,68500000;-36,89
2021-06-21T00:00:00+00:00;ETCBULL/USD;24,94000000;25,19000000;9,82000000;10,52000000;-137,07
2021-06-20T00:00:00+00:00;ETCBULL/USD;24,85000000;25,33000000;18,98000000;24,94000000;0,36
2021-06-19T00:00:00+00:00;ETCBULL/USD;27,40000000;28,20000000;24,76000000;24,85000000;-10,26
2021-06-18T00:00:00+00:00;ETCBULL/USD;32,47000000;32,47000000;23,81000000;27,40000000;-18,5
2021-06-17T00:00:00+00:00;ETCBULL/USD;31,75000000;35,09000000;30,30000000;32,47000000;2,22
2021-06-16T00:00:00+00:00;ETCBULL/USD;37,55000000;37,76000000;31,08000000;31,75000000;-18,27
2021-06-15T00:00:00+00:00;ETCBULL/USD;39,36000000;41,46000000;35,89000000;37,55000000;-4,82
2021-06-14T00:00:00+00:00;ETCBULL/USD;38,92000000;41,64000000;34,54000000;39,36000000;1,12
2021-06-13T00:00:00+00:00;ETCBULL/USD;32,50000000;41,35000000;29,96000000;38,92000000;16,5
2021-06-12T00:00:00+00:00;ETCBULL/USD;35,41000000;35,41000000;28,52000000;32,50000000;-8,95
2021-06-11T00:00:00+00:00;ETCBULL/USD;37,42000000;42,46000000;33,92000000;35,41000000;-5,68
2021-06-10T00:00:00+00:00;ETCBULL/USD;47,74000000;49,97500000;35,12000000;37,42000000;-27,58
2021-06-09T00:00:00+00:00;ETCBULL/USD;36,73000000;48,58000000;30,98000000;47,74000000;23,06
2021-06-08T00:00:00+00:00;ETCBULL/USD;41,90000000;44,88000000;25,39000000;36,73000000;-14,08
2021-06-07T00:00:00+00:00;ETCBULL/USD;58,57500000;61,65000000;40,78000000;41,90000000;-39,8
2021-06-06T00:00:00+00:00;ETCBULL/USD;55,62500000;62,35000000;55,15000000;58,57500000;5,04
2021-06-05T00:00:00+00:00;ETCBULL/USD;60,80000000;67,67500000;52,25000000;55,62500000;-9,3
2021-06-04T00:00:00+00:00;ETCBULL/USD;80,70000000;80,92500000;52,03000000;60,80000000;-32,73
2021-06-03T00:00:00+00:00;ETCBULL/USD;75,55000000;88,97500000;71,60000000;80,70000000;6,38
2021-06-02T00:00:00+00:00;ETCBULL/USD;73,32500000;80,97500000;67,20000000;75,55000000;2,95
2021-06-01T00:00:00+00:00;ETCBULL/USD;82,15000000;86,45000000;66,27500000;73,32500000;-12,04
2021-05-31T00:00:00+00:00;ETCBULL/USD;68,87500000;83,25000000;56,37500000;82,15000000;16,16
2021-05-30T00:00:00+00:00;ETCBULL/USD;62,72500000;73,90000000;50,27500000;68,87500000;8,93
2021-05-29T00:00:00+00:00;ETCBULL/USD;80,10000000;89,20000000;53,92500000;62,72500000;-27,7
2021-05-28T00:00:00+00:00;ETCBULL/USD;110,50000000;126,80000000;64,67500000;80,10000000;-37,95
2021-05-27T00:00:00+00:00;ETCBULL/USD;133,65000000;133,65000000;91,40000000;110,50000000;-20,95
2021-05-26T00:00:00+00:00;ETCBULL/USD;126,35000000;150,55000000;106,90000000;133,65000000;5,46
2021-05-25T00:00:00+00:00;ETCBULL/USD;105,22000000;149,32500000;90,45000000;126,35000000;16,72
2021-05-24T00:00:00+00:00;ETCBULL/USD;47,29000000;114,50000000;38,98000000;105,22000000;55,06
2021-05-23T00:00:00+00:00;ETCBULL/USD;88,87500000;106,70000000;24,44000000;47,29000000;-87,94
2021-05-22T00:00:00+00:00;ETCBULL/USD;120,20000000;124,45000000;70,02500000;88,87500000;-35,25
2021-05-21T00:00:00+00:00;ETCBULL/USD;216,25000000;261,80000000;75,00000000;121,50000000;-77,98
2021-05-20T00:00:00+00:00;ETCBULL/USD;125,00000000;266,45000000;93,00000000;216,25000000;42,2
2021-05-19T00:00:00+00:00;ETCBULL/USD;1375,00000000;1416,00000000;50,00000000;125,00000000;-1000,0
2021-05-18T00:00:00+00:00;ETCBULL/USD;1408,50000000;1697,50000000;1242,00000000;1375,00000000;-2,44
2021-05-17T00:00:00+00:00;ETCBULL/USD;1708,50000000;1721,50000000;1036,00000000;1408,50000000;-21,3
2021-05-16T00:00:00+00:00;ETCBULL/USD;1780,00000000;2227,00000000;1305,50000000;1708,50000000;-4,18
2021-05-15T00:00:00+00:00;ETCBULL/USD;2401,00000000;3104,50000000;1780,00000000;1780,00000000;-34,89
2021-05-14T00:00:00+00:00;ETCBULL/USD;1552,00000000;2699,50000000;1507,00000000;2401,00000000;35,36
2021-05-13T00:00:00+00:00;ETCBULL/USD;1406,50000000;2013,50000000;1100,00000000;1559,00000000;9,78
2021-05-12T00:00:00+00:00;ETCBULL/USD;3943,00000000;4319,00000000;1320,00000000;1406,50000000;-180,34
2021-05-11T00:00:00+00:00;ETCBULL/USD;3397,00000000;4725,00000000;2873,00000000;3943,00000000;13,85
2021-05-10T00:00:00+00:00;ETCBULL/USD;5592,50000000;7452,50000000;2170,00000000;3397,00000000;-64,63
2021-05-09T00:00:00+00:00;ETCBULL/USD;7520,00000000;8030,00000000;4970,00000000;5592,50000000;-34,47
2021-05-08T00:00:00+00:00;ETCBULL/USD;6272,50000000;8890,00000000;4702,50000000;7520,00000000;16,59
2021-05-07T00:00:00+00:00;ETCBULL/USD;9715,00000000;11887,50000000;4590,00000000;6272,50000000;-54,88
2021-05-06T00:00:00+00:00;ETCBULL/USD;4293,00000000;14500,00000000;3374,00000000;9715,00000000;55,81
2021-05-05T00:00:00+00:00;ETCBULL/USD;2035,00000000;4719,00000000;1897,50000000;4293,00000000;52,6
2021-05-04T00:00:00+00:00;ETCBULL/USD;1008,25000000;2237,50000000;853,50000000;2035,00000000;50,45
2021-05-03T00:00:00+00:00;ETCBULL/USD;696,50000000;1029,00000000;671,00000000;1008,25000000;30,92
2021-05-02T00:00:00+00:00;ETCBULL/USD;695,50000000;822,00000000;560,00000000;696,50000000;0,14
2021-05-01T00:00:00+00:00;ETCBULL/USD;413,10000000;740,00000000;395,90000000;695,50000000;40,6
2021-04-30T00:00:00+00:00;ETCBULL/USD;351,10000000;420,20000000;279,80000000;413,10000000;15,01
2021-04-29T00:00:00+00:00;ETCBULL/USD;342,90000000;405,60000000;319,00000000;351,10000000;2,34
2021-04-28T00:00:00+00:00;ETCBULL/USD;328,50000000;460,00000000;293,80000000;342,90000000;4,2
2021-04-27T00:00:00+00:00;ETCBULL/USD;303,50000000;396,40000000;257,00000000;330,00000000;8,03
2021-04-26T00:00:00+00:00;ETCBULL/USD;223,60000000;317,75000000;223,60000000;303,50000000;26,33
2021-04-25T00:00:00+00:00;ETCBULL/USD;233,40000000;290,00000000;194,80000000;223,60000000;-4,38
2021-04-24T00:00:00+00:00;ETCBULL/USD;330,00000000;349,90000000;220,00000000;233,40000000;-41,39
2021-04-23T00:00:00+00:00;ETCBULL/USD;442,75000000;469,70000000;160,00000000;330,00000000;-34,17
2021-04-22T00:00:00+00:00;ETCBULL/USD;387,70000000;721,60000000;368,00000000;442,75000000;12,43
2021-04-21T00:00:00+00:00;ETCBULL/USD;457,10000000;535,40000000;340,20000000;387,70000000;-17,9
2021-04-20T00:00:00+00:00;ETCBULL/USD;453,00000000;570,20000000;307,00000000;457,10000000;0,9
2021-04-19T00:00:00+00:00;ETCBULL/USD;659,00000000;711,00000000;370,00000000;453,00000000;-45,47
2021-04-18T00:00:00+00:00;ETCBULL/USD;825,00000000;936,75000000;330,00000000;679,75000000;-21,37
2021-04-17T00:00:00+00:00;ETCBULL/USD;867,60000000;1500,00000000;705,00000000;825,00000000;-5,16
2021-04-16T00:00:00+00:00;ETCBULL/USD;455,10000000;1336,00000000;433,70000000;867,60000000;47,54
2021-04-15T00:00:00+00:00;ETCBULL/USD;233,55000000;490,00000000;210,90000000;455,10000000;48,68
2021-04-14T00:00:00+00:00;ETCBULL/USD;199,25000000;264,15000000;190,85000000;233,55000000;14,69
2021-04-13T00:00:00+00:00;ETCBULL/USD;158,10000000;279,45000000;157,40000000;199,25000000;20,65
2021-04-12T00:00:00+00:00;ETCBULL/USD;198,90000000;203,40000000;150,00000000;158,10000000;-25,81
2021-04-11T00:00:00+00:00;ETCBULL/USD;219,10000000;239,95000000;187,70000000;198,90000000;-10,16
2021-04-10T00:00:00+00:00;ETCBULL/USD;162,80000000;234,40000000;142,85000000;219,10000000;25,7
2021-04-09T00:00:00+00:00;ETCBULL/USD;185,70000000;198,70000000;156,30000000;162,80000000;-14,07
2021-04-08T00:00:00+00:00;ETCBULL/USD;175,90000000;192,15000000;140,40000000;185,70000000;5,28
2021-04-07T00:00:00+00:00;ETCBULL/USD;148,55000000;220,00000000;123,25000000;175,90000000;15,55
2021-04-06T00:00:00+00:00;ETCBULL/USD;114,00000000;172,50000000;97,50000000;148,55000000;23,26
2021-04-05T00:00:00+00:00;ETCBULL/USD;87,90000000;117,92500000;77,65000000;114,00000000;22,89
2021-04-04T00:00:00+00:00;ETCBULL/USD;76,20000000;90,32500000;66,05000000;87,90000000;13,31
2021-04-03T00:00:00+00:00;ETCBULL/USD;105,40000000;111,07500000;70,50000000;76,20000000;-38,32
2021-04-02T00:00:00+00:00;ETCBULL/USD;90,70000000;121,87500000;83,67500000;105,40000000;13,95
2021-04-01T00:00:00+00:00;ETCBULL/USD;83,57500000;96,20000000;78,20000000;90,70000000;7,86
2021-03-31T00:00:00+00:00;ETCBULL/USD;62,52500000;96,40000000;62,50000000;83,57500000;25,19
2021-03-30T00:00:00+00:00;ETCBULL/USD;66,00000000;73,92500000;59,92500000;62,52500000;-5,56
2021-03-29T00:00:00+00:00;ETCBULL/USD;59,65000000;70,25000000;52,42500000;66,00000000;9,62
2021-03-28T00:00:00+00:00;ETCBULL/USD;57,97500000;59,92500000;52,05000000;59,65000000;2,81
2021-03-27T00:00:00+00:00;ETCBULL/USD;52,37000000;58,00000000;47,85000000;57,97500000;9,67
2021-03-26T00:00:00+00:00;ETCBULL/USD;44,79000000;55,16000000;44,79000000;52,37000000;14,47
2021-03-25T00:00:00+00:00;ETCBULL/USD;45,80000000;51,22000000;40,11000000;44,79000000;-2,25
2021-03-24T00:00:00+00:00;ETCBULL/USD;60,05000000;72,95000000;45,00000000;45,80000000;-31,11
2021-03-23T00:00:00+00:00;ETCBULL/USD;60,42500000;75,20000000;52,72500000;60,05000000;-0,62
2021-03-22T00:00:00+00:00;ETCBULL/USD;61,45000000;75,00000000;50,45000000;60,42500000;-1,7
2021-03-21T00:00:00+00:00;ETCBULL/USD;70,10000000;71,50000000;57,27500000;61,45000000;-14,08
2021-03-20T00:00:00+00:00;ETCBULL/USD;58,05000000;84,25000000;58,05000000;70,10000000;17,19
2021-03-19T00:00:00+00:00;ETCBULL/USD;58,30000000;67,70000000;58,02500000;58,05000000;-0,43
2021-03-18T00:00:00+00:00;ETCBULL/USD;67,75000000;84,20000000;55,62500000;58,30000000;-16,21
2021-03-17T00:00:00+00:00;ETCBULL/USD;63,12500000;67,75000000;57,47500000;67,75000000;6,83
2021-03-16T00:00:00+00:00;ETCBULL/USD;67,20000000;78,17500000;53,80000000;63,12500000;-6,46
2021-03-15T00:00:00+00:00;ETCBULL/USD;78,20000000;88,60000000;56,37500000;67,20000000;-16,37
2021-03-14T00:00:00+00:00;ETCBULL/USD;99,20000000;113,32500000;76,40000000;78,20000000;-26,85
2021-03-13T00:00:00+00:00;ETCBULL/USD;64,07500000;113,40000000;63,50000000;99,20000000;35,41
2021-03-12T00:00:00+00:00;ETCBULL/USD;73,02500000;83,37500000;62,50000000;64,07500000;-13,97
2021-03-11T00:00:00+00:00;ETCBULL/USD;72,92500000;88,62500000;62,52500000;73,02500000;0,14
2021-03-10T00:00:00+00:00;ETCBULL/USD;73,30000000;90,00000000;57,62500000;72,92500000;-0,51
2021-03-09T00:00:00+00:00;ETCBULL/USD;60,80000000;85,00000000;60,80000000;73,30000000;17,05
2021-03-08T00:00:00+00:00;ETCBULL/USD;65,70000000;69,45000000;53,75000000;60,80000000;-8,06
2021-03-07T00:00:00+00:00;ETCBULL/USD;64,37500000;72,95000000;51,97500000;65,70000000;2,02
2021-03-06T00:00:00+00:00;ETCBULL/USD;55,10000000;69,37500000;50,20000000;64,37500000;14,41
2021-03-05T00:00:00+00:00;ETCBULL/USD;56,52500000;62,20000000;45,80000000;55,10000000;-2,59
2021-03-04T00:00:00+00:00;ETCBULL/USD;66,52500000;72,95000000;50,85000000;56,52500000;-17,69
2021-03-03T00:00:00+00:00;ETCBULL/USD;57,20000000;72,00000000;51,42500000;66,52500000;14,02
2021-03-02T00:00:00+00:00;ETCBULL/USD;54,60000000;72,00000000;44,50000000;57,20000000;4,55
2021-03-01T00:00:00+00:00;ETCBULL/USD;52,65000000;61,39000000;44,45000000;54,60000000;3,57
2021-02-28T00:00:00+00:00;ETCBULL/USD;65,00000000;69,50000000;41,00000000;52,65000000;-23,46
2021-02-27T00:00:00+00:00;ETCBULL/USD;50,80000000;74,17500000;50,70000000;65,00000000;21,85
2021-02-26T00:00:00+00:00;ETCBULL/USD;67,75000000;67,75000000;46,02500000;50,80000000;-33,37
2021-02-25T00:00:00+00:00;ETCBULL/USD;80,70000000;99,90000000;57,10000000;67,75000000;-19,11
2021-02-24T00:00:00+00:00;ETCBULL/USD;68,47500000;96,30000000;61,80000000;80,70000000;15,15
2021-02-23T00:00:00+00:00;ETCBULL/USD;185,40000000;185,40000000;40,97500000;68,47500000;-170,76
2021-02-22T00:00:00+00:00;ETCBULL/USD;270,10000000;270,10000000;105,00000000;185,40000000;-45,69
2021-02-21T00:00:00+00:00;ETCBULL/USD;225,80000000;301,60000000;225,00000000;270,10000000;16,4
2021-02-20T00:00:00+00:00;ETCBULL/USD;247,90000000;390,80000000;200,00000000;225,80000000;-9,79
2021-02-19T00:00:00+00:00;ETCBULL/USD;252,00000000;325,50000000;225,10000000;247,90000000;-1,65
2021-02-18T00:00:00+00:00;ETCBULL/USD;268,30000000;290,00000000;207,10000000;252,00000000;-6,47
2021-02-17T00:00:00+00:00;ETCBULL/USD;246,20000000;303,50000000;214,20000000;268,30000000;8,24
2021-02-16T00:00:00+00:00;ETCBULL/USD;248,15000000;298,90000000;183,50000000;246,20000000;-0,79
2021-02-15T00:00:00+00:00;ETCBULL/USD;359,70000000;359,70000000;179,00000000;248,15000000;-44,95
2021-02-14T00:00:00+00:00;ETCBULL/USD;404,20000000;480,00000000;317,10000000;359,70000000;-12,37
2021-02-13T00:00:00+00:00;ETCBULL/USD;181,55000000;429,95000000;162,20000000;404,20000000;55,08
2021-02-12T00:00:00+00:00;ETCBULL/USD;174,45000000;199,00000000;140,00000000;181,55000000;3,91
2021-02-11T00:00:00+00:00;ETCBULL/USD;125,05000000;180,00000000;111,15000000;174,45000000;28,32
2021-02-10T00:00:00+00:00;ETCBULL/USD;107,17500000;160,00000000;92,05000000;125,05000000;14,29
2021-02-09T00:00:00+00:00;ETCBULL/USD;79,57500000;111,00000000;68,50000000;107,17500000;25,75
2021-02-08T00:00:00+00:00;ETCBULL/USD;73,97500000;80,45000000;61,00000000;79,57500000;7,04
2021-02-07T00:00:00+00:00;ETCBULL/USD;83,52500000;83,87500000;58,67500000;73,97500000;-12,91
2021-02-06T00:00:00+00:00;ETCBULL/USD;76,15000000;94,00000000;68,50000000;83,52500000;8,83
2021-02-05T00:00:00+00:00;ETCBULL/USD;61,47500000;88,90000000;55,50000000;76,15000000;19,27
2021-02-04T00:00:00+00:00;ETCBULL/USD;63,02500000;68,47500000;55,50000000;61,47500000;-2,52
2021-02-03T00:00:00+00:00;ETCBULL/USD;59,62500000;68,50000000;59,00000000;63,02500000;5,39
2021-02-02T00:00:00+00:00;ETCBULL/USD;63,67500000;68,47500000;55,15000000;59,62500000;-6,79
2021-02-01T00:00:00+00:00;ETCBULL/USD;55,05000000;66,00000000;50,65000000;63,67500000;13,55
2021-01-31T00:00:00+00:00;ETCBULL/USD;64,72500000;64,72500000;51,77500000;55,05000000;-17,57
2021-01-30T00:00:00+00:00;ETCBULL/USD;63,22500000;67,47500000;50,00000000;64,72500000;2,32
2021-01-29T00:00:00+00:00;ETCBULL/USD;59,55000000;75,10000000;55,47500000;63,25000000;5,85
2021-01-28T00:00:00+00:00;ETCBULL/USD;47,62000000;84,80000000;47,62000000;59,55000000;20,03
2021-01-27T00:00:00+00:00;ETCBULL/USD;59,65000000;59,65000000;43,55000000;47,62000000;-25,26
2021-01-26T00:00:00+00:00;ETCBULL/USD;55,25000000;64,02500000;52,37500000;59,65000000;7,38
2021-01-25T00:00:00+00:00;ETCBULL/USD;58,50000000;69,17500000;55,20000000;55,25000000;-5,88
2021-01-24T00:00:00+00:00;ETCBULL/USD;61,72500000;68,85000000;55,70000000;58,50000000;-5,51
2021-01-23T00:00:00+00:00;ETCBULL/USD;59,98000000;63,95000000;55,87000000;61,72500000;2,83
2021-01-22T00:00:00+00:00;ETCBULL/USD;56,07500000;59,98000000;40,00000000;59,98000000;6,51
2021-01-21T00:00:00+00:00;ETCBULL/USD;75,00000000;75,02500000;52,00000000;56,07500000;-33,75
2021-01-20T00:00:00+00:00;ETCBULL/USD;74,20000000;82,47500000;62,30000000;75,00000000;1,07
2021-01-19T00:00:00+00:00;ETCBULL/USD;74,72500000;93,25000000;63,62500000;74,20000000;-0,71
2021-01-18T00:00:00+00:00;ETCBULL/USD;71,70000000;78,00000000;55,87500000;74,72500000;4,05
2021-01-17T00:00:00+00:00;ETCBULL/USD;81,22500000;81,22500000;58,15000000;71,70000000;-13,28
2021-01-16T00:00:00+00:00;ETCBULL/USD;69,95000000;90,92500000;60,55000000;81,22500000;13,88
2021-01-15T00:00:00+00:00;ETCBULL/USD;69,70000000;78,00000000;61,00000000;69,95000000;0,36
2021-01-14T00:00:00+00:00;ETCBULL/USD;68,82500000;73,80000000;62,95000000;69,70000000;1,26
2021-01-13T00:00:00+00:00;ETCBULL/USD;49,30000000;72,95000000;48,90000000;68,82500000;28,37
2021-01-12T00:00:00+00:00;ETCBULL/USD;64,50000000;85,20000000;46,10000000;49,30000000;-30,83
2021-01-11T00:00:00+00:00;ETCBULL/USD;127,65000000;127,65000000;39,42500000;64,50000000;-97,91
2021-01-10T00:00:00+00:00;ETCBULL/USD;85,07500000;158,00000000;85,07500000;127,65000000;33,35
2021-01-09T00:00:00+00:00;ETCBULL/USD;69,62500000;104,67500000;60,00000000;85,07500000;18,16
2021-01-08T00:00:00+00:00;ETCBULL/USD;83,07500000;83,07500000;59,87500000;69,62500000;-19,32
2021-01-07T00:00:00+00:00;ETCBULL/USD;95,17500000;95,17500000;66,47500000;83,07500000;-14,57
2021-01-06T00:00:00+00:00;ETCBULL/USD;80,00000000;109,22500000;70,70000000;95,17500000;15,94
2021-01-05T00:00:00+00:00;ETCBULL/USD;68,07500000;85,30000000;51,40000000;80,00000000;14,91
2021-01-04T00:00:00+00:00;ETCBULL/USD;65,80000000;90,14000000;56,14000000;68,07500000;3,34
2021-01-03T00:00:00+00:00;ETCBULL/USD;45,75000000;67,32500000;45,75000000;65,80000000;30,47
2021-01-02T00:00:00+00:00;ETCBULL/USD;41,92000000;46,42000000;36,34000000;45,75000000;8,37
2021-01-01T00:00:00+00:00;ETCBULL/USD;42,28000000;46,56000000;41,57000000;41,92000000;-0,86
2020-12-31T00:00:00+00:00;ETCBULL/USD;40,26000000;45,40000000;34,74000000;42,28000000;4,78
2020-12-30T00:00:00+00:00;ETCBULL/USD;40,03000000;44,22000000;38,99000000;40,26000000;0,57
2020-12-29T00:00:00+00:00;ETCBULL/USD;50,39000000;52,59000000;38,31000000;40,03000000;-25,88
2020-12-28T00:00:00+00:00;ETCBULL/USD;39,80000000;53,89000000;38,36000000;50,39000000;21,02
2020-12-27T00:00:00+00:00;ETCBULL/USD;39,75000000;51,28000000;38,36000000;39,80000000;0,13
2020-12-26T00:00:00+00:00;ETCBULL/USD;42,42000000;46,42000000;36,40000000;39,75000000;-6,72
2020-12-25T00:00:00+00:00;ETCBULL/USD;38,06000000;48,03000000;36,71000000;42,42000000;10,28
2020-12-24T00:00:00+00:00;ETCBULL/USD;31,84000000;38,06000000;31,84000000;38,06000000;16,34
2020-12-23T00:00:00+00:00;ETCBULL/USD;57,07500000;57,90000000;22,17000000;31,84000000;-79,26
2020-12-22T00:00:00+00:00;ETCBULL/USD;66,40000000;69,52500000;52,00000000;57,07500000;-16,34
2020-12-21T00:00:00+00:00;ETCBULL/USD;77,37500000;92,80000000;62,77500000;66,40000000;-16,53
2020-12-20T00:00:00+00:00;ETCBULL/USD;74,70000000;96,27500000;69,40000000;77,37500000;3,46
2020-12-19T00:00:00+00:00;ETCBULL/USD;78,20000000;78,20000000;64,00000000;74,70000000;-4,69
2020-12-18T00:00:00+00:00;ETCBULL/USD;77,15000000;87,00000000;65,00000000;78,20000000;1,34
2020-12-17T00:00:00+00:00;ETCBULL/USD;68,75000000;87,67500000;65,77500000;77,15000000;10,89
2020-12-16T00:00:00+00:00;ETCBULL/USD;68,22500000;68,75000000;61,72500000;68,75000000;0,76
2020-12-15T00:00:00+00:00;ETCBULL/USD;68,22500000;68,72500000;67,05000000;68,22500000;0,0
2020-12-14T00:00:00+00:00;ETCBULL/USD;65,40000000;68,35000000;65,40000000;68,22500000;4,14
2020-12-13T00:00:00+00:00;ETCBULL/USD;67,25000000;67,97500000;60,17500000;65,40000000;-2,83
2020-12-12T00:00:00+00:00;ETCBULL/USD;62,52500000;67,25000000;62,52500000;67,25000000;7,03
2020-12-11T00:00:00+00:00;ETCBULL/USD;62,77500000;63,50000000;58,50000000;62,52500000;-0,4
2020-12-10T00:00:00+00:00;ETCBULL/USD;71,97500000;72,00000000;62,77500000;62,77500000;-14,66
2020-12-09T00:00:00+00:00;ETCBULL/USD;56,85000000;72,00000000;45,85000000;71,97500000;21,01
2020-12-08T00:00:00+00:00;ETCBULL/USD;66,95000000;68,75000000;56,85000000;56,85000000;-17,77
2020-12-07T00:00:00+00:00;ETCBULL/USD;64,92500000;74,40000000;62,40000000;66,95000000;3,02
2020-12-06T00:00:00+00:00;ETCBULL/USD;65,75000000;67,62500000;63,05000000;64,92500000;-1,27
2020-12-05T00:00:00+00:00;ETCBULL/USD;71,72500000;74,20000000;63,82500000;65,75000000;-9,09
2020-12-04T00:00:00+00:00;ETCBULL/USD;86,67500000;90,95000000;70,77500000;71,72500000;-20,84
2020-12-03T00:00:00+00:00;ETCBULL/USD;82,00000000;96,32500000;70,00000000;86,67500000;5,39
2020-12-02T00:00:00+00:00;ETCBULL/USD;86,62500000;86,62500000;77,00000000;82,00000000;-5,64
2020-12-01T00:00:00+00:00;ETCBULL/USD;98,55000000;105,00000000;74,70000000;86,62500000;-13,77
2020-11-30T00:00:00+00:00;ETCBULL/USD;79,00000000;108,05000000;78,35000000;98,55000000;19,84
2020-11-29T00:00:00+00:00;ETCBULL/USD;85,97500000;91,42500000;66,00000000;79,00000000;-8,83
2020-11-28T00:00:00+00:00;ETCBULL/USD;69,02500000;92,92500000;67,50000000;85,97500000;19,72
2020-11-27T00:00:00+00:00;ETCBULL/USD;75,97500000;87,00000000;63,17500000;69,02500000;-10,07
2020-11-26T00:00:00+00:00;ETCBULL/USD;112,65000000;126,95000000;60,02500000;75,97500000;-48,27
2020-11-25T00:00:00+00:00;ETCBULL/USD;122,70000000;180,00000000;112,60000000;112,65000000;-8,92
2020-11-24T00:00:00+00:00;ETCBULL/USD;94,30000000;160,00000000;84,97500000;122,70000000;23,15
2020-11-23T00:00:00+00:00;ETCBULL/USD;89,32500000;112,70000000;79,27500000;94,30000000;5,28
2020-11-22T00:00:00+00:00;ETCBULL/USD;106,00000000;126,00000000;76,50000000;89,32500000;-18,67
2020-11-21T00:00:00+00:00;ETCBULL/USD;97,25000000;125,32500000;79,12500000;106,00000000;8,25
2020-11-20T00:00:00+00:00;ETCBULL/USD;92,97500000;97,57500000;74,90000000;97,25000000;4,4
2020-11-19T00:00:00+00:00;ETCBULL/USD;82,32500000;92,97500000;72,00000000;92,97500000;11,45
2020-11-18T00:00:00+00:00;ETCBULL/USD;71,97500000;103,00000000;62,22500000;82,32500000;12,57
2020-11-17T00:00:00+00:00;ETCBULL/USD;63,67500000;79,00000000;63,67500000;71,97500000;11,53
2020-11-16T00:00:00+00:00;ETCBULL/USD;48,45000000;70,00000000;47,60000000;63,67500000;23,91
2020-11-15T00:00:00+00:00;ETCBULL/USD;48,77500000;51,00000000;45,45000000;48,45000000;-0,67
2020-11-14T00:00:00+00:00;ETCBULL/USD;57,07500000;57,10000000;45,45000000;48,77500000;-17,02
2020-11-13T00:00:00+00:00;ETCBULL/USD;48,04000000;57,27500000;47,45000000;57,07500000;15,83
2020-11-12T00:00:00+00:00;ETCBULL/USD;49,77500000;57,77500000;48,00000000;48,04000000;-3,61
2020-11-11T00:00:00+00:00;ETCBULL/USD;50,27500000;57,97500000;46,67000000;49,77500000;-1,0
2020-11-10T00:00:00+00:00;ETCBULL/USD;49,40000000;59,45000000;46,85000000;50,27500000;1,74
2020-11-09T00:00:00+00:00;ETCBULL/USD;60,12500000;62,22500000;46,85000000;49,40000000;-21,71
2020-11-08T00:00:00+00:00;ETCBULL/USD;47,80000000;63,22500000;47,25000000;60,12500000;20,5
2020-11-07T00:00:00+00:00;ETCBULL/USD;66,20000000;76,30000000;43,65000000;47,80000000;-38,49
2020-11-06T00:00:00+00:00;ETCBULL/USD;53,15000000;70,32500000;52,52500000;66,20000000;19,71
2020-11-05T00:00:00+00:00;ETCBULL/USD;45,22000000;58,68000000;42,98000000;53,15000000;14,92
2020-11-04T00:00:00+00:00;ETCBULL/USD;45,06000000;53,76000000;39,12000000;45,22000000;0,35
2020-11-03T00:00:00+00:00;ETCBULL/USD;55,06000000;55,06000000;39,12000000;45,06000000;-22,19
2020-11-02T00:00:00+00:00;ETCBULL/USD;60,12500000;67,27500000;43,38000000;55,06000000;-9,2
2020-11-01T00:00:00+00:00;ETCBULL/USD;66,75000000;69,00000000;51,90000000;60,12500000;-11,02
2020-10-31T00:00:00+00:00;ETCBULL/USD;64,00000000;71,17500000;53,05000000;66,75000000;4,12
2020-10-30T00:00:00+00:00;ETCBULL/USD;64,02500000;70,07500000;64,00000000;64,00000000;-0,04
2020-10-29T00:00:00+00:00;ETCBULL/USD;69,77500000;69,77500000;64,02500000;64,02500000;-8,98
2020-10-28T00:00:00+00:00;ETCBULL/USD;76,50000000;77,45000000;68,75000000;69,77500000;-9,64
2020-10-27T00:00:00+00:00;ETCBULL/USD;71,97500000;77,45000000;71,97500000;76,50000000;5,92
2020-10-26T00:00:00+00:00;ETCBULL/USD;77,95000000;78,97500000;71,97500000;71,97500000;-8,3
2020-10-25T00:00:00+00:00;ETCBULL/USD;65,37500000;78,97500000;63,72500000;77,95000000;16,13
2020-10-24T00:00:00+00:00;ETCBULL/USD;76,00000000;78,45000000;63,72500000;65,37500000;-16,25
2020-10-23T00:00:00+00:00;ETCBULL/USD;70,67500000;79,00000000;61,50000000;76,00000000;7,01
2020-10-22T00:00:00+00:00;ETCBULL/USD;69,97500000;73,70000000;69,97500000;70,67500000;0,99
2020-10-21T00:00:00+00:00;ETCBULL/USD;57,20000000;70,00000000;52,00000000;69,97500000;18,26
2020-10-20T00:00:00+00:00;ETCBULL/USD;64,97500000;65,00000000;56,52500000;57,20000000;-13,59
2020-10-19T00:00:00+00:00;ETCBULL/USD;55,87500000;68,00000000;55,17500000;64,97500000;14,01
2020-10-18T00:00:00+00:00;ETCBULL/USD;64,47500000;68,87500000;55,87500000;55,87500000;-15,39
2020-10-17T00:00:00+00:00;ETCBULL/USD;58,50000000;64,90000000;54,52500000;64,47500000;9,27
2020-10-16T00:00:00+00:00;ETCBULL/USD;67,65000000;68,05000000;58,50000000;58,50000000;-15,64
2020-10-15T00:00:00+00:00;ETCBULL/USD;69,07500000;73,70000000;56,70000000;67,65000000;-2,11
2020-10-14T00:00:00+00:00;ETCBULL/USD;59,22500000;73,67500000;58,77500000;69,07500000;14,26
2020-10-13T00:00:00+00:00;ETCBULL/USD;73,00000000;73,00000000;59,22500000;59,22500000;-23,26
2020-10-12T00:00:00+00:00;ETCBULL/USD;72,97500000;73,00000000;63,30000000;73,00000000;0,03
2020-10-11T00:00:00+00:00;ETCBULL/USD;61,02500000;73,70000000;59,92500000;72,97500000;16,38
2020-10-10T00:00:00+00:00;ETCBULL/USD;69,00000000;74,00000000;60,07500000;61,02500000;-13,07
2020-10-09T00:00:00+00:00;ETCBULL/USD;67,47500000;69,00000000;57,05000000;69,00000000;2,21
2020-10-08T00:00:00+00:00;ETCBULL/USD;65,92500000;67,47500000;58,00000000;67,47500000;2,3
2020-10-07T00:00:00+00:00;ETCBULL/USD;66,00000000;68,42500000;52,22500000;65,92500000;-0,11
2020-10-06T00:00:00+00:00;ETCBULL/USD;61,00000000;67,25000000;54,60000000;66,00000000;7,58
2020-10-05T00:00:00+00:00;ETCBULL/USD;54,00000000;61,00000000;53,55000000;61,00000000;11,48
2020-10-04T00:00:00+00:00;ETCBULL/USD;61,40000000;61,45000000;52,20000000;54,00000000;-13,7
2020-10-03T00:00:00+00:00;ETCBULL/USD;52,20000000;62,75000000;51,95000000;61,40000000;14,98
2020-10-02T00:00:00+00:00;ETCBULL/USD;62,75000000;65,02500000;51,95000000;52,20000000;-20,21
2020-10-01T00:00:00+00:00;ETCBULL/USD;62,47500000;63,20000000;54,22500000;62,75000000;0,44
2020-09-30T00:00:00+00:00;ETCBULL/USD;55,30000000;62,50000000;53,30000000;62,47500000;11,48
2020-09-29T00:00:00+00:00;ETCBULL/USD;65,52500000;65,95000000;54,65000000;55,30000000;-18,49
2020-09-28T00:00:00+00:00;ETCBULL/USD;55,85000000;67,92500000;55,10000000;65,52500000;14,77
2020-09-27T00:00:00+00:00;ETCBULL/USD;65,70000000;76,30000000;55,10000000;55,85000000;-17,64
2020-09-26T00:00:00+00:00;ETCBULL/USD;58,59000000;65,70000000;57,55000000;65,70000000;10,82
2020-09-25T00:00:00+00:00;ETCBULL/USD;56,00000000;59,10000000;46,87000000;58,59000000;4,42
2020-09-24T00:00:00+00:00;ETCBULL/USD;47,51000000;56,00000000;45,92500000;56,00000000;15,16
2020-09-23T00:00:00+00:00;ETCBULL/USD;50,70000000;59,90000000;45,92500000;47,51000000;-6,71
2020-09-22T00:00:00+00:00;ETCBULL/USD;58,50000000;58,50000000;47,48000000;50,70000000;-15,38
2020-09-21T00:00:00+00:00;ETCBULL/USD;62,00000000;62,00000000;48,02500000;58,50000000;-5,98
2020-09-20T00:00:00+00:00;ETCBULL/USD;64,00000000;64,00000000;54,57500000;62,00000000;-3,23
2020-09-19T00:00:00+00:00;ETCBULL/USD;58,05000000;70,42500000;55,37500000;64,00000000;9,3
2020-09-18T00:00:00+00:00;ETCBULL/USD;52,85000000;68,10000000;52,32500000;58,05000000;8,96
2020-09-17T00:00:00+00:00;ETCBULL/USD;58,13000000;58,13000000;52,85000000;52,85000000;-9,99
2020-09-16T00:00:00+00:00;ETCBULL/USD;45,23000000;58,13000000;40,70000000;58,13000000;22,19
2020-09-15T00:00:00+00:00;ETCBULL/USD;41,49000000;53,86000000;38,63000000;45,23000000;8,27
2020-09-14T00:00:00+00:00;ETCBULL/USD;33,29000000;41,49000000;32,62000000;41,49000000;19,76
2020-09-13T00:00:00+00:00;ETCBULL/USD;40,00000000;44,00000000;31,19000000;33,29000000;-20,16
2020-09-12T00:00:00+00:00;ETCBULL/USD;36,55000000;42,48000000;33,50000000;40,00000000;8,63
2020-09-11T00:00:00+00:00;ETCBULL/USD;34,94000000;36,60000000;33,70000000;36,55000000;4,4
2020-09-10T00:00:00+00:00;ETCBULL/USD;32,34000000;35,22000000;32,17000000;34,94000000;7,44
2020-09-09T00:00:00+00:00;ETCBULL/USD;32,26000000;33,73000000;30,72000000;32,34000000;0,25
2020-09-08T00:00:00+00:00;ETCBULL/USD;32,99000000;34,25000000;29,37000000;32,26000000;-2,26
2020-09-07T00:00:00+00:00;ETCBULL/USD;36,77000000;37,45000000;28,12000000;32,99000000;-11,46
2020-09-06T00:00:00+00:00;ETCBULL/USD;31,44000000;38,18000000;30,16000000;36,77000000;14,5
2020-09-05T00:00:00+00:00;ETCBULL/USD;34,47000000;36,09000000;28,28000000;31,44000000;-9,64
2020-09-04T00:00:00+00:00;ETCBULL/USD;40,35000000;40,95000000;26,08000000;34,47000000;-17,06
2020-09-03T00:00:00+00:00;ETCBULL/USD;64,30000000;65,35000000;27,18000000;40,35000000;-59,36
2020-09-02T00:00:00+00:00;ETCBULL/USD;80,60000000;82,62500000;54,70000000;64,30000000;-25,35
2020-09-01T00:00:00+00:00;ETCBULL/USD;75,60000000;82,72500000;72,65000000;80,65000000;6,26
2020-08-31T00:00:00+00:00;ETCBULL/USD;79,60000000;82,07500000;74,32500000;75,60000000;-5,29
2020-08-30T00:00:00+00:00;ETCBULL/USD;73,80000000;80,10000000;71,82500000;79,60000000;7,29
2020-08-29T00:00:00+00:00;ETCBULL/USD;74,90000000;78,85000000;73,50000000;73,80000000;-1,49
2020-08-28T00:00:00+00:00;ETCBULL/USD;69,12500000;78,00000000;66,22500000;74,90000000;7,71
2020-08-27T00:00:00+00:00;ETCBULL/USD;73,15000000;82,70000000;64,27500000;69,12500000;-5,82
2020-08-26T00:00:00+00:00;ETCBULL/USD;74,07500000;76,22500000;71,65000000;73,15000000;-1,26
2020-08-25T00:00:00+00:00;ETCBULL/USD;89,12500000;89,72500000;70,17500000;74,07500000;-20,32
2020-08-24T00:00:00+00:00;ETCBULL/USD;86,27500000;90,80000000;84,10000000;89,15000000;3,22
2020-08-23T00:00:00+00:00;ETCBULL/USD;86,75000000;88,50000000;80,72500000;86,27500000;-0,55
2020-08-22T00:00:00+00:00;ETCBULL/USD;82,10000000;87,85000000;77,77500000;86,75000000;5,36
2020-08-21T00:00:00+00:00;ETCBULL/USD;96,45000000;100,95000000;80,00000000;82,10000000;-17,48
2020-08-20T00:00:00+00:00;ETCBULL/USD;89,55000000;99,37500000;87,80000000;96,45000000;7,15
2020-08-19T00:00:00+00:00;ETCBULL/USD;111,85000000;117,70000000;81,77500000;89,55000000;-24,9
2020-08-18T00:00:00+00:00;ETCBULL/USD;118,60000000;137,10000000;107,00000000;111,85000000;-6,03
2020-08-17T00:00:00+00:00;ETCBULL/USD;112,55000000;126,30000000;105,85000000;118,60000000;5,1
2020-08-16T00:00:00+00:00;ETCBULL/USD;109,95000000;115,75000000;99,75000000;112,55000000;2,31
2020-08-15T00:00:00+00:00;ETCBULL/USD;98,15000000;115,42500000;97,27500000;109,95000000;10,73
2020-08-14T00:00:00+00:00;ETCBULL/USD;100,82500000;102,42500000;93,35000000;98,15000000;-2,73
2020-08-13T00:00:00+00:00;ETCBULL/USD;93,52500000;101,97500000;85,75000000;100,82500000;7,24
2020-08-12T00:00:00+00:00;ETCBULL/USD;93,40000000;94,90000000;83,65000000;93,52500000;0,13
2020-08-11T00:00:00+00:00;ETCBULL/USD;109,50000000;114,35000000;80,50000000;93,40000000;-17,24
2020-08-10T00:00:00+00:00;ETCBULL/USD;101,25000000;112,30000000;96,45000000;109,50000000;7,53
2020-08-09T00:00:00+00:00;ETCBULL/USD;104,95000000;115,85000000;94,50000000;101,25000000;-3,65
2020-08-08T00:00:00+00:00;ETCBULL/USD;103,02500000;107,97500000;98,17500000;104,95000000;1,83
2020-08-07T00:00:00+00:00;ETCBULL/USD;115,15000000;122,45000000;87,10000000;103,02500000;-11,77
2020-08-06T00:00:00+00:00;ETCBULL/USD;122,45000000;122,45000000;110,55000000;115,15000000;-6,34
2020-08-05T00:00:00+00:00;ETCBULL/USD;117,50000000;128,45000000;115,15000000;122,45000000;4,04
2020-08-04T00:00:00+00:00;ETCBULL/USD;119,75000000;125,65000000;113,15000000;117,50000000;-1,91
2020-08-03T00:00:00+00:00;ETCBULL/USD;120,45000000;130,55000000;114,50000000;119,75000000;-0,58
2020-08-02T00:00:00+00:00;ETCBULL/USD;175,40000000;206,55000000;106,17500000;120,45000000;-45,62
2020-08-01T00:00:00+00:00;ETCBULL/USD;148,65000000;182,20000000;144,90000000;175,40000000;15,25
2020-07-31T00:00:00+00:00;ETCBULL/USD;147,65000000;160,00000000;141,00000000;148,55000000;0,61
2020-07-30T00:00:00+00:00;ETCBULL/USD;143,75000000;154,45000000;128,65000000;147,65000000;2,64
2020-07-29T00:00:00+00:00;ETCBULL/USD;142,40000000;160,60000000;137,45000000;143,75000000;0,94
2020-07-28T00:00:00+00:00;ETCBULL/USD;137,25000000;151,85000000;119,30000000;142,40000000;3,62
2020-07-27T00:00:00+00:00;ETCBULL/USD;112,40000000;148,60000000;112,40000000;137,25000000;18,11
2020-07-26T00:00:00+00:00;ETCBULL/USD;116,45000000;126,00000000;105,05000000;112,40000000;-3,6
2020-07-25T00:00:00+00:00;ETCBULL/USD;95,80000000;117,57500000;95,22500000;116,45000000;17,73
2020-07-24T00:00:00+00:00;ETCBULL/USD;105,55000000;105,55000000;94,30000000;95,80000000;-10,18
2020-07-23T00:00:00+00:00;ETCBULL/USD;102,30000000;108,17500000;98,90000000;105,55000000;3,08
2020-07-22T00:00:00+00:00;ETCBULL/USD;94,12500000;103,60000000;89,50000000;102,30000000;7,99
2020-07-21T00:00:00+00:00;ETCBULL/USD;87,30000000;94,42500000;87,10000000;94,12500000;7,25
2020-07-20T00:00:00+00:00;ETCBULL/USD;91,07500000;94,50000000;85,57500000;87,30000000;-4,32
2020-07-19T00:00:00+00:00;ETCBULL/USD;88,62500000;91,65000000;84,37500000;91,07500000;2,69
2020-07-18T00:00:00+00:00;ETCBULL/USD;87,92500000;91,37500000;84,57500000;88,62500000;0,79
2020-07-17T00:00:00+00:00;ETCBULL/USD;87,87500000;91,10000000;85,27500000;87,92500000;0,06
2020-07-16T00:00:00+00:00;ETCBULL/USD;96,77500000;98,75000000;82,57500000;87,87500000;-10,13
2020-07-15T00:00:00+00:00;ETCBULL/USD;102,15000000;103,72500000;95,35000000;96,77500000;-5,55
2020-07-14T00:00:00+00:00;ETCBULL/USD;101,15000000;102,27500000;95,50000000;102,15000000;0,98
2020-07-13T00:00:00+00:00;ETCBULL/USD;109,35000000;114,90000000;95,00000000;101,15000000;-8,11
2020-07-12T00:00:00+00:00;ETCBULL/USD;111,95000000;115,15000000;104,30000000;109,35000000;-2,38
2020-07-11T00:00:00+00:00;ETCBULL/USD;106,32500000;116,05000000;105,90000000;111,95000000;5,02
2020-07-10T00:00:00+00:00;ETCBULL/USD;120,05000000;120,35000000;98,30000000;106,32500000;-12,91
2020-07-09T00:00:00+00:00;ETCBULL/USD;120,45000000;128,70000000;108,00000000;120,05000000;-0,33
2020-07-08T00:00:00+00:00;ETCBULL/USD;100,50000000;120,95000000;95,72500000;120,45000000;16,56
2020-07-07T00:00:00+00:00;ETCBULL/USD;95,75000000;104,70000000;88,12500000;100,50000000;4,73
2020-07-06T00:00:00+00:00;ETCBULL/USD;77,12500000;98,70000000;76,80000000;95,75000000;19,45
2020-07-05T00:00:00+00:00;ETCBULL/USD;78,90000000;79,47500000;71,35000000;77,12500000;-2,3
2020-07-04T00:00:00+00:00;ETCBULL/USD;76,75000000;80,60000000;76,25000000;78,90000000;2,72
2020-07-03T00:00:00+00:00;ETCBULL/USD;76,40000000;79,65000000;74,87500000;76,75000000;0,46
2020-07-02T00:00:00+00:00;ETCBULL/USD;78,67500000;81,92500000;72,15000000;76,40000000;-2,98
2020-07-01T00:00:00+00:00;ETCBULL/USD;79,27500000;81,72500000;75,60000000;78,72500000;-0,7
2020-06-30T00:00:00+00:00;ETCBULL/USD;83,55000000;84,35000000;77,07500000;79,27500000;-5,39
2020-06-29T00:00:00+00:00;ETCBULL/USD;80,07500000;85,97500000;79,50000000;83,55000000;4,16
2020-06-28T00:00:00+00:00;ETCBULL/USD;73,92500000;83,25000000;71,85000000;80,07500000;7,68
2020-06-27T00:00:00+00:00;ETCBULL/USD;99,97500000;100,12500000;64,17500000;73,92500000;-35,24
2020-06-26T00:00:00+00:00;ETCBULL/USD;105,35000000;106,25000000;98,00000000;99,97500000;-5,38
2020-06-25T00:00:00+00:00;ETCBULL/USD;109,30000000;110,45000000;100,20000000;105,35000000;-3,75
2020-06-24T00:00:00+00:00;ETCBULL/USD;118,45000000;126,25000000;104,65000000;109,30000000;-8,37
2020-06-23T00:00:00+00:00;ETCBULL/USD;118,55000000;121,50000000;113,45000000;118,45000000;-0,08
2020-06-22T00:00:00+00:00;ETCBULL/USD;109,60000000;119,90000000;109,25000000;118,55000000;7,55
2020-06-21T00:00:00+00:00;ETCBULL/USD;113,15000000;113,55000000;108,30000000;109,60000000;-3,24
2020-06-20T00:00:00+00:00;ETCBULL/USD;116,85000000;118,20000000;107,35000000;113,15000000;-3,27
2020-06-19T00:00:00+00:00;ETCBULL/USD;110,50000000;121,00000000;107,20000000;116,85000000;5,43
2020-06-18T00:00:00+00:00;ETCBULL/USD;114,10000000;114,90000000;104,00000000;110,50000000;-3,26
2020-06-17T00:00:00+00:00;ETCBULL/USD;113,00000000;119,40000000;107,20000000;114,10000000;0,96
2020-06-16T00:00:00+00:00;ETCBULL/USD;112,75000000;115,75000000;108,95000000;113,00000000;0,22
2020-06-15T00:00:00+00:00;ETCBULL/USD;116,75000000;116,80000000;98,35000000;112,75000000;-3,55
2020-06-14T00:00:00+00:00;ETCBULL/USD;126,45000000;126,55000000;112,90000000;116,75000000;-8,31
2020-06-13T00:00:00+00:00;ETCBULL/USD;122,10000000;127,60000000;117,95000000;126,45000000;3,44
2020-06-12T00:00:00+00:00;ETCBULL/USD;114,85000000;126,20000000;111,35000000;122,10000000;5,94
2020-06-11T00:00:00+00:00;ETCBULL/USD;151,20000000;152,90000000;100,00000000;114,85000000;-31,65
2020-06-10T00:00:00+00:00;ETCBULL/USD;149,50000000;153,05000000;145,00000000;151,20000000;1,12
2020-06-09T00:00:00+00:00;ETCBULL/USD;158,70000000;161,85000000;145,05000000;149,50000000;-6,15
2020-06-08T00:00:00+00:00;ETCBULL/USD;153,75000000;160,45000000;146,45000000;158,70000000;3,12
2020-06-07T00:00:00+00:00;ETCBULL/USD;155,50000000;156,10000000;138,30000000;153,75000000;-1,14
2020-06-06T00:00:00+00:00;ETCBULL/USD;153,55000000;157,60000000;149,25000000;155,50000000;1,25
2020-06-05T00:00:00+00:00;ETCBULL/USD;158,80000000;161,75000000;148,25000000;153,55000000;-3,42
2020-06-04T00:00:00+00:00;ETCBULL/USD;159,75000000;168,55000000;149,55000000;158,80000000;-0,6
2020-06-03T00:00:00+00:00;ETCBULL/USD;163,15000000;164,75000000;152,45000000;159,75000000;-2,13
2020-06-02T00:00:00+00:00;ETCBULL/USD;182,00000000;188,70000000;142,60000000;163,15000000;-11,55
2020-06-01T00:00:00+00:00;ETCBULL/USD;162,30000000;184,65000000;156,95000000;182,00000000;10,82
2020-05-31T00:00:00+00:00;ETCBULL/USD;219,40000000;219,40000000;138,35000000;162,30000000;-35,18
2020-05-30T00:00:00+00:00;ETCBULL/USD;197,80000000;225,80000000;188,05000000;219,40000000;9,85
2020-05-29T00:00:00+00:00;ETCBULL/USD;171,50000000;203,70000000;171,40000000;197,80000000;13,3
2020-05-28T00:00:00+00:00;ETCBULL/USD;164,25000000;172,40000000;157,50000000;171,50000000;4,23
2020-05-27T00:00:00+00:00;ETCBULL/USD;160,45000000;169,15000000;157,20000000;164,25000000;2,31
2020-05-26T00:00:00+00:00;ETCBULL/USD;167,45000000;168,80000000;148,20000000;160,45000000;-4,36
2020-05-25T00:00:00+00:00;ETCBULL/USD;152,55000000;173,95000000;147,35000000;167,45000000;8,9
2020-05-24T00:00:00+00:00;ETCBULL/USD;150,90000000;165,80000000;146,60000000;152,55000000;1,08
2020-05-23T00:00:00+00:00;ETCBULL/USD;144,00000000;155,60000000;138,85000000;150,90000000;4,57
2020-05-22T00:00:00+00:00;ETCBULL/USD;124,55000000;153,00000000;121,75000000;144,00000000;13,51
2020-05-21T00:00:00+00:00;ETCBULL/USD;146,30000000;151,30000000;111,30000000;124,55000000;-17,46
2020-05-20T00:00:00+00:00;ETCBULL/USD;162,75000000;163,80000000;134,35000000;146,30000000;-11,24
2020-05-19T00:00:00+00:00;ETCBULL/USD;166,10000000;167,30000000;154,75000000;162,75000000;-2,06
2020-05-18T00:00:00+00:00;ETCBULL/USD;163,00000000;182,10000000;156,10000000;166,10000000;1,87
2020-05-17T00:00:00+00:00;ETCBULL/USD;166,35000000;172,70000000;150,35000000;163,00000000;-2,06
2020-05-16T00:00:00+00:00;ETCBULL/USD;151,75000000;176,95000000;148,50000000;166,35000000;8,78
2020-05-15T00:00:00+00:00;ETCBULL/USD;137,15000000;166,10000000;125,90000000;151,75000000;9,62
2020-05-14T00:00:00+00:00;ETCBULL/USD;134,15000000;143,60000000;125,65000000;137,15000000;2,19
2020-05-13T00:00:00+00:00;ETCBULL/USD;125,60000000;137,80000000;121,35000000;134,15000000;6,37
2020-05-12T00:00:00+00:00;ETCBULL/USD;121,55000000;133,55000000;114,00000000;125,60000000;3,22
2020-05-11T00:00:00+00:00;ETCBULL/USD;133,00000000;141,50000000;93,35000000;121,55000000;-9,42
2020-05-10T00:00:00+00:00;ETCBULL/USD;239,60000000;240,20000000;100,90000000;133,00000000;-80,15
2020-05-09T00:00:00+00:00;ETCBULL/USD;250,80000000;261,40000000;234,00000000;239,60000000;-4,67
2020-05-08T00:00:00+00:00;ETCBULL/USD;245,50000000;268,00000000;229,00000000;250,80000000;2,11
2020-05-07T00:00:00+00:00;ETCBULL/USD;220,10000000;256,80000000;216,30000000;245,50000000;10,35
2020-05-06T00:00:00+00:00;ETCBULL/USD;259,20000000;275,20000000;217,90000000;220,10000000;-17,76
2020-05-05T00:00:00+00:00;ETCBULL/USD;262,20000000;292,70000000;244,40000000;259,20000000;-1,16
2020-05-04T00:00:00+00:00;ETCBULL/USD;262,20000000;278,10000000;204,30000000;262,20000000;0,0
2020-05-03T00:00:00+00:00;ETCBULL/USD;295,60000000;312,70000000;241,50000000;262,20000000;-12,74
2020-05-02T00:00:00+00:00;ETCBULL/USD;214,75000000;310,45000000;206,55000000;295,60000000;27,35
2020-05-01T00:00:00+00:00;ETCBULL/USD;196,50000000;218,70000000;196,15000000;214,75000000;8,5
2020-04-30T00:00:00+00:00;ETCBULL/USD;227,10000000;252,00000000;184,00000000;196,50000000;-15,57
2020-04-29T00:00:00+00:00;ETCBULL/USD;176,95000000;241,55000000;175,20000000;227,10000000;22,08
2020-04-28T00:00:00+00:00;ETCBULL/USD;172,25000000;177,75000000;160,35000000;176,95000000;2,66
2020-04-27T00:00:00+00:00;ETCBULL/USD;184,00000000;187,60000000;157,75000000;172,25000000;-6,82
2020-04-26T00:00:00+00:00;ETCBULL/USD;146,65000000;186,20000000;145,00000000;184,00000000;20,3
2020-04-25T00:00:00+00:00;ETCBULL/USD;135,20000000;155,15000000;131,40000000;146,65000000;7,81
2020-04-24T00:00:00+00:00;ETCBULL/USD;135,95000000;142,20000000;130,50000000;135,20000000;-0,55
2020-04-23T00:00:00+00:00;ETCBULL/USD;121,70000000;148,55000000;116,20000000;135,95000000;10,48
2020-04-22T00:00:00+00:00;ETCBULL/USD;110,45000000;126,20000000;107,55000000;121,70000000;9,24
2020-04-21T00:00:00+00:00;ETCBULL/USD;111,90000000;116,35000000;105,20000000;110,45000000;-1,31
2020-04-20T00:00:00+00:00;ETCBULL/USD;129,65000000;137,90000000;107,30000000;111,90000000;-15,86
2020-04-19T00:00:00+00:00;ETCBULL/USD;143,25000000;145,90000000;124,10000000;129,65000000;-10,49
2020-04-18T00:00:00+00:00;ETCBULL/USD;123,15000000;144,20000000;122,95000000;143,25000000;14,03
2020-04-17T00:00:00+00:00;ETCBULL/USD;130,50000000;131,20000000;119,35000000;123,15000000;-5,97
2020-04-16T00:00:00+00:00;ETCBULL/USD;106,95000000;135,55000000;92,40000000;130,50000000;18,05
2020-04-15T00:00:00+00:00;ETCBULL/USD;116,55000000;124,15000000;106,40000000;106,95000000;-8,98
2020-04-14T00:00:00+00:00;ETCBULL/USD;112,45000000;123,60000000;107,30000000;116,55000000;3,52
2020-04-13T00:00:00+00:00;ETCBULL/USD;121,40000000;121,40000000;101,45000000;112,45000000;-7,96
2020-04-12T00:00:00+00:00;ETCBULL/USD;117,70000000;132,35000000;111,45000000;121,40000000;3,05
2020-04-11T00:00:00+00:00;ETCBULL/USD;116,20000000;125,50000000;108,10000000;117,70000000;1,27
2020-04-10T00:00:00+00:00;ETCBULL/USD;172,85000000;174,00000000;103,65000000;116,10000000;-48,88
2020-04-09T00:00:00+00:00;ETCBULL/USD;165,65000000;179,85000000;143,60000000;172,95000000;4,22
2020-04-08T00:00:00+00:00;ETCBULL/USD;139,20000000;171,30000000;133,35000000;165,65000000;15,97
2020-04-07T00:00:00+00:00;ETCBULL/USD;150,70000000;167,75000000;130,70000000;139,10000000;-8,34
2020-04-06T00:00:00+00:00;ETCBULL/USD;110,80000000;151,05000000;110,55000000;150,70000000;26,48
2020-04-05T00:00:00+00:00;ETCBULL/USD;120,70000000;122,45000000;104,00000000;110,80000000;-8,94
2020-04-04T00:00:00+00:00;ETCBULL/USD;117,20000000;126,60000000;112,90000000;120,70000000;2,9
2020-04-03T00:00:00+00:00;ETCBULL/USD;116,85000000;125,35000000;109,50000000;117,20000000;0,3
2020-04-02T00:00:00+00:00;ETCBULL/USD;111,55000000;133,90000000;107,85000000;116,85000000;4,54
2020-04-01T00:00:00+00:00;ETCBULL/USD;105,80000000;112,70000000;95,70000000;111,55000000;5,15
2020-03-31T00:00:00+00:00;ETCBULL/USD;106,75000000;110,15000000;100,30000000;105,80000000;-0,9
2020-03-30T00:00:00+00:00;ETCBULL/USD;97,50000000;112,67500000;97,05000000;106,75000000;8,67
2020-03-29T00:00:00+00:00;ETCBULL/USD;97,35000000;112,50000000;95,97500000;97,50000000;0,15
2020-03-28T00:00:00+00:00;ETCBULL/USD;104,20000000;104,20000000;85,75000000;97,35000000;-7,04
2020-03-27T00:00:00+00:00;ETCBULL/USD;116,05000000;123,85000000;97,80000000;104,20000000;-11,37
2020-03-26T00:00:00+00:00;ETCBULL/USD;110,05000000;117,35000000;103,40000000;116,05000000;5,17
2020-03-25T00:00:00+00:00;ETCBULL/USD;112,10000000;126,30000000;102,10000000;110,05000000;-1,86
2020-03-24T00:00:00+00:00;ETCBULL/USD;105,75000000;121,05000000;99,10000000;112,10000000;5,66
2020-03-23T00:00:00+00:00;ETCBULL/USD;85,07500000;112,30000000;79,80000000;105,85000000;19,63
2020-03-22T00:00:00+00:00;ETCBULL/USD;111,55000000;126,85000000;81,15000000;85,07500000;-31,12
2020-03-21T00:00:00+00:00;ETCBULL/USD;103,60000000;120,37500000;90,55000000;111,55000000;7,13
2020-03-20T00:00:00+00:00;ETCBULL/USD;115,07500000;149,30000000;78,55000000;103,60000000;-11,08
2020-03-19T00:00:00+00:00;ETCBULL/USD;87,85000000;131,57500000;81,00000000;115,07500000;23,66
2020-03-18T00:00:00+00:00;ETCBULL/USD;87,05000000;91,07500000;71,02500000;87,82500000;0,88
2020-03-17T00:00:00+00:00;ETCBULL/USD;80,25000000;107,95000000;73,50000000;87,00000000;7,76
2020-03-16T00:00:00+00:00;ETCBULL/USD;118,40000000;118,70000000;54,75000000;80,37500000;-47,31
2020-03-15T00:00:00+00:00;ETCBULL/USD;91,62500000;135,07500000;89,12500000;118,35000000;22,58
2020-03-14T00:00:00+00:00;ETCBULL/USD;102,22500000;108,95000000;83,75000000;91,70000000;-11,48
2020-03-13T00:00:00+00:00;ETCBULL/USD;59,87500000;126,30000000;33,42000000;102,15000000;41,39
2020-03-12T00:00:00+00:00;ETCBULL/USD;405,30000000;409,10000000;56,22500000;59,35000000;-582,9
2020-03-11T00:00:00+00:00;ETCBULL/USD;448,20000000;460,80000000;308,40000000;405,30000000;-10,58
2020-03-10T00:00:00+00:00;ETCBULL/USD;468,10000000;476,60000000;405,50000000;448,20000000;-4,44
2020-03-09T00:00:00+00:00;ETCBULL/USD;374,40000000;490,50000000;368,10000000;468,40000000;20,07
2020-03-08T00:00:00+00:00;ETCBULL/USD;725,00000000;725,00000000;326,00000000;373,70000000;-94,01
2020-03-07T00:00:00+00:00;ETCBULL/USD;851,25000000;853,75000000;708,00000000;725,00000000;-17,41
2020-03-06T00:00:00+00:00;ETCBULL/USD;841,25000000;879,00000000;742,75000000;851,25000000;1,17
2020-03-05T00:00:00+00:00;ETCBULL/USD;761,50000000;912,75000000;761,50000000;842,00000000;9,56
2020-03-04T00:00:00+00:00;ETCBULL/USD;929,75000000;941,75000000;642,00000000;761,50000000;-22,09
2020-03-03T00:00:00+00:00;ETCBULL/USD;924,25000000;981,25000000;818,75000000;930,00000000;0,62
2020-03-02T00:00:00+00:00;ETCBULL/USD;723,00000000;978,75000000;712,00000000;923,50000000;21,71
2020-03-01T00:00:00+00:00;ETCBULL/USD;627,00000000;772,50000000;625,25000000;723,00000000;13,28
2020-02-29T00:00:00+00:00;ETCBULL/USD;655,00000000;711,00000000;621,25000000;627,00000000;-4,47
2020-02-28T00:00:00+00:00;ETCBULL/USD;721,50000000;756,75000000;573,00000000;656,25000000;-9,94
2020-02-27T00:00:00+00:00;ETCBULL/USD;700,00000000;818,50000000;608,75000000;721,50000000;2,98
2020-02-26T00:00:00+00:00;ETCBULL/USD;1357,50000000;1427,50000000;599,25000000;700,25000000;-93,86
2020-02-25T00:00:00+00:00;ETCBULL/USD;1443,50000000;1490,50000000;1244,50000000;1357,50000000;-6,34
2020-02-24T00:00:00+00:00;ETCBULL/USD;1659,50000000;1682,00000000;1255,50000000;1443,50000000;-14,96
2020-02-23T00:00:00+00:00;ETCBULL/USD;1534,00000000;1772,50000000;1516,50000000;1659,50000000;7,56
2020-02-22T00:00:00+00:00;ETCBULL/USD;1503,00000000;1651,00000000;1446,00000000;1534,00000000;2,02
2020-02-21T00:00:00+00:00;ETCBULL/USD;1266,50000000;1701,00000000;1225,00000000;1503,50000000;15,76
2020-02-20T00:00:00+00:00;ETCBULL/USD;1235,50000000;1331,50000000;1055,00000000;1265,50000000;2,37
2020-02-19T00:00:00+00:00;ETCBULL/USD;1835,50000000;1840,00000000;1195,00000000;1235,50000000;-48,56
2020-02-18T00:00:00+00:00;ETCBULL/USD;1720,00000000;1910,50000000;1460,00000000;1835,50000000;6,29
2020-02-17T00:00:00+00:00;ETCBULL/USD;1668,50000000;1842,00000000;1230,50000000;1718,50000000;2,91
2020-02-16T00:00:00+00:00;ETCBULL/USD;2280,00000000;2445,00000000;1326,00000000;1668,50000000;-36,65
2020-02-15T00:00:00+00:00;ETCBULL/USD;3879,00000000;3919,00000000;1726,00000000;2285,50000000;-69,72
2020-02-14T00:00:00+00:00;ETCBULL/USD;3929,00000000;3941,00000000;3540,00000000;3879,00000000;-1,29
2020-02-13T00:00:00+00:00;ETCBULL/USD;4175,00000000;5028,00000000;3279,00000000;3929,00000000;-6,26
2020-02-12T00:00:00+00:00;ETCBULL/USD;3985,00000000;4473,00000000;3985,00000000;4173,00000000;4,51
2020-02-11T00:00:00+00:00;ETCBULL/USD;3833,00000000;4115,00000000;3587,00000000;3985,00000000;3,81
2020-02-10T00:00:00+00:00;ETCBULL/USD;3754,00000000;4053,00000000;3400,00000000;3833,00000000;2,06
2020-02-09T00:00:00+00:00;ETCBULL/USD;3745,00000000;4190,00000000;3375,00000000;3754,00000000;0,24
2020-02-08T00:00:00+00:00;ETCBULL/USD;3762,00000000;3995,00000000;3203,00000000;3745,00000000;-0,45
2020-02-07T00:00:00+00:00;ETCBULL/USD;4185,00000000;4341,00000000;3339,00000000;3762,00000000;-11,24
2020-02-06T00:00:00+00:00;ETCBULL/USD;4861,00000000;5803,00000000;3198,00000000;4182,00000000;-16,24
2020-02-05T00:00:00+00:00;ETCBULL/USD;3876,00000000;5189,00000000;3805,00000000;4861,00000000;20,26
2020-02-04T00:00:00+00:00;ETCBULL/USD;4325,00000000;4468,00000000;3554,00000000;3876,00000000;-11,58
2020-02-03T00:00:00+00:00;ETCBULL/USD;3942,00000000;4823,00000000;3872,00000000;4329,00000000;8,94
2020-02-02T00:00:00+00:00;ETCBULL/USD;4143,00000000;4345,00000000;3723,00000000;3942,00000000;-5,1
2020-02-01T00:00:00+00:00;ETCBULL/USD;3933,00000000;4410,00000000;3672,00000000;4147,00000000;5,16
2020-01-31T00:00:00+00:00;ETCBULL/USD;5447,50000000;5480,00000000;3320,00000000;3930,00000000;-38,61
2020-01-30T00:00:00+00:00;ETCBULL/USD;5412,50000000;6030,00000000;4715,00000000;5452,50000000;0,73
2020-01-29T00:00:00+00:00;ETCBULL/USD;4520,00000000;6202,00000000;4449,00000000;5412,50000000;16,49
2020-01-28T00:00:00+00:00;ETCBULL/USD;3521,00000000;4787,00000000;3442,00000000;4526,00000000;22,21
2020-01-27T00:00:00+00:00;ETCBULL/USD;2507,00000000;4100,00000000;2489,00000000;3521,00000000;28,8
2020-01-26T00:00:00+00:00;ETCBULL/USD;1972,00000000;2635,50000000;1864,00000000;2507,00000000;21,34
2020-01-25T00:00:00+00:00;ETCBULL/USD;2151,50000000;2161,00000000;1786,00000000;1971,00000000;-9,16
2020-01-24T00:00:00+00:00;ETCBULL/USD;2035,50000000;2307,50000000;1622,50000000;2151,50000000;5,39
2020-01-23T00:00:00+00:00;ETCBULL/USD;2950,00000000;2965,00000000;1846,50000000;2035,00000000;-44,96
2020-01-22T00:00:00+00:00;ETCBULL/USD;2616,00000000;3086,00000000;2600,00000000;2950,00000000;11,32
2020-01-21T00:00:00+00:00;ETCBULL/USD;2379,00000000;2763,00000000;2283,00000000;2616,00000000;9,06
2020-01-20T00:00:00+00:00;ETCBULL/USD;2303,00000000;2743,00000000;1914,00000000;2375,00000000;3,03
2020-01-19T00:00:00+00:00;ETCBULL/USD;2136,00000000;3006,00000000;1755,50000000;2301,50000000;7,19
2020-01-18T00:00:00+00:00;ETCBULL/USD;3347,00000000;3645,00000000;1945,50000000;2135,50000000;-56,73
2020-01-17T00:00:00+00:00;ETCBULL/USD;2470,00000000;5660,00000000;2262,00000000;3335,00000000;25,94
2020-01-16T00:00:00+00:00;ETCBULL/USD;2158,50000000;2619,50000000;1609,50000000;2470,00000000;12,61
2020-01-15T00:00:00+00:00;ETCBULL/USD;1409,50000000;2221,00000000;1330,00000000;2158,50000000;34,7
2020-01-14T00:00:00+00:00;ETCBULL/USD;826,25000000;1496,00000000;820,00000000;1411,00000000;41,44
2020-01-13T00:00:00+00:00;ETCBULL/USD;880,25000000;888,50000000;753,50000000;826,25000000;-6,54
2020-01-12T00:00:00+00:00;ETCBULL/USD;878,00000000;911,75000000;787,00000000;880,25000000;0,26
2020-01-11T00:00:00+00:00;ETCBULL/USD;789,75000000;981,50000000;773,25000000;879,25000000;10,18
2020-01-10T00:00:00+00:00;ETCBULL/USD;712,50000000;798,75000000;602,50000000;788,25000000;9,61
2020-01-09T00:00:00+00:00;ETCBULL/USD;626,75000000;719,25000000;596,75000000;712,50000000;12,04
2020-01-08T00:00:00+00:00;ETCBULL/USD;589,50000000;667,25000000;542,00000000;626,75000000;5,94
2020-01-07T00:00:00+00:00;ETCBULL/USD;668,75000000;682,75000000;540,75000000;589,75000000;-13,4

