DATE/TIME;SYMBOL;OPEN;HIGH;LOW;CLOSE;EVOL % CLOSE/HIGH
2022-01-05T00:00:00+00:00;BNBHEDGE/USD;7,13000000;7,14600000;7,02300000;7,03050000;-1,42
2022-01-04T00:00:00+00:00;BNBHEDGE/USD;7,03650000;7,18850000;6,97550000;7,13000000;1,31
2022-01-03T00:00:00+00:00;BNBHEDGE/USD;6,84000000;7,07350000;6,81550000;7,05450000;3,04
2022-01-02T00:00:00+00:00;BNBHEDGE/USD;6,88950000;7,00000000;6,80200000;6,84000000;-0,72
2022-01-01T00:00:00+00:00;BNBHEDGE/USD;7,11000000;7,12200000;6,88600000;6,88950000;-3,2
2021-12-31T00:00:00+00:00;BNBHEDGE/USD;6,83450000;7,14300000;6,68950000;7,11000000;3,87
2021-12-30T00:00:00+00:00;BNBHEDGE/USD;7,04500000;7,11700000;6,68950000;6,83450000;-3,08
2021-12-29T00:00:00+00:00;BNBHEDGE/USD;6,80100000;7,08400000;6,68950000;7,04500000;3,46
2021-12-28T00:00:00+00:00;BNBHEDGE/USD;6,49050000;6,86000000;6,49050000;6,80100000;4,57
2021-12-27T00:00:00+00:00;BNBHEDGE/USD;6,68950000;6,70400000;6,38950000;6,49050000;-3,07
2021-12-26T00:00:00+00:00;BNBHEDGE/USD;6,68250000;6,78450000;6,66000000;6,68950000;0,1
2021-12-25T00:00:00+00:00;BNBHEDGE/USD;6,75600000;6,76000000;6,64100000;6,68250000;-1,1
2021-12-24T00:00:00+00:00;BNBHEDGE/USD;6,67000000;6,88750000;6,60100000;6,75600000;1,27
2021-12-23T00:00:00+00:00;BNBHEDGE/USD;6,83500000;6,94650000;6,62650000;6,67000000;-2,47
2021-12-22T00:00:00+00:00;BNBHEDGE/USD;6,91300000;6,91700000;6,72500000;6,83500000;-1,14
2021-12-21T00:00:00+00:00;BNBHEDGE/USD;6,96900000;7,05050000;6,84500000;6,91300000;-0,81
2021-12-20T00:00:00+00:00;BNBHEDGE/USD;6,91750000;7,19300000;6,85000000;6,96900000;0,74
2021-12-19T00:00:00+00:00;BNBHEDGE/USD;6,86700000;6,94050000;6,73300000;6,91750000;0,73
2021-12-18T00:00:00+00:00;BNBHEDGE/USD;6,95200000;7,06450000;6,81650000;6,86700000;-1,24
2021-12-17T00:00:00+00:00;BNBHEDGE/USD;6,94650000;7,13700000;6,84500000;6,95200000;0,08
2021-12-16T00:00:00+00:00;BNBHEDGE/USD;6,79300000;6,96400000;6,73750000;6,94650000;2,21
2021-12-15T00:00:00+00:00;BNBHEDGE/USD;6,96250000;7,32600000;6,72250000;6,79300000;-2,5
2021-12-14T00:00:00+00:00;BNBHEDGE/USD;7,04050000;7,17300000;6,87400000;6,96250000;-1,12
2021-12-13T00:00:00+00:00;BNBHEDGE/USD;6,54400000;7,15450000;6,50400000;7,04050000;7,05
2021-12-12T00:00:00+00:00;BNBHEDGE/USD;6,61800000;6,76050000;6,47700000;6,54400000;-1,13
2021-12-11T00:00:00+00:00;BNBHEDGE/USD;6,70600000;6,82650000;6,52000000;6,61800000;-1,33
2021-12-10T00:00:00+00:00;BNBHEDGE/USD;6,51900000;6,71750000;6,25100000;6,70600000;2,79
2021-12-09T00:00:00+00:00;BNBHEDGE/USD;6,20100000;6,54400000;6,09000000;6,51900000;4,88
2021-12-08T00:00:00+00:00;BNBHEDGE/USD;6,48050000;6,60050000;6,19250000;6,20100000;-4,51
2021-12-07T00:00:00+00:00;BNBHEDGE/USD;6,46850000;6,54750000;6,41650000;6,48050000;0,19
2021-12-06T00:00:00+00:00;BNBHEDGE/USD;6,74500000;7,02300000;6,42050000;6,46850000;-4,27
2021-12-05T00:00:00+00:00;BNBHEDGE/USD;7,34000000;7,34950000;6,61850000;6,74500000;-8,82
2021-12-04T00:00:00+00:00;BNBHEDGE/USD;6,21800000;7,34000000;6,21800000;7,34000000;15,29
2021-12-03T00:00:00+00:00;BNBHEDGE/USD;6,20000000;6,37200000;6,16300000;6,21800000;0,29
2021-12-02T00:00:00+00:00;BNBHEDGE/USD;6,07750000;6,20850000;6,07750000;6,20000000;1,98
2021-12-01T00:00:00+00:00;BNBHEDGE/USD;6,22250000;6,24250000;5,93700000;6,07750000;-2,39
2021-11-30T00:00:00+00:00;BNBHEDGE/USD;6,21700000;6,24750000;6,09800000;6,22250000;0,09
2021-11-29T00:00:00+00:00;BNBHEDGE/USD;6,39150000;6,46700000;6,18350000;6,21700000;-2,81
2021-11-28T00:00:00+00:00;BNBHEDGE/USD;6,47000000;6,66400000;6,36600000;6,39150000;-1,23
2021-11-27T00:00:00+00:00;BNBHEDGE/USD;6,58500000;6,58500000;6,23900000;6,47000000;-1,78
2021-11-26T00:00:00+00:00;BNBHEDGE/USD;5,94900000;6,58500000;5,94900000;6,58500000;9,66
2021-11-25T00:00:00+00:00;BNBHEDGE/USD;6,66300000;6,66300000;5,94900000;5,94900000;-12,0
2021-11-24T00:00:00+00:00;BNBHEDGE/USD;6,60150000;6,66300000;6,56500000;6,66300000;0,92
2021-11-23T00:00:00+00:00;BNBHEDGE/USD;6,95250000;6,96800000;6,42300000;6,60150000;-5,32
2021-11-22T00:00:00+00:00;BNBHEDGE/USD;6,66950000;7,01400000;6,64450000;6,95250000;4,07
2021-11-21T00:00:00+00:00;BNBHEDGE/USD;6,48600000;6,71650000;6,47450000;6,66950000;2,75
2021-11-20T00:00:00+00:00;BNBHEDGE/USD;6,75100000;6,80050000;6,48150000;6,48600000;-4,09
2021-11-19T00:00:00+00:00;BNBHEDGE/USD;7,40900000;7,47200000;6,70300000;6,75100000;-9,75
2021-11-18T00:00:00+00:00;BNBHEDGE/USD;6,88300000;7,58350000;6,79300000;7,40900000;7,1
2021-11-17T00:00:00+00:00;BNBHEDGE/USD;6,79350000;7,13500000;6,74350000;6,88300000;1,3
2021-11-16T00:00:00+00:00;BNBHEDGE/USD;6,31800000;6,89650000;6,31500000;6,79350000;7,0
2021-11-15T00:00:00+00:00;BNBHEDGE/USD;6,18950000;6,34550000;6,09850000;6,31800000;2,03
2021-11-14T00:00:00+00:00;BNBHEDGE/USD;6,21350000;6,35600000;6,09900000;6,18950000;-0,39
2021-11-13T00:00:00+00:00;BNBHEDGE/USD;6,42200000;6,48000000;6,15650000;6,21350000;-3,36
2021-11-12T00:00:00+00:00;BNBHEDGE/USD;6,41800000;6,66000000;6,37350000;6,42200000;0,06
2021-11-11T00:00:00+00:00;BNBHEDGE/USD;6,61200000;6,71650000;6,37600000;6,41800000;-3,02
2021-11-10T00:00:00+00:00;BNBHEDGE/USD;6,36600000;6,85900000;6,11050000;6,61200000;3,72
2021-11-09T00:00:00+00:00;BNBHEDGE/USD;6,20750000;6,38650000;6,17550000;6,36600000;2,49
2021-11-08T00:00:00+00:00;BNBHEDGE/USD;6,24700000;6,37900000;6,18850000;6,20750000;-0,64
2021-11-07T00:00:00+00:00;BNBHEDGE/USD;6,37500000;6,43450000;6,04550000;6,24900000;-2,02
2021-11-06T00:00:00+00:00;BNBHEDGE/USD;6,68600000;6,80700000;6,37700000;6,37700000;-4,85
2021-11-05T00:00:00+00:00;BNBHEDGE/USD;7,33000000;7,36800000;6,60800000;6,68600000;-9,63
2021-11-04T00:00:00+00:00;BNBHEDGE/USD;7,23500000;7,49800000;7,23000000;7,33000000;1,3
2021-11-03T00:00:00+00:00;BNBHEDGE/USD;7,38500000;7,59800000;7,22100000;7,23500000;-2,07
2021-11-02T00:00:00+00:00;BNBHEDGE/USD;7,47200000;7,61800000;7,26500000;7,38500000;-1,18
2021-11-01T00:00:00+00:00;BNBHEDGE/USD;7,87400000;8,02900000;7,45400000;7,47200000;-5,38
2021-10-31T00:00:00+00:00;BNBHEDGE/USD;7,81800000;8,06900000;7,72900000;7,87400000;0,71
2021-10-30T00:00:00+00:00;BNBHEDGE/USD;7,80000000;8,02300000;7,64300000;7,81800000;0,23
2021-10-29T00:00:00+00:00;BNBHEDGE/USD;8,43100000;8,47000000;7,74500000;7,80000000;-8,09
2021-10-28T00:00:00+00:00;BNBHEDGE/USD;9,29800000;9,35500000;8,40400000;8,43100000;-10,28
2021-10-27T00:00:00+00:00;BNBHEDGE/USD;8,77200000;9,34700000;8,65500000;9,32100000;5,89
2021-10-26T00:00:00+00:00;BNBHEDGE/USD;8,68400000;8,83800000;8,59300000;8,77200000;1,0
2021-10-25T00:00:00+00:00;BNBHEDGE/USD;8,74500000;8,76400000;8,62100000;8,68400000;-0,7
2021-10-24T00:00:00+00:00;BNBHEDGE/USD;8,71800000;8,88800000;8,71800000;8,74500000;0,31
2021-10-23T00:00:00+00:00;BNBHEDGE/USD;8,73300000;8,79300000;8,67900000;8,71800000;-0,17
2021-10-22T00:00:00+00:00;BNBHEDGE/USD;8,85000000;8,87000000;8,40500000;8,73300000;-1,34
2021-10-21T00:00:00+00:00;BNBHEDGE/USD;8,41100000;8,91500000;8,33800000;8,85000000;4,96
2021-10-20T00:00:00+00:00;BNBHEDGE/USD;8,67800000;8,73500000;8,32400000;8,41100000;-3,17
2021-10-19T00:00:00+00:00;BNBHEDGE/USD;8,72900000;8,79000000;8,49100000;8,67800000;-0,59
2021-10-18T00:00:00+00:00;BNBHEDGE/USD;9,01800000;9,06400000;8,67900000;8,72900000;-3,31
2021-10-17T00:00:00+00:00;BNBHEDGE/USD;9,13600000;9,29400000;8,99700000;9,01800000;-1,31
2021-10-16T00:00:00+00:00;BNBHEDGE/USD;8,96000000;9,15000000;8,76600000;9,13600000;1,93
2021-10-15T00:00:00+00:00;BNBHEDGE/USD;9,02000000;9,34700000;8,91700000;8,96000000;-0,67
2021-10-14T00:00:00+00:00;BNBHEDGE/USD;9,02700000;9,18900000;8,82300000;9,02000000;-0,08
2021-10-13T00:00:00+00:00;BNBHEDGE/USD;9,61600000;9,78500000;9,02600000;9,02700000;-6,52
2021-10-12T00:00:00+00:00;BNBHEDGE/USD;10,40700000;10,88400000;9,61200000;9,61600000;-8,23
2021-10-11T00:00:00+00:00;BNBHEDGE/USD;10,60900000;10,69700000;10,11900000;10,40700000;-1,94
2021-10-10T00:00:00+00:00;BNBHEDGE/USD;10,21900000;10,64900000;10,21100000;10,60900000;3,68
2021-10-09T00:00:00+00:00;BNBHEDGE/USD;10,24600000;10,30800000;10,11500000;10,21900000;-0,26
2021-10-08T00:00:00+00:00;BNBHEDGE/USD;9,80800000;10,31200000;9,78100000;10,24600000;4,27
2021-10-07T00:00:00+00:00;BNBHEDGE/USD;9,95200000;10,15500000;9,58300000;9,80800000;-1,47
2021-10-06T00:00:00+00:00;BNBHEDGE/USD;9,80300000;10,35500000;9,78600000;9,95200000;1,5
2021-10-05T00:00:00+00:00;BNBHEDGE/USD;10,19000000;10,27800000;9,75500000;9,80300000;-3,95
2021-10-04T00:00:00+00:00;BNBHEDGE/USD;10,08400000;10,50900000;10,08400000;10,19000000;1,04
2021-10-03T00:00:00+00:00;BNBHEDGE/USD;10,16100000;10,27100000;9,95500000;10,08400000;-0,76
2021-10-02T00:00:00+00:00;BNBHEDGE/USD;10,35400000;10,57100000;9,93400000;10,16100000;-1,9
2021-10-01T00:00:00+00:00;BNBHEDGE/USD;11,38800000;11,49300000;10,30400000;10,35400000;-9,99
2021-09-30T00:00:00+00:00;BNBHEDGE/USD;12,07600000;12,11800000;11,34500000;11,38800000;-6,04
2021-09-29T00:00:00+00:00;BNBHEDGE/USD;13,38400000;13,44800000;11,75500000;12,07600000;-10,83
2021-09-28T00:00:00+00:00;BNBHEDGE/USD;13,31400000;13,53000000;12,94600000;13,38400000;0,52
2021-09-27T00:00:00+00:00;BNBHEDGE/USD;12,96800000;13,32100000;12,52100000;13,31400000;2,6
2021-09-26T00:00:00+00:00;BNBHEDGE/USD;12,80200000;13,88200000;12,70400000;12,96800000;1,28
2021-09-25T00:00:00+00:00;BNBHEDGE/USD;12,67500000;12,99600000;12,46600000;12,80200000;0,99
2021-09-24T00:00:00+00:00;BNBHEDGE/USD;11,80200000;13,21600000;11,74900000;12,67500000;6,89
2021-09-23T00:00:00+00:00;BNBHEDGE/USD;11,95900000;12,18400000;11,77300000;11,80200000;-1,33
2021-09-22T00:00:00+00:00;BNBHEDGE/USD;13,22000000;13,31600000;11,94200000;11,95900000;-10,54
2021-09-21T00:00:00+00:00;BNBHEDGE/USD;12,57000000;13,50000000;12,23400000;13,22000000;4,92
2021-09-20T00:00:00+00:00;BNBHEDGE/USD;11,35500000;12,78200000;11,32200000;12,57000000;9,67
2021-09-19T00:00:00+00:00;BNBHEDGE/USD;11,30400000;11,49800000;11,09600000;11,35500000;0,45
2021-09-18T00:00:00+00:00;BNBHEDGE/USD;11,42300000;11,55600000;11,08100000;11,30400000;-1,05
2021-09-17T00:00:00+00:00;BNBHEDGE/USD;11,00300000;11,57800000;10,95800000;11,42400000;3,69
2021-09-16T00:00:00+00:00;BNBHEDGE/USD;10,83600000;11,19700000;10,78500000;11,00300000;1,52
2021-09-15T00:00:00+00:00;BNBHEDGE/USD;11,30700000;11,43300000;10,69900000;10,83600000;-4,35
2021-09-14T00:00:00+00:00;BNBHEDGE/USD;11,79200000;11,87000000;11,30300000;11,30700000;-4,29
2021-09-13T00:00:00+00:00;BNBHEDGE/USD;11,29800000;11,99500000;11,21800000;11,79200000;4,19
2021-09-12T00:00:00+00:00;BNBHEDGE/USD;11,60600000;11,81500000;11,16800000;11,31100000;-2,61
2021-09-11T00:00:00+00:00;BNBHEDGE/USD;11,76500000;11,80000000;11,35200000;11,60600000;-1,37
2021-09-10T00:00:00+00:00;BNBHEDGE/USD;11,19300000;11,90600000;10,77000000;11,76500000;4,86
2021-09-09T00:00:00+00:00;BNBHEDGE/USD;11,34600000;11,63700000;10,85500000;11,19300000;-1,37
2021-09-08T00:00:00+00:00;BNBHEDGE/USD;11,36500000;12,14300000;11,11000000;11,34600000;-0,17
2021-09-07T00:00:00+00:00;BNBHEDGE/USD;9,76900000;12,03900000;9,62100000;11,36500000;14,04
2021-09-06T00:00:00+00:00;BNBHEDGE/USD;9,62600000;9,87100000;9,54500000;9,76900000;1,46
2021-09-05T00:00:00+00:00;BNBHEDGE/USD;9,76000000;9,90100000;9,61600000;9,62600000;-1,39
2021-09-04T00:00:00+00:00;BNBHEDGE/USD;9,90500000;9,96100000;9,50000000;9,76000000;-1,49
2021-09-03T00:00:00+00:00;BNBHEDGE/USD;9,99500000;10,19500000;9,82300000;9,90500000;-0,91
2021-09-02T00:00:00+00:00;BNBHEDGE/USD;9,91000000;10,07300000;9,59900000;9,99500000;0,85
2021-09-01T00:00:00+00:00;BNBHEDGE/USD;10,44600000;10,64300000;9,90500000;9,91000000;-5,41
2021-08-31T00:00:00+00:00;BNBHEDGE/USD;10,55300000;10,72600000;10,17400000;10,44600000;-1,02
2021-08-30T00:00:00+00:00;BNBHEDGE/USD;10,18300000;10,61300000;10,14900000;10,55300000;3,51
2021-08-29T00:00:00+00:00;BNBHEDGE/USD;10,05000000;10,20000000;9,84200000;10,18300000;1,31
2021-08-28T00:00:00+00:00;BNBHEDGE/USD;9,88500000;10,07500000;9,83400000;10,05000000;1,64
2021-08-27T00:00:00+00:00;BNBHEDGE/USD;10,19400000;10,41900000;9,87400000;9,88500000;-3,13
2021-08-26T00:00:00+00:00;BNBHEDGE/USD;9,70000000;10,28600000;9,44200000;10,18700000;4,78
2021-08-25T00:00:00+00:00;BNBHEDGE/USD;10,37700000;10,43500000;9,66200000;9,70000000;-6,98
2021-08-24T00:00:00+00:00;BNBHEDGE/USD;9,85700000;10,57400000;9,77300000;10,37700000;5,01
2021-08-23T00:00:00+00:00;BNBHEDGE/USD;11,10800000;11,17000000;9,61500000;9,85700000;-12,69
2021-08-22T00:00:00+00:00;BNBHEDGE/USD;11,05700000;11,33400000;10,86800000;11,10800000;0,46
2021-08-21T00:00:00+00:00;BNBHEDGE/USD;10,94800000;11,15500000;10,82400000;11,05700000;0,99
2021-08-20T00:00:00+00:00;BNBHEDGE/USD;11,56100000;11,78100000;10,87100000;10,94800000;-5,6
2021-08-19T00:00:00+00:00;BNBHEDGE/USD;12,71800000;12,82000000;11,56100000;11,56100000;-10,01
2021-08-18T00:00:00+00:00;BNBHEDGE/USD;12,47800000;12,93800000;12,21000000;12,71800000;1,89
2021-08-17T00:00:00+00:00;BNBHEDGE/USD;12,07500000;12,55300000;11,53800000;12,47800000;3,23
2021-08-16T00:00:00+00:00;BNBHEDGE/USD;12,09400000;12,17300000;11,48500000;12,07500000;-0,16
2021-08-15T00:00:00+00:00;BNBHEDGE/USD;12,25300000;12,61400000;12,07500000;12,09400000;-1,31
2021-08-14T00:00:00+00:00;BNBHEDGE/USD;12,24500000;12,51200000;12,02100000;12,25300000;0,07
2021-08-13T00:00:00+00:00;BNBHEDGE/USD;13,10400000;13,37300000;12,23100000;12,24500000;-7,02
2021-08-12T00:00:00+00:00;BNBHEDGE/USD;12,93200000;13,49900000;12,41000000;13,10400000;1,31
2021-08-11T00:00:00+00:00;BNBHEDGE/USD;13,62700000;13,67700000;12,29600000;12,93200000;-5,37
2021-08-10T00:00:00+00:00;BNBHEDGE/USD;14,29100000;14,49800000;13,47800000;13,62700000;-4,87
2021-08-09T00:00:00+00:00;BNBHEDGE/USD;14,82100000;15,17800000;14,21500000;14,29100000;-3,71
2021-08-08T00:00:00+00:00;BNBHEDGE/USD;14,32000000;15,01500000;14,16100000;14,77600000;3,09
2021-08-07T00:00:00+00:00;BNBHEDGE/USD;14,94700000;15,06200000;14,16800000;14,32000000;-4,38
2021-08-06T00:00:00+00:00;BNBHEDGE/USD;15,13600000;15,37100000;14,71600000;14,94700000;-1,26
2021-08-05T00:00:00+00:00;BNBHEDGE/USD;15,29200000;15,73100000;15,03100000;15,13600000;-1,03
2021-08-04T00:00:00+00:00;BNBHEDGE/USD;15,85900000;15,95700000;15,18200000;15,29200000;-3,71
2021-08-03T00:00:00+00:00;BNBHEDGE/USD;15,45300000;16,04900000;15,32300000;15,85900000;2,56
2021-08-02T00:00:00+00:00;BNBHEDGE/USD;15,34700000;15,64500000;15,09400000;15,45300000;0,69
2021-08-01T00:00:00+00:00;BNBHEDGE/USD;15,45400000;15,55000000;14,72100000;15,34700000;-0,7
2021-07-31T00:00:00+00:00;BNBHEDGE/USD;15,84000000;16,07000000;15,13800000;15,45400000;-2,5
2021-07-30T00:00:00+00:00;BNBHEDGE/USD;16,14250000;16,65250000;15,78250000;15,84000000;-1,91
2021-07-29T00:00:00+00:00;BNBHEDGE/USD;16,30750000;16,55250000;15,95000000;16,14250000;-1,02
2021-07-28T00:00:00+00:00;BNBHEDGE/USD;16,31250000;16,59750000;16,04250000;16,30750000;-0,03
2021-07-27T00:00:00+00:00;BNBHEDGE/USD;16,77250000;17,17250000;16,03000000;16,31250000;-2,82
2021-07-26T00:00:00+00:00;BNBHEDGE/USD;17,05250000;17,09500000;15,70000000;16,87000000;-1,08
2021-07-25T00:00:00+00:00;BNBHEDGE/USD;17,17000000;17,55750000;16,97000000;17,05250000;-0,69
2021-07-24T00:00:00+00:00;BNBHEDGE/USD;17,29750000;17,50000000;16,76500000;17,14000000;-0,92
2021-07-23T00:00:00+00:00;BNBHEDGE/USD;17,65500000;18,26750000;17,17750000;17,29750000;-2,07
2021-07-22T00:00:00+00:00;BNBHEDGE/USD;17,62750000;17,96250000;17,34000000;17,65500000;0,16
2021-07-21T00:00:00+00:00;BNBHEDGE/USD;19,82000000;19,96750000;17,23000000;17,62750000;-12,44
2021-07-20T00:00:00+00:00;BNBHEDGE/USD;18,71250000;20,38000000;18,58500000;19,82000000;5,59
2021-07-19T00:00:00+00:00;BNBHEDGE/USD;17,49000000;18,80500000;17,43000000;18,71250000;6,53
2021-07-18T00:00:00+00:00;BNBHEDGE/USD;17,62000000;17,64750000;17,17000000;17,49000000;-0,74
2021-07-17T00:00:00+00:00;BNBHEDGE/USD;17,53500000;18,00000000;17,36000000;17,62000000;0,48
2021-07-16T00:00:00+00:00;BNBHEDGE/USD;16,89250000;17,59000000;16,54250000;17,53500000;3,66
2021-07-15T00:00:00+00:00;BNBHEDGE/USD;17,23000000;17,65500000;16,48750000;16,89250000;-2,0
2021-07-14T00:00:00+00:00;BNBHEDGE/USD;17,26750000;18,28250000;17,08250000;17,23000000;-0,22
2021-07-13T00:00:00+00:00;BNBHEDGE/USD;16,92250000;17,47750000;16,77250000;17,27000000;2,01
2021-07-12T00:00:00+00:00;BNBHEDGE/USD;16,65750000;17,29750000;16,04250000;16,92250000;1,57
2021-07-11T00:00:00+00:00;BNBHEDGE/USD;16,94250000;17,15000000;16,42250000;16,65750000;-1,71
2021-07-10T00:00:00+00:00;BNBHEDGE/USD;16,99000000;17,27000000;16,76250000;16,94250000;-0,28
2021-07-09T00:00:00+00:00;BNBHEDGE/USD;17,40500000;17,78250000;16,85000000;16,99000000;-2,44
2021-07-08T00:00:00+00:00;BNBHEDGE/USD;16,46250000;17,59500000;16,43250000;17,40500000;5,42
2021-07-07T00:00:00+00:00;BNBHEDGE/USD;16,96000000;17,05000000;15,91000000;16,46250000;-3,02
2021-07-06T00:00:00+00:00;BNBHEDGE/USD;18,04750000;18,06500000;16,85750000;16,96000000;-6,41
2021-07-05T00:00:00+00:00;BNBHEDGE/USD;17,64000000;18,49750000;17,64000000;18,04750000;2,26
2021-07-04T00:00:00+00:00;BNBHEDGE/USD;18,32250000;18,57250000;17,29000000;17,64000000;-3,87
2021-07-03T00:00:00+00:00;BNBHEDGE/USD;19,10000000;19,37250000;18,02000000;18,32250000;-4,24
2021-07-02T00:00:00+00:00;BNBHEDGE/USD;19,13750000;19,73250000;18,87750000;19,10000000;-0,2
2021-07-01T00:00:00+00:00;BNBHEDGE/USD;18,14750000;19,42000000;18,13500000;19,09000000;4,94
2021-06-30T00:00:00+00:00;BNBHEDGE/USD;18,18750000;19,40250000;17,93000000;18,14750000;-0,22
2021-06-29T00:00:00+00:00;BNBHEDGE/USD;19,01250000;19,01250000;17,36250000;18,18750000;-4,54
2021-06-28T00:00:00+00:00;BNBHEDGE/USD;19,04250000;19,51250000;18,47000000;19,01250000;-0,16
2021-06-27T00:00:00+00:00;BNBHEDGE/USD;19,91750000;20,44500000;19,01000000;19,04250000;-4,59
2021-06-26T00:00:00+00:00;BNBHEDGE/USD;19,65250000;20,77500000;19,15250000;19,91750000;1,33
2021-06-25T00:00:00+00:00;BNBHEDGE/USD;18,21750000;19,99000000;17,86500000;19,65250000;7,3
2021-06-24T00:00:00+00:00;BNBHEDGE/USD;19,10750000;19,75000000;17,74750000;18,21750000;-4,89
2021-06-23T00:00:00+00:00;BNBHEDGE/USD;21,72500000;22,54500000;18,26250000;19,10750000;-13,7
2021-06-22T00:00:00+00:00;BNBHEDGE/USD;21,14250000;24,47500000;19,70250000;21,72500000;2,68
2021-06-21T00:00:00+00:00;BNBHEDGE/USD;17,85250000;21,29000000;17,69250000;21,14250000;15,56
2021-06-20T00:00:00+00:00;BNBHEDGE/USD;18,11250000;19,32500000;17,76750000;17,85250000;-1,46
2021-06-19T00:00:00+00:00;BNBHEDGE/USD;18,00250000;18,17750000;17,58250000;18,11250000;0,61
2021-06-18T00:00:00+00:00;BNBHEDGE/USD;17,22250000;18,38500000;17,01250000;18,00250000;4,33
2021-06-17T00:00:00+00:00;BNBHEDGE/USD;17,41500000;17,50250000;16,74250000;17,22250000;-1,12
2021-06-16T00:00:00+00:00;BNBHEDGE/USD;16,64500000;17,63500000;16,64250000;17,41500000;4,42
2021-06-15T00:00:00+00:00;BNBHEDGE/USD;16,52000000;17,63250000;16,08000000;16,64500000;0,75
2021-06-14T00:00:00+00:00;BNBHEDGE/USD;16,71000000;17,66750000;16,19750000;16,52000000;-1,15
2021-06-13T00:00:00+00:00;BNBHEDGE/USD;17,89500000;18,49250000;16,54500000;16,71000000;-7,09
2021-06-12T00:00:00+00:00;BNBHEDGE/USD;17,72250000;18,75000000;17,53250000;17,89500000;0,96
2021-06-11T00:00:00+00:00;BNBHEDGE/USD;17,53250000;17,96500000;16,77750000;17,72250000;1,07
2021-06-10T00:00:00+00:00;BNBHEDGE/USD;16,54750000;17,74000000;16,46250000;17,53250000;5,62
2021-06-09T00:00:00+00:00;BNBHEDGE/USD;17,57500000;18,53000000;16,42500000;16,54750000;-6,21
2021-06-08T00:00:00+00:00;BNBHEDGE/USD;17,34750000;19,12250000;17,07000000;17,57500000;1,29
2021-06-07T00:00:00+00:00;BNBHEDGE/USD;16,00500000;17,43250000;15,43500000;17,34750000;7,74
2021-06-06T00:00:00+00:00;BNBHEDGE/USD;16,15500000;16,42000000;15,74000000;16,00500000;-0,94
2021-06-05T00:00:00+00:00;BNBHEDGE/USD;16,08250000;16,71250000;14,65750000;16,15500000;0,45
2021-06-04T00:00:00+00:00;BNBHEDGE/USD;14,85800000;16,93200000;14,80400000;16,08250000;7,61
2021-06-03T00:00:00+00:00;BNBHEDGE/USD;15,86750000;16,26250000;14,70750000;14,86300000;-6,76
2021-06-02T00:00:00+00:00;BNBHEDGE/USD;18,09000000;18,53750000;15,35400000;15,86750000;-14,01
2021-06-01T00:00:00+00:00;BNBHEDGE/USD;18,57250000;19,12750000;17,99000000;18,09000000;-2,67
2021-05-31T00:00:00+00:00;BNBHEDGE/USD;20,25750000;21,39250000;18,44750000;18,57250000;-9,07
2021-05-30T00:00:00+00:00;BNBHEDGE/USD;21,84250000;22,66750000;19,54500000;20,25750000;-7,82
2021-05-29T00:00:00+00:00;BNBHEDGE/USD;20,57250000;22,34000000;19,49500000;21,84250000;5,81
2021-05-28T00:00:00+00:00;BNBHEDGE/USD;18,30750000;21,13250000;18,09500000;20,57250000;11,01
2021-05-27T00:00:00+00:00;BNBHEDGE/USD;18,12250000;19,68250000;17,67500000;18,30750000;1,01
2021-05-26T00:00:00+00:00;BNBHEDGE/USD;20,23500000;20,23500000;17,66750000;18,12250000;-11,66
2021-05-25T00:00:00+00:00;BNBHEDGE/USD;20,28000000;21,89250000;18,42750000;20,23500000;-0,22
2021-05-24T00:00:00+00:00;BNBHEDGE/USD;27,97750000;28,20250000;19,96750000;20,28000000;-37,96
2021-05-23T00:00:00+00:00;BNBHEDGE/USD;24,13500000;31,22250000;23,41500000;27,97750000;13,73
2021-05-22T00:00:00+00:00;BNBHEDGE/USD;22,93250000;25,26500000;22,30750000;24,13500000;4,98
2021-05-21T00:00:00+00:00;BNBHEDGE/USD;19,64500000;24,47500000;18,59500000;22,93250000;14,34
2021-05-20T00:00:00+00:00;BNBHEDGE/USD;22,57000000;25,89500000;17,87500000;19,64500000;-14,89
2021-05-19T00:00:00+00:00;BNBHEDGE/USD;17,26250000;24,25500000;16,89000000;22,57000000;23,52
2021-05-18T00:00:00+00:00;BNBHEDGE/USD;16,88250000;17,41500000;16,38000000;17,26250000;2,2
2021-05-17T00:00:00+00:00;BNBHEDGE/USD;15,62700000;17,64000000;15,56900000;16,88250000;7,44
2021-05-16T00:00:00+00:00;BNBHEDGE/USD;15,54600000;16,31500000;14,38300000;15,62700000;0,52
2021-05-15T00:00:00+00:00;BNBHEDGE/USD;14,65900000;15,62700000;14,49700000;15,55900000;5,78
2021-05-14T00:00:00+00:00;BNBHEDGE/USD;15,62700000;15,62700000;14,29200000;14,65900000;-6,6
2021-05-13T00:00:00+00:00;BNBHEDGE/USD;15,21400000;16,67600000;14,01300000;15,62700000;2,64
2021-05-12T00:00:00+00:00;BNBHEDGE/USD;13,57600000;15,21400000;13,28800000;15,21400000;10,77
2021-05-11T00:00:00+00:00;BNBHEDGE/USD;14,41900000;14,43300000;13,54600000;13,57600000;-6,21
2021-05-10T00:00:00+00:00;BNBHEDGE/USD;13,87600000;15,19300000;13,21400000;14,41900000;3,77
2021-05-09T00:00:00+00:00;BNBHEDGE/USD;14,19800000;14,44800000;13,49000000;13,87600000;-2,32
2021-05-08T00:00:00+00:00;BNBHEDGE/USD;14,53700000;14,66700000;13,90100000;14,19800000;-2,39
2021-05-07T00:00:00+00:00;BNBHEDGE/USD;14,34700000;14,92600000;14,23300000;14,53700000;1,31
2021-05-06T00:00:00+00:00;BNBHEDGE/USD;14,10900000;14,61000000;14,04000000;14,34700000;1,66
2021-05-05T00:00:00+00:00;BNBHEDGE/USD;15,05400000;15,15100000;13,97700000;14,10900000;-6,7
2021-05-04T00:00:00+00:00;BNBHEDGE/USD;13,85900000;15,12900000;13,82600000;15,05400000;7,94
2021-05-03T00:00:00+00:00;BNBHEDGE/USD;15,16800000;15,21100000;13,75500000;13,85900000;-9,45
2021-05-02T00:00:00+00:00;BNBHEDGE/USD;15,21400000;15,66400000;14,99400000;15,16800000;-0,3
2021-05-01T00:00:00+00:00;BNBHEDGE/USD;15,14100000;15,28300000;14,61800000;15,21400000;0,48
2021-04-30T00:00:00+00:00;BNBHEDGE/USD;15,58600000;15,94900000;14,97000000;15,14100000;-2,94
2021-04-29T00:00:00+00:00;BNBHEDGE/USD;16,85250000;17,22750000;15,27750000;15,58600000;-8,13
2021-04-28T00:00:00+00:00;BNBHEDGE/USD;16,67250000;17,31000000;16,34250000;16,85250000;1,07
2021-04-27T00:00:00+00:00;BNBHEDGE/USD;17,64250000;17,93750000;16,33250000;16,67250000;-5,82
2021-04-26T00:00:00+00:00;BNBHEDGE/USD;18,85750000;18,92250000;17,23750000;17,64250000;-6,89
2021-04-25T00:00:00+00:00;BNBHEDGE/USD;19,00000000;19,67000000;18,40250000;18,85750000;-0,76
2021-04-24T00:00:00+00:00;BNBHEDGE/USD;18,25000000;19,46250000;18,24500000;19,00000000;3,95
2021-04-23T00:00:00+00:00;BNBHEDGE/USD;18,80750000;20,76750000;18,01250000;18,25000000;-3,05
2021-04-22T00:00:00+00:00;BNBHEDGE/USD;17,56000000;19,60250000;16,54500000;18,80750000;6,63
2021-04-21T00:00:00+00:00;BNBHEDGE/USD;16,53500000;17,76250000;15,89500000;17,56000000;5,84
2021-04-20T00:00:00+00:00;BNBHEDGE/USD;19,46000000;20,59250000;16,41750000;16,53500000;-17,69
2021-04-19T00:00:00+00:00;BNBHEDGE/USD;20,70750000;21,35250000;18,22750000;19,46000000;-6,41
2021-04-18T00:00:00+00:00;BNBHEDGE/USD;19,28500000;22,33500000;19,23250000;20,70750000;6,87
2021-04-17T00:00:00+00:00;BNBHEDGE/USD;19,42000000;19,52500000;18,09750000;19,28500000;-0,7
2021-04-16T00:00:00+00:00;BNBHEDGE/USD;18,24250000;20,03750000;18,19750000;19,42000000;6,06
2021-04-15T00:00:00+00:00;BNBHEDGE/USD;18,20750000;18,50000000;17,96000000;18,24250000;0,19
2021-04-14T00:00:00+00:00;BNBHEDGE/USD;18,00500000;18,74500000;16,67500000;18,20750000;1,11
2021-04-13T00:00:00+00:00;BNBHEDGE/USD;16,70000000;18,36000000;16,52750000;18,00500000;7,25
2021-04-12T00:00:00+00:00;BNBHEDGE/USD;19,39000000;19,69250000;15,63250000;16,70000000;-16,11
2021-04-11T00:00:00+00:00;BNBHEDGE/USD;21,71750000;22,20750000;19,23250000;19,39000000;-12,0
2021-04-10T00:00:00+00:00;BNBHEDGE/USD;22,65750000;22,89000000;20,85750000;21,71750000;-4,33
2021-04-09T00:00:00+00:00;BNBHEDGE/USD;24,68000000;25,31250000;22,65750000;22,65750000;-8,93
2021-04-08T00:00:00+00:00;BNBHEDGE/USD;27,91000000;28,14250000;24,41250000;24,68000000;-13,09
2021-04-07T00:00:00+00:00;BNBHEDGE/USD;26,10500000;28,74250000;25,32750000;27,91000000;6,47
2021-04-06T00:00:00+00:00;BNBHEDGE/USD;28,49250000;28,78500000;25,36250000;26,10500000;-9,15
2021-04-05T00:00:00+00:00;BNBHEDGE/USD;30,27500000;31,51750000;27,66250000;28,49250000;-6,26
2021-04-04T00:00:00+00:00;BNBHEDGE/USD;33,15500000;33,27500000;29,92750000;30,27500000;-9,51
2021-04-03T00:00:00+00:00;BNBHEDGE/USD;31,16250000;33,43000000;30,57750000;33,15500000;6,01
2021-04-02T00:00:00+00:00;BNBHEDGE/USD;31,46500000;32,29250000;29,62500000;31,16250000;-0,97
2021-04-01T00:00:00+00:00;BNBHEDGE/USD;35,37000000;35,54500000;31,19500000;31,46500000;-12,41
2021-03-31T00:00:00+00:00;BNBHEDGE/USD;34,20000000;36,40500000;33,62500000;35,37000000;3,31
2021-03-30T00:00:00+00:00;BNBHEDGE/USD;39,11000000;39,81000000;34,16000000;34,20000000;-14,36
2021-03-29T00:00:00+00:00;BNBHEDGE/USD;39,90000000;40,63000000;38,91500000;39,11000000;-2,02
2021-03-28T00:00:00+00:00;BNBHEDGE/USD;39,55500000;40,62500000;38,96000000;39,90000000;0,86
2021-03-27T00:00:00+00:00;BNBHEDGE/USD;42,60000000;43,18000000;39,39000000;39,55500000;-7,7
2021-03-26T00:00:00+00:00;BNBHEDGE/USD;46,98000000;47,05500000;42,60000000;42,60000000;-10,28
2021-03-25T00:00:00+00:00;BNBHEDGE/USD;44,27500000;48,48000000;44,17500000;46,98000000;5,76
2021-03-24T00:00:00+00:00;BNBHEDGE/USD;42,81500000;45,03500000;40,97000000;44,27500000;3,3
2021-03-23T00:00:00+00:00;BNBHEDGE/USD;42,93000000;43,33000000;41,41500000;42,81500000;-0,27
2021-03-22T00:00:00+00:00;BNBHEDGE/USD;40,96000000;43,02000000;39,66000000;42,93000000;4,59
2021-03-21T00:00:00+00:00;BNBHEDGE/USD;41,20500000;42,36000000;40,91000000;40,96000000;-0,6
2021-03-20T00:00:00+00:00;BNBHEDGE/USD;41,39500000;41,64000000;39,83000000;41,20500000;-0,46
2021-03-19T00:00:00+00:00;BNBHEDGE/USD;41,73000000;42,70500000;40,74500000;41,39500000;-0,81
2021-03-18T00:00:00+00:00;BNBHEDGE/USD;40,49000000;42,26000000;39,52000000;41,73000000;2,97
2021-03-17T00:00:00+00:00;BNBHEDGE/USD;42,58000000;43,73000000;40,36500000;40,49000000;-5,16
2021-03-16T00:00:00+00:00;BNBHEDGE/USD;42,99500000;45,10500000;42,40500000;42,58000000;-0,97
2021-03-15T00:00:00+00:00;BNBHEDGE/USD;41,51500000;43,60000000;40,80500000;42,99500000;3,44
2021-03-14T00:00:00+00:00;BNBHEDGE/USD;39,70500000;41,51500000;39,70500000;41,51500000;4,36
2021-03-13T00:00:00+00:00;BNBHEDGE/USD;41,73500000;42,90000000;38,71500000;39,70500000;-5,11
2021-03-12T00:00:00+00:00;BNBHEDGE/USD;38,23000000;43,54500000;38,17500000;41,73500000;8,4
2021-03-11T00:00:00+00:00;BNBHEDGE/USD;40,78000000;41,64000000;35,53000000;38,23000000;-6,67
2021-03-10T00:00:00+00:00;BNBHEDGE/USD;38,88000000;42,03000000;38,75000000;40,78000000;4,66
2021-03-09T00:00:00+00:00;BNBHEDGE/USD;48,99000000;49,80000000;38,53000000;38,88000000;-26,0
2021-03-08T00:00:00+00:00;BNBHEDGE/USD;49,07500000;50,92000000;48,37000000;48,99000000;-0,17
2021-03-07T00:00:00+00:00;BNBHEDGE/USD;52,22500000;52,55000000;48,12500000;49,07500000;-6,42
2021-03-06T00:00:00+00:00;BNBHEDGE/USD;52,46000000;53,39500000;50,88500000;52,22500000;-0,45
2021-03-05T00:00:00+00:00;BNBHEDGE/USD;51,14000000;54,23500000;51,10000000;52,46000000;2,52
2021-03-04T00:00:00+00:00;BNBHEDGE/USD;48,85500000;51,89500000;47,36500000;51,14000000;4,47
2021-03-03T00:00:00+00:00;BNBHEDGE/USD;49,54000000;51,32000000;46,33500000;48,85500000;-1,4
2021-03-02T00:00:00+00:00;BNBHEDGE/USD;46,78500000;51,32000000;44,84500000;49,54000000;5,56
2021-03-01T00:00:00+00:00;BNBHEDGE/USD;58,31500000;58,31500000;45,80500000;46,78500000;-24,64
2021-02-28T00:00:00+00:00;BNBHEDGE/USD;53,90500000;61,33000000;53,02000000;58,31500000;7,56
2021-02-27T00:00:00+00:00;BNBHEDGE/USD;54,82500000;55,48500000;51,45000000;53,90500000;-1,71
2021-02-26T00:00:00+00:00;BNBHEDGE/USD;52,31000000;57,64000000;51,30500000;54,82500000;4,59
2021-02-25T00:00:00+00:00;BNBHEDGE/USD;49,43000000;52,65000000;46,94500000;52,31000000;5,51
2021-02-24T00:00:00+00:00;BNBHEDGE/USD;55,66500000;58,36000000;44,17500000;49,43000000;-12,61
2021-02-23T00:00:00+00:00;BNBHEDGE/USD;48,93000000;61,99000000;48,93000000;55,66500000;12,1
2021-02-22T00:00:00+00:00;BNBHEDGE/USD;44,29500000;53,80500000;44,03000000;48,93000000;9,47
2021-02-21T00:00:00+00:00;BNBHEDGE/USD;52,44000000;53,03000000;42,52000000;44,29500000;-18,39
2021-02-20T00:00:00+00:00;BNBHEDGE/USD;42,73000000;54,63000000;42,49500000;52,44000000;18,52
2021-02-19T00:00:00+00:00;BNBHEDGE/USD;79,67000000;79,78000000;41,70500000;42,73000000;-86,45
2021-02-18T00:00:00+00:00;BNBHEDGE/USD;95,98000000;97,09000000;77,31000000;79,67000000;-20,47
2021-02-17T00:00:00+00:00;BNBHEDGE/USD;126,60000000;127,76000000;90,30000000;95,98000000;-31,9
2021-02-16T00:00:00+00:00;BNBHEDGE/USD;125,46000000;129,69000000;123,09000000;126,60000000;0,9
2021-02-15T00:00:00+00:00;BNBHEDGE/USD;121,43000000;132,28000000;117,98000000;125,46000000;3,21
2021-02-14T00:00:00+00:00;BNBHEDGE/USD;123,72000000;126,79000000;117,95000000;121,43000000;-1,89
2021-02-13T00:00:00+00:00;BNBHEDGE/USD;121,28000000;134,49000000;118,85000000;123,72000000;1,97
2021-02-12T00:00:00+00:00;BNBHEDGE/USD;134,49000000;135,10000000;115,95000000;121,28000000;-10,89
2021-02-11T00:00:00+00:00;BNBHEDGE/USD;129,41000000;137,27000000;125,72000000;134,49000000;3,78
2021-02-10T00:00:00+00:00;BNBHEDGE/USD;160,55000000;160,60000000;113,17000000;129,41000000;-24,06
2021-02-09T00:00:00+00:00;BNBHEDGE/USD;229,40000000;230,35000000;152,30000000;160,55000000;-42,88
2021-02-08T00:00:00+00:00;BNBHEDGE/USD;270,27500000;272,95000000;228,90000000;229,40000000;-17,82
2021-02-07T00:00:00+00:00;BNBHEDGE/USD;257,37500000;282,57500000;250,60000000;270,27500000;4,77
2021-02-06T00:00:00+00:00;BNBHEDGE/USD;278,12500000;309,35000000;245,65000000;257,37500000;-8,06
2021-02-05T00:00:00+00:00;BNBHEDGE/USD;344,05000000;345,30000000;273,27500000;278,12500000;-23,7
2021-02-04T00:00:00+00:00;BNBHEDGE/USD;371,60000000;387,60000000;336,75000000;344,05000000;-8,01
2021-02-03T00:00:00+00:00;BNBHEDGE/USD;382,50000000;420,70000000;367,35000000;371,60000000;-2,93
2021-02-02T00:00:00+00:00;BNBHEDGE/USD;378,45000000;438,75000000;369,35000000;382,50000000;1,06
2021-02-01T00:00:00+00:00;BNBHEDGE/USD;450,40000000;460,55000000;372,40000000;378,45000000;-19,01
2021-01-31T00:00:00+00:00;BNBHEDGE/USD;450,80000000;462,95000000;440,60000000;450,40000000;-0,09
2021-01-30T00:00:00+00:00;BNBHEDGE/USD;473,00000000;474,70000000;446,40000000;450,80000000;-4,92
2021-01-29T00:00:00+00:00;BNBHEDGE/USD;476,40000000;481,95000000;456,70000000;473,00000000;-0,72
2021-01-28T00:00:00+00:00;BNBHEDGE/USD;494,35000000;502,25000000;467,40000000;476,40000000;-3,77
2021-01-27T00:00:00+00:00;BNBHEDGE/USD;484,00000000;534,05000000;480,15000000;494,35000000;2,09
2021-01-26T00:00:00+00:00;BNBHEDGE/USD;484,55000000;507,70000000;474,90000000;484,00000000;-0,11
2021-01-25T00:00:00+00:00;BNBHEDGE/USD;483,60000000;499,15000000;465,10000000;484,55000000;0,2
2021-01-24T00:00:00+00:00;BNBHEDGE/USD;494,85000000;502,25000000;479,10000000;483,60000000;-2,33
2021-01-23T00:00:00+00:00;BNBHEDGE/USD;497,80000000;514,90000000;485,95000000;494,85000000;-0,6
2021-01-22T00:00:00+00:00;BNBHEDGE/USD;531,50000000;560,15000000;493,10000000;497,80000000;-6,77
2021-01-21T00:00:00+00:00;BNBHEDGE/USD;483,75000000;536,15000000;482,75000000;531,50000000;8,98
2021-01-20T00:00:00+00:00;BNBHEDGE/USD;485,05000000;529,15000000;481,85000000;483,75000000;-0,27
2021-01-19T00:00:00+00:00;BNBHEDGE/USD;454,85000000;493,20000000;437,70000000;485,05000000;6,23
2021-01-18T00:00:00+00:00;BNBHEDGE/USD;453,10000000;493,40000000;441,70000000;454,85000000;0,38
2021-01-17T00:00:00+00:00;BNBHEDGE/USD;485,55000000;510,00000000;443,85000000;453,10000000;-7,16
2021-01-16T00:00:00+00:00;BNBHEDGE/USD;515,70000000;523,70000000;474,10000000;485,55000000;-6,21
2021-01-15T00:00:00+00:00;BNBHEDGE/USD;500,10000000;549,15000000;492,40000000;515,70000000;3,03
2021-01-14T00:00:00+00:00;BNBHEDGE/USD;524,75000000;547,25000000;499,85000000;500,10000000;-4,93
2021-01-13T00:00:00+00:00;BNBHEDGE/USD;553,55000000;560,15000000;520,05000000;524,75000000;-5,49
2021-01-12T00:00:00+00:00;BNBHEDGE/USD;560,15000000;560,15000000;530,35000000;553,55000000;-1,19
2021-01-11T00:00:00+00:00;BNBHEDGE/USD;506,05000000;560,15000000;506,00000000;560,15000000;9,66
2021-01-10T00:00:00+00:00;BNBHEDGE/USD;480,30000000;560,15000000;466,20000000;506,05000000;5,09
2021-01-09T00:00:00+00:00;BNBHEDGE/USD;545,85000000;545,85000000;477,55000000;480,30000000;-13,65
2021-01-08T00:00:00+00:00;BNBHEDGE/USD;491,40000000;547,00000000;490,30000000;545,85000000;9,98
2021-01-07T00:00:00+00:00;BNBHEDGE/USD;501,60000000;514,95000000;473,10000000;491,40000000;-2,08
2021-01-06T00:00:00+00:00;BNBHEDGE/USD;506,50000000;524,40000000;501,60000000;501,60000000;-0,98
2021-01-05T00:00:00+00:00;BNBHEDGE/USD;523,70000000;549,90000000;506,50000000;506,50000000;-3,4
2021-01-04T00:00:00+00:00;BNBHEDGE/USD;516,35000000;560,15000000;484,00000000;523,70000000;1,4
2021-01-03T00:00:00+00:00;BNBHEDGE/USD;560,15000000;560,15000000;508,65000000;516,35000000;-8,48
2021-01-02T00:00:00+00:00;BNBHEDGE/USD;560,10000000;570,60000000;545,20000000;560,15000000;0,01
2021-01-01T00:00:00+00:00;BNBHEDGE/USD;562,95000000;568,35000000;540,90000000;560,10000000;-0,51
2020-12-31T00:00:00+00:00;BNBHEDGE/USD;555,35000000;572,05000000;554,05000000;562,95000000;1,35
2020-12-30T00:00:00+00:00;BNBHEDGE/USD;542,65000000;567,45000000;539,60000000;555,35000000;2,29
2020-12-29T00:00:00+00:00;BNBHEDGE/USD;594,00000000;604,05000000;536,35000000;542,65000000;-9,46
2020-12-28T00:00:00+00:00;BNBHEDGE/USD;642,25000000;650,30000000;590,10000000;594,00000000;-8,12
2020-12-27T00:00:00+00:00;BNBHEDGE/USD;644,00000000;688,70000000;619,30000000;642,25000000;-0,27
2020-12-26T00:00:00+00:00;BNBHEDGE/USD;644,50000000;716,90000000;629,95000000;644,00000000;-0,08
2020-12-25T00:00:00+00:00;BNBHEDGE/USD;658,70000000;704,65000000;637,85000000;644,50000000;-2,2
2020-12-24T00:00:00+00:00;BNBHEDGE/USD;699,95000000;718,25000000;652,70000000;658,70000000;-6,26
2020-12-23T00:00:00+00:00;BNBHEDGE/USD;643,40000000;717,10000000;625,25000000;699,95000000;8,08
2020-12-22T00:00:00+00:00;BNBHEDGE/USD;672,60000000;708,05000000;638,10000000;643,40000000;-4,54
2020-12-21T00:00:00+00:00;BNBHEDGE/USD;631,65000000;699,20000000;604,95000000;672,60000000;6,09
2020-12-20T00:00:00+00:00;BNBHEDGE/USD;648,65000000;666,60000000;602,45000000;631,65000000;-2,69
2020-12-19T00:00:00+00:00;BNBHEDGE/USD;700,80000000;703,90000000;626,85000000;648,65000000;-8,04
2020-12-18T00:00:00+00:00;BNBHEDGE/USD;726,10000000;742,00000000;695,30000000;700,80000000;-3,61
2020-12-17T00:00:00+00:00;BNBHEDGE/USD;709,20000000;738,95000000;688,00000000;726,10000000;2,33
2020-12-16T00:00:00+00:00;BNBHEDGE/USD;737,70000000;749,80000000;707,50000000;709,20000000;-4,02
2020-12-15T00:00:00+00:00;BNBHEDGE/USD;724,30000000;745,80000000;716,80000000;737,70000000;1,82
2020-12-14T00:00:00+00:00;BNBHEDGE/USD;746,50000000;759,70000000;720,00000000;724,30000000;-3,07
2020-12-13T00:00:00+00:00;BNBHEDGE/USD;773,40000000;777,80000000;743,00000000;746,50000000;-3,6
2020-12-12T00:00:00+00:00;BNBHEDGE/USD;797,70000000;798,90000000;770,80000000;773,40000000;-3,14
2020-12-11T00:00:00+00:00;BNBHEDGE/USD;787,30000000;842,30000000;785,00000000;797,70000000;1,3
2020-12-10T00:00:00+00:00;BNBHEDGE/USD;774,80000000;842,30000000;771,80000000;787,30000000;1,59
2020-12-09T00:00:00+00:00;BNBHEDGE/USD;792,00000000;827,60000000;768,20000000;774,80000000;-2,22
2020-12-08T00:00:00+00:00;BNBHEDGE/USD;744,00000000;796,70000000;740,70000000;792,00000000;6,06
2020-12-07T00:00:00+00:00;BNBHEDGE/USD;740,30000000;751,80000000;736,20000000;744,00000000;0,5
2020-12-06T00:00:00+00:00;BNBHEDGE/USD;734,00000000;760,50000000;723,30000000;740,30000000;0,85
2020-12-05T00:00:00+00:00;BNBHEDGE/USD;752,40000000;761,90000000;725,40000000;734,00000000;-2,51
2020-12-04T00:00:00+00:00;BNBHEDGE/USD;711,60000000;761,10000000;701,80000000;752,40000000;5,42
2020-12-03T00:00:00+00:00;BNBHEDGE/USD;720,40000000;732,10000000;709,50000000;711,60000000;-1,24
2020-12-02T00:00:00+00:00;BNBHEDGE/USD;731,70000000;747,30000000;707,60000000;720,40000000;-1,57
2020-12-01T00:00:00+00:00;BNBHEDGE/USD;695,25000000;748,10000000;686,20000000;731,70000000;4,98
2020-11-30T00:00:00+00:00;BNBHEDGE/USD;728,50000000;753,20000000;692,60000000;695,25000000;-4,78
2020-11-29T00:00:00+00:00;BNBHEDGE/USD;755,30000000;842,30000000;720,00000000;728,50000000;-3,68
2020-11-28T00:00:00+00:00;BNBHEDGE/USD;781,20000000;801,70000000;742,60000000;755,30000000;-3,43
2020-11-27T00:00:00+00:00;BNBHEDGE/USD;796,50000000;816,60000000;778,40000000;781,20000000;-1,96
2020-11-26T00:00:00+00:00;BNBHEDGE/USD;711,05000000;840,30000000;698,70000000;796,50000000;10,73
2020-11-25T00:00:00+00:00;BNBHEDGE/USD;659,15000000;720,25000000;630,05000000;711,05000000;7,3
2020-11-24T00:00:00+00:00;BNBHEDGE/USD;725,70000000;731,20000000;627,30000000;659,15000000;-10,1
2020-11-23T00:00:00+00:00;BNBHEDGE/USD;746,60000000;800,50000000;722,50000000;725,70000000;-2,88
2020-11-22T00:00:00+00:00;BNBHEDGE/USD;735,10000000;775,50000000;718,50000000;746,60000000;1,54
2020-11-21T00:00:00+00:00;BNBHEDGE/USD;776,00000000;794,10000000;725,90000000;735,10000000;-5,56
2020-11-20T00:00:00+00:00;BNBHEDGE/USD;799,80000000;802,50000000;764,80000000;776,00000000;-3,07
2020-11-19T00:00:00+00:00;BNBHEDGE/USD;801,50000000;814,50000000;792,60000000;799,80000000;-0,21
2020-11-18T00:00:00+00:00;BNBHEDGE/USD;786,40000000;820,50000000;780,10000000;801,50000000;1,88
2020-11-17T00:00:00+00:00;BNBHEDGE/USD;802,50000000;805,30000000;780,60000000;788,40000000;-1,79
2020-11-16T00:00:00+00:00;BNBHEDGE/USD;811,90000000;821,50000000;795,30000000;802,50000000;-1,17
2020-11-15T00:00:00+00:00;BNBHEDGE/USD;804,20000000;829,50000000;795,70000000;811,90000000;0,95
2020-11-14T00:00:00+00:00;BNBHEDGE/USD;795,70000000;820,00000000;795,70000000;804,20000000;1,06
2020-11-13T00:00:00+00:00;BNBHEDGE/USD;811,00000000;816,60000000;787,60000000;795,70000000;-1,92
2020-11-12T00:00:00+00:00;BNBHEDGE/USD;802,40000000;822,70000000;797,10000000;811,00000000;1,06
2020-11-11T00:00:00+00:00;BNBHEDGE/USD;796,40000000;813,30000000;785,80000000;802,40000000;0,75
2020-11-10T00:00:00+00:00;BNBHEDGE/USD;799,90000000;816,60000000;788,10000000;796,40000000;-0,44
2020-11-09T00:00:00+00:00;BNBHEDGE/USD;791,00000000;822,50000000;775,20000000;800,30000000;1,16
2020-11-08T00:00:00+00:00;BNBHEDGE/USD;811,90000000;842,30000000;781,60000000;791,00000000;-2,64
2020-11-07T00:00:00+00:00;BNBHEDGE/USD;775,20000000;836,70000000;753,10000000;811,90000000;4,52
2020-11-06T00:00:00+00:00;BNBHEDGE/USD;814,00000000;815,90000000;762,20000000;775,20000000;-5,01
2020-11-05T00:00:00+00:00;BNBHEDGE/USD;838,40000000;842,30000000;807,70000000;814,00000000;-3,0
2020-11-04T00:00:00+00:00;BNBHEDGE/USD;839,55000000;867,85000000;835,55000000;838,40000000;-0,14
2020-11-03T00:00:00+00:00;BNBHEDGE/USD;812,40000000;870,10000000;812,40000000;839,55000000;3,23
2020-11-02T00:00:00+00:00;BNBHEDGE/USD;792,45000000;813,15000000;771,95000000;812,40000000;2,46
2020-11-01T00:00:00+00:00;BNBHEDGE/USD;793,60000000;804,90000000;788,50000000;792,60000000;-0,13
2020-10-31T00:00:00+00:00;BNBHEDGE/USD;793,65000000;803,75000000;782,35000000;793,75000000;0,01
2020-10-30T00:00:00+00:00;BNBHEDGE/USD;760,00000000;819,95000000;750,35000000;793,65000000;4,24
2020-10-29T00:00:00+00:00;BNBHEDGE/USD;748,70000000;768,75000000;745,80000000;760,05000000;1,49
2020-10-28T00:00:00+00:00;BNBHEDGE/USD;723,35000000;762,60000000;712,45000000;748,60000000;3,37
2020-10-27T00:00:00+00:00;BNBHEDGE/USD;734,35000000;737,70000000;700,65000000;723,65000000;-1,48
2020-10-26T00:00:00+00:00;BNBHEDGE/USD;758,15000000;762,65000000;726,00000000;734,35000000;-3,24
2020-10-25T00:00:00+00:00;BNBHEDGE/USD;746,80000000;764,20000000;737,60000000;758,15000000;1,5
2020-10-24T00:00:00+00:00;BNBHEDGE/USD;747,75000000;752,20000000;741,60000000;746,80000000;-0,13
2020-10-23T00:00:00+00:00;BNBHEDGE/USD;746,45000000;761,20000000;733,95000000;747,75000000;0,17
2020-10-22T00:00:00+00:00;BNBHEDGE/USD;768,20000000;769,50000000;730,00000000;746,05000000;-2,97
2020-10-21T00:00:00+00:00;BNBHEDGE/USD;795,30000000;799,40000000;753,20000000;768,20000000;-3,53
2020-10-20T00:00:00+00:00;BNBHEDGE/USD;767,80000000;803,20000000;759,90000000;795,30000000;3,46
2020-10-19T00:00:00+00:00;BNBHEDGE/USD;754,30000000;772,90000000;753,80000000;767,80000000;1,76
2020-10-18T00:00:00+00:00;BNBHEDGE/USD;761,50000000;763,10000000;746,00000000;755,00000000;-0,86
2020-10-17T00:00:00+00:00;BNBHEDGE/USD;767,80000000;776,70000000;755,00000000;761,50000000;-0,83
2020-10-16T00:00:00+00:00;BNBHEDGE/USD;742,00000000;778,30000000;727,30000000;767,80000000;3,36
2020-10-15T00:00:00+00:00;BNBHEDGE/USD;755,30000000;762,60000000;734,00000000;742,00000000;-1,79
2020-10-14T00:00:00+00:00;BNBHEDGE/USD;758,60000000;765,10000000;744,30000000;755,30000000;-0,44
2020-10-13T00:00:00+00:00;BNBHEDGE/USD;765,20000000;773,60000000;738,00000000;758,60000000;-0,87
2020-10-12T00:00:00+00:00;BNBHEDGE/USD;826,60000000;828,70000000;752,10000000;765,20000000;-8,02
2020-10-11T00:00:00+00:00;BNBHEDGE/USD;830,80000000;849,10000000;820,70000000;826,60000000;-0,51
2020-10-10T00:00:00+00:00;BNBHEDGE/USD;832,10000000;841,70000000;805,80000000;830,80000000;-0,16
2020-10-09T00:00:00+00:00;BNBHEDGE/USD;855,10000000;864,30000000;829,00000000;832,10000000;-2,76
2020-10-08T00:00:00+00:00;BNBHEDGE/USD;856,10000000;894,00000000;850,70000000;855,10000000;-0,12
2020-10-07T00:00:00+00:00;BNBHEDGE/USD;857,40000000;900,30000000;850,90000000;856,10000000;-0,15
2020-10-06T00:00:00+00:00;BNBHEDGE/USD;832,10000000;890,20000000;822,90000000;857,40000000;2,95
2020-10-05T00:00:00+00:00;BNBHEDGE/USD;825,60000000;850,70000000;818,30000000;832,10000000;0,78
2020-10-04T00:00:00+00:00;BNBHEDGE/USD;853,20000000;863,80000000;822,70000000;825,60000000;-3,34
2020-10-03T00:00:00+00:00;BNBHEDGE/USD;882,20000000;898,20000000;848,40000000;853,20000000;-3,4
2020-10-02T00:00:00+00:00;BNBHEDGE/USD;880,50000000;938,70000000;857,50000000;882,20000000;0,19
2020-10-01T00:00:00+00:00;BNBHEDGE/USD;831,70000000;920,70000000;829,20000000;880,50000000;5,54
2020-09-30T00:00:00+00:00;BNBHEDGE/USD;848,00000000;880,40000000;823,80000000;831,70000000;-1,96
2020-09-29T00:00:00+00:00;BNBHEDGE/USD;913,50000000;918,20000000;843,70000000;848,00000000;-7,72
2020-09-28T00:00:00+00:00;BNBHEDGE/USD;941,90000000;949,40000000;888,40000000;913,50000000;-3,11
2020-09-27T00:00:00+00:00;BNBHEDGE/USD;941,30000000;964,50000000;920,80000000;941,90000000;0,06
2020-09-26T00:00:00+00:00;BNBHEDGE/USD;1002,20000000;1010,10000000;934,80000000;941,30000000;-6,47
2020-09-25T00:00:00+00:00;BNBHEDGE/USD;1009,10000000;1032,30000000;940,80000000;1002,20000000;-0,69
2020-09-24T00:00:00+00:00;BNBHEDGE/USD;1092,80000000;1104,30000000;993,40000000;1009,10000000;-8,29
2020-09-23T00:00:00+00:00;BNBHEDGE/USD;1039,60000000;1109,60000000;1022,40000000;1092,80000000;4,87
2020-09-22T00:00:00+00:00;BNBHEDGE/USD;1092,60000000;1103,90000000;1011,60000000;1039,60000000;-5,1
2020-09-21T00:00:00+00:00;BNBHEDGE/USD;967,20000000;1112,70000000;951,40000000;1092,60000000;11,48
2020-09-20T00:00:00+00:00;BNBHEDGE/USD;939,50000000;1009,00000000;936,20000000;967,20000000;2,86
2020-09-19T00:00:00+00:00;BNBHEDGE/USD;925,90000000;953,90000000;914,20000000;939,50000000;1,45
2020-09-18T00:00:00+00:00;BNBHEDGE/USD;947,50000000;957,50000000;886,70000000;925,90000000;-2,33
2020-09-17T00:00:00+00:00;BNBHEDGE/USD;931,30000000;981,80000000;898,50000000;947,50000000;1,71
2020-09-16T00:00:00+00:00;BNBHEDGE/USD;960,50000000;1001,00000000;912,40000000;931,30000000;-3,14
2020-09-15T00:00:00+00:00;BNBHEDGE/USD;859,30000000;970,80000000;858,80000000;960,50000000;10,54
2020-09-14T00:00:00+00:00;BNBHEDGE/USD;857,60000000;911,70000000;794,40000000;859,30000000;0,2
2020-09-13T00:00:00+00:00;BNBHEDGE/USD;948,80000000;962,10000000;823,40000000;857,60000000;-10,63
2020-09-12T00:00:00+00:00;BNBHEDGE/USD;1079,20000000;1084,20000000;946,70000000;948,80000000;-13,74
2020-09-11T00:00:00+00:00;BNBHEDGE/USD;1120,00000000;1188,50000000;1066,40000000;1079,20000000;-3,78
2020-09-10T00:00:00+00:00;BNBHEDGE/USD;1127,20000000;1143,10000000;1073,90000000;1120,00000000;-0,64
2020-09-09T00:00:00+00:00;BNBHEDGE/USD;1195,40000000;1240,40000000;1124,80000000;1127,20000000;-6,05
2020-09-08T00:00:00+00:00;BNBHEDGE/USD;1247,80000000;1311,20000000;1185,60000000;1195,40000000;-4,38
2020-09-07T00:00:00+00:00;BNBHEDGE/USD;1210,60000000;1374,90000000;1188,70000000;1247,80000000;2,98
2020-09-06T00:00:00+00:00;BNBHEDGE/USD;1475,00000000;1542,50000000;1193,10000000;1210,60000000;-21,84
2020-09-05T00:00:00+00:00;BNBHEDGE/USD;1389,30000000;1572,10000000;1354,10000000;1475,00000000;5,81
2020-09-04T00:00:00+00:00;BNBHEDGE/USD;1439,20000000;1469,90000000;1331,30000000;1389,30000000;-3,59
2020-09-03T00:00:00+00:00;BNBHEDGE/USD;1224,50000000;1464,40000000;1182,90000000;1439,20000000;14,92
2020-09-02T00:00:00+00:00;BNBHEDGE/USD;1221,20000000;1303,30000000;1167,10000000;1224,50000000;0,27
2020-09-01T00:00:00+00:00;BNBHEDGE/USD;1309,50000000;1328,50000000;1179,50000000;1221,20000000;-7,23
2020-08-31T00:00:00+00:00;BNBHEDGE/USD;1281,50000000;1325,60000000;1265,40000000;1309,50000000;2,14
2020-08-30T00:00:00+00:00;BNBHEDGE/USD;1319,70000000;1331,10000000;1270,20000000;1281,50000000;-2,98
2020-08-29T00:00:00+00:00;BNBHEDGE/USD;1310,50000000;1329,10000000;1286,50000000;1319,70000000;0,7
2020-08-28T00:00:00+00:00;BNBHEDGE/USD;1308,90000000;1352,00000000;1282,60000000;1310,50000000;0,12
2020-08-27T00:00:00+00:00;BNBHEDGE/USD;1362,80000000;1392,20000000;1307,20000000;1308,90000000;-4,12
2020-08-26T00:00:00+00:00;BNBHEDGE/USD;1416,90000000;1428,80000000;1344,60000000;1362,80000000;-3,97
2020-08-25T00:00:00+00:00;BNBHEDGE/USD;1344,00000000;1442,90000000;1341,60000000;1416,90000000;5,15
2020-08-24T00:00:00+00:00;BNBHEDGE/USD;1391,70000000;1405,40000000;1320,40000000;1344,00000000;-3,55
2020-08-23T00:00:00+00:00;BNBHEDGE/USD;1369,70000000;1411,90000000;1368,30000000;1391,70000000;1,58
2020-08-22T00:00:00+00:00;BNBHEDGE/USD;1378,30000000;1428,80000000;1367,00000000;1369,70000000;-0,63
2020-08-21T00:00:00+00:00;BNBHEDGE/USD;1320,00000000;1402,90000000;1306,90000000;1378,30000000;4,23
2020-08-20T00:00:00+00:00;BNBHEDGE/USD;1364,40000000;1386,30000000;1306,10000000;1320,00000000;-3,36
2020-08-19T00:00:00+00:00;BNBHEDGE/USD;1327,10000000;1450,20000000;1312,70000000;1364,40000000;2,73
2020-08-18T00:00:00+00:00;BNBHEDGE/USD;1297,50000000;1369,90000000;1282,70000000;1327,10000000;2,23
2020-08-17T00:00:00+00:00;BNBHEDGE/USD;1297,00000000;1358,90000000;1273,60000000;1297,50000000;0,04
2020-08-16T00:00:00+00:00;BNBHEDGE/USD;1324,30000000;1359,30000000;1282,20000000;1297,00000000;-2,1
2020-08-15T00:00:00+00:00;BNBHEDGE/USD;1321,50000000;1416,60000000;1282,80000000;1324,30000000;0,21
2020-08-14T00:00:00+00:00;BNBHEDGE/USD;1407,30000000;1464,40000000;1309,00000000;1321,50000000;-6,49
2020-08-13T00:00:00+00:00;BNBHEDGE/USD;1429,20000000;1476,10000000;1402,00000000;1407,30000000;-1,56
2020-08-12T00:00:00+00:00;BNBHEDGE/USD;1437,50000000;1481,20000000;1395,50000000;1429,20000000;-0,58
2020-08-11T00:00:00+00:00;BNBHEDGE/USD;1362,20000000;1474,60000000;1360,30000000;1437,50000000;5,24
2020-08-10T00:00:00+00:00;BNBHEDGE/USD;1376,00000000;1396,20000000;1357,80000000;1362,20000000;-1,01
2020-08-09T00:00:00+00:00;BNBHEDGE/USD;1357,60000000;1399,40000000;1357,60000000;1376,00000000;1,34
2020-08-08T00:00:00+00:00;BNBHEDGE/USD;1393,10000000;1422,20000000;1357,60000000;1357,60000000;-2,61
2020-08-07T00:00:00+00:00;BNBHEDGE/USD;1370,20000000;1449,10000000;1362,20000000;1393,10000000;1,64
2020-08-06T00:00:00+00:00;BNBHEDGE/USD;1351,10000000;1382,20000000;1349,10000000;1370,20000000;1,39
2020-08-05T00:00:00+00:00;BNBHEDGE/USD;1411,90000000;1447,90000000;1333,10000000;1351,10000000;-4,5
2020-08-04T00:00:00+00:00;BNBHEDGE/USD;1427,20000000;1465,70000000;1402,40000000;1411,90000000;-1,08
2020-08-03T00:00:00+00:00;BNBHEDGE/USD;1512,90000000;1521,40000000;1397,10000000;1427,20000000;-6,0
2020-08-02T00:00:00+00:00;BNBHEDGE/USD;1460,90000000;1570,70000000;1423,00000000;1512,90000000;3,44
2020-08-01T00:00:00+00:00;BNBHEDGE/USD;1521,80000000;1526,40000000;1451,60000000;1460,90000000;-4,17
2020-07-31T00:00:00+00:00;BNBHEDGE/USD;1585,40000000;1590,90000000;1517,50000000;1521,80000000;-4,18
2020-07-30T00:00:00+00:00;BNBHEDGE/USD;1595,50000000;1617,20000000;1575,50000000;1585,40000000;-0,64
2020-07-29T00:00:00+00:00;BNBHEDGE/USD;1572,40000000;1605,50000000;1554,50000000;1595,50000000;1,45
2020-07-28T00:00:00+00:00;BNBHEDGE/USD;1601,50000000;1617,20000000;1531,25000000;1572,40000000;-1,85
2020-07-27T00:00:00+00:00;BNBHEDGE/USD;1617,20000000;1706,00000000;1562,25000000;1601,50000000;-0,98
2020-07-26T00:00:00+00:00;BNBHEDGE/USD;1595,00000000;1633,20000000;1558,50000000;1617,20000000;1,37
2020-07-25T00:00:00+00:00;BNBHEDGE/USD;1649,50000000;1654,00000000;1575,50000000;1595,00000000;-3,42
2020-07-24T00:00:00+00:00;BNBHEDGE/USD;1687,00000000;1725,50000000;1616,00000000;1649,50000000;-2,27
2020-07-23T00:00:00+00:00;BNBHEDGE/USD;1749,75000000;1753,50000000;1686,50000000;1687,00000000;-3,72
2020-07-22T00:00:00+00:00;BNBHEDGE/USD;1787,00000000;1808,00000000;1747,75000000;1749,75000000;-2,13
2020-07-21T00:00:00+00:00;BNBHEDGE/USD;1806,25000000;1812,75000000;1760,50000000;1787,00000000;-1,08
2020-07-20T00:00:00+00:00;BNBHEDGE/USD;1754,00000000;1827,50000000;1729,50000000;1806,25000000;2,89
2020-07-19T00:00:00+00:00;BNBHEDGE/USD;1846,75000000;1873,50000000;1749,25000000;1754,00000000;-5,29
2020-07-18T00:00:00+00:00;BNBHEDGE/USD;1856,00000000;1882,50000000;1834,75000000;1846,75000000;-0,5
2020-07-17T00:00:00+00:00;BNBHEDGE/USD;1854,00000000;1868,25000000;1821,25000000;1856,00000000;0,11
2020-07-16T00:00:00+00:00;BNBHEDGE/USD;1807,25000000;1910,75000000;1793,50000000;1854,00000000;2,52
2020-07-15T00:00:00+00:00;BNBHEDGE/USD;1754,00000000;1817,25000000;1754,00000000;1807,25000000;2,95
2020-07-14T00:00:00+00:00;BNBHEDGE/USD;1732,00000000;1771,75000000;1698,75000000;1754,00000000;1,25
2020-07-13T00:00:00+00:00;BNBHEDGE/USD;1739,75000000;1787,00000000;1672,00000000;1732,00000000;-0,45
2020-07-12T00:00:00+00:00;BNBHEDGE/USD;1807,25000000;1809,00000000;1708,75000000;1739,75000000;-3,88
2020-07-11T00:00:00+00:00;BNBHEDGE/USD;1839,00000000;1860,25000000;1801,50000000;1807,25000000;-1,76
2020-07-10T00:00:00+00:00;BNBHEDGE/USD;1891,75000000;1928,00000000;1835,25000000;1839,00000000;-2,87
2020-07-09T00:00:00+00:00;BNBHEDGE/USD;1843,00000000;1922,50000000;1819,50000000;1891,75000000;2,58
2020-07-08T00:00:00+00:00;BNBHEDGE/USD;1895,25000000;1909,00000000;1822,00000000;1843,00000000;-2,84
2020-07-07T00:00:00+00:00;BNBHEDGE/USD;1949,00000000;1974,00000000;1885,75000000;1895,25000000;-2,84
2020-07-06T00:00:00+00:00;BNBHEDGE/USD;2054,00000000;2054,00000000;1944,75000000;1949,00000000;-5,39
2020-07-05T00:00:00+00:00;BNBHEDGE/USD;2043,00000000;2097,50000000;2040,00000000;2054,00000000;0,54
2020-07-04T00:00:00+00:00;BNBHEDGE/USD;2076,75000000;2082,25000000;2035,25000000;2043,00000000;-1,65
2020-07-03T00:00:00+00:00;BNBHEDGE/USD;2065,00000000;2079,50000000;2055,50000000;2076,75000000;0,57
2020-07-02T00:00:00+00:00;BNBHEDGE/USD;2009,00000000;2100,75000000;1993,25000000;2065,00000000;2,71
2020-07-01T00:00:00+00:00;BNBHEDGE/USD;2065,00000000;2067,25000000;2004,25000000;2009,00000000;-2,79
2020-06-30T00:00:00+00:00;BNBHEDGE/USD;2047,50000000;2077,25000000;2032,50000000;2065,00000000;0,85
2020-06-29T00:00:00+00:00;BNBHEDGE/USD;2057,50000000;2083,00000000;2030,25000000;2047,50000000;-0,49
2020-06-28T00:00:00+00:00;BNBHEDGE/USD;2095,00000000;2123,25000000;2030,75000000;2057,50000000;-1,82
2020-06-27T00:00:00+00:00;BNBHEDGE/USD;2009,50000000;2136,00000000;1998,50000000;2095,00000000;4,08
2020-06-26T00:00:00+00:00;BNBHEDGE/USD;1991,75000000;2035,00000000;1982,00000000;2009,50000000;0,88
2020-06-25T00:00:00+00:00;BNBHEDGE/USD;1979,50000000;2044,75000000;1932,75000000;1991,75000000;0,62
2020-06-24T00:00:00+00:00;BNBHEDGE/USD;1932,25000000;1985,50000000;1828,50000000;1979,50000000;2,39
2020-06-23T00:00:00+00:00;BNBHEDGE/USD;1917,50000000;1946,25000000;1909,75000000;1932,25000000;0,76
2020-06-22T00:00:00+00:00;BNBHEDGE/USD;1985,75000000;1988,75000000;1828,50000000;1917,50000000;-3,56
2020-06-21T00:00:00+00:00;BNBHEDGE/USD;1972,00000000;1991,50000000;1936,50000000;1985,75000000;0,69
2020-06-20T00:00:00+00:00;BNBHEDGE/USD;1985,50000000;2015,00000000;1942,50000000;1972,00000000;-0,68
2020-06-19T00:00:00+00:00;BNBHEDGE/USD;1963,00000000;1993,00000000;1828,50000000;1985,50000000;1,13
2020-06-18T00:00:00+00:00;BNBHEDGE/USD;1933,25000000;1994,50000000;1909,75000000;1963,00000000;1,52
2020-06-17T00:00:00+00:00;BNBHEDGE/USD;1925,75000000;1981,50000000;1874,00000000;1933,25000000;0,39
2020-06-16T00:00:00+00:00;BNBHEDGE/USD;1932,00000000;1958,00000000;1896,50000000;1925,75000000;-0,32
2020-06-15T00:00:00+00:00;BNBHEDGE/USD;1912,25000000;2035,25000000;1906,00000000;1932,00000000;1,02
2020-06-14T00:00:00+00:00;BNBHEDGE/USD;1889,50000000;1931,25000000;1886,50000000;1912,25000000;1,19
2020-06-13T00:00:00+00:00;BNBHEDGE/USD;1912,75000000;1929,75000000;1887,00000000;1889,50000000;-1,23
2020-06-12T00:00:00+00:00;BNBHEDGE/USD;1968,50000000;1983,25000000;1890,75000000;1912,75000000;-2,91
2020-06-11T00:00:00+00:00;BNBHEDGE/USD;1837,50000000;1999,00000000;1828,50000000;1968,50000000;6,65
2020-06-10T00:00:00+00:00;BNBHEDGE/USD;1840,75000000;1854,75000000;1826,25000000;1837,50000000;-0,18
2020-06-09T00:00:00+00:00;BNBHEDGE/USD;1833,25000000;1874,00000000;1828,50000000;1840,75000000;0,41
2020-06-08T00:00:00+00:00;BNBHEDGE/USD;1837,25000000;1852,50000000;1828,50000000;1833,25000000;-0,22
2020-06-07T00:00:00+00:00;BNBHEDGE/USD;1828,50000000;1895,75000000;1822,00000000;1837,25000000;0,48
2020-06-06T00:00:00+00:00;BNBHEDGE/USD;1818,25000000;1829,75000000;1805,25000000;1828,50000000;0,56
2020-06-05T00:00:00+00:00;BNBHEDGE/USD;1828,50000000;1834,50000000;1794,50000000;1818,25000000;-0,56
2020-06-04T00:00:00+00:00;BNBHEDGE/USD;1830,25000000;1873,75000000;1821,25000000;1828,50000000;-0,1
2020-06-03T00:00:00+00:00;BNBHEDGE/USD;1867,00000000;1896,00000000;1826,00000000;1830,25000000;-2,01
2020-06-02T00:00:00+00:00;BNBHEDGE/USD;1795,25000000;1931,75000000;1770,50000000;1865,25000000;3,75
2020-06-01T00:00:00+00:00;BNBHEDGE/USD;1893,25000000;1907,75000000;1768,75000000;1795,25000000;-5,46
2020-05-31T00:00:00+00:00;BNBHEDGE/USD;1825,50000000;1919,25000000;1779,25000000;1893,25000000;3,58
2020-05-30T00:00:00+00:00;BNBHEDGE/USD;1907,00000000;1942,00000000;1818,75000000;1825,50000000;-4,46
2020-05-29T00:00:00+00:00;BNBHEDGE/USD;1900,00000000;1977,00000000;1886,00000000;1907,00000000;0,37
2020-05-28T00:00:00+00:00;BNBHEDGE/USD;1974,75000000;1992,50000000;1889,00000000;1900,00000000;-3,93
2020-05-27T00:00:00+00:00;BNBHEDGE/USD;2008,75000000;2036,25000000;1968,75000000;1974,75000000;-1,72
2020-05-26T00:00:00+00:00;BNBHEDGE/USD;1991,25000000;2458,50000000;1974,25000000;2008,75000000;0,87
2020-05-25T00:00:00+00:00;BNBHEDGE/USD;2051,75000000;2072,50000000;1985,00000000;1991,25000000;-3,04
2020-05-24T00:00:00+00:00;BNBHEDGE/USD;1988,75000000;2053,25000000;1950,00000000;2051,75000000;3,07
2020-05-23T00:00:00+00:00;BNBHEDGE/USD;1975,75000000;2010,00000000;1943,25000000;1988,75000000;0,65
2020-05-22T00:00:00+00:00;BNBHEDGE/USD;2042,25000000;2064,75000000;1934,25000000;1975,75000000;-3,37
2020-05-21T00:00:00+00:00;BNBHEDGE/USD;1949,75000000;2091,00000000;1928,25000000;2042,25000000;4,53
2020-05-20T00:00:00+00:00;BNBHEDGE/USD;1912,75000000;2256,75000000;1897,50000000;1949,75000000;1,9
2020-05-19T00:00:00+00:00;BNBHEDGE/USD;1984,75000000;2026,50000000;1908,75000000;1912,75000000;-3,76
2020-05-18T00:00:00+00:00;BNBHEDGE/USD;2026,75000000;2032,50000000;1953,75000000;1984,75000000;-2,12
2020-05-17T00:00:00+00:00;BNBHEDGE/USD;2056,50000000;2066,75000000;1995,25000000;2026,75000000;-1,47
2020-05-16T00:00:00+00:00;BNBHEDGE/USD;2106,75000000;2151,00000000;2032,75000000;2056,50000000;-2,44
2020-05-15T00:00:00+00:00;BNBHEDGE/USD;2029,00000000;2127,00000000;2016,00000000;2106,75000000;3,69
2020-05-14T00:00:00+00:00;BNBHEDGE/USD;2054,00000000;2122,00000000;1986,00000000;2029,00000000;-1,23
2020-05-13T00:00:00+00:00;BNBHEDGE/USD;2118,25000000;2695,75000000;2034,50000000;2054,00000000;-3,13
2020-05-12T00:00:00+00:00;BNBHEDGE/USD;2222,50000000;2240,75000000;2050,00000000;2118,25000000;-4,92
2020-05-11T00:00:00+00:00;BNBHEDGE/USD;2189,25000000;2375,25000000;2158,75000000;2222,50000000;1,5
2020-05-10T00:00:00+00:00;BNBHEDGE/USD;2020,50000000;2412,00000000;2017,50000000;2189,25000000;7,71
2020-05-09T00:00:00+00:00;BNBHEDGE/USD;1973,50000000;2019,75000000;1932,00000000;2019,75000000;2,29
2020-05-08T00:00:00+00:00;BNBHEDGE/USD;1988,75000000;2021,50000000;1941,75000000;1973,50000000;-0,77
2020-05-07T00:00:00+00:00;BNBHEDGE/USD;2075,75000000;2129,50000000;1958,25000000;1988,75000000;-4,37
2020-05-06T00:00:00+00:00;BNBHEDGE/USD;2021,00000000;2082,25000000;1982,75000000;2075,75000000;2,64
2020-05-05T00:00:00+00:00;BNBHEDGE/USD;2003,25000000;2074,25000000;1967,25000000;2021,00000000;0,88
2020-05-04T00:00:00+00:00;BNBHEDGE/USD;2000,00000000;2177,75000000;1976,25000000;2003,25000000;0,16
2020-05-03T00:00:00+00:00;BNBHEDGE/USD;1953,25000000;2030,00000000;1920,25000000;2000,00000000;2,34
2020-05-02T00:00:00+00:00;BNBHEDGE/USD;1966,50000000;2031,25000000;1948,25000000;1953,25000000;-0,68
2020-05-01T00:00:00+00:00;BNBHEDGE/USD;2032,50000000;2034,75000000;1920,00000000;1966,50000000;-3,36
2020-04-30T00:00:00+00:00;BNBHEDGE/USD;1988,50000000;2096,25000000;1895,75000000;2032,50000000;2,16
2020-04-29T00:00:00+00:00;BNBHEDGE/USD;2117,75000000;2123,00000000;1968,00000000;1988,50000000;-6,5
2020-04-28T00:00:00+00:00;BNBHEDGE/USD;2111,50000000;2324,00000000;2103,25000000;2117,75000000;0,3
2020-04-27T00:00:00+00:00;BNBHEDGE/USD;2121,75000000;2159,00000000;2094,25000000;2111,50000000;-0,49
2020-04-26T00:00:00+00:00;BNBHEDGE/USD;2142,25000000;2167,00000000;2112,00000000;2121,75000000;-0,97
2020-04-25T00:00:00+00:00;BNBHEDGE/USD;2185,25000000;2327,00000000;2112,75000000;2142,25000000;-2,01
2020-04-24T00:00:00+00:00;BNBHEDGE/USD;2170,25000000;2258,50000000;2138,00000000;2185,25000000;0,69
2020-04-23T00:00:00+00:00;BNBHEDGE/USD;2224,75000000;2263,75000000;2121,75000000;2170,25000000;-2,51
2020-04-22T00:00:00+00:00;BNBHEDGE/USD;2315,50000000;2342,75000000;2201,75000000;2224,75000000;-4,08
2020-04-21T00:00:00+00:00;BNBHEDGE/USD;2349,00000000;2383,00000000;2272,50000000;2315,50000000;-1,45
2020-04-20T00:00:00+00:00;BNBHEDGE/USD;2202,75000000;2369,00000000;2141,00000000;2349,00000000;6,23
2020-04-19T00:00:00+00:00;BNBHEDGE/USD;2138,00000000;2237,25000000;2127,75000000;2202,75000000;2,94
2020-04-18T00:00:00+00:00;BNBHEDGE/USD;2289,75000000;2291,25000000;2105,25000000;2138,00000000;-7,1
2020-04-17T00:00:00+00:00;BNBHEDGE/USD;2286,25000000;2423,50000000;2248,25000000;2289,75000000;0,15
2020-04-16T00:00:00+00:00;BNBHEDGE/USD;2508,25000000;2785,25000000;2277,50000000;2286,25000000;-9,71
2020-04-15T00:00:00+00:00;BNBHEDGE/USD;2357,25000000;2523,25000000;2320,25000000;2508,25000000;6,02
2020-04-14T00:00:00+00:00;BNBHEDGE/USD;2455,50000000;2493,75000000;2300,75000000;2357,25000000;-4,17
2020-04-13T00:00:00+00:00;BNBHEDGE/USD;2593,50000000;2785,00000000;2445,50000000;2455,50000000;-5,62
2020-04-12T00:00:00+00:00;BNBHEDGE/USD;2686,75000000;2718,00000000;2480,25000000;2593,25000000;-3,61
2020-04-11T00:00:00+00:00;BNBHEDGE/USD;2705,25000000;2739,25000000;2628,00000000;2686,75000000;-0,69
2020-04-10T00:00:00+00:00;BNBHEDGE/USD;2488,50000000;2746,25000000;2479,50000000;2705,25000000;8,01
2020-04-09T00:00:00+00:00;BNBHEDGE/USD;2477,50000000;2554,50000000;2454,75000000;2488,50000000;0,44
2020-04-08T00:00:00+00:00;BNBHEDGE/USD;2546,75000000;2571,00000000;2436,00000000;2477,50000000;-2,8
2020-04-07T00:00:00+00:00;BNBHEDGE/USD;2471,75000000;2622,00000000;2419,75000000;2546,75000000;2,94
2020-04-06T00:00:00+00:00;BNBHEDGE/USD;2775,50000000;2785,25000000;2465,75000000;2471,75000000;-12,29
2020-04-05T00:00:00+00:00;BNBHEDGE/USD;2760,00000000;2824,00000000;2722,75000000;2775,50000000;0,56
2020-04-04T00:00:00+00:00;BNBHEDGE/USD;2852,25000000;2973,25000000;2705,75000000;2760,00000000;-3,34
2020-04-03T00:00:00+00:00;BNBHEDGE/USD;2942,25000000;2973,25000000;2806,00000000;2851,50000000;-3,18
2020-04-02T00:00:00+00:00;BNBHEDGE/USD;3009,50000000;3577,50000000;2771,75000000;2943,75000000;-2,23
2020-04-01T00:00:00+00:00;BNBHEDGE/USD;3062,00000000;3577,50000000;3004,25000000;3008,75000000;-1,77
2020-03-31T00:00:00+00:00;BNBHEDGE/USD;3177,75000000;3577,50000000;3019,00000000;3061,00000000;-3,81
2020-03-30T00:00:00+00:00;BNBHEDGE/USD;3456,50000000;3577,50000000;3091,00000000;3177,75000000;-8,77
2020-03-29T00:00:00+00:00;BNBHEDGE/USD;3227,50000000;3577,50000000;3217,50000000;3456,50000000;6,63
2020-03-28T00:00:00+00:00;BNBHEDGE/USD;3211,00000000;3577,50000000;3185,50000000;3228,50000000;0,54
2020-03-27T00:00:00+00:00;BNBHEDGE/USD;3017,00000000;3577,50000000;2977,00000000;3211,00000000;6,04
2020-03-26T00:00:00+00:00;BNBHEDGE/USD;3270,50000000;3577,50000000;3004,25000000;3017,00000000;-8,4
2020-03-25T00:00:00+00:00;BNBHEDGE/USD;3249,50000000;3379,50000000;3173,50000000;3270,50000000;0,64
2020-03-24T00:00:00+00:00;BNBHEDGE/USD;3334,00000000;3391,00000000;3214,50000000;3249,50000000;-2,6
2020-03-23T00:00:00+00:00;BNBHEDGE/USD;3647,50000000;3750,00000000;3267,00000000;3334,00000000;-9,4
2020-03-22T00:00:00+00:00;BNBHEDGE/USD;3392,00000000;3678,00000000;3287,00000000;3646,00000000;6,97
2020-03-21T00:00:00+00:00;BNBHEDGE/USD;3436,50000000;3618,00000000;3303,00000000;3392,00000000;-1,31
2020-03-20T00:00:00+00:00;BNBHEDGE/USD;3323,00000000;3828,00000000;2949,75000000;3436,50000000;3,3
2020-03-19T00:00:00+00:00;BNBHEDGE/USD;4036,50000000;4093,00000000;3196,50000000;3323,00000000;-21,47
2020-03-18T00:00:00+00:00;BNBHEDGE/USD;4079,50000000;4310,50000000;4000,00000000;4036,50000000;-1,07
2020-03-17T00:00:00+00:00;BNBHEDGE/USD;4497,50000000;4528,00000000;3966,00000000;4079,50000000;-10,25
2020-03-16T00:00:00+00:00;BNBHEDGE/USD;4101,00000000;4897,50000000;4099,50000000;4497,50000000;8,82
2020-03-15T00:00:00+00:00;BNBHEDGE/USD;4190,50000000;4258,50000000;3685,50000000;4101,00000000;-2,18
2020-03-14T00:00:00+00:00;BNBHEDGE/USD;3891,00000000;4279,50000000;3766,50000000;4190,50000000;7,15
2020-03-13T00:00:00+00:00;BNBHEDGE/USD;4682,50000000;6160,50000000;3638,00000000;3894,00000000;-20,25
2020-03-12T00:00:00+00:00;BNBHEDGE/USD;3255,50000000;4744,50000000;3247,00000000;4682,50000000;30,48
2020-03-11T00:00:00+00:00;BNBHEDGE/USD;3205,00000000;3478,50000000;3149,50000000;3255,50000000;1,55
2020-03-10T00:00:00+00:00;BNBHEDGE/USD;3258,50000000;3309,50000000;3085,00000000;3206,50000000;-1,62
2020-03-09T00:00:00+00:00;BNBHEDGE/USD;3193,00000000;3433,50000000;3093,50000000;3258,50000000;2,01
2020-03-08T00:00:00+00:00;BNBHEDGE/USD;2736,25000000;3210,50000000;2733,50000000;3191,25000000;14,26
2020-03-07T00:00:00+00:00;BNBHEDGE/USD;2596,75000000;2798,00000000;2581,75000000;2736,25000000;5,1
2020-03-06T00:00:00+00:00;BNBHEDGE/USD;2679,25000000;2694,50000000;2548,75000000;2596,25000000;-3,2
2020-03-05T00:00:00+00:00;BNBHEDGE/USD;2797,75000000;2798,75000000;2583,75000000;2678,75000000;-4,44
2020-03-04T00:00:00+00:00;BNBHEDGE/USD;2847,50000000;2860,25000000;2759,50000000;2797,75000000;-1,78
2020-03-03T00:00:00+00:00;BNBHEDGE/USD;2818,75000000;2897,75000000;2746,50000000;2847,50000000;1,01
2020-03-02T00:00:00+00:00;BNBHEDGE/USD;2986,00000000;3006,50000000;2794,25000000;2818,75000000;-5,93
2020-03-01T00:00:00+00:00;BNBHEDGE/USD;2939,00000000;3046,00000000;2842,75000000;2983,25000000;1,48
2020-02-29T00:00:00+00:00;BNBHEDGE/USD;2974,00000000;2998,75000000;2778,50000000;2938,25000000;-1,22
2020-02-28T00:00:00+00:00;BNBHEDGE/USD;2959,00000000;3151,25000000;2867,00000000;2974,50000000;0,52
2020-02-27T00:00:00+00:00;BNBHEDGE/USD;3042,75000000;3200,75000000;2882,00000000;2959,00000000;-2,83
2020-02-26T00:00:00+00:00;BNBHEDGE/USD;2823,50000000;3156,75000000;2795,25000000;3042,75000000;7,21
2020-02-25T00:00:00+00:00;BNBHEDGE/USD;2614,75000000;2846,25000000;2613,00000000;2822,00000000;7,34
2020-02-24T00:00:00+00:00;BNBHEDGE/USD;2518,25000000;2677,00000000;2473,00000000;2614,75000000;3,69
2020-02-23T00:00:00+00:00;BNBHEDGE/USD;2625,25000000;2643,75000000;2506,50000000;2518,25000000;-4,25
2020-02-22T00:00:00+00:00;BNBHEDGE/USD;2606,50000000;2686,75000000;2587,00000000;2625,25000000;0,71
2020-02-21T00:00:00+00:00;BNBHEDGE/USD;2611,50000000;2652,50000000;2524,00000000;2606,50000000;-0,19
2020-02-20T00:00:00+00:00;BNBHEDGE/USD;2584,25000000;2758,50000000;2548,50000000;2603,75000000;0,75
2020-02-19T00:00:00+00:00;BNBHEDGE/USD;2411,75000000;2665,25000000;2387,75000000;2584,25000000;6,68
2020-02-18T00:00:00+00:00;BNBHEDGE/USD;2487,50000000;2553,75000000;2369,00000000;2412,75000000;-3,1
2020-02-17T00:00:00+00:00;BNBHEDGE/USD;2502,00000000;2689,00000000;2469,75000000;2487,50000000;-0,58
2020-02-16T00:00:00+00:00;BNBHEDGE/USD;2415,75000000;2662,50000000;2311,25000000;2502,00000000;3,45
2020-02-15T00:00:00+00:00;BNBHEDGE/USD;2229,00000000;2485,00000000;2221,50000000;2415,75000000;7,73
2020-02-14T00:00:00+00:00;BNBHEDGE/USD;2312,00000000;2355,25000000;2213,50000000;2229,00000000;-3,72
2020-02-13T00:00:00+00:00;BNBHEDGE/USD;2221,50000000;2382,50000000;2156,50000000;2312,00000000;3,91
2020-02-12T00:00:00+00:00;BNBHEDGE/USD;2277,50000000;2315,50000000;2179,75000000;2221,50000000;-2,52
2020-02-11T00:00:00+00:00;BNBHEDGE/USD;2345,00000000;2435,50000000;2273,50000000;2277,00000000;-2,99
2020-02-10T00:00:00+00:00;BNBHEDGE/USD;2415,75000000;2527,00000000;2269,25000000;2346,50000000;-2,95
2020-02-09T00:00:00+00:00;BNBHEDGE/USD;2730,50000000;2743,50000000;2413,75000000;2414,50000000;-13,09
2020-02-08T00:00:00+00:00;BNBHEDGE/USD;2701,25000000;2846,25000000;2686,50000000;2735,50000000;1,25
2020-02-07T00:00:00+00:00;BNBHEDGE/USD;2894,00000000;2917,00000000;2634,75000000;2700,75000000;-7,16
2020-02-06T00:00:00+00:00;BNBHEDGE/USD;3112,75000000;3155,25000000;2863,50000000;2894,00000000;-7,56
2020-02-05T00:00:00+00:00;BNBHEDGE/USD;3329,00000000;3332,00000000;3074,00000000;3112,75000000;-6,95
2020-02-04T00:00:00+00:00;BNBHEDGE/USD;3274,00000000;3376,00000000;3245,00000000;3328,00000000;1,62
2020-02-03T00:00:00+00:00;BNBHEDGE/USD;3285,50000000;3329,00000000;3196,00000000;3274,00000000;-0,35
2020-02-02T00:00:00+00:00;BNBHEDGE/USD;3321,00000000;3401,00000000;3219,00000000;3285,50000000;-1,08
2020-02-01T00:00:00+00:00;BNBHEDGE/USD;3330,50000000;3484,00000000;3262,00000000;3321,00000000;-0,29
2020-01-31T00:00:00+00:00;BNBHEDGE/USD;3267,50000000;3419,50000000;3214,00000000;3332,00000000;1,94
2020-01-30T00:00:00+00:00;BNBHEDGE/USD;3400,00000000;3445,50000000;3237,50000000;3267,50000000;-4,06
2020-01-29T00:00:00+00:00;BNBHEDGE/USD;3367,00000000;3414,50000000;3292,50000000;3400,00000000;0,97
2020-01-28T00:00:00+00:00;BNBHEDGE/USD;3451,00000000;3485,50000000;3344,00000000;3358,50000000;-2,75
2020-01-27T00:00:00+00:00;BNBHEDGE/USD;3488,00000000;3540,50000000;3410,00000000;3450,00000000;-1,1
2020-01-26T00:00:00+00:00;BNBHEDGE/USD;3602,50000000;3623,50000000;3490,00000000;3490,00000000;-3,22
2020-01-25T00:00:00+00:00;BNBHEDGE/USD;3577,00000000;3682,50000000;3569,00000000;3602,00000000;0,69
2020-01-24T00:00:00+00:00;BNBHEDGE/USD;3588,00000000;3712,00000000;3507,00000000;3567,50000000;-0,57
2020-01-23T00:00:00+00:00;BNBHEDGE/USD;3441,50000000;3651,50000000;3441,00000000;3588,00000000;4,08
2020-01-22T00:00:00+00:00;BNBHEDGE/USD;3386,00000000;3486,50000000;3330,50000000;3439,50000000;1,56
2020-01-21T00:00:00+00:00;BNBHEDGE/USD;3546,00000000;3565,00000000;3368,00000000;3386,00000000;-4,73
2020-01-20T00:00:00+00:00;BNBHEDGE/USD;3534,00000000;3648,50000000;3497,50000000;3547,00000000;0,37
2020-01-19T00:00:00+00:00;BNBHEDGE/USD;3449,00000000;3669,50000000;3318,50000000;3534,00000000;2,41
2020-01-18T00:00:00+00:00;BNBHEDGE/USD;3396,00000000;3509,50000000;3344,50000000;3448,00000000;1,51
2020-01-17T00:00:00+00:00;BNBHEDGE/USD;3597,50000000;3597,50000000;3306,50000000;3395,00000000;-5,96
2020-01-16T00:00:00+00:00;BNBHEDGE/USD;3460,00000000;3734,50000000;3456,50000000;3597,50000000;3,82
2020-01-15T00:00:00+00:00;BNBHEDGE/USD;3688,00000000;3777,00000000;3360,00000000;3462,00000000;-6,53
2020-01-14T00:00:00+00:00;BNBHEDGE/USD;4079,50000000;4088,00000000;3613,50000000;3683,00000000;-10,77
2020-01-13T00:00:00+00:00;BNBHEDGE/USD;4035,00000000;4157,50000000;4032,00000000;4079,50000000;1,09
2020-01-12T00:00:00+00:00;BNBHEDGE/USD;4151,50000000;4175,50000000;4000,00000000;4035,00000000;-2,89
2020-01-11T00:00:00+00:00;BNBHEDGE/USD;4103,00000000;4196,50000000;4042,00000000;4149,50000000;1,12
2020-01-10T00:00:00+00:00;BNBHEDGE/USD;4312,50000000;4397,00000000;4104,50000000;4104,50000000;-5,07
2020-01-09T00:00:00+00:00;BNBHEDGE/USD;4267,00000000;4368,00000000;4253,50000000;4312,50000000;1,06
2020-01-08T00:00:00+00:00;BNBHEDGE/USD;4141,50000000;4365,50000000;4062,50000000;4267,00000000;2,94
2020-01-07T00:00:00+00:00;BNBHEDGE/USD;4167,00000000;4299,50000000;4110,50000000;4141,50000000;-0,62

