DATE/TIME;SYMBOL;OPEN;HIGH;LOW;CLOSE;EVOL % CLOSE/HIGH
2022-01-05T00:00:00+00:00;LINKBULL/USD;0,18795000;0,25230000;0,18415000;0,24300000;22,65
2022-01-04T00:00:00+00:00;LINKBULL/USD;0,19605000;0,21455000;0,17180000;0,18795000;-4,31
2022-01-03T00:00:00+00:00;LINKBULL/USD;0,15615000;0,19680000;0,14405000;0,19605000;20,35
2022-01-02T00:00:00+00:00;LINKBULL/USD;0,13450000;0,16315000;0,13195000;0,15615000;13,86
2022-01-01T00:00:00+00:00;LINKBULL/USD;0,11410000;0,13505000;0,11390000;0,13450000;15,17
2021-12-31T00:00:00+00:00;LINKBULL/USD;0,12135000;0,13440000;0,10550000;0,11410000;-6,35
2021-12-30T00:00:00+00:00;LINKBULL/USD;0,11755000;0,13030000;0,10755000;0,12135000;3,13
2021-12-29T00:00:00+00:00;LINKBULL/USD;0,12985000;0,14150000;0,11390000;0,11755000;-10,46
2021-12-28T00:00:00+00:00;LINKBULL/USD;0,19815000;0,19815000;0,12880000;0,12985000;-52,6
2021-12-27T00:00:00+00:00;LINKBULL/USD;0,19920000;0,23790000;0,19310000;0,19815000;-0,53
2021-12-26T00:00:00+00:00;LINKBULL/USD;0,17800000;0,21290000;0,15415000;0,19920000;10,64
2021-12-25T00:00:00+00:00;LINKBULL/USD;0,16410000;0,18395000;0,15945000;0,17800000;7,81
2021-12-24T00:00:00+00:00;LINKBULL/USD;0,18100000;0,19205000;0,15820000;0,16410000;-10,3
2021-12-23T00:00:00+00:00;LINKBULL/USD;0,13470000;0,18225000;0,12830000;0,18100000;25,58
2021-12-22T00:00:00+00:00;LINKBULL/USD;0,12640000;0,15335000;0,12215000;0,13470000;6,16
2021-12-21T00:00:00+00:00;LINKBULL/USD;0,11360000;0,12960000;0,10655000;0,12640000;10,13
2021-12-20T00:00:00+00:00;LINKBULL/USD;0,11575000;0,12185000;0,10065000;0,11360000;-1,89
2021-12-19T00:00:00+00:00;LINKBULL/USD;0,12920000;0,14590000;0,11485000;0,11575000;-11,62
2021-12-18T00:00:00+00:00;LINKBULL/USD;0,10695000;0,13685000;0,09925000;0,12920000;17,22
2021-12-17T00:00:00+00:00;LINKBULL/USD;0,11670000;0,12500000;0,09770000;0,10695000;-9,12
2021-12-16T00:00:00+00:00;LINKBULL/USD;0,13575000;0,14880000;0,11535000;0,11670000;-16,32
2021-12-15T00:00:00+00:00;LINKBULL/USD;0,11355000;0,14140000;0,09200000;0,13575000;16,35
2021-12-14T00:00:00+00:00;LINKBULL/USD;0,10140000;0,11537500;0,09645000;0,11355000;10,7
2021-12-13T00:00:00+00:00;LINKBULL/USD;0,16275000;0,16600000;0,09345000;0,10140000;-60,5
2021-12-12T00:00:00+00:00;LINKBULL/USD;0,15295000;0,17110000;0,13620000;0,16275000;6,02
2021-12-11T00:00:00+00:00;LINKBULL/USD;0,12545000;0,15735000;0,11730000;0,15295000;17,98
2021-12-10T00:00:00+00:00;LINKBULL/USD;0,16780000;0,18200000;0,12315000;0,12545000;-33,76
2021-12-09T00:00:00+00:00;LINKBULL/USD;0,25450000;0,26075000;0,16775000;0,16780000;-51,67
2021-12-08T00:00:00+00:00;LINKBULL/USD;0,20340000;0,26490000;0,19220000;0,25450000;20,08
2021-12-07T00:00:00+00:00;LINKBULL/USD;0,17015000;0,20465000;0,16815000;0,20340000;16,35
2021-12-06T00:00:00+00:00;LINKBULL/USD;0,16335000;0,17275000;0,10700000;0,17015000;4,0
2021-12-05T00:00:00+00:00;LINKBULL/USD;0,20795000;0,24690000;0,13825000;0,16335000;-27,3
2021-12-04T00:00:00+00:00;LINKBULL/USD;0,45870000;0,46200000;0,10600000;0,20795000;-120,58
2021-12-03T00:00:00+00:00;LINKBULL/USD;0,53525000;0,63200000;0,41475000;0,45870000;-16,69
2021-12-02T00:00:00+00:00;LINKBULL/USD;0,59325000;0,59325000;0,51475000;0,53525000;-10,84
2021-12-01T00:00:00+00:00;LINKBULL/USD;0,59300000;0,70250000;0,56850000;0,59325000;0,04
2021-11-30T00:00:00+00:00;LINKBULL/USD;0,56900000;0,67950000;0,51480000;0,59300000;4,05
2021-11-29T00:00:00+00:00;LINKBULL/USD;0,56175000;0,82200000;0,54000000;0,56900000;1,27
2021-11-28T00:00:00+00:00;LINKBULL/USD;0,51410000;0,57180000;0,41730000;0,56175000;8,48
2021-11-27T00:00:00+00:00;LINKBULL/USD;0,50900000;0,58390000;0,49420000;0,51410000;0,99
2021-11-26T00:00:00+00:00;LINKBULL/USD;0,72425000;0,74350000;0,43460000;0,50900000;-42,29
2021-11-25T00:00:00+00:00;LINKBULL/USD;0,66500000;0,82200000;0,65150000;0,72425000;8,18
2021-11-24T00:00:00+00:00;LINKBULL/USD;0,78950000;0,81400000;0,63425000;0,66500000;-18,72
2021-11-23T00:00:00+00:00;LINKBULL/USD;0,77250000;0,83950000;0,71900000;0,78950000;2,15
2021-11-22T00:00:00+00:00;LINKBULL/USD;1,00625000;1,01725000;0,72425000;0,77250000;-30,26
2021-11-21T00:00:00+00:00;LINKBULL/USD;0,94625000;1,03050000;0,87775000;1,00625000;5,96
2021-11-20T00:00:00+00:00;LINKBULL/USD;0,94025000;0,98425000;0,83600000;0,94625000;0,63
2021-11-19T00:00:00+00:00;LINKBULL/USD;0,79200000;1,00925000;0,74300000;0,94025000;15,77
2021-11-18T00:00:00+00:00;LINKBULL/USD;1,10850000;1,16050000;0,72300000;0,79200000;-39,96
2021-11-17T00:00:00+00:00;LINKBULL/USD;1,09850000;1,17200000;0,97700000;1,10850000;0,9
2021-11-16T00:00:00+00:00;LINKBULL/USD;1,50500000;1,50500000;0,94750000;1,09850000;-37,01
2021-11-15T00:00:00+00:00;LINKBULL/USD;1,79250000;1,90950000;1,50150000;1,50500000;-19,1
2021-11-14T00:00:00+00:00;LINKBULL/USD;1,82800000;1,89600000;1,59050000;1,79250000;-1,98
2021-11-13T00:00:00+00:00;LINKBULL/USD;1,87950000;1,92900000;1,68900000;1,82800000;-2,82
2021-11-12T00:00:00+00:00;LINKBULL/USD;1,94450000;2,08000000;1,60900000;1,87950000;-3,46
2021-11-11T00:00:00+00:00;LINKBULL/USD;1,88700000;2,32050000;1,75200000;1,94450000;2,96
2021-11-10T00:00:00+00:00;LINKBULL/USD;1,81500000;2,53700000;1,61900000;1,88700000;3,82
2021-11-09T00:00:00+00:00;LINKBULL/USD;1,94200000;2,12500000;1,75200000;1,81500000;-7,0
2021-11-08T00:00:00+00:00;LINKBULL/USD;1,62500000;1,99550000;1,60300000;1,94200000;16,32
2021-11-07T00:00:00+00:00;LINKBULL/USD;1,58300000;1,66400000;1,53250000;1,62500000;2,58
2021-11-06T00:00:00+00:00;LINKBULL/USD;1,71700000;1,77250000;1,38500000;1,58300000;-8,46
2021-11-05T00:00:00+00:00;LINKBULL/USD;1,45950000;1,83100000;1,41150000;1,71700000;15,0
2021-11-04T00:00:00+00:00;LINKBULL/USD;1,60850000;1,62700000;1,34350000;1,45950000;-10,21
2021-11-03T00:00:00+00:00;LINKBULL/USD;1,65350000;1,74000000;1,39550000;1,60850000;-2,8
2021-11-02T00:00:00+00:00;LINKBULL/USD;1,57000000;1,69500000;1,47250000;1,65350000;5,05
2021-11-01T00:00:00+00:00;LINKBULL/USD;1,34550000;1,60000000;1,23450000;1,57000000;14,3
2021-10-31T00:00:00+00:00;LINKBULL/USD;1,32550000;1,44400000;1,17250000;1,34550000;1,49
2021-10-30T00:00:00+00:00;LINKBULL/USD;1,49700000;1,51950000;1,24250000;1,32550000;-12,94
2021-10-29T00:00:00+00:00;LINKBULL/USD;1,40250000;1,64500000;1,35950000;1,49700000;6,31
2021-10-28T00:00:00+00:00;LINKBULL/USD;1,22500000;1,48800000;1,20000000;1,40250000;12,66
2021-10-27T00:00:00+00:00;LINKBULL/USD;1,89850000;2,18950000;1,15800000;1,22500000;-54,98
2021-10-26T00:00:00+00:00;LINKBULL/USD;1,87600000;2,12300000;1,68800000;1,89850000;1,19
2021-10-25T00:00:00+00:00;LINKBULL/USD;1,47750000;1,95850000;1,45400000;1,87600000;21,24
2021-10-24T00:00:00+00:00;LINKBULL/USD;1,76250000;1,78050000;1,32000000;1,47750000;-19,29
2021-10-23T00:00:00+00:00;LINKBULL/USD;1,37500000;1,77450000;1,32250000;1,76250000;21,99
2021-10-22T00:00:00+00:00;LINKBULL/USD;1,32400000;1,58000000;1,30250000;1,37500000;3,71
2021-10-21T00:00:00+00:00;LINKBULL/USD;1,22600000;1,48300000;1,08450000;1,32400000;7,4
2021-10-20T00:00:00+00:00;LINKBULL/USD;1,03950000;1,25000000;1,02850000;1,22600000;15,21
2021-10-19T00:00:00+00:00;LINKBULL/USD;1,01725000;1,08300000;0,97350000;1,03950000;2,14
2021-10-18T00:00:00+00:00;LINKBULL/USD;1,12650000;1,15400000;0,96400000;1,01725000;-10,74
2021-10-17T00:00:00+00:00;LINKBULL/USD;1,22100000;1,27650000;1,00800000;1,12650000;-8,39
2021-10-16T00:00:00+00:00;LINKBULL/USD;1,19150000;1,41600000;1,18550000;1,22100000;2,42
2021-10-15T00:00:00+00:00;LINKBULL/USD;1,15950000;1,24650000;1,07200000;1,19150000;2,69
2021-10-14T00:00:00+00:00;LINKBULL/USD;1,03775000;1,30000000;1,00325000;1,15950000;10,5
2021-10-13T00:00:00+00:00;LINKBULL/USD;0,92150000;1,03775000;0,86700000;1,03775000;11,2
2021-10-12T00:00:00+00:00;LINKBULL/USD;0,99600000;0,99600000;0,79450000;0,92150000;-8,08
2021-10-11T00:00:00+00:00;LINKBULL/USD;1,04150000;1,18150000;0,92400000;0,99600000;-4,57
2021-10-10T00:00:00+00:00;LINKBULL/USD;1,30050000;1,30900000;1,02750000;1,04150000;-24,87
2021-10-09T00:00:00+00:00;LINKBULL/USD;1,17200000;1,36800000;1,13000000;1,30050000;9,88
2021-10-08T00:00:00+00:00;LINKBULL/USD;1,23100000;1,32450000;1,13800000;1,17200000;-5,03
2021-10-07T00:00:00+00:00;LINKBULL/USD;1,24000000;1,36000000;1,10650000;1,23100000;-0,73
2021-10-06T00:00:00+00:00;LINKBULL/USD;1,29650000;1,43150000;1,01200000;1,24000000;-4,56
2021-10-05T00:00:00+00:00;LINKBULL/USD;1,22350000;1,33250000;1,15650000;1,29650000;5,63
2021-10-04T00:00:00+00:00;LINKBULL/USD;1,36200000;1,36750000;1,07150000;1,22350000;-11,32
2021-10-03T00:00:00+00:00;LINKBULL/USD;1,26300000;1,44800000;1,21550000;1,36200000;7,27
2021-10-02T00:00:00+00:00;LINKBULL/USD;1,18550000;1,39900000;1,12400000;1,26300000;6,14
2021-10-01T00:00:00+00:00;LINKBULL/USD;0,91825000;1,23175000;0,87500000;1,18550000;22,54
2021-09-30T00:00:00+00:00;LINKBULL/USD;0,80450000;0,96175000;0,78850000;0,91825000;12,39
2021-09-29T00:00:00+00:00;LINKBULL/USD;0,72625000;0,90600000;0,71300000;0,80450000;9,73
2021-09-28T00:00:00+00:00;LINKBULL/USD;0,82825000;0,90575000;0,71775000;0,72625000;-14,04
2021-09-27T00:00:00+00:00;LINKBULL/USD;1,02275000;1,13175000;0,81525000;0,82825000;-23,48
2021-09-26T00:00:00+00:00;LINKBULL/USD;1,02150000;1,11625000;0,74900000;1,02275000;0,12
2021-09-25T00:00:00+00:00;LINKBULL/USD;0,87875000;1,03850000;0,72475000;1,02150000;13,97
2021-09-24T00:00:00+00:00;LINKBULL/USD;1,21650000;1,22200000;0,68200000;0,87875000;-38,44
2021-09-23T00:00:00+00:00;LINKBULL/USD;1,08950000;1,21900000;0,94300000;1,21650000;10,44
2021-09-22T00:00:00+00:00;LINKBULL/USD;0,76500000;1,08950000;0,72200000;1,08950000;29,78
2021-09-21T00:00:00+00:00;LINKBULL/USD;1,07550000;1,18700000;0,68650000;0,76500000;-40,59
2021-09-20T00:00:00+00:00;LINKBULL/USD;1,79400000;1,79400000;0,99900000;1,07550000;-66,81
2021-09-19T00:00:00+00:00;LINKBULL/USD;2,02050000;2,09700000;1,69600000;1,79400000;-12,63
2021-09-18T00:00:00+00:00;LINKBULL/USD;1,87850000;2,22100000;1,81000000;2,02050000;7,03
2021-09-17T00:00:00+00:00;LINKBULL/USD;2,39900000;2,46900000;1,81000000;1,87850000;-27,71
2021-09-16T00:00:00+00:00;LINKBULL/USD;2,64500000;3,00000000;2,20700000;2,39900000;-10,25
2021-09-15T00:00:00+00:00;LINKBULL/USD;2,67900000;2,82400000;2,35400000;2,63800000;-1,55
2021-09-14T00:00:00+00:00;LINKBULL/USD;1,86500000;2,67900000;1,82650000;2,67900000;30,38
2021-09-13T00:00:00+00:00;LINKBULL/USD;2,58500000;2,70600000;1,50050000;1,85900000;-39,05
2021-09-12T00:00:00+00:00;LINKBULL/USD;2,03950000;2,65950000;1,89250000;2,58500000;21,1
2021-09-11T00:00:00+00:00;LINKBULL/USD;1,90750000;2,19300000;1,87950000;2,03950000;6,47
2021-09-10T00:00:00+00:00;LINKBULL/USD;2,30000000;2,68650000;1,72650000;1,90750000;-20,58
2021-09-09T00:00:00+00:00;LINKBULL/USD;2,10950000;2,82000000;1,94250000;2,30000000;8,28
2021-09-08T00:00:00+00:00;LINKBULL/USD;2,39100000;2,62100000;1,62900000;2,10950000;-13,34
2021-09-07T00:00:00+00:00;LINKBULL/USD;5,03000000;5,26200000;1,26650000;2,39100000;-110,37
2021-09-06T00:00:00+00:00;LINKBULL/USD;4,57300000;5,64200000;4,13800000;5,03000000;9,09
2021-09-05T00:00:00+00:00;LINKBULL/USD;3,31700000;4,57600000;3,20900000;4,57300000;27,47
2021-09-04T00:00:00+00:00;LINKBULL/USD;3,64600000;3,77600000;3,16300000;3,31700000;-9,92
2021-09-03T00:00:00+00:00;LINKBULL/USD;3,37600000;4,00000000;3,07900000;3,64600000;7,41
2021-09-02T00:00:00+00:00;LINKBULL/USD;3,30400000;3,71000000;3,00000000;3,37600000;2,13
2021-09-01T00:00:00+00:00;LINKBULL/USD;2,49000000;3,35700000;2,31000000;3,30400000;24,64
2021-08-31T00:00:00+00:00;LINKBULL/USD;2,07000000;2,68400000;1,99050000;2,49900000;17,17
2021-08-30T00:00:00+00:00;LINKBULL/USD;2,26450000;2,45050000;1,88000000;2,07000000;-9,4
2021-08-29T00:00:00+00:00;LINKBULL/USD;2,26000000;2,49700000;2,10800000;2,26450000;0,2
2021-08-28T00:00:00+00:00;LINKBULL/USD;2,34400000;2,38500000;2,16800000;2,26000000;-3,72
2021-08-27T00:00:00+00:00;LINKBULL/USD;1,93900000;2,36750000;1,85900000;2,34400000;17,28
2021-08-26T00:00:00+00:00;LINKBULL/USD;2,60900000;2,70200000;1,80900000;1,93900000;-34,55
2021-08-25T00:00:00+00:00;LINKBULL/USD;2,34300000;2,69100000;2,24900000;2,60900000;10,2
2021-08-24T00:00:00+00:00;LINKBULL/USD;3,37200000;3,49600000;2,34300000;2,34300000;-43,92
2021-08-23T00:00:00+00:00;LINKBULL/USD;3,20000000;3,65000000;3,13500000;3,37200000;5,1
2021-08-22T00:00:00+00:00;LINKBULL/USD;3,16100000;3,43300000;2,77300000;3,20000000;1,22
2021-08-21T00:00:00+00:00;LINKBULL/USD;3,47800000;3,64800000;3,07600000;3,16100000;-10,03
2021-08-20T00:00:00+00:00;LINKBULL/USD;2,94200000;3,57800000;2,82000000;3,47800000;15,41
2021-08-19T00:00:00+00:00;LINKBULL/USD;2,44700000;2,95800000;2,20100000;2,94200000;16,83
2021-08-18T00:00:00+00:00;LINKBULL/USD;2,66900000;2,94400000;2,31300000;2,44700000;-9,07
2021-08-17T00:00:00+00:00;LINKBULL/USD;3,34700000;4,18100000;2,60900000;2,66900000;-25,4
2021-08-16T00:00:00+00:00;LINKBULL/USD;3,33700000;4,30200000;3,26300000;3,34700000;0,3
2021-08-15T00:00:00+00:00;LINKBULL/USD;3,08400000;3,38700000;2,66500000;3,33700000;7,58
2021-08-14T00:00:00+00:00;LINKBULL/USD;3,29900000;3,36400000;2,83500000;3,08400000;-6,97
2021-08-13T00:00:00+00:00;LINKBULL/USD;2,48300000;3,31600000;2,41800000;3,29900000;24,73
2021-08-12T00:00:00+00:00;LINKBULL/USD;2,80600000;3,12500000;2,21000000;2,48300000;-13,01
2021-08-11T00:00:00+00:00;LINKBULL/USD;2,40900000;3,21300000;2,38500000;2,80600000;14,15
2021-08-10T00:00:00+00:00;LINKBULL/USD;2,31800000;2,67200000;2,17000000;2,40900000;3,78
2021-08-09T00:00:00+00:00;LINKBULL/USD;1,99700000;2,45250000;1,75300000;2,31800000;13,85
2021-08-08T00:00:00+00:00;LINKBULL/USD;2,51200000;2,59900000;1,86450000;1,99700000;-25,79
2021-08-07T00:00:00+00:00;LINKBULL/USD;2,28050000;2,65050000;2,21400000;2,52000000;9,5
2021-08-06T00:00:00+00:00;LINKBULL/USD;2,35300000;2,46050000;2,04450000;2,28050000;-3,18
2021-08-05T00:00:00+00:00;LINKBULL/USD;2,38200000;2,41850000;1,89850000;2,35300000;-1,23
2021-08-04T00:00:00+00:00;LINKBULL/USD;2,31200000;2,61900000;2,00850000;2,38200000;2,94
2021-08-03T00:00:00+00:00;LINKBULL/USD;2,18800000;2,44350000;1,81300000;2,31200000;5,36
2021-08-02T00:00:00+00:00;LINKBULL/USD;1,84800000;2,31400000;1,68650000;2,18800000;15,54
2021-08-01T00:00:00+00:00;LINKBULL/USD;1,98950000;2,34200000;1,78650000;1,84800000;-7,66
2021-07-31T00:00:00+00:00;LINKBULL/USD;1,90850000;2,17900000;1,65200000;1,98950000;4,07
2021-07-30T00:00:00+00:00;LINKBULL/USD;1,30800000;1,97850000;1,20300000;1,90850000;31,46
2021-07-29T00:00:00+00:00;LINKBULL/USD;1,26050000;1,32600000;1,16550000;1,30800000;3,63
2021-07-28T00:00:00+00:00;LINKBULL/USD;1,34200000;1,45300000;1,16600000;1,26050000;-6,47
2021-07-27T00:00:00+00:00;LINKBULL/USD;1,07900000;1,36650000;1,00950000;1,34200000;19,6
2021-07-26T00:00:00+00:00;LINKBULL/USD;0,88050000;1,38250000;0,86950000;1,07900000;18,4
2021-07-25T00:00:00+00:00;LINKBULL/USD;0,87150000;0,92475000;0,78750000;0,88050000;1,02
2021-07-24T00:00:00+00:00;LINKBULL/USD;0,84000000;0,93500000;0,81500000;0,87150000;3,61
2021-07-23T00:00:00+00:00;LINKBULL/USD;0,78100000;0,84975000;0,66000000;0,84000000;7,02
2021-07-22T00:00:00+00:00;LINKBULL/USD;0,67475000;0,79000000;0,63875000;0,78100000;13,6
2021-07-21T00:00:00+00:00;LINKBULL/USD;0,50270000;0,72725000;0,47520000;0,67475000;25,5
2021-07-20T00:00:00+00:00;LINKBULL/USD;0,60050000;0,62875000;0,46450000;0,50270000;-19,45
2021-07-19T00:00:00+00:00;LINKBULL/USD;0,74225000;0,76000000;0,58800000;0,60050000;-23,61
2021-07-18T00:00:00+00:00;LINKBULL/USD;0,72450000;0,81975000;0,69575000;0,74225000;2,39
2021-07-17T00:00:00+00:00;LINKBULL/USD;0,71000000;0,77350000;0,67850000;0,72450000;2,0
2021-07-16T00:00:00+00:00;LINKBULL/USD;0,78300000;0,86725000;0,69500000;0,71000000;-10,28
2021-07-15T00:00:00+00:00;LINKBULL/USD;0,99300000;1,04400000;0,74600000;0,78300000;-26,82
2021-07-14T00:00:00+00:00;LINKBULL/USD;0,98250000;1,07775000;0,83725000;0,99300000;1,06
2021-07-13T00:00:00+00:00;LINKBULL/USD;1,11200000;1,15200000;0,94750000;0,98250000;-13,18
2021-07-12T00:00:00+00:00;LINKBULL/USD;1,28600000;1,33550000;1,02900000;1,11200000;-15,65
2021-07-11T00:00:00+00:00;LINKBULL/USD;1,26050000;1,33300000;1,18700000;1,28600000;1,98
2021-07-10T00:00:00+00:00;LINKBULL/USD;1,36150000;1,42150000;1,15700000;1,26050000;-8,01
2021-07-09T00:00:00+00:00;LINKBULL/USD;1,30200000;1,39600000;1,14350000;1,36150000;4,37
2021-07-08T00:00:00+00:00;LINKBULL/USD;1,65750000;1,67650000;1,24600000;1,30200000;-27,3
2021-07-07T00:00:00+00:00;LINKBULL/USD;1,73650000;2,04350000;1,62200000;1,65750000;-4,77
2021-07-06T00:00:00+00:00;LINKBULL/USD;1,34550000;1,77550000;1,34250000;1,73650000;22,52
2021-07-05T00:00:00+00:00;LINKBULL/USD;1,55650000;1,55650000;1,21000000;1,34550000;-15,68
2021-07-04T00:00:00+00:00;LINKBULL/USD;1,39500000;1,70900000;1,27400000;1,55650000;10,38
2021-07-03T00:00:00+00:00;LINKBULL/USD;1,33550000;1,47400000;1,24750000;1,39500000;4,27
2021-07-02T00:00:00+00:00;LINKBULL/USD;1,32700000;1,38850000;1,12650000;1,33550000;0,64
2021-07-01T00:00:00+00:00;LINKBULL/USD;1,66400000;1,66400000;1,18200000;1,32700000;-25,4
2021-06-30T00:00:00+00:00;LINKBULL/USD;1,65600000;1,71900000;1,31900000;1,66400000;0,48
2021-06-29T00:00:00+00:00;LINKBULL/USD;1,48950000;1,90000000;1,48600000;1,65600000;10,05
2021-06-28T00:00:00+00:00;LINKBULL/USD;1,39900000;1,63250000;1,29050000;1,48950000;6,08
2021-06-27T00:00:00+00:00;LINKBULL/USD;1,11700000;1,39900000;1,05300000;1,39900000;20,16
2021-06-26T00:00:00+00:00;LINKBULL/USD;1,10700000;1,22100000;0,92350000;1,11700000;0,9
2021-06-25T00:00:00+00:00;LINKBULL/USD;1,67850000;1,79200000;1,09500000;1,10700000;-51,63
2021-06-24T00:00:00+00:00;LINKBULL/USD;1,51100000;1,78750000;1,26600000;1,67850000;9,98
2021-06-23T00:00:00+00:00;LINKBULL/USD;1,18500000;1,71100000;1,06100000;1,51100000;21,58
2021-06-22T00:00:00+00:00;LINKBULL/USD;1,41400000;1,74200000;0,85725000;1,18500000;-19,32
2021-06-21T00:00:00+00:00;LINKBULL/USD;3,03300000;3,11100000;1,32000000;1,41400000;-114,5
2021-06-20T00:00:00+00:00;LINKBULL/USD;2,53500000;3,19400000;2,07700000;3,03300000;16,42
2021-06-19T00:00:00+00:00;LINKBULL/USD;2,93400000;3,21200000;2,50000000;2,53500000;-15,74
2021-06-18T00:00:00+00:00;LINKBULL/USD;4,13100000;4,14000000;2,65000000;2,93400000;-40,8
2021-06-17T00:00:00+00:00;LINKBULL/USD;3,93900000;4,65800000;3,83400000;4,13100000;4,65
2021-06-16T00:00:00+00:00;LINKBULL/USD;4,83800000;4,91200000;3,87600000;3,93900000;-22,82
2021-06-15T00:00:00+00:00;LINKBULL/USD;5,15000000;6,04750000;4,78750000;4,83800000;-6,45
2021-06-14T00:00:00+00:00;LINKBULL/USD;4,27600000;5,32000000;3,97200000;5,15000000;16,97
2021-06-13T00:00:00+00:00;LINKBULL/USD;3,45600000;4,51900000;2,88200000;4,27600000;19,18
2021-06-12T00:00:00+00:00;LINKBULL/USD;3,39500000;3,74100000;2,70000000;3,45600000;1,77
2021-06-11T00:00:00+00:00;LINKBULL/USD;4,29000000;4,43200000;3,12300000;3,39500000;-26,36
2021-06-10T00:00:00+00:00;LINKBULL/USD;6,14750000;6,31250000;4,10000000;4,29000000;-43,3
2021-06-09T00:00:00+00:00;LINKBULL/USD;5,20700000;6,19000000;4,11500000;6,14750000;15,3
2021-06-08T00:00:00+00:00;LINKBULL/USD;5,94500000;6,29250000;3,70700000;5,20700000;-14,17
2021-06-07T00:00:00+00:00;LINKBULL/USD;8,86500000;9,96000000;5,69000000;5,94500000;-49,12
2021-06-06T00:00:00+00:00;LINKBULL/USD;8,48250000;9,50000000;8,19250000;8,86500000;4,31
2021-06-05T00:00:00+00:00;LINKBULL/USD;10,32000000;11,79250000;7,40000000;8,48250000;-21,66
2021-06-04T00:00:00+00:00;LINKBULL/USD;15,08500000;15,16500000;8,66000000;10,32000000;-46,17
2021-06-03T00:00:00+00:00;LINKBULL/USD;13,10500000;15,91000000;12,37500000;15,08500000;13,13
2021-06-02T00:00:00+00:00;LINKBULL/USD;13,16500000;15,07500000;11,88000000;13,10500000;-0,46
2021-06-01T00:00:00+00:00;LINKBULL/USD;15,47000000;16,11000000;10,71500000;13,16500000;-17,51
2021-05-31T00:00:00+00:00;LINKBULL/USD;9,72500000;15,49250000;8,45500000;15,47000000;37,14
2021-05-30T00:00:00+00:00;LINKBULL/USD;8,36500000;11,95000000;6,71500000;9,72500000;13,98
2021-05-29T00:00:00+00:00;LINKBULL/USD;11,64000000;13,90500000;7,13500000;8,36500000;-39,15
2021-05-28T00:00:00+00:00;LINKBULL/USD;17,88500000;18,62000000;10,29500000;11,64000000;-53,65
2021-05-27T00:00:00+00:00;LINKBULL/USD;23,35000000;23,97000000;15,34000000;17,88500000;-30,56
2021-05-26T00:00:00+00:00;LINKBULL/USD;13,69000000;23,72000000;12,65000000;23,35000000;41,37
2021-05-25T00:00:00+00:00;LINKBULL/USD;11,99500000;13,83500000;8,33500000;13,69000000;12,38
2021-05-24T00:00:00+00:00;LINKBULL/USD;6,10750000;12,00000000;5,86250000;11,99500000;49,08
2021-05-23T00:00:00+00:00;LINKBULL/USD;12,85500000;14,49000000;2,87800000;6,10750000;-110,48
2021-05-22T00:00:00+00:00;LINKBULL/USD;17,96000000;19,24500000;11,20000000;12,85500000;-39,71
2021-05-21T00:00:00+00:00;LINKBULL/USD;35,33000000;39,56000000;11,41500000;17,96000000;-96,71
2021-05-20T00:00:00+00:00;LINKBULL/USD;27,85000000;41,99500000;16,40500000;35,33000000;21,17
2021-05-19T00:00:00+00:00;LINKBULL/USD;286,20000000;302,60000000;16,65000000;27,85000000;-927,65
2021-05-18T00:00:00+00:00;LINKBULL/USD;201,00000000;321,10000000;192,60000000;286,20000000;29,77
2021-05-17T00:00:00+00:00;LINKBULL/USD;283,60000000;285,50000000;168,50000000;201,00000000;-41,09
2021-05-16T00:00:00+00:00;LINKBULL/USD;300,90000000;370,30000000;226,00000000;283,60000000;-6,1
2021-05-15T00:00:00+00:00;LINKBULL/USD;456,00000000;491,50000000;293,00000000;300,90000000;-51,55
2021-05-14T00:00:00+00:00;LINKBULL/USD;370,20000000;486,60000000;358,00000000;456,00000000;18,82
2021-05-13T00:00:00+00:00;LINKBULL/USD;340,60000000;412,75000000;282,70000000;370,20000000;8,0
2021-05-12T00:00:00+00:00;LINKBULL/USD;579,75000000;615,50000000;322,80000000;340,60000000;-70,21
2021-05-11T00:00:00+00:00;LINKBULL/USD;498,75000000;581,50000000;447,90000000;579,75000000;13,97
2021-05-10T00:00:00+00:00;LINKBULL/USD;765,25000000;802,75000000;322,50000000;498,75000000;-53,43
2021-05-09T00:00:00+00:00;LINKBULL/USD;635,00000000;774,00000000;530,00000000;765,25000000;17,02
2021-05-08T00:00:00+00:00;LINKBULL/USD;653,00000000;698,00000000;557,00000000;635,00000000;-2,83
2021-05-07T00:00:00+00:00;LINKBULL/USD;587,25000000;755,25000000;529,75000000;653,00000000;10,07
2021-05-06T00:00:00+00:00;LINKBULL/USD;686,50000000;703,25000000;514,25000000;587,25000000;-16,9
2021-05-05T00:00:00+00:00;LINKBULL/USD;549,00000000;747,00000000;526,80000000;686,50000000;20,03
2021-05-04T00:00:00+00:00;LINKBULL/USD;440,80000000;644,00000000;342,30000000;549,00000000;19,71
2021-05-03T00:00:00+00:00;LINKBULL/USD;370,90000000;460,00000000;361,70000000;440,80000000;15,86
2021-05-02T00:00:00+00:00;LINKBULL/USD;428,50000000;436,90000000;348,60000000;370,90000000;-15,53
2021-05-01T00:00:00+00:00;LINKBULL/USD;342,30000000;428,50000000;327,80000000;428,50000000;20,12
2021-04-30T00:00:00+00:00;LINKBULL/USD;304,90000000;362,00000000;286,50000000;342,30000000;10,93
2021-04-29T00:00:00+00:00;LINKBULL/USD;300,30000000;331,90000000;269,40000000;304,90000000;1,51
2021-04-28T00:00:00+00:00;LINKBULL/USD;315,20000000;341,95000000;267,60000000;300,30000000;-4,96
2021-04-27T00:00:00+00:00;LINKBULL/USD;278,70000000;335,70000000;262,20000000;315,20000000;11,58
2021-04-26T00:00:00+00:00;LINKBULL/USD;209,80000000;283,40000000;204,15000000;278,70000000;24,72
2021-04-25T00:00:00+00:00;LINKBULL/USD;201,95000000;243,50000000;175,00000000;209,80000000;3,74
2021-04-24T00:00:00+00:00;LINKBULL/USD;303,40000000;306,20000000;199,20000000;201,95000000;-50,24
2021-04-23T00:00:00+00:00;LINKBULL/USD;351,90000000;374,30000000;200,00000000;303,40000000;-15,99
2021-04-22T00:00:00+00:00;LINKBULL/USD;388,50000000;535,75000000;313,00000000;351,90000000;-10,4
2021-04-21T00:00:00+00:00;LINKBULL/USD;496,90000000;519,20000000;375,00000000;388,50000000;-27,9
2021-04-20T00:00:00+00:00;LINKBULL/USD;389,80000000;511,25000000;310,50000000;496,90000000;21,55
2021-04-19T00:00:00+00:00;LINKBULL/USD;540,50000000;667,50000000;367,00000000;389,80000000;-38,66
2021-04-18T00:00:00+00:00;LINKBULL/USD;650,75000000;665,50000000;221,80000000;540,50000000;-20,4
2021-04-17T00:00:00+00:00;LINKBULL/USD;762,50000000;871,75000000;642,75000000;650,75000000;-17,17
2021-04-16T00:00:00+00:00;LINKBULL/USD;810,50000000;835,75000000;572,00000000;762,50000000;-6,3
2021-04-15T00:00:00+00:00;LINKBULL/USD;765,00000000;904,00000000;653,40000000;810,50000000;5,61
2021-04-14T00:00:00+00:00;LINKBULL/USD;513,00000000;785,20000000;479,60000000;765,00000000;32,94
2021-04-13T00:00:00+00:00;LINKBULL/USD;423,00000000;531,40000000;395,80000000;513,00000000;17,54
2021-04-12T00:00:00+00:00;LINKBULL/USD;460,00000000;468,70000000;375,10000000;423,00000000;-8,75
2021-04-11T00:00:00+00:00;LINKBULL/USD;390,50000000;483,50000000;382,00000000;460,00000000;15,11
2021-04-10T00:00:00+00:00;LINKBULL/USD;381,60000000;434,20000000;360,50000000;390,50000000;2,28
2021-04-09T00:00:00+00:00;LINKBULL/USD;434,00000000;453,40000000;371,30000000;381,60000000;-13,73
2021-04-08T00:00:00+00:00;LINKBULL/USD;380,50000000;438,30000000;370,10000000;434,00000000;12,33
2021-04-07T00:00:00+00:00;LINKBULL/USD;560,50000000;572,75000000;347,50000000;380,50000000;-47,31
2021-04-06T00:00:00+00:00;LINKBULL/USD;461,80000000;566,80000000;411,10000000;560,50000000;17,61
2021-04-05T00:00:00+00:00;LINKBULL/USD;402,60000000;472,50000000;357,80000000;461,80000000;12,82
2021-04-04T00:00:00+00:00;LINKBULL/USD;352,20000000;426,40000000;333,70000000;402,60000000;12,52
2021-04-03T00:00:00+00:00;LINKBULL/USD;507,70000000;538,10000000;347,10000000;352,20000000;-44,15
2021-04-02T00:00:00+00:00;LINKBULL/USD;412,40000000;515,00000000;394,70000000;507,70000000;18,77
2021-04-01T00:00:00+00:00;LINKBULL/USD;394,40000000;459,00000000;387,50000000;412,40000000;4,36
2021-03-31T00:00:00+00:00;LINKBULL/USD;336,20000000;394,40000000;280,90000000;394,40000000;14,76
2021-03-30T00:00:00+00:00;LINKBULL/USD;348,10000000;366,80000000;319,70000000;336,20000000;-3,54
2021-03-29T00:00:00+00:00;LINKBULL/USD;301,00000000;365,80000000;293,10000000;348,10000000;13,53
2021-03-28T00:00:00+00:00;LINKBULL/USD;312,60000000;336,30000000;285,20000000;301,00000000;-3,85
2021-03-27T00:00:00+00:00;LINKBULL/USD;331,10000000;334,50000000;282,40000000;312,60000000;-5,92
2021-03-26T00:00:00+00:00;LINKBULL/USD;274,90000000;332,20000000;265,10000000;331,10000000;16,97
2021-03-25T00:00:00+00:00;LINKBULL/USD;256,20000000;308,80000000;240,30000000;274,60000000;6,7
2021-03-24T00:00:00+00:00;LINKBULL/USD;330,60000000;369,30000000;218,50000000;256,20000000;-29,04
2021-03-23T00:00:00+00:00;LINKBULL/USD;352,40000000;371,90000000;323,70000000;330,60000000;-6,59
2021-03-22T00:00:00+00:00;LINKBULL/USD;452,70000000;452,70000000;352,30000000;352,40000000;-28,46
2021-03-21T00:00:00+00:00;LINKBULL/USD;470,80000000;486,50000000;422,30000000;452,70000000;-4,0
2021-03-20T00:00:00+00:00;LINKBULL/USD;476,50000000;555,00000000;464,80000000;470,80000000;-1,21
2021-03-19T00:00:00+00:00;LINKBULL/USD;463,00000000;512,50000000;428,00000000;476,50000000;2,83
2021-03-18T00:00:00+00:00;LINKBULL/USD;549,00000000;560,00000000;442,50000000;463,00000000;-18,57
2021-03-17T00:00:00+00:00;LINKBULL/USD;411,60000000;553,60000000;386,70000000;549,00000000;25,03
2021-03-16T00:00:00+00:00;LINKBULL/USD;397,00000000;424,70000000;349,25000000;411,60000000;3,55
2021-03-15T00:00:00+00:00;LINKBULL/USD;450,00000000;487,90000000;365,00000000;397,00000000;-13,35
2021-03-14T00:00:00+00:00;LINKBULL/USD;517,00000000;533,70000000;450,00000000;450,00000000;-14,89
2021-03-13T00:00:00+00:00;LINKBULL/USD;451,10000000;553,75000000;382,50000000;517,00000000;12,75
2021-03-12T00:00:00+00:00;LINKBULL/USD;555,75000000;571,25000000;416,30000000;451,10000000;-23,2
2021-03-11T00:00:00+00:00;LINKBULL/USD;548,50000000;573,25000000;474,25000000;555,75000000;1,3
2021-03-10T00:00:00+00:00;LINKBULL/USD;649,75000000;668,00000000;507,00000000;548,50000000;-18,46
2021-03-09T00:00:00+00:00;LINKBULL/USD;674,50000000;684,25000000;582,75000000;649,75000000;-3,81
2021-03-08T00:00:00+00:00;LINKBULL/USD;501,00000000;674,50000000;486,50000000;674,50000000;25,72
2021-03-07T00:00:00+00:00;LINKBULL/USD;480,50000000;531,00000000;437,90000000;501,00000000;4,09
2021-03-06T00:00:00+00:00;LINKBULL/USD;467,20000000;493,00000000;388,90000000;480,50000000;2,77
2021-03-05T00:00:00+00:00;LINKBULL/USD;468,50000000;485,25000000;364,80000000;467,20000000;-0,28
2021-03-04T00:00:00+00:00;LINKBULL/USD;598,50000000;640,00000000;439,70000000;468,50000000;-27,75
2021-03-03T00:00:00+00:00;LINKBULL/USD;520,50000000;685,00000000;503,50000000;598,50000000;13,03
2021-03-02T00:00:00+00:00;LINKBULL/USD;487,00000000;628,20000000;454,40000000;519,90000000;6,33
2021-03-01T00:00:00+00:00;LINKBULL/USD;354,00000000;488,10000000;347,50000000;487,00000000;27,31
2021-02-28T00:00:00+00:00;LINKBULL/USD;446,00000000;473,90000000;286,10000000;354,00000000;-25,99
2021-02-27T00:00:00+00:00;LINKBULL/USD;398,00000000;499,00000000;385,60000000;446,00000000;10,76
2021-02-26T00:00:00+00:00;LINKBULL/USD;376,80000000;478,50000000;331,20000000;398,00000000;5,33
2021-02-25T00:00:00+00:00;LINKBULL/USD;592,50000000;629,25000000;365,50000000;376,80000000;-57,25
2021-02-24T00:00:00+00:00;LINKBULL/USD;477,20000000;658,00000000;400,50000000;592,50000000;19,46
2021-02-23T00:00:00+00:00;LINKBULL/USD;1059,00000000;1081,00000000;270,00000000;477,20000000;-121,92
2021-02-22T00:00:00+00:00;LINKBULL/USD;1609,50000000;1614,50000000;561,50000000;1058,50000000;-52,05
2021-02-21T00:00:00+00:00;LINKBULL/USD;1589,00000000;1768,00000000;1470,00000000;1609,50000000;1,27
2021-02-20T00:00:00+00:00;LINKBULL/USD;1691,00000000;2026,00000000;1313,50000000;1589,00000000;-6,42
2021-02-19T00:00:00+00:00;LINKBULL/USD;1419,50000000;1808,00000000;1269,00000000;1691,00000000;16,06
2021-02-18T00:00:00+00:00;LINKBULL/USD;1407,50000000;1583,75000000;1350,00000000;1419,50000000;0,85
2021-02-17T00:00:00+00:00;LINKBULL/USD;1359,00000000;1476,00000000;1120,50000000;1407,50000000;3,45
2021-02-16T00:00:00+00:00;LINKBULL/USD;1434,50000000;1540,50000000;1184,75000000;1359,00000000;-5,56
2021-02-15T00:00:00+00:00;LINKBULL/USD;1750,50000000;1817,00000000;950,75000000;1434,50000000;-22,03
2021-02-14T00:00:00+00:00;LINKBULL/USD;1965,50000000;2200,00000000;1623,50000000;1750,50000000;-12,28
2021-02-13T00:00:00+00:00;LINKBULL/USD;1486,50000000;2043,50000000;1201,50000000;1965,50000000;24,37
2021-02-12T00:00:00+00:00;LINKBULL/USD;1142,50000000;1586,00000000;1003,00000000;1486,50000000;23,14
2021-02-11T00:00:00+00:00;LINKBULL/USD;1037,50000000;1222,00000000;960,00000000;1142,50000000;9,19
2021-02-10T00:00:00+00:00;LINKBULL/USD;1170,00000000;1275,50000000;855,50000000;1037,50000000;-12,77
2021-02-09T00:00:00+00:00;LINKBULL/USD;936,50000000;1207,00000000;887,25000000;1170,00000000;19,96
2021-02-08T00:00:00+00:00;LINKBULL/USD;864,75000000;988,50000000;780,25000000;936,50000000;7,66
2021-02-07T00:00:00+00:00;LINKBULL/USD;900,00000000;913,50000000;662,00000000;864,75000000;-4,08
2021-02-06T00:00:00+00:00;LINKBULL/USD;1059,00000000;1111,00000000;802,50000000;900,00000000;-17,67
2021-02-05T00:00:00+00:00;LINKBULL/USD;862,50000000;1130,00000000;854,00000000;1059,00000000;18,56
2021-02-04T00:00:00+00:00;LINKBULL/USD;938,50000000;1050,00000000;680,00000000;862,50000000;-8,81
2021-02-03T00:00:00+00:00;LINKBULL/USD;810,75000000;991,50000000;788,25000000;938,50000000;13,61
2021-02-02T00:00:00+00:00;LINKBULL/USD;730,00000000;855,00000000;704,75000000;810,75000000;9,96
2021-02-01T00:00:00+00:00;LINKBULL/USD;708,75000000;753,75000000;619,50000000;730,00000000;2,91
2021-01-31T00:00:00+00:00;LINKBULL/USD;820,00000000;927,00000000;652,25000000;708,75000000;-15,7
2021-01-30T00:00:00+00:00;LINKBULL/USD;747,25000000;855,25000000;679,00000000;820,00000000;8,87
2021-01-29T00:00:00+00:00;LINKBULL/USD;774,00000000;919,25000000;676,50000000;747,25000000;-3,58
2021-01-28T00:00:00+00:00;LINKBULL/USD;596,00000000;898,25000000;559,00000000;774,00000000;23,0
2021-01-27T00:00:00+00:00;LINKBULL/USD;852,00000000;862,25000000;538,00000000;596,00000000;-42,95
2021-01-26T00:00:00+00:00;LINKBULL/USD;890,25000000;942,75000000;690,75000000;852,00000000;-4,49
2021-01-25T00:00:00+00:00;LINKBULL/USD;1081,50000000;1210,00000000;780,00000000;890,25000000;-21,48
2021-01-24T00:00:00+00:00;LINKBULL/USD;1092,00000000;1100,00000000;877,00000000;1081,50000000;-0,97
2021-01-23T00:00:00+00:00;LINKBULL/USD;765,25000000;1179,50000000;702,75000000;1092,00000000;29,92
2021-01-22T00:00:00+00:00;LINKBULL/USD;504,75000000;839,10000000;400,00000000;765,25000000;34,04
2021-01-21T00:00:00+00:00;LINKBULL/USD;925,50000000;941,75000000;478,00000000;504,75000000;-83,36
2021-01-20T00:00:00+00:00;LINKBULL/USD;783,50000000;933,00000000;609,00000000;925,50000000;15,34
2021-01-19T00:00:00+00:00;LINKBULL/USD;987,25000000;1100,00000000;763,00000000;783,50000000;-26,01
2021-01-18T00:00:00+00:00;LINKBULL/USD;1191,50000000;1243,50000000;851,00000000;987,25000000;-20,69
2021-01-17T00:00:00+00:00;LINKBULL/USD;834,50000000;1243,50000000;715,50000000;1191,50000000;29,96
2021-01-16T00:00:00+00:00;LINKBULL/USD;936,25000000;1221,00000000;765,50000000;834,50000000;-12,19
2021-01-15T00:00:00+00:00;LINKBULL/USD;642,25000000;1002,50000000;591,75000000;936,25000000;31,4
2021-01-14T00:00:00+00:00;LINKBULL/USD;469,00000000;642,25000000;407,10000000;642,25000000;26,98
2021-01-13T00:00:00+00:00;LINKBULL/USD;331,00000000;489,50000000;290,80000000;469,00000000;29,42
2021-01-12T00:00:00+00:00;LINKBULL/USD;383,50000000;447,50000000;309,50000000;331,00000000;-15,86
2021-01-11T00:00:00+00:00;LINKBULL/USD;623,00000000;654,50000000;233,80000000;383,50000000;-62,45
2021-01-10T00:00:00+00:00;LINKBULL/USD;847,50000000;969,00000000;550,50000000;623,00000000;-36,04
2021-01-09T00:00:00+00:00;LINKBULL/USD;581,50000000;890,75000000;547,75000000;847,50000000;31,39
2021-01-08T00:00:00+00:00;LINKBULL/USD;722,00000000;736,50000000;495,20000000;581,50000000;-24,16
2021-01-07T00:00:00+00:00;LINKBULL/USD;979,75000000;1003,50000000;630,00000000;722,00000000;-35,7
2021-01-06T00:00:00+00:00;LINKBULL/USD;621,50000000;1025,00000000;571,50000000;979,75000000;36,57
2021-01-05T00:00:00+00:00;LINKBULL/USD;522,50000000;670,00000000;462,10000000;621,50000000;15,93
2021-01-04T00:00:00+00:00;LINKBULL/USD;542,50000000;778,00000000;370,00000000;522,50000000;-3,83
2021-01-03T00:00:00+00:00;LINKBULL/USD;398,30000000;578,00000000;362,00000000;542,50000000;26,58
2021-01-02T00:00:00+00:00;LINKBULL/USD;367,80000000;417,20000000;330,00000000;398,30000000;7,66
2021-01-01T00:00:00+00:00;LINKBULL/USD;316,20000000;416,40000000;303,40000000;367,80000000;14,03
2020-12-31T00:00:00+00:00;LINKBULL/USD;319,80000000;358,10000000;289,80000000;316,20000000;-1,14
2020-12-30T00:00:00+00:00;LINKBULL/USD;365,60000000;383,30000000;299,40000000;319,80000000;-14,32
2020-12-29T00:00:00+00:00;LINKBULL/USD;484,00000000;529,30000000;284,00000000;365,60000000;-32,39
2020-12-28T00:00:00+00:00;LINKBULL/USD;440,50000000;524,30000000;423,30000000;484,00000000;8,99
2020-12-27T00:00:00+00:00;LINKBULL/USD;334,50000000;536,00000000;288,00000000;440,50000000;24,06
2020-12-26T00:00:00+00:00;LINKBULL/USD;391,00000000;419,80000000;297,20000000;334,50000000;-16,89
2020-12-25T00:00:00+00:00;LINKBULL/USD;394,80000000;426,80000000;341,10000000;391,00000000;-0,97
2020-12-24T00:00:00+00:00;LINKBULL/USD;346,40000000;404,90000000;265,00000000;394,80000000;12,26
2020-12-23T00:00:00+00:00;LINKBULL/USD;756,50000000;768,00000000;146,90000000;346,40000000;-118,39
2020-12-22T00:00:00+00:00;LINKBULL/USD;680,00000000;762,00000000;600,00000000;756,50000000;10,11
2020-12-21T00:00:00+00:00;LINKBULL/USD;820,75000000;862,00000000;640,00000000;680,00000000;-20,7
2020-12-20T00:00:00+00:00;LINKBULL/USD;910,00000000;976,50000000;750,00000000;820,75000000;-10,87
2020-12-19T00:00:00+00:00;LINKBULL/USD;918,75000000;1012,00000000;881,75000000;910,00000000;-0,96
2020-12-18T00:00:00+00:00;LINKBULL/USD;914,50000000;1053,50000000;853,00000000;918,75000000;0,46
2020-12-17T00:00:00+00:00;LINKBULL/USD;940,75000000;1140,00000000;737,50000000;914,50000000;-2,87
2020-12-16T00:00:00+00:00;LINKBULL/USD;781,75000000;949,75000000;713,25000000;940,75000000;16,9
2020-12-15T00:00:00+00:00;LINKBULL/USD;815,50000000;845,00000000;747,75000000;781,75000000;-4,32
2020-12-14T00:00:00+00:00;LINKBULL/USD;829,00000000;839,00000000;715,25000000;815,50000000;-1,66
2020-12-13T00:00:00+00:00;LINKBULL/USD;707,25000000;893,00000000;672,00000000;829,00000000;14,69
2020-12-12T00:00:00+00:00;LINKBULL/USD;617,50000000;739,00000000;610,00000000;707,25000000;12,69
2020-12-11T00:00:00+00:00;LINKBULL/USD;663,75000000;681,50000000;584,50000000;617,50000000;-7,49
2020-12-10T00:00:00+00:00;LINKBULL/USD;799,00000000;804,00000000;649,00000000;663,75000000;-20,38
2020-12-09T00:00:00+00:00;LINKBULL/USD;728,00000000;835,00000000;615,00000000;799,00000000;8,89
2020-12-08T00:00:00+00:00;LINKBULL/USD;920,50000000;942,50000000;683,50000000;728,00000000;-26,44
2020-12-07T00:00:00+00:00;LINKBULL/USD;1027,00000000;1031,00000000;873,00000000;920,50000000;-11,57
2020-12-06T00:00:00+00:00;LINKBULL/USD;952,25000000;1027,00000000;860,00000000;1027,00000000;7,28
2020-12-05T00:00:00+00:00;LINKBULL/USD;859,75000000;986,50000000;826,50000000;952,25000000;9,71
2020-12-04T00:00:00+00:00;LINKBULL/USD;1185,50000000;1197,00000000;808,50000000;859,75000000;-37,89
2020-12-03T00:00:00+00:00;LINKBULL/USD;1201,50000000;1250,00000000;1118,00000000;1185,50000000;-1,35
2020-12-02T00:00:00+00:00;LINKBULL/USD;1060,50000000;1235,00000000;986,00000000;1201,50000000;11,74
2020-12-01T00:00:00+00:00;LINKBULL/USD;1322,00000000;1482,00000000;999,00000000;1060,50000000;-24,66
2020-11-30T00:00:00+00:00;LINKBULL/USD;1105,00000000;1367,50000000;1103,50000000;1322,00000000;16,41
2020-11-29T00:00:00+00:00;LINKBULL/USD;1030,00000000;1134,25000000;977,00000000;1103,50000000;6,66
2020-11-28T00:00:00+00:00;LINKBULL/USD;916,50000000;1155,00000000;874,00000000;1030,00000000;11,02
2020-11-27T00:00:00+00:00;LINKBULL/USD;935,50000000;1047,00000000;801,25000000;916,50000000;-2,07
2020-11-26T00:00:00+00:00;LINKBULL/USD;1476,50000000;1536,00000000;650,00000000;935,50000000;-57,83
2020-11-25T00:00:00+00:00;LINKBULL/USD;2060,00000000;2150,00000000;1298,00000000;1476,50000000;-39,52
2020-11-24T00:00:00+00:00;LINKBULL/USD;1948,00000000;2377,00000000;1823,00000000;2060,00000000;5,44
2020-11-23T00:00:00+00:00;LINKBULL/USD;1688,50000000;2037,00000000;1600,00000000;1948,00000000;13,32
2020-11-22T00:00:00+00:00;LINKBULL/USD;2100,50000000;2186,00000000;1400,00000000;1688,50000000;-24,4
2020-11-21T00:00:00+00:00;LINKBULL/USD;1596,00000000;2121,00000000;1484,50000000;2100,50000000;24,02
2020-11-20T00:00:00+00:00;LINKBULL/USD;1461,50000000;1758,00000000;1416,00000000;1596,00000000;8,43
2020-11-19T00:00:00+00:00;LINKBULL/USD;1452,00000000;1581,00000000;1278,50000000;1461,50000000;0,65
2020-11-18T00:00:00+00:00;LINKBULL/USD;1425,00000000;1704,50000000;1171,50000000;1452,00000000;1,86
2020-11-17T00:00:00+00:00;LINKBULL/USD;1208,00000000;1433,00000000;1165,00000000;1425,00000000;15,23
2020-11-16T00:00:00+00:00;LINKBULL/USD;1071,50000000;1263,00000000;1040,00000000;1208,00000000;11,3
2020-11-15T00:00:00+00:00;LINKBULL/USD;1198,50000000;1223,50000000;991,00000000;1071,50000000;-11,85
2020-11-14T00:00:00+00:00;LINKBULL/USD;1302,00000000;1315,50000000;1137,00000000;1198,50000000;-8,64
2020-11-13T00:00:00+00:00;LINKBULL/USD;1181,50000000;1344,00000000;1145,00000000;1302,00000000;9,25
2020-11-12T00:00:00+00:00;LINKBULL/USD;1270,50000000;1371,50000000;1138,00000000;1181,50000000;-7,53
2020-11-11T00:00:00+00:00;LINKBULL/USD;1369,50000000;1497,00000000;1270,50000000;1270,50000000;-7,79
2020-11-10T00:00:00+00:00;LINKBULL/USD;1233,00000000;1448,00000000;1180,00000000;1369,50000000;9,97
2020-11-09T00:00:00+00:00;LINKBULL/USD;1296,00000000;1381,00000000;1088,00000000;1233,00000000;-5,11
2020-11-08T00:00:00+00:00;LINKBULL/USD;1060,00000000;1386,00000000;987,00000000;1296,00000000;18,21
2020-11-07T00:00:00+00:00;LINKBULL/USD;1178,00000000;1590,00000000;969,00000000;1060,00000000;-11,13
2020-11-06T00:00:00+00:00;LINKBULL/USD;891,00000000;1206,00000000;880,00000000;1178,00000000;24,36
2020-11-05T00:00:00+00:00;LINKBULL/USD;782,00000000;951,00000000;689,00000000;891,00000000;12,23
2020-11-04T00:00:00+00:00;LINKBULL/USD;766,00000000;830,75000000;618,50000000;782,00000000;2,05
2020-11-03T00:00:00+00:00;LINKBULL/USD;856,50000000;856,50000000;674,00000000;766,00000000;-11,81
2020-11-02T00:00:00+00:00;LINKBULL/USD;1076,00000000;1106,00000000;829,00000000;856,50000000;-25,63
2020-11-01T00:00:00+00:00;LINKBULL/USD;993,50000000;1080,00000000;936,25000000;1076,00000000;7,67
2020-10-31T00:00:00+00:00;LINKBULL/USD;954,00000000;1026,00000000;902,75000000;993,50000000;3,98
2020-10-30T00:00:00+00:00;LINKBULL/USD;1000,00000000;1047,00000000;870,00000000;954,00000000;-4,82
2020-10-29T00:00:00+00:00;LINKBULL/USD;1051,75000000;1142,00000000;957,50000000;1000,00000000;-5,18
2020-10-28T00:00:00+00:00;LINKBULL/USD;1180,50000000;1255,00000000;957,00000000;1051,75000000;-12,24
2020-10-27T00:00:00+00:00;LINKBULL/USD;1130,50000000;1338,00000000;1066,50000000;1180,50000000;4,24
2020-10-26T00:00:00+00:00;LINKBULL/USD;1259,50000000;1348,50000000;989,50000000;1130,50000000;-11,41
2020-10-25T00:00:00+00:00;LINKBULL/USD;1444,50000000;1500,00000000;1178,50000000;1259,50000000;-14,69
2020-10-24T00:00:00+00:00;LINKBULL/USD;1276,50000000;1517,00000000;1225,50000000;1444,50000000;11,63
2020-10-23T00:00:00+00:00;LINKBULL/USD;1210,00000000;1313,50000000;1099,50000000;1276,50000000;5,21
2020-10-22T00:00:00+00:00;LINKBULL/USD;917,00000000;1330,75000000;903,00000000;1210,00000000;24,21
2020-10-21T00:00:00+00:00;LINKBULL/USD;717,00000000;999,00000000;707,25000000;917,00000000;21,81
2020-10-20T00:00:00+00:00;LINKBULL/USD;1013,00000000;1018,50000000;701,00000000;717,00000000;-41,28
2020-10-19T00:00:00+00:00;LINKBULL/USD;1021,50000000;1091,75000000;937,00000000;1013,00000000;-0,84
2020-10-18T00:00:00+00:00;LINKBULL/USD;934,50000000;1030,50000000;928,25000000;1021,50000000;8,52
2020-10-17T00:00:00+00:00;LINKBULL/USD;919,50000000;954,00000000;884,00000000;934,50000000;1,61
2020-10-16T00:00:00+00:00;LINKBULL/USD;971,50000000;1006,00000000;840,00000000;919,50000000;-5,66
2020-10-15T00:00:00+00:00;LINKBULL/USD;1011,00000000;1015,25000000;886,25000000;971,50000000;-4,07
2020-10-14T00:00:00+00:00;LINKBULL/USD;1036,25000000;1129,00000000;940,00000000;1011,00000000;-2,5
2020-10-13T00:00:00+00:00;LINKBULL/USD;1164,00000000;1212,00000000;911,00000000;1036,25000000;-12,33
2020-10-12T00:00:00+00:00;LINKBULL/USD;1006,00000000;1266,00000000;961,75000000;1164,00000000;13,57
2020-10-11T00:00:00+00:00;LINKBULL/USD;917,25000000;1044,50000000;824,50000000;1006,00000000;8,82
2020-10-10T00:00:00+00:00;LINKBULL/USD;881,25000000;1014,50000000;880,75000000;917,25000000;3,92
2020-10-09T00:00:00+00:00;LINKBULL/USD;695,00000000;908,75000000;653,00000000;881,25000000;21,13
2020-10-08T00:00:00+00:00;LINKBULL/USD;581,00000000;724,50000000;476,50000000;695,00000000;16,4
2020-10-07T00:00:00+00:00;LINKBULL/USD;550,25000000;590,00000000;478,50000000;581,00000000;5,29
2020-10-06T00:00:00+00:00;LINKBULL/USD;756,00000000;769,25000000;518,75000000;550,25000000;-37,39
2020-10-05T00:00:00+00:00;LINKBULL/USD;702,00000000;778,50000000;677,00000000;756,00000000;7,14
2020-10-04T00:00:00+00:00;LINKBULL/USD;679,50000000;717,00000000;644,00000000;702,00000000;3,21
2020-10-03T00:00:00+00:00;LINKBULL/USD;663,75000000;737,00000000;642,50000000;679,50000000;2,32
2020-10-02T00:00:00+00:00;LINKBULL/USD;769,00000000;816,00000000;570,50000000;663,75000000;-15,86
2020-10-01T00:00:00+00:00;LINKBULL/USD;823,00000000;961,00000000;685,00000000;769,00000000;-7,02
2020-09-30T00:00:00+00:00;LINKBULL/USD;891,50000000;918,00000000;740,75000000;823,00000000;-8,32
2020-09-29T00:00:00+00:00;LINKBULL/USD;945,00000000;958,25000000;715,50000000;891,50000000;-6,0
2020-09-28T00:00:00+00:00;LINKBULL/USD;1096,50000000;1171,00000000;900,00000000;945,00000000;-16,03
2020-09-27T00:00:00+00:00;LINKBULL/USD;961,00000000;1151,25000000;844,00000000;1096,50000000;12,36
2020-09-26T00:00:00+00:00;LINKBULL/USD;1075,50000000;1189,50000000;865,00000000;961,00000000;-11,91
2020-09-25T00:00:00+00:00;LINKBULL/USD;860,50000000;1200,00000000;720,25000000;1075,50000000;19,99
2020-09-24T00:00:00+00:00;LINKBULL/USD;466,60000000;957,60000000;435,30000000;860,50000000;45,78
2020-09-23T00:00:00+00:00;LINKBULL/USD;732,25000000;750,50000000;400,00000000;466,60000000;-56,93
2020-09-22T00:00:00+00:00;LINKBULL/USD;726,25000000;817,50000000;683,00000000;732,25000000;0,82
2020-09-21T00:00:00+00:00;LINKBULL/USD;1076,50000000;1125,50000000;678,00000000;726,25000000;-48,23
2020-09-20T00:00:00+00:00;LINKBULL/USD;1218,50000000;1388,00000000;987,00000000;1076,50000000;-13,19
2020-09-19T00:00:00+00:00;LINKBULL/USD;1212,50000000;1353,00000000;1139,00000000;1218,50000000;0,49
2020-09-18T00:00:00+00:00;LINKBULL/USD;1668,50000000;1722,50000000;1110,50000000;1212,50000000;-37,61
2020-09-17T00:00:00+00:00;LINKBULL/USD;1566,00000000;1976,00000000;1456,50000000;1668,50000000;6,14
2020-09-16T00:00:00+00:00;LINKBULL/USD;1646,00000000;1795,50000000;1444,00000000;1566,00000000;-5,11
2020-09-15T00:00:00+00:00;LINKBULL/USD;2382,00000000;2460,00000000;1567,50000000;1646,00000000;-44,71
2020-09-14T00:00:00+00:00;LINKBULL/USD;2350,50000000;2539,50000000;2094,00000000;2382,00000000;1,32
2020-09-13T00:00:00+00:00;LINKBULL/USD;2785,00000000;3113,00000000;2171,00000000;2350,50000000;-18,49
2020-09-12T00:00:00+00:00;LINKBULL/USD;2619,00000000;2805,00000000;2391,00000000;2785,00000000;5,96
2020-09-11T00:00:00+00:00;LINKBULL/USD;2652,00000000;2793,00000000;2342,00000000;2619,00000000;-1,26
2020-09-10T00:00:00+00:00;LINKBULL/USD;2569,00000000;3160,00000000;2455,00000000;2652,00000000;3,13
2020-09-09T00:00:00+00:00;LINKBULL/USD;2215,50000000;2748,00000000;2053,00000000;2569,00000000;13,76
2020-09-08T00:00:00+00:00;LINKBULL/USD;2845,00000000;3037,00000000;1921,00000000;2215,50000000;-28,41
2020-09-07T00:00:00+00:00;LINKBULL/USD;3368,00000000;3621,00000000;2090,00000000;2845,00000000;-18,38
2020-09-06T00:00:00+00:00;LINKBULL/USD;2083,50000000;3579,00000000;1581,00000000;3368,00000000;38,14
2020-09-05T00:00:00+00:00;LINKBULL/USD;3821,00000000;4110,00000000;1357,00000000;2083,50000000;-83,39
2020-09-04T00:00:00+00:00;LINKBULL/USD;3363,00000000;4271,00000000;2668,00000000;3821,00000000;11,99
2020-09-03T00:00:00+00:00;LINKBULL/USD;7170,00000000;7435,00000000;2663,00000000;3363,00000000;-113,2
2020-09-02T00:00:00+00:00;LINKBULL/USD;9750,00000000;10240,00000000;6165,00000000;7170,00000000;-35,98
2020-09-01T00:00:00+00:00;LINKBULL/USD;8940,00000000;10530,00000000;8105,00000000;9750,00000000;8,31
2020-08-31T00:00:00+00:00;LINKBULL/USD;10720,00000000;11650,00000000;8785,00000000;8940,00000000;-19,91
2020-08-30T00:00:00+00:00;LINKBULL/USD;10485,00000000;13210,00000000;10470,00000000;10720,00000000;2,19
2020-08-29T00:00:00+00:00;LINKBULL/USD;8520,00000000;11650,00000000;8247,50000000;10560,00000000;19,32
2020-08-28T00:00:00+00:00;LINKBULL/USD;7520,00000000;9135,00000000;7135,00000000;8520,00000000;11,74
2020-08-27T00:00:00+00:00;LINKBULL/USD;8880,00000000;9380,00000000;6660,00000000;7520,00000000;-18,09
2020-08-26T00:00:00+00:00;LINKBULL/USD;7270,00000000;9572,50000000;7097,50000000;8880,00000000;18,13
2020-08-25T00:00:00+00:00;LINKBULL/USD;9375,00000000;9777,50000000;6280,00000000;7267,50000000;-29,0
2020-08-24T00:00:00+00:00;LINKBULL/USD;9497,50000000;10870,00000000;8655,00000000;9375,00000000;-1,31
2020-08-23T00:00:00+00:00;LINKBULL/USD;10980,00000000;11235,00000000;8500,00000000;9497,50000000;-15,61
2020-08-22T00:00:00+00:00;LINKBULL/USD;7670,00000000;11790,00000000;7330,00000000;10980,00000000;30,15
2020-08-21T00:00:00+00:00;LINKBULL/USD;12840,00000000;12950,00000000;6022,50000000;7670,00000000;-67,41
2020-08-20T00:00:00+00:00;LINKBULL/USD;13050,00000000;14515,00000000;11980,00000000;12840,00000000;-1,64
2020-08-19T00:00:00+00:00;LINKBULL/USD;13185,00000000;15750,00000000;10000,00000000;13050,00000000;-1,03
2020-08-18T00:00:00+00:00;LINKBULL/USD;15835,00000000;18050,00000000;10355,00000000;13185,00000000;-20,1
2020-08-17T00:00:00+00:00;LINKBULL/USD;22590,00000000;25920,00000000;13510,00000000;15740,00000000;-43,52
2020-08-16T00:00:00+00:00;LINKBULL/USD;24300,00000000;27450,00000000;21490,00000000;22590,00000000;-7,57
2020-08-15T00:00:00+00:00;LINKBULL/USD;17075,00000000;25925,00000000;15985,00000000;24300,00000000;29,73
2020-08-14T00:00:00+00:00;LINKBULL/USD;17755,00000000;18995,00000000;15310,00000000;17075,00000000;-3,98
2020-08-13T00:00:00+00:00;LINKBULL/USD;15775,00000000;20930,00000000;14120,00000000;17755,00000000;11,15
2020-08-12T00:00:00+00:00;LINKBULL/USD;8770,00000000;16345,00000000;7950,00000000;15775,00000000;44,41
2020-08-11T00:00:00+00:00;LINKBULL/USD;9945,00000000;10150,00000000;6945,00000000;8770,00000000;-13,4
2020-08-10T00:00:00+00:00;LINKBULL/USD;10685,00000000;11140,00000000;7905,00000000;9945,00000000;-7,44
2020-08-09T00:00:00+00:00;LINKBULL/USD;8417,50000000;11862,50000000;7000,00000000;10685,00000000;21,22
2020-08-08T00:00:00+00:00;LINKBULL/USD;4772,00000000;10010,00000000;4562,00000000;8417,50000000;43,31
2020-08-07T00:00:00+00:00;LINKBULL/USD;4950,00000000;4980,00000000;3417,00000000;4772,00000000;-3,73
2020-08-06T00:00:00+00:00;LINKBULL/USD;4103,00000000;5000,00000000;3969,00000000;4950,00000000;17,11
2020-08-05T00:00:00+00:00;LINKBULL/USD;4453,00000000;4503,00000000;3733,00000000;4103,00000000;-8,53
2020-08-04T00:00:00+00:00;LINKBULL/USD;3695,00000000;4601,00000000;3556,00000000;4453,00000000;17,02
2020-08-03T00:00:00+00:00;LINKBULL/USD;2778,00000000;3730,00000000;2664,00000000;3701,00000000;24,94
2020-08-02T00:00:00+00:00;LINKBULL/USD;3289,00000000;3360,00000000;1873,00000000;2778,00000000;-18,39
2020-08-01T00:00:00+00:00;LINKBULL/USD;2743,00000000;3410,00000000;2551,00000000;3289,00000000;16,6
2020-07-31T00:00:00+00:00;LINKBULL/USD;2382,00000000;2800,00000000;2382,00000000;2743,00000000;13,16
2020-07-30T00:00:00+00:00;LINKBULL/USD;2100,00000000;2500,00000000;2032,00000000;2382,00000000;11,84
2020-07-29T00:00:00+00:00;LINKBULL/USD;2230,50000000;2436,00000000;1999,00000000;2100,00000000;-6,21
2020-07-28T00:00:00+00:00;LINKBULL/USD;2132,00000000;2388,00000000;1940,00000000;2230,50000000;4,42
2020-07-27T00:00:00+00:00;LINKBULL/USD;2694,00000000;2709,00000000;1631,00000000;2132,00000000;-26,36
2020-07-26T00:00:00+00:00;LINKBULL/USD;2881,00000000;3205,00000000;2340,00000000;2694,00000000;-6,94
2020-07-25T00:00:00+00:00;LINKBULL/USD;2586,00000000;3037,00000000;2513,00000000;2881,00000000;10,24
2020-07-24T00:00:00+00:00;LINKBULL/USD;3155,00000000;3210,00000000;2577,00000000;2586,00000000;-22,0
2020-07-23T00:00:00+00:00;LINKBULL/USD;2704,00000000;3355,00000000;2614,00000000;3155,00000000;14,29
2020-07-22T00:00:00+00:00;LINKBULL/USD;2505,00000000;2832,00000000;2286,00000000;2704,00000000;7,36
2020-07-21T00:00:00+00:00;LINKBULL/USD;2467,00000000;2919,00000000;2133,00000000;2505,00000000;1,52
2020-07-20T00:00:00+00:00;LINKBULL/USD;3597,00000000;3671,00000000;2380,00000000;2467,00000000;-45,8
2020-07-19T00:00:00+00:00;LINKBULL/USD;3444,00000000;3750,00000000;3195,00000000;3597,00000000;4,25
2020-07-18T00:00:00+00:00;LINKBULL/USD;3855,00000000;3869,00000000;3108,00000000;3444,00000000;-11,93
2020-07-17T00:00:00+00:00;LINKBULL/USD;3959,00000000;4334,00000000;3694,00000000;3855,00000000;-2,7
2020-07-16T00:00:00+00:00;LINKBULL/USD;4436,00000000;4734,00000000;3305,00000000;3959,00000000;-12,05
2020-07-15T00:00:00+00:00;LINKBULL/USD;3655,00000000;4789,00000000;3252,00000000;4436,00000000;17,61
2020-07-14T00:00:00+00:00;LINKBULL/USD;2645,00000000;3888,00000000;2434,00000000;3655,00000000;27,63
2020-07-13T00:00:00+00:00;LINKBULL/USD;2846,00000000;4191,00000000;2316,00000000;2645,00000000;-7,6
2020-07-12T00:00:00+00:00;LINKBULL/USD;1767,50000000;2860,00000000;1746,50000000;2846,00000000;37,9
2020-07-11T00:00:00+00:00;LINKBULL/USD;1791,50000000;1899,00000000;1642,00000000;1767,50000000;-1,36
2020-07-10T00:00:00+00:00;LINKBULL/USD;1755,00000000;1842,00000000;1429,00000000;1791,50000000;2,04
2020-07-09T00:00:00+00:00;LINKBULL/USD;2266,00000000;2300,50000000;1440,00000000;1755,00000000;-29,12
2020-07-08T00:00:00+00:00;LINKBULL/USD;1613,00000000;2333,50000000;1527,00000000;2266,00000000;28,82
2020-07-07T00:00:00+00:00;LINKBULL/USD;1357,00000000;1741,00000000;1324,00000000;1613,00000000;15,87
2020-07-06T00:00:00+00:00;LINKBULL/USD;974,00000000;1450,00000000;968,00000000;1357,00000000;28,22
2020-07-05T00:00:00+00:00;LINKBULL/USD;1013,50000000;1024,00000000;897,25000000;974,00000000;-4,06
2020-07-04T00:00:00+00:00;LINKBULL/USD;962,75000000;1035,00000000;956,25000000;1013,50000000;5,01
2020-07-03T00:00:00+00:00;LINKBULL/USD;1002,00000000;1067,75000000;950,75000000;962,75000000;-4,08
2020-07-02T00:00:00+00:00;LINKBULL/USD;949,25000000;1080,00000000;895,00000000;1002,00000000;5,26
2020-07-01T00:00:00+00:00;LINKBULL/USD;869,00000000;967,75000000;849,75000000;949,25000000;8,45
2020-06-30T00:00:00+00:00;LINKBULL/USD;901,75000000;926,00000000;859,50000000;869,00000000;-3,77
2020-06-29T00:00:00+00:00;LINKBULL/USD;876,00000000;918,50000000;794,00000000;901,75000000;2,86
2020-06-28T00:00:00+00:00;LINKBULL/USD;795,00000000;902,25000000;750,00000000;876,00000000;9,25
2020-06-27T00:00:00+00:00;LINKBULL/USD;971,25000000;973,25000000;733,50000000;795,25000000;-22,13
2020-06-26T00:00:00+00:00;LINKBULL/USD;1046,00000000;1083,75000000;944,00000000;971,25000000;-7,7
2020-06-25T00:00:00+00:00;LINKBULL/USD;988,00000000;1071,00000000;862,00000000;1046,00000000;5,54
2020-06-24T00:00:00+00:00;LINKBULL/USD;1061,00000000;1152,00000000;856,00000000;988,00000000;-7,39
2020-06-23T00:00:00+00:00;LINKBULL/USD;875,25000000;1142,50000000;841,25000000;1061,00000000;17,51
2020-06-22T00:00:00+00:00;LINKBULL/USD;719,25000000;875,25000000;719,25000000;875,25000000;17,82
2020-06-21T00:00:00+00:00;LINKBULL/USD;720,25000000;728,00000000;698,50000000;719,25000000;-0,14
2020-06-20T00:00:00+00:00;LINKBULL/USD;675,00000000;730,00000000;664,00000000;720,00000000;6,25
2020-06-19T00:00:00+00:00;LINKBULL/USD;706,00000000;730,75000000;657,25000000;675,00000000;-4,59
2020-06-18T00:00:00+00:00;LINKBULL/USD;715,00000000;755,00000000;681,25000000;706,00000000;-1,27
2020-06-17T00:00:00+00:00;LINKBULL/USD;662,25000000;726,25000000;620,25000000;715,00000000;7,38
2020-06-16T00:00:00+00:00;LINKBULL/USD;605,00000000;680,50000000;591,00000000;662,25000000;8,64
2020-06-15T00:00:00+00:00;LINKBULL/USD;616,25000000;636,00000000;477,00000000;605,00000000;-1,86
2020-06-14T00:00:00+00:00;LINKBULL/USD;696,25000000;697,75000000;601,50000000;616,25000000;-12,98
2020-06-13T00:00:00+00:00;LINKBULL/USD;688,00000000;705,50000000;653,25000000;696,25000000;1,18
2020-06-12T00:00:00+00:00;LINKBULL/USD;633,25000000;736,25000000;588,25000000;688,00000000;7,96
2020-06-11T00:00:00+00:00;LINKBULL/USD;953,00000000;968,25000000;614,00000000;633,25000000;-50,49
2020-06-10T00:00:00+00:00;LINKBULL/USD;970,25000000;975,50000000;892,50000000;953,00000000;-1,81
2020-06-09T00:00:00+00:00;LINKBULL/USD;988,25000000;1014,25000000;918,25000000;970,25000000;-1,86
2020-06-08T00:00:00+00:00;LINKBULL/USD;917,25000000;988,25000000;894,50000000;988,25000000;7,18
2020-06-07T00:00:00+00:00;LINKBULL/USD;912,75000000;952,75000000;826,75000000;917,25000000;0,49
2020-06-06T00:00:00+00:00;LINKBULL/USD;929,00000000;944,00000000;886,50000000;912,75000000;-1,78
2020-06-05T00:00:00+00:00;LINKBULL/USD;973,75000000;1012,00000000;922,00000000;929,00000000;-4,82
2020-06-04T00:00:00+00:00;LINKBULL/USD;1030,50000000;1050,00000000;890,00000000;973,75000000;-5,83
2020-06-03T00:00:00+00:00;LINKBULL/USD;961,50000000;1050,00000000;899,50000000;1030,50000000;6,7
2020-06-02T00:00:00+00:00;LINKBULL/USD;977,25000000;1115,00000000;796,25000000;961,50000000;-1,64
2020-06-01T00:00:00+00:00;LINKBULL/USD;817,00000000;1030,75000000;813,75000000;977,25000000;16,4
2020-05-31T00:00:00+00:00;LINKBULL/USD;854,50000000;920,00000000;780,50000000;817,00000000;-4,59
2020-05-30T00:00:00+00:00;LINKBULL/USD;754,25000000;855,00000000;720,75000000;854,50000000;11,73
2020-05-29T00:00:00+00:00;LINKBULL/USD;784,25000000;836,25000000;731,75000000;754,25000000;-3,98
2020-05-28T00:00:00+00:00;LINKBULL/USD;687,75000000;794,25000000;672,00000000;784,25000000;12,3
2020-05-27T00:00:00+00:00;LINKBULL/USD;686,25000000;723,25000000;668,00000000;687,75000000;0,22
2020-05-26T00:00:00+00:00;LINKBULL/USD;699,00000000;707,25000000;648,00000000;686,25000000;-1,86
2020-05-25T00:00:00+00:00;LINKBULL/USD;663,00000000;717,00000000;653,75000000;698,25000000;5,05
2020-05-24T00:00:00+00:00;LINKBULL/USD;744,75000000;794,75000000;663,00000000;663,00000000;-12,33
2020-05-23T00:00:00+00:00;LINKBULL/USD;828,50000000;851,25000000;735,00000000;744,75000000;-11,25
2020-05-22T00:00:00+00:00;LINKBULL/USD;698,75000000;868,75000000;685,75000000;828,50000000;15,66
2020-05-21T00:00:00+00:00;LINKBULL/USD;872,25000000;919,25000000;647,50000000;698,75000000;-24,83
2020-05-20T00:00:00+00:00;LINKBULL/USD;784,00000000;894,00000000;760,00000000;872,25000000;10,12
2020-05-19T00:00:00+00:00;LINKBULL/USD;753,75000000;786,00000000;688,75000000;784,00000000;3,86
2020-05-18T00:00:00+00:00;LINKBULL/USD;695,00000000;792,50000000;695,00000000;753,75000000;7,79
2020-05-17T00:00:00+00:00;LINKBULL/USD;691,00000000;736,00000000;685,75000000;695,00000000;0,58
2020-05-16T00:00:00+00:00;LINKBULL/USD;636,50000000;701,25000000;614,75000000;691,00000000;7,89
2020-05-15T00:00:00+00:00;LINKBULL/USD;720,00000000;737,75000000;613,50000000;636,50000000;-13,12
2020-05-14T00:00:00+00:00;LINKBULL/USD;702,00000000;752,75000000;665,00000000;720,00000000;2,5
2020-05-13T00:00:00+00:00;LINKBULL/USD;662,50000000;726,25000000;635,00000000;702,00000000;5,63
2020-05-12T00:00:00+00:00;LINKBULL/USD;603,00000000;709,50000000;589,25000000;662,50000000;8,98
2020-05-11T00:00:00+00:00;LINKBULL/USD;758,75000000;798,00000000;488,30000000;603,00000000;-25,83
2020-05-10T00:00:00+00:00;LINKBULL/USD;1021,50000000;1025,00000000;602,50000000;758,75000000;-34,63
2020-05-09T00:00:00+00:00;LINKBULL/USD;880,00000000;1164,50000000;859,00000000;1021,50000000;13,85
2020-05-08T00:00:00+00:00;LINKBULL/USD;865,75000000;921,25000000;808,25000000;880,00000000;1,62
2020-05-07T00:00:00+00:00;LINKBULL/USD;754,50000000;915,75000000;740,25000000;865,75000000;12,85
2020-05-06T00:00:00+00:00;LINKBULL/USD;822,00000000;873,00000000;747,25000000;754,50000000;-8,95
2020-05-05T00:00:00+00:00;LINKBULL/USD;870,00000000;910,75000000;802,75000000;822,00000000;-5,84
2020-05-04T00:00:00+00:00;LINKBULL/USD;847,25000000;922,50000000;705,00000000;870,00000000;2,61
2020-05-03T00:00:00+00:00;LINKBULL/USD;923,75000000;952,25000000;794,25000000;847,25000000;-9,03
2020-05-02T00:00:00+00:00;LINKBULL/USD;889,00000000;958,25000000;869,25000000;923,75000000;3,76
2020-05-01T00:00:00+00:00;LINKBULL/USD;850,25000000;989,50000000;848,00000000;889,00000000;4,36
2020-04-30T00:00:00+00:00;LINKBULL/USD;999,00000000;1064,00000000;799,00000000;850,25000000;-17,49
2020-04-29T00:00:00+00:00;LINKBULL/USD;837,50000000;1074,50000000;828,25000000;999,00000000;16,17
2020-04-28T00:00:00+00:00;LINKBULL/USD;826,25000000;892,25000000;791,25000000;837,50000000;1,34
2020-04-27T00:00:00+00:00;LINKBULL/USD;884,25000000;897,50000000;707,25000000;826,25000000;-7,02
2020-04-26T00:00:00+00:00;LINKBULL/USD;928,25000000;955,00000000;830,25000000;884,25000000;-4,98
2020-04-25T00:00:00+00:00;LINKBULL/USD;933,25000000;1024,00000000;905,25000000;928,25000000;-0,54
2020-04-24T00:00:00+00:00;LINKBULL/USD;916,50000000;1017,25000000;899,75000000;933,25000000;1,79
2020-04-23T00:00:00+00:00;LINKBULL/USD;865,75000000;1028,25000000;805,00000000;916,50000000;5,54
2020-04-22T00:00:00+00:00;LINKBULL/USD;717,75000000;867,50000000;702,75000000;865,75000000;17,1
2020-04-21T00:00:00+00:00;LINKBULL/USD;698,00000000;789,25000000;680,75000000;717,75000000;2,75
2020-04-20T00:00:00+00:00;LINKBULL/USD;808,50000000;938,25000000;664,00000000;698,00000000;-15,83
2020-04-19T00:00:00+00:00;LINKBULL/USD;950,00000000;969,50000000;750,00000000;808,50000000;-17,5
2020-04-18T00:00:00+00:00;LINKBULL/USD;731,75000000;982,50000000;731,50000000;950,00000000;22,97
2020-04-17T00:00:00+00:00;LINKBULL/USD;756,50000000;782,50000000;688,25000000;731,75000000;-3,38
2020-04-16T00:00:00+00:00;LINKBULL/USD;569,50000000;796,25000000;489,25000000;756,50000000;24,72
2020-04-15T00:00:00+00:00;LINKBULL/USD;635,00000000;665,00000000;559,00000000;569,50000000;-11,5
2020-04-14T00:00:00+00:00;LINKBULL/USD;706,25000000;758,00000000;610,00000000;635,00000000;-11,22
2020-04-13T00:00:00+00:00;LINKBULL/USD;724,25000000;757,75000000;596,50000000;706,25000000;-2,55
2020-04-12T00:00:00+00:00;LINKBULL/USD;655,00000000;868,00000000;580,50000000;724,25000000;9,56
2020-04-11T00:00:00+00:00;LINKBULL/USD;609,50000000;734,50000000;521,75000000;654,50000000;6,88
2020-04-10T00:00:00+00:00;LINKBULL/USD;720,00000000;725,25000000;475,00000000;609,50000000;-18,13
2020-04-09T00:00:00+00:00;LINKBULL/USD;627,50000000;810,50000000;605,75000000;720,00000000;12,85
2020-04-08T00:00:00+00:00;LINKBULL/USD;425,50000000;677,60000000;416,90000000;627,50000000;32,19
2020-04-07T00:00:00+00:00;LINKBULL/USD;353,30000000;497,30000000;353,30000000;425,50000000;16,97
2020-04-06T00:00:00+00:00;LINKBULL/USD;256,10000000;353,30000000;255,90000000;353,30000000;27,51
2020-04-05T00:00:00+00:00;LINKBULL/USD;270,40000000;274,40000000;244,50000000;256,10000000;-5,58
2020-04-04T00:00:00+00:00;LINKBULL/USD;266,70000000;279,80000000;250,00000000;270,40000000;1,37
2020-04-03T00:00:00+00:00;LINKBULL/USD;261,40000000;292,70000000;254,00000000;266,70000000;1,99
2020-04-02T00:00:00+00:00;LINKBULL/USD;258,00000000;309,00000000;251,20000000;261,40000000;1,3
2020-04-01T00:00:00+00:00;LINKBULL/USD;251,10000000;264,60000000;211,80000000;258,00000000;2,67
2020-03-31T00:00:00+00:00;LINKBULL/USD;213,60000000;264,65000000;205,30000000;251,10000000;14,93
2020-03-30T00:00:00+00:00;LINKBULL/USD;177,65000000;228,50000000;176,10000000;213,60000000;16,83
2020-03-29T00:00:00+00:00;LINKBULL/USD;212,80000000;219,85000000;177,65000000;177,65000000;-19,79
2020-03-28T00:00:00+00:00;LINKBULL/USD;217,50000000;218,00000000;186,05000000;212,80000000;-2,21
2020-03-27T00:00:00+00:00;LINKBULL/USD;279,80000000;297,60000000;204,00000000;217,50000000;-28,64
2020-03-26T00:00:00+00:00;LINKBULL/USD;262,30000000;279,80000000;247,70000000;279,80000000;6,25
2020-03-25T00:00:00+00:00;LINKBULL/USD;280,00000000;290,50000000;237,50000000;262,30000000;-6,75
2020-03-24T00:00:00+00:00;LINKBULL/USD;259,10000000;297,60000000;238,60000000;280,00000000;7,46
2020-03-23T00:00:00+00:00;LINKBULL/USD;182,95000000;266,40000000;170,25000000;259,10000000;29,39
2020-03-22T00:00:00+00:00;LINKBULL/USD;292,40000000;313,80000000;170,40000000;183,15000000;-59,65
2020-03-21T00:00:00+00:00;LINKBULL/USD;286,30000000;326,80000000;230,60000000;292,40000000;2,09
2020-03-20T00:00:00+00:00;LINKBULL/USD;281,90000000;422,80000000;195,40000000;286,00000000;1,43
2020-03-19T00:00:00+00:00;LINKBULL/USD;191,80000000;317,40000000;173,50000000;281,90000000;31,96
2020-03-18T00:00:00+00:00;LINKBULL/USD;169,45000000;192,25000000;140,50000000;191,80000000;11,65
2020-03-17T00:00:00+00:00;LINKBULL/USD;144,70000000;214,85000000;134,85000000;169,45000000;14,61
2020-03-16T00:00:00+00:00;LINKBULL/USD;271,80000000;1700,50000000;95,05000000;144,70000000;-87,84
2020-03-15T00:00:00+00:00;LINKBULL/USD;285,70000000;396,30000000;241,40000000;271,80000000;-5,11
2020-03-14T00:00:00+00:00;LINKBULL/USD;432,90000000;485,10000000;260,80000000;285,70000000;-51,52
2020-03-13T00:00:00+00:00;LINKBULL/USD;474,10000000;546,40000000;127,70000000;431,60000000;-9,85
2020-03-12T00:00:00+00:00;LINKBULL/USD;6065,00000000;6232,50000000;341,20000000;481,90000000;-1158,56
2020-03-11T00:00:00+00:00;LINKBULL/USD;7825,00000000;8012,50000000;4940,00000000;6065,00000000;-29,02
2020-03-10T00:00:00+00:00;LINKBULL/USD;8085,00000000;8525,00000000;6930,00000000;7792,50000000;-3,75
2020-03-09T00:00:00+00:00;LINKBULL/USD;8240,00000000;10480,00000000;5597,50000000;8090,00000000;-1,85
2020-03-08T00:00:00+00:00;LINKBULL/USD;10460,00000000;10772,50000000;6955,00000000;8235,00000000;-27,02
2020-03-07T00:00:00+00:00;LINKBULL/USD;13350,00000000;13385,00000000;10210,00000000;10460,00000000;-27,63
2020-03-06T00:00:00+00:00;LINKBULL/USD;13525,00000000;13905,00000000;12130,00000000;13350,00000000;-1,31
2020-03-05T00:00:00+00:00;LINKBULL/USD;12730,00000000;15100,00000000;12730,00000000;13525,00000000;5,88
2020-03-04T00:00:00+00:00;LINKBULL/USD;12365,00000000;15375,00000000;11965,00000000;12730,00000000;2,87
2020-03-03T00:00:00+00:00;LINKBULL/USD;9827,50000000;12987,50000000;9197,50000000;12365,00000000;20,52
2020-03-02T00:00:00+00:00;LINKBULL/USD;7595,00000000;10392,50000000;7345,00000000;9827,50000000;22,72
2020-03-01T00:00:00+00:00;LINKBULL/USD;8940,00000000;10055,00000000;6962,50000000;7595,00000000;-17,71
2020-02-29T00:00:00+00:00;LINKBULL/USD;9742,50000000;10887,50000000;8942,50000000;8962,50000000;-8,7
2020-02-28T00:00:00+00:00;LINKBULL/USD;8317,50000000;10167,50000000;7082,50000000;9742,50000000;14,63
2020-02-27T00:00:00+00:00;LINKBULL/USD;6275,00000000;9207,50000000;5552,50000000;8317,50000000;24,56
2020-02-26T00:00:00+00:00;LINKBULL/USD;5942,50000000;7707,50000000;5005,00000000;6275,00000000;5,3
2020-02-25T00:00:00+00:00;LINKBULL/USD;8870,00000000;9147,50000000;5935,00000000;5942,50000000;-49,26
2020-02-24T00:00:00+00:00;LINKBULL/USD;11655,00000000;12000,00000000;7940,00000000;8870,00000000;-31,4
2020-02-23T00:00:00+00:00;LINKBULL/USD;10527,50000000;12640,00000000;10330,00000000;11655,00000000;9,67
2020-02-22T00:00:00+00:00;LINKBULL/USD;12050,00000000;12555,00000000;10175,00000000;10527,50000000;-14,46
2020-02-21T00:00:00+00:00;LINKBULL/USD;11995,00000000;13940,00000000;11305,00000000;12050,00000000;0,46
2020-02-20T00:00:00+00:00;LINKBULL/USD;13045,00000000;13820,00000000;10245,00000000;11995,00000000;-8,75
2020-02-19T00:00:00+00:00;LINKBULL/USD;15000,00000000;17935,00000000;11320,00000000;13055,00000000;-14,9
2020-02-18T00:00:00+00:00;LINKBULL/USD;12685,00000000;15605,00000000;11290,00000000;14985,00000000;15,35
2020-02-17T00:00:00+00:00;LINKBULL/USD;15270,00000000;16115,00000000;9300,00000000;12685,00000000;-20,38
2020-02-16T00:00:00+00:00;LINKBULL/USD;13900,00000000;19005,00000000;11115,00000000;15270,00000000;8,97
2020-02-15T00:00:00+00:00;LINKBULL/USD;15265,00000000;17060,00000000;11385,00000000;13900,00000000;-9,82
2020-02-14T00:00:00+00:00;LINKBULL/USD;10770,00000000;15755,00000000;10040,00000000;15265,00000000;29,45
2020-02-13T00:00:00+00:00;LINKBULL/USD;12020,00000000;13000,00000000;9330,00000000;10770,00000000;-11,61
2020-02-12T00:00:00+00:00;LINKBULL/USD;12140,00000000;13970,00000000;10825,00000000;12020,00000000;-1,0
2020-02-11T00:00:00+00:00;LINKBULL/USD;7905,00000000;12160,00000000;7612,50000000;12120,00000000;34,78
2020-02-10T00:00:00+00:00;LINKBULL/USD;8702,50000000;8730,00000000;7140,00000000;7857,50000000;-10,75
2020-02-09T00:00:00+00:00;LINKBULL/USD;8202,50000000;8732,50000000;6865,00000000;8707,50000000;5,8
2020-02-08T00:00:00+00:00;LINKBULL/USD;7445,00000000;8575,00000000;6182,50000000;8202,50000000;9,23
2020-02-07T00:00:00+00:00;LINKBULL/USD;5204,00000000;7712,00000000;5200,00000000;7445,00000000;30,1
2020-02-06T00:00:00+00:00;LINKBULL/USD;4994,00000000;5478,00000000;4792,00000000;5204,00000000;4,04
2020-02-05T00:00:00+00:00;LINKBULL/USD;4466,00000000;5204,00000000;4431,00000000;4994,00000000;10,57
2020-02-04T00:00:00+00:00;LINKBULL/USD;4690,00000000;4833,00000000;4190,00000000;4466,00000000;-5,02
2020-02-03T00:00:00+00:00;LINKBULL/USD;5006,00000000;5279,00000000;4552,00000000;4690,00000000;-6,74
2020-02-02T00:00:00+00:00;LINKBULL/USD;5080,00000000;5348,00000000;4523,00000000;5006,00000000;-1,48
2020-02-01T00:00:00+00:00;LINKBULL/USD;5029,00000000;5360,00000000;4595,00000000;5080,00000000;1,0
2020-01-31T00:00:00+00:00;LINKBULL/USD;5552,50000000;5557,50000000;4707,50000000;5029,00000000;-10,41
2020-01-30T00:00:00+00:00;LINKBULL/USD;4874,00000000;5740,00000000;4567,00000000;5552,50000000;12,22
2020-01-29T00:00:00+00:00;LINKBULL/USD;4319,00000000;5120,00000000;4221,00000000;4869,00000000;11,3
2020-01-28T00:00:00+00:00;LINKBULL/USD;4116,00000000;4415,00000000;4012,00000000;4307,00000000;4,43
2020-01-27T00:00:00+00:00;LINKBULL/USD;3970,00000000;4413,00000000;3927,00000000;4119,00000000;3,62
2020-01-26T00:00:00+00:00;LINKBULL/USD;3436,00000000;3978,00000000;3374,00000000;3970,00000000;13,45
2020-01-25T00:00:00+00:00;LINKBULL/USD;3701,00000000;3730,00000000;3363,00000000;3436,00000000;-7,71
2020-01-24T00:00:00+00:00;LINKBULL/USD;3552,00000000;3823,00000000;3114,00000000;3703,00000000;4,08
2020-01-23T00:00:00+00:00;LINKBULL/USD;4474,00000000;4480,00000000;3365,00000000;3552,00000000;-25,96
2020-01-22T00:00:00+00:00;LINKBULL/USD;4669,00000000;4738,00000000;4391,00000000;4474,00000000;-4,36
2020-01-21T00:00:00+00:00;LINKBULL/USD;4780,00000000;5043,00000000;4127,00000000;4673,00000000;-2,29
2020-01-20T00:00:00+00:00;LINKBULL/USD;4442,00000000;5054,00000000;4048,00000000;4780,00000000;7,07
2020-01-19T00:00:00+00:00;LINKBULL/USD;5332,50000000;5770,00000000;3980,00000000;4442,00000000;-20,05
2020-01-18T00:00:00+00:00;LINKBULL/USD;4950,00000000;5486,00000000;4326,00000000;5332,50000000;7,17
2020-01-17T00:00:00+00:00;LINKBULL/USD;4006,00000000;5786,00000000;3870,00000000;4950,00000000;19,07
2020-01-16T00:00:00+00:00;LINKBULL/USD;3621,00000000;4067,00000000;3141,00000000;4006,00000000;9,61
2020-01-15T00:00:00+00:00;LINKBULL/USD;3555,00000000;4306,00000000;3416,00000000;3627,00000000;1,99
2020-01-14T00:00:00+00:00;LINKBULL/USD;2811,00000000;3887,00000000;2784,00000000;3555,00000000;20,93
2020-01-13T00:00:00+00:00;LINKBULL/USD;3034,00000000;3041,00000000;2689,00000000;2808,00000000;-8,05
2020-01-12T00:00:00+00:00;LINKBULL/USD;3119,00000000;3285,00000000;2933,00000000;3034,00000000;-2,8
2020-01-11T00:00:00+00:00;LINKBULL/USD;2950,00000000;3390,00000000;2907,00000000;3119,00000000;5,42
2020-01-10T00:00:00+00:00;LINKBULL/USD;2775,00000000;3008,00000000;2626,00000000;2948,00000000;5,87
2020-01-09T00:00:00+00:00;LINKBULL/USD;2802,00000000;2956,00000000;2454,00000000;2777,00000000;-0,9
2020-01-08T00:00:00+00:00;LINKBULL/USD;2476,00000000;3315,00000000;2474,00000000;2802,00000000;11,63
2020-01-07T00:00:00+00:00;LINKBULL/USD;1966,00000000;2568,50000000;1866,50000000;2478,00000000;20,66

