DATE/TIME;SYMBOL;OPEN;HIGH;LOW;CLOSE;EVOL % CLOSE/HIGH
2022-01-05T00:00:00+00:00;MIDBEAR/USD;0,00012230;0,00012340;0,00011595;0,00011715;-4,4
2022-01-04T00:00:00+00:00;MIDBEAR/USD;0,00011885;0,00012540;0,00011195;0,00012230;2,82
2022-01-03T00:00:00+00:00;MIDBEAR/USD;0,00011745;0,00012465;0,00011435;0,00011885;1,18
2022-01-02T00:00:00+00:00;MIDBEAR/USD;0,00011910;0,00012460;0,00011440;0,00011745;-1,4
2022-01-01T00:00:00+00:00;MIDBEAR/USD;0,00013615;0,00013635;0,00011910;0,00011910;-14,32
2021-12-31T00:00:00+00:00;MIDBEAR/USD;0,00013210;0,00014280;0,00012245;0,00013615;2,97
2021-12-30T00:00:00+00:00;MIDBEAR/USD;0,00014495;0,00015140;0,00012995;0,00013210;-9,73
2021-12-29T00:00:00+00:00;MIDBEAR/USD;0,00013425;0,00014695;0,00012750;0,00014495;7,38
2021-12-28T00:00:00+00:00;MIDBEAR/USD;0,00011010;0,00013590;0,00011010;0,00013425;17,99
2021-12-27T00:00:00+00:00;MIDBEAR/USD;0,00010985;0,00011040;0,00010050;0,00011010;0,23
2021-12-26T00:00:00+00:00;MIDBEAR/USD;0,00011330;0,00012335;0,00010790;0,00010985;-3,14
2021-12-25T00:00:00+00:00;MIDBEAR/USD;0,00012235;0,00012375;0,00011000;0,00011330;-7,99
2021-12-24T00:00:00+00:00;MIDBEAR/USD;0,00012060;0,00012490;0,00010940;0,00012235;1,43
2021-12-23T00:00:00+00:00;MIDBEAR/USD;0,00014820;0,00015070;0,00012040;0,00012060;-22,89
2021-12-22T00:00:00+00:00;MIDBEAR/USD;0,00015950;0,00016090;0,00014085;0,00014820;-7,62
2021-12-21T00:00:00+00:00;MIDBEAR/USD;0,00017925;0,00018190;0,00015820;0,00015950;-12,38
2021-12-20T00:00:00+00:00;MIDBEAR/USD;0,00017450;0,00019700;0,00017015;0,00017925;2,65
2021-12-19T00:00:00+00:00;MIDBEAR/USD;0,00016865;0,00017645;0,00016120;0,00017450;3,35
2021-12-18T00:00:00+00:00;MIDBEAR/USD;0,00017860;0,00018695;0,00016360;0,00016865;-5,9
2021-12-17T00:00:00+00:00;MIDBEAR/USD;0,00017465;0,00019815;0,00016885;0,00017885;2,35
2021-12-16T00:00:00+00:00;MIDBEAR/USD;0,00016350;0,00017590;0,00015440;0,00017465;6,38
2021-12-15T00:00:00+00:00;MIDBEAR/USD;0,00016890;0,00019565;0,00015770;0,00016350;-3,3
2021-12-14T00:00:00+00:00;MIDBEAR/USD;0,00021660;0,00022230;0,00015645;0,00016890;-28,24
2021-12-13T00:00:00+00:00;MIDBEAR/USD;0,00017295;0,00022715;0,00017060;0,00021660;20,15
2021-12-12T00:00:00+00:00;MIDBEAR/USD;0,00018085;0,00018950;0,00016805;0,00017295;-4,57
2021-12-11T00:00:00+00:00;MIDBEAR/USD;0,00021145;0,00022055;0,00017750;0,00018085;-16,92
2021-12-10T00:00:00+00:00;MIDBEAR/USD;0,00019025;0,00021245;0,00017555;0,00021145;10,03
2021-12-09T00:00:00+00:00;MIDBEAR/USD;0,00015525;0,00019090;0,00015180;0,00019025;18,4
2021-12-08T00:00:00+00:00;MIDBEAR/USD;0,00016350;0,00017780;0,00015290;0,00015525;-5,31
2021-12-07T00:00:00+00:00;MIDBEAR/USD;0,00017145;0,00017180;0,00015460;0,00016350;-4,86
2021-12-06T00:00:00+00:00;MIDBEAR/USD;0,00019905;0,00024110;0,00016705;0,00017145;-16,1
2021-12-05T00:00:00+00:00;MIDBEAR/USD;0,00017280;0,00021615;0,00017165;0,00019905;13,19
2021-12-04T00:00:00+00:00;MIDBEAR/USD;0,00013525;0,00024320;0,00013420;0,00017280;21,73
2021-12-03T00:00:00+00:00;MIDBEAR/USD;0,00011945;0,00014625;0,00011260;0,00013525;11,68
2021-12-02T00:00:00+00:00;MIDBEAR/USD;0,00012345;0,00013140;0,00011600;0,00011945;-3,35
2021-12-01T00:00:00+00:00;MIDBEAR/USD;0,00012040;0,00012555;0,00010965;0,00012345;2,47
2021-11-30T00:00:00+00:00;MIDBEAR/USD;0,00011585;0,00012635;0,00010745;0,00012040;3,78
2021-11-29T00:00:00+00:00;MIDBEAR/USD;0,00012260;0,00013000;0,00011460;0,00011585;-5,83
2021-11-28T00:00:00+00:00;MIDBEAR/USD;0,00012590;0,00015230;0,00011950;0,00012260;-2,69
2021-11-27T00:00:00+00:00;MIDBEAR/USD;0,00014080;0,00014105;0,00012070;0,00012590;-11,83
2021-11-26T00:00:00+00:00;MIDBEAR/USD;0,00010805;0,00014660;0,00010730;0,00014080;23,26
2021-11-25T00:00:00+00:00;MIDBEAR/USD;0,00011665;0,00012210;0,00010640;0,00010805;-7,96
2021-11-24T00:00:00+00:00;MIDBEAR/USD;0,00010895;0,00012405;0,00010795;0,00011665;6,6
2021-11-23T00:00:00+00:00;MIDBEAR/USD;0,00012595;0,00013185;0,00010795;0,00010895;-15,6
2021-11-22T00:00:00+00:00;MIDBEAR/USD;0,00011935;0,00013255;0,00011570;0,00012595;5,24
2021-11-21T00:00:00+00:00;MIDBEAR/USD;0,00012360;0,00013275;0,00011030;0,00011935;-3,56
2021-11-20T00:00:00+00:00;MIDBEAR/USD;0,00013005;0,00013955;0,00012305;0,00012360;-5,22
2021-11-19T00:00:00+00:00;MIDBEAR/USD;0,00016040;0,00016635;0,00012985;0,00013005;-23,34
2021-11-18T00:00:00+00:00;MIDBEAR/USD;0,00013265;0,00017030;0,00012690;0,00016040;17,3
2021-11-17T00:00:00+00:00;MIDBEAR/USD;0,00014525;0,00016045;0,00013125;0,00013265;-9,5
2021-11-16T00:00:00+00:00;MIDBEAR/USD;0,00011815;0,00016050;0,00011750;0,00014525;18,66
2021-11-15T00:00:00+00:00;MIDBEAR/USD;0,00011370;0,00011905;0,00010485;0,00011815;3,77
2021-11-14T00:00:00+00:00;MIDBEAR/USD;0,00011745;0,00012200;0,00011370;0,00011370;-3,3
2021-11-13T00:00:00+00:00;MIDBEAR/USD;0,00012135;0,00012440;0,00011395;0,00011745;-3,32
2021-11-12T00:00:00+00:00;MIDBEAR/USD;0,00011375;0,00013285;0,00011170;0,00012135;6,26
2021-11-11T00:00:00+00:00;MIDBEAR/USD;0,00012200;0,00012545;0,00010845;0,00011375;-7,25
2021-11-10T00:00:00+00:00;MIDBEAR/USD;0,00010190;0,00012983;0,00009717;0,00012200;16,48
2021-11-09T00:00:00+00:00;MIDBEAR/USD;0,00009924;0,00010533;0,00009696;0,00010190;2,61
2021-11-08T00:00:00+00:00;MIDBEAR/USD;0,00011985;0,00012065;0,00009853;0,00009924;-20,77
2021-11-07T00:00:00+00:00;MIDBEAR/USD;0,00012505;0,00012760;0,00011850;0,00011985;-4,34
2021-11-06T00:00:00+00:00;MIDBEAR/USD;0,00012375;0,00013990;0,00012185;0,00012505;1,04
2021-11-05T00:00:00+00:00;MIDBEAR/USD;0,00012845;0,00013470;0,00011850;0,00012375;-3,8
2021-11-04T00:00:00+00:00;MIDBEAR/USD;0,00012590;0,00013880;0,00012460;0,00012845;1,99
2021-11-03T00:00:00+00:00;MIDBEAR/USD;0,00012500;0,00013865;0,00012475;0,00012590;0,71
2021-11-02T00:00:00+00:00;MIDBEAR/USD;0,00013470;0,00013890;0,00012480;0,00012500;-7,76
2021-11-01T00:00:00+00:00;MIDBEAR/USD;0,00013495;0,00015190;0,00013060;0,00013470;-0,19
2021-10-31T00:00:00+00:00;MIDBEAR/USD;0,00014545;0,00015690;0,00013330;0,00013495;-7,78
2021-10-30T00:00:00+00:00;MIDBEAR/USD;0,00013400;0,00015185;0,00013325;0,00014545;7,87
2021-10-29T00:00:00+00:00;MIDBEAR/USD;0,00013675;0,00014225;0,00012965;0,00013400;-2,05
2021-10-28T00:00:00+00:00;MIDBEAR/USD;0,00019420;0,00020125;0,00012270;0,00013675;-42,01
2021-10-27T00:00:00+00:00;MIDBEAR/USD;0,00015040;0,00019485;0,00014515;0,00019420;22,55
2021-10-26T00:00:00+00:00;MIDBEAR/USD;0,00014985;0,00015705;0,00013925;0,00015085;0,66
2021-10-25T00:00:00+00:00;MIDBEAR/USD;0,00015425;0,00016015;0,00014870;0,00014985;-2,94
2021-10-24T00:00:00+00:00;MIDBEAR/USD;0,00015505;0,00016855;0,00015235;0,00015425;-0,52
2021-10-23T00:00:00+00:00;MIDBEAR/USD;0,00016305;0,00016705;0,00015345;0,00015505;-5,16
2021-10-22T00:00:00+00:00;MIDBEAR/USD;0,00017080;0,00017445;0,00015530;0,00016305;-4,75
2021-10-21T00:00:00+00:00;MIDBEAR/USD;0,00015960;0,00017555;0,00014570;0,00017080;6,56
2021-10-20T00:00:00+00:00;MIDBEAR/USD;0,00019175;0,00019885;0,00015480;0,00016000;-19,84
2021-10-19T00:00:00+00:00;MIDBEAR/USD;0,00020085;0,00020575;0,00019125;0,00019175;-4,75
2021-10-18T00:00:00+00:00;MIDBEAR/USD;0,00020365;0,00020580;0,00018660;0,00020085;-1,39
2021-10-17T00:00:00+00:00;MIDBEAR/USD;0,00019525;0,00022265;0,00019060;0,00020365;4,12
2021-10-16T00:00:00+00:00;MIDBEAR/USD;0,00020190;0,00020410;0,00018000;0,00019525;-3,41
2021-10-15T00:00:00+00:00;MIDBEAR/USD;0,00020125;0,00021930;0,00019115;0,00020190;0,32
2021-10-14T00:00:00+00:00;MIDBEAR/USD;0,00020340;0,00020515;0,00018935;0,00020125;-1,07
2021-10-13T00:00:00+00:00;MIDBEAR/USD;0,00022435;0,00023895;0,00020225;0,00020340;-10,3
2021-10-12T00:00:00+00:00;MIDBEAR/USD;0,00021415;0,00025160;0,00021415;0,00022435;4,55
2021-10-11T00:00:00+00:00;MIDBEAR/USD;0,00021895;0,00022965;0,00019095;0,00021415;-2,24
2021-10-10T00:00:00+00:00;MIDBEAR/USD;0,00018720;0,00022100;0,00018455;0,00021895;14,5
2021-10-09T00:00:00+00:00;MIDBEAR/USD;0,00019930;0,00020325;0,00017945;0,00018720;-6,46
2021-10-08T00:00:00+00:00;MIDBEAR/USD;0,00019625;0,00020150;0,00018230;0,00019930;1,53
2021-10-07T00:00:00+00:00;MIDBEAR/USD;0,00018980;0,00020785;0,00018470;0,00019625;3,29
2021-10-06T00:00:00+00:00;MIDBEAR/USD;0,00019260;0,00022370;0,00018020;0,00018980;-1,48
2021-10-05T00:00:00+00:00;MIDBEAR/USD;0,00020635;0,00021135;0,00018880;0,00019260;-7,14
2021-10-04T00:00:00+00:00;MIDBEAR/USD;0,00021065;0,00023535;0,00020220;0,00020635;-2,08
2021-10-03T00:00:00+00:00;MIDBEAR/USD;0,00022150;0,00022855;0,00020045;0,00021065;-5,15
2021-10-02T00:00:00+00:00;MIDBEAR/USD;0,00023270;0,00024780;0,00020285;0,00022150;-5,06
2021-10-01T00:00:00+00:00;MIDBEAR/USD;0,00030690;0,00031610;0,00023215;0,00023270;-31,89
2021-09-30T00:00:00+00:00;MIDBEAR/USD;0,00035820;0,00036040;0,00030690;0,00030690;-16,72
2021-09-29T00:00:00+00:00;MIDBEAR/USD;0,00038280;0,00039100;0,00032230;0,00035820;-6,87
2021-09-28T00:00:00+00:00;MIDBEAR/USD;0,00034700;0,00038630;0,00032980;0,00038280;9,35
2021-09-27T00:00:00+00:00;MIDBEAR/USD;0,00031690;0,00034700;0,00028850;0,00034700;8,67
2021-09-26T00:00:00+00:00;MIDBEAR/USD;0,00031810;0,00038980;0,00029570;0,00031690;-0,38
2021-09-25T00:00:00+00:00;MIDBEAR/USD;0,00030070;0,00033310;0,00029090;0,00031810;5,47
2021-09-24T00:00:00+00:00;MIDBEAR/USD;0,00025060;0,00034380;0,00024580;0,00030070;16,66
2021-09-23T00:00:00+00:00;MIDBEAR/USD;0,00026680;0,00028350;0,00024650;0,00025060;-6,46
2021-09-22T00:00:00+00:00;MIDBEAR/USD;0,00041340;0,00041900;0,00026390;0,00026680;-54,95
2021-09-21T00:00:00+00:00;MIDBEAR/USD;0,00034430;0,00042520;0,00030330;0,00041340;16,72
2021-09-20T00:00:00+00:00;MIDBEAR/USD;0,00025040;0,00035950;0,00024950;0,00034430;27,27
2021-09-19T00:00:00+00:00;MIDBEAR/USD;0,00023520;0,00025930;0,00023490;0,00025040;6,07
2021-09-18T00:00:00+00:00;MIDBEAR/USD;0,00025280;0,00026120;0,00022890;0,00023520;-7,48
2021-09-17T00:00:00+00:00;MIDBEAR/USD;0,00023115;0,00025975;0,00022000;0,00025280;8,56
2021-09-16T00:00:00+00:00;MIDBEAR/USD;0,00021790;0,00024905;0,00021680;0,00023115;5,73
2021-09-15T00:00:00+00:00;MIDBEAR/USD;0,00023820;0,00024470;0,00021775;0,00021790;-9,32
2021-09-14T00:00:00+00:00;MIDBEAR/USD;0,00026620;0,00027790;0,00023820;0,00023820;-11,75
2021-09-13T00:00:00+00:00;MIDBEAR/USD;0,00023810;0,00029870;0,00023260;0,00026620;10,56
2021-09-12T00:00:00+00:00;MIDBEAR/USD;0,00028120;0,00029680;0,00023360;0,00023810;-18,1
2021-09-11T00:00:00+00:00;MIDBEAR/USD;0,00028710;0,00029180;0,00026020;0,00028120;-2,1
2021-09-10T00:00:00+00:00;MIDBEAR/USD;0,00025640;0,00030760;0,00023080;0,00028710;10,69
2021-09-09T00:00:00+00:00;MIDBEAR/USD;0,00028590;0,00029450;0,00023650;0,00025640;-11,51
2021-09-08T00:00:00+00:00;MIDBEAR/USD;0,00028950;0,00035560;0,00026550;0,00028590;-1,26
2021-09-07T00:00:00+00:00;MIDBEAR/USD;0,00018855;0,00032820;0,00018490;0,00028950;34,87
2021-09-06T00:00:00+00:00;MIDBEAR/USD;0,00019090;0,00020850;0,00017605;0,00018855;-1,25
2021-09-05T00:00:00+00:00;MIDBEAR/USD;0,00022170;0,00023050;0,00019050;0,00019090;-16,13
2021-09-04T00:00:00+00:00;MIDBEAR/USD;0,00023355;0,00023780;0,00021360;0,00022170;-5,35
2021-09-03T00:00:00+00:00;MIDBEAR/USD;0,00024020;0,00025690;0,00022475;0,00023355;-2,85
2021-09-02T00:00:00+00:00;MIDBEAR/USD;0,00024040;0,00024360;0,00022230;0,00024020;-0,08
2021-09-01T00:00:00+00:00;MIDBEAR/USD;0,00030910;0,00032580;0,00024010;0,00024040;-28,58
2021-08-31T00:00:00+00:00;MIDBEAR/USD;0,00034010;0,00034860;0,00028830;0,00030910;-10,03
2021-08-30T00:00:00+00:00;MIDBEAR/USD;0,00031160;0,00034540;0,00030210;0,00034010;8,38
2021-08-29T00:00:00+00:00;MIDBEAR/USD;0,00030280;0,00032230;0,00028660;0,00031160;2,82
2021-08-28T00:00:00+00:00;MIDBEAR/USD;0,00028780;0,00031490;0,00028340;0,00030280;4,95
2021-08-27T00:00:00+00:00;MIDBEAR/USD;0,00037080;0,00038970;0,00028780;0,00028780;-28,84
2021-08-26T00:00:00+00:00;MIDBEAR/USD;0,00030370;0,00038190;0,00029570;0,00037080;18,1
2021-08-25T00:00:00+00:00;MIDBEAR/USD;0,00031730;0,00035920;0,00030250;0,00030370;-4,48
2021-08-24T00:00:00+00:00;MIDBEAR/USD;0,00027210;0,00033770;0,00026750;0,00031730;14,25
2021-08-23T00:00:00+00:00;MIDBEAR/USD;0,00028870;0,00029290;0,00025870;0,00027210;-6,1
2021-08-22T00:00:00+00:00;MIDBEAR/USD;0,00029230;0,00031790;0,00027580;0,00028870;-1,25
2021-08-21T00:00:00+00:00;MIDBEAR/USD;0,00028220;0,00030160;0,00027260;0,00029230;3,46
2021-08-20T00:00:00+00:00;MIDBEAR/USD;0,00031120;0,00031790;0,00027070;0,00028220;-10,28
2021-08-19T00:00:00+00:00;MIDBEAR/USD;0,00036980;0,00039830;0,00031120;0,00031120;-18,83
2021-08-18T00:00:00+00:00;MIDBEAR/USD;0,00038040;0,00042840;0,00032520;0,00036980;-2,87
2021-08-17T00:00:00+00:00;MIDBEAR/USD;0,00031790;0,00038600;0,00027970;0,00038040;16,43
2021-08-16T00:00:00+00:00;MIDBEAR/USD;0,00028710;0,00032550;0,00025930;0,00031790;9,69
2021-08-15T00:00:00+00:00;MIDBEAR/USD;0,00034510;0,00037750;0,00028150;0,00028710;-20,2
2021-08-14T00:00:00+00:00;MIDBEAR/USD;0,00036610;0,00040190;0,00033890;0,00034510;-6,09
2021-08-13T00:00:00+00:00;MIDBEAR/USD;0,00048130;0,00049120;0,00036610;0,00036610;-31,47
2021-08-12T00:00:00+00:00;MIDBEAR/USD;0,00045090;0,00052760;0,00037760;0,00048160;6,37
2021-08-11T00:00:00+00:00;MIDBEAR/USD;0,00051310;0,00051560;0,00040150;0,00045090;-13,79
2021-08-10T00:00:00+00:00;MIDBEAR/USD;0,00052525;0,00056530;0,00049220;0,00051310;-2,37
2021-08-09T00:00:00+00:00;MIDBEAR/USD;0,00062950;0,00068700;0,00050100;0,00052525;-19,85
2021-08-08T00:00:00+00:00;MIDBEAR/USD;0,00053375;0,00065200;0,00049050;0,00062950;15,21
2021-08-07T00:00:00+00:00;MIDBEAR/USD;0,00078850;0,00079925;0,00053075;0,00053375;-47,73
2021-08-06T00:00:00+00:00;MIDBEAR/USD;0,00084475;0,00088750;0,00075075;0,00078850;-7,13
2021-08-05T00:00:00+00:00;MIDBEAR/USD;0,00091650;0,00100425;0,00084275;0,00084475;-8,49
2021-08-04T00:00:00+00:00;MIDBEAR/USD;0,00106800;0,00110675;0,00090200;0,00091650;-16,53
2021-08-03T00:00:00+00:00;MIDBEAR/USD;0,00096025;0,00110400;0,00093575;0,00106800;10,09
2021-08-02T00:00:00+00:00;MIDBEAR/USD;0,00096725;0,00101725;0,00090200;0,00096025;-0,73
2021-08-01T00:00:00+00:00;MIDBEAR/USD;0,00090950;0,00099125;0,00081375;0,00096725;5,97
2021-07-31T00:00:00+00:00;MIDBEAR/USD;0,00096375;0,00099550;0,00088400;0,00090950;-5,96
2021-07-30T00:00:00+00:00;MIDBEAR/USD;0,00106200;0,00116250;0,00096350;0,00096375;-10,19
2021-07-29T00:00:00+00:00;MIDBEAR/USD;0,00109650;0,00115250;0,00104350;0,00106200;-3,25
2021-07-28T00:00:00+00:00;MIDBEAR/USD;0,00112200;0,00117750;0,00104550;0,00109650;-2,33
2021-07-27T00:00:00+00:00;MIDBEAR/USD;0,00124450;0,00136450;0,00109450;0,00112200;-10,92
2021-07-26T00:00:00+00:00;MIDBEAR/USD;0,00139450;0,00141700;0,00095100;0,00124450;-12,05
2021-07-25T00:00:00+00:00;MIDBEAR/USD;0,00143250;0,00155200;0,00138550;0,00139450;-2,72
2021-07-24T00:00:00+00:00;MIDBEAR/USD;0,00150400;0,00153750;0,00134300;0,00143250;-4,99
2021-07-23T00:00:00+00:00;MIDBEAR/USD;0,00163550;0,00179250;0,00150100;0,00150400;-8,74
2021-07-22T00:00:00+00:00;MIDBEAR/USD;0,00185800;0,00192950;0,00162400;0,00163550;-13,6
2021-07-21T00:00:00+00:00;MIDBEAR/USD;0,00260700;0,00273100;0,00159550;0,00185800;-40,31
2021-07-20T00:00:00+00:00;MIDBEAR/USD;0,00238300;0,00337800;0,00231000;0,00260700;8,59
2021-07-19T00:00:00+00:00;MIDBEAR/USD;0,00206450;0,00243300;0,00203550;0,00238300;13,37
2021-07-18T00:00:00+00:00;MIDBEAR/USD;0,00201700;0,00211000;0,00180200;0,00206450;2,3
2021-07-17T00:00:00+00:00;MIDBEAR/USD;0,00227550;0,00235800;0,00182800;0,00201700;-12,82
2021-07-16T00:00:00+00:00;MIDBEAR/USD;0,00202700;0,00228350;0,00188100;0,00227550;10,92
2021-07-15T00:00:00+00:00;MIDBEAR/USD;0,00179100;0,00213550;0,00170650;0,00202700;11,64
2021-07-14T00:00:00+00:00;MIDBEAR/USD;0,00174550;0,00203000;0,00169900;0,00179100;2,54
2021-07-13T00:00:00+00:00;MIDBEAR/USD;0,00158700;0,00179050;0,00158700;0,00174550;9,08
2021-07-12T00:00:00+00:00;MIDBEAR/USD;0,00145450;0,00165950;0,00137900;0,00158700;8,35
2021-07-11T00:00:00+00:00;MIDBEAR/USD;0,00154400;0,00160100;0,00139950;0,00145450;-6,15
2021-07-10T00:00:00+00:00;MIDBEAR/USD;0,00146700;0,00162450;0,00137650;0,00154400;4,99
2021-07-09T00:00:00+00:00;MIDBEAR/USD;0,00167550;0,00187450;0,00142550;0,00146700;-14,21
2021-07-08T00:00:00+00:00;MIDBEAR/USD;0,00139550;0,00172950;0,00138700;0,00167550;16,71
2021-07-07T00:00:00+00:00;MIDBEAR/USD;0,00134200;0,00140650;0,00124750;0,00139550;3,83
2021-07-06T00:00:00+00:00;MIDBEAR/USD;0,00146100;0,00146400;0,00121750;0,00134200;-8,87
2021-07-05T00:00:00+00:00;MIDBEAR/USD;0,00132000;0,00157300;0,00131400;0,00146100;9,65
2021-07-04T00:00:00+00:00;MIDBEAR/USD;0,00141400;0,00148350;0,00124550;0,00132000;-7,12
2021-07-03T00:00:00+00:00;MIDBEAR/USD;0,00150350;0,00155900;0,00137850;0,00141400;-6,33
2021-07-02T00:00:00+00:00;MIDBEAR/USD;0,00155150;0,00170600;0,00149700;0,00150350;-3,19
2021-07-01T00:00:00+00:00;MIDBEAR/USD;0,00135400;0,00161950;0,00134800;0,00155150;12,73
2021-06-30T00:00:00+00:00;MIDBEAR/USD;0,00138500;0,00164900;0,00131950;0,00135400;-2,29
2021-06-29T00:00:00+00:00;MIDBEAR/USD;0,00163400;0,00163900;0,00123850;0,00138500;-17,98
2021-06-28T00:00:00+00:00;MIDBEAR/USD;0,00173450;0,00184850;0,00155900;0,00163400;-6,15
2021-06-27T00:00:00+00:00;MIDBEAR/USD;0,00215050;0,00224050;0,00173350;0,00173450;-23,98
2021-06-26T00:00:00+00:00;MIDBEAR/USD;0,00228550;0,00255300;0,00196800;0,00215050;-6,28
2021-06-25T00:00:00+00:00;MIDBEAR/USD;0,00180000;0,00237800;0,00159400;0,00228550;21,24
2021-06-24T00:00:00+00:00;MIDBEAR/USD;0,00225000;0,00256100;0,00176450;0,00180000;-25,0
2021-06-23T00:00:00+00:00;MIDBEAR/USD;0,00346700;0,00390900;0,00196050;0,00225000;-54,09
2021-06-22T00:00:00+00:00;MIDBEAR/USD;0,00374200;0,00449300;0,00258500;0,00346700;-7,93
2021-06-21T00:00:00+00:00;MIDBEAR/USD;0,00211500;0,00382100;0,00208350;0,00374200;43,48
2021-06-20T00:00:00+00:00;MIDBEAR/USD;0,00211900;0,00263250;0,00200300;0,00211500;-0,19
2021-06-19T00:00:00+00:00;MIDBEAR/USD;0,00202300;0,00213250;0,00189300;0,00211900;4,53
2021-06-18T00:00:00+00:00;MIDBEAR/USD;0,00172700;0,00216200;0,00171950;0,00202300;14,63
2021-06-17T00:00:00+00:00;MIDBEAR/USD;0,00172500;0,00178800;0,00156950;0,00172700;0,12
2021-06-16T00:00:00+00:00;MIDBEAR/USD;0,00154200;0,00175550;0,00151500;0,00172500;10,61
2021-06-15T00:00:00+00:00;MIDBEAR/USD;0,00147050;0,00158400;0,00141750;0,00154200;4,64
2021-06-14T00:00:00+00:00;MIDBEAR/USD;0,00155700;0,00162350;0,00140250;0,00147050;-5,88
2021-06-13T00:00:00+00:00;MIDBEAR/USD;0,00190650;0,00201850;0,00151000;0,00155700;-22,45
2021-06-12T00:00:00+00:00;MIDBEAR/USD;0,00182200;0,00214250;0,00181450;0,00190650;4,43
2021-06-11T00:00:00+00:00;MIDBEAR/USD;0,00163400;0,00188050;0,00160150;0,00182200;10,32
2021-06-10T00:00:00+00:00;MIDBEAR/USD;0,00142800;0,00169200;0,00139900;0,00163400;12,61
2021-06-09T00:00:00+00:00;MIDBEAR/USD;0,00165600;0,00190150;0,00140750;0,00142800;-15,97
2021-06-08T00:00:00+00:00;MIDBEAR/USD;0,00159950;0,00210400;0,00153550;0,00165600;3,41
2021-06-07T00:00:00+00:00;MIDBEAR/USD;0,00125850;0,00163050;0,00116650;0,00159950;21,32
2021-06-06T00:00:00+00:00;MIDBEAR/USD;0,00131200;0,00133700;0,00123850;0,00125850;-4,25
2021-06-05T00:00:00+00:00;MIDBEAR/USD;0,00123225;0,00140700;0,00104700;0,00131200;6,08
2021-06-04T00:00:00+00:00;MIDBEAR/USD;0,00100575;0,00138350;0,00099750;0,00123225;18,38
2021-06-03T00:00:00+00:00;MIDBEAR/USD;0,00103225;0,00111450;0,00092500;0,00100575;-2,63
2021-06-02T00:00:00+00:00;MIDBEAR/USD;0,00137850;0,00150500;0,00099100;0,00103225;-33,54
2021-06-01T00:00:00+00:00;MIDBEAR/USD;0,00156800;0,00177200;0,00133500;0,00137850;-13,75
2021-05-31T00:00:00+00:00;MIDBEAR/USD;0,00210300;0,00231650;0,00155750;0,00156800;-34,12
2021-05-30T00:00:00+00:00;MIDBEAR/USD;0,00240100;0,00277000;0,00193200;0,00210300;-14,17
2021-05-29T00:00:00+00:00;MIDBEAR/USD;0,00210100;0,00267000;0,00189700;0,00240100;12,49
2021-05-28T00:00:00+00:00;MIDBEAR/USD;0,00169550;0,00232950;0,00163700;0,00210100;19,3
2021-05-27T00:00:00+00:00;MIDBEAR/USD;0,00150250;0,00185800;0,00150250;0,00170150;11,7
2021-05-26T00:00:00+00:00;MIDBEAR/USD;0,00187750;0,00198800;0,00141600;0,00150250;-24,96
2021-05-25T00:00:00+00:00;MIDBEAR/USD;0,00175350;0,00226100;0,00152450;0,00187750;6,6
2021-05-24T00:00:00+00:00;MIDBEAR/USD;0,00354800;0,00381500;0,00173850;0,00175350;-102,34
2021-05-23T00:00:00+00:00;MIDBEAR/USD;0,00268200;0,00501400;0,00243700;0,00354800;24,41
2021-05-22T00:00:00+00:00;MIDBEAR/USD;0,00225650;0,00304850;0,00219150;0,00268200;15,87
2021-05-21T00:00:00+00:00;MIDBEAR/USD;0,00161250;0,00271850;0,00144300;0,00225650;28,54
2021-05-20T00:00:00+00:00;MIDBEAR/USD;0,00291700;0,00387500;0,00137050;0,00161250;-80,9
2021-05-19T00:00:00+00:00;MIDBEAR/USD;0,00147950;0,00347850;0,00144150;0,00291700;49,28
2021-05-18T00:00:00+00:00;MIDBEAR/USD;0,00160250;0,00164100;0,00128800;0,00147950;-8,31
2021-05-17T00:00:00+00:00;MIDBEAR/USD;0,00132700;0,00179400;0,00131800;0,00160250;17,19
2021-05-16T00:00:00+00:00;MIDBEAR/USD;0,00143500;0,00159450;0,00113250;0,00132700;-8,14
2021-05-15T00:00:00+00:00;MIDBEAR/USD;0,00117450;0,00144950;0,00114950;0,00143500;18,15
2021-05-14T00:00:00+00:00;MIDBEAR/USD;0,00152700;0,00156200;0,00110100;0,00117450;-30,01
2021-05-13T00:00:00+00:00;MIDBEAR/USD;0,00209800;0,00242900;0,00146200;0,00152700;-37,39
2021-05-12T00:00:00+00:00;MIDBEAR/USD;0,00148100;0,00217650;0,00136250;0,00209800;29,41
2021-05-11T00:00:00+00:00;MIDBEAR/USD;0,00196900;0,00205150;0,00146700;0,00148100;-32,95
2021-05-10T00:00:00+00:00;MIDBEAR/USD;0,00147500;0,00218400;0,00140350;0,00196900;25,09
2021-05-09T00:00:00+00:00;MIDBEAR/USD;0,00132350;0,00191900;0,00120500;0,00147500;10,27
2021-05-08T00:00:00+00:00;MIDBEAR/USD;0,00123450;0,00142950;0,00110650;0,00132350;6,72
2021-05-07T00:00:00+00:00;MIDBEAR/USD;0,00150200;0,00163050;0,00120100;0,00123450;-21,67
2021-05-06T00:00:00+00:00;MIDBEAR/USD;0,00140200;0,00169350;0,00136550;0,00150200;6,66
2021-05-05T00:00:00+00:00;MIDBEAR/USD;0,00226650;0,00229500;0,00137650;0,00140200;-61,66
2021-05-04T00:00:00+00:00;MIDBEAR/USD;0,00244200;0,00288200;0,00196300;0,00226700;-7,72
2021-05-03T00:00:00+00:00;MIDBEAR/USD;0,00295000;0,00295000;0,00239400;0,00244200;-20,8
2021-05-02T00:00:00+00:00;MIDBEAR/USD;0,00295500;0,00329000;0,00282800;0,00295000;-0,17
2021-05-01T00:00:00+00:00;MIDBEAR/USD;0,00390100;0,00402100;0,00294000;0,00295500;-32,01
2021-04-30T00:00:00+00:00;MIDBEAR/USD;0,00488100;0,00500600;0,00388600;0,00390100;-25,12
2021-04-29T00:00:00+00:00;MIDBEAR/USD;0,00466900;0,00525600;0,00464100;0,00488100;4,34
2021-04-28T00:00:00+00:00;MIDBEAR/USD;0,00518500;0,00573400;0,00453100;0,00466900;-11,05
2021-04-27T00:00:00+00:00;MIDBEAR/USD;0,00602500;0,00623250;0,00503250;0,00518500;-16,2
2021-04-26T00:00:00+00:00;MIDBEAR/USD;0,00893250;0,00898500;0,00602500;0,00602500;-48,26
2021-04-25T00:00:00+00:00;MIDBEAR/USD;0,00842750;0,01032750;0,00728250;0,00893250;5,65
2021-04-24T00:00:00+00:00;MIDBEAR/USD;0,00795750;0,00903000;0,00718500;0,00842750;5,58
2021-04-23T00:00:00+00:00;MIDBEAR/USD;0,00743000;0,01136750;0,00726500;0,00795750;6,63
2021-04-22T00:00:00+00:00;MIDBEAR/USD;0,00585250;0,00770000;0,00547500;0,00743000;21,23
2021-04-21T00:00:00+00:00;MIDBEAR/USD;0,00517600;0,00600700;0,00494200;0,00585250;11,56
2021-04-20T00:00:00+00:00;MIDBEAR/USD;0,00473700;0,00593800;0,00463400;0,00517600;8,48
2021-04-19T00:00:00+00:00;MIDBEAR/USD;0,00500800;0,00541600;0,00402300;0,00473700;-5,72
2021-04-18T00:00:00+00:00;MIDBEAR/USD;0,00481000;0,00758600;0,00475300;0,00500800;3,95
2021-04-17T00:00:00+00:00;MIDBEAR/USD;0,00390600;0,00516400;0,00382500;0,00481000;18,79
2021-04-16T00:00:00+00:00;MIDBEAR/USD;0,00719250;0,00719250;0,00373800;0,00390600;-84,14
2021-04-15T00:00:00+00:00;MIDBEAR/USD;0,00979500;0,00994750;0,00706750;0,00719250;-36,18
2021-04-14T00:00:00+00:00;MIDBEAR/USD;0,01145500;0,01145500;0,00902000;0,00979500;-16,95
2021-04-13T00:00:00+00:00;MIDBEAR/USD;0,01432000;0,01455000;0,01141000;0,01145500;-25,01
2021-04-12T00:00:00+00:00;MIDBEAR/USD;0,01433500;0,01543500;0,01385000;0,01432000;-0,1
2021-04-11T00:00:00+00:00;MIDBEAR/USD;0,01593500;0,01616000;0,01418500;0,01433500;-11,16
2021-04-10T00:00:00+00:00;MIDBEAR/USD;0,01827000;0,01849500;0,01561500;0,01593500;-14,65
2021-04-09T00:00:00+00:00;MIDBEAR/USD;0,01892000;0,01958000;0,01740500;0,01827000;-3,56
2021-04-08T00:00:00+00:00;MIDBEAR/USD;0,02333000;0,02373500;0,01880500;0,01892000;-23,31
2021-04-07T00:00:00+00:00;MIDBEAR/USD;0,01884500;0,02477500;0,01818000;0,02333000;19,22
2021-04-06T00:00:00+00:00;MIDBEAR/USD;0,02088000;0,02210500;0,01884500;0,01884500;-10,8
2021-04-05T00:00:00+00:00;MIDBEAR/USD;0,02619000;0,02767000;0,02087500;0,02088000;-25,43
2021-04-04T00:00:00+00:00;MIDBEAR/USD;0,03184000;0,03275000;0,02609000;0,02619000;-21,57
2021-04-03T00:00:00+00:00;MIDBEAR/USD;0,02753000;0,03188000;0,02578000;0,03184000;13,54
2021-04-02T00:00:00+00:00;MIDBEAR/USD;0,03079000;0,03087000;0,02711000;0,02753000;-11,84
2021-04-01T00:00:00+00:00;MIDBEAR/USD;0,03377000;0,03378000;0,03054000;0,03079000;-9,68
2021-03-31T00:00:00+00:00;MIDBEAR/USD;0,03422000;0,03878000;0,03356000;0,03377000;-1,33
2021-03-30T00:00:00+00:00;MIDBEAR/USD;0,03578000;0,03657000;0,03356000;0,03422000;-4,56
2021-03-29T00:00:00+00:00;MIDBEAR/USD;0,04126000;0,04210000;0,03557000;0,03578000;-15,32
2021-03-28T00:00:00+00:00;MIDBEAR/USD;0,04316000;0,04409000;0,03986000;0,04126000;-4,6
2021-03-27T00:00:00+00:00;MIDBEAR/USD;0,04297000;0,04618000;0,04192000;0,04316000;0,44
2021-03-26T00:00:00+00:00;MIDBEAR/USD;0,05382500;0,05410000;0,04297000;0,04297000;-25,26
2021-03-25T00:00:00+00:00;MIDBEAR/USD;0,05195000;0,05804000;0,04942000;0,05382500;3,48
2021-03-24T00:00:00+00:00;MIDBEAR/USD;0,04420000;0,05435000;0,03852000;0,05195000;14,92
2021-03-23T00:00:00+00:00;MIDBEAR/USD;0,04426000;0,04672000;0,04054000;0,04420000;-0,14
2021-03-22T00:00:00+00:00;MIDBEAR/USD;0,03964000;0,04501000;0,03725000;0,04426000;10,44
2021-03-21T00:00:00+00:00;MIDBEAR/USD;0,03881000;0,04236000;0,03785000;0,03964000;2,09
2021-03-20T00:00:00+00:00;MIDBEAR/USD;0,03866000;0,03920000;0,03486000;0,03881000;0,39
2021-03-19T00:00:00+00:00;MIDBEAR/USD;0,04180000;0,04515000;0,03671000;0,03866000;-8,12
2021-03-18T00:00:00+00:00;MIDBEAR/USD;0,04116000;0,04254000;0,03761000;0,04180000;1,53
2021-03-17T00:00:00+00:00;MIDBEAR/USD;0,04465000;0,04932000;0,04113000;0,04116000;-8,48
2021-03-16T00:00:00+00:00;MIDBEAR/USD;0,04879000;0,05495000;0,04465000;0,04465000;-9,27
2021-03-15T00:00:00+00:00;MIDBEAR/USD;0,04802000;0,05501000;0,04480000;0,04879000;1,58
2021-03-14T00:00:00+00:00;MIDBEAR/USD;0,04315000;0,04816000;0,04217000;0,04802000;10,14
2021-03-13T00:00:00+00:00;MIDBEAR/USD;0,05183000;0,05571000;0,04199000;0,04315000;-20,12
2021-03-12T00:00:00+00:00;MIDBEAR/USD;0,04514000;0,05486000;0,04450000;0,05183000;12,91
2021-03-11T00:00:00+00:00;MIDBEAR/USD;0,04645000;0,05152000;0,04407000;0,04514000;-2,9
2021-03-10T00:00:00+00:00;MIDBEAR/USD;0,04055000;0,04809000;0,03966000;0,04645000;12,7
2021-03-09T00:00:00+00:00;MIDBEAR/USD;0,04501000;0,04663000;0,04046000;0,04055000;-11,0
2021-03-08T00:00:00+00:00;MIDBEAR/USD;0,04881000;0,05268000;0,04492000;0,04501000;-8,44
2021-03-07T00:00:00+00:00;MIDBEAR/USD;0,05507500;0,05522500;0,04802000;0,04881000;-12,84
2021-03-06T00:00:00+00:00;MIDBEAR/USD;0,05777500;0,06172500;0,05372500;0,05507500;-4,9
2021-03-05T00:00:00+00:00;MIDBEAR/USD;0,05760000;0,06690000;0,05555000;0,05777500;0,3
2021-03-04T00:00:00+00:00;MIDBEAR/USD;0,05295000;0,06102500;0,04865000;0,05760000;8,07
2021-03-03T00:00:00+00:00;MIDBEAR/USD;0,06060000;0,06235000;0,04874000;0,05295000;-14,45
2021-03-02T00:00:00+00:00;MIDBEAR/USD;0,06187500;0,06667500;0,05372500;0,06060000;-2,1
2021-03-01T00:00:00+00:00;MIDBEAR/USD;0,08125000;0,08162500;0,06170000;0,06187500;-31,31
2021-02-28T00:00:00+00:00;MIDBEAR/USD;0,07015000;0,09560000;0,06862500;0,08125000;13,66
2021-02-27T00:00:00+00:00;MIDBEAR/USD;0,08215000;0,08235000;0,06502500;0,07015000;-17,11
2021-02-26T00:00:00+00:00;MIDBEAR/USD;0,07975000;0,09747500;0,06987500;0,08215000;2,92
2021-02-25T00:00:00+00:00;MIDBEAR/USD;0,06660000;0,08065000;0,05985000;0,07975000;16,49
2021-02-24T00:00:00+00:00;MIDBEAR/USD;0,07660000;0,08470000;0,05592500;0,06660000;-15,02
2021-02-23T00:00:00+00:00;MIDBEAR/USD;0,05350000;0,09317500;0,05310000;0,07660000;30,16
2021-02-22T00:00:00+00:00;MIDBEAR/USD;0,04768000;0,07180000;0,04601000;0,05350000;10,88
2021-02-21T00:00:00+00:00;MIDBEAR/USD;0,05855000;0,06090000;0,04559000;0,04768000;-22,8
2021-02-20T00:00:00+00:00;MIDBEAR/USD;0,05287500;0,06312000;0,04585000;0,05855000;9,69
2021-02-19T00:00:00+00:00;MIDBEAR/USD;0,06710000;0,07310000;0,05287500;0,05287500;-26,9
2021-02-18T00:00:00+00:00;MIDBEAR/USD;0,07552500;0,07552500;0,06555000;0,06710000;-12,56
2021-02-17T00:00:00+00:00;MIDBEAR/USD;0,08595000;0,09697500;0,07400000;0,07552500;-13,8
2021-02-16T00:00:00+00:00;MIDBEAR/USD;0,08360000;0,09102500;0,07192500;0,08595000;2,73
2021-02-15T00:00:00+00:00;MIDBEAR/USD;0,07740000;0,10795000;0,07080000;0,08360000;7,42
2021-02-14T00:00:00+00:00;MIDBEAR/USD;0,06665000;0,08182500;0,06505000;0,07740000;13,89
2021-02-13T00:00:00+00:00;MIDBEAR/USD;0,07337500;0,08055000;0,06532500;0,06665000;-10,09
2021-02-12T00:00:00+00:00;MIDBEAR/USD;0,09365000;0,09910000;0,07177500;0,07337500;-27,63
2021-02-11T00:00:00+00:00;MIDBEAR/USD;0,11720000;0,12120000;0,09140000;0,09365000;-25,15
2021-02-10T00:00:00+00:00;MIDBEAR/USD;0,14040000;0,14110000;0,10780000;0,11720000;-19,8
2021-02-09T00:00:00+00:00;MIDBEAR/USD;0,16075000;0,16390000;0,13610000;0,14040000;-14,49
2021-02-08T00:00:00+00:00;MIDBEAR/USD;0,18865000;0,20360000;0,15505000;0,16075000;-17,36
2021-02-07T00:00:00+00:00;MIDBEAR/USD;0,21805000;0,24605000;0,18595000;0,18865000;-15,58
2021-02-06T00:00:00+00:00;MIDBEAR/USD;0,21630000;0,24860000;0,21205000;0,21805000;0,8
2021-02-05T00:00:00+00:00;MIDBEAR/USD;0,28790000;0,29300000;0,21625000;0,21630000;-33,1
2021-02-04T00:00:00+00:00;MIDBEAR/USD;0,33350000;0,33980000;0,27490000;0,28790000;-15,84
2021-02-03T00:00:00+00:00;MIDBEAR/USD;0,41280000;0,41280000;0,33350000;0,33350000;-23,78
2021-02-02T00:00:00+00:00;MIDBEAR/USD;0,42240000;0,44140000;0,40870000;0,41280000;-2,33
2021-02-01T00:00:00+00:00;MIDBEAR/USD;0,46660000;0,50370000;0,41430000;0,42240000;-10,46
2021-01-31T00:00:00+00:00;MIDBEAR/USD;0,46070000;0,52370000;0,45070000;0,46660000;1,26
2021-01-30T00:00:00+00:00;MIDBEAR/USD;0,45070000;0,53890000;0,44700000;0,46070000;2,17
2021-01-29T00:00:00+00:00;MIDBEAR/USD;0,55600000;0,56025000;0,36490000;0,45070000;-23,36
2021-01-28T00:00:00+00:00;MIDBEAR/USD;0,89400000;0,93875000;0,55600000;0,55600000;-60,79
2021-01-27T00:00:00+00:00;MIDBEAR/USD;0,77700000;0,99975000;0,77700000;0,89400000;13,09
2021-01-26T00:00:00+00:00;MIDBEAR/USD;0,85075000;0,93525000;0,75150000;0,77700000;-9,49
2021-01-25T00:00:00+00:00;MIDBEAR/USD;0,76225000;0,86425000;0,70425000;0,85075000;10,4
2021-01-24T00:00:00+00:00;MIDBEAR/USD;0,86725000;0,89500000;0,74825000;0,76225000;-13,78
2021-01-23T00:00:00+00:00;MIDBEAR/USD;0,91450000;0,96325000;0,82850000;0,86725000;-5,45
2021-01-22T00:00:00+00:00;MIDBEAR/USD;1,22850000;1,45050000;0,85325000;0,91450000;-34,34
2021-01-21T00:00:00+00:00;MIDBEAR/USD;0,87125000;1,25000000;0,86275000;1,22850000;29,08
2021-01-20T00:00:00+00:00;MIDBEAR/USD;0,87025000;1,06100000;0,82300000;0,87125000;0,11
2021-01-19T00:00:00+00:00;MIDBEAR/USD;0,81900000;0,88000000;0,76550000;0,87025000;5,89
2021-01-18T00:00:00+00:00;MIDBEAR/USD;0,92125000;0,97675000;0,81675000;0,81900000;-12,48
2021-01-17T00:00:00+00:00;MIDBEAR/USD;0,96400000;1,08975000;0,87350000;0,92125000;-4,64
2021-01-16T00:00:00+00:00;MIDBEAR/USD;1,13100000;1,16100000;0,86075000;0,96400000;-17,32
2021-01-15T00:00:00+00:00;MIDBEAR/USD;1,09050000;1,34200000;1,01850000;1,13100000;3,58
2021-01-14T00:00:00+00:00;MIDBEAR/USD;1,12200000;1,22900000;1,03000000;1,09050000;-2,89
2021-01-13T00:00:00+00:00;MIDBEAR/USD;1,41150000;1,53650000;1,09500000;1,12200000;-25,8
2021-01-12T00:00:00+00:00;MIDBEAR/USD;1,55250000;1,75000000;1,22050000;1,41150000;-9,99
2021-01-11T00:00:00+00:00;MIDBEAR/USD;1,14250000;1,89250000;1,14250000;1,55250000;26,41
2021-01-10T00:00:00+00:00;MIDBEAR/USD;1,11550000;1,39650000;0,93250000;1,14250000;2,36
2021-01-09T00:00:00+00:00;MIDBEAR/USD;1,59350000;1,70500000;1,10550000;1,11550000;-42,85
2021-01-08T00:00:00+00:00;MIDBEAR/USD;1,45750000;1,82300000;1,36550000;1,59350000;8,53
2021-01-07T00:00:00+00:00;MIDBEAR/USD;1,33100000;1,60650000;1,19050000;1,45750000;8,68
2021-01-06T00:00:00+00:00;MIDBEAR/USD;2,13850000;2,22900000;1,33100000;1,33100000;-60,67
2021-01-05T00:00:00+00:00;MIDBEAR/USD;2,65600000;2,90700000;2,12300000;2,13850000;-24,2
2021-01-04T00:00:00+00:00;MIDBEAR/USD;2,93100000;3,43450000;2,28000000;2,65600000;-10,35
2021-01-03T00:00:00+00:00;MIDBEAR/USD;3,40800000;3,59000000;2,85200000;2,93100000;-16,27
2021-01-02T00:00:00+00:00;MIDBEAR/USD;3,47500000;3,73500000;3,12700000;3,40800000;-1,97
2021-01-01T00:00:00+00:00;MIDBEAR/USD;3,63700000;3,70200000;3,10400000;3,47500000;-4,66
2020-12-31T00:00:00+00:00;MIDBEAR/USD;3,74900000;4,11100000;3,61300000;3,63700000;-3,08
2020-12-30T00:00:00+00:00;MIDBEAR/USD;3,58300000;3,83400000;3,51200000;3,74900000;4,43
2020-12-29T00:00:00+00:00;MIDBEAR/USD;3,41200000;4,03700000;3,33300000;3,58300000;4,77
2020-12-28T00:00:00+00:00;MIDBEAR/USD;3,99500000;4,06400000;3,27000000;3,41200000;-17,09
2020-12-27T00:00:00+00:00;MIDBEAR/USD;3,92500000;4,32300000;3,51900000;3,99500000;1,75
2020-12-26T00:00:00+00:00;MIDBEAR/USD;3,85200000;4,01800000;3,67200000;3,92500000;1,86
2020-12-25T00:00:00+00:00;MIDBEAR/USD;3,80200000;3,97900000;3,38200000;3,85200000;1,3
2020-12-24T00:00:00+00:00;MIDBEAR/USD;4,89500000;5,26900000;3,72300000;3,80200000;-28,75
2020-12-23T00:00:00+00:00;MIDBEAR/USD;3,89400000;5,49100000;3,79700000;4,89500000;20,45
2020-12-22T00:00:00+00:00;MIDBEAR/USD;4,09800000;4,55300000;3,81900000;3,89400000;-5,24
2020-12-21T00:00:00+00:00;MIDBEAR/USD;3,64700000;4,47100000;3,39200000;4,09800000;11,01
2020-12-20T00:00:00+00:00;MIDBEAR/USD;3,34300000;3,68300000;3,30000000;3,64700000;8,34
2020-12-19T00:00:00+00:00;MIDBEAR/USD;3,40200000;3,45000000;3,15400000;3,34300000;-1,76
2020-12-18T00:00:00+00:00;MIDBEAR/USD;3,40300000;3,65300000;3,27300000;3,40200000;-0,03
2020-12-17T00:00:00+00:00;MIDBEAR/USD;3,58400000;3,73600000;3,20900000;3,40300000;-5,32
2020-12-16T00:00:00+00:00;MIDBEAR/USD;4,26500000;4,52200000;3,58400000;3,58400000;-19,0
2020-12-15T00:00:00+00:00;MIDBEAR/USD;4,31100000;4,37800000;4,12800000;4,26500000;-1,08
2020-12-14T00:00:00+00:00;MIDBEAR/USD;4,29000000;4,52100000;4,22900000;4,31100000;0,49
2020-12-13T00:00:00+00:00;MIDBEAR/USD;4,73500000;4,79200000;4,17000000;4,29000000;-10,37
2020-12-12T00:00:00+00:00;MIDBEAR/USD;5,49750000;5,50000000;4,59500000;4,73500000;-16,1
2020-12-11T00:00:00+00:00;MIDBEAR/USD;5,22300000;5,91000000;5,14750000;5,49750000;4,99
2020-12-10T00:00:00+00:00;MIDBEAR/USD;4,75500000;5,33250000;4,74500000;5,22300000;8,96
2020-12-09T00:00:00+00:00;MIDBEAR/USD;5,17900000;5,95000000;4,74500000;4,75500000;-8,92
2020-12-08T00:00:00+00:00;MIDBEAR/USD;4,40800000;5,23800000;4,32600000;5,17900000;14,89
2020-12-07T00:00:00+00:00;MIDBEAR/USD;4,30800000;4,52500000;4,22500000;4,40800000;2,27
2020-12-06T00:00:00+00:00;MIDBEAR/USD;4,20900000;4,55500000;4,09400000;4,30800000;2,3
2020-12-05T00:00:00+00:00;MIDBEAR/USD;4,84800000;4,99200000;4,20400000;4,20900000;-15,18
2020-12-04T00:00:00+00:00;MIDBEAR/USD;4,21800000;4,93300000;3,97900000;4,84800000;13,0
2020-12-03T00:00:00+00:00;MIDBEAR/USD;4,43200000;4,57700000;4,10700000;4,21800000;-5,07
2020-12-02T00:00:00+00:00;MIDBEAR/USD;4,83300000;5,10000000;4,33600000;4,43200000;-9,05
2020-12-01T00:00:00+00:00;MIDBEAR/USD;4,36900000;5,24400000;4,10000000;4,83300000;9,6
2020-11-30T00:00:00+00:00;MIDBEAR/USD;5,12000000;5,23200000;4,29800000;4,36900000;-17,19
2020-11-29T00:00:00+00:00;MIDBEAR/USD;5,26700000;5,61500000;4,98500000;5,12000000;-2,87
2020-11-28T00:00:00+00:00;MIDBEAR/USD;5,61500000;5,61500000;4,71750000;5,26700000;-6,61
2020-11-27T00:00:00+00:00;MIDBEAR/USD;5,61500000;6,23500000;5,61500000;5,61500000;0,0
2020-11-26T00:00:00+00:00;MIDBEAR/USD;4,53600000;6,77400000;4,29800000;5,61500000;19,22
2020-11-25T00:00:00+00:00;MIDBEAR/USD;4,19000000;4,66600000;3,57200000;4,53600000;7,63
2020-11-24T00:00:00+00:00;MIDBEAR/USD;5,46500000;5,54250000;3,98000000;4,19000000;-30,43
2020-11-23T00:00:00+00:00;MIDBEAR/USD;7,18000000;7,58000000;5,45250000;5,46500000;-31,38
2020-11-22T00:00:00+00:00;MIDBEAR/USD;6,40000000;7,91000000;6,15250000;7,18000000;10,86
2020-11-21T00:00:00+00:00;MIDBEAR/USD;8,54000000;8,61500000;6,35500000;6,40000000;-33,44
2020-11-20T00:00:00+00:00;MIDBEAR/USD;9,36250000;9,36500000;8,15750000;8,54000000;-9,63
2020-11-19T00:00:00+00:00;MIDBEAR/USD;9,36250000;10,21500000;9,15250000;9,36250000;0,0
2020-11-18T00:00:00+00:00;MIDBEAR/USD;9,12750000;10,46500000;8,89750000;9,36250000;2,51
2020-11-17T00:00:00+00:00;MIDBEAR/USD;10,70000000;10,76500000;9,07500000;9,12750000;-17,23
2020-11-16T00:00:00+00:00;MIDBEAR/USD;11,34000000;11,59000000;10,31500000;10,70000000;-5,98
2020-11-15T00:00:00+00:00;MIDBEAR/USD;10,95000000;11,84000000;10,51500000;11,34000000;3,44
2020-11-14T00:00:00+00:00;MIDBEAR/USD;10,53000000;11,75250000;10,49500000;10,95000000;3,84
2020-11-13T00:00:00+00:00;MIDBEAR/USD;12,04000000;12,16000000;10,53000000;10,53000000;-14,34
2020-11-12T00:00:00+00:00;MIDBEAR/USD;11,89500000;12,65000000;11,16500000;12,04000000;1,2
2020-11-11T00:00:00+00:00;MIDBEAR/USD;11,65000000;12,04000000;10,92500000;11,89500000;2,06
2020-11-10T00:00:00+00:00;MIDBEAR/USD;12,64000000;12,90000000;11,26000000;11,65000000;-8,5
2020-11-09T00:00:00+00:00;MIDBEAR/USD;11,97000000;13,77500000;11,55000000;12,64000000;5,3
2020-11-08T00:00:00+00:00;MIDBEAR/USD;14,11500000;14,22000000;11,61500000;11,97000000;-17,92
2020-11-07T00:00:00+00:00;MIDBEAR/USD;12,65500000;14,75000000;10,91500000;14,11500000;10,34
2020-11-06T00:00:00+00:00;MIDBEAR/USD;15,67000000;16,08000000;12,63000000;12,65500000;-23,82
2020-11-05T00:00:00+00:00;MIDBEAR/USD;18,09000000;18,73000000;15,50500000;15,67000000;-15,44
2020-11-04T00:00:00+00:00;MIDBEAR/USD;17,48000000;19,18000000;17,45000000;18,09000000;3,37
2020-11-03T00:00:00+00:00;MIDBEAR/USD;16,43500000;18,54500000;16,43500000;17,48000000;5,98
2020-11-02T00:00:00+00:00;MIDBEAR/USD;15,03500000;16,72000000;14,39000000;16,43500000;8,52
2020-11-01T00:00:00+00:00;MIDBEAR/USD;15,34000000;15,73000000;14,97500000;15,03500000;-2,03
2020-10-31T00:00:00+00:00;MIDBEAR/USD;15,67000000;16,06000000;14,89000000;15,34000000;-2,15
2020-10-30T00:00:00+00:00;MIDBEAR/USD;15,13000000;17,01500000;14,66000000;15,67000000;3,45
2020-10-29T00:00:00+00:00;MIDBEAR/USD;14,28500000;15,31000000;13,83000000;15,13000000;5,58
2020-10-28T00:00:00+00:00;MIDBEAR/USD;12,32000000;14,65500000;12,18500000;14,28500000;13,76
2020-10-27T00:00:00+00:00;MIDBEAR/USD;12,64500000;12,71500000;11,86500000;12,32000000;-2,64
2020-10-26T00:00:00+00:00;MIDBEAR/USD;12,00000000;13,32000000;11,54000000;12,64500000;5,1
2020-10-25T00:00:00+00:00;MIDBEAR/USD;11,50500000;12,05500000;11,25500000;12,00000000;4,12
2020-10-24T00:00:00+00:00;MIDBEAR/USD;12,00000000;12,05000000;11,42500000;11,50500000;-4,3
2020-10-23T00:00:00+00:00;MIDBEAR/USD;11,54500000;12,65000000;11,35500000;12,00000000;3,79
2020-10-22T00:00:00+00:00;MIDBEAR/USD;12,98500000;13,32500000;11,14500000;11,54500000;-12,47
2020-10-21T00:00:00+00:00;MIDBEAR/USD;14,93500000;15,00500000;12,08500000;12,98500000;-15,02
2020-10-20T00:00:00+00:00;MIDBEAR/USD;13,26500000;14,94500000;13,15000000;14,93500000;11,18
2020-10-19T00:00:00+00:00;MIDBEAR/USD;13,18500000;13,80000000;12,76500000;13,26500000;0,6
2020-10-18T00:00:00+00:00;MIDBEAR/USD;13,78000000;13,80000000;13,18500000;13,18500000;-4,51
2020-10-17T00:00:00+00:00;MIDBEAR/USD;13,79500000;14,04000000;13,41000000;13,78000000;-0,11
2020-10-16T00:00:00+00:00;MIDBEAR/USD;12,57000000;14,24000000;12,46000000;13,79500000;8,88
2020-10-15T00:00:00+00:00;MIDBEAR/USD;12,34500000;13,08500000;12,32000000;12,57000000;1,79
2020-10-14T00:00:00+00:00;MIDBEAR/USD;11,60500000;12,57000000;11,18500000;12,34500000;5,99
2020-10-13T00:00:00+00:00;MIDBEAR/USD;11,04000000;12,04000000;10,77000000;11,60500000;4,87
2020-10-12T00:00:00+00:00;MIDBEAR/USD;11,65500000;12,17500000;10,23500000;11,04000000;-5,57
2020-10-11T00:00:00+00:00;MIDBEAR/USD;12,45500000;12,57000000;11,33000000;11,65500000;-6,86
2020-10-10T00:00:00+00:00;MIDBEAR/USD;12,57000000;12,57000000;11,58500000;12,45500000;-0,92
2020-10-09T00:00:00+00:00;MIDBEAR/USD;13,94000000;14,42500000;12,57000000;12,57000000;-10,9
2020-10-08T00:00:00+00:00;MIDBEAR/USD;15,18000000;16,41000000;13,91000000;13,94000000;-8,9
2020-10-07T00:00:00+00:00;MIDBEAR/USD;15,51000000;16,50500000;14,98000000;15,18000000;-2,17
2020-10-06T00:00:00+00:00;MIDBEAR/USD;13,82500000;15,72000000;13,76500000;15,51000000;10,86
2020-10-05T00:00:00+00:00;MIDBEAR/USD;14,33000000;14,77500000;13,77500000;13,82500000;-3,65
2020-10-04T00:00:00+00:00;MIDBEAR/USD;14,90000000;15,39500000;14,31500000;14,33000000;-3,98
2020-10-03T00:00:00+00:00;MIDBEAR/USD;14,99000000;15,14500000;14,26500000;14,90000000;-0,6
2020-10-02T00:00:00+00:00;MIDBEAR/USD;13,90500000;16,24000000;13,64500000;14,99000000;7,24
2020-10-01T00:00:00+00:00;MIDBEAR/USD;13,27000000;14,42000000;12,17500000;13,90500000;4,57
2020-09-30T00:00:00+00:00;MIDBEAR/USD;13,11500000;14,10500000;13,08500000;13,27000000;1,17
2020-09-29T00:00:00+00:00;MIDBEAR/USD;13,55000000;14,48500000;13,08500000;13,11500000;-3,32
2020-09-28T00:00:00+00:00;MIDBEAR/USD;13,31000000;13,68500000;12,58000000;13,55000000;1,77
2020-09-27T00:00:00+00:00;MIDBEAR/USD;13,78000000;14,71500000;13,25000000;13,31000000;-3,53
2020-09-26T00:00:00+00:00;MIDBEAR/USD;13,82500000;14,63500000;13,11500000;13,78000000;-0,33
2020-09-25T00:00:00+00:00;MIDBEAR/USD;15,82500000;16,23000000;13,26500000;13,82500000;-14,47
2020-09-24T00:00:00+00:00;MIDBEAR/USD;21,04500000;21,23000000;15,44500000;15,82500000;-32,99
2020-09-23T00:00:00+00:00;MIDBEAR/USD;18,27500000;21,23000000;17,87000000;21,04500000;13,16
2020-09-22T00:00:00+00:00;MIDBEAR/USD;19,14500000;19,54500000;17,95000000;18,27500000;-4,76
2020-09-21T00:00:00+00:00;MIDBEAR/USD;15,40000000;19,84000000;14,75000000;19,16500000;19,65
2020-09-20T00:00:00+00:00;MIDBEAR/USD;14,29000000;15,96000000;14,23000000;15,40000000;7,21
2020-09-19T00:00:00+00:00;MIDBEAR/USD;14,35500000;14,71000000;13,97000000;14,29000000;-0,45
2020-09-18T00:00:00+00:00;MIDBEAR/USD;13,88500000;14,73500000;13,22500000;14,35500000;3,27
2020-09-17T00:00:00+00:00;MIDBEAR/USD;14,83000000;15,34000000;13,65000000;13,88500000;-6,81
2020-09-16T00:00:00+00:00;MIDBEAR/USD;14,68500000;15,78000000;13,93500000;14,83000000;0,98
2020-09-15T00:00:00+00:00;MIDBEAR/USD;13,37500000;14,85500000;12,92000000;14,68500000;8,92
2020-09-14T00:00:00+00:00;MIDBEAR/USD;14,14000000;14,54000000;12,94000000;13,37500000;-5,72
2020-09-13T00:00:00+00:00;MIDBEAR/USD;12,99000000;14,61000000;12,40500000;14,14000000;8,13
2020-09-12T00:00:00+00:00;MIDBEAR/USD;13,67500000;14,06000000;12,96500000;12,99000000;-5,27
2020-09-11T00:00:00+00:00;MIDBEAR/USD;14,18500000;15,39500000;13,61500000;13,67500000;-3,73
2020-09-10T00:00:00+00:00;MIDBEAR/USD;15,21000000;15,21000000;13,44500000;14,18500000;-7,23
2020-09-09T00:00:00+00:00;MIDBEAR/USD;16,60000000;17,20500000;14,54000000;15,21000000;-9,14
2020-09-08T00:00:00+00:00;MIDBEAR/USD;15,85000000;17,76000000;15,14500000;16,60000000;4,52
2020-09-07T00:00:00+00:00;MIDBEAR/USD;16,14000000;19,26500000;15,69000000;15,85000000;-1,83
2020-09-06T00:00:00+00:00;MIDBEAR/USD;20,52000000;22,29000000;15,51000000;16,14000000;-27,14
2020-09-05T00:00:00+00:00;MIDBEAR/USD;15,63000000;22,12500000;15,13500000;20,52000000;23,83
2020-09-04T00:00:00+00:00;MIDBEAR/USD;17,47000000;18,36500000;14,84000000;15,63000000;-11,77
2020-09-03T00:00:00+00:00;MIDBEAR/USD;12,35000000;17,82000000;11,95500000;17,47000000;29,31
2020-09-02T00:00:00+00:00;MIDBEAR/USD;10,51500000;13,12500000;10,37000000;12,35000000;14,86
2020-09-01T00:00:00+00:00;MIDBEAR/USD;11,70500000;12,25500000;10,14500000;10,51500000;-11,32
2020-08-31T00:00:00+00:00;MIDBEAR/USD;11,57000000;12,19000000;11,06500000;11,70500000;1,15
2020-08-30T00:00:00+00:00;MIDBEAR/USD;12,16500000;12,24500000;11,15000000;11,57000000;-5,14
2020-08-29T00:00:00+00:00;MIDBEAR/USD;13,75000000;14,06000000;11,92500000;12,16500000;-13,03
2020-08-28T00:00:00+00:00;MIDBEAR/USD;15,48000000;15,88000000;13,52000000;13,75000000;-12,58
2020-08-27T00:00:00+00:00;MIDBEAR/USD;13,77500000;16,52500000;13,41500000;15,48000000;11,01
2020-08-26T00:00:00+00:00;MIDBEAR/USD;14,82500000;15,09000000;13,29000000;13,77500000;-7,62
2020-08-25T00:00:00+00:00;MIDBEAR/USD;12,86000000;15,78500000;12,79000000;14,82500000;13,25
2020-08-24T00:00:00+00:00;MIDBEAR/USD;12,99000000;13,34000000;12,10500000;12,86000000;-1,01
2020-08-23T00:00:00+00:00;MIDBEAR/USD;13,10000000;14,19500000;12,89000000;12,99000000;-0,85
2020-08-22T00:00:00+00:00;MIDBEAR/USD;15,67500000;16,50000000;12,85000000;13,10000000;-19,66
2020-08-21T00:00:00+00:00;MIDBEAR/USD;13,02500000;15,74000000;12,54500000;15,67500000;16,91
2020-08-20T00:00:00+00:00;MIDBEAR/USD;14,85500000;14,88500000;12,99500000;13,02500000;-14,05
2020-08-19T00:00:00+00:00;MIDBEAR/USD;13,47500000;15,48000000;12,93500000;14,85500000;9,29
2020-08-18T00:00:00+00:00;MIDBEAR/USD;12,14000000;13,91000000;11,32000000;13,47500000;9,91
2020-08-17T00:00:00+00:00;MIDBEAR/USD;11,65000000;12,14000000;10,70500000;12,14000000;4,04
2020-08-16T00:00:00+00:00;MIDBEAR/USD;12,37000000;13,20500000;11,54000000;11,65000000;-6,18
2020-08-15T00:00:00+00:00;MIDBEAR/USD;13,20500000;13,77000000;11,76500000;12,37000000;-6,75
2020-08-14T00:00:00+00:00;MIDBEAR/USD;13,65000000;13,89000000;12,97500000;13,20500000;-3,37
2020-08-13T00:00:00+00:00;MIDBEAR/USD;14,69000000;15,78500000;13,58500000;13,65000000;-7,62
2020-08-12T00:00:00+00:00;MIDBEAR/USD;18,09000000;19,77000000;14,66500000;14,69000000;-23,14
2020-08-11T00:00:00+00:00;MIDBEAR/USD;15,63500000;19,27500000;15,47000000;18,09000000;13,57
2020-08-10T00:00:00+00:00;MIDBEAR/USD;16,55500000;17,85000000;15,63000000;15,63500000;-5,88
2020-08-09T00:00:00+00:00;MIDBEAR/USD;17,66500000;17,91000000;16,12000000;16,55500000;-6,7
2020-08-08T00:00:00+00:00;MIDBEAR/USD;21,94000000;22,08500000;17,64000000;17,66000000;-24,24
2020-08-07T00:00:00+00:00;MIDBEAR/USD;20,45500000;23,54500000;19,85000000;21,94000000;6,77
2020-08-06T00:00:00+00:00;MIDBEAR/USD;21,29500000;22,03000000;20,16500000;20,45500000;-4,11
2020-08-05T00:00:00+00:00;MIDBEAR/USD;21,96500000;23,62500000;21,23000000;21,29500000;-3,15
2020-08-04T00:00:00+00:00;MIDBEAR/USD;23,89500000;24,09500000;21,51000000;21,96500000;-8,79
2020-08-03T00:00:00+00:00;MIDBEAR/USD;25,53000000;26,13000000;23,12500000;23,89500000;-6,84
2020-08-02T00:00:00+00:00;MIDBEAR/USD;22,28000000;28,21000000;20,39000000;25,53000000;12,73
2020-08-01T00:00:00+00:00;MIDBEAR/USD;27,38000000;28,13000000;21,91500000;22,28000000;-22,89
2020-07-31T00:00:00+00:00;MIDBEAR/USD;28,21000000;28,35000000;27,15000000;27,38000000;-3,03
2020-07-30T00:00:00+00:00;MIDBEAR/USD;28,72000000;29,78000000;27,00000000;28,21000000;-1,81
2020-07-29T00:00:00+00:00;MIDBEAR/USD;28,07000000;29,25000000;26,51000000;28,72000000;2,26
2020-07-28T00:00:00+00:00;MIDBEAR/USD;29,21000000;30,37000000;27,27000000;28,07000000;-4,06
2020-07-27T00:00:00+00:00;MIDBEAR/USD;27,93000000;33,07000000;27,40000000;29,21000000;4,38
2020-07-26T00:00:00+00:00;MIDBEAR/USD;28,01000000;29,60000000;24,42000000;27,93000000;-0,29
2020-07-25T00:00:00+00:00;MIDBEAR/USD;33,23000000;33,31000000;28,01000000;28,01000000;-18,64
2020-07-24T00:00:00+00:00;MIDBEAR/USD;31,22000000;33,31000000;31,22000000;33,23000000;6,05
2020-07-23T00:00:00+00:00;MIDBEAR/USD;32,32000000;32,37000000;30,09000000;31,22000000;-3,52
2020-07-22T00:00:00+00:00;MIDBEAR/USD;34,40000000;35,35000000;32,11000000;32,32000000;-6,44
2020-07-21T00:00:00+00:00;MIDBEAR/USD;37,76000000;38,07000000;33,82000000;34,40000000;-9,77
2020-07-20T00:00:00+00:00;MIDBEAR/USD;34,28000000;37,96000000;34,15000000;37,76000000;9,22
2020-07-19T00:00:00+00:00;MIDBEAR/USD;34,19000000;35,88000000;33,87000000;34,28000000;0,26
2020-07-18T00:00:00+00:00;MIDBEAR/USD;34,58000000;35,97000000;33,59000000;34,19000000;-1,14
2020-07-17T00:00:00+00:00;MIDBEAR/USD;35,16000000;35,80000000;33,31000000;34,58000000;-1,68
2020-07-16T00:00:00+00:00;MIDBEAR/USD;33,82000000;38,33000000;32,67000000;35,16000000;3,81
2020-07-15T00:00:00+00:00;MIDBEAR/USD;35,21000000;36,55000000;33,68000000;33,82000000;-4,11
2020-07-14T00:00:00+00:00;MIDBEAR/USD;38,50000000;40,92000000;34,58000000;35,21000000;-9,34
2020-07-13T00:00:00+00:00;MIDBEAR/USD;37,25000000;39,20000000;33,44000000;38,50000000;3,25
2020-07-12T00:00:00+00:00;MIDBEAR/USD;39,31000000;40,45000000;37,21000000;37,25000000;-5,53
2020-07-11T00:00:00+00:00;MIDBEAR/USD;41,89000000;42,05000000;38,79000000;39,31000000;-6,56
2020-07-10T00:00:00+00:00;MIDBEAR/USD;40,42000000;46,30000000;40,42000000;41,89000000;3,51
2020-07-09T00:00:00+00:00;MIDBEAR/USD;38,73000000;43,16000000;38,15000000;40,42000000;4,18
2020-07-08T00:00:00+00:00;MIDBEAR/USD;50,03000000;51,43000000;38,73000000;38,73000000;-29,18
2020-07-07T00:00:00+00:00;MIDBEAR/USD;55,22500000;57,07500000;50,02000000;50,03000000;-10,38
2020-07-06T00:00:00+00:00;MIDBEAR/USD;66,50000000;66,62500000;54,27500000;55,22500000;-20,42
2020-07-05T00:00:00+00:00;MIDBEAR/USD;66,80000000;71,72500000;66,15000000;66,50000000;-0,45
2020-07-04T00:00:00+00:00;MIDBEAR/USD;71,52500000;71,87500000;66,00000000;66,80000000;-7,07
2020-07-03T00:00:00+00:00;MIDBEAR/USD;71,75000000;72,40000000;68,42500000;71,52500000;-0,31
2020-07-02T00:00:00+00:00;MIDBEAR/USD;69,90000000;76,45000000;67,90000000;71,75000000;2,58
2020-07-01T00:00:00+00:00;MIDBEAR/USD;77,20000000;78,80000000;69,50000000;69,90000000;-10,44
2020-06-30T00:00:00+00:00;MIDBEAR/USD;76,00000000;79,25000000;75,80000000;77,20000000;1,55
2020-06-29T00:00:00+00:00;MIDBEAR/USD;81,95000000;83,02500000;75,80000000;76,00000000;-7,83
2020-06-28T00:00:00+00:00;MIDBEAR/USD;89,92500000;91,50000000;80,27500000;81,95000000;-9,73
2020-06-27T00:00:00+00:00;MIDBEAR/USD;79,10000000;93,97500000;78,40000000;89,92500000;12,04
2020-06-26T00:00:00+00:00;MIDBEAR/USD;77,17500000;82,05000000;76,32500000;79,10000000;2,43
2020-06-25T00:00:00+00:00;MIDBEAR/USD;76,07500000;84,22500000;75,77500000;77,17500000;1,43
2020-06-24T00:00:00+00:00;MIDBEAR/USD;70,45000000;79,02500000;66,70000000;76,07500000;7,39
2020-06-23T00:00:00+00:00;MIDBEAR/USD;73,62500000;75,12500000;69,32500000;70,45000000;-4,51
2020-06-22T00:00:00+00:00;MIDBEAR/USD;86,20000000;86,75000000;71,07500000;73,62500000;-17,08
2020-06-21T00:00:00+00:00;MIDBEAR/USD;85,62500000;86,85000000;83,70000000;86,20000000;0,67
2020-06-20T00:00:00+00:00;MIDBEAR/USD;85,10000000;90,55000000;83,45000000;85,62500000;0,61
2020-06-19T00:00:00+00:00;MIDBEAR/USD;83,30000000;87,82500000;83,10000000;85,10000000;2,12
2020-06-18T00:00:00+00:00;MIDBEAR/USD;80,65000000;85,65000000;79,82500000;83,30000000;3,18
2020-06-17T00:00:00+00:00;MIDBEAR/USD;83,65000000;87,30000000;78,42500000;80,65000000;-3,72
2020-06-16T00:00:00+00:00;MIDBEAR/USD;85,52500000;86,97500000;82,67500000;83,65000000;-2,24
2020-06-15T00:00:00+00:00;MIDBEAR/USD;85,30000000;100,92500000;83,62500000;85,52500000;0,26
2020-06-14T00:00:00+00:00;MIDBEAR/USD;77,82500000;86,45000000;77,67500000;85,30000000;8,76
2020-06-13T00:00:00+00:00;MIDBEAR/USD;79,27500000;81,40000000;77,42500000;77,82500000;-1,86
2020-06-12T00:00:00+00:00;MIDBEAR/USD;87,42500000;88,30000000;75,05000000;79,27500000;-10,28
2020-06-11T00:00:00+00:00;MIDBEAR/USD;70,20000000;90,67500000;68,17500000;87,42500000;19,7
2020-06-10T00:00:00+00:00;MIDBEAR/USD;70,95000000;74,67500000;69,20000000;70,20000000;-1,07
2020-06-09T00:00:00+00:00;MIDBEAR/USD;70,95000000;74,62500000;69,32500000;70,95000000;0,0
2020-06-08T00:00:00+00:00;MIDBEAR/USD;73,50000000;76,12500000;70,50000000;70,95000000;-3,59
2020-06-07T00:00:00+00:00;MIDBEAR/USD;73,22500000;79,27500000;70,37500000;73,50000000;0,37
2020-06-06T00:00:00+00:00;MIDBEAR/USD;74,85000000;76,87500000;72,17500000;73,22500000;-2,22
2020-06-05T00:00:00+00:00;MIDBEAR/USD;73,30000000;75,42500000;70,22500000;74,85000000;2,07
2020-06-04T00:00:00+00:00;MIDBEAR/USD;74,70000000;78,40000000;70,90000000;73,30000000;-1,91
2020-06-03T00:00:00+00:00;MIDBEAR/USD;83,30000000;85,17500000;73,72500000;74,70000000;-11,51
2020-06-02T00:00:00+00:00;MIDBEAR/USD;78,15000000;91,37500000;71,95000000;83,30000000;6,18
2020-06-01T00:00:00+00:00;MIDBEAR/USD;97,25000000;98,15000000;73,42500000;78,15000000;-24,44
2020-05-31T00:00:00+00:00;MIDBEAR/USD;89,35000000;98,77500000;82,32500000;97,25000000;8,12
2020-05-30T00:00:00+00:00;MIDBEAR/USD;112,45000000;114,25000000;87,70000000;89,35000000;-25,85
2020-05-29T00:00:00+00:00;MIDBEAR/USD;111,15000000;117,00000000;107,80000000;112,45000000;1,16
2020-05-28T00:00:00+00:00;MIDBEAR/USD;127,55000000;133,10000000;108,25000000;111,15000000;-14,75
2020-05-27T00:00:00+00:00;MIDBEAR/USD;135,10000000;137,15000000;123,85000000;127,55000000;-5,92
2020-05-26T00:00:00+00:00;MIDBEAR/USD;131,65000000;141,35000000;129,80000000;135,10000000;2,55
2020-05-25T00:00:00+00:00;MIDBEAR/USD;144,40000000;148,10000000;129,30000000;131,65000000;-9,68
2020-05-24T00:00:00+00:00;MIDBEAR/USD;130,40000000;145,45000000;123,25000000;144,40000000;9,7
2020-05-23T00:00:00+00:00;MIDBEAR/USD;126,95000000;132,45000000;123,35000000;130,40000000;2,65
2020-05-22T00:00:00+00:00;MIDBEAR/USD;150,25000000;152,30000000;124,75000000;126,95000000;-18,35
2020-05-21T00:00:00+00:00;MIDBEAR/USD;129,95000000;158,15000000;126,15000000;150,25000000;13,51
2020-05-20T00:00:00+00:00;MIDBEAR/USD;128,75000000;139,80000000;123,95000000;129,95000000;0,92
2020-05-19T00:00:00+00:00;MIDBEAR/USD;130,30000000;141,60000000;128,20000000;128,75000000;-1,2
2020-05-18T00:00:00+00:00;MIDBEAR/USD;141,70000000;141,75000000;126,15000000;130,30000000;-8,75
2020-05-17T00:00:00+00:00;MIDBEAR/USD;144,80000000;145,90000000;131,80000000;141,70000000;-2,19
2020-05-16T00:00:00+00:00;MIDBEAR/USD;153,85000000;156,30000000;142,25000000;144,80000000;-6,25
2020-05-15T00:00:00+00:00;MIDBEAR/USD;143,80000000;157,95000000;140,70000000;153,85000000;6,53
2020-05-14T00:00:00+00:00;MIDBEAR/USD;145,45000000;151,20000000;137,75000000;143,80000000;-1,15
2020-05-13T00:00:00+00:00;MIDBEAR/USD;157,70000000;162,10000000;141,40000000;145,45000000;-8,42
2020-05-12T00:00:00+00:00;MIDBEAR/USD;179,95000000;179,95000000;149,60000000;157,70000000;-14,11
2020-05-11T00:00:00+00:00;MIDBEAR/USD;169,20000000;199,85000000;157,30000000;179,95000000;5,97
2020-05-10T00:00:00+00:00;MIDBEAR/USD;134,20000000;192,55000000;132,90000000;169,20000000;20,69
2020-05-09T00:00:00+00:00;MIDBEAR/USD;130,00000000;134,70000000;123,70000000;134,20000000;3,13
2020-05-08T00:00:00+00:00;MIDBEAR/USD;138,95000000;144,30000000;125,70000000;130,00000000;-6,88
2020-05-07T00:00:00+00:00;MIDBEAR/USD;161,40000000;167,00000000;134,75000000;138,95000000;-16,16
2020-05-06T00:00:00+00:00;MIDBEAR/USD;151,30000000;164,15000000;142,30000000;161,40000000;6,26
2020-05-05T00:00:00+00:00;MIDBEAR/USD;149,15000000;157,30000000;139,85000000;151,30000000;1,42
2020-05-04T00:00:00+00:00;MIDBEAR/USD;148,00000000;170,00000000;144,90000000;149,15000000;0,77
2020-05-03T00:00:00+00:00;MIDBEAR/USD;136,30000000;152,20000000;129,35000000;148,00000000;7,91
2020-05-02T00:00:00+00:00;MIDBEAR/USD;146,15000000;148,05000000;134,75000000;136,30000000;-7,23
2020-05-01T00:00:00+00:00;MIDBEAR/USD;156,05000000;156,25000000;132,25000000;146,15000000;-6,77
2020-04-30T00:00:00+00:00;MIDBEAR/USD;137,95000000;162,40000000;120,55000000;156,05000000;11,6
2020-04-29T00:00:00+00:00;MIDBEAR/USD;171,90000000;172,55000000;132,85000000;137,95000000;-24,61
2020-04-28T00:00:00+00:00;MIDBEAR/USD;174,60000000;180,00000000;165,95000000;171,80000000;-1,63
2020-04-27T00:00:00+00:00;MIDBEAR/USD;175,05000000;189,40000000;170,50000000;174,60000000;-0,26
2020-04-26T00:00:00+00:00;MIDBEAR/USD;182,95000000;189,05000000;172,50000000;175,05000000;-4,51
2020-04-25T00:00:00+00:00;MIDBEAR/USD;191,80000000;199,00000000;168,40000000;182,95000000;-4,84
2020-04-24T00:00:00+00:00;MIDBEAR/USD;206,00000000;206,10000000;183,95000000;191,80000000;-7,4
2020-04-23T00:00:00+00:00;MIDBEAR/USD;245,40000000;253,20000000;194,00000000;206,00000000;-19,13
2020-04-22T00:00:00+00:00;MIDBEAR/USD;286,40000000;291,40000000;238,70000000;245,40000000;-16,71
2020-04-21T00:00:00+00:00;MIDBEAR/USD;290,80000000;301,20000000;279,80000000;286,40000000;-1,54
2020-04-20T00:00:00+00:00;MIDBEAR/USD;262,70000000;301,60000000;241,60000000;290,80000000;9,66
2020-04-19T00:00:00+00:00;MIDBEAR/USD;244,90000000;268,30000000;241,10000000;262,70000000;6,78
2020-04-18T00:00:00+00:00;MIDBEAR/USD;283,90000000;284,20000000;236,80000000;244,90000000;-15,92
2020-04-17T00:00:00+00:00;MIDBEAR/USD;277,80000000;289,10000000;273,10000000;283,90000000;2,15
2020-04-16T00:00:00+00:00;MIDBEAR/USD;355,20000000;382,30000000;265,00000000;277,80000000;-27,86
2020-04-15T00:00:00+00:00;MIDBEAR/USD;326,80000000;355,90000000;313,90000000;355,20000000;8,0
2020-04-14T00:00:00+00:00;MIDBEAR/USD;328,50000000;340,60000000;311,30000000;326,80000000;-0,52
2020-04-13T00:00:00+00:00;MIDBEAR/USD;320,50000000;359,30000000;320,50000000;328,50000000;2,44
2020-04-12T00:00:00+00:00;MIDBEAR/USD;329,70000000;345,90000000;282,80000000;320,50000000;-2,87
2020-04-11T00:00:00+00:00;MIDBEAR/USD;340,50000000;349,60000000;312,80000000;329,70000000;-3,28
2020-04-10T00:00:00+00:00;MIDBEAR/USD;280,70000000;363,70000000;279,70000000;340,50000000;17,56
2020-04-09T00:00:00+00:00;MIDBEAR/USD;283,80000000;300,80000000;276,10000000;280,70000000;-1,1
2020-04-08T00:00:00+00:00;MIDBEAR/USD;331,20000000;333,40000000;279,90000000;284,00000000;-16,62
2020-04-07T00:00:00+00:00;MIDBEAR/USD;319,30000000;344,60000000;282,50000000;331,20000000;3,59
2020-04-06T00:00:00+00:00;MIDBEAR/USD;442,40000000;443,30000000;316,50000000;319,30000000;-38,55
2020-04-05T00:00:00+00:00;MIDBEAR/USD;437,00000000;454,70000000;425,90000000;442,40000000;1,22
2020-04-04T00:00:00+00:00;MIDBEAR/USD;458,00000000;471,50000000;414,70000000;437,00000000;-4,81
2020-04-03T00:00:00+00:00;MIDBEAR/USD;468,00000000;488,10000000;425,80000000;458,00000000;-2,18
2020-04-02T00:00:00+00:00;MIDBEAR/USD;493,30000000;507,30000000;394,30000000;468,00000000;-5,41
2020-04-01T00:00:00+00:00;MIDBEAR/USD;517,50000000;568,00000000;483,10000000;493,30000000;-4,91
2020-03-31T00:00:00+00:00;MIDBEAR/USD;545,50000000;558,00000000;501,25000000;517,50000000;-5,41
2020-03-30T00:00:00+00:00;MIDBEAR/USD;690,25000000;696,25000000;506,75000000;545,50000000;-26,54
2020-03-29T00:00:00+00:00;MIDBEAR/USD;599,75000000;690,75000000;596,75000000;690,75000000;13,17
2020-03-28T00:00:00+00:00;MIDBEAR/USD;605,75000000;677,75000000;589,50000000;599,75000000;-1,0
2020-03-27T00:00:00+00:00;MIDBEAR/USD;535,00000000;874,25000000;504,50000000;605,75000000;11,68
2020-03-26T00:00:00+00:00;MIDBEAR/USD;580,50000000;596,50000000;530,00000000;535,00000000;-8,5
2020-03-25T00:00:00+00:00;MIDBEAR/USD;556,75000000;621,50000000;514,75000000;581,00000000;4,17
2020-03-24T00:00:00+00:00;MIDBEAR/USD;620,25000000;633,25000000;539,25000000;556,75000000;-11,41
2020-03-23T00:00:00+00:00;MIDBEAR/USD;864,75000000;915,50000000;574,75000000;620,25000000;-39,42
2020-03-22T00:00:00+00:00;MIDBEAR/USD;686,75000000;886,25000000;611,00000000;864,75000000;20,58
2020-03-21T00:00:00+00:00;MIDBEAR/USD;710,00000000;806,50000000;617,50000000;686,75000000;-3,39
2020-03-20T00:00:00+00:00;MIDBEAR/USD;739,00000000;868,75000000;523,75000000;710,00000000;-4,08
2020-03-19T00:00:00+00:00;MIDBEAR/USD;1172,00000000;1200,00000000;649,00000000;739,00000000;-58,59
2020-03-18T00:00:00+00:00;MIDBEAR/USD;1321,50000000;1511,50000000;1171,00000000;1172,00000000;-12,76
2020-03-17T00:00:00+00:00;MIDBEAR/USD;1600,50000000;1675,50000000;1168,50000000;1319,00000000;-21,34
2020-03-16T00:00:00+00:00;MIDBEAR/USD;1197,50000000;1951,50000000;1194,50000000;1600,50000000;25,18
2020-03-15T00:00:00+00:00;MIDBEAR/USD;1382,00000000;1423,00000000;914,50000000;1197,50000000;-15,41
2020-03-14T00:00:00+00:00;MIDBEAR/USD;1145,50000000;1433,50000000;1105,00000000;1382,00000000;17,11
2020-03-13T00:00:00+00:00;MIDBEAR/USD;2258,50000000;3986,00000000;1001,00000000;1149,00000000;-96,56
2020-03-12T00:00:00+00:00;MIDBEAR/USD;990,50000000;2404,50000000;980,00000000;2258,50000000;56,14
2020-03-11T00:00:00+00:00;MIDBEAR/USD;904,00000000;1139,75000000;877,00000000;990,50000000;8,73
2020-03-10T00:00:00+00:00;MIDBEAR/USD;913,25000000;982,25000000;832,00000000;901,75000000;-1,28
2020-03-09T00:00:00+00:00;MIDBEAR/USD;916,00000000;1094,25000000;845,75000000;913,25000000;-0,3
2020-03-08T00:00:00+00:00;MIDBEAR/USD;646,50000000;921,50000000;646,50000000;916,00000000;29,42
2020-03-07T00:00:00+00:00;MIDBEAR/USD;565,25000000;652,75000000;560,75000000;646,50000000;12,57
2020-03-06T00:00:00+00:00;MIDBEAR/USD;601,50000000;611,25000000;558,25000000;565,25000000;-6,41
2020-03-05T00:00:00+00:00;MIDBEAR/USD;650,00000000;650,00000000;549,25000000;601,25000000;-8,11
2020-03-04T00:00:00+00:00;MIDBEAR/USD;643,50000000;683,50000000;611,75000000;650,00000000;1,0
2020-03-03T00:00:00+00:00;MIDBEAR/USD;649,75000000;697,25000000;639,75000000;643,50000000;-0,97
2020-03-02T00:00:00+00:00;MIDBEAR/USD;841,75000000;854,50000000;620,50000000;649,75000000;-29,55
2020-03-01T00:00:00+00:00;MIDBEAR/USD;845,75000000;890,25000000;738,00000000;839,50000000;-0,74
2020-02-29T00:00:00+00:00;MIDBEAR/USD;783,00000000;846,00000000;734,00000000;845,00000000;7,34
2020-02-28T00:00:00+00:00;MIDBEAR/USD;760,25000000;894,75000000;704,00000000;783,00000000;2,91
2020-02-27T00:00:00+00:00;MIDBEAR/USD;856,50000000;987,00000000;682,50000000;760,25000000;-12,66
2020-02-26T00:00:00+00:00;MIDBEAR/USD;659,00000000;934,25000000;647,00000000;857,00000000;23,1
2020-02-25T00:00:00+00:00;MIDBEAR/USD;561,25000000;673,00000000;558,75000000;659,00000000;14,83
2020-02-24T00:00:00+00:00;MIDBEAR/USD;479,70000000;600,75000000;474,30000000;561,25000000;14,53
2020-02-23T00:00:00+00:00;MIDBEAR/USD;547,50000000;547,50000000;463,75000000;479,40000000;-14,21
2020-02-22T00:00:00+00:00;MIDBEAR/USD;525,30000000;562,00000000;517,25000000;547,50000000;4,05
2020-02-21T00:00:00+00:00;MIDBEAR/USD;568,00000000;583,25000000;486,25000000;525,30000000;-8,13
2020-02-20T00:00:00+00:00;MIDBEAR/USD;558,50000000;638,75000000;531,25000000;568,00000000;1,67
2020-02-19T00:00:00+00:00;MIDBEAR/USD;452,80000000;595,40000000;432,60000000;558,00000000;18,85
2020-02-18T00:00:00+00:00;MIDBEAR/USD;520,00000000;571,50000000;426,00000000;452,80000000;-14,84
2020-02-17T00:00:00+00:00;MIDBEAR/USD;501,50000000;641,00000000;497,40000000;520,90000000;3,72
2020-02-16T00:00:00+00:00;MIDBEAR/USD;448,70000000;601,70000000;405,10000000;501,50000000;10,53
2020-02-15T00:00:00+00:00;MIDBEAR/USD;348,40000000;471,90000000;343,00000000;448,70000000;22,35
2020-02-14T00:00:00+00:00;MIDBEAR/USD;399,10000000;423,40000000;347,80000000;348,40000000;-14,55
2020-02-13T00:00:00+00:00;MIDBEAR/USD;383,20000000;433,40000000;345,10000000;399,10000000;3,98
2020-02-12T00:00:00+00:00;MIDBEAR/USD;431,90000000;431,90000000;366,30000000;383,20000000;-12,71
2020-02-11T00:00:00+00:00;MIDBEAR/USD;511,90000000;541,00000000;428,50000000;431,90000000;-18,52
2020-02-10T00:00:00+00:00;MIDBEAR/USD;497,30000000;553,75000000;488,50000000;511,90000000;2,85
2020-02-09T00:00:00+00:00;MIDBEAR/USD;549,25000000;554,00000000;490,90000000;497,30000000;-10,45
2020-02-08T00:00:00+00:00;MIDBEAR/USD;557,50000000;635,25000000;526,75000000;549,25000000;-1,5
2020-02-07T00:00:00+00:00;MIDBEAR/USD;565,75000000;579,25000000;530,25000000;557,50000000;-1,48
2020-02-06T00:00:00+00:00;MIDBEAR/USD;583,25000000;612,00000000;525,00000000;565,75000000;-3,09
2020-02-05T00:00:00+00:00;MIDBEAR/USD;727,25000000;730,25000000;559,25000000;583,25000000;-24,69
2020-02-04T00:00:00+00:00;MIDBEAR/USD;701,50000000;779,50000000;684,25000000;727,25000000;3,54
2020-02-03T00:00:00+00:00;MIDBEAR/USD;740,25000000;752,75000000;664,25000000;701,50000000;-5,52
2020-02-02T00:00:00+00:00;MIDBEAR/USD;759,50000000;810,25000000;690,75000000;740,25000000;-2,6
2020-02-01T00:00:00+00:00;MIDBEAR/USD;796,75000000;824,75000000;736,25000000;759,50000000;-4,9
2020-01-31T00:00:00+00:00;MIDBEAR/USD;727,25000000;872,75000000;719,75000000;796,75000000;8,72
2020-01-30T00:00:00+00:00;MIDBEAR/USD;773,75000000;832,00000000;709,25000000;727,25000000;-6,39
2020-01-29T00:00:00+00:00;MIDBEAR/USD;859,00000000;874,75000000;731,75000000;774,25000000;-10,95
2020-01-28T00:00:00+00:00;MIDBEAR/USD;1029,00000000;1029,75000000;829,25000000;859,00000000;-19,79
2020-01-27T00:00:00+00:00;MIDBEAR/USD;1238,00000000;1238,00000000;965,25000000;1029,00000000;-20,31
2020-01-26T00:00:00+00:00;MIDBEAR/USD;1497,00000000;1534,00000000;1226,00000000;1238,00000000;-20,92
2020-01-25T00:00:00+00:00;MIDBEAR/USD;1430,50000000;1555,00000000;1428,50000000;1497,00000000;4,44
2020-01-24T00:00:00+00:00;MIDBEAR/USD;1445,50000000;1641,00000000;1365,50000000;1430,50000000;-1,05
2020-01-23T00:00:00+00:00;MIDBEAR/USD;1226,50000000;1509,50000000;1221,50000000;1445,50000000;15,15
2020-01-22T00:00:00+00:00;MIDBEAR/USD;1246,00000000;1265,50000000;1146,00000000;1226,50000000;-1,59
2020-01-21T00:00:00+00:00;MIDBEAR/USD;1282,50000000;1350,50000000;1217,50000000;1246,00000000;-2,93
2020-01-20T00:00:00+00:00;MIDBEAR/USD;1385,50000000;1488,00000000;1189,50000000;1282,50000000;-8,03
2020-01-19T00:00:00+00:00;MIDBEAR/USD;1290,50000000;1533,00000000;1146,00000000;1384,00000000;6,76
2020-01-18T00:00:00+00:00;MIDBEAR/USD;1113,00000000;1298,00000000;1090,50000000;1289,50000000;13,69
2020-01-17T00:00:00+00:00;MIDBEAR/USD;1489,50000000;1555,50000000;941,25000000;1111,00000000;-34,07
2020-01-16T00:00:00+00:00;MIDBEAR/USD;1501,50000000;1801,50000000;1470,50000000;1489,50000000;-0,81
2020-01-15T00:00:00+00:00;MIDBEAR/USD;2090,50000000;2160,50000000;1453,00000000;1501,50000000;-39,23
2020-01-14T00:00:00+00:00;MIDBEAR/USD;3330,00000000;3339,00000000;2041,00000000;2083,00000000;-59,87
2020-01-13T00:00:00+00:00;MIDBEAR/USD;3216,00000000;3528,00000000;3200,00000000;3330,00000000;3,42
2020-01-12T00:00:00+00:00;MIDBEAR/USD;3372,00000000;3471,00000000;3181,00000000;3216,00000000;-4,85
2020-01-11T00:00:00+00:00;MIDBEAR/USD;3547,00000000;3658,00000000;3057,00000000;3365,00000000;-5,41
2020-01-10T00:00:00+00:00;MIDBEAR/USD;4070,00000000;4364,00000000;3539,00000000;3550,00000000;-14,65
2020-01-09T00:00:00+00:00;MIDBEAR/USD;4052,00000000;4265,00000000;3914,00000000;4070,00000000;0,44
2020-01-08T00:00:00+00:00;MIDBEAR/USD;3967,00000000;4292,00000000;3716,00000000;4052,00000000;2,1
2020-01-07T00:00:00+00:00;MIDBEAR/USD;3955,00000000;4264,00000000;3734,00000000;3960,00000000;0,13

