DATE/TIME;SYMBOL;OPEN;HIGH;LOW;CLOSE;EVOL % CLOSE/HIGH
2022-01-05T00:00:00+00:00;TRXBULL/USD;0,09687500;0,10227500;0,09567500;0,10065000;3,75
2022-01-04T00:00:00+00:00;TRXBULL/USD;0,10130000;0,10482500;0,09602500;0,09687500;-4,57
2022-01-03T00:00:00+00:00;TRXBULL/USD;0,10332500;0,10550000;0,09782500;0,10130000;-2,0
2022-01-02T00:00:00+00:00;TRXBULL/USD;0,09892500;0,10567500;0,09697500;0,10332500;4,26
2022-01-01T00:00:00+00:00;TRXBULL/USD;0,09405000;0,09970000;0,09330000;0,09892500;4,93
2021-12-31T00:00:00+00:00;TRXBULL/USD;0,10740000;0,10927500;0,08687500;0,09405000;-14,19
2021-12-30T00:00:00+00:00;TRXBULL/USD;0,09890000;0,10745000;0,09600000;0,10740000;7,91
2021-12-29T00:00:00+00:00;TRXBULL/USD;0,10185000;0,11285000;0,09765000;0,09890000;-2,98
2021-12-28T00:00:00+00:00;TRXBULL/USD;0,11915000;0,11915000;0,10085000;0,10185000;-16,99
2021-12-27T00:00:00+00:00;TRXBULL/USD;0,12080000;0,12635000;0,11860000;0,11915000;-1,38
2021-12-26T00:00:00+00:00;TRXBULL/USD;0,12130000;0,12255000;0,11305000;0,12080000;-0,41
2021-12-25T00:00:00+00:00;TRXBULL/USD;0,11865000;0,12395000;0,11540000;0,12130000;2,18
2021-12-24T00:00:00+00:00;TRXBULL/USD;0,12685000;0,12880000;0,11605000;0,11865000;-6,91
2021-12-23T00:00:00+00:00;TRXBULL/USD;0,11145000;0,12690000;0,10705000;0,12685000;12,14
2021-12-22T00:00:00+00:00;TRXBULL/USD;0,11015000;0,11650000;0,10875000;0,11145000;1,17
2021-12-21T00:00:00+00:00;TRXBULL/USD;0,10480000;0,11210000;0,10270000;0,11015000;4,86
2021-12-20T00:00:00+00:00;TRXBULL/USD;0,11290000;0,11510000;0,09380000;0,10480000;-7,73
2021-12-19T00:00:00+00:00;TRXBULL/USD;0,11735000;0,12235000;0,11265000;0,11290000;-3,94
2021-12-18T00:00:00+00:00;TRXBULL/USD;0,11345000;0,12470000;0,10955000;0,11735000;3,32
2021-12-17T00:00:00+00:00;TRXBULL/USD;0,14275000;0,14540000;0,10795000;0,11345000;-25,83
2021-12-16T00:00:00+00:00;TRXBULL/USD;0,15410000;0,15630000;0,14205000;0,14275000;-7,95
2021-12-15T00:00:00+00:00;TRXBULL/USD;0,15150000;0,16045000;0,13000000;0,15410000;1,69
2021-12-14T00:00:00+00:00;TRXBULL/USD;0,14190000;0,15445000;0,13580000;0,15150000;6,34
2021-12-13T00:00:00+00:00;TRXBULL/USD;0,17760000;0,18170000;0,13630000;0,14190000;-25,16
2021-12-12T00:00:00+00:00;TRXBULL/USD;0,18035000;0,18475000;0,17040000;0,17760000;-1,55
2021-12-11T00:00:00+00:00;TRXBULL/USD;0,15940000;0,18160000;0,15295000;0,18035000;11,62
2021-12-10T00:00:00+00:00;TRXBULL/USD;0,16510000;0,18815000;0,15860000;0,15940000;-3,58
2021-12-09T00:00:00+00:00;TRXBULL/USD;0,18760000;0,19320000;0,16465000;0,16510000;-13,63
2021-12-08T00:00:00+00:00;TRXBULL/USD;0,17490000;0,19550000;0,17305000;0,18760000;6,77
2021-12-07T00:00:00+00:00;TRXBULL/USD;0,15975000;0,18785000;0,15640000;0,17490000;8,66
2021-12-06T00:00:00+00:00;TRXBULL/USD;0,14425000;0,16020000;0,11735000;0,15975000;9,7
2021-12-05T00:00:00+00:00;TRXBULL/USD;0,15700000;0,16230000;0,13180000;0,14425000;-8,84
2021-12-04T00:00:00+00:00;TRXBULL/USD;0,21275000;0,21275000;0,09470000;0,15700000;-35,51
2021-12-03T00:00:00+00:00;TRXBULL/USD;0,24040000;0,27280000;0,21100000;0,21275000;-13,0
2021-12-02T00:00:00+00:00;TRXBULL/USD;0,23420000;0,24605000;0,22240000;0,24040000;2,58
2021-12-01T00:00:00+00:00;TRXBULL/USD;0,23340000;0,26165000;0,22815000;0,23420000;0,34
2021-11-30T00:00:00+00:00;TRXBULL/USD;0,23290000;0,25645000;0,22175000;0,23340000;0,21
2021-11-29T00:00:00+00:00;TRXBULL/USD;0,22270000;0,23900000;0,21845000;0,23290000;4,38
2021-11-28T00:00:00+00:00;TRXBULL/USD;0,21050000;0,22330000;0,18255000;0,22270000;5,48
2021-11-27T00:00:00+00:00;TRXBULL/USD;0,20360000;0,22385000;0,20205000;0,21050000;3,28
2021-11-26T00:00:00+00:00;TRXBULL/USD;0,27000000;0,27620000;0,18870000;0,20360000;-32,61
2021-11-25T00:00:00+00:00;TRXBULL/USD;0,25050000;0,27880000;0,24690000;0,27000000;7,22
2021-11-24T00:00:00+00:00;TRXBULL/USD;0,29680000;0,30410000;0,23810000;0,25050000;-18,48
2021-11-23T00:00:00+00:00;TRXBULL/USD;0,28840000;0,30270000;0,28000000;0,29720000;2,96
2021-11-22T00:00:00+00:00;TRXBULL/USD;0,33420000;0,33560000;0,28230000;0,28840000;-15,88
2021-11-21T00:00:00+00:00;TRXBULL/USD;0,31940000;0,36000000;0,31280000;0,33420000;4,43
2021-11-20T00:00:00+00:00;TRXBULL/USD;0,30890000;0,32390000;0,28710000;0,31940000;3,29
2021-11-19T00:00:00+00:00;TRXBULL/USD;0,27870000;0,32250000;0,25880000;0,30890000;9,78
2021-11-18T00:00:00+00:00;TRXBULL/USD;0,39510000;0,40740000;0,27200000;0,27870000;-41,77
2021-11-17T00:00:00+00:00;TRXBULL/USD;0,37610000;0,42200000;0,34830000;0,39510000;4,81
2021-11-16T00:00:00+00:00;TRXBULL/USD;0,57075000;0,57100000;0,33200000;0,37610000;-51,75
2021-11-15T00:00:00+00:00;TRXBULL/USD;0,49020000;0,64120000;0,47140000;0,57075000;14,11
2021-11-14T00:00:00+00:00;TRXBULL/USD;0,43630000;0,49310000;0,41310000;0,49020000;11,0
2021-11-13T00:00:00+00:00;TRXBULL/USD;0,38870000;0,45520000;0,38330000;0,43630000;10,91
2021-11-12T00:00:00+00:00;TRXBULL/USD;0,40010000;0,42120000;0,35210000;0,38870000;-2,93
2021-11-11T00:00:00+00:00;TRXBULL/USD;0,37960000;0,41620000;0,35900000;0,40010000;5,12
2021-11-10T00:00:00+00:00;TRXBULL/USD;0,47900000;0,51880000;0,33780000;0,37960000;-26,19
2021-11-09T00:00:00+00:00;TRXBULL/USD;0,42960000;0,49290000;0,41170000;0,47900000;10,31
2021-11-08T00:00:00+00:00;TRXBULL/USD;0,37090000;0,43000000;0,37090000;0,42960000;13,66
2021-11-07T00:00:00+00:00;TRXBULL/USD;0,35130000;0,37580000;0,34690000;0,37090000;5,28
2021-11-06T00:00:00+00:00;TRXBULL/USD;0,36350000;0,37050000;0,31970000;0,35130000;-3,47
2021-11-05T00:00:00+00:00;TRXBULL/USD;0,36010000;0,39180000;0,34800000;0,36350000;0,94
2021-11-04T00:00:00+00:00;TRXBULL/USD;0,39030000;0,40460000;0,34410000;0,36020000;-8,36
2021-11-03T00:00:00+00:00;TRXBULL/USD;0,41080000;0,43130000;0,34770000;0,39030000;-5,25
2021-11-02T00:00:00+00:00;TRXBULL/USD;0,34150000;0,44270000;0,33420000;0,41080000;16,87
2021-11-01T00:00:00+00:00;TRXBULL/USD;0,35140000;0,35680000;0,31660000;0,34150000;-2,9
2021-10-31T00:00:00+00:00;TRXBULL/USD;0,34900000;0,36110000;0,31120000;0,35140000;0,68
2021-10-30T00:00:00+00:00;TRXBULL/USD;0,33310000;0,38530000;0,31600000;0,34900000;4,56
2021-10-29T00:00:00+00:00;TRXBULL/USD;0,29400000;0,33240000;0,28900000;0,33240000;11,55
2021-10-28T00:00:00+00:00;TRXBULL/USD;0,25110000;0,30240000;0,25110000;0,29400000;14,59
2021-10-27T00:00:00+00:00;TRXBULL/USD;0,36900000;0,39600000;0,25110000;0,25110000;-46,95
2021-10-26T00:00:00+00:00;TRXBULL/USD;0,36490000;0,42000000;0,35700000;0,36900000;1,11
2021-10-25T00:00:00+00:00;TRXBULL/USD;0,35120000;0,37440000;0,34490000;0,36490000;3,75
2021-10-24T00:00:00+00:00;TRXBULL/USD;0,36680000;0,37580000;0,32830000;0,35120000;-4,44
2021-10-23T00:00:00+00:00;TRXBULL/USD;0,35870000;0,37160000;0,34690000;0,36680000;2,21
2021-10-22T00:00:00+00:00;TRXBULL/USD;0,35710000;0,38530000;0,34490000;0,35870000;0,45
2021-10-21T00:00:00+00:00;TRXBULL/USD;0,40250000;0,43160000;0,33910000;0,35710000;-12,71
2021-10-20T00:00:00+00:00;TRXBULL/USD;0,37350000;0,43280000;0,36730000;0,40250000;7,2
2021-10-19T00:00:00+00:00;TRXBULL/USD;0,34700000;0,37660000;0,34470000;0,37350000;7,1
2021-10-18T00:00:00+00:00;TRXBULL/USD;0,35390000;0,36110000;0,33520000;0,34700000;-1,99
2021-10-17T00:00:00+00:00;TRXBULL/USD;0,35570000;0,39260000;0,32900000;0,35390000;-0,51
2021-10-16T00:00:00+00:00;TRXBULL/USD;0,35510000;0,38140000;0,35050000;0,35570000;0,17
2021-10-15T00:00:00+00:00;TRXBULL/USD;0,34180000;0,40210000;0,31960000;0,35510000;3,75
2021-10-14T00:00:00+00:00;TRXBULL/USD;0,35140000;0,36740000;0,33230000;0,34180000;-2,81
2021-10-13T00:00:00+00:00;TRXBULL/USD;0,32520000;0,35140000;0,30510000;0,35140000;7,46
2021-10-12T00:00:00+00:00;TRXBULL/USD;0,34240000;0,34240000;0,28250000;0,32520000;-5,29
2021-10-11T00:00:00+00:00;TRXBULL/USD;0,35000000;0,38450000;0,32360000;0,34240000;-2,22
2021-10-10T00:00:00+00:00;TRXBULL/USD;0,41480000;0,41660000;0,34590000;0,35000000;-18,51
2021-10-09T00:00:00+00:00;TRXBULL/USD;0,35670000;0,44420000;0,35130000;0,41570000;14,19
2021-10-08T00:00:00+00:00;TRXBULL/USD;0,33530000;0,37730000;0,33310000;0,35670000;6,0
2021-10-07T00:00:00+00:00;TRXBULL/USD;0,33820000;0,36720000;0,31530000;0,33530000;-0,86
2021-10-06T00:00:00+00:00;TRXBULL/USD;0,34730000;0,35490000;0,29060000;0,33820000;-2,69
2021-10-05T00:00:00+00:00;TRXBULL/USD;0,31870000;0,36920000;0,31300000;0,34730000;8,23
2021-10-04T00:00:00+00:00;TRXBULL/USD;0,33560000;0,33610000;0,28140000;0,31870000;-5,3
2021-10-03T00:00:00+00:00;TRXBULL/USD;0,32060000;0,35600000;0,31080000;0,33560000;4,47
2021-10-02T00:00:00+00:00;TRXBULL/USD;0,33420000;0,34430000;0,30920000;0,32060000;-4,24
2021-10-01T00:00:00+00:00;TRXBULL/USD;0,28200000;0,33420000;0,27440000;0,33420000;15,62
2021-09-30T00:00:00+00:00;TRXBULL/USD;0,25130000;0,28380000;0,24870000;0,28200000;10,89
2021-09-29T00:00:00+00:00;TRXBULL/USD;0,22760000;0,26820000;0,22460000;0,25130000;9,43
2021-09-28T00:00:00+00:00;TRXBULL/USD;0,25350000;0,26680000;0,22650000;0,22760000;-11,38
2021-09-27T00:00:00+00:00;TRXBULL/USD;0,27110000;0,29700000;0,25160000;0,25350000;-6,94
2021-09-26T00:00:00+00:00;TRXBULL/USD;0,30000000;0,30060000;0,22910000;0,27110000;-10,66
2021-09-25T00:00:00+00:00;TRXBULL/USD;0,31790000;0,33240000;0,28780000;0,30000000;-5,97
2021-09-24T00:00:00+00:00;TRXBULL/USD;0,42000000;0,42040000;0,26000000;0,31790000;-32,12
2021-09-23T00:00:00+00:00;TRXBULL/USD;0,41230000;0,43570000;0,37990000;0,42000000;1,83
2021-09-22T00:00:00+00:00;TRXBULL/USD;0,29980000;0,41230000;0,28690000;0,41230000;27,29
2021-09-21T00:00:00+00:00;TRXBULL/USD;0,33510000;0,38700000;0,28630000;0,29980000;-11,77
2021-09-20T00:00:00+00:00;TRXBULL/USD;0,52550000;0,52550000;0,31340000;0,33510000;-56,82
2021-09-19T00:00:00+00:00;TRXBULL/USD;0,56150000;0,58725000;0,50250000;0,52550000;-6,85
2021-09-18T00:00:00+00:00;TRXBULL/USD;0,55300000;0,60900000;0,52175000;0,56150000;1,51
2021-09-17T00:00:00+00:00;TRXBULL/USD;0,76850000;0,85800000;0,51425000;0,55150000;-39,35
2021-09-16T00:00:00+00:00;TRXBULL/USD;0,87750000;0,91075000;0,66975000;0,76850000;-14,18
2021-09-15T00:00:00+00:00;TRXBULL/USD;0,82750000;0,92300000;0,72150000;0,87750000;5,7
2021-09-14T00:00:00+00:00;TRXBULL/USD;0,59650000;0,85925000;0,58800000;0,82750000;27,92
2021-09-13T00:00:00+00:00;TRXBULL/USD;0,79800000;0,88710000;0,50675000;0,59650000;-33,78
2021-09-12T00:00:00+00:00;TRXBULL/USD;0,52110000;0,89320000;0,49410000;0,79800000;34,7
2021-09-11T00:00:00+00:00;TRXBULL/USD;0,44920000;0,54220000;0,44470000;0,51970000;13,57
2021-09-10T00:00:00+00:00;TRXBULL/USD;0,48490000;0,52860000;0,38000000;0,44920000;-7,95
2021-09-09T00:00:00+00:00;TRXBULL/USD;0,48270000;0,51140000;0,44000000;0,48490000;0,45
2021-09-08T00:00:00+00:00;TRXBULL/USD;0,38500000;0,53270000;0,35810000;0,48270000;20,24
2021-09-07T00:00:00+00:00;TRXBULL/USD;0,76625000;0,81225000;0,26140000;0,38350000;-99,8
2021-09-06T00:00:00+00:00;TRXBULL/USD;0,80200000;0,84675000;0,70400000;0,76625000;-4,67
2021-09-05T00:00:00+00:00;TRXBULL/USD;0,72400000;0,80200000;0,71150000;0,80200000;9,73
2021-09-04T00:00:00+00:00;TRXBULL/USD;0,72800000;0,76625000;0,67900000;0,72400000;-0,55
2021-09-03T00:00:00+00:00;TRXBULL/USD;0,69275000;0,82200000;0,64950000;0,72800000;4,84
2021-09-02T00:00:00+00:00;TRXBULL/USD;0,60525000;0,73775000;0,59425000;0,69275000;12,63
2021-09-01T00:00:00+00:00;TRXBULL/USD;0,49990000;0,61000000;0,47590000;0,60525000;17,41
2021-08-31T00:00:00+00:00;TRXBULL/USD;0,45950000;0,53040000;0,44240000;0,49990000;8,08
2021-08-30T00:00:00+00:00;TRXBULL/USD;0,50020000;0,50840000;0,45120000;0,45950000;-8,86
2021-08-29T00:00:00+00:00;TRXBULL/USD;0,49710000;0,53530000;0,47250000;0,50020000;0,62
2021-08-28T00:00:00+00:00;TRXBULL/USD;0,49720000;0,50690000;0,46590000;0,49710000;-0,02
2021-08-27T00:00:00+00:00;TRXBULL/USD;0,41800000;0,49830000;0,39540000;0,49720000;15,93
2021-08-26T00:00:00+00:00;TRXBULL/USD;0,49370000;0,51000000;0,39700000;0,41800000;-18,11
2021-08-25T00:00:00+00:00;TRXBULL/USD;0,44910000;0,49810000;0,42100000;0,49370000;9,03
2021-08-24T00:00:00+00:00;TRXBULL/USD;0,54600000;0,56800000;0,43200000;0,44960000;-21,44
2021-08-23T00:00:00+00:00;TRXBULL/USD;0,51400000;0,57520000;0,51000000;0,54600000;5,86
2021-08-22T00:00:00+00:00;TRXBULL/USD;0,51670000;0,55125000;0,47450000;0,51400000;-0,53
2021-08-21T00:00:00+00:00;TRXBULL/USD;0,56425000;0,56625000;0,51075000;0,51670000;-9,2
2021-08-20T00:00:00+00:00;TRXBULL/USD;0,52570000;0,56610000;0,49180000;0,56425000;6,83
2021-08-19T00:00:00+00:00;TRXBULL/USD;0,46320000;0,52570000;0,41370000;0,52570000;11,89
2021-08-18T00:00:00+00:00;TRXBULL/USD;0,47100000;0,51230000;0,40520000;0,46320000;-1,68
2021-08-17T00:00:00+00:00;TRXBULL/USD;0,55100000;0,60350000;0,46600000;0,47100000;-16,99
2021-08-16T00:00:00+00:00;TRXBULL/USD;0,62700000;0,70000000;0,52725000;0,55100000;-13,79
2021-08-15T00:00:00+00:00;TRXBULL/USD;0,62300000;0,67125000;0,55100000;0,62700000;0,64
2021-08-14T00:00:00+00:00;TRXBULL/USD;0,56325000;0,63575000;0,51100000;0,62300000;9,59
2021-08-13T00:00:00+00:00;TRXBULL/USD;0,47480000;0,56530000;0,46400000;0,56325000;15,7
2021-08-12T00:00:00+00:00;TRXBULL/USD;0,46610000;0,59750000;0,41425000;0,47480000;1,83
2021-08-11T00:00:00+00:00;TRXBULL/USD;0,34420000;0,50840000;0,33910000;0,46610000;26,15
2021-08-10T00:00:00+00:00;TRXBULL/USD;0,33680000;0,35940000;0,31270000;0,34420000;2,15
2021-08-09T00:00:00+00:00;TRXBULL/USD;0,30940000;0,34650000;0,28060000;0,33680000;8,14
2021-08-08T00:00:00+00:00;TRXBULL/USD;0,36040000;0,37120000;0,28260000;0,30940000;-16,48
2021-08-07T00:00:00+00:00;TRXBULL/USD;0,31660000;0,37700000;0,31630000;0,36040000;12,15
2021-08-06T00:00:00+00:00;TRXBULL/USD;0,29490000;0,32410000;0,29030000;0,31660000;6,85
2021-08-05T00:00:00+00:00;TRXBULL/USD;0,26280000;0,30240000;0,25090000;0,29490000;10,89
2021-08-04T00:00:00+00:00;TRXBULL/USD;0,22590000;0,26840000;0,22160000;0,26280000;14,04
2021-08-03T00:00:00+00:00;TRXBULL/USD;0,23400000;0,24185000;0,21480000;0,22590000;-3,59
2021-08-02T00:00:00+00:00;TRXBULL/USD;0,21970000;0,24425000;0,20815000;0,23400000;6,11
2021-08-01T00:00:00+00:00;TRXBULL/USD;0,22710000;0,26090000;0,21075000;0,21970000;-3,37
2021-07-31T00:00:00+00:00;TRXBULL/USD;0,22040000;0,23450000;0,21090000;0,22710000;2,95
2021-07-30T00:00:00+00:00;TRXBULL/USD;0,20570000;0,22040000;0,18350000;0,22040000;6,67
2021-07-29T00:00:00+00:00;TRXBULL/USD;0,19470000;0,21000000;0,18560000;0,20570000;5,35
2021-07-28T00:00:00+00:00;TRXBULL/USD;0,19090000;0,20690000;0,18365000;0,19470000;1,95
2021-07-27T00:00:00+00:00;TRXBULL/USD;0,17520000;0,19560000;0,16130000;0,19090000;8,22
2021-07-26T00:00:00+00:00;TRXBULL/USD;0,17005000;0,21820000;0,16880000;0,17520000;2,94
2021-07-25T00:00:00+00:00;TRXBULL/USD;0,16410000;0,17240000;0,15240000;0,17005000;3,5
2021-07-24T00:00:00+00:00;TRXBULL/USD;0,15385000;0,17005000;0,15205000;0,16410000;6,25
2021-07-23T00:00:00+00:00;TRXBULL/USD;0,14830000;0,15580000;0,13570000;0,15385000;3,61
2021-07-22T00:00:00+00:00;TRXBULL/USD;0,13700000;0,14855000;0,13085000;0,14830000;7,62
2021-07-21T00:00:00+00:00;TRXBULL/USD;0,11420000;0,14600000;0,10920000;0,13685000;16,55
2021-07-20T00:00:00+00:00;TRXBULL/USD;0,13750000;0,14290000;0,10400000;0,11420000;-20,4
2021-07-19T00:00:00+00:00;TRXBULL/USD;0,15760000;0,16040000;0,13620000;0,13750000;-14,62
2021-07-18T00:00:00+00:00;TRXBULL/USD;0,15880000;0,17100000;0,14550000;0,15760000;-0,76
2021-07-17T00:00:00+00:00;TRXBULL/USD;0,15550000;0,16400000;0,14705000;0,15880000;2,08
2021-07-16T00:00:00+00:00;TRXBULL/USD;0,17610000;0,18400000;0,15510000;0,15550000;-13,25
2021-07-15T00:00:00+00:00;TRXBULL/USD;0,19565000;0,20410000;0,16625000;0,17610000;-11,1
2021-07-14T00:00:00+00:00;TRXBULL/USD;0,19060000;0,19965000;0,16500000;0,19565000;2,58
2021-07-13T00:00:00+00:00;TRXBULL/USD;0,19800000;0,20350000;0,18395000;0,19060000;-3,88
2021-07-12T00:00:00+00:00;TRXBULL/USD;0,21685000;0,22710000;0,19220000;0,19800000;-9,52
2021-07-11T00:00:00+00:00;TRXBULL/USD;0,21240000;0,22330000;0,20400000;0,21685000;2,05
2021-07-10T00:00:00+00:00;TRXBULL/USD;0,22070000;0,22950000;0,20165000;0,21240000;-3,91
2021-07-09T00:00:00+00:00;TRXBULL/USD;0,20925000;0,22410000;0,18895000;0,22070000;5,19
2021-07-08T00:00:00+00:00;TRXBULL/USD;0,24580000;0,24770000;0,20000000;0,20925000;-17,47
2021-07-07T00:00:00+00:00;TRXBULL/USD;0,25360000;0,26590000;0,24520000;0,24580000;-3,17
2021-07-06T00:00:00+00:00;TRXBULL/USD;0,24870000;0,27050000;0,24180000;0,25360000;1,93
2021-07-05T00:00:00+00:00;TRXBULL/USD;0,28370000;0,28400000;0,23780000;0,24870000;-14,07
2021-07-04T00:00:00+00:00;TRXBULL/USD;0,27720000;0,29560000;0,25670000;0,28370000;2,29
2021-07-03T00:00:00+00:00;TRXBULL/USD;0,27400000;0,28460000;0,25770000;0,27720000;1,15
2021-07-02T00:00:00+00:00;TRXBULL/USD;0,25330000;0,27450000;0,23570000;0,27400000;7,55
2021-07-01T00:00:00+00:00;TRXBULL/USD;0,29820000;0,29850000;0,23880000;0,25430000;-17,26
2021-06-30T00:00:00+00:00;TRXBULL/USD;0,29300000;0,30420000;0,24220000;0,29820000;1,74
2021-06-29T00:00:00+00:00;TRXBULL/USD;0,26150000;0,31600000;0,25950000;0,29170000;10,35
2021-06-28T00:00:00+00:00;TRXBULL/USD;0,25730000;0,27660000;0,24940000;0,26150000;1,61
2021-06-27T00:00:00+00:00;TRXBULL/USD;0,23450000;0,25790000;0,21500000;0,25730000;8,86
2021-06-26T00:00:00+00:00;TRXBULL/USD;0,22150000;0,23650000;0,19300000;0,23450000;5,54
2021-06-25T00:00:00+00:00;TRXBULL/USD;0,28310000;0,31420000;0,20510000;0,22150000;-27,81
2021-06-24T00:00:00+00:00;TRXBULL/USD;0,19955000;0,31825000;0,19950000;0,28310000;29,51
2021-06-23T00:00:00+00:00;TRXBULL/USD;0,14035000;0,19955000;0,12800000;0,19955000;29,67
2021-06-22T00:00:00+00:00;TRXBULL/USD;0,17400000;0,20175000;0,10800000;0,14035000;-23,98
2021-06-21T00:00:00+00:00;TRXBULL/USD;0,39530000;0,39930000;0,17400000;0,17400000;-127,18
2021-06-20T00:00:00+00:00;TRXBULL/USD;0,40400000;0,41050000;0,31560000;0,39530000;-2,2
2021-06-19T00:00:00+00:00;TRXBULL/USD;0,42800000;0,43850000;0,40130000;0,40400000;-5,94
2021-06-18T00:00:00+00:00;TRXBULL/USD;0,51720000;0,53620000;0,40000000;0,42800000;-20,84
2021-06-17T00:00:00+00:00;TRXBULL/USD;0,42550000;0,52020000;0,42120000;0,51720000;17,73
2021-06-16T00:00:00+00:00;TRXBULL/USD;0,48460000;0,50380000;0,41720000;0,42550000;-13,89
2021-06-15T00:00:00+00:00;TRXBULL/USD;0,48860000;0,51180000;0,45900000;0,48460000;-0,83
2021-06-14T00:00:00+00:00;TRXBULL/USD;0,48130000;0,50640000;0,44910000;0,48860000;1,49
2021-06-13T00:00:00+00:00;TRXBULL/USD;0,41570000;0,48850000;0,39000000;0,48130000;13,63
2021-06-12T00:00:00+00:00;TRXBULL/USD;0,43790000;0,43790000;0,37180000;0,41570000;-5,34
2021-06-11T00:00:00+00:00;TRXBULL/USD;0,50700000;0,52250000;0,42450000;0,43790000;-15,78
2021-06-10T00:00:00+00:00;TRXBULL/USD;0,57200000;0,60950000;0,47750000;0,50700000;-12,82
2021-06-09T00:00:00+00:00;TRXBULL/USD;0,51060000;0,57200000;0,45800000;0,57200000;10,73
2021-06-08T00:00:00+00:00;TRXBULL/USD;0,49070000;0,52340000;0,40000000;0,51060000;3,9
2021-06-07T00:00:00+00:00;TRXBULL/USD;0,63350000;0,66450000;0,47750000;0,49070000;-29,1
2021-06-06T00:00:00+00:00;TRXBULL/USD;0,58900000;0,63700000;0,58500000;0,63350000;7,02
2021-06-05T00:00:00+00:00;TRXBULL/USD;0,62750000;0,68675000;0,55475000;0,58900000;-6,54
2021-06-04T00:00:00+00:00;TRXBULL/USD;0,76925000;0,78550000;0,52675000;0,62750000;-22,59
2021-06-03T00:00:00+00:00;TRXBULL/USD;0,65950000;0,77225000;0,63775000;0,76925000;14,27
2021-06-02T00:00:00+00:00;TRXBULL/USD;0,61000000;0,69475000;0,57350000;0,65950000;7,51
2021-06-01T00:00:00+00:00;TRXBULL/USD;0,62725000;0,64225000;0,54700000;0,61000000;-2,83
2021-05-31T00:00:00+00:00;TRXBULL/USD;0,52150000;0,62950000;0,47650000;0,62725000;16,86
2021-05-30T00:00:00+00:00;TRXBULL/USD;0,46170000;0,54570000;0,41210000;0,52150000;11,47
2021-05-29T00:00:00+00:00;TRXBULL/USD;0,53325000;0,58375000;0,42260000;0,46170000;-15,5
2021-05-28T00:00:00+00:00;TRXBULL/USD;0,72725000;0,74300000;0,47900000;0,53325000;-36,38
2021-05-27T00:00:00+00:00;TRXBULL/USD;0,83850000;0,83850000;0,63225000;0,72725000;-15,3
2021-05-26T00:00:00+00:00;TRXBULL/USD;0,68025000;0,86350000;0,64325000;0,83850000;18,87
2021-05-25T00:00:00+00:00;TRXBULL/USD;0,67200000;0,77900000;0,52300000;0,68025000;1,21
2021-05-24T00:00:00+00:00;TRXBULL/USD;0,39960000;0,67125000;0,37600000;0,67125000;40,47
2021-05-23T00:00:00+00:00;TRXBULL/USD;0,76475000;0,81875000;0,27500000;0,39960000;-91,38
2021-05-22T00:00:00+00:00;TRXBULL/USD;0,85225000;0,89900000;0,61400000;0,76475000;-11,44
2021-05-21T00:00:00+00:00;TRXBULL/USD;1,47700000;1,67450000;0,65700000;0,85225000;-73,31
2021-05-20T00:00:00+00:00;TRXBULL/USD;1,07000000;1,63250000;0,82550000;1,47700000;27,56
2021-05-19T00:00:00+00:00;TRXBULL/USD;6,47000000;6,73750000;0,69650000;1,07000000;-504,67
2021-05-18T00:00:00+00:00;TRXBULL/USD;5,93500000;6,97750000;5,69000000;6,47000000;8,27
2021-05-17T00:00:00+00:00;TRXBULL/USD;7,08500000;7,15500000;5,18500000;5,93500000;-19,38
2021-05-16T00:00:00+00:00;TRXBULL/USD;7,35000000;9,25750000;6,23000000;7,08500000;-3,74
2021-05-15T00:00:00+00:00;TRXBULL/USD;8,18000000;8,74000000;6,84500000;7,35000000;-11,29
2021-05-14T00:00:00+00:00;TRXBULL/USD;7,52500000;8,85000000;7,11250000;8,18000000;8,01
2021-05-13T00:00:00+00:00;TRXBULL/USD;7,17500000;8,42500000;5,36000000;7,52500000;4,65
2021-05-12T00:00:00+00:00;TRXBULL/USD;12,54000000;14,88500000;7,09000000;7,17500000;-74,77
2021-05-11T00:00:00+00:00;TRXBULL/USD;9,81500000;12,70500000;8,42000000;12,54000000;21,73
2021-05-10T00:00:00+00:00;TRXBULL/USD;14,81000000;16,58000000;8,20000000;9,81500000;-50,89
2021-05-09T00:00:00+00:00;TRXBULL/USD;14,86500000;15,75000000;12,33500000;14,81000000;-0,37
2021-05-08T00:00:00+00:00;TRXBULL/USD;16,50000000;18,22500000;14,30500000;14,86500000;-11,0
2021-05-07T00:00:00+00:00;TRXBULL/USD;18,22500000;24,74000000;13,60000000;16,50000000;-10,45
2021-05-06T00:00:00+00:00;TRXBULL/USD;16,45000000;20,44000000;13,18500000;18,22500000;9,74
2021-05-05T00:00:00+00:00;TRXBULL/USD;9,91250000;16,57000000;9,45250000;16,45000000;39,74
2021-05-04T00:00:00+00:00;TRXBULL/USD;13,83000000;13,89000000;9,52000000;9,91250000;-39,52
2021-05-03T00:00:00+00:00;TRXBULL/USD;12,69000000;15,49000000;12,65000000;13,83000000;8,24
2021-05-02T00:00:00+00:00;TRXBULL/USD;13,89500000;14,22500000;11,92000000;12,69000000;-9,5
2021-05-01T00:00:00+00:00;TRXBULL/USD;14,27000000;14,78500000;12,67000000;13,89500000;-2,7
2021-04-30T00:00:00+00:00;TRXBULL/USD;11,28000000;14,50000000;10,50000000;14,27000000;20,95
2021-04-29T00:00:00+00:00;TRXBULL/USD;11,61000000;12,45000000;10,20000000;11,28000000;-2,93
2021-04-28T00:00:00+00:00;TRXBULL/USD;12,78000000;13,85000000;9,68250000;11,61000000;-10,08
2021-04-27T00:00:00+00:00;TRXBULL/USD;10,41250000;13,47500000;9,95750000;12,77500000;18,49
2021-04-26T00:00:00+00:00;TRXBULL/USD;7,11500000;10,41500000;6,83000000;10,41250000;31,67
2021-04-25T00:00:00+00:00;TRXBULL/USD;7,35000000;8,92500000;6,02000000;7,11500000;-3,3
2021-04-24T00:00:00+00:00;TRXBULL/USD;8,94250000;10,29250000;7,24250000;7,35000000;-21,67
2021-04-23T00:00:00+00:00;TRXBULL/USD;10,00250000;10,62500000;5,02500000;8,94250000;-11,85
2021-04-22T00:00:00+00:00;TRXBULL/USD;14,73000000;17,13500000;9,64250000;10,00250000;-47,26
2021-04-21T00:00:00+00:00;TRXBULL/USD;19,34000000;20,44500000;14,59500000;14,73000000;-31,3
2021-04-20T00:00:00+00:00;TRXBULL/USD;18,21000000;20,00000000;12,78500000;19,34000000;5,84
2021-04-19T00:00:00+00:00;TRXBULL/USD;24,89000000;27,58000000;17,97000000;18,21000000;-36,68
2021-04-18T00:00:00+00:00;TRXBULL/USD;34,18000000;35,09000000;15,96000000;24,89000000;-37,32
2021-04-17T00:00:00+00:00;TRXBULL/USD;39,10000000;52,59000000;31,66000000;34,18000000;-14,39
2021-04-16T00:00:00+00:00;TRXBULL/USD;45,91000000;50,34000000;22,16000000;39,10000000;-17,42
2021-04-15T00:00:00+00:00;TRXBULL/USD;30,36000000;48,87000000;27,39000000;45,91000000;33,87
2021-04-14T00:00:00+00:00;TRXBULL/USD;35,10000000;42,23000000;24,08000000;30,36000000;-15,61
2021-04-13T00:00:00+00:00;TRXBULL/USD;25,04000000;40,53000000;24,55000000;35,10000000;28,66
2021-04-12T00:00:00+00:00;TRXBULL/USD;21,89500000;30,25000000;21,56000000;25,04000000;12,56
2021-04-11T00:00:00+00:00;TRXBULL/USD;24,64000000;24,90500000;19,61000000;21,89500000;-12,54
2021-04-10T00:00:00+00:00;TRXBULL/USD;19,27000000;25,33500000;17,71500000;24,64000000;21,79
2021-04-09T00:00:00+00:00;TRXBULL/USD;23,99000000;24,95000000;18,61000000;19,27000000;-24,49
2021-04-08T00:00:00+00:00;TRXBULL/USD;17,69000000;25,40000000;17,60500000;23,99000000;26,26
2021-04-07T00:00:00+00:00;TRXBULL/USD;27,27000000;28,29000000;14,59500000;17,69000000;-54,15
2021-04-06T00:00:00+00:00;TRXBULL/USD;38,30000000;40,19000000;19,19000000;27,27000000;-40,45
2021-04-05T00:00:00+00:00;TRXBULL/USD;32,00000000;48,00000000;29,91000000;38,30000000;16,45
2021-04-04T00:00:00+00:00;TRXBULL/USD;18,31000000;32,48000000;17,60500000;32,00000000;42,78
2021-04-03T00:00:00+00:00;TRXBULL/USD;14,29000000;22,57000000;12,33000000;18,31000000;21,96
2021-04-02T00:00:00+00:00;TRXBULL/USD;11,50500000;14,45500000;11,07000000;14,29000000;19,49
2021-04-01T00:00:00+00:00;TRXBULL/USD;15,80500000;16,62000000;10,28000000;11,50500000;-37,38
2021-03-31T00:00:00+00:00;TRXBULL/USD;7,16000000;17,34750000;7,02750000;15,80500000;54,7
2021-03-30T00:00:00+00:00;TRXBULL/USD;6,72000000;7,34000000;6,56000000;7,16000000;6,15
2021-03-29T00:00:00+00:00;TRXBULL/USD;6,36750000;7,02750000;6,31250000;6,72000000;5,25
2021-03-28T00:00:00+00:00;TRXBULL/USD;6,40250000;6,67500000;5,93750000;6,36750000;-0,55
2021-03-27T00:00:00+00:00;TRXBULL/USD;6,69750000;7,59500000;6,06250000;6,40250000;-4,61
2021-03-26T00:00:00+00:00;TRXBULL/USD;4,46000000;7,06000000;4,46000000;6,69750000;33,41
2021-03-25T00:00:00+00:00;TRXBULL/USD;4,56000000;4,66300000;3,96000000;4,46000000;-2,24
2021-03-24T00:00:00+00:00;TRXBULL/USD;5,37000000;6,32250000;4,14250000;4,56000000;-17,76
2021-03-23T00:00:00+00:00;TRXBULL/USD;5,58000000;6,12000000;5,06250000;5,37000000;-3,91
2021-03-22T00:00:00+00:00;TRXBULL/USD;6,98000000;7,91750000;5,44000000;5,58000000;-25,09
2021-03-21T00:00:00+00:00;TRXBULL/USD;6,18000000;7,30500000;5,55250000;6,98000000;11,46
2021-03-20T00:00:00+00:00;TRXBULL/USD;5,60500000;8,30500000;5,59500000;6,18000000;9,3
2021-03-19T00:00:00+00:00;TRXBULL/USD;4,29700000;5,79000000;4,02500000;5,60500000;23,34
2021-03-18T00:00:00+00:00;TRXBULL/USD;4,70500000;4,76100000;4,21800000;4,29700000;-9,49
2021-03-17T00:00:00+00:00;TRXBULL/USD;4,11500000;4,92200000;4,04400000;4,70500000;12,54
2021-03-16T00:00:00+00:00;TRXBULL/USD;3,74700000;4,28100000;3,39100000;4,11500000;8,94
2021-03-15T00:00:00+00:00;TRXBULL/USD;3,85900000;4,10900000;3,26300000;3,74700000;-2,99
2021-03-14T00:00:00+00:00;TRXBULL/USD;4,32000000;4,52900000;3,85900000;3,85900000;-11,95
2021-03-13T00:00:00+00:00;TRXBULL/USD;3,66800000;4,53200000;3,43700000;4,32000000;15,09
2021-03-12T00:00:00+00:00;TRXBULL/USD;4,03300000;4,09600000;3,38300000;3,66800000;-9,95
2021-03-11T00:00:00+00:00;TRXBULL/USD;4,03700000;4,11900000;3,61900000;4,03300000;-0,1
2021-03-10T00:00:00+00:00;TRXBULL/USD;4,46800000;4,53500000;3,73600000;4,03700000;-10,68
2021-03-09T00:00:00+00:00;TRXBULL/USD;4,44900000;4,57000000;4,16600000;4,46800000;0,43
2021-03-08T00:00:00+00:00;TRXBULL/USD;4,12000000;4,49800000;3,77700000;4,44900000;7,39
2021-03-07T00:00:00+00:00;TRXBULL/USD;3,77600000;4,14700000;3,74100000;4,12000000;8,35
2021-03-06T00:00:00+00:00;TRXBULL/USD;3,74600000;3,88600000;3,43600000;3,77600000;0,79
2021-03-05T00:00:00+00:00;TRXBULL/USD;4,03100000;4,03100000;3,37200000;3,74600000;-7,61
2021-03-04T00:00:00+00:00;TRXBULL/USD;3,49400000;4,44800000;3,40500000;4,03100000;13,32
2021-03-03T00:00:00+00:00;TRXBULL/USD;3,08800000;3,64400000;3,02900000;3,49400000;11,62
2021-03-02T00:00:00+00:00;TRXBULL/USD;3,29700000;3,47900000;2,78800000;3,08800000;-6,77
2021-03-01T00:00:00+00:00;TRXBULL/USD;2,83100000;3,33200000;2,72800000;3,29700000;14,13
2021-02-28T00:00:00+00:00;TRXBULL/USD;3,00500000;3,03500000;2,35700000;2,83100000;-6,15
2021-02-27T00:00:00+00:00;TRXBULL/USD;2,75200000;3,31000000;2,74700000;3,00500000;8,42
2021-02-26T00:00:00+00:00;TRXBULL/USD;2,79700000;3,05700000;2,24900000;2,75200000;-1,64
2021-02-25T00:00:00+00:00;TRXBULL/USD;3,35000000;3,77300000;2,72200000;2,79700000;-19,77
2021-02-24T00:00:00+00:00;TRXBULL/USD;2,77700000;3,68300000;2,46600000;3,35000000;17,1
2021-02-23T00:00:00+00:00;TRXBULL/USD;5,92000000;5,97750000;1,71650000;2,76500000;-114,1
2021-02-22T00:00:00+00:00;TRXBULL/USD;8,14250000;8,17000000;3,90000000;5,92000000;-37,54
2021-02-21T00:00:00+00:00;TRXBULL/USD;7,54250000;8,87000000;6,97000000;8,14250000;7,37
2021-02-20T00:00:00+00:00;TRXBULL/USD;8,95500000;10,18000000;6,43500000;7,56250000;-18,41
2021-02-19T00:00:00+00:00;TRXBULL/USD;6,72000000;10,14250000;6,37750000;8,95500000;24,96
2021-02-18T00:00:00+00:00;TRXBULL/USD;5,89750000;6,97500000;5,77500000;6,72000000;12,24
2021-02-17T00:00:00+00:00;TRXBULL/USD;5,67000000;6,34000000;4,66000000;5,89750000;3,86
2021-02-16T00:00:00+00:00;TRXBULL/USD;5,37200000;6,66900000;4,80600000;5,67000000;5,26
2021-02-15T00:00:00+00:00;TRXBULL/USD;7,31250000;7,66000000;3,83000000;5,37200000;-36,12
2021-02-14T00:00:00+00:00;TRXBULL/USD;9,73750000;9,82750000;6,03500000;7,31250000;-33,16
2021-02-13T00:00:00+00:00;TRXBULL/USD;7,84750000;10,25500000;6,27000000;9,73750000;19,41
2021-02-12T00:00:00+00:00;TRXBULL/USD;8,85000000;9,10500000;6,53000000;7,84750000;-12,77
2021-02-11T00:00:00+00:00;TRXBULL/USD;5,24400000;9,54000000;4,69400000;8,85000000;40,75
2021-02-10T00:00:00+00:00;TRXBULL/USD;5,30500000;6,50000000;3,63200000;5,24400000;-1,16
2021-02-09T00:00:00+00:00;TRXBULL/USD;3,77500000;6,57000000;3,76300000;5,30500000;28,84
2021-02-08T00:00:00+00:00;TRXBULL/USD;2,75000000;4,04800000;2,59600000;3,77500000;27,15
2021-02-07T00:00:00+00:00;TRXBULL/USD;2,58100000;3,02600000;2,29700000;2,75000000;6,15
2021-02-06T00:00:00+00:00;TRXBULL/USD;2,87100000;2,90100000;2,16600000;2,58100000;-11,24
2021-02-05T00:00:00+00:00;TRXBULL/USD;2,24200000;2,93850000;2,21950000;2,87100000;21,91
2021-02-04T00:00:00+00:00;TRXBULL/USD;2,58300000;2,60000000;2,04000000;2,24200000;-15,21
2021-02-03T00:00:00+00:00;TRXBULL/USD;2,29800000;2,71700000;2,28750000;2,58300000;11,03
2021-02-02T00:00:00+00:00;TRXBULL/USD;2,24500000;2,35150000;2,09750000;2,29800000;2,31
2021-02-01T00:00:00+00:00;TRXBULL/USD;2,00400000;2,58300000;1,92650000;2,24500000;10,73
2021-01-31T00:00:00+00:00;TRXBULL/USD;2,13000000;2,61100000;1,88800000;2,00400000;-6,29
2021-01-30T00:00:00+00:00;TRXBULL/USD;2,38000000;2,43600000;1,82600000;2,13000000;-11,74
2021-01-29T00:00:00+00:00;TRXBULL/USD;1,71500000;4,50000000;1,67000000;2,38000000;27,94
2021-01-28T00:00:00+00:00;TRXBULL/USD;1,48900000;1,77750000;1,45250000;1,71500000;13,18
2021-01-27T00:00:00+00:00;TRXBULL/USD;1,70400000;1,70400000;1,38150000;1,48900000;-14,44
2021-01-26T00:00:00+00:00;TRXBULL/USD;1,70400000;1,77550000;1,52850000;1,70400000;0,0
2021-01-25T00:00:00+00:00;TRXBULL/USD;1,79500000;2,27000000;1,70350000;1,70400000;-5,34
2021-01-24T00:00:00+00:00;TRXBULL/USD;1,65500000;1,90450000;1,61950000;1,79500000;7,8
2021-01-23T00:00:00+00:00;TRXBULL/USD;1,53900000;1,69150000;1,46400000;1,65500000;7,01
2021-01-22T00:00:00+00:00;TRXBULL/USD;1,40200000;1,60050000;1,19150000;1,53900000;8,9
2021-01-21T00:00:00+00:00;TRXBULL/USD;1,95800000;1,96150000;1,39500000;1,40200000;-39,66
2021-01-20T00:00:00+00:00;TRXBULL/USD;1,99750000;2,08050000;1,68000000;1,95800000;-2,02
2021-01-19T00:00:00+00:00;TRXBULL/USD;2,20450000;2,36550000;1,99250000;1,99750000;-10,36
2021-01-18T00:00:00+00:00;TRXBULL/USD;1,93150000;2,35000000;1,84050000;2,20450000;12,38
2021-01-17T00:00:00+00:00;TRXBULL/USD;1,92450000;2,03150000;1,74300000;1,93150000;0,36
2021-01-16T00:00:00+00:00;TRXBULL/USD;1,85350000;2,16450000;1,76300000;1,92900000;3,91
2021-01-15T00:00:00+00:00;TRXBULL/USD;1,90400000;2,16350000;1,57150000;1,85350000;-2,72
2021-01-14T00:00:00+00:00;TRXBULL/USD;2,05300000;2,18200000;1,75600000;1,90400000;-7,83
2021-01-13T00:00:00+00:00;TRXBULL/USD;1,65200000;2,06650000;1,52800000;2,05300000;19,53
2021-01-12T00:00:00+00:00;TRXBULL/USD;1,73400000;1,98850000;1,56050000;1,65200000;-4,96
2021-01-11T00:00:00+00:00;TRXBULL/USD;2,67300000;2,67300000;1,40000000;1,73400000;-54,15
2021-01-10T00:00:00+00:00;TRXBULL/USD;2,99500000;3,71600000;2,24700000;2,67300000;-12,05
2021-01-09T00:00:00+00:00;TRXBULL/USD;2,19450000;3,32950000;2,02000000;2,99500000;26,73
2021-01-08T00:00:00+00:00;TRXBULL/USD;2,28600000;2,43100000;1,81100000;2,19450000;-4,17
2021-01-07T00:00:00+00:00;TRXBULL/USD;2,21250000;2,85000000;2,09800000;2,28600000;3,22
2021-01-06T00:00:00+00:00;TRXBULL/USD;1,84600000;2,33950000;1,70400000;2,21250000;16,56
2021-01-05T00:00:00+00:00;TRXBULL/USD;2,49400000;2,53600000;1,55000000;1,84600000;-35,1
2021-01-04T00:00:00+00:00;TRXBULL/USD;2,18700000;2,84550000;1,60000000;2,49400000;12,31
2021-01-03T00:00:00+00:00;TRXBULL/USD;1,75000000;2,28200000;1,61500000;2,18700000;19,98
2021-01-02T00:00:00+00:00;TRXBULL/USD;1,67550000;1,87750000;1,61450000;1,75000000;4,26
2021-01-01T00:00:00+00:00;TRXBULL/USD;1,65550000;1,75650000;1,60150000;1,67550000;1,19
2020-12-31T00:00:00+00:00;TRXBULL/USD;1,66450000;1,69100000;1,49150000;1,65550000;-0,54
2020-12-30T00:00:00+00:00;TRXBULL/USD;1,80900000;1,82450000;1,56200000;1,66450000;-8,68
2020-12-29T00:00:00+00:00;TRXBULL/USD;2,25000000;2,39900000;1,54550000;1,80900000;-24,38
2020-12-28T00:00:00+00:00;TRXBULL/USD;2,11550000;2,42100000;2,05500000;2,25000000;5,98
2020-12-27T00:00:00+00:00;TRXBULL/USD;1,88800000;2,55900000;1,66750000;2,11550000;10,75
2020-12-26T00:00:00+00:00;TRXBULL/USD;2,05150000;2,07450000;1,77750000;1,88800000;-8,66
2020-12-25T00:00:00+00:00;TRXBULL/USD;1,88750000;2,24700000;1,76150000;2,05150000;7,99
2020-12-24T00:00:00+00:00;TRXBULL/USD;1,43750000;1,89300000;1,30850000;1,88750000;23,84
2020-12-23T00:00:00+00:00;TRXBULL/USD;2,36250000;2,39800000;1,20750000;1,43750000;-64,35
2020-12-22T00:00:00+00:00;TRXBULL/USD;2,47600000;2,53900000;2,08100000;2,36250000;-4,8
2020-12-21T00:00:00+00:00;TRXBULL/USD;3,04200000;3,21900000;2,35100000;2,47600000;-22,86
2020-12-20T00:00:00+00:00;TRXBULL/USD;3,06900000;3,52000000;2,77300000;3,04200000;-0,89
2020-12-19T00:00:00+00:00;TRXBULL/USD;3,01700000;3,26000000;2,95100000;3,06900000;1,69
2020-12-18T00:00:00+00:00;TRXBULL/USD;2,90600000;3,10100000;2,74200000;3,01700000;3,68
2020-12-17T00:00:00+00:00;TRXBULL/USD;3,14800000;3,45200000;2,73700000;2,90600000;-8,33
2020-12-16T00:00:00+00:00;TRXBULL/USD;2,54300000;3,14800000;2,44800000;3,14800000;19,22
2020-12-15T00:00:00+00:00;TRXBULL/USD;2,52200000;2,62000000;2,42700000;2,54300000;0,83
2020-12-14T00:00:00+00:00;TRXBULL/USD;2,55000000;2,55000000;2,40700000;2,52200000;-1,11
2020-12-13T00:00:00+00:00;TRXBULL/USD;2,39300000;2,66200000;2,37700000;2,55000000;6,16
2020-12-12T00:00:00+00:00;TRXBULL/USD;2,19500000;2,44300000;2,18000000;2,39300000;8,27
2020-12-11T00:00:00+00:00;TRXBULL/USD;2,28250000;2,30750000;2,10450000;2,19500000;-3,99
2020-12-10T00:00:00+00:00;TRXBULL/USD;2,42800000;2,44700000;2,20050000;2,28250000;-6,37
2020-12-09T00:00:00+00:00;TRXBULL/USD;2,22300000;2,47250000;2,02750000;2,42800000;8,44
2020-12-08T00:00:00+00:00;TRXBULL/USD;2,93900000;2,93900000;2,14100000;2,22900000;-31,85
2020-12-07T00:00:00+00:00;TRXBULL/USD;3,14700000;3,15200000;2,83100000;2,93900000;-7,08
2020-12-06T00:00:00+00:00;TRXBULL/USD;3,02900000;3,15900000;2,88400000;3,14700000;3,75
2020-12-05T00:00:00+00:00;TRXBULL/USD;2,74200000;3,03700000;2,65300000;3,02900000;9,48
2020-12-04T00:00:00+00:00;TRXBULL/USD;3,44500000;3,46900000;2,60100000;2,74200000;-25,64
2020-12-03T00:00:00+00:00;TRXBULL/USD;3,32100000;3,56200000;3,17500000;3,44500000;3,6
2020-12-02T00:00:00+00:00;TRXBULL/USD;3,06100000;3,35100000;2,90700000;3,32100000;7,83
2020-12-01T00:00:00+00:00;TRXBULL/USD;3,86200000;4,47800000;2,71500000;3,06100000;-26,17
2020-11-30T00:00:00+00:00;TRXBULL/USD;3,29600000;4,04500000;3,14200000;3,86200000;14,66
2020-11-29T00:00:00+00:00;TRXBULL/USD;3,20400000;3,44800000;2,94300000;3,29600000;2,79
2020-11-28T00:00:00+00:00;TRXBULL/USD;2,85700000;3,52300000;2,68100000;3,20400000;10,83
2020-11-27T00:00:00+00:00;TRXBULL/USD;2,92000000;3,17600000;2,51000000;2,85700000;-2,21
2020-11-26T00:00:00+00:00;TRXBULL/USD;4,38900000;4,74600000;2,27300000;2,92000000;-50,31
2020-11-25T00:00:00+00:00;TRXBULL/USD;5,73750000;6,77500000;3,88750000;4,38900000;-30,72
2020-11-24T00:00:00+00:00;TRXBULL/USD;4,32000000;7,35700000;4,26200000;5,73750000;24,71
2020-11-23T00:00:00+00:00;TRXBULL/USD;3,31200000;4,39500000;3,17500000;4,32000000;23,33
2020-11-22T00:00:00+00:00;TRXBULL/USD;4,06600000;4,14100000;2,74500000;3,31200000;-22,77
2020-11-21T00:00:00+00:00;TRXBULL/USD;2,71100000;4,10100000;2,69500000;4,06600000;33,33
2020-11-20T00:00:00+00:00;TRXBULL/USD;2,57500000;2,80600000;2,57500000;2,71100000;5,02
2020-11-19T00:00:00+00:00;TRXBULL/USD;2,91000000;2,93000000;2,44400000;2,57500000;-13,01
2020-11-18T00:00:00+00:00;TRXBULL/USD;2,81700000;3,00000000;2,29100000;2,91000000;3,2
2020-11-17T00:00:00+00:00;TRXBULL/USD;2,53500000;2,86500000;2,53500000;2,81700000;10,01
2020-11-16T00:00:00+00:00;TRXBULL/USD;2,48900000;2,62700000;2,44100000;2,53500000;1,81
2020-11-15T00:00:00+00:00;TRXBULL/USD;2,45000000;2,62700000;2,39700000;2,48900000;1,57
2020-11-14T00:00:00+00:00;TRXBULL/USD;2,51800000;2,53100000;2,39900000;2,45000000;-2,78
2020-11-13T00:00:00+00:00;TRXBULL/USD;2,38400000;2,55000000;2,35800000;2,51800000;5,32
2020-11-12T00:00:00+00:00;TRXBULL/USD;2,40100000;2,47400000;2,33600000;2,38400000;-0,71
2020-11-11T00:00:00+00:00;TRXBULL/USD;2,37200000;2,50000000;2,37200000;2,40100000;1,21
2020-11-10T00:00:00+00:00;TRXBULL/USD;2,36300000;2,49900000;2,31850000;2,37200000;0,38
2020-11-09T00:00:00+00:00;TRXBULL/USD;2,54000000;2,61900000;2,33200000;2,36300000;-7,49
2020-11-08T00:00:00+00:00;TRXBULL/USD;2,40300000;2,62000000;2,32500000;2,54000000;5,39
2020-11-07T00:00:00+00:00;TRXBULL/USD;2,83600000;3,02200000;2,25700000;2,40300000;-18,02
2020-11-06T00:00:00+00:00;TRXBULL/USD;2,48500000;2,83700000;2,46700000;2,83600000;12,38
2020-11-05T00:00:00+00:00;TRXBULL/USD;2,26500000;2,51600000;2,21750000;2,48500000;8,85
2020-11-04T00:00:00+00:00;TRXBULL/USD;2,31450000;2,32500000;2,10050000;2,26500000;-2,19
2020-11-03T00:00:00+00:00;TRXBULL/USD;2,33500000;2,33550000;1,91250000;2,31450000;-0,89
2020-11-02T00:00:00+00:00;TRXBULL/USD;2,74200000;2,79300000;2,31950000;2,33500000;-17,43
2020-11-01T00:00:00+00:00;TRXBULL/USD;2,77000000;2,80600000;2,65000000;2,74200000;-1,02
2020-10-31T00:00:00+00:00;TRXBULL/USD;2,71300000;3,04900000;2,66000000;2,77000000;2,06
2020-10-30T00:00:00+00:00;TRXBULL/USD;3,02600000;3,06200000;2,61600000;2,71300000;-11,54
2020-10-29T00:00:00+00:00;TRXBULL/USD;3,13800000;3,27300000;2,97000000;3,02400000;-3,77
2020-10-28T00:00:00+00:00;TRXBULL/USD;3,18300000;3,30500000;3,05700000;3,13800000;-1,43
2020-10-27T00:00:00+00:00;TRXBULL/USD;3,11200000;3,24600000;3,09200000;3,18300000;2,23
2020-10-26T00:00:00+00:00;TRXBULL/USD;3,19600000;3,35500000;2,96600000;3,11200000;-2,7
2020-10-25T00:00:00+00:00;TRXBULL/USD;3,19900000;3,28000000;3,07600000;3,19600000;-0,09
2020-10-24T00:00:00+00:00;TRXBULL/USD;3,07900000;3,28400000;3,05000000;3,19900000;3,75
2020-10-23T00:00:00+00:00;TRXBULL/USD;3,23700000;3,23700000;2,92600000;3,07900000;-5,13
2020-10-22T00:00:00+00:00;TRXBULL/USD;3,10200000;3,35900000;3,10200000;3,23700000;4,17
2020-10-21T00:00:00+00:00;TRXBULL/USD;2,84400000;3,45300000;2,82900000;3,10300000;8,35
2020-10-20T00:00:00+00:00;TRXBULL/USD;2,83600000;3,87800000;2,64200000;2,84400000;0,28
2020-10-19T00:00:00+00:00;TRXBULL/USD;2,84100000;2,92200000;2,76200000;2,83600000;-0,18
2020-10-18T00:00:00+00:00;TRXBULL/USD;2,78500000;2,90500000;2,76800000;2,84100000;1,97
2020-10-17T00:00:00+00:00;TRXBULL/USD;2,77900000;2,87700000;2,71800000;2,78500000;0,22
2020-10-16T00:00:00+00:00;TRXBULL/USD;3,05500000;3,09000000;2,71500000;2,77900000;-9,93
2020-10-15T00:00:00+00:00;TRXBULL/USD;3,15200000;3,15200000;2,97500000;3,05500000;-3,18
2020-10-14T00:00:00+00:00;TRXBULL/USD;3,17000000;3,28000000;2,98700000;3,15200000;-0,57
2020-10-13T00:00:00+00:00;TRXBULL/USD;3,27000000;3,34500000;3,06200000;3,17000000;-3,15
2020-10-12T00:00:00+00:00;TRXBULL/USD;3,08200000;3,52800000;2,85000000;3,27000000;5,75
2020-10-11T00:00:00+00:00;TRXBULL/USD;3,05400000;3,16500000;2,93900000;3,08200000;0,91
2020-10-10T00:00:00+00:00;TRXBULL/USD;3,00500000;3,39000000;3,00000000;3,05400000;1,6
2020-10-09T00:00:00+00:00;TRXBULL/USD;2,81900000;3,05800000;2,78800000;3,00500000;6,19
2020-10-08T00:00:00+00:00;TRXBULL/USD;2,74400000;2,90300000;2,58300000;2,81900000;2,66
2020-10-07T00:00:00+00:00;TRXBULL/USD;2,76800000;2,79500000;2,58300000;2,74400000;-0,87
2020-10-06T00:00:00+00:00;TRXBULL/USD;3,08700000;3,13000000;2,68200000;2,76800000;-11,52
2020-10-05T00:00:00+00:00;TRXBULL/USD;3,07700000;3,20700000;2,90900000;3,08700000;0,32
2020-10-04T00:00:00+00:00;TRXBULL/USD;3,34200000;3,41400000;2,87000000;3,07700000;-8,61
2020-10-03T00:00:00+00:00;TRXBULL/USD;2,91400000;3,76100000;2,86800000;3,34200000;12,81
2020-10-02T00:00:00+00:00;TRXBULL/USD;2,87900000;2,98500000;2,27600000;2,91400000;1,2
2020-10-01T00:00:00+00:00;TRXBULL/USD;3,02000000;3,21100000;2,61800000;2,87900000;-4,9
2020-09-30T00:00:00+00:00;TRXBULL/USD;3,06200000;3,14400000;2,86000000;3,02000000;-1,39
2020-09-29T00:00:00+00:00;TRXBULL/USD;3,04800000;3,09300000;2,78500000;3,06200000;0,46
2020-09-28T00:00:00+00:00;TRXBULL/USD;3,15600000;3,37400000;3,00300000;3,04400000;-3,68
2020-09-27T00:00:00+00:00;TRXBULL/USD;3,40500000;3,53300000;2,95000000;3,15600000;-7,89
2020-09-26T00:00:00+00:00;TRXBULL/USD;3,37700000;4,04000000;3,32200000;3,40500000;0,82
2020-09-25T00:00:00+00:00;TRXBULL/USD;3,08000000;3,47000000;2,81300000;3,37700000;8,79
2020-09-24T00:00:00+00:00;TRXBULL/USD;2,63400000;3,09100000;2,50900000;3,08000000;14,48
2020-09-23T00:00:00+00:00;TRXBULL/USD;2,65700000;3,03000000;2,55000000;2,63400000;-0,87
2020-09-22T00:00:00+00:00;TRXBULL/USD;2,65100000;2,81200000;2,52600000;2,65700000;0,23
2020-09-21T00:00:00+00:00;TRXBULL/USD;3,42500000;3,62800000;2,53200000;2,65100000;-29,2
2020-09-20T00:00:00+00:00;TRXBULL/USD;3,72600000;3,74800000;3,20600000;3,42500000;-8,79
2020-09-19T00:00:00+00:00;TRXBULL/USD;4,36300000;4,46500000;3,68000000;3,72600000;-17,1
2020-09-18T00:00:00+00:00;TRXBULL/USD;3,96400000;4,69400000;3,85600000;4,36300000;9,15
2020-09-17T00:00:00+00:00;TRXBULL/USD;3,34000000;4,09200000;3,32600000;3,96400000;15,74
2020-09-16T00:00:00+00:00;TRXBULL/USD;3,88700000;4,57000000;3,23800000;3,34000000;-16,38
2020-09-15T00:00:00+00:00;TRXBULL/USD;5,14400000;5,15300000;3,70900000;3,88700000;-32,34
2020-09-14T00:00:00+00:00;TRXBULL/USD;5,16200000;5,65500000;4,83100000;5,14400000;-0,35
2020-09-13T00:00:00+00:00;TRXBULL/USD;6,39500000;6,40750000;4,54000000;5,16200000;-23,89
2020-09-12T00:00:00+00:00;TRXBULL/USD;6,78250000;6,82750000;5,94500000;6,39500000;-6,06
2020-09-11T00:00:00+00:00;TRXBULL/USD;6,48500000;7,34250000;5,57000000;6,78250000;4,39
2020-09-10T00:00:00+00:00;TRXBULL/USD;7,04250000;7,81500000;6,17000000;6,48500000;-8,6
2020-09-09T00:00:00+00:00;TRXBULL/USD;7,69500000;8,18500000;6,79500000;7,04250000;-9,27
2020-09-08T00:00:00+00:00;TRXBULL/USD;6,13750000;7,84500000;5,65000000;7,69500000;20,24
2020-09-07T00:00:00+00:00;TRXBULL/USD;5,55500000;6,21750000;3,96250000;6,13500000;9,45
2020-09-06T00:00:00+00:00;TRXBULL/USD;4,81200000;6,10400000;3,95300000;5,55500000;13,38
2020-09-05T00:00:00+00:00;TRXBULL/USD;9,08250000;9,91500000;3,73250000;4,81200000;-88,75
2020-09-04T00:00:00+00:00;TRXBULL/USD;14,09000000;16,09500000;6,30000000;9,08250000;-55,13
2020-09-03T00:00:00+00:00;TRXBULL/USD;9,23500000;21,49500000;8,98250000;14,09000000;34,46
2020-09-02T00:00:00+00:00;TRXBULL/USD;9,42500000;11,70250000;7,20500000;9,23500000;-2,06
2020-09-01T00:00:00+00:00;TRXBULL/USD;6,05000000;10,25250000;5,40500000;9,43500000;35,88
2020-08-31T00:00:00+00:00;TRXBULL/USD;4,86000000;6,37200000;4,22000000;6,05000000;19,67
2020-08-30T00:00:00+00:00;TRXBULL/USD;3,93900000;5,44400000;3,92700000;4,86000000;18,95
2020-08-29T00:00:00+00:00;TRXBULL/USD;3,50800000;4,06500000;3,40800000;3,93900000;10,94
2020-08-28T00:00:00+00:00;TRXBULL/USD;3,15700000;3,64600000;3,00500000;3,50800000;10,01
2020-08-27T00:00:00+00:00;TRXBULL/USD;3,45900000;3,80600000;2,73700000;3,14900000;-9,84
2020-08-26T00:00:00+00:00;TRXBULL/USD;3,18900000;3,55200000;3,08800000;3,45900000;7,81
2020-08-25T00:00:00+00:00;TRXBULL/USD;4,40400000;4,55600000;2,87000000;3,18900000;-38,1
2020-08-24T00:00:00+00:00;TRXBULL/USD;4,05500000;4,69000000;3,81300000;4,40400000;7,92
2020-08-23T00:00:00+00:00;TRXBULL/USD;4,47800000;4,53300000;3,66400000;4,05500000;-10,43
2020-08-22T00:00:00+00:00;TRXBULL/USD;4,03300000;4,65100000;3,57500000;4,47800000;9,94
2020-08-21T00:00:00+00:00;TRXBULL/USD;6,30750000;6,43000000;3,93000000;4,03300000;-56,4
2020-08-20T00:00:00+00:00;TRXBULL/USD;5,65250000;6,48500000;5,64750000;6,30750000;10,38
2020-08-19T00:00:00+00:00;TRXBULL/USD;7,78000000;7,87000000;5,08000000;5,65250000;-37,64
2020-08-18T00:00:00+00:00;TRXBULL/USD;9,45250000;11,28500000;7,15000000;7,78000000;-21,5
2020-08-17T00:00:00+00:00;TRXBULL/USD;7,75750000;10,23000000;6,54000000;9,45250000;17,93
2020-08-16T00:00:00+00:00;TRXBULL/USD;5,72750000;7,89750000;4,93750000;7,75750000;26,17
2020-08-15T00:00:00+00:00;TRXBULL/USD;5,47000000;6,07800000;4,70300000;5,72750000;4,5
2020-08-14T00:00:00+00:00;TRXBULL/USD;4,16600000;6,09800000;4,16000000;5,47000000;23,84
2020-08-13T00:00:00+00:00;TRXBULL/USD;3,17200000;4,47500000;2,85700000;4,16600000;23,86
2020-08-12T00:00:00+00:00;TRXBULL/USD;3,11900000;3,25600000;2,62000000;3,17200000;1,67
2020-08-11T00:00:00+00:00;TRXBULL/USD;3,91800000;3,92500000;2,74500000;3,11900000;-25,62
2020-08-10T00:00:00+00:00;TRXBULL/USD;3,41300000;4,09400000;3,41000000;3,91800000;12,89
2020-08-09T00:00:00+00:00;TRXBULL/USD;3,42100000;3,49000000;3,23600000;3,41300000;-0,23
2020-08-08T00:00:00+00:00;TRXBULL/USD;3,13700000;3,46200000;3,04200000;3,42100000;8,3
2020-08-07T00:00:00+00:00;TRXBULL/USD;3,34700000;3,76700000;2,59000000;3,13700000;-6,69
2020-08-06T00:00:00+00:00;TRXBULL/USD;3,39500000;3,50300000;3,20000000;3,34700000;-1,43
2020-08-05T00:00:00+00:00;TRXBULL/USD;3,44400000;3,61000000;3,23400000;3,39500000;-1,44
2020-08-04T00:00:00+00:00;TRXBULL/USD;3,20700000;3,58700000;3,20100000;3,44400000;6,88
2020-08-03T00:00:00+00:00;TRXBULL/USD;2,87000000;3,33200000;2,73200000;3,20700000;10,51
2020-08-02T00:00:00+00:00;TRXBULL/USD;3,65400000;4,10700000;2,52300000;2,87000000;-27,32
2020-08-01T00:00:00+00:00;TRXBULL/USD;3,26800000;3,82600000;3,11900000;3,65400000;10,56
2020-07-31T00:00:00+00:00;TRXBULL/USD;3,05100000;3,31400000;2,90700000;3,26800000;6,64
2020-07-30T00:00:00+00:00;TRXBULL/USD;3,03300000;3,14500000;2,80700000;3,05100000;0,59
2020-07-29T00:00:00+00:00;TRXBULL/USD;3,06200000;3,42800000;2,96300000;3,03300000;-0,96
2020-07-28T00:00:00+00:00;TRXBULL/USD;2,87000000;3,22900000;2,61300000;3,06200000;6,27
2020-07-27T00:00:00+00:00;TRXBULL/USD;2,77900000;3,07300000;2,38000000;2,87000000;3,17
2020-07-26T00:00:00+00:00;TRXBULL/USD;2,92200000;3,17800000;2,68300000;2,77900000;-5,15
2020-07-25T00:00:00+00:00;TRXBULL/USD;2,56300000;2,94000000;2,55400000;2,92200000;12,29
2020-07-24T00:00:00+00:00;TRXBULL/USD;2,54300000;2,70400000;2,37100000;2,56300000;0,78
2020-07-23T00:00:00+00:00;TRXBULL/USD;2,58200000;2,63100000;2,48000000;2,54300000;-1,53
2020-07-22T00:00:00+00:00;TRXBULL/USD;2,44900000;2,59500000;2,32600000;2,58200000;5,15
2020-07-21T00:00:00+00:00;TRXBULL/USD;2,26700000;2,47600000;2,25550000;2,44900000;7,43
2020-07-20T00:00:00+00:00;TRXBULL/USD;2,42600000;2,42700000;2,16800000;2,26700000;-7,01
2020-07-19T00:00:00+00:00;TRXBULL/USD;2,37300000;2,44000000;2,26900000;2,42600000;2,18
2020-07-18T00:00:00+00:00;TRXBULL/USD;2,27850000;2,38250000;2,21400000;2,37300000;3,98
2020-07-17T00:00:00+00:00;TRXBULL/USD;2,26450000;2,34700000;2,21700000;2,27850000;0,61
2020-07-16T00:00:00+00:00;TRXBULL/USD;2,45300000;2,46400000;2,07700000;2,26450000;-8,32
2020-07-15T00:00:00+00:00;TRXBULL/USD;2,49400000;2,53700000;2,39000000;2,45300000;-1,67
2020-07-14T00:00:00+00:00;TRXBULL/USD;2,45700000;2,53500000;2,25600000;2,49400000;1,48
2020-07-13T00:00:00+00:00;TRXBULL/USD;2,73900000;2,84700000;2,24100000;2,45700000;-11,48
2020-07-12T00:00:00+00:00;TRXBULL/USD;2,84500000;2,91600000;2,62600000;2,73900000;-3,87
2020-07-11T00:00:00+00:00;TRXBULL/USD;2,74100000;3,07500000;2,73700000;2,84500000;3,66
2020-07-10T00:00:00+00:00;TRXBULL/USD;2,95200000;3,01200000;2,58200000;2,74100000;-7,7
2020-07-09T00:00:00+00:00;TRXBULL/USD;2,68000000;3,21500000;2,49800000;2,95200000;9,21
2020-07-08T00:00:00+00:00;TRXBULL/USD;2,38600000;2,76900000;2,22900000;2,68000000;10,97
2020-07-07T00:00:00+00:00;TRXBULL/USD;2,76800000;2,81500000;2,33400000;2,38600000;-16,01
2020-07-06T00:00:00+00:00;TRXBULL/USD;2,31000000;2,82350000;2,31000000;2,76800000;16,55
2020-07-05T00:00:00+00:00;TRXBULL/USD;2,27400000;2,34050000;2,07700000;2,31000000;1,56
2020-07-04T00:00:00+00:00;TRXBULL/USD;2,19400000;2,30500000;2,17100000;2,27100000;3,39
2020-07-03T00:00:00+00:00;TRXBULL/USD;2,18150000;2,28800000;2,14100000;2,19400000;0,57
2020-07-02T00:00:00+00:00;TRXBULL/USD;2,29800000;2,44800000;2,01100000;2,18150000;-5,34
2020-07-01T00:00:00+00:00;TRXBULL/USD;2,10300000;2,34850000;2,05200000;2,29800000;8,49
2020-06-30T00:00:00+00:00;TRXBULL/USD;2,04150000;2,19100000;2,04150000;2,10300000;2,92
2020-06-29T00:00:00+00:00;TRXBULL/USD;1,89500000;2,11000000;1,89050000;2,04150000;7,18
2020-06-28T00:00:00+00:00;TRXBULL/USD;1,78700000;1,96700000;1,73450000;1,89500000;5,7
2020-06-27T00:00:00+00:00;TRXBULL/USD;1,94400000;1,99100000;1,56950000;1,78700000;-8,79
2020-06-26T00:00:00+00:00;TRXBULL/USD;1,96900000;2,01250000;1,87300000;1,94400000;-1,29
2020-06-25T00:00:00+00:00;TRXBULL/USD;1,97900000;2,03600000;1,77800000;1,96900000;-0,51
2020-06-24T00:00:00+00:00;TRXBULL/USD;2,22050000;2,34600000;1,89000000;1,97900000;-12,2
2020-06-23T00:00:00+00:00;TRXBULL/USD;2,18000000;2,32850000;2,11600000;2,22050000;1,82
2020-06-22T00:00:00+00:00;TRXBULL/USD;1,97600000;2,20500000;1,96700000;2,18000000;9,36
2020-06-21T00:00:00+00:00;TRXBULL/USD;2,04200000;2,05850000;1,95800000;1,97600000;-3,34
2020-06-20T00:00:00+00:00;TRXBULL/USD;1,98650000;2,07400000;1,90550000;2,04200000;2,72
2020-06-19T00:00:00+00:00;TRXBULL/USD;2,06700000;2,11500000;1,93250000;1,98650000;-4,05
2020-06-18T00:00:00+00:00;TRXBULL/USD;2,13700000;2,14600000;1,97950000;2,06700000;-3,39
2020-06-17T00:00:00+00:00;TRXBULL/USD;2,12300000;2,25950000;2,00000000;2,13700000;0,66
2020-06-16T00:00:00+00:00;TRXBULL/USD;2,10650000;2,17800000;2,05750000;2,12300000;0,78
2020-06-15T00:00:00+00:00;TRXBULL/USD;2,14000000;2,14400000;1,68200000;2,10700000;-1,57
2020-06-14T00:00:00+00:00;TRXBULL/USD;2,38250000;2,38250000;2,08200000;2,14000000;-11,33
2020-06-13T00:00:00+00:00;TRXBULL/USD;2,28650000;2,39600000;2,15550000;2,38250000;4,03
2020-06-12T00:00:00+00:00;TRXBULL/USD;2,03000000;2,39000000;1,98350000;2,28650000;11,22
2020-06-11T00:00:00+00:00;TRXBULL/USD;3,02000000;3,07400000;1,77500000;2,03000000;-48,77
2020-06-10T00:00:00+00:00;TRXBULL/USD;3,00700000;3,06100000;2,80000000;3,02000000;0,43
2020-06-09T00:00:00+00:00;TRXBULL/USD;3,23400000;3,29900000;2,50000000;3,00700000;-7,55
2020-06-08T00:00:00+00:00;TRXBULL/USD;3,35900000;3,59500000;3,11300000;3,23400000;-3,87
2020-06-07T00:00:00+00:00;TRXBULL/USD;2,78800000;3,37600000;2,71000000;3,35900000;17,0
2020-06-06T00:00:00+00:00;TRXBULL/USD;2,72600000;2,84300000;2,54800000;2,78800000;2,22
2020-06-05T00:00:00+00:00;TRXBULL/USD;2,74800000;2,95300000;2,63500000;2,72600000;-0,81
2020-06-04T00:00:00+00:00;TRXBULL/USD;2,77900000;2,97700000;2,43800000;2,74800000;-1,13
2020-06-03T00:00:00+00:00;TRXBULL/USD;2,50600000;2,79700000;2,34000000;2,77900000;9,82
2020-06-02T00:00:00+00:00;TRXBULL/USD;2,93200000;3,14000000;0,90000000;2,50600000;-17,0
2020-06-01T00:00:00+00:00;TRXBULL/USD;2,37700000;2,93500000;2,33300000;2,93200000;18,93
2020-05-31T00:00:00+00:00;TRXBULL/USD;2,67800000;3,06200000;2,21700000;2,37700000;-12,66
2020-05-30T00:00:00+00:00;TRXBULL/USD;2,08850000;2,70200000;2,06600000;2,67800000;22,01
2020-05-29T00:00:00+00:00;TRXBULL/USD;2,16900000;2,25450000;2,06250000;2,08850000;-3,85
2020-05-28T00:00:00+00:00;TRXBULL/USD;2,00000000;2,17850000;1,93300000;2,16900000;7,79
2020-05-27T00:00:00+00:00;TRXBULL/USD;1,93250000;2,09900000;1,90850000;2,00000000;3,37
2020-05-26T00:00:00+00:00;TRXBULL/USD;1,99700000;2,01250000;1,80900000;1,93250000;-3,34
2020-05-25T00:00:00+00:00;TRXBULL/USD;1,82500000;2,01150000;1,75500000;1,99700000;8,61
2020-05-24T00:00:00+00:00;TRXBULL/USD;2,16400000;2,29300000;1,81450000;1,82500000;-18,58
2020-05-23T00:00:00+00:00;TRXBULL/USD;2,08600000;2,47900000;2,08600000;2,16400000;3,6
2020-05-22T00:00:00+00:00;TRXBULL/USD;1,84350000;2,18900000;1,77950000;2,08600000;11,63
2020-05-21T00:00:00+00:00;TRXBULL/USD;2,17850000;2,20500000;1,67400000;1,84350000;-18,17
2020-05-20T00:00:00+00:00;TRXBULL/USD;2,44300000;2,44300000;2,02000000;2,17850000;-12,14
2020-05-19T00:00:00+00:00;TRXBULL/USD;2,37500000;2,46400000;2,22750000;2,44300000;2,78
2020-05-18T00:00:00+00:00;TRXBULL/USD;2,19850000;2,46150000;2,19450000;2,37500000;7,43
2020-05-17T00:00:00+00:00;TRXBULL/USD;2,20000000;2,29450000;2,17800000;2,19850000;-0,07
2020-05-16T00:00:00+00:00;TRXBULL/USD;2,15600000;2,24900000;2,11300000;2,20000000;2,0
2020-05-15T00:00:00+00:00;TRXBULL/USD;2,35900000;2,36950000;2,03200000;2,15600000;-9,42
2020-05-14T00:00:00+00:00;TRXBULL/USD;2,25100000;2,39000000;2,13550000;2,35900000;4,58
2020-05-13T00:00:00+00:00;TRXBULL/USD;2,03850000;2,38400000;2,01300000;2,25100000;9,44
2020-05-12T00:00:00+00:00;TRXBULL/USD;1,81950000;2,23450000;1,80650000;2,03850000;10,74
2020-05-11T00:00:00+00:00;TRXBULL/USD;1,95700000;2,02150000;1,52400000;1,81950000;-7,56
2020-05-10T00:00:00+00:00;TRXBULL/USD;3,36400000;3,37300000;1,43700000;1,95700000;-71,9
2020-05-09T00:00:00+00:00;TRXBULL/USD;3,51600000;3,68000000;3,35000000;3,36400000;-4,52
2020-05-08T00:00:00+00:00;TRXBULL/USD;3,36400000;3,66100000;3,28700000;3,51600000;4,32
2020-05-07T00:00:00+00:00;TRXBULL/USD;3,08200000;3,47500000;2,97700000;3,36400000;8,38
2020-05-06T00:00:00+00:00;TRXBULL/USD;3,29600000;3,53900000;3,06800000;3,08200000;-6,94
2020-05-05T00:00:00+00:00;TRXBULL/USD;3,52300000;3,77700000;3,13300000;3,29600000;-6,89
2020-05-04T00:00:00+00:00;TRXBULL/USD;3,35500000;3,62200000;2,80100000;3,52600000;4,85
2020-05-03T00:00:00+00:00;TRXBULL/USD;3,57400000;3,75300000;3,05600000;3,35500000;-6,53
2020-05-02T00:00:00+00:00;TRXBULL/USD;3,28600000;3,61100000;3,20500000;3,57400000;8,06
2020-05-01T00:00:00+00:00;TRXBULL/USD;2,88400000;3,58300000;2,88000000;3,28600000;12,23
2020-04-30T00:00:00+00:00;TRXBULL/USD;3,61000000;3,92000000;2,78500000;2,88400000;-25,17
2020-04-29T00:00:00+00:00;TRXBULL/USD;3,04400000;3,79000000;2,92100000;3,61000000;15,68
2020-04-28T00:00:00+00:00;TRXBULL/USD;2,61300000;3,06600000;2,50400000;3,04400000;14,16
2020-04-27T00:00:00+00:00;TRXBULL/USD;2,47600000;2,66000000;2,42900000;2,61300000;5,24
2020-04-26T00:00:00+00:00;TRXBULL/USD;2,32850000;2,49400000;2,27500000;2,47600000;5,96
2020-04-25T00:00:00+00:00;TRXBULL/USD;2,30750000;2,47950000;2,06500000;2,32850000;0,9
2020-04-24T00:00:00+00:00;TRXBULL/USD;2,18250000;2,50600000;2,17350000;2,30750000;5,42
2020-04-23T00:00:00+00:00;TRXBULL/USD;1,90650000;2,30000000;1,81600000;2,18250000;12,65
2020-04-22T00:00:00+00:00;TRXBULL/USD;1,69550000;1,96350000;1,66850000;1,90650000;11,07
2020-04-21T00:00:00+00:00;TRXBULL/USD;1,66100000;1,81600000;1,62150000;1,69550000;2,03
2020-04-20T00:00:00+00:00;TRXBULL/USD;1,87550000;1,98550000;1,58850000;1,66100000;-12,91
2020-04-19T00:00:00+00:00;TRXBULL/USD;2,11300000;2,11300000;1,80750000;1,87550000;-12,66
2020-04-18T00:00:00+00:00;TRXBULL/USD;1,88500000;2,17400000;1,86000000;2,11300000;10,79
2020-04-17T00:00:00+00:00;TRXBULL/USD;1,95100000;1,96900000;1,79850000;1,88500000;-3,5
2020-04-16T00:00:00+00:00;TRXBULL/USD;1,62200000;2,02100000;1,45850000;1,95100000;16,86
2020-04-15T00:00:00+00:00;TRXBULL/USD;1,72650000;1,77650000;1,59550000;1,62200000;-6,44
2020-04-14T00:00:00+00:00;TRXBULL/USD;1,77750000;1,87350000;1,69950000;1,72650000;-2,95
2020-04-13T00:00:00+00:00;TRXBULL/USD;1,80800000;1,80900000;1,52800000;1,77750000;-1,72
2020-04-12T00:00:00+00:00;TRXBULL/USD;1,71150000;2,02750000;1,65050000;1,80800000;5,34
2020-04-11T00:00:00+00:00;TRXBULL/USD;1,69850000;1,85400000;1,63750000;1,71150000;0,76
2020-04-10T00:00:00+00:00;TRXBULL/USD;2,17300000;2,18050000;1,47950000;1,69850000;-27,94
2020-04-09T00:00:00+00:00;TRXBULL/USD;2,32100000;2,35700000;2,02700000;2,17300000;-6,81
2020-04-08T00:00:00+00:00;TRXBULL/USD;2,10250000;2,33700000;2,03550000;2,32100000;9,41
2020-04-07T00:00:00+00:00;TRXBULL/USD;2,33600000;2,50800000;1,99500000;2,10250000;-11,11
2020-04-06T00:00:00+00:00;TRXBULL/USD;1,82050000;2,37100000;1,81900000;2,33350000;21,98
2020-04-05T00:00:00+00:00;TRXBULL/USD;1,59800000;1,90700000;1,52450000;1,82050000;12,22
2020-04-04T00:00:00+00:00;TRXBULL/USD;1,56250000;1,68650000;1,48950000;1,59800000;2,22
2020-04-03T00:00:00+00:00;TRXBULL/USD;1,58350000;1,65600000;1,48550000;1,56250000;-1,34
2020-04-02T00:00:00+00:00;TRXBULL/USD;1,42850000;1,81250000;1,41150000;1,58350000;9,79
2020-04-01T00:00:00+00:00;TRXBULL/USD;1,44100000;1,46200000;1,26250000;1,42850000;-0,88
2020-03-31T00:00:00+00:00;TRXBULL/USD;1,38650000;1,49350000;1,33150000;1,44100000;3,78
2020-03-30T00:00:00+00:00;TRXBULL/USD;1,12500000;1,49750000;1,11150000;1,38650000;18,86
2020-03-29T00:00:00+00:00;TRXBULL/USD;1,39650000;1,42900000;1,12200000;1,12500000;-24,13
2020-03-28T00:00:00+00:00;TRXBULL/USD;1,34400000;1,43400000;1,16550000;1,39650000;3,76
2020-03-27T00:00:00+00:00;TRXBULL/USD;1,67100000;1,73050000;1,23400000;1,34400000;-24,33
2020-03-26T00:00:00+00:00;TRXBULL/USD;1,43400000;1,69550000;1,39300000;1,67100000;14,18
2020-03-25T00:00:00+00:00;TRXBULL/USD;1,49350000;1,59450000;1,30500000;1,43400000;-4,15
2020-03-24T00:00:00+00:00;TRXBULL/USD;1,43800000;1,56850000;1,34000000;1,49350000;3,72
2020-03-23T00:00:00+00:00;TRXBULL/USD;1,08700000;1,49000000;1,01150000;1,43800000;24,41
2020-03-22T00:00:00+00:00;TRXBULL/USD;1,46300000;1,60600000;1,03650000;1,08650000;-34,65
2020-03-21T00:00:00+00:00;TRXBULL/USD;1,45500000;1,60750000;1,23400000;1,46100000;0,41
2020-03-20T00:00:00+00:00;TRXBULL/USD;1,77250000;2,30750000;1,09900000;1,45500000;-21,82
2020-03-19T00:00:00+00:00;TRXBULL/USD;1,24200000;1,99200000;1,19500000;1,77150000;29,89
2020-03-18T00:00:00+00:00;TRXBULL/USD;1,17150000;1,26100000;1,02800000;1,24200000;5,68
2020-03-17T00:00:00+00:00;TRXBULL/USD;1,02525000;1,27575000;0,98700000;1,17300000;12,6
2020-03-16T00:00:00+00:00;TRXBULL/USD;1,33450000;1,36400000;0,69725000;1,02525000;-30,16
2020-03-15T00:00:00+00:00;TRXBULL/USD;1,14450000;1,64700000;1,09950000;1,33450000;14,24
2020-03-14T00:00:00+00:00;TRXBULL/USD;1,35400000;1,47600000;1,07700000;1,14450000;-18,3
2020-03-13T00:00:00+00:00;TRXBULL/USD;1,19300000;2,16000000;0,52080000;1,35400000;11,89
2020-03-12T00:00:00+00:00;TRXBULL/USD;9,68000000;9,79750000;1,09100000;1,18850000;-714,47
2020-03-11T00:00:00+00:00;TRXBULL/USD;10,10750000;10,44750000;8,13000000;9,68000000;-4,42
2020-03-10T00:00:00+00:00;TRXBULL/USD;9,94500000;10,64000000;9,14250000;10,10750000;1,61
2020-03-09T00:00:00+00:00;TRXBULL/USD;9,23250000;10,62750000;8,04000000;9,95500000;7,26
2020-03-08T00:00:00+00:00;TRXBULL/USD;15,30500000;15,30500000;8,67500000;9,23250000;-65,77
2020-03-07T00:00:00+00:00;TRXBULL/USD;20,53500000;20,67000000;13,87000000;15,30500000;-34,17
2020-03-06T00:00:00+00:00;TRXBULL/USD;19,15000000;20,61500000;19,05500000;20,53500000;6,74
2020-03-05T00:00:00+00:00;TRXBULL/USD;18,62000000;20,60000000;18,61000000;19,15000000;2,77
2020-03-04T00:00:00+00:00;TRXBULL/USD;17,01000000;18,89500000;16,40000000;18,62000000;8,65
2020-03-03T00:00:00+00:00;TRXBULL/USD;18,25000000;18,27000000;16,02500000;17,01000000;-7,29
2020-03-02T00:00:00+00:00;TRXBULL/USD;15,02000000;18,99000000;14,92000000;18,25000000;17,7
2020-03-01T00:00:00+00:00;TRXBULL/USD;15,23000000;17,03500000;14,20000000;15,00500000;-1,5
2020-02-29T00:00:00+00:00;TRXBULL/USD;17,32000000;18,24500000;15,17000000;15,24500000;-13,61
2020-02-28T00:00:00+00:00;TRXBULL/USD;16,93500000;18,21500000;14,21000000;17,33000000;2,28
2020-02-27T00:00:00+00:00;TRXBULL/USD;15,13000000;18,52500000;13,64500000;16,93500000;10,66
2020-02-26T00:00:00+00:00;TRXBULL/USD;25,29000000;26,33000000;12,78000000;15,13000000;-67,15
2020-02-25T00:00:00+00:00;TRXBULL/USD;29,69000000;30,14000000;24,24000000;25,31000000;-17,31
2020-02-24T00:00:00+00:00;TRXBULL/USD;37,97000000;38,05000000;25,87000000;29,69000000;-27,89
2020-02-23T00:00:00+00:00;TRXBULL/USD;31,70000000;38,34000000;31,70000000;37,97000000;16,51
2020-02-22T00:00:00+00:00;TRXBULL/USD;32,49000000;33,07000000;30,09000000;31,70000000;-2,49
2020-02-21T00:00:00+00:00;TRXBULL/USD;30,75000000;34,27000000;29,85000000;32,49000000;5,36
2020-02-20T00:00:00+00:00;TRXBULL/USD;32,68000000;34,10000000;25,89000000;30,73000000;-6,35
2020-02-19T00:00:00+00:00;TRXBULL/USD;49,19000000;51,38000000;29,53000000;32,68000000;-50,52
2020-02-18T00:00:00+00:00;TRXBULL/USD;44,11000000;51,35000000;36,23000000;49,19000000;10,33
2020-02-17T00:00:00+00:00;TRXBULL/USD;47,53000000;48,96000000;33,45000000;44,10000000;-7,78
2020-02-16T00:00:00+00:00;TRXBULL/USD;60,82500000;69,30000000;34,43000000;47,64000000;-27,68
2020-02-15T00:00:00+00:00;TRXBULL/USD;90,87500000;93,05000000;53,35000000;60,82500000;-49,4
2020-02-14T00:00:00+00:00;TRXBULL/USD;69,55000000;95,45000000;67,75000000;90,87500000;23,47
2020-02-13T00:00:00+00:00;TRXBULL/USD;71,15000000;87,87500000;57,57500000;69,55000000;-2,3
2020-02-12T00:00:00+00:00;TRXBULL/USD;61,95000000;73,80000000;61,95000000;71,15000000;12,93
2020-02-11T00:00:00+00:00;TRXBULL/USD;56,90000000;63,40000000;51,35000000;61,92500000;8,11
2020-02-10T00:00:00+00:00;TRXBULL/USD;56,62500000;59,01000000;48,00000000;56,90000000;0,48
2020-02-09T00:00:00+00:00;TRXBULL/USD;55,20000000;61,85000000;51,22500000;56,67500000;2,6
2020-02-08T00:00:00+00:00;TRXBULL/USD;56,92500000;60,15000000;43,35000000;55,20000000;-3,12
2020-02-07T00:00:00+00:00;TRXBULL/USD;62,60000000;71,90000000;50,50000000;56,95000000;-9,92
2020-02-06T00:00:00+00:00;TRXBULL/USD;49,56000000;68,54000000;43,15000000;62,60000000;20,83
2020-02-05T00:00:00+00:00;TRXBULL/USD;39,83000000;49,87000000;39,83000000;49,56000000;19,63
2020-02-04T00:00:00+00:00;TRXBULL/USD;39,99000000;41,56000000;34,87000000;39,83000000;-0,4
2020-02-03T00:00:00+00:00;TRXBULL/USD;39,45000000;43,36000000;37,89000000;39,99000000;1,35
2020-02-02T00:00:00+00:00;TRXBULL/USD;39,50000000;44,48000000;36,33000000;39,45000000;-0,13
2020-02-01T00:00:00+00:00;TRXBULL/USD;37,19000000;39,79000000;35,58000000;39,50000000;5,85
2020-01-31T00:00:00+00:00;TRXBULL/USD;43,17000000;45,51000000;34,07000000;37,24000000;-15,92
2020-01-30T00:00:00+00:00;TRXBULL/USD;38,16000000;45,13000000;32,96000000;43,17000000;11,61
2020-01-29T00:00:00+00:00;TRXBULL/USD;38,42000000;45,45000000;37,16000000;38,16000000;-0,68
2020-01-28T00:00:00+00:00;TRXBULL/USD;30,63000000;40,32000000;30,63000000;38,46000000;20,36
2020-01-27T00:00:00+00:00;TRXBULL/USD;29,12000000;31,43000000;28,69000000;30,63000000;4,93
2020-01-26T00:00:00+00:00;TRXBULL/USD;25,99000000;29,32000000;25,57000000;29,12000000;10,75
2020-01-25T00:00:00+00:00;TRXBULL/USD;27,49000000;27,52000000;25,15000000;26,02000000;-5,65
2020-01-24T00:00:00+00:00;TRXBULL/USD;27,04000000;28,47000000;23,98000000;27,49000000;1,64
2020-01-23T00:00:00+00:00;TRXBULL/USD;33,76000000;33,84000000;25,02000000;27,04000000;-24,85
2020-01-22T00:00:00+00:00;TRXBULL/USD;33,45000000;34,50000000;31,78000000;33,76000000;0,92
2020-01-21T00:00:00+00:00;TRXBULL/USD;29,79000000;33,54000000;29,24000000;33,42000000;10,86
2020-01-20T00:00:00+00:00;TRXBULL/USD;30,21000000;30,65000000;27,39000000;29,79000000;-1,41
2020-01-19T00:00:00+00:00;TRXBULL/USD;36,83000000;39,49000000;26,87000000;30,23000000;-21,83
2020-01-18T00:00:00+00:00;TRXBULL/USD;36,63000000;39,89000000;34,31000000;36,85000000;0,6
2020-01-17T00:00:00+00:00;TRXBULL/USD;35,09000000;39,96000000;32,97000000;36,63000000;4,2
2020-01-16T00:00:00+00:00;TRXBULL/USD;35,16000000;35,76000000;27,91000000;34,58000000;-1,68
2020-01-15T00:00:00+00:00;TRXBULL/USD;32,50000000;40,49000000;28,70000000;35,16000000;7,57
2020-01-14T00:00:00+00:00;TRXBULL/USD;22,78000000;34,35000000;22,66000000;32,54000000;29,99
2020-01-13T00:00:00+00:00;TRXBULL/USD;24,72000000;24,87000000;22,31000000;22,78000000;-8,52
2020-01-12T00:00:00+00:00;TRXBULL/USD;22,80500000;24,88000000;22,09500000;24,72000000;7,75
2020-01-11T00:00:00+00:00;TRXBULL/USD;23,35500000;24,88500000;22,27500000;22,83000000;-2,3
2020-01-10T00:00:00+00:00;TRXBULL/USD;20,46500000;24,08000000;18,93000000;23,31500000;12,22
2020-01-09T00:00:00+00:00;TRXBULL/USD;20,68000000;21,01000000;19,39500000;20,48000000;-0,98
2020-01-08T00:00:00+00:00;TRXBULL/USD;22,33000000;23,62500000;19,68000000;20,68000000;-7,98
2020-01-07T00:00:00+00:00;TRXBULL/USD;24,12500000;24,53000000;20,93000000;22,33000000;-8,04

