DATE/TIME;SYMBOL;OPEN;HIGH;LOW;CLOSE;EVOL % CLOSE/HIGH
2022-01-05T00:00:00+00:00;DRGNBEAR/USD;0,00000552;0,00000559;0,00000492;0,00000494;-11,74
2022-01-04T00:00:00+00:00;DRGNBEAR/USD;0,00000539;0,00000569;0,00000501;0,00000552;2,36
2022-01-03T00:00:00+00:00;DRGNBEAR/USD;0,00000522;0,00000562;0,00000507;0,00000539;3,15
2022-01-02T00:00:00+00:00;DRGNBEAR/USD;0,00000549;0,00000563;0,00000498;0,00000522;-5,17
2022-01-01T00:00:00+00:00;DRGNBEAR/USD;0,00000605;0,00000609;0,00000549;0,00000549;-10,2
2021-12-31T00:00:00+00:00;DRGNBEAR/USD;0,00000577;0,00000639;0,00000540;0,00000605;4,63
2021-12-30T00:00:00+00:00;DRGNBEAR/USD;0,00000603;0,00000628;0,00000545;0,00000577;-4,51
2021-12-29T00:00:00+00:00;DRGNBEAR/USD;0,00000532;0,00000607;0,00000513;0,00000603;11,77
2021-12-28T00:00:00+00:00;DRGNBEAR/USD;0,00000417;0,00000540;0,00000417;0,00000532;21,62
2021-12-27T00:00:00+00:00;DRGNBEAR/USD;0,00000439;0,00000439;0,00000370;0,00000417;-5,28
2021-12-26T00:00:00+00:00;DRGNBEAR/USD;0,00000458;0,00000491;0,00000439;0,00000439;-4,33
2021-12-25T00:00:00+00:00;DRGNBEAR/USD;0,00000501;0,00000504;0,00000452;0,00000458;-9,39
2021-12-24T00:00:00+00:00;DRGNBEAR/USD;0,00000467;0,00000508;0,00000446;0,00000501;6,79
2021-12-23T00:00:00+00:00;DRGNBEAR/USD;0,00000605;0,00000626;0,00000458;0,00000467;-29,55
2021-12-22T00:00:00+00:00;DRGNBEAR/USD;0,00000669;0,00000675;0,00000576;0,00000605;-10,58
2021-12-21T00:00:00+00:00;DRGNBEAR/USD;0,00000762;0,00000778;0,00000669;0,00000669;-13,9
2021-12-20T00:00:00+00:00;DRGNBEAR/USD;0,00000737;0,00000856;0,00000728;0,00000762;3,28
2021-12-19T00:00:00+00:00;DRGNBEAR/USD;0,00000689;0,00000738;0,00000668;0,00000737;6,51
2021-12-18T00:00:00+00:00;DRGNBEAR/USD;0,00000755;0,00000774;0,00000668;0,00000689;-9,58
2021-12-17T00:00:00+00:00;DRGNBEAR/USD;0,00000653;0,00000786;0,00000630;0,00000755;13,51
2021-12-16T00:00:00+00:00;DRGNBEAR/USD;0,00000707;0,00000709;0,00000595;0,00000653;-8,27
2021-12-15T00:00:00+00:00;DRGNBEAR/USD;0,00000803;0,00000881;0,00000676;0,00000707;-13,58
2021-12-14T00:00:00+00:00;DRGNBEAR/USD;0,00000899;0,00000926;0,00000780;0,00000803;-11,96
2021-12-13T00:00:00+00:00;DRGNBEAR/USD;0,00000700;0,00000927;0,00000688;0,00000892;21,52
2021-12-12T00:00:00+00:00;DRGNBEAR/USD;0,00000716;0,00000767;0,00000687;0,00000700;-2,29
2021-12-11T00:00:00+00:00;DRGNBEAR/USD;0,00000822;0,00000859;0,00000710;0,00000716;-14,8
2021-12-10T00:00:00+00:00;DRGNBEAR/USD;0,00000770;0,00000826;0,00000663;0,00000822;6,33
2021-12-09T00:00:00+00:00;DRGNBEAR/USD;0,00000619;0,00000772;0,00000597;0,00000770;19,61
2021-12-08T00:00:00+00:00;DRGNBEAR/USD;0,00000647;0,00000704;0,00000605;0,00000619;-4,52
2021-12-07T00:00:00+00:00;DRGNBEAR/USD;0,00000676;0,00000692;0,00000579;0,00000647;-4,48
2021-12-06T00:00:00+00:00;DRGNBEAR/USD;0,00000752;0,00000918;0,00000672;0,00000676;-11,24
2021-12-05T00:00:00+00:00;DRGNBEAR/USD;0,00000640;0,00000972;0,00000640;0,00000752;14,89
2021-12-04T00:00:00+00:00;DRGNBEAR/USD;0,00000436;0,00000816;0,00000436;0,00000640;31,88
2021-12-03T00:00:00+00:00;DRGNBEAR/USD;0,00000431;0,00000451;0,00000372;0,00000436;1,15
2021-12-02T00:00:00+00:00;DRGNBEAR/USD;0,00000462;0,00000502;0,00000381;0,00000431;-7,19
2021-12-01T00:00:00+00:00;DRGNBEAR/USD;0,00000459;0,00000478;0,00000428;0,00000462;0,65
2021-11-30T00:00:00+00:00;DRGNBEAR/USD;0,00000439;0,00000492;0,00000426;0,00000462;4,98
2021-11-29T00:00:00+00:00;DRGNBEAR/USD;0,00000545;0,00000545;0,00000439;0,00000439;-24,15
2021-11-28T00:00:00+00:00;DRGNBEAR/USD;0,00000521;0,00000612;0,00000516;0,00000545;4,4
2021-11-27T00:00:00+00:00;DRGNBEAR/USD;0,00000551;0,00000576;0,00000494;0,00000521;-5,76
2021-11-26T00:00:00+00:00;DRGNBEAR/USD;0,00000469;0,00000565;0,00000464;0,00000551;14,88
2021-11-25T00:00:00+00:00;DRGNBEAR/USD;0,00000577;0,00000583;0,00000449;0,00000469;-23,03
2021-11-24T00:00:00+00:00;DRGNBEAR/USD;0,00000469;0,00000588;0,00000469;0,00000577;18,72
2021-11-23T00:00:00+00:00;DRGNBEAR/USD;0,00000490;0,00000518;0,00000469;0,00000469;-4,48
2021-11-22T00:00:00+00:00;DRGNBEAR/USD;0,00000436;0,00000503;0,00000430;0,00000490;11,02
2021-11-21T00:00:00+00:00;DRGNBEAR/USD;0,00000433;0,00000463;0,00000395;0,00000436;0,69
2021-11-20T00:00:00+00:00;DRGNBEAR/USD;0,00000455;0,00000489;0,00000431;0,00000433;-5,08
2021-11-19T00:00:00+00:00;DRGNBEAR/USD;0,00000579;0,00000587;0,00000417;0,00000455;-27,25
2021-11-18T00:00:00+00:00;DRGNBEAR/USD;0,00000443;0,00000605;0,00000424;0,00000579;23,49
2021-11-17T00:00:00+00:00;DRGNBEAR/USD;0,00000444;0,00000495;0,00000428;0,00000443;-0,23
2021-11-16T00:00:00+00:00;DRGNBEAR/USD;0,00000342;0,00000486;0,00000337;0,00000444;22,97
2021-11-15T00:00:00+00:00;DRGNBEAR/USD;0,00000340;0,00000344;0,00000298;0,00000342;0,58
2021-11-14T00:00:00+00:00;DRGNBEAR/USD;0,00000350;0,00000367;0,00000340;0,00000340;-2,94
2021-11-13T00:00:00+00:00;DRGNBEAR/USD;0,00000351;0,00000364;0,00000340;0,00000350;-0,29
2021-11-12T00:00:00+00:00;DRGNBEAR/USD;0,00000352;0,00000381;0,00000331;0,00000351;-0,28
2021-11-11T00:00:00+00:00;DRGNBEAR/USD;0,00000380;0,00000397;0,00000324;0,00000352;-7,95
2021-11-10T00:00:00+00:00;DRGNBEAR/USD;0,00000321;0,00000417;0,00000286;0,00000380;15,53
2021-11-09T00:00:00+00:00;DRGNBEAR/USD;0,00000331;0,00000337;0,00000283;0,00000321;-3,12
2021-11-08T00:00:00+00:00;DRGNBEAR/USD;0,00000399;0,00000419;0,00000330;0,00000331;-20,54
2021-11-07T00:00:00+00:00;DRGNBEAR/USD;0,00000384;0,00000404;0,00000373;0,00000399;3,76
2021-11-06T00:00:00+00:00;DRGNBEAR/USD;0,00000397;0,00000442;0,00000377;0,00000384;-3,39
2021-11-05T00:00:00+00:00;DRGNBEAR/USD;0,00000404;0,00000429;0,00000377;0,00000397;-1,76
2021-11-04T00:00:00+00:00;DRGNBEAR/USD;0,00000406;0,00000437;0,00000355;0,00000404;-0,5
2021-11-03T00:00:00+00:00;DRGNBEAR/USD;0,00000449;0,00000473;0,00000353;0,00000406;-10,59
2021-11-02T00:00:00+00:00;DRGNBEAR/USD;0,00000628;0,00000645;0,00000388;0,00000449;-39,87
2021-11-01T00:00:00+00:00;DRGNBEAR/USD;0,00000678;0,00000754;0,00000613;0,00000628;-7,96
2021-10-31T00:00:00+00:00;DRGNBEAR/USD;0,00000752;0,00000774;0,00000669;0,00000678;-10,91
2021-10-30T00:00:00+00:00;DRGNBEAR/USD;0,00000718;0,00000773;0,00000679;0,00000752;4,52
2021-10-29T00:00:00+00:00;DRGNBEAR/USD;0,00000862;0,00000880;0,00000692;0,00000718;-20,06
2021-10-28T00:00:00+00:00;DRGNBEAR/USD;0,00001005;0,00001017;0,00000830;0,00000862;-16,59
2021-10-27T00:00:00+00:00;DRGNBEAR/USD;0,00000724;0,00001013;0,00000712;0,00001005;27,96
2021-10-26T00:00:00+00:00;DRGNBEAR/USD;0,00000717;0,00000744;0,00000668;0,00000724;0,97
2021-10-25T00:00:00+00:00;DRGNBEAR/USD;0,00000799;0,00000811;0,00000715;0,00000717;-11,44
2021-10-24T00:00:00+00:00;DRGNBEAR/USD;0,00000742;0,00000848;0,00000724;0,00000799;7,13
2021-10-23T00:00:00+00:00;DRGNBEAR/USD;0,00000780;0,00000802;0,00000727;0,00000742;-5,12
2021-10-22T00:00:00+00:00;DRGNBEAR/USD;0,00000783;0,00000831;0,00000710;0,00000786;0,38
2021-10-21T00:00:00+00:00;DRGNBEAR/USD;0,00000764;0,00000799;0,00000560;0,00000783;2,43
2021-10-20T00:00:00+00:00;DRGNBEAR/USD;0,00000814;0,00000861;0,00000760;0,00000764;-6,54
2021-10-19T00:00:00+00:00;DRGNBEAR/USD;0,00000939;0,00000950;0,00000755;0,00000814;-15,36
2021-10-18T00:00:00+00:00;DRGNBEAR/USD;0,00001004;0,00001033;0,00000865;0,00000939;-6,92
2021-10-17T00:00:00+00:00;DRGNBEAR/USD;0,00000958;0,00001098;0,00000930;0,00001004;4,58
2021-10-16T00:00:00+00:00;DRGNBEAR/USD;0,00000950;0,00000982;0,00000911;0,00000958;0,84
2021-10-15T00:00:00+00:00;DRGNBEAR/USD;0,00000877;0,00001028;0,00000875;0,00000950;7,68
2021-10-14T00:00:00+00:00;DRGNBEAR/USD;0,00001001;0,00001003;0,00000800;0,00000877;-14,14
2021-10-13T00:00:00+00:00;DRGNBEAR/USD;0,00001424;0,00001515;0,00000897;0,00001001;-42,26
2021-10-12T00:00:00+00:00;DRGNBEAR/USD;0,00001315;0,00001547;0,00001315;0,00001424;7,65
2021-10-11T00:00:00+00:00;DRGNBEAR/USD;0,00001497;0,00001546;0,00001179;0,00001315;-13,84
2021-10-10T00:00:00+00:00;DRGNBEAR/USD;0,00001240;0,00001505;0,00001240;0,00001497;17,17
2021-10-09T00:00:00+00:00;DRGNBEAR/USD;0,00001527;0,00001552;0,00001207;0,00001240;-23,15
2021-10-08T00:00:00+00:00;DRGNBEAR/USD;0,00001552;0,00001552;0,00001430;0,00001527;-1,64
2021-10-07T00:00:00+00:00;DRGNBEAR/USD;0,00001532;0,00001666;0,00001376;0,00001552;1,29
2021-10-06T00:00:00+00:00;DRGNBEAR/USD;0,00001488;0,00001784;0,00001480;0,00001532;2,87
2021-10-05T00:00:00+00:00;DRGNBEAR/USD;0,00001655;0,00001692;0,00001475;0,00001488;-11,22
2021-10-04T00:00:00+00:00;DRGNBEAR/USD;0,00001530;0,00001765;0,00001522;0,00001655;7,55
2021-10-03T00:00:00+00:00;DRGNBEAR/USD;0,00001597;0,00001671;0,00001475;0,00001530;-4,38
2021-10-02T00:00:00+00:00;DRGNBEAR/USD;0,00001699;0,00001765;0,00001481;0,00001597;-6,39
2021-10-01T00:00:00+00:00;DRGNBEAR/USD;0,00002315;0,00002315;0,00001689;0,00001699;-36,26
2021-09-30T00:00:00+00:00;DRGNBEAR/USD;0,00003013;0,00003049;0,00002315;0,00002315;-30,15
2021-09-29T00:00:00+00:00;DRGNBEAR/USD;0,00003265;0,00003305;0,00002671;0,00003013;-8,36
2021-09-28T00:00:00+00:00;DRGNBEAR/USD;0,00002866;0,00003266;0,00002759;0,00003265;12,22
2021-09-27T00:00:00+00:00;DRGNBEAR/USD;0,00002571;0,00002870;0,00002348;0,00002866;10,29
2021-09-26T00:00:00+00:00;DRGNBEAR/USD;0,00002523;0,00003083;0,00002424;0,00002544;0,83
2021-09-25T00:00:00+00:00;DRGNBEAR/USD;0,00002410;0,00002756;0,00002368;0,00002523;4,48
2021-09-24T00:00:00+00:00;DRGNBEAR/USD;0,00001958;0,00002744;0,00001925;0,00002410;18,76
2021-09-23T00:00:00+00:00;DRGNBEAR/USD;0,00002093;0,00002243;0,00001956;0,00001958;-6,89
2021-09-22T00:00:00+00:00;DRGNBEAR/USD;0,00003486;0,00003657;0,00002093;0,00002093;-66,56
2021-09-21T00:00:00+00:00;DRGNBEAR/USD;0,00002918;0,00003632;0,00002511;0,00003486;16,29
2021-09-20T00:00:00+00:00;DRGNBEAR/USD;0,00002018;0,00003052;0,00002000;0,00002918;30,84
2021-09-19T00:00:00+00:00;DRGNBEAR/USD;0,00001832;0,00002071;0,00001828;0,00002018;9,22
2021-09-18T00:00:00+00:00;DRGNBEAR/USD;0,00001862;0,00001914;0,00001691;0,00001835;-1,47
2021-09-17T00:00:00+00:00;DRGNBEAR/USD;0,00001655;0,00001929;0,00001647;0,00001862;11,12
2021-09-16T00:00:00+00:00;DRGNBEAR/USD;0,00001468;0,00001734;0,00001457;0,00001655;11,3
2021-09-15T00:00:00+00:00;DRGNBEAR/USD;0,00001652;0,00001688;0,00001467;0,00001468;-12,53
2021-09-14T00:00:00+00:00;DRGNBEAR/USD;0,00002077;0,00002143;0,00001652;0,00001652;-25,73
2021-09-13T00:00:00+00:00;DRGNBEAR/USD;0,00001761;0,00002322;0,00001690;0,00002077;15,21
2021-09-12T00:00:00+00:00;DRGNBEAR/USD;0,00002117;0,00002317;0,00001719;0,00001761;-20,22
2021-09-11T00:00:00+00:00;DRGNBEAR/USD;0,00002228;0,00002272;0,00001952;0,00002117;-5,24
2021-09-10T00:00:00+00:00;DRGNBEAR/USD;0,00001859;0,00002363;0,00001677;0,00002228;16,56
2021-09-09T00:00:00+00:00;DRGNBEAR/USD;0,00002024;0,00002083;0,00001645;0,00001859;-8,88
2021-09-08T00:00:00+00:00;DRGNBEAR/USD;0,00002693;0,00003263;0,00001934;0,00002024;-33,05
2021-09-07T00:00:00+00:00;DRGNBEAR/USD;0,00001712;0,00003049;0,00001686;0,00002692;36,4
2021-09-06T00:00:00+00:00;DRGNBEAR/USD;0,00001644;0,00001838;0,00001568;0,00001712;3,97
2021-09-05T00:00:00+00:00;DRGNBEAR/USD;0,00002002;0,00002020;0,00001641;0,00001644;-21,78
2021-09-04T00:00:00+00:00;DRGNBEAR/USD;0,00002122;0,00002156;0,00001759;0,00002002;-5,99
2021-09-03T00:00:00+00:00;DRGNBEAR/USD;0,00002488;0,00002663;0,00002081;0,00002122;-17,25
2021-09-02T00:00:00+00:00;DRGNBEAR/USD;0,00002673;0,00002741;0,00002324;0,00002488;-7,44
2021-09-01T00:00:00+00:00;DRGNBEAR/USD;0,00003495;0,00003727;0,00002658;0,00002673;-30,75
2021-08-31T00:00:00+00:00;DRGNBEAR/USD;0,00003755;0,00003884;0,00003209;0,00003495;-7,44
2021-08-30T00:00:00+00:00;DRGNBEAR/USD;0,00003306;0,00003839;0,00003273;0,00003755;11,96
2021-08-29T00:00:00+00:00;DRGNBEAR/USD;0,00003291;0,00003526;0,00003089;0,00003306;0,45
2021-08-28T00:00:00+00:00;DRGNBEAR/USD;0,00003030;0,00003404;0,00003002;0,00003291;7,93
2021-08-27T00:00:00+00:00;DRGNBEAR/USD;0,00003971;0,00004352;0,00003026;0,00003030;-31,06
2021-08-26T00:00:00+00:00;DRGNBEAR/USD;0,00003308;0,00004072;0,00003156;0,00003971;16,7
2021-08-25T00:00:00+00:00;DRGNBEAR/USD;0,00003697;0,00004146;0,00003155;0,00003308;-11,76
2021-08-24T00:00:00+00:00;DRGNBEAR/USD;0,00003061;0,00003846;0,00002922;0,00003697;17,2
2021-08-23T00:00:00+00:00;DRGNBEAR/USD;0,00003541;0,00003604;0,00002900;0,00003061;-15,68
2021-08-22T00:00:00+00:00;DRGNBEAR/USD;0,00003660;0,00003928;0,00003253;0,00003541;-3,36
2021-08-21T00:00:00+00:00;DRGNBEAR/USD;0,00003491;0,00003796;0,00003407;0,00003660;4,62
2021-08-20T00:00:00+00:00;DRGNBEAR/USD;0,00003848;0,00003959;0,00003350;0,00003491;-10,23
2021-08-19T00:00:00+00:00;DRGNBEAR/USD;0,00004917;0,00005359;0,00003848;0,00003848;-27,78
2021-08-18T00:00:00+00:00;DRGNBEAR/USD;0,00005114;0,00005643;0,00004159;0,00004917;-4,01
2021-08-17T00:00:00+00:00;DRGNBEAR/USD;0,00004305;0,00005217;0,00003691;0,00005114;15,82
2021-08-16T00:00:00+00:00;DRGNBEAR/USD;0,00003768;0,00004409;0,00003526;0,00004305;12,47
2021-08-15T00:00:00+00:00;DRGNBEAR/USD;0,00004305;0,00004803;0,00003682;0,00003768;-14,25
2021-08-14T00:00:00+00:00;DRGNBEAR/USD;0,00004710;0,00005066;0,00004187;0,00004261;-10,54
2021-08-13T00:00:00+00:00;DRGNBEAR/USD;0,00007893;0,00008035;0,00004593;0,00004710;-67,58
2021-08-12T00:00:00+00:00;DRGNBEAR/USD;0,00007347;0,00008769;0,00006341;0,00007893;6,92
2021-08-11T00:00:00+00:00;DRGNBEAR/USD;0,00008862;0,00009057;0,00006419;0,00007347;-20,62
2021-08-10T00:00:00+00:00;DRGNBEAR/USD;0,00009135;0,00009844;0,00008485;0,00008881;-2,86
2021-08-09T00:00:00+00:00;DRGNBEAR/USD;0,00010360;0,00011120;0,00008736;0,00009135;-13,41
2021-08-08T00:00:00+00:00;DRGNBEAR/USD;0,00009205;0,00010860;0,00008455;0,00010360;11,15
2021-08-07T00:00:00+00:00;DRGNBEAR/USD;0,00011650;0,00011855;0,00008442;0,00009205;-26,56
2021-08-06T00:00:00+00:00;DRGNBEAR/USD;0,00013830;0,00014030;0,00011430;0,00011650;-18,71
2021-08-05T00:00:00+00:00;DRGNBEAR/USD;0,00014945;0,00016475;0,00013645;0,00013830;-8,06
2021-08-04T00:00:00+00:00;DRGNBEAR/USD;0,00016775;0,00017625;0,00014445;0,00014945;-12,24
2021-08-03T00:00:00+00:00;DRGNBEAR/USD;0,00016060;0,00018215;0,00015770;0,00016775;4,26
2021-08-02T00:00:00+00:00;DRGNBEAR/USD;0,00016710;0,00017775;0,00015275;0,00016060;-4,05
2021-08-01T00:00:00+00:00;DRGNBEAR/USD;0,00014845;0,00016975;0,00013500;0,00016710;11,16
2021-07-31T00:00:00+00:00;DRGNBEAR/USD;0,00016805;0,00017295;0,00014335;0,00014845;-13,2
2021-07-30T00:00:00+00:00;DRGNBEAR/USD;0,00020260;0,00021620;0,00016790;0,00016805;-20,56
2021-07-29T00:00:00+00:00;DRGNBEAR/USD;0,00021925;0,00022975;0,00019875;0,00020260;-8,22
2021-07-28T00:00:00+00:00;DRGNBEAR/USD;0,00021465;0,00023125;0,00020505;0,00021925;2,1
2021-07-27T00:00:00+00:00;DRGNBEAR/USD;0,00025810;0,00028420;0,00020580;0,00021465;-20,24
2021-07-26T00:00:00+00:00;DRGNBEAR/USD;0,00031580;0,00032400;0,00019965;0,00025810;-22,36
2021-07-25T00:00:00+00:00;DRGNBEAR/USD;0,00033060;0,00036430;0,00031580;0,00031580;-4,69
2021-07-24T00:00:00+00:00;DRGNBEAR/USD;0,00037050;0,00037800;0,00031540;0,00032870;-12,72
2021-07-23T00:00:00+00:00;DRGNBEAR/USD;0,00041970;0,00045070;0,00036820;0,00037050;-13,28
2021-07-22T00:00:00+00:00;DRGNBEAR/USD;0,00046140;0,00047840;0,00040830;0,00041970;-9,94
2021-07-21T00:00:00+00:00;DRGNBEAR/USD;0,00064425;0,00068425;0,00041440;0,00046140;-39,63
2021-07-20T00:00:00+00:00;DRGNBEAR/USD;0,00055680;0,00069675;0,00053550;0,00064425;13,57
2021-07-19T00:00:00+00:00;DRGNBEAR/USD;0,00046170;0,00055990;0,00045660;0,00055680;17,08
2021-07-18T00:00:00+00:00;DRGNBEAR/USD;0,00048890;0,00049960;0,00043660;0,00046170;-5,89
2021-07-17T00:00:00+00:00;DRGNBEAR/USD;0,00050310;0,00052810;0,00047480;0,00048890;-2,9
2021-07-16T00:00:00+00:00;DRGNBEAR/USD;0,00044220;0,00050420;0,00041440;0,00050310;12,1
2021-07-15T00:00:00+00:00;DRGNBEAR/USD;0,00038490;0,00045650;0,00037190;0,00044220;12,96
2021-07-14T00:00:00+00:00;DRGNBEAR/USD;0,00038880;0,00045210;0,00037710;0,00038490;-1,01
2021-07-13T00:00:00+00:00;DRGNBEAR/USD;0,00036030;0,00040100;0,00035850;0,00038880;7,33
2021-07-12T00:00:00+00:00;DRGNBEAR/USD;0,00033140;0,00037570;0,00031710;0,00036030;8,02
2021-07-11T00:00:00+00:00;DRGNBEAR/USD;0,00035660;0,00037040;0,00032020;0,00033140;-7,6
2021-07-10T00:00:00+00:00;DRGNBEAR/USD;0,00035020;0,00037520;0,00033190;0,00035660;1,79
2021-07-09T00:00:00+00:00;DRGNBEAR/USD;0,00036430;0,00041810;0,00033800;0,00035020;-4,03
2021-07-08T00:00:00+00:00;DRGNBEAR/USD;0,00029590;0,00037950;0,00029590;0,00036830;19,66
2021-07-07T00:00:00+00:00;DRGNBEAR/USD;0,00028890;0,00029940;0,00027300;0,00029590;2,37
2021-07-06T00:00:00+00:00;DRGNBEAR/USD;0,00031150;0,00031150;0,00027390;0,00028890;-7,82
2021-07-05T00:00:00+00:00;DRGNBEAR/USD;0,00026620;0,00032380;0,00026620;0,00031150;14,54
2021-07-04T00:00:00+00:00;DRGNBEAR/USD;0,00028320;0,00030420;0,00025380;0,00026620;-6,39
2021-07-03T00:00:00+00:00;DRGNBEAR/USD;0,00029560;0,00032050;0,00027290;0,00028320;-4,38
2021-07-02T00:00:00+00:00;DRGNBEAR/USD;0,00033350;0,00036080;0,00029270;0,00029560;-12,82
2021-07-01T00:00:00+00:00;DRGNBEAR/USD;0,00027830;0,00034680;0,00027700;0,00033130;16,0
2021-06-30T00:00:00+00:00;DRGNBEAR/USD;0,00029500;0,00035150;0,00026200;0,00027830;-6,0
2021-06-29T00:00:00+00:00;DRGNBEAR/USD;0,00040530;0,00040530;0,00026060;0,00029500;-37,39
2021-06-28T00:00:00+00:00;DRGNBEAR/USD;0,00044900;0,00045940;0,00038450;0,00040530;-10,78
2021-06-27T00:00:00+00:00;DRGNBEAR/USD;0,00052300;0,00055850;0,00044330;0,00044900;-16,48
2021-06-26T00:00:00+00:00;DRGNBEAR/USD;0,00055400;0,00062475;0,00048850;0,00052300;-5,93
2021-06-25T00:00:00+00:00;DRGNBEAR/USD;0,00043390;0,00056990;0,00040530;0,00055400;21,68
2021-06-24T00:00:00+00:00;DRGNBEAR/USD;0,00054850;0,00058280;0,00041860;0,00043390;-26,41
2021-06-23T00:00:00+00:00;DRGNBEAR/USD;0,00075700;0,00085825;0,00047450;0,00054850;-38,01
2021-06-22T00:00:00+00:00;DRGNBEAR/USD;0,00074475;0,00097875;0,00057450;0,00075700;1,62
2021-06-21T00:00:00+00:00;DRGNBEAR/USD;0,00043720;0,00075120;0,00043240;0,00074475;41,3
2021-06-20T00:00:00+00:00;DRGNBEAR/USD;0,00044620;0,00055650;0,00042330;0,00043720;-2,06
2021-06-19T00:00:00+00:00;DRGNBEAR/USD;0,00041470;0,00044620;0,00039310;0,00044620;7,06
2021-06-18T00:00:00+00:00;DRGNBEAR/USD;0,00034580;0,00044110;0,00034580;0,00041580;16,84
2021-06-17T00:00:00+00:00;DRGNBEAR/USD;0,00034910;0,00036580;0,00031110;0,00034580;-0,95
2021-06-16T00:00:00+00:00;DRGNBEAR/USD;0,00030880;0,00035890;0,00030270;0,00034910;11,54
2021-06-15T00:00:00+00:00;DRGNBEAR/USD;0,00030750;0,00032300;0,00028920;0,00030880;0,42
2021-06-14T00:00:00+00:00;DRGNBEAR/USD;0,00032350;0,00034490;0,00029700;0,00030750;-5,2
2021-06-13T00:00:00+00:00;DRGNBEAR/USD;0,00038960;0,00043940;0,00031250;0,00032350;-20,43
2021-06-12T00:00:00+00:00;DRGNBEAR/USD;0,00038580;0,00045990;0,00037860;0,00038960;0,98
2021-06-11T00:00:00+00:00;DRGNBEAR/USD;0,00032260;0,00039390;0,00030790;0,00038580;16,38
2021-06-10T00:00:00+00:00;DRGNBEAR/USD;0,00029710;0,00034150;0,00026870;0,00032260;7,9
2021-06-09T00:00:00+00:00;DRGNBEAR/USD;0,00035590;0,00041420;0,00029710;0,00029710;-19,79
2021-06-08T00:00:00+00:00;DRGNBEAR/USD;0,00034220;0,00045620;0,00031360;0,00035590;3,85
2021-06-07T00:00:00+00:00;DRGNBEAR/USD;0,00026650;0,00034610;0,00023470;0,00034220;22,12
2021-06-06T00:00:00+00:00;DRGNBEAR/USD;0,00030060;0,00030550;0,00025150;0,00026650;-12,8
2021-06-05T00:00:00+00:00;DRGNBEAR/USD;0,00029740;0,00031850;0,00023790;0,00030060;1,06
2021-06-04T00:00:00+00:00;DRGNBEAR/USD;0,00023285;0,00032975;0,00021575;0,00029740;21,7
2021-06-03T00:00:00+00:00;DRGNBEAR/USD;0,00029750;0,00030580;0,00022660;0,00023285;-27,76
2021-06-02T00:00:00+00:00;DRGNBEAR/USD;0,00036420;0,00038790;0,00028510;0,00029750;-22,42
2021-06-01T00:00:00+00:00;DRGNBEAR/USD;0,00033300;0,00038510;0,00031550;0,00036420;8,57
2021-05-31T00:00:00+00:00;DRGNBEAR/USD;0,00047240;0,00053540;0,00033120;0,00033300;-41,86
2021-05-30T00:00:00+00:00;DRGNBEAR/USD;0,00060350;0,00068175;0,00043050;0,00047240;-27,75
2021-05-29T00:00:00+00:00;DRGNBEAR/USD;0,00049250;0,00066250;0,00045020;0,00060350;18,39
2021-05-28T00:00:00+00:00;DRGNBEAR/USD;0,00035420;0,00053850;0,00033960;0,00049250;28,08
2021-05-27T00:00:00+00:00;DRGNBEAR/USD;0,00034100;0,00042370;0,00031820;0,00035420;3,73
2021-05-26T00:00:00+00:00;DRGNBEAR/USD;0,00052770;0,00053520;0,00031870;0,00034100;-54,75
2021-05-25T00:00:00+00:00;DRGNBEAR/USD;0,00057525;0,00060990;0,00045000;0,00052770;-9,01
2021-05-24T00:00:00+00:00;DRGNBEAR/USD;0,00123700;0,00135000;0,00056675;0,00057525;-115,04
2021-05-23T00:00:00+00:00;DRGNBEAR/USD;0,00100100;0,00164925;0,00086250;0,00123700;19,08
2021-05-22T00:00:00+00:00;DRGNBEAR/USD;0,00084375;0,00109750;0,00077450;0,00100100;15,71
2021-05-21T00:00:00+00:00;DRGNBEAR/USD;0,00059150;0,00097950;0,00051550;0,00084375;29,9
2021-05-20T00:00:00+00:00;DRGNBEAR/USD;0,00107750;0,00147450;0,00049850;0,00059150;-82,16
2021-05-19T00:00:00+00:00;DRGNBEAR/USD;0,00053000;0,00128700;0,00052575;0,00107750;50,81
2021-05-18T00:00:00+00:00;DRGNBEAR/USD;0,00059900;0,00060725;0,00048500;0,00053000;-13,02
2021-05-17T00:00:00+00:00;DRGNBEAR/USD;0,00049530;0,00067010;0,00049440;0,00059900;17,31
2021-05-16T00:00:00+00:00;DRGNBEAR/USD;0,00051910;0,00056490;0,00038000;0,00049530;-4,81
2021-05-15T00:00:00+00:00;DRGNBEAR/USD;0,00042260;0,00053220;0,00042260;0,00051910;18,59
2021-05-14T00:00:00+00:00;DRGNBEAR/USD;0,00048910;0,00050690;0,00040210;0,00042260;-15,74
2021-05-13T00:00:00+00:00;DRGNBEAR/USD;0,00061875;0,00072275;0,00044000;0,00048910;-26,51
2021-05-12T00:00:00+00:00;DRGNBEAR/USD;0,00041780;0,00062100;0,00040310;0,00061875;32,48
2021-05-11T00:00:00+00:00;DRGNBEAR/USD;0,00052200;0,00058480;0,00041780;0,00041780;-24,94
2021-05-10T00:00:00+00:00;DRGNBEAR/USD;0,00038220;0,00054750;0,00037310;0,00052200;26,78
2021-05-09T00:00:00+00:00;DRGNBEAR/USD;0,00039520;0,00045810;0,00036710;0,00038220;-3,4
2021-05-08T00:00:00+00:00;DRGNBEAR/USD;0,00038580;0,00043140;0,00036420;0,00039520;2,38
2021-05-07T00:00:00+00:00;DRGNBEAR/USD;0,00043760;0,00043760;0,00028850;0,00038580;-13,43
2021-05-06T00:00:00+00:00;DRGNBEAR/USD;0,00057475;0,00061775;0,00041440;0,00043760;-31,34
2021-05-05T00:00:00+00:00;DRGNBEAR/USD;0,00090450;0,00091600;0,00057475;0,00057475;-57,37
2021-05-04T00:00:00+00:00;DRGNBEAR/USD;0,00067150;0,00092425;0,00067150;0,00090450;25,76
2021-05-03T00:00:00+00:00;DRGNBEAR/USD;0,00071350;0,00072650;0,00059950;0,00067150;-6,25
2021-05-02T00:00:00+00:00;DRGNBEAR/USD;0,00076150;0,00083000;0,00066550;0,00071350;-6,73
2021-05-01T00:00:00+00:00;DRGNBEAR/USD;0,00074850;0,00084800;0,00074375;0,00076150;1,71
2021-04-30T00:00:00+00:00;DRGNBEAR/USD;0,00102000;0,00107300;0,00074450;0,00074850;-36,27
2021-04-29T00:00:00+00:00;DRGNBEAR/USD;0,00096875;0,00112800;0,00094850;0,00102000;5,02
2021-04-28T00:00:00+00:00;DRGNBEAR/USD;0,00085875;0,00108425;0,00081925;0,00096875;11,35
2021-04-27T00:00:00+00:00;DRGNBEAR/USD;0,00116900;0,00121250;0,00078525;0,00085875;-36,13
2021-04-26T00:00:00+00:00;DRGNBEAR/USD;0,00195850;0,00202000;0,00116900;0,00116900;-67,54
2021-04-25T00:00:00+00:00;DRGNBEAR/USD;0,00192600;0,00219600;0,00152600;0,00195850;1,66
2021-04-24T00:00:00+00:00;DRGNBEAR/USD;0,00152950;0,00194200;0,00144750;0,00192600;20,59
2021-04-23T00:00:00+00:00;DRGNBEAR/USD;0,00149650;0,00249750;0,00146900;0,00152950;2,16
2021-04-22T00:00:00+00:00;DRGNBEAR/USD;0,00108600;0,00157300;0,00098650;0,00149650;27,43
2021-04-21T00:00:00+00:00;DRGNBEAR/USD;0,00086825;0,00109500;0,00084050;0,00108600;20,05
2021-04-20T00:00:00+00:00;DRGNBEAR/USD;0,00092075;0,00119075;0,00077100;0,00086825;-6,05
2021-04-19T00:00:00+00:00;DRGNBEAR/USD;0,00078225;0,00097850;0,00066075;0,00092075;15,04
2021-04-18T00:00:00+00:00;DRGNBEAR/USD;0,00091400;0,00140300;0,00078225;0,00078225;-16,84
2021-04-17T00:00:00+00:00;DRGNBEAR/USD;0,00096925;0,00097775;0,00077075;0,00091400;-6,04
2021-04-16T00:00:00+00:00;DRGNBEAR/USD;0,00140950;0,00180200;0,00094450;0,00096925;-45,42
2021-04-15T00:00:00+00:00;DRGNBEAR/USD;0,00180900;0,00183650;0,00138450;0,00140950;-28,34
2021-04-14T00:00:00+00:00;DRGNBEAR/USD;0,00215150;0,00215150;0,00155150;0,00180900;-18,93
2021-04-13T00:00:00+00:00;DRGNBEAR/USD;0,00278800;0,00294100;0,00212900;0,00215150;-29,58
2021-04-12T00:00:00+00:00;DRGNBEAR/USD;0,00258800;0,00289200;0,00250700;0,00278800;7,17
2021-04-11T00:00:00+00:00;DRGNBEAR/USD;0,00248000;0,00282700;0,00248000;0,00258800;4,17
2021-04-10T00:00:00+00:00;DRGNBEAR/USD;0,00286000;0,00288500;0,00234000;0,00248000;-15,32
2021-04-09T00:00:00+00:00;DRGNBEAR/USD;0,00305000;0,00316100;0,00270500;0,00286000;-6,64
2021-04-08T00:00:00+00:00;DRGNBEAR/USD;0,00399200;0,00411900;0,00305000;0,00305000;-30,89
2021-04-07T00:00:00+00:00;DRGNBEAR/USD;0,00334100;0,00462200;0,00305000;0,00399200;16,31
2021-04-06T00:00:00+00:00;DRGNBEAR/USD;0,00364600;0,00408300;0,00316000;0,00333900;-9,19
2021-04-05T00:00:00+00:00;DRGNBEAR/USD;0,00465600;0,00479000;0,00335900;0,00364600;-27,7
2021-04-04T00:00:00+00:00;DRGNBEAR/USD;0,00681500;0,00701750;0,00461900;0,00465600;-46,37
2021-04-03T00:00:00+00:00;DRGNBEAR/USD;0,00580750;0,00685000;0,00538750;0,00681500;14,78
2021-04-02T00:00:00+00:00;DRGNBEAR/USD;0,00613750;0,00637250;0,00572000;0,00580750;-5,68
2021-04-01T00:00:00+00:00;DRGNBEAR/USD;0,00608000;0,00647500;0,00540500;0,00613750;0,94
2021-03-31T00:00:00+00:00;DRGNBEAR/USD;0,00730000;0,00857500;0,00603250;0,00608000;-20,07
2021-03-30T00:00:00+00:00;DRGNBEAR/USD;0,00720500;0,00747500;0,00677000;0,00730000;1,3
2021-03-29T00:00:00+00:00;DRGNBEAR/USD;0,00912250;0,00964000;0,00712750;0,00720500;-26,61
2021-03-28T00:00:00+00:00;DRGNBEAR/USD;0,00904750;0,00984000;0,00836000;0,00912250;0,82
2021-03-27T00:00:00+00:00;DRGNBEAR/USD;0,00902750;0,00973250;0,00798500;0,00904750;0,22
2021-03-26T00:00:00+00:00;DRGNBEAR/USD;0,01430000;0,01434000;0,00902750;0,00902750;-58,4
2021-03-25T00:00:00+00:00;DRGNBEAR/USD;0,01359500;0,01613000;0,01255500;0,01430000;4,93
2021-03-24T00:00:00+00:00;DRGNBEAR/USD;0,01341000;0,01461000;0,00977000;0,01359500;1,36
2021-03-23T00:00:00+00:00;DRGNBEAR/USD;0,01300500;0,01562000;0,01207500;0,01341000;3,02
2021-03-22T00:00:00+00:00;DRGNBEAR/USD;0,01158000;0,01357000;0,01027500;0,01300500;10,96
2021-03-21T00:00:00+00:00;DRGNBEAR/USD;0,01074500;0,01259500;0,01069500;0,01158000;7,21
2021-03-20T00:00:00+00:00;DRGNBEAR/USD;0,01408000;0,01425500;0,01065000;0,01074500;-31,04
2021-03-19T00:00:00+00:00;DRGNBEAR/USD;0,01591000;0,01714500;0,01321500;0,01408000;-13,0
2021-03-18T00:00:00+00:00;DRGNBEAR/USD;0,01628000;0,01632500;0,01438500;0,01591000;-2,33
2021-03-17T00:00:00+00:00;DRGNBEAR/USD;0,01700000;0,01909500;0,01623000;0,01628000;-4,42
2021-03-16T00:00:00+00:00;DRGNBEAR/USD;0,01699500;0,01914500;0,01567500;0,01700000;0,03
2021-03-15T00:00:00+00:00;DRGNBEAR/USD;0,02024000;0,02257500;0,01537500;0,01699500;-19,09
2021-03-14T00:00:00+00:00;DRGNBEAR/USD;0,01828000;0,02081500;0,01742000;0,02024000;9,68
2021-03-13T00:00:00+00:00;DRGNBEAR/USD;0,02282500;0,02558500;0,01660500;0,01828000;-24,86
2021-03-12T00:00:00+00:00;DRGNBEAR/USD;0,02081000;0,02420500;0,02007000;0,02282500;8,83
2021-03-11T00:00:00+00:00;DRGNBEAR/USD;0,02279000;0,02500500;0,01998000;0,02081000;-9,51
2021-03-10T00:00:00+00:00;DRGNBEAR/USD;0,02310000;0,02695000;0,02095500;0,02279000;-1,36
2021-03-09T00:00:00+00:00;DRGNBEAR/USD;0,02536000;0,02591000;0,02247500;0,02310000;-9,78
2021-03-08T00:00:00+00:00;DRGNBEAR/USD;0,03107000;0,03268000;0,02507000;0,02536000;-22,52
2021-03-07T00:00:00+00:00;DRGNBEAR/USD;0,03499000;0,03521000;0,03050000;0,03107000;-12,62
2021-03-06T00:00:00+00:00;DRGNBEAR/USD;0,03367000;0,03987000;0,03310000;0,03499000;3,77
2021-03-05T00:00:00+00:00;DRGNBEAR/USD;0,03725000;0,04554000;0,03272000;0,03367000;-10,63
2021-03-04T00:00:00+00:00;DRGNBEAR/USD;0,03938000;0,04348000;0,03308000;0,03725000;-5,72
2021-03-03T00:00:00+00:00;DRGNBEAR/USD;0,05590000;0,05757500;0,03867000;0,03938000;-41,95
2021-03-02T00:00:00+00:00;DRGNBEAR/USD;0,05375000;0,06270000;0,04860000;0,05590000;3,85
2021-03-01T00:00:00+00:00;DRGNBEAR/USD;0,07560000;0,07690000;0,05282500;0,05375000;-40,65
2021-02-28T00:00:00+00:00;DRGNBEAR/USD;0,06407500;0,09100000;0,06332500;0,07560000;15,24
2021-02-27T00:00:00+00:00;DRGNBEAR/USD;0,07175000;0,07245000;0,05662500;0,06407500;-11,98
2021-02-26T00:00:00+00:00;DRGNBEAR/USD;0,06717500;0,08270000;0,05855000;0,07175000;6,38
2021-02-25T00:00:00+00:00;DRGNBEAR/USD;0,05300000;0,06785000;0,04852000;0,06717500;21,1
2021-02-24T00:00:00+00:00;DRGNBEAR/USD;0,05765000;0,06692500;0,04264000;0,05300000;-8,77
2021-02-23T00:00:00+00:00;DRGNBEAR/USD;0,03933000;0,07905000;0,03884000;0,05765000;31,78
2021-02-22T00:00:00+00:00;DRGNBEAR/USD;0,03336000;0,05288000;0,02918000;0,03933000;15,18
2021-02-21T00:00:00+00:00;DRGNBEAR/USD;0,05179000;0,05410000;0,03300000;0,03336000;-55,25
2021-02-20T00:00:00+00:00;DRGNBEAR/USD;0,04530000;0,05691000;0,03927000;0,05179000;12,53
2021-02-19T00:00:00+00:00;DRGNBEAR/USD;0,04987000;0,05471000;0,04242000;0,04530000;-10,09
2021-02-18T00:00:00+00:00;DRGNBEAR/USD;0,06217500;0,06297500;0,04960000;0,04987000;-24,67
2021-02-17T00:00:00+00:00;DRGNBEAR/USD;0,08175000;0,09465000;0,05680000;0,06217500;-31,48
2021-02-16T00:00:00+00:00;DRGNBEAR/USD;0,07807500;0,08730000;0,06627500;0,08175000;4,5
2021-02-15T00:00:00+00:00;DRGNBEAR/USD;0,06967500;0,10345000;0,06127500;0,07807500;10,76
2021-02-14T00:00:00+00:00;DRGNBEAR/USD;0,05945000;0,07635000;0,05650000;0,06967500;14,68
2021-02-13T00:00:00+00:00;DRGNBEAR/USD;0,07475000;0,08140000;0,05765000;0,05945000;-25,74
2021-02-12T00:00:00+00:00;DRGNBEAR/USD;0,11195000;0,12315000;0,07065000;0,07475000;-49,77
2021-02-11T00:00:00+00:00;DRGNBEAR/USD;0,17445000;0,18490000;0,11045000;0,11195000;-55,83
2021-02-10T00:00:00+00:00;DRGNBEAR/USD;0,23025000;0,24560000;0,16660000;0,17445000;-31,99
2021-02-09T00:00:00+00:00;DRGNBEAR/USD;0,33090000;0,34240000;0,22160000;0,23025000;-43,71
2021-02-08T00:00:00+00:00;DRGNBEAR/USD;0,44870000;0,46780000;0,32950000;0,33090000;-35,6
2021-02-07T00:00:00+00:00;DRGNBEAR/USD;0,41950000;0,51910000;0,39980000;0,44870000;6,51
2021-02-06T00:00:00+00:00;DRGNBEAR/USD;0,40860000;0,47360000;0,38390000;0,41950000;2,6
2021-02-05T00:00:00+00:00;DRGNBEAR/USD;0,57425000;0,58050000;0,40570000;0,40860000;-40,54
2021-02-04T00:00:00+00:00;DRGNBEAR/USD;0,52390000;0,62710000;0,51770000;0,57425000;8,77
2021-02-03T00:00:00+00:00;DRGNBEAR/USD;0,58325000;0,59300000;0,50900000;0,52390000;-11,33
2021-02-02T00:00:00+00:00;DRGNBEAR/USD;0,61775000;0,63350000;0,56425000;0,58325000;-5,92
2021-02-01T00:00:00+00:00;DRGNBEAR/USD;0,78725000;0,83900000;0,61600000;0,61775000;-27,44
2021-01-31T00:00:00+00:00;DRGNBEAR/USD;0,72100000;0,83125000;0,70525000;0,78725000;8,42
2021-01-30T00:00:00+00:00;DRGNBEAR/USD;0,66400000;0,74875000;0,64500000;0,72100000;7,91
2021-01-29T00:00:00+00:00;DRGNBEAR/USD;0,78000000;0,80525000;0,58375000;0,66400000;-17,47
2021-01-28T00:00:00+00:00;DRGNBEAR/USD;0,96475000;1,00325000;0,74250000;0,78000000;-23,69
2021-01-27T00:00:00+00:00;DRGNBEAR/USD;0,76350000;1,00550000;0,75550000;0,96475000;20,86
2021-01-26T00:00:00+00:00;DRGNBEAR/USD;0,78900000;0,88250000;0,74875000;0,76350000;-3,34
2021-01-25T00:00:00+00:00;DRGNBEAR/USD;0,69675000;0,79950000;0,63900000;0,78900000;11,69
2021-01-24T00:00:00+00:00;DRGNBEAR/USD;0,72325000;0,75350000;0,62050000;0,69675000;-3,8
2021-01-23T00:00:00+00:00;DRGNBEAR/USD;0,85300000;0,92725000;0,70300000;0,72325000;-17,94
2021-01-22T00:00:00+00:00;DRGNBEAR/USD;1,13500000;1,39700000;0,80300000;0,85300000;-33,06
2021-01-21T00:00:00+00:00;DRGNBEAR/USD;0,79625000;1,15225000;0,76625000;1,13500000;29,85
2021-01-20T00:00:00+00:00;DRGNBEAR/USD;0,94225000;1,06625000;0,78050000;0,79625000;-18,34
2021-01-19T00:00:00+00:00;DRGNBEAR/USD;0,82025000;0,95875000;0,77875000;0,94225000;12,95
2021-01-18T00:00:00+00:00;DRGNBEAR/USD;1,03450000;1,12425000;0,82025000;0,82025000;-26,12
2021-01-17T00:00:00+00:00;DRGNBEAR/USD;1,03625000;1,32550000;0,95650000;1,03450000;-0,17
2021-01-16T00:00:00+00:00;DRGNBEAR/USD;1,00625000;1,11750000;0,84600000;1,03625000;2,9
2021-01-15T00:00:00+00:00;DRGNBEAR/USD;1,50750000;1,55900000;0,96925000;1,00625000;-49,81
2021-01-14T00:00:00+00:00;DRGNBEAR/USD;1,62450000;1,80450000;1,42500000;1,50750000;-7,76
2021-01-13T00:00:00+00:00;DRGNBEAR/USD;2,25100000;2,44050000;1,60400000;1,62450000;-38,57
2021-01-12T00:00:00+00:00;DRGNBEAR/USD;2,04300000;2,40550000;1,73450000;2,25100000;9,24
2021-01-11T00:00:00+00:00;DRGNBEAR/USD;1,56950000;2,53300000;1,56050000;2,04300000;23,18
2021-01-10T00:00:00+00:00;DRGNBEAR/USD;1,45550000;1,91100000;1,22250000;1,56950000;7,26
2021-01-09T00:00:00+00:00;DRGNBEAR/USD;2,11600000;2,29750000;1,39350000;1,45550000;-45,38
2021-01-08T00:00:00+00:00;DRGNBEAR/USD;2,02350000;2,64550000;1,93650000;2,11600000;4,37
2021-01-07T00:00:00+00:00;DRGNBEAR/USD;1,94450000;2,23200000;1,64650000;2,02350000;3,9
2021-01-06T00:00:00+00:00;DRGNBEAR/USD;2,64200000;2,68300000;1,91750000;1,94450000;-35,87
2021-01-05T00:00:00+00:00;DRGNBEAR/USD;3,12900000;3,49900000;2,59100000;2,64200000;-18,43
2021-01-04T00:00:00+00:00;DRGNBEAR/USD;2,96400000;3,76000000;2,51200000;3,12900000;5,27
2021-01-03T00:00:00+00:00;DRGNBEAR/USD;4,43800000;4,63700000;2,82200000;2,96400000;-49,73
2021-01-02T00:00:00+00:00;DRGNBEAR/USD;4,45800000;4,78300000;4,19700000;4,43800000;-0,45
2021-01-01T00:00:00+00:00;DRGNBEAR/USD;4,55800000;4,68700000;4,03500000;4,45800000;-2,24
2020-12-31T00:00:00+00:00;DRGNBEAR/USD;3,97500000;4,71200000;3,95900000;4,55800000;12,79
2020-12-30T00:00:00+00:00;DRGNBEAR/USD;3,62500000;4,14600000;3,55500000;3,97500000;8,81
2020-12-29T00:00:00+00:00;DRGNBEAR/USD;3,91600000;4,66700000;3,55800000;3,61800000;-8,24
2020-12-28T00:00:00+00:00;DRGNBEAR/USD;5,15500000;5,31100000;3,88500000;3,91600000;-31,64
2020-12-27T00:00:00+00:00;DRGNBEAR/USD;5,80250000;5,93750000;4,57100000;5,15500000;-12,56
2020-12-26T00:00:00+00:00;DRGNBEAR/USD;5,95500000;6,74750000;5,32000000;5,80250000;-2,63
2020-12-25T00:00:00+00:00;DRGNBEAR/USD;5,82250000;6,36000000;5,34000000;5,95500000;2,23
2020-12-24T00:00:00+00:00;DRGNBEAR/USD;8,34250000;8,84750000;5,72250000;5,82250000;-43,28
2020-12-23T00:00:00+00:00;DRGNBEAR/USD;5,66250000;9,48750000;5,59500000;8,34250000;32,12
2020-12-22T00:00:00+00:00;DRGNBEAR/USD;5,51500000;6,39500000;5,41250000;5,66250000;2,6
2020-12-21T00:00:00+00:00;DRGNBEAR/USD;4,61800000;5,76500000;4,43500000;5,51500000;16,26
2020-12-20T00:00:00+00:00;DRGNBEAR/USD;4,41000000;4,86000000;4,15400000;4,61800000;4,5
2020-12-19T00:00:00+00:00;DRGNBEAR/USD;4,57100000;4,65000000;4,15400000;4,41000000;-3,65
2020-12-18T00:00:00+00:00;DRGNBEAR/USD;4,85000000;4,86400000;4,48800000;4,57100000;-6,1
2020-12-17T00:00:00+00:00;DRGNBEAR/USD;4,61600000;4,85000000;4,36100000;4,85000000;4,82
2020-12-16T00:00:00+00:00;DRGNBEAR/USD;5,42700000;5,60250000;4,60900000;4,61600000;-17,57
2020-12-15T00:00:00+00:00;DRGNBEAR/USD;5,29900000;5,73600000;5,23200000;5,42700000;2,36
2020-12-14T00:00:00+00:00;DRGNBEAR/USD;5,73500000;5,92000000;5,26000000;5,29900000;-8,23
2020-12-13T00:00:00+00:00;DRGNBEAR/USD;5,92000000;5,95750000;5,35000000;5,73500000;-3,23
2020-12-12T00:00:00+00:00;DRGNBEAR/USD;6,79500000;6,82000000;5,83750000;5,92000000;-14,78
2020-12-11T00:00:00+00:00;DRGNBEAR/USD;6,14500000;7,26500000;5,98250000;6,79500000;9,57
2020-12-10T00:00:00+00:00;DRGNBEAR/USD;5,61250000;6,41500000;5,55500000;6,14500000;8,67
2020-12-09T00:00:00+00:00;DRGNBEAR/USD;6,00250000;7,02750000;5,48500000;5,61250000;-6,95
2020-12-08T00:00:00+00:00;DRGNBEAR/USD;5,08400000;6,27500000;5,00300000;6,00250000;15,3
2020-12-07T00:00:00+00:00;DRGNBEAR/USD;5,05800000;5,24500000;4,83200000;5,08400000;0,51
2020-12-06T00:00:00+00:00;DRGNBEAR/USD;4,89700000;5,32300000;4,79300000;5,05800000;3,18
2020-12-05T00:00:00+00:00;DRGNBEAR/USD;5,86500000;6,07250000;4,85100000;4,89700000;-19,77
2020-12-04T00:00:00+00:00;DRGNBEAR/USD;4,78100000;5,98700000;4,66600000;5,86500000;18,48
2020-12-03T00:00:00+00:00;DRGNBEAR/USD;5,20100000;5,37300000;4,74200000;4,78100000;-8,78
2020-12-02T00:00:00+00:00;DRGNBEAR/USD;6,41750000;6,66750000;5,08250000;5,20100000;-23,39
2020-12-01T00:00:00+00:00;DRGNBEAR/USD;5,28700000;6,71750000;4,81600000;6,41750000;17,62
2020-11-30T00:00:00+00:00;DRGNBEAR/USD;5,92250000;6,44750000;5,00000000;5,28700000;-12,02
2020-11-29T00:00:00+00:00;DRGNBEAR/USD;6,51250000;6,97000000;5,72750000;5,92250000;-9,96
2020-11-28T00:00:00+00:00;DRGNBEAR/USD;7,43750000;7,92250000;5,80000000;6,51250000;-14,2
2020-11-27T00:00:00+00:00;DRGNBEAR/USD;7,78750000;7,92250000;6,87250000;7,43750000;-4,71
2020-11-26T00:00:00+00:00;DRGNBEAR/USD;5,19400000;7,99250000;4,84900000;7,78750000;33,3
2020-11-25T00:00:00+00:00;DRGNBEAR/USD;5,32300000;5,64100000;4,20700000;5,19400000;-2,48
2020-11-24T00:00:00+00:00;DRGNBEAR/USD;6,43750000;6,73750000;4,70500000;5,32300000;-20,94
2020-11-23T00:00:00+00:00;DRGNBEAR/USD;8,94250000;9,14750000;6,41500000;6,43750000;-38,91
2020-11-22T00:00:00+00:00;DRGNBEAR/USD;8,11000000;10,13250000;7,81500000;8,94250000;9,31
2020-11-21T00:00:00+00:00;DRGNBEAR/USD;12,66500000;12,90000000;8,03250000;8,11000000;-56,17
2020-11-20T00:00:00+00:00;DRGNBEAR/USD;13,88000000;13,90000000;11,98000000;12,66500000;-9,59
2020-11-19T00:00:00+00:00;DRGNBEAR/USD;14,11500000;15,63000000;13,77500000;13,88000000;-1,69
2020-11-18T00:00:00+00:00;DRGNBEAR/USD;12,45000000;15,43000000;12,18000000;14,11500000;11,8
2020-11-17T00:00:00+00:00;DRGNBEAR/USD;14,96000000;15,13500000;12,07000000;12,45000000;-20,16
2020-11-16T00:00:00+00:00;DRGNBEAR/USD;16,85000000;17,07500000;14,82500000;14,96000000;-12,63
2020-11-15T00:00:00+00:00;DRGNBEAR/USD;16,66500000;17,45000000;15,42000000;16,85000000;1,1
2020-11-14T00:00:00+00:00;DRGNBEAR/USD;15,27000000;17,12000000;15,18500000;16,66500000;8,37
2020-11-13T00:00:00+00:00;DRGNBEAR/USD;17,31000000;17,46500000;14,67500000;15,27000000;-13,36
2020-11-12T00:00:00+00:00;DRGNBEAR/USD;15,63000000;17,45000000;14,74000000;17,31000000;9,71
2020-11-11T00:00:00+00:00;DRGNBEAR/USD;15,84500000;16,17500000;13,96000000;15,63000000;-1,38
2020-11-10T00:00:00+00:00;DRGNBEAR/USD;18,90500000;19,32500000;15,44000000;15,84500000;-19,31
2020-11-09T00:00:00+00:00;DRGNBEAR/USD;17,69500000;20,36500000;17,28500000;18,90500000;6,4
2020-11-08T00:00:00+00:00;DRGNBEAR/USD;21,93500000;22,66000000;17,12000000;17,69500000;-23,96
2020-11-07T00:00:00+00:00;DRGNBEAR/USD;19,05000000;22,98500000;15,46000000;21,93500000;13,15
2020-11-06T00:00:00+00:00;DRGNBEAR/USD;25,93000000;26,11000000;18,93500000;19,05000000;-36,12
2020-11-05T00:00:00+00:00;DRGNBEAR/USD;29,12000000;29,98000000;25,47000000;25,93000000;-12,3
2020-11-04T00:00:00+00:00;DRGNBEAR/USD;28,38000000;32,21000000;28,22000000;29,12000000;2,54
2020-11-03T00:00:00+00:00;DRGNBEAR/USD;24,85000000;29,50000000;24,61000000;28,38000000;12,44
2020-11-02T00:00:00+00:00;DRGNBEAR/USD;22,71000000;25,33000000;21,21000000;24,85000000;8,61
2020-11-01T00:00:00+00:00;DRGNBEAR/USD;23,93000000;24,18000000;22,23000000;22,71000000;-5,37
2020-10-31T00:00:00+00:00;DRGNBEAR/USD;25,93000000;26,11000000;22,74000000;23,93000000;-8,36
2020-10-30T00:00:00+00:00;DRGNBEAR/USD;24,25000000;28,42000000;20,69000000;25,93000000;6,48
2020-10-29T00:00:00+00:00;DRGNBEAR/USD;22,04000000;25,14500000;21,28000000;24,25000000;9,11
2020-10-28T00:00:00+00:00;DRGNBEAR/USD;19,10500000;22,77000000;18,58500000;22,04000000;13,32
2020-10-27T00:00:00+00:00;DRGNBEAR/USD;18,84500000;19,73000000;18,12000000;19,10500000;1,36
2020-10-26T00:00:00+00:00;DRGNBEAR/USD;17,31500000;19,77500000;16,87500000;18,84500000;8,12
2020-10-25T00:00:00+00:00;DRGNBEAR/USD;16,37000000;17,55000000;16,17500000;17,31500000;5,46
2020-10-24T00:00:00+00:00;DRGNBEAR/USD;16,73500000;16,90500000;16,17000000;16,37000000;-2,23
2020-10-23T00:00:00+00:00;DRGNBEAR/USD;15,95000000;17,50000000;15,71000000;16,73500000;4,69
2020-10-22T00:00:00+00:00;DRGNBEAR/USD;17,19500000;17,40000000;14,78500000;15,95000000;-7,81
2020-10-21T00:00:00+00:00;DRGNBEAR/USD;20,58500000;20,68500000;16,76000000;17,19500000;-19,72
2020-10-20T00:00:00+00:00;DRGNBEAR/USD;18,01000000;20,78000000;17,89500000;20,58500000;12,51
2020-10-19T00:00:00+00:00;DRGNBEAR/USD;17,81000000;18,72500000;17,16000000;18,01000000;1,11
2020-10-18T00:00:00+00:00;DRGNBEAR/USD;18,71500000;18,84000000;17,12500000;17,81000000;-5,08
2020-10-17T00:00:00+00:00;DRGNBEAR/USD;19,61000000;20,00500000;18,31000000;18,71500000;-4,78
2020-10-16T00:00:00+00:00;DRGNBEAR/USD;17,17000000;20,28500000;16,91000000;19,61000000;12,44
2020-10-15T00:00:00+00:00;DRGNBEAR/USD;16,64500000;17,97000000;16,61500000;17,17000000;3,06
2020-10-14T00:00:00+00:00;DRGNBEAR/USD;16,27500000;17,24000000;15,75500000;16,64500000;2,22
2020-10-13T00:00:00+00:00;DRGNBEAR/USD;16,14500000;16,83000000;15,68000000;16,27500000;0,8
2020-10-12T00:00:00+00:00;DRGNBEAR/USD;16,34500000;17,12000000;15,09500000;16,14500000;-1,24
2020-10-11T00:00:00+00:00;DRGNBEAR/USD;16,55000000;16,93500000;15,79000000;16,34500000;-1,25
2020-10-10T00:00:00+00:00;DRGNBEAR/USD;16,79500000;16,91000000;15,03000000;16,55000000;-1,48
2020-10-09T00:00:00+00:00;DRGNBEAR/USD;18,61500000;19,20500000;16,45500000;16,79500000;-10,84
2020-10-08T00:00:00+00:00;DRGNBEAR/USD;19,51500000;21,75500000;18,31500000;18,61500000;-4,83
2020-10-07T00:00:00+00:00;DRGNBEAR/USD;21,32000000;23,28500000;19,37500000;19,51500000;-9,25
2020-10-06T00:00:00+00:00;DRGNBEAR/USD;17,12500000;21,63500000;16,96000000;21,32000000;19,68
2020-10-05T00:00:00+00:00;DRGNBEAR/USD;16,76000000;17,59000000;16,33500000;17,12500000;2,13
2020-10-04T00:00:00+00:00;DRGNBEAR/USD;17,09000000;17,53000000;16,37500000;16,76000000;-1,97
2020-10-03T00:00:00+00:00;DRGNBEAR/USD;17,28000000;17,63000000;15,93000000;17,09000000;-1,11
2020-10-02T00:00:00+00:00;DRGNBEAR/USD;15,48000000;19,01500000;14,93500000;17,28000000;10,42
2020-10-01T00:00:00+00:00;DRGNBEAR/USD;14,10000000;16,39000000;13,38000000;15,48000000;8,91
2020-09-30T00:00:00+00:00;DRGNBEAR/USD;13,70500000;15,09000000;13,68500000;14,10000000;2,8
2020-09-29T00:00:00+00:00;DRGNBEAR/USD;13,77500000;15,17000000;13,25500000;13,70500000;-0,51
2020-09-28T00:00:00+00:00;DRGNBEAR/USD;14,02500000;14,02500000;11,82500000;13,77500000;-1,81
2020-09-27T00:00:00+00:00;DRGNBEAR/USD;13,87500000;15,67500000;13,29500000;14,02500000;1,07
2020-09-26T00:00:00+00:00;DRGNBEAR/USD;14,37500000;14,39500000;13,11500000;13,87500000;-3,6
2020-09-25T00:00:00+00:00;DRGNBEAR/USD;14,70000000;16,43000000;13,73500000;14,37500000;-2,26
2020-09-24T00:00:00+00:00;DRGNBEAR/USD;19,62500000;20,12000000;14,67000000;14,70000000;-33,5
2020-09-23T00:00:00+00:00;DRGNBEAR/USD;16,47500000;20,12500000;15,65000000;19,62500000;16,05
2020-09-22T00:00:00+00:00;DRGNBEAR/USD;16,63000000;18,26500000;15,28500000;16,47500000;-0,94
2020-09-21T00:00:00+00:00;DRGNBEAR/USD;12,14000000;17,62500000;11,26500000;16,63000000;27,0
2020-09-20T00:00:00+00:00;DRGNBEAR/USD;10,62500000;12,81000000;10,42500000;12,14000000;12,48
2020-09-19T00:00:00+00:00;DRGNBEAR/USD;10,53000000;11,35000000;10,35000000;10,62500000;0,89
2020-09-18T00:00:00+00:00;DRGNBEAR/USD;11,68000000;12,27500000;9,71500000;10,55000000;-10,71
2020-09-17T00:00:00+00:00;DRGNBEAR/USD;13,38000000;13,75000000;11,04500000;11,70000000;-14,36
2020-09-16T00:00:00+00:00;DRGNBEAR/USD;12,65000000;14,23500000;11,69000000;13,38000000;5,46
2020-09-15T00:00:00+00:00;DRGNBEAR/USD;10,50000000;12,76500000;9,69500000;12,65000000;17,0
2020-09-14T00:00:00+00:00;DRGNBEAR/USD;11,02000000;11,89000000;10,08250000;10,50000000;-4,95
2020-09-13T00:00:00+00:00;DRGNBEAR/USD;9,43750000;11,97750000;8,89250000;11,02000000;14,36
2020-09-12T00:00:00+00:00;DRGNBEAR/USD;9,60250000;10,43750000;9,38250000;9,43750000;-1,75
2020-09-11T00:00:00+00:00;DRGNBEAR/USD;10,29750000;11,57250000;9,42250000;9,60250000;-7,24
2020-09-10T00:00:00+00:00;DRGNBEAR/USD;12,32500000;12,45500000;10,16750000;10,29750000;-19,69
2020-09-09T00:00:00+00:00;DRGNBEAR/USD;12,89500000;13,80000000;11,80500000;12,32500000;-4,62
2020-09-08T00:00:00+00:00;DRGNBEAR/USD;13,56500000;14,84500000;11,48000000;12,89500000;-5,2
2020-09-07T00:00:00+00:00;DRGNBEAR/USD;13,94500000;17,94000000;13,34000000;13,59000000;-2,61
2020-09-06T00:00:00+00:00;DRGNBEAR/USD;19,34500000;21,54000000;13,05000000;13,94500000;-38,72
2020-09-05T00:00:00+00:00;DRGNBEAR/USD;13,47000000;20,89500000;12,76000000;19,34500000;30,37
2020-09-04T00:00:00+00:00;DRGNBEAR/USD;16,00500000;17,43000000;12,59500000;13,47000000;-18,82
2020-09-03T00:00:00+00:00;DRGNBEAR/USD;11,39500000;17,03000000;10,35000000;16,00500000;28,8
2020-09-02T00:00:00+00:00;DRGNBEAR/USD;9,83000000;12,78250000;9,63000000;11,39500000;13,73
2020-09-01T00:00:00+00:00;DRGNBEAR/USD;9,82500000;10,31250000;9,12500000;9,83000000;0,05
2020-08-31T00:00:00+00:00;DRGNBEAR/USD;10,36500000;10,53250000;9,18500000;9,82500000;-5,5
2020-08-30T00:00:00+00:00;DRGNBEAR/USD;10,77500000;10,78500000;9,55500000;10,36500000;-3,96
2020-08-29T00:00:00+00:00;DRGNBEAR/USD;12,05000000;12,67000000;10,23500000;10,77500000;-11,83
2020-08-28T00:00:00+00:00;DRGNBEAR/USD;13,68500000;14,12000000;11,65500000;12,05000000;-13,57
2020-08-27T00:00:00+00:00;DRGNBEAR/USD;12,51000000;15,37000000;12,11500000;13,68500000;8,59
2020-08-26T00:00:00+00:00;DRGNBEAR/USD;13,35000000;13,85500000;11,71500000;12,51000000;-6,71
2020-08-25T00:00:00+00:00;DRGNBEAR/USD;11,04500000;14,56000000;10,93500000;13,35000000;17,27
2020-08-24T00:00:00+00:00;DRGNBEAR/USD;11,57000000;12,06500000;10,32000000;11,04500000;-4,75
2020-08-23T00:00:00+00:00;DRGNBEAR/USD;10,54500000;11,95000000;10,38500000;11,57000000;8,86
2020-08-22T00:00:00+00:00;DRGNBEAR/USD;13,47000000;15,12000000;10,28500000;10,54500000;-27,74
2020-08-21T00:00:00+00:00;DRGNBEAR/USD;10,97000000;13,47500000;8,92500000;13,47000000;18,56
2020-08-20T00:00:00+00:00;DRGNBEAR/USD;14,30000000;14,30000000;10,88500000;10,97000000;-30,36
2020-08-19T00:00:00+00:00;DRGNBEAR/USD;12,13000000;15,11500000;11,67500000;14,30000000;15,17
2020-08-18T00:00:00+00:00;DRGNBEAR/USD;10,84500000;12,14000000;9,87000000;12,13000000;10,59
2020-08-17T00:00:00+00:00;DRGNBEAR/USD;10,67000000;11,01000000;9,37000000;10,84500000;1,61
2020-08-16T00:00:00+00:00;DRGNBEAR/USD;12,67000000;13,32500000;10,20500000;10,67000000;-18,74
2020-08-15T00:00:00+00:00;DRGNBEAR/USD;11,71500000;12,90000000;10,78000000;12,67000000;7,54
2020-08-14T00:00:00+00:00;DRGNBEAR/USD;16,22500000;17,09500000;10,85500000;11,71500000;-38,5
2020-08-13T00:00:00+00:00;DRGNBEAR/USD;17,38500000;18,37500000;14,50000000;16,22500000;-7,15
2020-08-12T00:00:00+00:00;DRGNBEAR/USD;18,54500000;21,20500000;16,18500000;17,38500000;-6,67
2020-08-11T00:00:00+00:00;DRGNBEAR/USD;14,98000000;20,47500000;14,84000000;18,54500000;19,22
2020-08-10T00:00:00+00:00;DRGNBEAR/USD;19,90000000;21,70000000;14,88000000;14,98000000;-32,84
2020-08-09T00:00:00+00:00;DRGNBEAR/USD;20,18500000;21,90000000;19,23500000;19,90000000;-1,43
2020-08-08T00:00:00+00:00;DRGNBEAR/USD;25,99000000;26,65000000;20,16500000;20,18500000;-28,76
2020-08-07T00:00:00+00:00;DRGNBEAR/USD;24,79000000;27,62000000;22,76000000;25,99000000;4,62
2020-08-06T00:00:00+00:00;DRGNBEAR/USD;28,18000000;28,18000000;24,39000000;24,79000000;-13,67
2020-08-05T00:00:00+00:00;DRGNBEAR/USD;28,85000000;30,88000000;27,57000000;28,18000000;-2,38
2020-08-04T00:00:00+00:00;DRGNBEAR/USD;32,07000000;32,07000000;28,71000000;28,85000000;-11,16
2020-08-03T00:00:00+00:00;DRGNBEAR/USD;35,08000000;35,92000000;30,82000000;32,07000000;-9,39
2020-08-02T00:00:00+00:00;DRGNBEAR/USD;29,77000000;36,83000000;28,22000000;35,08000000;15,14
2020-08-01T00:00:00+00:00;DRGNBEAR/USD;32,18000000;32,90000000;29,46000000;29,77000000;-8,1
2020-07-31T00:00:00+00:00;DRGNBEAR/USD;32,80000000;33,61000000;31,31000000;32,18000000;-1,93
2020-07-30T00:00:00+00:00;DRGNBEAR/USD;36,81000000;37,73000000;32,49000000;32,80000000;-12,23
2020-07-29T00:00:00+00:00;DRGNBEAR/USD;34,69000000;37,06000000;33,46000000;36,81000000;5,76
2020-07-28T00:00:00+00:00;DRGNBEAR/USD;38,47000000;38,61000000;34,36000000;34,69000000;-10,9
2020-07-27T00:00:00+00:00;DRGNBEAR/USD;32,71000000;41,82000000;31,95000000;38,47000000;14,97
2020-07-26T00:00:00+00:00;DRGNBEAR/USD;29,84000000;33,05000000;28,00000000;32,71000000;8,77
2020-07-25T00:00:00+00:00;DRGNBEAR/USD;35,60000000;35,63000000;29,62000000;29,84000000;-19,3
2020-07-24T00:00:00+00:00;DRGNBEAR/USD;33,49000000;35,90000000;33,04000000;35,60000000;5,93
2020-07-23T00:00:00+00:00;DRGNBEAR/USD;32,79000000;34,11000000;32,22000000;33,49000000;2,09
2020-07-22T00:00:00+00:00;DRGNBEAR/USD;34,58000000;35,61000000;32,00000000;32,79000000;-5,46
2020-07-21T00:00:00+00:00;DRGNBEAR/USD;37,49000000;38,16000000;33,46000000;34,58000000;-8,42
2020-07-20T00:00:00+00:00;DRGNBEAR/USD;33,17000000;37,79000000;33,17000000;37,49000000;11,52
2020-07-19T00:00:00+00:00;DRGNBEAR/USD;33,17000000;36,07000000;32,67000000;33,17000000;0,0
2020-07-18T00:00:00+00:00;DRGNBEAR/USD;32,93000000;33,21000000;31,21000000;33,17000000;0,72
2020-07-17T00:00:00+00:00;DRGNBEAR/USD;36,23000000;37,66000000;31,18000000;32,93000000;-10,02
2020-07-16T00:00:00+00:00;DRGNBEAR/USD;31,53000000;39,34000000;30,93000000;36,23000000;12,97
2020-07-15T00:00:00+00:00;DRGNBEAR/USD;29,93000000;31,79000000;28,61000000;31,53000000;5,07
2020-07-14T00:00:00+00:00;DRGNBEAR/USD;31,00000000;35,74000000;28,57000000;29,93000000;-3,58
2020-07-13T00:00:00+00:00;DRGNBEAR/USD;30,81000000;33,27000000;27,73000000;30,98000000;0,55
2020-07-12T00:00:00+00:00;DRGNBEAR/USD;26,84000000;31,39000000;26,43000000;30,81000000;12,89
2020-07-11T00:00:00+00:00;DRGNBEAR/USD;27,00000000;29,65000000;26,09000000;26,84000000;-0,6
2020-07-10T00:00:00+00:00;DRGNBEAR/USD;30,34000000;35,05000000;25,25000000;27,00000000;-12,37
2020-07-09T00:00:00+00:00;DRGNBEAR/USD;35,74000000;42,28000000;30,07000000;30,34000000;-17,8
2020-07-08T00:00:00+00:00;DRGNBEAR/USD;44,63000000;45,64000000;34,88000000;35,74000000;-24,87
2020-07-07T00:00:00+00:00;DRGNBEAR/USD;47,12000000;50,64000000;43,98000000;44,63000000;-5,58
2020-07-06T00:00:00+00:00;DRGNBEAR/USD;50,50000000;50,92000000;44,91000000;47,12000000;-7,17
2020-07-05T00:00:00+00:00;DRGNBEAR/USD;68,50000000;70,65000000;50,41000000;50,50000000;-35,64
2020-07-04T00:00:00+00:00;DRGNBEAR/USD;82,30000000;83,10000000;67,60000000;68,50000000;-20,15
2020-07-03T00:00:00+00:00;DRGNBEAR/USD;90,85000000;92,00000000;77,97500000;82,30000000;-10,39
2020-07-02T00:00:00+00:00;DRGNBEAR/USD;84,62500000;97,80000000;82,10000000;90,85000000;6,85
2020-07-01T00:00:00+00:00;DRGNBEAR/USD;93,00000000;97,42500000;84,60000000;84,62500000;-9,9
2020-06-30T00:00:00+00:00;DRGNBEAR/USD;95,32500000;97,80000000;91,77500000;93,00000000;-2,5
2020-06-29T00:00:00+00:00;DRGNBEAR/USD;96,35000000;101,82500000;93,60000000;95,32500000;-1,08
2020-06-28T00:00:00+00:00;DRGNBEAR/USD;111,30000000;114,95000000;91,25000000;96,35000000;-15,52
2020-06-27T00:00:00+00:00;DRGNBEAR/USD;94,25000000;116,75000000;92,90000000;111,30000000;15,32
2020-06-26T00:00:00+00:00;DRGNBEAR/USD;91,50000000;98,05000000;89,15000000;94,30000000;2,97
2020-06-25T00:00:00+00:00;DRGNBEAR/USD;91,10000000;104,02500000;90,72500000;91,50000000;0,44
2020-06-24T00:00:00+00:00;DRGNBEAR/USD;82,25000000;97,05000000;75,22500000;91,10000000;9,71
2020-06-23T00:00:00+00:00;DRGNBEAR/USD;86,37500000;86,40000000;78,57500000;82,25000000;-5,02
2020-06-22T00:00:00+00:00;DRGNBEAR/USD;109,70000000;110,45000000;85,00000000;86,37500000;-27,0
2020-06-21T00:00:00+00:00;DRGNBEAR/USD;112,95000000;114,55000000;104,95000000;109,70000000;-2,96
2020-06-20T00:00:00+00:00;DRGNBEAR/USD;113,25000000;120,00000000;110,60000000;112,95000000;-0,27
2020-06-19T00:00:00+00:00;DRGNBEAR/USD;113,55000000;122,70000000;109,45000000;113,25000000;-0,26
2020-06-18T00:00:00+00:00;DRGNBEAR/USD;110,30000000;121,15000000;109,00000000;113,55000000;2,86
2020-06-17T00:00:00+00:00;DRGNBEAR/USD;114,20000000;119,90000000;105,05000000;110,30000000;-3,54
2020-06-16T00:00:00+00:00;DRGNBEAR/USD;128,00000000;128,95000000;114,20000000;114,20000000;-12,08
2020-06-15T00:00:00+00:00;DRGNBEAR/USD;128,70000000;163,80000000;125,55000000;128,00000000;-0,55
2020-06-14T00:00:00+00:00;DRGNBEAR/USD;112,60000000;131,70000000;112,30000000;128,70000000;12,51
2020-06-13T00:00:00+00:00;DRGNBEAR/USD;119,35000000;122,95000000;112,45000000;112,60000000;-5,99
2020-06-12T00:00:00+00:00;DRGNBEAR/USD;146,20000000;149,65000000;116,15000000;119,35000000;-22,5
2020-06-11T00:00:00+00:00;DRGNBEAR/USD;118,65000000;152,50000000;105,90000000;146,20000000;18,84
2020-06-10T00:00:00+00:00;DRGNBEAR/USD;129,10000000;133,60000000;117,60000000;118,65000000;-8,81
2020-06-09T00:00:00+00:00;DRGNBEAR/USD;137,50000000;142,85000000;127,25000000;129,10000000;-6,51
2020-06-08T00:00:00+00:00;DRGNBEAR/USD;148,00000000;150,90000000;131,35000000;137,50000000;-7,64
2020-06-07T00:00:00+00:00;DRGNBEAR/USD;153,15000000;169,85000000;148,00000000;148,00000000;-3,48
2020-06-06T00:00:00+00:00;DRGNBEAR/USD;167,00000000;173,65000000;152,85000000;153,15000000;-9,04
2020-06-05T00:00:00+00:00;DRGNBEAR/USD;160,20000000;167,75000000;153,90000000;167,00000000;4,07
2020-06-04T00:00:00+00:00;DRGNBEAR/USD;157,00000000;173,65000000;148,40000000;160,20000000;2,0
2020-06-03T00:00:00+00:00;DRGNBEAR/USD;169,95000000;180,50000000;157,00000000;157,00000000;-8,25
2020-06-02T00:00:00+00:00;DRGNBEAR/USD;159,45000000;196,15000000;144,25000000;169,95000000;6,18
2020-06-01T00:00:00+00:00;DRGNBEAR/USD;201,85000000;205,55000000;156,20000000;159,45000000;-26,59
2020-05-31T00:00:00+00:00;DRGNBEAR/USD;190,35000000;208,40000000;164,75000000;201,85000000;5,7
2020-05-30T00:00:00+00:00;DRGNBEAR/USD;236,70000000;243,70000000;189,00000000;190,35000000;-24,35
2020-05-29T00:00:00+00:00;DRGNBEAR/USD;250,70000000;260,50000000;220,80000000;236,70000000;-5,91
2020-05-28T00:00:00+00:00;DRGNBEAR/USD;289,20000000;294,60000000;249,30000000;250,70000000;-15,36
2020-05-27T00:00:00+00:00;DRGNBEAR/USD;297,10000000;300,50000000;278,70000000;289,20000000;-2,73
2020-05-26T00:00:00+00:00;DRGNBEAR/USD;300,30000000;326,10000000;294,00000000;297,10000000;-1,08
2020-05-25T00:00:00+00:00;DRGNBEAR/USD;389,00000000;395,80000000;299,20000000;300,30000000;-29,54
2020-05-24T00:00:00+00:00;DRGNBEAR/USD;341,50000000;389,50000000;316,60000000;389,00000000;12,21
2020-05-23T00:00:00+00:00;DRGNBEAR/USD;322,20000000;348,10000000;310,40000000;341,50000000;5,65
2020-05-22T00:00:00+00:00;DRGNBEAR/USD;458,80000000;468,30000000;309,50000000;322,20000000;-42,4
2020-05-21T00:00:00+00:00;DRGNBEAR/USD;403,40000000;491,50000000;392,80000000;458,80000000;12,07
2020-05-20T00:00:00+00:00;DRGNBEAR/USD;391,70000000;425,90000000;373,20000000;403,40000000;2,9
2020-05-19T00:00:00+00:00;DRGNBEAR/USD;393,20000000;418,50000000;390,20000000;391,70000000;-0,38
2020-05-18T00:00:00+00:00;DRGNBEAR/USD;411,00000000;412,90000000;373,60000000;393,20000000;-4,53
2020-05-17T00:00:00+00:00;DRGNBEAR/USD;417,90000000;420,10000000;385,20000000;411,00000000;-1,68
2020-05-16T00:00:00+00:00;DRGNBEAR/USD;429,80000000;433,60000000;404,70000000;417,90000000;-2,85
2020-05-15T00:00:00+00:00;DRGNBEAR/USD;381,70000000;432,70000000;380,30000000;429,80000000;11,19
2020-05-14T00:00:00+00:00;DRGNBEAR/USD;424,50000000;451,30000000;378,60000000;381,70000000;-11,21
2020-05-13T00:00:00+00:00;DRGNBEAR/USD;455,10000000;458,30000000;414,30000000;424,50000000;-7,21
2020-05-12T00:00:00+00:00;DRGNBEAR/USD;498,70000000;512,10000000;330,00000000;455,10000000;-9,58
2020-05-11T00:00:00+00:00;DRGNBEAR/USD;478,20000000;570,70000000;447,70000000;498,70000000;4,11
2020-05-10T00:00:00+00:00;DRGNBEAR/USD;376,00000000;542,50000000;374,60000000;478,20000000;21,37
2020-05-09T00:00:00+00:00;DRGNBEAR/USD;353,60000000;387,20000000;331,60000000;376,00000000;5,96
2020-05-08T00:00:00+00:00;DRGNBEAR/USD;441,20000000;443,50000000;336,80000000;353,60000000;-24,77
2020-05-07T00:00:00+00:00;DRGNBEAR/USD;505,30000000;519,10000000;435,40000000;441,20000000;-14,53
2020-05-06T00:00:00+00:00;DRGNBEAR/USD;486,50000000;508,40000000;454,10000000;505,10000000;3,68
2020-05-05T00:00:00+00:00;DRGNBEAR/USD;484,30000000;513,00000000;461,40000000;486,50000000;0,45
2020-05-04T00:00:00+00:00;DRGNBEAR/USD;461,70000000;553,30000000;457,90000000;484,30000000;4,67
2020-05-03T00:00:00+00:00;DRGNBEAR/USD;418,20000000;487,60000000;403,80000000;461,70000000;9,42
2020-05-02T00:00:00+00:00;DRGNBEAR/USD;452,70000000;461,70000000;415,50000000;418,20000000;-8,25
2020-05-01T00:00:00+00:00;DRGNBEAR/USD;501,90000000;502,50000000;426,90000000;452,70000000;-10,87
2020-04-30T00:00:00+00:00;DRGNBEAR/USD;442,20000000;535,50000000;399,60000000;501,90000000;11,89
2020-04-29T00:00:00+00:00;DRGNBEAR/USD;559,50000000;562,75000000;408,10000000;442,20000000;-26,53
2020-04-28T00:00:00+00:00;DRGNBEAR/USD;582,50000000;618,00000000;550,25000000;559,50000000;-4,11
2020-04-27T00:00:00+00:00;DRGNBEAR/USD;549,00000000;628,00000000;533,75000000;582,50000000;5,75
2020-04-26T00:00:00+00:00;DRGNBEAR/USD;616,50000000;635,75000000;534,25000000;549,00000000;-12,3
2020-04-25T00:00:00+00:00;DRGNBEAR/USD;662,25000000;686,00000000;571,75000000;616,50000000;-7,42
2020-04-24T00:00:00+00:00;DRGNBEAR/USD;755,50000000;757,75000000;616,50000000;662,25000000;-14,08
2020-04-23T00:00:00+00:00;DRGNBEAR/USD;831,75000000;876,00000000;658,00000000;755,50000000;-10,09
2020-04-22T00:00:00+00:00;DRGNBEAR/USD;969,75000000;978,25000000;801,25000000;831,75000000;-16,59
2020-04-21T00:00:00+00:00;DRGNBEAR/USD;1028,75000000;1044,75000000;936,00000000;969,75000000;-6,08
2020-04-20T00:00:00+00:00;DRGNBEAR/USD;890,50000000;1051,50000000;836,00000000;1028,75000000;13,44
2020-04-19T00:00:00+00:00;DRGNBEAR/USD;822,25000000;914,50000000;816,75000000;890,50000000;7,66
2020-04-18T00:00:00+00:00;DRGNBEAR/USD;922,25000000;923,75000000;803,00000000;822,25000000;-12,16
2020-04-17T00:00:00+00:00;DRGNBEAR/USD;915,50000000;1301,50000000;885,50000000;922,25000000;0,73
2020-04-16T00:00:00+00:00;DRGNBEAR/USD;1188,50000000;1277,50000000;878,00000000;915,50000000;-29,82
2020-04-15T00:00:00+00:00;DRGNBEAR/USD;1101,00000000;1505,00000000;1054,00000000;1188,50000000;7,36
2020-04-14T00:00:00+00:00;DRGNBEAR/USD;1125,50000000;1156,50000000;1043,00000000;1101,00000000;-2,23
2020-04-13T00:00:00+00:00;DRGNBEAR/USD;1079,25000000;1227,00000000;1077,50000000;1125,50000000;4,11
2020-04-12T00:00:00+00:00;DRGNBEAR/USD;1093,00000000;1136,50000000;944,00000000;1079,25000000;-1,27
2020-04-11T00:00:00+00:00;DRGNBEAR/USD;1120,00000000;1161,00000000;1020,00000000;1093,00000000;-2,47
2020-04-10T00:00:00+00:00;DRGNBEAR/USD;902,75000000;1204,75000000;901,75000000;1119,50000000;19,36
2020-04-09T00:00:00+00:00;DRGNBEAR/USD;859,25000000;960,00000000;842,25000000;902,75000000;4,82
2020-04-08T00:00:00+00:00;DRGNBEAR/USD;988,75000000;1013,50000000;859,00000000;859,25000000;-15,07
2020-04-07T00:00:00+00:00;DRGNBEAR/USD;946,00000000;1049,00000000;844,50000000;988,75000000;4,32
2020-04-06T00:00:00+00:00;DRGNBEAR/USD;1280,00000000;1281,50000000;936,25000000;946,00000000;-35,31
2020-04-05T00:00:00+00:00;DRGNBEAR/USD;1249,50000000;1312,50000000;1221,00000000;1280,00000000;2,38
2020-04-04T00:00:00+00:00;DRGNBEAR/USD;1348,50000000;1386,50000000;1180,00000000;1249,50000000;-7,92
2020-04-03T00:00:00+00:00;DRGNBEAR/USD;1369,50000000;1441,00000000;1256,00000000;1348,50000000;-1,56
2020-04-02T00:00:00+00:00;DRGNBEAR/USD;1450,00000000;1472,50000000;1162,00000000;1369,50000000;-5,88
2020-04-01T00:00:00+00:00;DRGNBEAR/USD;1509,00000000;1705,00000000;1434,50000000;1449,50000000;-4,1
2020-03-31T00:00:00+00:00;DRGNBEAR/USD;1558,50000000;1800,00000000;1445,00000000;1509,00000000;-3,28
2020-03-30T00:00:00+00:00;DRGNBEAR/USD;2133,50000000;2145,00000000;1401,50000000;1558,50000000;-36,89
2020-03-29T00:00:00+00:00;DRGNBEAR/USD;1798,00000000;2133,50000000;1759,50000000;2133,50000000;15,73
2020-03-28T00:00:00+00:00;DRGNBEAR/USD;1840,50000000;2092,50000000;1732,50000000;1798,00000000;-2,36
2020-03-27T00:00:00+00:00;DRGNBEAR/USD;1575,50000000;1849,00000000;1453,00000000;1840,50000000;14,4
2020-03-26T00:00:00+00:00;DRGNBEAR/USD;1917,00000000;2012,00000000;1541,00000000;1575,50000000;-21,68
2020-03-25T00:00:00+00:00;DRGNBEAR/USD;1836,50000000;2114,50000000;1741,50000000;1917,00000000;4,2
2020-03-24T00:00:00+00:00;DRGNBEAR/USD;2076,00000000;2154,00000000;1791,50000000;1836,50000000;-13,04
2020-03-23T00:00:00+00:00;DRGNBEAR/USD;2878,00000000;3000,00000000;2005,00000000;2076,00000000;-38,63
2020-03-22T00:00:00+00:00;DRGNBEAR/USD;2279,00000000;2932,00000000;2027,00000000;2872,00000000;20,65
2020-03-21T00:00:00+00:00;DRGNBEAR/USD;2438,00000000;2717,00000000;2076,00000000;2279,00000000;-6,98
2020-03-20T00:00:00+00:00;DRGNBEAR/USD;2555,00000000;2954,00000000;1828,00000000;2438,00000000;-4,8
2020-03-19T00:00:00+00:00;DRGNBEAR/USD;4036,00000000;4155,00000000;2234,00000000;2555,00000000;-57,96
2020-03-18T00:00:00+00:00;DRGNBEAR/USD;4328,00000000;4998,00000000;4036,00000000;4036,00000000;-7,23
2020-03-17T00:00:00+00:00;DRGNBEAR/USD;5472,50000000;5712,50000000;3906,00000000;4314,00000000;-26,85
2020-03-16T00:00:00+00:00;DRGNBEAR/USD;4128,00000000;6637,00000000;4124,00000000;5472,50000000;24,57
2020-03-15T00:00:00+00:00;DRGNBEAR/USD;4792,00000000;4927,00000000;3287,00000000;4128,00000000;-16,09
2020-03-14T00:00:00+00:00;DRGNBEAR/USD;4153,00000000;4981,00000000;3939,00000000;4792,00000000;13,33
2020-03-13T00:00:00+00:00;DRGNBEAR/USD;7170,00000000;13865,00000000;3488,00000000;4153,00000000;-72,65
2020-03-12T00:00:00+00:00;DRGNBEAR/USD;3059,00000000;7397,50000000;3005,00000000;7157,50000000;57,26
2020-03-11T00:00:00+00:00;DRGNBEAR/USD;2826,00000000;3552,00000000;2731,00000000;3059,00000000;7,62
2020-03-10T00:00:00+00:00;DRGNBEAR/USD;2887,00000000;3089,00000000;2600,00000000;2825,00000000;-2,19
2020-03-09T00:00:00+00:00;DRGNBEAR/USD;2832,00000000;3421,00000000;2660,00000000;2887,00000000;1,91
2020-03-08T00:00:00+00:00;DRGNBEAR/USD;1932,50000000;2874,00000000;1932,50000000;2832,00000000;31,76
2020-03-07T00:00:00+00:00;DRGNBEAR/USD;1722,50000000;1973,00000000;1595,50000000;1932,50000000;10,87
2020-03-06T00:00:00+00:00;DRGNBEAR/USD;1872,50000000;1907,00000000;1721,50000000;1722,50000000;-8,71
2020-03-05T00:00:00+00:00;DRGNBEAR/USD;1998,50000000;1998,50000000;1747,00000000;1872,50000000;-6,73
2020-03-04T00:00:00+00:00;DRGNBEAR/USD;2209,50000000;2235,50000000;1992,50000000;1998,50000000;-10,56
2020-03-03T00:00:00+00:00;DRGNBEAR/USD;2071,00000000;2310,00000000;2069,00000000;2209,50000000;6,27
2020-03-02T00:00:00+00:00;DRGNBEAR/USD;2625,00000000;2647,00000000;2021,00000000;2071,00000000;-26,75
2020-03-01T00:00:00+00:00;DRGNBEAR/USD;2592,00000000;2761,00000000;2270,00000000;2624,00000000;1,22
2020-02-29T00:00:00+00:00;DRGNBEAR/USD;2412,00000000;2594,00000000;2290,50000000;2592,00000000;6,94
2020-02-28T00:00:00+00:00;DRGNBEAR/USD;2357,00000000;2807,50000000;2230,00000000;2412,00000000;2,28
2020-02-27T00:00:00+00:00;DRGNBEAR/USD;2693,00000000;3078,00000000;2129,00000000;2359,00000000;-14,16
2020-02-26T00:00:00+00:00;DRGNBEAR/USD;2037,50000000;2910,00000000;1978,50000000;2693,00000000;24,34
2020-02-25T00:00:00+00:00;DRGNBEAR/USD;1698,50000000;2084,00000000;1670,00000000;2037,50000000;16,64
2020-02-24T00:00:00+00:00;DRGNBEAR/USD;1473,00000000;1809,50000000;1451,50000000;1698,50000000;13,28
2020-02-23T00:00:00+00:00;DRGNBEAR/USD;1738,50000000;1740,00000000;1453,50000000;1473,00000000;-18,02
2020-02-22T00:00:00+00:00;DRGNBEAR/USD;1668,50000000;1840,00000000;1648,00000000;1738,50000000;4,03
2020-02-21T00:00:00+00:00;DRGNBEAR/USD;1772,50000000;1824,50000000;1571,50000000;1668,50000000;-6,23
2020-02-20T00:00:00+00:00;DRGNBEAR/USD;1746,50000000;1997,50000000;1666,50000000;1772,50000000;1,47
2020-02-19T00:00:00+00:00;DRGNBEAR/USD;1392,00000000;1804,00000000;1369,50000000;1746,50000000;20,3
2020-02-18T00:00:00+00:00;DRGNBEAR/USD;1638,00000000;1811,50000000;1324,00000000;1395,00000000;-17,42
2020-02-17T00:00:00+00:00;DRGNBEAR/USD;1565,50000000;2003,00000000;1520,50000000;1638,00000000;4,43
2020-02-16T00:00:00+00:00;DRGNBEAR/USD;1322,50000000;1897,50000000;1162,00000000;1561,50000000;15,31
2020-02-15T00:00:00+00:00;DRGNBEAR/USD;998,00000000;1418,25000000;952,50000000;1322,50000000;24,54
2020-02-14T00:00:00+00:00;DRGNBEAR/USD;1212,00000000;1272,50000000;988,00000000;998,00000000;-21,44
2020-02-13T00:00:00+00:00;DRGNBEAR/USD;1219,50000000;1329,00000000;1026,50000000;1212,00000000;-0,62
2020-02-12T00:00:00+00:00;DRGNBEAR/USD;1393,00000000;1393,00000000;1138,50000000;1219,50000000;-14,23
2020-02-11T00:00:00+00:00;DRGNBEAR/USD;1645,50000000;1784,50000000;1378,50000000;1393,00000000;-18,13
2020-02-10T00:00:00+00:00;DRGNBEAR/USD;1534,50000000;1810,00000000;1513,50000000;1645,50000000;6,75
2020-02-09T00:00:00+00:00;DRGNBEAR/USD;1826,00000000;1829,00000000;1531,00000000;1534,50000000;-19,0
2020-02-08T00:00:00+00:00;DRGNBEAR/USD;1727,00000000;2039,00000000;1724,50000000;1825,00000000;5,37
2020-02-07T00:00:00+00:00;DRGNBEAR/USD;1712,00000000;1839,50000000;1629,00000000;1727,00000000;0,87
2020-02-06T00:00:00+00:00;DRGNBEAR/USD;1934,00000000;2041,50000000;1666,00000000;1712,00000000;-12,97
2020-02-05T00:00:00+00:00;DRGNBEAR/USD;2172,00000000;2181,00000000;1927,00000000;1934,00000000;-12,31
2020-02-04T00:00:00+00:00;DRGNBEAR/USD;2390,00000000;2568,00000000;2171,00000000;2172,00000000;-10,04
2020-02-03T00:00:00+00:00;DRGNBEAR/USD;2414,00000000;2509,00000000;2200,00000000;2390,00000000;-1,0
2020-02-02T00:00:00+00:00;DRGNBEAR/USD;2750,00000000;2886,00000000;2223,00000000;2414,00000000;-13,92
2020-02-01T00:00:00+00:00;DRGNBEAR/USD;2948,00000000;2967,00000000;2710,00000000;2750,00000000;-7,2
2020-01-31T00:00:00+00:00;DRGNBEAR/USD;2935,00000000;3271,00000000;2770,00000000;2948,00000000;0,44
2020-01-30T00:00:00+00:00;DRGNBEAR/USD;3125,00000000;3324,00000000;2879,00000000;2935,00000000;-6,47
2020-01-29T00:00:00+00:00;DRGNBEAR/USD;3090,00000000;3214,00000000;2913,00000000;3125,00000000;1,12
2020-01-28T00:00:00+00:00;DRGNBEAR/USD;3428,00000000;3428,00000000;3067,00000000;3085,00000000;-11,12
2020-01-27T00:00:00+00:00;DRGNBEAR/USD;3665,00000000;3732,00000000;3316,00000000;3428,00000000;-6,91
2020-01-26T00:00:00+00:00;DRGNBEAR/USD;4060,00000000;4146,00000000;3654,00000000;3665,00000000;-10,78
2020-01-25T00:00:00+00:00;DRGNBEAR/USD;4027,00000000;4309,00000000;3965,00000000;4060,00000000;0,81
2020-01-24T00:00:00+00:00;DRGNBEAR/USD;3938,00000000;4443,00000000;3909,00000000;4024,00000000;2,14
2020-01-23T00:00:00+00:00;DRGNBEAR/USD;3532,00000000;4161,00000000;3522,00000000;3938,00000000;10,31
2020-01-22T00:00:00+00:00;DRGNBEAR/USD;3594,00000000;3662,00000000;3374,00000000;3529,00000000;-1,84
2020-01-21T00:00:00+00:00;DRGNBEAR/USD;3782,00000000;3926,00000000;3542,00000000;3594,00000000;-5,23
2020-01-20T00:00:00+00:00;DRGNBEAR/USD;3676,00000000;4040,00000000;3630,00000000;3782,00000000;2,8
2020-01-19T00:00:00+00:00;DRGNBEAR/USD;3120,00000000;3879,00000000;2948,00000000;3676,00000000;15,13
2020-01-18T00:00:00+00:00;DRGNBEAR/USD;2939,00000000;3326,00000000;2859,00000000;3120,00000000;5,8
2020-01-17T00:00:00+00:00;DRGNBEAR/USD;3427,00000000;3565,00000000;2771,00000000;2939,00000000;-16,6
2020-01-16T00:00:00+00:00;DRGNBEAR/USD;3339,00000000;3884,00000000;3238,00000000;3427,00000000;2,57
2020-01-15T00:00:00+00:00;DRGNBEAR/USD;3570,00000000;3840,00000000;2910,00000000;3339,00000000;-6,92
2020-01-14T00:00:00+00:00;DRGNBEAR/USD;5124,00000000;5124,00000000;3451,00000000;3549,00000000;-44,38
2020-01-13T00:00:00+00:00;DRGNBEAR/USD;4747,00000000;5285,00000000;4733,00000000;5127,00000000;7,41
2020-01-12T00:00:00+00:00;DRGNBEAR/USD;5255,00000000;5385,00000000;4672,00000000;4747,00000000;-10,7
2020-01-11T00:00:00+00:00;DRGNBEAR/USD;5375,00000000;5625,00000000;4850,00000000;5255,00000000;-2,28
2020-01-10T00:00:00+00:00;DRGNBEAR/USD;6277,50000000;6417,50000000;5332,50000000;5380,00000000;-16,68
2020-01-09T00:00:00+00:00;DRGNBEAR/USD;6002,50000000;6375,00000000;6000,00000000;6277,50000000;4,38
2020-01-08T00:00:00+00:00;DRGNBEAR/USD;5545,00000000;6360,00000000;5255,00000000;6002,50000000;7,62
2020-01-07T00:00:00+00:00;DRGNBEAR/USD;5262,50000000;5895,00000000;5049,00000000;5535,00000000;4,92

