DATE/TIME;SYMBOL;OPEN;HIGH;LOW;CLOSE;EVOL % CLOSE/HIGH
2022-01-05T00:00:00+00:00;BSVBEAR/USD;0,00000959;0,00000967;0,00000929;0,00000936;-2,46
2022-01-04T00:00:00+00:00;BSVBEAR/USD;0,00000956;0,00000971;0,00000910;0,00000959;0,31
2022-01-03T00:00:00+00:00;BSVBEAR/USD;0,00000913;0,00000973;0,00000913;0,00000956;4,5
2022-01-02T00:00:00+00:00;BSVBEAR/USD;0,00000943;0,00000943;0,00000888;0,00000913;-3,29
2022-01-01T00:00:00+00:00;BSVBEAR/USD;0,00000977;0,00000977;0,00000942;0,00000943;-3,61
2021-12-31T00:00:00+00:00;BSVBEAR/USD;0,00000974;0,00000999;0,00000872;0,00000977;0,31
2021-12-30T00:00:00+00:00;BSVBEAR/USD;0,00000974;0,00000990;0,00000940;0,00000974;0,0
2021-12-29T00:00:00+00:00;BSVBEAR/USD;0,00000974;0,00000983;0,00000813;0,00000974;0,0
2021-12-28T00:00:00+00:00;BSVBEAR/USD;0,00000859;0,00000982;0,00000859;0,00000974;11,81
2021-12-27T00:00:00+00:00;BSVBEAR/USD;0,00000852;0,00000859;0,00000756;0,00000859;0,81
2021-12-26T00:00:00+00:00;BSVBEAR/USD;0,00000836;0,00000893;0,00000836;0,00000852;1,88
2021-12-25T00:00:00+00:00;BSVBEAR/USD;0,00000836;0,00000852;0,00000802;0,00000836;0,0
2021-12-24T00:00:00+00:00;BSVBEAR/USD;0,00000839;0,00000852;0,00000770;0,00000836;-0,36
2021-12-23T00:00:00+00:00;BSVBEAR/USD;0,00000959;0,00001006;0,00000842;0,00000852;-12,56
2021-12-22T00:00:00+00:00;BSVBEAR/USD;0,00000953;0,00000977;0,00000924;0,00000959;0,63
2021-12-21T00:00:00+00:00;BSVBEAR/USD;0,00001017;0,00001020;0,00000944;0,00000953;-6,72
2021-12-20T00:00:00+00:00;BSVBEAR/USD;0,00000994;0,00001076;0,00000952;0,00001017;2,26
2021-12-19T00:00:00+00:00;BSVBEAR/USD;0,00000925;0,00001015;0,00000889;0,00000994;6,94
2021-12-18T00:00:00+00:00;BSVBEAR/USD;0,00000970;0,00001022;0,00000913;0,00000925;-4,86
2021-12-17T00:00:00+00:00;BSVBEAR/USD;0,00001054;0,00001172;0,00000932;0,00000970;-8,66
2021-12-16T00:00:00+00:00;BSVBEAR/USD;0,00000957;0,00001061;0,00000915;0,00001054;9,2
2021-12-15T00:00:00+00:00;BSVBEAR/USD;0,00000977;0,00001119;0,00000934;0,00000957;-2,09
2021-12-14T00:00:00+00:00;BSVBEAR/USD;0,00001006;0,00001090;0,00000912;0,00000977;-2,97
2021-12-13T00:00:00+00:00;BSVBEAR/USD;0,00000850;0,00001122;0,00000850;0,00001006;15,51
2021-12-12T00:00:00+00:00;BSVBEAR/USD;0,00000812;0,00000900;0,00000808;0,00000850;4,47
2021-12-11T00:00:00+00:00;BSVBEAR/USD;0,00000981;0,00001030;0,00000722;0,00000812;-20,81
2021-12-10T00:00:00+00:00;BSVBEAR/USD;0,00000910;0,00000999;0,00000767;0,00000981;7,24
2021-12-09T00:00:00+00:00;BSVBEAR/USD;0,00000688;0,00000960;0,00000668;0,00000910;24,4
2021-12-08T00:00:00+00:00;BSVBEAR/USD;0,00000567;0,00000728;0,00000561;0,00000688;17,59
2021-12-07T00:00:00+00:00;BSVBEAR/USD;0,00000773;0,00000894;0,00000460;0,00000567;-36,33
2021-12-06T00:00:00+00:00;BSVBEAR/USD;0,00001919;0,00002200;0,00000740;0,00000773;-148,25
2021-12-05T00:00:00+00:00;BSVBEAR/USD;0,00001569;0,00001985;0,00001523;0,00001919;18,24
2021-12-04T00:00:00+00:00;BSVBEAR/USD;0,00001282;0,00002577;0,00001266;0,00001569;18,29
2021-12-03T00:00:00+00:00;BSVBEAR/USD;0,00001106;0,00001307;0,00001106;0,00001282;13,73
2021-12-02T00:00:00+00:00;BSVBEAR/USD;0,00001106;0,00001227;0,00001031;0,00001106;0,0
2021-12-01T00:00:00+00:00;BSVBEAR/USD;0,00001074;0,00001195;0,00001046;0,00001106;2,89
2021-11-30T00:00:00+00:00;BSVBEAR/USD;0,00001091;0,00001185;0,00001002;0,00001074;-1,58
2021-11-29T00:00:00+00:00;BSVBEAR/USD;0,00001101;0,00001174;0,00001032;0,00001091;-0,92
2021-11-28T00:00:00+00:00;BSVBEAR/USD;0,00001224;0,00001304;0,00001037;0,00001101;-11,17
2021-11-27T00:00:00+00:00;BSVBEAR/USD;0,00001244;0,00001292;0,00001075;0,00001224;-1,63
2021-11-26T00:00:00+00:00;BSVBEAR/USD;0,00000963;0,00001285;0,00000950;0,00001244;22,59
2021-11-25T00:00:00+00:00;BSVBEAR/USD;0,00001002;0,00001051;0,00000944;0,00000963;-4,05
2021-11-24T00:00:00+00:00;BSVBEAR/USD;0,00001044;0,00001140;0,00000994;0,00001002;-4,19
2021-11-23T00:00:00+00:00;BSVBEAR/USD;0,00001089;0,00001147;0,00001043;0,00001044;-4,31
2021-11-22T00:00:00+00:00;BSVBEAR/USD;0,00000970;0,00001116;0,00000970;0,00001089;10,93
2021-11-21T00:00:00+00:00;BSVBEAR/USD;0,00001040;0,00001091;0,00000964;0,00000970;-7,22
2021-11-20T00:00:00+00:00;BSVBEAR/USD;0,00001114;0,00001120;0,00001029;0,00001040;-7,12
2021-11-19T00:00:00+00:00;BSVBEAR/USD;0,00001236;0,00001331;0,00001096;0,00001114;-10,95
2021-11-18T00:00:00+00:00;BSVBEAR/USD;0,00001012;0,00001289;0,00000985;0,00001236;18,12
2021-11-17T00:00:00+00:00;BSVBEAR/USD;0,00001007;0,00001064;0,00000934;0,00001012;0,49
2021-11-16T00:00:00+00:00;BSVBEAR/USD;0,00000831;0,00001048;0,00000823;0,00001007;17,48
2021-11-15T00:00:00+00:00;BSVBEAR/USD;0,00000800;0,00000849;0,00000732;0,00000831;3,73
2021-11-14T00:00:00+00:00;BSVBEAR/USD;0,00000845;0,00000845;0,00000790;0,00000800;-5,63
2021-11-13T00:00:00+00:00;BSVBEAR/USD;0,00000876;0,00000883;0,00000834;0,00000845;-3,67
2021-11-12T00:00:00+00:00;BSVBEAR/USD;0,00000796;0,00000922;0,00000772;0,00000876;9,13
2021-11-11T00:00:00+00:00;BSVBEAR/USD;0,00000796;0,00000818;0,00000747;0,00000796;0,0
2021-11-10T00:00:00+00:00;BSVBEAR/USD;0,00000640;0,00000824;0,00000591;0,00000797;19,7
2021-11-09T00:00:00+00:00;BSVBEAR/USD;0,00000860;0,00000863;0,00000639;0,00000640;-34,38
2021-11-08T00:00:00+00:00;BSVBEAR/USD;0,00001056;0,00001062;0,00000860;0,00000860;-22,79
2021-11-07T00:00:00+00:00;BSVBEAR/USD;0,00001043;0,00001062;0,00001029;0,00001056;1,23
2021-11-06T00:00:00+00:00;BSVBEAR/USD;0,00000940;0,00001069;0,00000940;0,00001043;9,88
2021-11-05T00:00:00+00:00;BSVBEAR/USD;0,00000990;0,00000998;0,00000876;0,00000940;-5,32
2021-11-04T00:00:00+00:00;BSVBEAR/USD;0,00000992;0,00001078;0,00000944;0,00000990;-0,2
2021-11-03T00:00:00+00:00;BSVBEAR/USD;0,00001019;0,00001092;0,00000979;0,00000992;-2,72
2021-11-02T00:00:00+00:00;BSVBEAR/USD;0,00001115;0,00001150;0,00001019;0,00001019;-9,42
2021-11-01T00:00:00+00:00;BSVBEAR/USD;0,00001113;0,00001151;0,00001032;0,00001115;0,18
2021-10-31T00:00:00+00:00;BSVBEAR/USD;0,00001160;0,00001204;0,00001087;0,00001117;-3,85
2021-10-30T00:00:00+00:00;BSVBEAR/USD;0,00001105;0,00001217;0,00001093;0,00001160;4,74
2021-10-29T00:00:00+00:00;BSVBEAR/USD;0,00001149;0,00001203;0,00001080;0,00001105;-3,98
2021-10-28T00:00:00+00:00;BSVBEAR/USD;0,00001415;0,00001425;0,00001117;0,00001149;-23,15
2021-10-27T00:00:00+00:00;BSVBEAR/USD;0,00001063;0,00001422;0,00001052;0,00001415;24,88
2021-10-26T00:00:00+00:00;BSVBEAR/USD;0,00001081;0,00001105;0,00001012;0,00001063;-1,69
2021-10-25T00:00:00+00:00;BSVBEAR/USD;0,00001055;0,00001107;0,00001008;0,00001081;2,41
2021-10-24T00:00:00+00:00;BSVBEAR/USD;0,00001053;0,00001110;0,00000966;0,00001055;0,19
2021-10-23T00:00:00+00:00;BSVBEAR/USD;0,00001112;0,00001122;0,00001051;0,00001053;-5,6
2021-10-22T00:00:00+00:00;BSVBEAR/USD;0,00001090;0,00001134;0,00001049;0,00001112;1,98
2021-10-21T00:00:00+00:00;BSVBEAR/USD;0,00001016;0,00001101;0,00000820;0,00001090;6,79
2021-10-20T00:00:00+00:00;BSVBEAR/USD;0,00001112;0,00001132;0,00001016;0,00001016;-9,45
2021-10-19T00:00:00+00:00;BSVBEAR/USD;0,00001163;0,00001191;0,00001112;0,00001112;-4,59
2021-10-18T00:00:00+00:00;BSVBEAR/USD;0,00001157;0,00001205;0,00001054;0,00001163;0,52
2021-10-17T00:00:00+00:00;BSVBEAR/USD;0,00001068;0,00001233;0,00001062;0,00001157;7,69
2021-10-16T00:00:00+00:00;BSVBEAR/USD;0,00001083;0,00001106;0,00001037;0,00001078;-0,46
2021-10-15T00:00:00+00:00;BSVBEAR/USD;0,00001090;0,00001151;0,00000986;0,00001083;-0,65
2021-10-14T00:00:00+00:00;BSVBEAR/USD;0,00001094;0,00001127;0,00001030;0,00001090;-0,37
2021-10-13T00:00:00+00:00;BSVBEAR/USD;0,00001148;0,00001209;0,00001040;0,00001094;-4,94
2021-10-12T00:00:00+00:00;BSVBEAR/USD;0,00000992;0,00001251;0,00000990;0,00001148;13,59
2021-10-11T00:00:00+00:00;BSVBEAR/USD;0,00001084;0,00001128;0,00000934;0,00000992;-9,27
2021-10-10T00:00:00+00:00;BSVBEAR/USD;0,00000998;0,00001096;0,00000874;0,00001084;7,93
2021-10-09T00:00:00+00:00;BSVBEAR/USD;0,00001075;0,00001199;0,00000980;0,00000998;-7,72
2021-10-08T00:00:00+00:00;BSVBEAR/USD;0,00000957;0,00001113;0,00000957;0,00001075;10,98
2021-10-07T00:00:00+00:00;BSVBEAR/USD;0,00001967;0,00002123;0,00000956;0,00000957;-105,54
2021-10-06T00:00:00+00:00;BSVBEAR/USD;0,00002026;0,00002319;0,00001800;0,00001967;-3,0
2021-10-05T00:00:00+00:00;BSVBEAR/USD;0,00002246;0,00002297;0,00001903;0,00002026;-10,86
2021-10-04T00:00:00+00:00;BSVBEAR/USD;0,00002256;0,00002509;0,00002152;0,00002245;-0,49
2021-10-03T00:00:00+00:00;BSVBEAR/USD;0,00002573;0,00002659;0,00002121;0,00002256;-14,05
2021-10-02T00:00:00+00:00;BSVBEAR/USD;0,00002544;0,00002637;0,00002354;0,00002573;1,13
2021-10-01T00:00:00+00:00;BSVBEAR/USD;0,00003340;0,00003434;0,00002518;0,00002544;-31,29
2021-09-30T00:00:00+00:00;BSVBEAR/USD;0,00003636;0,00003690;0,00003306;0,00003340;-8,86
2021-09-29T00:00:00+00:00;BSVBEAR/USD;0,00003849;0,00004013;0,00003322;0,00003623;-6,24
2021-09-28T00:00:00+00:00;BSVBEAR/USD;0,00003558;0,00003893;0,00003309;0,00003849;7,56
2021-09-27T00:00:00+00:00;BSVBEAR/USD;0,00003417;0,00003784;0,00003185;0,00003558;3,96
2021-09-26T00:00:00+00:00;BSVBEAR/USD;0,00003105;0,00004374;0,00002779;0,00003417;9,13
2021-09-25T00:00:00+00:00;BSVBEAR/USD;0,00003126;0,00003452;0,00002950;0,00003105;-0,68
2021-09-24T00:00:00+00:00;BSVBEAR/USD;0,00002480;0,00003625;0,00002312;0,00003126;20,67
2021-09-23T00:00:00+00:00;BSVBEAR/USD;0,00002453;0,00002686;0,00002440;0,00002480;1,09
2021-09-22T00:00:00+00:00;BSVBEAR/USD;0,00003092;0,00003183;0,00002453;0,00002453;-26,05
2021-09-21T00:00:00+00:00;BSVBEAR/USD;0,00003900;0,00004355;0,00002352;0,00003092;-26,13
2021-09-20T00:00:00+00:00;BSVBEAR/USD;0,00002785;0,00004206;0,00002773;0,00003900;28,59
2021-09-19T00:00:00+00:00;BSVBEAR/USD;0,00002709;0,00002895;0,00002578;0,00002785;2,73
2021-09-18T00:00:00+00:00;BSVBEAR/USD;0,00002773;0,00002873;0,00002542;0,00002709;-2,36
2021-09-17T00:00:00+00:00;BSVBEAR/USD;0,00002775;0,00002854;0,00002516;0,00002773;-0,07
2021-09-16T00:00:00+00:00;BSVBEAR/USD;0,00002722;0,00002882;0,00002601;0,00002775;1,91
2021-09-15T00:00:00+00:00;BSVBEAR/USD;0,00002900;0,00003039;0,00002647;0,00002722;-6,54
2021-09-14T00:00:00+00:00;BSVBEAR/USD;0,00003190;0,00003256;0,00002877;0,00002900;-10,0
2021-09-13T00:00:00+00:00;BSVBEAR/USD;0,00002904;0,00003426;0,00002864;0,00003190;8,97
2021-09-12T00:00:00+00:00;BSVBEAR/USD;0,00002970;0,00003159;0,00002816;0,00002904;-2,27
2021-09-11T00:00:00+00:00;BSVBEAR/USD;0,00003177;0,00003308;0,00002732;0,00002970;-6,97
2021-09-10T00:00:00+00:00;BSVBEAR/USD;0,00002890;0,00003310;0,00002633;0,00003177;9,03
2021-09-09T00:00:00+00:00;BSVBEAR/USD;0,00002896;0,00003070;0,00002515;0,00002890;-0,21
2021-09-08T00:00:00+00:00;BSVBEAR/USD;0,00002979;0,00003427;0,00002783;0,00002896;-2,87
2021-09-07T00:00:00+00:00;BSVBEAR/USD;0,00001881;0,00003348;0,00001855;0,00002979;36,86
2021-09-06T00:00:00+00:00;BSVBEAR/USD;0,00001890;0,00002062;0,00001678;0,00001881;-0,48
2021-09-05T00:00:00+00:00;BSVBEAR/USD;0,00002063;0,00002261;0,00001872;0,00001886;-9,38
2021-09-04T00:00:00+00:00;BSVBEAR/USD;0,00002511;0,00002628;0,00001975;0,00002063;-21,72
2021-09-03T00:00:00+00:00;BSVBEAR/USD;0,00002917;0,00002917;0,00002408;0,00002511;-16,17
2021-09-02T00:00:00+00:00;BSVBEAR/USD;0,00002947;0,00002995;0,00002774;0,00002917;-1,03
2021-09-01T00:00:00+00:00;BSVBEAR/USD;0,00003226;0,00003394;0,00002920;0,00002947;-9,47
2021-08-31T00:00:00+00:00;BSVBEAR/USD;0,00003311;0,00003430;0,00002999;0,00003226;-2,63
2021-08-30T00:00:00+00:00;BSVBEAR/USD;0,00002943;0,00003381;0,00002699;0,00003324;11,46
2021-08-29T00:00:00+00:00;BSVBEAR/USD;0,00003540;0,00003540;0,00002363;0,00002943;-20,29
2021-08-28T00:00:00+00:00;BSVBEAR/USD;0,00003906;0,00004052;0,00003219;0,00003540;-10,34
2021-08-27T00:00:00+00:00;BSVBEAR/USD;0,00004120;0,00004444;0,00003764;0,00003906;-5,48
2021-08-26T00:00:00+00:00;BSVBEAR/USD;0,00003699;0,00004371;0,00003587;0,00004120;10,22
2021-08-25T00:00:00+00:00;BSVBEAR/USD;0,00003933;0,00004157;0,00003601;0,00003701;-6,27
2021-08-24T00:00:00+00:00;BSVBEAR/USD;0,00003459;0,00004071;0,00003368;0,00003933;12,05
2021-08-23T00:00:00+00:00;BSVBEAR/USD;0,00003573;0,00003641;0,00003240;0,00003459;-3,3
2021-08-22T00:00:00+00:00;BSVBEAR/USD;0,00003560;0,00004009;0,00003346;0,00003573;0,36
2021-08-21T00:00:00+00:00;BSVBEAR/USD;0,00003280;0,00003722;0,00003238;0,00003560;7,87
2021-08-20T00:00:00+00:00;BSVBEAR/USD;0,00004117;0,00004255;0,00003157;0,00003280;-25,52
2021-08-19T00:00:00+00:00;BSVBEAR/USD;0,00004467;0,00004896;0,00004114;0,00004117;-8,5
2021-08-18T00:00:00+00:00;BSVBEAR/USD;0,00004247;0,00004726;0,00004093;0,00004467;4,93
2021-08-17T00:00:00+00:00;BSVBEAR/USD;0,00003709;0,00004392;0,00003384;0,00004264;13,02
2021-08-16T00:00:00+00:00;BSVBEAR/USD;0,00003551;0,00003819;0,00003179;0,00003709;4,26
2021-08-15T00:00:00+00:00;BSVBEAR/USD;0,00003786;0,00004101;0,00003355;0,00003551;-6,62
2021-08-14T00:00:00+00:00;BSVBEAR/USD;0,00003771;0,00004245;0,00003649;0,00003786;0,4
2021-08-13T00:00:00+00:00;BSVBEAR/USD;0,00004912;0,00005020;0,00003757;0,00003771;-30,26
2021-08-12T00:00:00+00:00;BSVBEAR/USD;0,00004544;0,00005153;0,00004012;0,00004912;7,49
2021-08-11T00:00:00+00:00;BSVBEAR/USD;0,00005365;0,00005426;0,00004090;0,00004539;-18,2
2021-08-10T00:00:00+00:00;BSVBEAR/USD;0,00005264;0,00005827;0,00004895;0,00005365;1,88
2021-08-09T00:00:00+00:00;BSVBEAR/USD;0,00006369;0,00006667;0,00004982;0,00005260;-21,08
2021-08-08T00:00:00+00:00;BSVBEAR/USD;0,00005304;0,00006424;0,00005263;0,00006369;16,72
2021-08-07T00:00:00+00:00;BSVBEAR/USD;0,00006711;0,00006823;0,00004756;0,00005304;-26,53
2021-08-06T00:00:00+00:00;BSVBEAR/USD;0,00007520;0,00007687;0,00006468;0,00006719;-11,92
2021-08-05T00:00:00+00:00;BSVBEAR/USD;0,00007650;0,00008452;0,00007429;0,00007520;-1,73
2021-08-04T00:00:00+00:00;BSVBEAR/USD;0,00007912;0,00008612;0,00007184;0,00007650;-3,42
2021-08-03T00:00:00+00:00;BSVBEAR/USD;0,00006908;0,00008054;0,00006540;0,00007912;12,69
2021-08-02T00:00:00+00:00;BSVBEAR/USD;0,00007442;0,00007804;0,00006171;0,00006908;-7,73
2021-08-01T00:00:00+00:00;BSVBEAR/USD;0,00007922;0,00008070;0,00006457;0,00007442;-6,45
2021-07-31T00:00:00+00:00;BSVBEAR/USD;0,00007819;0,00008398;0,00007576;0,00007922;1,3
2021-07-30T00:00:00+00:00;BSVBEAR/USD;0,00008352;0,00009274;0,00007801;0,00007819;-6,82
2021-07-29T00:00:00+00:00;BSVBEAR/USD;0,00009299;0,00009502;0,00008025;0,00008352;-11,34
2021-07-28T00:00:00+00:00;BSVBEAR/USD;0,00009510;0,00009885;0,00008921;0,00009299;-2,27
2021-07-27T00:00:00+00:00;BSVBEAR/USD;0,00010444;0,00010994;0,00009497;0,00009510;-9,82
2021-07-26T00:00:00+00:00;BSVBEAR/USD;0,00011380;0,00011480;0,00008769;0,00010444;-8,96
2021-07-25T00:00:00+00:00;BSVBEAR/USD;0,00011560;0,00012250;0,00011200;0,00011380;-1,58
2021-07-24T00:00:00+00:00;BSVBEAR/USD;0,00011930;0,00012140;0,00010975;0,00011575;-3,07
2021-07-23T00:00:00+00:00;BSVBEAR/USD;0,00012555;0,00013195;0,00011865;0,00011930;-5,24
2021-07-22T00:00:00+00:00;BSVBEAR/USD;0,00013270;0,00014555;0,00012470;0,00012555;-5,69
2021-07-21T00:00:00+00:00;BSVBEAR/USD;0,00017075;0,00017670;0,00012675;0,00013270;-28,67
2021-07-20T00:00:00+00:00;BSVBEAR/USD;0,00015320;0,00018480;0,00014685;0,00017075;10,28
2021-07-19T00:00:00+00:00;BSVBEAR/USD;0,00013855;0,00016050;0,00013705;0,00015320;9,56
2021-07-18T00:00:00+00:00;BSVBEAR/USD;0,00013815;0,00014275;0,00012915;0,00013855;0,29
2021-07-17T00:00:00+00:00;BSVBEAR/USD;0,00014090;0,00014980;0,00013175;0,00013815;-1,99
2021-07-16T00:00:00+00:00;BSVBEAR/USD;0,00012545;0,00014160;0,00011990;0,00014090;10,97
2021-07-15T00:00:00+00:00;BSVBEAR/USD;0,00011440;0,00013380;0,00011085;0,00012545;8,81
2021-07-14T00:00:00+00:00;BSVBEAR/USD;0,00010485;0,00013070;0,00010099;0,00011440;8,35
2021-07-13T00:00:00+00:00;BSVBEAR/USD;0,00010261;0,00010703;0,00009932;0,00010475;2,04
2021-07-12T00:00:00+00:00;BSVBEAR/USD;0,00010218;0,00010551;0,00009000;0,00010254;0,35
2021-07-11T00:00:00+00:00;BSVBEAR/USD;0,00010108;0,00010540;0,00009524;0,00010218;1,08
2021-07-10T00:00:00+00:00;BSVBEAR/USD;0,00010144;0,00010810;0,00009646;0,00010108;-0,36
2021-07-09T00:00:00+00:00;BSVBEAR/USD;0,00009846;0,00011140;0,00009783;0,00010144;2,94
2021-07-08T00:00:00+00:00;BSVBEAR/USD;0,00009965;0,00011142;0,00008708;0,00009846;-1,21
2021-07-07T00:00:00+00:00;BSVBEAR/USD;0,00009936;0,00010142;0,00008538;0,00009965;0,29
2021-07-06T00:00:00+00:00;BSVBEAR/USD;0,00009836;0,00011232;0,00008118;0,00009936;1,01
2021-07-05T00:00:00+00:00;BSVBEAR/USD;0,00008433;0,00010066;0,00008393;0,00009836;14,26
2021-07-04T00:00:00+00:00;BSVBEAR/USD;0,00008973;0,00009514;0,00007562;0,00008433;-6,4
2021-07-03T00:00:00+00:00;BSVBEAR/USD;0,00009279;0,00009873;0,00008582;0,00008973;-3,41
2021-07-02T00:00:00+00:00;BSVBEAR/USD;0,00009150;0,00010483;0,00008919;0,00009279;1,39
2021-07-01T00:00:00+00:00;BSVBEAR/USD;0,00008976;0,00010656;0,00008080;0,00009150;1,9
2021-06-30T00:00:00+00:00;BSVBEAR/USD;0,00008097;0,00010610;0,00007767;0,00008976;9,79
2021-06-29T00:00:00+00:00;BSVBEAR/USD;0,00008454;0,00008616;0,00006334;0,00008097;-4,41
2021-06-28T00:00:00+00:00;BSVBEAR/USD;0,00016570;0,00016925;0,00006390;0,00008454;-96,0
2021-06-27T00:00:00+00:00;BSVBEAR/USD;0,00019515;0,00019875;0,00016320;0,00016570;-17,77
2021-06-26T00:00:00+00:00;BSVBEAR/USD;0,00022220;0,00024685;0,00019385;0,00019515;-13,86
2021-06-25T00:00:00+00:00;BSVBEAR/USD;0,00018295;0,00022715;0,00017005;0,00022220;17,66
2021-06-24T00:00:00+00:00;BSVBEAR/USD;0,00019640;0,00022210;0,00017275;0,00018295;-7,35
2021-06-23T00:00:00+00:00;BSVBEAR/USD;0,00026140;0,00028670;0,00018835;0,00019630;-33,16
2021-06-22T00:00:00+00:00;BSVBEAR/USD;0,00024320;0,00034390;0,00021550;0,00026140;6,96
2021-06-21T00:00:00+00:00;BSVBEAR/USD;0,00015460;0,00026030;0,00015205;0,00024320;36,43
2021-06-20T00:00:00+00:00;BSVBEAR/USD;0,00014835;0,00017995;0,00014585;0,00015460;4,04
2021-06-19T00:00:00+00:00;BSVBEAR/USD;0,00014385;0,00014855;0,00013660;0,00014835;3,03
2021-06-18T00:00:00+00:00;BSVBEAR/USD;0,00012945;0,00015480;0,00012580;0,00014320;9,6
2021-06-17T00:00:00+00:00;BSVBEAR/USD;0,00012705;0,00013470;0,00011740;0,00012945;1,85
2021-06-16T00:00:00+00:00;BSVBEAR/USD;0,00011590;0,00013380;0,00011570;0,00012705;8,78
2021-06-15T00:00:00+00:00;BSVBEAR/USD;0,00010775;0,00012015;0,00010620;0,00011590;7,03
2021-06-14T00:00:00+00:00;BSVBEAR/USD;0,00011340;0,00011795;0,00010510;0,00010775;-5,24
2021-06-13T00:00:00+00:00;BSVBEAR/USD;0,00013805;0,00014435;0,00011050;0,00011340;-21,74
2021-06-12T00:00:00+00:00;BSVBEAR/USD;0,00013360;0,00015295;0,00013360;0,00013805;3,22
2021-06-11T00:00:00+00:00;BSVBEAR/USD;0,00013990;0,00014790;0,00011555;0,00013360;-4,72
2021-06-10T00:00:00+00:00;BSVBEAR/USD;0,00012375;0,00014290;0,00012055;0,00014005;11,64
2021-06-09T00:00:00+00:00;BSVBEAR/USD;0,00015680;0,00017025;0,00012205;0,00012375;-26,71
2021-06-08T00:00:00+00:00;BSVBEAR/USD;0,00014880;0,00018725;0,00014130;0,00015680;5,1
2021-06-07T00:00:00+00:00;BSVBEAR/USD;0,00012220;0,00014990;0,00011965;0,00014880;17,88
2021-06-06T00:00:00+00:00;BSVBEAR/USD;0,00012410;0,00013185;0,00011550;0,00012220;-1,55
2021-06-05T00:00:00+00:00;BSVBEAR/USD;0,00013395;0,00015000;0,00012335;0,00012395;-8,07
2021-06-04T00:00:00+00:00;BSVBEAR/USD;0,00010780;0,00014330;0,00010680;0,00013395;19,52
2021-06-03T00:00:00+00:00;BSVBEAR/USD;0,00012055;0,00012920;0,00010265;0,00010820;-11,41
2021-06-02T00:00:00+00:00;BSVBEAR/USD;0,00014135;0,00015160;0,00011135;0,00012070;-17,11
2021-06-01T00:00:00+00:00;BSVBEAR/USD;0,00014570;0,00016525;0,00013915;0,00014135;-3,08
2021-05-31T00:00:00+00:00;BSVBEAR/USD;0,00017095;0,00018735;0,00014350;0,00014650;-16,69
2021-05-30T00:00:00+00:00;BSVBEAR/USD;0,00017975;0,00021205;0,00016030;0,00017095;-5,15
2021-05-29T00:00:00+00:00;BSVBEAR/USD;0,00016940;0,00019500;0,00013705;0,00017975;5,76
2021-05-28T00:00:00+00:00;BSVBEAR/USD;0,00013380;0,00018775;0,00013160;0,00016940;21,02
2021-05-27T00:00:00+00:00;BSVBEAR/USD;0,00013825;0,00016540;0,00011695;0,00013380;-3,33
2021-05-26T00:00:00+00:00;BSVBEAR/USD;0,00016200;0,00017090;0,00013005;0,00013825;-17,18
2021-05-25T00:00:00+00:00;BSVBEAR/USD;0,00015160;0,00019615;0,00013495;0,00016200;6,42
2021-05-24T00:00:00+00:00;BSVBEAR/USD;0,00028610;0,00030830;0,00015010;0,00015160;-88,72
2021-05-23T00:00:00+00:00;BSVBEAR/USD;0,00021195;0,00037255;0,00019440;0,00028610;25,92
2021-05-22T00:00:00+00:00;BSVBEAR/USD;0,00019565;0,00024780;0,00018740;0,00021195;7,69
2021-05-21T00:00:00+00:00;BSVBEAR/USD;0,00014490;0,00023435;0,00013120;0,00019565;25,94
2021-05-20T00:00:00+00:00;BSVBEAR/USD;0,00023320;0,00029160;0,00014200;0,00014490;-60,94
2021-05-19T00:00:00+00:00;BSVBEAR/USD;0,00010525;0,00026035;0,00010250;0,00023320;54,87
2021-05-18T00:00:00+00:00;BSVBEAR/USD;0,00010730;0,00011905;0,00008860;0,00010525;-1,95
2021-05-17T00:00:00+00:00;BSVBEAR/USD;0,00008461;0,00013343;0,00008421;0,00010730;21,15
2021-05-16T00:00:00+00:00;BSVBEAR/USD;0,00009388;0,00010310;0,00007412;0,00008461;-10,96
2021-05-15T00:00:00+00:00;BSVBEAR/USD;0,00007589;0,00009499;0,00007265;0,00009388;19,16
2021-05-14T00:00:00+00:00;BSVBEAR/USD;0,00009367;0,00009767;0,00006451;0,00007589;-23,43
2021-05-13T00:00:00+00:00;BSVBEAR/USD;0,00011235;0,00012020;0,00007691;0,00009367;-19,94
2021-05-12T00:00:00+00:00;BSVBEAR/USD;0,00007104;0,00012280;0,00006390;0,00011235;36,77
2021-05-11T00:00:00+00:00;BSVBEAR/USD;0,00011500;0,00012680;0,00006875;0,00007104;-61,88
2021-05-10T00:00:00+00:00;BSVBEAR/USD;0,00012235;0,00013950;0,00007433;0,00011500;-6,39
2021-05-09T00:00:00+00:00;BSVBEAR/USD;0,00011335;0,00014630;0,00010360;0,00012235;7,36
2021-05-08T00:00:00+00:00;BSVBEAR/USD;0,00010428;0,00013939;0,00008714;0,00011335;8,0
2021-05-07T00:00:00+00:00;BSVBEAR/USD;0,00008102;0,00011255;0,00007447;0,00010428;22,31
2021-05-06T00:00:00+00:00;BSVBEAR/USD;0,00008293;0,00010616;0,00006298;0,00008102;-2,36
2021-05-05T00:00:00+00:00;BSVBEAR/USD;0,00021770;0,00022150;0,00007105;0,00008293;-162,51
2021-05-04T00:00:00+00:00;BSVBEAR/USD;0,00016115;0,00023240;0,00015385;0,00021770;25,98
2021-05-03T00:00:00+00:00;BSVBEAR/USD;0,00023320;0,00023445;0,00014950;0,00016115;-44,71
2021-05-02T00:00:00+00:00;BSVBEAR/USD;0,00022980;0,00027345;0,00020535;0,00023320;1,46
2021-05-01T00:00:00+00:00;BSVBEAR/USD;0,00024870;0,00028440;0,00021390;0,00022980;-8,22
2021-04-30T00:00:00+00:00;BSVBEAR/USD;0,00040440;0,00042240;0,00023940;0,00024870;-62,61
2021-04-29T00:00:00+00:00;BSVBEAR/USD;0,00037270;0,00044000;0,00036350;0,00040440;7,84
2021-04-28T00:00:00+00:00;BSVBEAR/USD;0,00038150;0,00044850;0,00034420;0,00037270;-2,36
2021-04-27T00:00:00+00:00;BSVBEAR/USD;0,00052400;0,00054680;0,00037450;0,00038150;-37,35
2021-04-26T00:00:00+00:00;BSVBEAR/USD;0,00075725;0,00077125;0,00049875;0,00052400;-44,51
2021-04-25T00:00:00+00:00;BSVBEAR/USD;0,00081925;0,00084825;0,00061400;0,00075725;-8,19
2021-04-24T00:00:00+00:00;BSVBEAR/USD;0,00069375;0,00086175;0,00069375;0,00081925;15,32
2021-04-23T00:00:00+00:00;BSVBEAR/USD;0,00052160;0,00094530;0,00046280;0,00069375;24,81
2021-04-22T00:00:00+00:00;BSVBEAR/USD;0,00044900;0,00053180;0,00038610;0,00052160;13,92
2021-04-21T00:00:00+00:00;BSVBEAR/USD;0,00041670;0,00047420;0,00035160;0,00044900;7,19
2021-04-20T00:00:00+00:00;BSVBEAR/USD;0,00045700;0,00057130;0,00037650;0,00041750;-9,46
2021-04-19T00:00:00+00:00;BSVBEAR/USD;0,00034120;0,00048680;0,00031740;0,00045700;25,34
2021-04-18T00:00:00+00:00;BSVBEAR/USD;0,00026040;0,00046340;0,00024590;0,00034120;23,68
2021-04-17T00:00:00+00:00;BSVBEAR/USD;0,00017730;0,00026720;0,00016820;0,00026040;31,91
2021-04-16T00:00:00+00:00;BSVBEAR/USD;0,00036870;0,00048920;0,00012965;0,00017730;-107,95
2021-04-15T00:00:00+00:00;BSVBEAR/USD;0,00054180;0,00058520;0,00033110;0,00036870;-46,95
2021-04-14T00:00:00+00:00;BSVBEAR/USD;0,00075550;0,00080000;0,00046010;0,00054180;-39,44
2021-04-13T00:00:00+00:00;BSVBEAR/USD;0,00120700;0,00122100;0,00073250;0,00075550;-59,76
2021-04-12T00:00:00+00:00;BSVBEAR/USD;0,00102450;0,00129875;0,00101050;0,00120700;15,12
2021-04-11T00:00:00+00:00;BSVBEAR/USD;0,00105450;0,00114100;0,00086550;0,00102450;-2,93
2021-04-10T00:00:00+00:00;BSVBEAR/USD;0,00125350;0,00131850;0,00095925;0,00105450;-18,87
2021-04-09T00:00:00+00:00;BSVBEAR/USD;0,00145100;0,00155200;0,00108900;0,00125350;-15,76
2021-04-08T00:00:00+00:00;BSVBEAR/USD;0,00165750;0,00173550;0,00142550;0,00145100;-14,23
2021-04-07T00:00:00+00:00;BSVBEAR/USD;0,00130400;0,00180300;0,00111300;0,00166050;21,47
2021-04-06T00:00:00+00:00;BSVBEAR/USD;0,00158850;0,00170500;0,00103100;0,00130400;-21,82
2021-04-05T00:00:00+00:00;BSVBEAR/USD;0,00204450;0,00209700;0,00152050;0,00158850;-28,71
2021-04-04T00:00:00+00:00;BSVBEAR/USD;0,00242200;0,00247300;0,00195450;0,00204450;-18,46
2021-04-03T00:00:00+00:00;BSVBEAR/USD;0,00179700;0,00248450;0,00163100;0,00242200;25,81
2021-04-02T00:00:00+00:00;BSVBEAR/USD;0,00242500;0,00250300;0,00142950;0,00179700;-34,95
2021-04-01T00:00:00+00:00;BSVBEAR/USD;0,00290200;0,00306400;0,00215250;0,00242500;-19,67
2021-03-31T00:00:00+00:00;BSVBEAR/USD;0,00330500;0,00372400;0,00282800;0,00290200;-13,89
2021-03-30T00:00:00+00:00;BSVBEAR/USD;0,00336800;0,00350800;0,00321600;0,00330500;-1,91
2021-03-29T00:00:00+00:00;BSVBEAR/USD;0,00396300;0,00404500;0,00317200;0,00336800;-17,67
2021-03-28T00:00:00+00:00;BSVBEAR/USD;0,00385300;0,00407100;0,00371400;0,00396300;2,78
2021-03-27T00:00:00+00:00;BSVBEAR/USD;0,00371900;0,00411200;0,00362700;0,00385300;3,48
2021-03-26T00:00:00+00:00;BSVBEAR/USD;0,00442100;0,00446000;0,00361100;0,00371900;-18,88
2021-03-25T00:00:00+00:00;BSVBEAR/USD;0,00441500;0,00483500;0,00417700;0,00442100;0,14
2021-03-24T00:00:00+00:00;BSVBEAR/USD;0,00344000;0,00489800;0,00306000;0,00441500;22,08
2021-03-23T00:00:00+00:00;BSVBEAR/USD;0,00415000;0,00418600;0,00288600;0,00344000;-20,64
2021-03-22T00:00:00+00:00;BSVBEAR/USD;0,00443900;0,00483000;0,00316200;0,00415000;-6,96
2021-03-21T00:00:00+00:00;BSVBEAR/USD;0,00423100;0,00465300;0,00398800;0,00443900;4,69
2021-03-20T00:00:00+00:00;BSVBEAR/USD;0,00379200;0,00438800;0,00340400;0,00423100;10,38
2021-03-19T00:00:00+00:00;BSVBEAR/USD;0,00482500;0,00523900;0,00310900;0,00379200;-27,24
2021-03-18T00:00:00+00:00;BSVBEAR/USD;0,00544500;0,00559500;0,00450500;0,00482200;-12,92
2021-03-17T00:00:00+00:00;BSVBEAR/USD;0,00553500;0,00609500;0,00539750;0,00544500;-1,65
2021-03-16T00:00:00+00:00;BSVBEAR/USD;0,00584000;0,00638250;0,00512750;0,00553500;-5,51
2021-03-15T00:00:00+00:00;BSVBEAR/USD;0,00522100;0,00638250;0,00496000;0,00584000;10,6
2021-03-14T00:00:00+00:00;BSVBEAR/USD;0,00415100;0,00527600;0,00377200;0,00522100;20,49
2021-03-13T00:00:00+00:00;BSVBEAR/USD;0,00742500;0,00745500;0,00325500;0,00415100;-78,87
2021-03-12T00:00:00+00:00;BSVBEAR/USD;0,00725750;0,00833000;0,00695750;0,00742500;2,26
2021-03-11T00:00:00+00:00;BSVBEAR/USD;0,00722500;0,00768250;0,00692250;0,00725750;0,45
2021-03-10T00:00:00+00:00;BSVBEAR/USD;0,00699250;0,00760750;0,00641250;0,00722500;3,22
2021-03-09T00:00:00+00:00;BSVBEAR/USD;0,00747000;0,00759500;0,00699250;0,00699250;-6,83
2021-03-08T00:00:00+00:00;BSVBEAR/USD;0,00753500;0,00826250;0,00723750;0,00747000;-0,87
2021-03-07T00:00:00+00:00;BSVBEAR/USD;0,00798500;0,00806750;0,00745000;0,00753500;-5,97
2021-03-06T00:00:00+00:00;BSVBEAR/USD;0,00807500;0,00880750;0,00788000;0,00798500;-1,13
2021-03-05T00:00:00+00:00;BSVBEAR/USD;0,00803750;0,00879000;0,00798000;0,00807500;0,46
2021-03-04T00:00:00+00:00;BSVBEAR/USD;0,00718000;0,00827000;0,00686000;0,00803750;10,67
2021-03-03T00:00:00+00:00;BSVBEAR/USD;0,00757000;0,00773500;0,00648750;0,00718000;-5,43
2021-03-02T00:00:00+00:00;BSVBEAR/USD;0,00752750;0,00811000;0,00676000;0,00757000;0,56
2021-03-01T00:00:00+00:00;BSVBEAR/USD;0,00893000;0,00914500;0,00710000;0,00752750;-18,63
2021-02-28T00:00:00+00:00;BSVBEAR/USD;0,00802000;0,00977750;0,00792500;0,00893000;10,19
2021-02-27T00:00:00+00:00;BSVBEAR/USD;0,00890000;0,00897000;0,00666250;0,00802000;-10,97
2021-02-26T00:00:00+00:00;BSVBEAR/USD;0,00849250;0,01032750;0,00780500;0,00890000;4,58
2021-02-25T00:00:00+00:00;BSVBEAR/USD;0,00735250;0,00869250;0,00660750;0,00849250;13,42
2021-02-24T00:00:00+00:00;BSVBEAR/USD;0,00859500;0,00921250;0,00593750;0,00735250;-16,9
2021-02-23T00:00:00+00:00;BSVBEAR/USD;0,00627600;0,01043500;0,00625750;0,00859500;26,98
2021-02-22T00:00:00+00:00;BSVBEAR/USD;0,00467600;0,00776800;0,00459400;0,00627600;25,49
2021-02-21T00:00:00+00:00;BSVBEAR/USD;0,00587250;0,00605500;0,00423000;0,00467600;-25,59
2021-02-20T00:00:00+00:00;BSVBEAR/USD;0,00486500;0,00649100;0,00426900;0,00587250;17,16
2021-02-19T00:00:00+00:00;BSVBEAR/USD;0,00503700;0,00558900;0,00422600;0,00486500;-3,54
2021-02-18T00:00:00+00:00;BSVBEAR/USD;0,00473700;0,00515800;0,00414700;0,00503700;5,96
2021-02-17T00:00:00+00:00;BSVBEAR/USD;0,00526900;0,00586100;0,00419200;0,00473700;-11,23
2021-02-16T00:00:00+00:00;BSVBEAR/USD;0,00525250;0,00584400;0,00400300;0,00526900;0,31
2021-02-15T00:00:00+00:00;BSVBEAR/USD;0,00414900;0,00635600;0,00359600;0,00525250;21,01
2021-02-14T00:00:00+00:00;BSVBEAR/USD;0,00420700;0,00470600;0,00329800;0,00414900;-1,4
2021-02-13T00:00:00+00:00;BSVBEAR/USD;0,00663250;0,00763250;0,00403800;0,00420500;-57,73
2021-02-12T00:00:00+00:00;BSVBEAR/USD;0,00736750;0,00845500;0,00633500;0,00663250;-11,08
2021-02-11T00:00:00+00:00;BSVBEAR/USD;0,00928750;0,00977750;0,00678000;0,00736750;-26,06
2021-02-10T00:00:00+00:00;BSVBEAR/USD;0,00777750;0,01053250;0,00667250;0,00928750;16,26
2021-02-09T00:00:00+00:00;BSVBEAR/USD;0,01389500;0,01389500;0,00659500;0,00777750;-78,66
2021-02-08T00:00:00+00:00;BSVBEAR/USD;0,01716000;0,01773000;0,01363000;0,01389000;-23,54
2021-02-07T00:00:00+00:00;BSVBEAR/USD;0,01673500;0,01853500;0,01541500;0,01716000;2,48
2021-02-06T00:00:00+00:00;BSVBEAR/USD;0,01589000;0,01755500;0,01304500;0,01673500;5,05
2021-02-05T00:00:00+00:00;BSVBEAR/USD;0,01940000;0,01975000;0,01565500;0,01589000;-22,09
2021-02-04T00:00:00+00:00;BSVBEAR/USD;0,01753500;0,01979500;0,01605000;0,01940000;9,61
2021-02-03T00:00:00+00:00;BSVBEAR/USD;0,01827500;0,01843500;0,01586500;0,01753500;-4,22
2021-02-02T00:00:00+00:00;BSVBEAR/USD;0,01882000;0,01914000;0,01777000;0,01827500;-2,98
2021-02-01T00:00:00+00:00;BSVBEAR/USD;0,02121500;0,02168000;0,01639500;0,01882000;-12,73
2021-01-31T00:00:00+00:00;BSVBEAR/USD;0,01962500;0,02236000;0,01862000;0,02121500;7,49
2021-01-30T00:00:00+00:00;BSVBEAR/USD;0,02258500;0,02463500;0,01516000;0,01962500;-15,08
2021-01-29T00:00:00+00:00;BSVBEAR/USD;0,02423000;0,02618000;0,01793000;0,02258500;-7,28
2021-01-28T00:00:00+00:00;BSVBEAR/USD;0,03003000;0,03023000;0,02303000;0,02423000;-23,94
2021-01-27T00:00:00+00:00;BSVBEAR/USD;0,02461000;0,03145000;0,02450000;0,03003000;18,05
2021-01-26T00:00:00+00:00;BSVBEAR/USD;0,02183000;0,02551500;0,02183000;0,02461000;11,3
2021-01-25T00:00:00+00:00;BSVBEAR/USD;0,02483000;0,02520000;0,02026000;0,02183000;-13,74
2021-01-24T00:00:00+00:00;BSVBEAR/USD;0,02462000;0,02615000;0,02353000;0,02483000;0,85
2021-01-23T00:00:00+00:00;BSVBEAR/USD;0,02345000;0,02599000;0,02345000;0,02462000;4,75
2021-01-22T00:00:00+00:00;BSVBEAR/USD;0,02335500;0,02664500;0,02185500;0,02345000;0,41
2021-01-21T00:00:00+00:00;BSVBEAR/USD;0,01761500;0,02415000;0,01741500;0,02331500;24,45
2021-01-20T00:00:00+00:00;BSVBEAR/USD;0,01662000;0,02155500;0,01618500;0,01761500;5,65
2021-01-19T00:00:00+00:00;BSVBEAR/USD;0,01591000;0,01679000;0,01390000;0,01662000;4,27
2021-01-18T00:00:00+00:00;BSVBEAR/USD;0,01779000;0,01856000;0,01511000;0,01591000;-11,82
2021-01-17T00:00:00+00:00;BSVBEAR/USD;0,01623000;0,01918500;0,01585500;0,01779000;8,77
2021-01-16T00:00:00+00:00;BSVBEAR/USD;0,01552500;0,01734500;0,01397000;0,01623000;4,34
2021-01-15T00:00:00+00:00;BSVBEAR/USD;0,01327000;0,01923500;0,01293500;0,01552500;14,52
2021-01-14T00:00:00+00:00;BSVBEAR/USD;0,01525500;0,01712000;0,01099000;0,01327000;-14,96
2021-01-13T00:00:00+00:00;BSVBEAR/USD;0,02315500;0,02347000;0,01342500;0,01525500;-51,79
2021-01-12T00:00:00+00:00;BSVBEAR/USD;0,02392000;0,02618000;0,01848000;0,02315500;-3,3
2021-01-11T00:00:00+00:00;BSVBEAR/USD;0,01372000;0,02853500;0,01372000;0,02392000;42,64
2021-01-10T00:00:00+00:00;BSVBEAR/USD;0,01010250;0,01614000;0,00860750;0,01372000;26,37
2021-01-09T00:00:00+00:00;BSVBEAR/USD;0,05447500;0,05985000;0,00695000;0,01010250;-439,22
2021-01-08T00:00:00+00:00;BSVBEAR/USD;0,05895000;0,06962500;0,05080000;0,05447500;-8,21
2021-01-07T00:00:00+00:00;BSVBEAR/USD;0,05527500;0,06387500;0,04680000;0,05895000;6,23
2021-01-06T00:00:00+00:00;BSVBEAR/USD;0,06897500;0,07097500;0,05050000;0,05527500;-24,79
2021-01-05T00:00:00+00:00;BSVBEAR/USD;0,07080000;0,07682500;0,06620000;0,06897500;-2,65
2021-01-04T00:00:00+00:00;BSVBEAR/USD;0,06997500;0,07675000;0,05280000;0,07080000;1,17
2021-01-03T00:00:00+00:00;BSVBEAR/USD;0,08455000;0,08542500;0,06712500;0,06997500;-20,83
2021-01-02T00:00:00+00:00;BSVBEAR/USD;0,08487500;0,09200000;0,07762500;0,08455000;-0,38
2021-01-01T00:00:00+00:00;BSVBEAR/USD;0,08422500;0,08685000;0,08030000;0,08487500;0,77
2020-12-31T00:00:00+00:00;BSVBEAR/USD;0,07892500;0,09115000;0,07877500;0,08422500;6,29
2020-12-30T00:00:00+00:00;BSVBEAR/USD;0,08262500;0,08670000;0,07495000;0,07892500;-4,69
2020-12-29T00:00:00+00:00;BSVBEAR/USD;0,07722500;0,09540000;0,07582500;0,08262500;6,54
2020-12-28T00:00:00+00:00;BSVBEAR/USD;0,07867500;0,08027500;0,06900000;0,07722500;-1,88
2020-12-27T00:00:00+00:00;BSVBEAR/USD;0,08580000;0,09560000;0,06840000;0,07867500;-9,06
2020-12-26T00:00:00+00:00;BSVBEAR/USD;0,08437500;0,09102500;0,08130000;0,08580000;1,66
2020-12-25T00:00:00+00:00;BSVBEAR/USD;0,09052500;0,09410000;0,07850000;0,08437500;-7,29
2020-12-24T00:00:00+00:00;BSVBEAR/USD;0,10920000;0,11470000;0,08975000;0,09052500;-20,63
2020-12-23T00:00:00+00:00;BSVBEAR/USD;0,08385000;0,11617500;0,08207500;0,10920000;23,21
2020-12-22T00:00:00+00:00;BSVBEAR/USD;0,08407500;0,09377500;0,08097500;0,08385000;-0,27
2020-12-21T00:00:00+00:00;BSVBEAR/USD;0,07642500;0,08490000;0,06255000;0,08407500;9,1
2020-12-20T00:00:00+00:00;BSVBEAR/USD;0,08702500;0,09302500;0,06402500;0,07642500;-13,87
2020-12-19T00:00:00+00:00;BSVBEAR/USD;0,08480000;0,08967500;0,08212500;0,08702500;2,56
2020-12-18T00:00:00+00:00;BSVBEAR/USD;0,08417500;0,09200000;0,07797500;0,08480000;0,74
2020-12-17T00:00:00+00:00;BSVBEAR/USD;0,08227500;0,08720000;0,06735000;0,08427500;2,37
2020-12-16T00:00:00+00:00;BSVBEAR/USD;0,10257500;0,10595000;0,08122500;0,08227500;-24,67
2020-12-15T00:00:00+00:00;BSVBEAR/USD;0,10630000;0,11095000;0,09475000;0,10257500;-3,63
2020-12-14T00:00:00+00:00;BSVBEAR/USD;0,10280000;0,11120000;0,10130000;0,10630000;3,29
2020-12-13T00:00:00+00:00;BSVBEAR/USD;0,11055000;0,11095000;0,09600000;0,10280000;-7,54
2020-12-12T00:00:00+00:00;BSVBEAR/USD;0,11940000;0,11975000;0,10775000;0,11055000;-8,01
2020-12-11T00:00:00+00:00;BSVBEAR/USD;0,10925000;0,12290000;0,10775000;0,11940000;8,5
2020-12-10T00:00:00+00:00;BSVBEAR/USD;0,10247500;0,11330000;0,10095000;0,10925000;6,2
2020-12-09T00:00:00+00:00;BSVBEAR/USD;0,09735000;0,11847500;0,09687500;0,10247500;5,0
2020-12-08T00:00:00+00:00;BSVBEAR/USD;0,08780000;0,10307500;0,08495000;0,09735000;9,81
2020-12-07T00:00:00+00:00;BSVBEAR/USD;0,08902500;0,09375000;0,07575000;0,08780000;-1,4
2020-12-06T00:00:00+00:00;BSVBEAR/USD;0,08485000;0,09607500;0,08252500;0,08902500;4,69
2020-12-05T00:00:00+00:00;BSVBEAR/USD;0,09232500;0,09887500;0,08045000;0,08485000;-8,81
2020-12-04T00:00:00+00:00;BSVBEAR/USD;0,11380000;0,11930000;0,06957500;0,09232500;-23,26
2020-12-03T00:00:00+00:00;BSVBEAR/USD;0,11335000;0,11960000;0,10685000;0,11380000;0,4
2020-12-02T00:00:00+00:00;BSVBEAR/USD;0,11975000;0,12530000;0,11080000;0,11335000;-5,65
2020-12-01T00:00:00+00:00;BSVBEAR/USD;0,09620000;0,12115000;0,09392500;0,11975000;19,67
2020-11-30T00:00:00+00:00;BSVBEAR/USD;0,12875000;0,12875000;0,09230000;0,09620000;-33,84
2020-11-29T00:00:00+00:00;BSVBEAR/USD;0,13255000;0,13960000;0,12375000;0,12875000;-2,95
2020-11-28T00:00:00+00:00;BSVBEAR/USD;0,14610000;0,15280000;0,11815000;0,13255000;-10,22
2020-11-27T00:00:00+00:00;BSVBEAR/USD;0,13730000;0,16140000;0,12670000;0,14610000;6,02
2020-11-26T00:00:00+00:00;BSVBEAR/USD;0,09780000;0,16035000;0,09177500;0,13730000;28,77
2020-11-25T00:00:00+00:00;BSVBEAR/USD;0,07757500;0,10490000;0,07342500;0,09780000;20,68
2020-11-24T00:00:00+00:00;BSVBEAR/USD;0,09540000;0,09970000;0,06722500;0,07757500;-22,98
2020-11-23T00:00:00+00:00;BSVBEAR/USD;0,13185000;0,13910000;0,09282500;0,09540000;-38,21
2020-11-22T00:00:00+00:00;BSVBEAR/USD;0,10455000;0,14800000;0,10080000;0,13185000;20,71
2020-11-21T00:00:00+00:00;BSVBEAR/USD;0,17945000;0,17945000;0,09970000;0,10455000;-71,64
2020-11-20T00:00:00+00:00;BSVBEAR/USD;0,19705000;0,19755000;0,17175000;0,17945000;-9,81
2020-11-19T00:00:00+00:00;BSVBEAR/USD;0,19580000;0,21085000;0,17700000;0,19705000;0,63
2020-11-18T00:00:00+00:00;BSVBEAR/USD;0,17980000;0,22050000;0,16550000;0,19580000;8,17
2020-11-17T00:00:00+00:00;BSVBEAR/USD;0,21825000;0,21890000;0,16805000;0,17980000;-21,38
2020-11-16T00:00:00+00:00;BSVBEAR/USD;0,23305000;0,23875000;0,20335000;0,21825000;-6,78
2020-11-15T00:00:00+00:00;BSVBEAR/USD;0,21945000;0,23995000;0,21685000;0,23305000;5,84
2020-11-14T00:00:00+00:00;BSVBEAR/USD;0,20515000;0,23000000;0,20375000;0,21945000;6,52
2020-11-13T00:00:00+00:00;BSVBEAR/USD;0,21700000;0,22535000;0,20205000;0,20515000;-5,78
2020-11-12T00:00:00+00:00;BSVBEAR/USD;0,21430000;0,22865000;0,20640000;0,21700000;1,24
2020-11-11T00:00:00+00:00;BSVBEAR/USD;0,22060000;0,22300000;0,20040000;0,21430000;-2,94
2020-11-10T00:00:00+00:00;BSVBEAR/USD;0,21115000;0,22895000;0,20255000;0,22060000;4,28
2020-11-09T00:00:00+00:00;BSVBEAR/USD;0,18765000;0,22470000;0,18655000;0,21115000;11,13
2020-11-08T00:00:00+00:00;BSVBEAR/USD;0,20655000;0,21335000;0,18295000;0,18765000;-10,07
2020-11-07T00:00:00+00:00;BSVBEAR/USD;0,18510000;0,22085000;0,16790000;0,20655000;10,38
2020-11-06T00:00:00+00:00;BSVBEAR/USD;0,21815000;0,22410000;0,17800000;0,18510000;-17,86
2020-11-05T00:00:00+00:00;BSVBEAR/USD;0,26480000;0,26840000;0,20080000;0,21815000;-21,38
2020-11-04T00:00:00+00:00;BSVBEAR/USD;0,25580000;0,29230000;0,25540000;0,26480000;3,4
2020-11-03T00:00:00+00:00;BSVBEAR/USD;0,23290000;0,30070000;0,23290000;0,25580000;8,95
2020-11-02T00:00:00+00:00;BSVBEAR/USD;0,21080000;0,24305000;0,20110000;0,23290000;9,49
2020-11-01T00:00:00+00:00;BSVBEAR/USD;0,20905000;0,21980000;0,20250000;0,21080000;0,83
2020-10-31T00:00:00+00:00;BSVBEAR/USD;0,21395000;0,22010000;0,19645000;0,20905000;-2,34
2020-10-30T00:00:00+00:00;BSVBEAR/USD;0,20230000;0,23120000;0,19555000;0,21395000;5,45
2020-10-29T00:00:00+00:00;BSVBEAR/USD;0,19220000;0,21880000;0,18785000;0,20230000;4,99
2020-10-28T00:00:00+00:00;BSVBEAR/USD;0,17665000;0,20080000;0,17050000;0,19220000;8,09
2020-10-27T00:00:00+00:00;BSVBEAR/USD;0,17875000;0,18450000;0,16480000;0,17665000;-1,19
2020-10-26T00:00:00+00:00;BSVBEAR/USD;0,15915000;0,19780000;0,14750000;0,17875000;10,97
2020-10-25T00:00:00+00:00;BSVBEAR/USD;0,17600000;0,19220000;0,14780000;0,15895000;-10,73
2020-10-24T00:00:00+00:00;BSVBEAR/USD;0,21070000;0,21175000;0,17530000;0,17600000;-19,72
2020-10-23T00:00:00+00:00;BSVBEAR/USD;0,20045000;0,22640000;0,19680000;0,21070000;4,86
2020-10-22T00:00:00+00:00;BSVBEAR/USD;0,21745000;0,21770000;0,18820000;0,20045000;-8,48
2020-10-21T00:00:00+00:00;BSVBEAR/USD;0,25620000;0,25750000;0,20535000;0,21745000;-17,82
2020-10-20T00:00:00+00:00;BSVBEAR/USD;0,24570000;0,26710000;0,24290000;0,25620000;4,1
2020-10-19T00:00:00+00:00;BSVBEAR/USD;0,24430000;0,25400000;0,23900000;0,24570000;0,57
2020-10-18T00:00:00+00:00;BSVBEAR/USD;0,24930000;0,25210000;0,24290000;0,24430000;-2,05
2020-10-17T00:00:00+00:00;BSVBEAR/USD;0,24530000;0,25960000;0,24150000;0,24930000;1,6
2020-10-16T00:00:00+00:00;BSVBEAR/USD;0,21085000;0,27770000;0,20705000;0,24530000;14,04
2020-10-15T00:00:00+00:00;BSVBEAR/USD;0,21510000;0,22135000;0,19965000;0,21085000;-2,02
2020-10-14T00:00:00+00:00;BSVBEAR/USD;0,20640000;0,22400000;0,19935000;0,21510000;4,04
2020-10-13T00:00:00+00:00;BSVBEAR/USD;0,21040000;0,22090000;0,19540000;0,20640000;-1,94
2020-10-12T00:00:00+00:00;BSVBEAR/USD;0,20295000;0,22500000;0,19895000;0,21040000;3,54
2020-10-11T00:00:00+00:00;BSVBEAR/USD;0,20670000;0,20920000;0,19270000;0,20295000;-1,85
2020-10-10T00:00:00+00:00;BSVBEAR/USD;0,21635000;0,21660000;0,18930000;0,20670000;-4,67
2020-10-09T00:00:00+00:00;BSVBEAR/USD;0,22920000;0,23810000;0,20250000;0,21635000;-5,94
2020-10-08T00:00:00+00:00;BSVBEAR/USD;0,23700000;0,25170000;0,21420000;0,22920000;-3,4
2020-10-07T00:00:00+00:00;BSVBEAR/USD;0,26050000;0,27180000;0,21470000;0,23700000;-9,92
2020-10-06T00:00:00+00:00;BSVBEAR/USD;0,24500000;0,27610000;0,22610000;0,26050000;5,95
2020-10-05T00:00:00+00:00;BSVBEAR/USD;0,25090000;0,25740000;0,23590000;0,24500000;-2,41
2020-10-04T00:00:00+00:00;BSVBEAR/USD;0,26010000;0,27100000;0,24780000;0,25090000;-3,67
2020-10-03T00:00:00+00:00;BSVBEAR/USD;0,25410000;0,26280000;0,24750000;0,26010000;2,31
2020-10-02T00:00:00+00:00;BSVBEAR/USD;0,21900000;0,27060000;0,21685000;0,25410000;13,81
2020-10-01T00:00:00+00:00;BSVBEAR/USD;0,21195000;0,24250000;0,18840000;0,21890000;3,17
2020-09-30T00:00:00+00:00;BSVBEAR/USD;0,21120000;0,23500000;0,18000000;0,21195000;0,35
2020-09-29T00:00:00+00:00;BSVBEAR/USD;0,22800000;0,23135000;0,20560000;0,21120000;-7,95
2020-09-28T00:00:00+00:00;BSVBEAR/USD;0,21695000;0,22945000;0,19335000;0,22800000;4,85
2020-09-27T00:00:00+00:00;BSVBEAR/USD;0,25230000;0,27190000;0,20085000;0,21695000;-16,29
2020-09-26T00:00:00+00:00;BSVBEAR/USD;0,30610000;0,31560000;0,23640000;0,25230000;-21,32
2020-09-25T00:00:00+00:00;BSVBEAR/USD;0,29980000;0,32500000;0,29530000;0,30610000;2,06
2020-09-24T00:00:00+00:00;BSVBEAR/USD;0,34450000;0,35100000;0,28870000;0,29980000;-14,91
2020-09-23T00:00:00+00:00;BSVBEAR/USD;0,31410000;0,37050000;0,30570000;0,34450000;8,82
2020-09-22T00:00:00+00:00;BSVBEAR/USD;0,39960000;0,42240000;0,28690000;0,31410000;-27,22
2020-09-21T00:00:00+00:00;BSVBEAR/USD;0,34210000;0,42420000;0,33430000;0,39960000;14,39
2020-09-20T00:00:00+00:00;BSVBEAR/USD;0,29890000;0,36590000;0,29890000;0,34210000;12,63
2020-09-19T00:00:00+00:00;BSVBEAR/USD;0,29640000;0,30320000;0,28790000;0,29890000;0,84
2020-09-18T00:00:00+00:00;BSVBEAR/USD;0,28540000;0,30500000;0,28340000;0,29640000;3,71
2020-09-17T00:00:00+00:00;BSVBEAR/USD;0,29240000;0,29370000;0,27160000;0,28540000;-2,45
2020-09-16T00:00:00+00:00;BSVBEAR/USD;0,27880000;0,30160000;0,27410000;0,29240000;4,65
2020-09-15T00:00:00+00:00;BSVBEAR/USD;0,28810000;0,29790000;0,25930000;0,27880000;-3,34
2020-09-14T00:00:00+00:00;BSVBEAR/USD;0,29310000;0,30920000;0,28020000;0,28810000;-1,74
2020-09-13T00:00:00+00:00;BSVBEAR/USD;0,26770000;0,31110000;0,25870000;0,29310000;8,67
2020-09-12T00:00:00+00:00;BSVBEAR/USD;0,27410000;0,29210000;0,26300000;0,26770000;-2,39
2020-09-11T00:00:00+00:00;BSVBEAR/USD;0,27850000;0,29550000;0,27170000;0,27410000;-1,61
2020-09-10T00:00:00+00:00;BSVBEAR/USD;0,26450000;0,29310000;0,24790000;0,27850000;5,03
2020-09-09T00:00:00+00:00;BSVBEAR/USD;0,25960000;0,28110000;0,24620000;0,26450000;1,85
2020-09-08T00:00:00+00:00;BSVBEAR/USD;0,24380000;0,28100000;0,22410000;0,25960000;6,09
2020-09-07T00:00:00+00:00;BSVBEAR/USD;0,30530000;0,32090000;0,23550000;0,24380000;-25,23
2020-09-06T00:00:00+00:00;BSVBEAR/USD;0,30960000;0,33240000;0,28090000;0,30530000;-1,41
2020-09-05T00:00:00+00:00;BSVBEAR/USD;0,33910000;0,40450000;0,26840000;0,30960000;-9,53
2020-09-04T00:00:00+00:00;BSVBEAR/USD;0,41250000;0,41920000;0,30210000;0,33910000;-21,65
2020-09-03T00:00:00+00:00;BSVBEAR/USD;0,27260000;0,45750000;0,26100000;0,41250000;33,92
2020-09-02T00:00:00+00:00;BSVBEAR/USD;0,21165000;0,29345000;0,20515000;0,27260000;22,36
2020-09-01T00:00:00+00:00;BSVBEAR/USD;0,25700000;0,27020000;0,19805000;0,21165000;-21,43
2020-08-31T00:00:00+00:00;BSVBEAR/USD;0,24140000;0,25950000;0,22510000;0,25700000;6,07
2020-08-30T00:00:00+00:00;BSVBEAR/USD;0,26840000;0,27200000;0,23960000;0,24140000;-11,18
2020-08-29T00:00:00+00:00;BSVBEAR/USD;0,26250000;0,27360000;0,25690000;0,26840000;2,2
2020-08-28T00:00:00+00:00;BSVBEAR/USD;0,29300000;0,30190000;0,25270000;0,26250000;-11,62
2020-08-27T00:00:00+00:00;BSVBEAR/USD;0,26860000;0,31140000;0,26070000;0,29300000;8,33
2020-08-26T00:00:00+00:00;BSVBEAR/USD;0,26790000;0,28340000;0,25570000;0,26860000;0,26
2020-08-25T00:00:00+00:00;BSVBEAR/USD;0,22740000;0,29400000;0,22470000;0,26790000;15,12
2020-08-24T00:00:00+00:00;BSVBEAR/USD;0,27090000;0,27650000;0,21170000;0,22740000;-19,13
2020-08-23T00:00:00+00:00;BSVBEAR/USD;0,26220000;0,28690000;0,25730000;0,27090000;3,21
2020-08-22T00:00:00+00:00;BSVBEAR/USD;0,26860000;0,29950000;0,25820000;0,26220000;-2,44
2020-08-21T00:00:00+00:00;BSVBEAR/USD;0,22395000;0,27020000;0,21410000;0,26860000;16,62
2020-08-20T00:00:00+00:00;BSVBEAR/USD;0,23110000;0,24015000;0,21930000;0,22395000;-3,19
2020-08-19T00:00:00+00:00;BSVBEAR/USD;0,20340000;0,24675000;0,19675000;0,23110000;11,99
2020-08-18T00:00:00+00:00;BSVBEAR/USD;0,18115000;0,20465000;0,15875000;0,20340000;10,94
2020-08-17T00:00:00+00:00;BSVBEAR/USD;0,18465000;0,20215000;0,16885000;0,18115000;-1,93
2020-08-16T00:00:00+00:00;BSVBEAR/USD;0,18235000;0,21060000;0,16620000;0,18465000;1,25
2020-08-15T00:00:00+00:00;BSVBEAR/USD;0,22045000;0,22215000;0,17000000;0,18235000;-20,89
2020-08-14T00:00:00+00:00;BSVBEAR/USD;0,21605000;0,22755000;0,20175000;0,22045000;2,0
2020-08-13T00:00:00+00:00;BSVBEAR/USD;0,23820000;0,26705000;0,21350000;0,21605000;-10,25
2020-08-12T00:00:00+00:00;BSVBEAR/USD;0,23045000;0,26895000;0,22385000;0,23820000;3,25
2020-08-11T00:00:00+00:00;BSVBEAR/USD;0,19215000;0,25400000;0,18755000;0,23045000;16,62
2020-08-10T00:00:00+00:00;BSVBEAR/USD;0,19485000;0,20460000;0,17965000;0,19215000;-1,41
2020-08-09T00:00:00+00:00;BSVBEAR/USD;0,17815000;0,20650000;0,17375000;0,19485000;8,57
2020-08-08T00:00:00+00:00;BSVBEAR/USD;0,19085000;0,19435000;0,17245000;0,17815000;-7,13
2020-08-07T00:00:00+00:00;BSVBEAR/USD;0,16855000;0,22470000;0,15430000;0,19085000;11,68
2020-08-06T00:00:00+00:00;BSVBEAR/USD;0,17665000;0,18775000;0,15600000;0,16855000;-4,81
2020-08-05T00:00:00+00:00;BSVBEAR/USD;0,19245000;0,19770000;0,16855000;0,17665000;-8,94
2020-08-04T00:00:00+00:00;BSVBEAR/USD;0,18205000;0,22095000;0,16680000;0,19245000;5,4
2020-08-03T00:00:00+00:00;BSVBEAR/USD;0,22350000;0,22875000;0,16070000;0,18205000;-22,77
2020-08-02T00:00:00+00:00;BSVBEAR/USD;0,16260000;0,23300000;0,14045000;0,22350000;27,25
2020-08-01T00:00:00+00:00;BSVBEAR/USD;0,20590000;0,21325000;0,15785000;0,16260000;-26,63
2020-07-31T00:00:00+00:00;BSVBEAR/USD;0,26250000;0,27460000;0,19360000;0,20590000;-27,49
2020-07-30T00:00:00+00:00;BSVBEAR/USD;0,27270000;0,28850000;0,24830000;0,26250000;-3,89
2020-07-29T00:00:00+00:00;BSVBEAR/USD;0,25530000;0,27830000;0,24620000;0,27270000;6,38
2020-07-28T00:00:00+00:00;BSVBEAR/USD;0,30150000;0,32620000;0,23000000;0,25530000;-18,1
2020-07-27T00:00:00+00:00;BSVBEAR/USD;0,40320000;0,41280000;0,28060000;0,30150000;-33,73
2020-07-26T00:00:00+00:00;BSVBEAR/USD;0,37920000;0,43520000;0,35490000;0,40320000;5,95
2020-07-25T00:00:00+00:00;BSVBEAR/USD;0,50100000;0,50340000;0,37710000;0,37920000;-32,12
2020-07-24T00:00:00+00:00;BSVBEAR/USD;0,46160000;0,51975000;0,46060000;0,50100000;7,86
2020-07-23T00:00:00+00:00;BSVBEAR/USD;0,46750000;0,49560000;0,43400000;0,46160000;-1,28
2020-07-22T00:00:00+00:00;BSVBEAR/USD;0,51340000;0,54425000;0,46225000;0,46750000;-9,82
2020-07-21T00:00:00+00:00;BSVBEAR/USD;0,63300000;0,63675000;0,48600000;0,51340000;-23,3
2020-07-20T00:00:00+00:00;BSVBEAR/USD;0,59675000;0,66150000;0,59200000;0,63300000;5,73
2020-07-19T00:00:00+00:00;BSVBEAR/USD;0,58350000;0,71300000;0,58025000;0,59675000;2,22
2020-07-18T00:00:00+00:00;BSVBEAR/USD;0,59450000;0,60525000;0,57100000;0,58350000;-1,89
2020-07-17T00:00:00+00:00;BSVBEAR/USD;0,58000000;0,61550000;0,57450000;0,59450000;2,44
2020-07-16T00:00:00+00:00;BSVBEAR/USD;0,52870000;0,61720000;0,52570000;0,58000000;8,84
2020-07-15T00:00:00+00:00;BSVBEAR/USD;0,51920000;0,54700000;0,48110000;0,52870000;1,8
2020-07-14T00:00:00+00:00;BSVBEAR/USD;0,51220000;0,55970000;0,51050000;0,51920000;1,35
2020-07-13T00:00:00+00:00;BSVBEAR/USD;0,47900000;0,54700000;0,47500000;0,51220000;6,48
2020-07-12T00:00:00+00:00;BSVBEAR/USD;0,51760000;0,51760000;0,45100000;0,47900000;-8,06
2020-07-11T00:00:00+00:00;BSVBEAR/USD;0,51320000;0,53870000;0,50950000;0,51760000;0,85
2020-07-10T00:00:00+00:00;BSVBEAR/USD;0,48410000;0,56620000;0,48120000;0,51320000;5,67
2020-07-09T00:00:00+00:00;BSVBEAR/USD;0,45720000;0,51670000;0,43850000;0,48410000;5,56
2020-07-08T00:00:00+00:00;BSVBEAR/USD;0,48330000;0,50190000;0,43030000;0,45720000;-5,71
2020-07-07T00:00:00+00:00;BSVBEAR/USD;0,42970000;0,51760000;0,40780000;0,48330000;11,09
2020-07-06T00:00:00+00:00;BSVBEAR/USD;0,94200000;0,94275000;0,39400000;0,42970000;-119,22
2020-07-05T00:00:00+00:00;BSVBEAR/USD;0,89800000;1,00900000;0,89225000;0,94200000;4,67
2020-07-04T00:00:00+00:00;BSVBEAR/USD;0,92100000;0,98025000;0,89000000;0,89800000;-2,56
2020-07-03T00:00:00+00:00;BSVBEAR/USD;0,94200000;0,96500000;0,87000000;0,92100000;-2,28
2020-07-02T00:00:00+00:00;BSVBEAR/USD;0,87800000;0,99750000;0,87175000;0,94200000;6,79
2020-07-01T00:00:00+00:00;BSVBEAR/USD;0,88800000;1,03100000;0,85175000;0,87800000;-1,14
2020-06-30T00:00:00+00:00;BSVBEAR/USD;0,86525000;0,91525000;0,85325000;0,88800000;2,56
2020-06-29T00:00:00+00:00;BSVBEAR/USD;0,84950000;0,92125000;0,82150000;0,86525000;1,82
2020-06-28T00:00:00+00:00;BSVBEAR/USD;0,95575000;1,02725000;0,82175000;0,84950000;-12,51
2020-06-27T00:00:00+00:00;BSVBEAR/USD;0,77800000;1,25800000;0,76275000;0,95575000;18,6
2020-06-26T00:00:00+00:00;BSVBEAR/USD;0,71675000;0,80025000;0,71600000;0,77800000;7,87
2020-06-25T00:00:00+00:00;BSVBEAR/USD;0,71850000;0,77825000;0,70425000;0,71675000;-0,24
2020-06-24T00:00:00+00:00;BSVBEAR/USD;0,65800000;0,74300000;0,62325000;0,71850000;8,42
2020-06-23T00:00:00+00:00;BSVBEAR/USD;0,66650000;0,67950000;0,62500000;0,65800000;-1,29
2020-06-22T00:00:00+00:00;BSVBEAR/USD;0,75675000;0,75925000;0,63100000;0,66650000;-13,54
2020-06-21T00:00:00+00:00;BSVBEAR/USD;0,72750000;0,75975000;0,72125000;0,75675000;3,87
2020-06-20T00:00:00+00:00;BSVBEAR/USD;0,75675000;0,76675000;0,68825000;0,72750000;-4,02
2020-06-19T00:00:00+00:00;BSVBEAR/USD;0,73650000;0,78925000;0,73400000;0,75675000;2,68
2020-06-18T00:00:00+00:00;BSVBEAR/USD;0,70025000;0,76725000;0,69775000;0,73650000;4,92
2020-06-17T00:00:00+00:00;BSVBEAR/USD;0,67500000;0,73700000;0,66850000;0,70025000;3,61
2020-06-16T00:00:00+00:00;BSVBEAR/USD;0,72725000;0,74250000;0,67050000;0,67500000;-7,74
2020-06-15T00:00:00+00:00;BSVBEAR/USD;0,66025000;0,81550000;0,66025000;0,72725000;9,21
2020-06-14T00:00:00+00:00;BSVBEAR/USD;0,62525000;0,67975000;0,62450000;0,66025000;5,3
2020-06-13T00:00:00+00:00;BSVBEAR/USD;0,62450000;0,64350000;0,62050000;0,62525000;0,12
2020-06-12T00:00:00+00:00;BSVBEAR/USD;0,65100000;0,65875000;0,60050000;0,62450000;-4,24
2020-06-11T00:00:00+00:00;BSVBEAR/USD;0,53725000;0,68175000;0,53225000;0,65100000;17,47
2020-06-10T00:00:00+00:00;BSVBEAR/USD;0,57525000;0,58475000;0,50400000;0,53725000;-7,07
2020-06-09T00:00:00+00:00;BSVBEAR/USD;0,55725000;0,59400000;0,55025000;0,57525000;3,13
2020-06-08T00:00:00+00:00;BSVBEAR/USD;0,55625000;0,58650000;0,55250000;0,55725000;0,18
2020-06-07T00:00:00+00:00;BSVBEAR/USD;0,53850000;0,60775000;0,53525000;0,55625000;3,19
2020-06-06T00:00:00+00:00;BSVBEAR/USD;0,53600000;0,55175000;0,52725000;0,53850000;0,46
2020-06-05T00:00:00+00:00;BSVBEAR/USD;0,53475000;0,54925000;0,51050000;0,53600000;0,23
2020-06-04T00:00:00+00:00;BSVBEAR/USD;0,53300000;0,55900000;0,49750000;0,53475000;0,33
2020-06-03T00:00:00+00:00;BSVBEAR/USD;0,52580000;0,56275000;0,52300000;0,53300000;1,35
2020-06-02T00:00:00+00:00;BSVBEAR/USD;0,49210000;0,57350000;0,43640000;0,52580000;6,41
2020-06-01T00:00:00+00:00;BSVBEAR/USD;0,57250000;0,57750000;0,47425000;0,49210000;-16,34
2020-05-31T00:00:00+00:00;BSVBEAR/USD;0,48870000;0,58680000;0,48770000;0,57250000;14,64
2020-05-30T00:00:00+00:00;BSVBEAR/USD;0,61675000;0,64500000;0,48000000;0,48870000;-26,2
2020-05-29T00:00:00+00:00;BSVBEAR/USD;0,59750000;0,63625000;0,57800000;0,61675000;3,12
2020-05-28T00:00:00+00:00;BSVBEAR/USD;0,64050000;0,68200000;0,58900000;0,59750000;-7,2
2020-05-27T00:00:00+00:00;BSVBEAR/USD;0,74350000;0,74475000;0,63725000;0,64050000;-16,08
2020-05-26T00:00:00+00:00;BSVBEAR/USD;0,68250000;0,79400000;0,68125000;0,74350000;8,2
2020-05-25T00:00:00+00:00;BSVBEAR/USD;0,69250000;0,73200000;0,65325000;0,68250000;-1,47
2020-05-24T00:00:00+00:00;BSVBEAR/USD;0,61775000;0,69350000;0,60150000;0,69250000;10,79
2020-05-23T00:00:00+00:00;BSVBEAR/USD;0,60100000;0,63350000;0,58000000;0,61775000;2,71
2020-05-22T00:00:00+00:00;BSVBEAR/USD;0,62675000;0,64925000;0,58725000;0,60100000;-4,28
2020-05-21T00:00:00+00:00;BSVBEAR/USD;0,58575000;0,67675000;0,51650000;0,62675000;6,54
2020-05-20T00:00:00+00:00;BSVBEAR/USD;0,54900000;0,62575000;0,53175000;0,58575000;6,27
2020-05-19T00:00:00+00:00;BSVBEAR/USD;0,52000000;0,59000000;0,51950000;0,54900000;5,28
2020-05-18T00:00:00+00:00;BSVBEAR/USD;0,66700000;0,66850000;0,49000000;0,52000000;-28,27
2020-05-17T00:00:00+00:00;BSVBEAR/USD;0,69600000;0,70275000;0,63025000;0,66700000;-4,35
2020-05-16T00:00:00+00:00;BSVBEAR/USD;0,71350000;0,73050000;0,66675000;0,69600000;-2,51
2020-05-15T00:00:00+00:00;BSVBEAR/USD;0,65000000;0,73850000;0,64100000;0,71350000;8,9
2020-05-14T00:00:00+00:00;BSVBEAR/USD;0,67075000;0,70225000;0,62125000;0,65000000;-3,19
2020-05-13T00:00:00+00:00;BSVBEAR/USD;0,70850000;0,74000000;0,64000000;0,67075000;-5,63
2020-05-12T00:00:00+00:00;BSVBEAR/USD;0,69725000;0,75825000;0,63250000;0,70850000;1,59
2020-05-11T00:00:00+00:00;BSVBEAR/USD;0,76625000;0,90775000;0,69100000;0,69725000;-9,9
2020-05-10T00:00:00+00:00;BSVBEAR/USD;0,55325000;0,84000000;0,55000000;0,76625000;27,8
2020-05-09T00:00:00+00:00;BSVBEAR/USD;0,55400000;0,56700000;0,48125000;0,55325000;-0,14
2020-05-08T00:00:00+00:00;BSVBEAR/USD;0,56600000;0,57975000;0,51300000;0,55400000;-2,17
2020-05-07T00:00:00+00:00;BSVBEAR/USD;0,64000000;0,67200000;0,54675000;0,56600000;-13,07
2020-05-06T00:00:00+00:00;BSVBEAR/USD;0,58425000;0,64825000;0,56000000;0,63975000;8,68
2020-05-05T00:00:00+00:00;BSVBEAR/USD;0,61800000;0,63475000;0,53275000;0,58425000;-5,78
2020-05-04T00:00:00+00:00;BSVBEAR/USD;0,58050000;0,71750000;0,57075000;0,61800000;6,07
2020-05-03T00:00:00+00:00;BSVBEAR/USD;0,54025000;0,61625000;0,49450000;0,58050000;6,93
2020-05-02T00:00:00+00:00;BSVBEAR/USD;0,54725000;0,57150000;0,53700000;0,54025000;-1,3
2020-05-01T00:00:00+00:00;BSVBEAR/USD;0,57900000;0,58400000;0,51550000;0,54725000;-5,8
2020-04-30T00:00:00+00:00;BSVBEAR/USD;0,61475000;0,62275000;0,43300000;0,57900000;-6,17
2020-04-29T00:00:00+00:00;BSVBEAR/USD;0,75400000;0,75425000;0,56700000;0,61475000;-22,65
2020-04-28T00:00:00+00:00;BSVBEAR/USD;0,74900000;0,79525000;0,72875000;0,75400000;0,66
2020-04-27T00:00:00+00:00;BSVBEAR/USD;0,73750000;0,81075000;0,72300000;0,74900000;1,54
2020-04-26T00:00:00+00:00;BSVBEAR/USD;0,77150000;0,78325000;0,70525000;0,73750000;-4,61
2020-04-25T00:00:00+00:00;BSVBEAR/USD;0,78000000;0,81525000;0,70450000;0,77150000;-1,1
2020-04-24T00:00:00+00:00;BSVBEAR/USD;0,77275000;0,79525000;0,73350000;0,78000000;0,93
2020-04-23T00:00:00+00:00;BSVBEAR/USD;0,78325000;0,85175000;0,68350000;0,77275000;-1,36
2020-04-22T00:00:00+00:00;BSVBEAR/USD;0,94500000;0,96825000;0,74375000;0,78325000;-20,65
2020-04-21T00:00:00+00:00;BSVBEAR/USD;0,92625000;1,00825000;0,88000000;0,94500000;1,98
2020-04-20T00:00:00+00:00;BSVBEAR/USD;0,79850000;0,95225000;0,73150000;0,92625000;13,79
2020-04-19T00:00:00+00:00;BSVBEAR/USD;0,69075000;0,80375000;0,66500000;0,79850000;13,49
2020-04-18T00:00:00+00:00;BSVBEAR/USD;0,84750000;0,85600000;0,63700000;0,69075000;-22,69
2020-04-17T00:00:00+00:00;BSVBEAR/USD;0,81975000;0,85575000;0,79225000;0,84750000;3,27
2020-04-16T00:00:00+00:00;BSVBEAR/USD;1,05550000;1,22000000;0,74525000;0,81975000;-28,76
2020-04-15T00:00:00+00:00;BSVBEAR/USD;0,93900000;1,06300000;0,90175000;1,05550000;11,04
2020-04-14T00:00:00+00:00;BSVBEAR/USD;0,96225000;0,99575000;0,86850000;0,93900000;-2,48
2020-04-13T00:00:00+00:00;BSVBEAR/USD;0,92450000;1,06000000;0,92450000;0,96225000;3,92
2020-04-12T00:00:00+00:00;BSVBEAR/USD;1,04850000;1,10900000;0,76275000;0,92450000;-13,41
2020-04-11T00:00:00+00:00;BSVBEAR/USD;1,06650000;1,15750000;0,98500000;1,04850000;-1,72
2020-04-10T00:00:00+00:00;BSVBEAR/USD;0,75825000;1,16200000;0,74875000;1,06650000;28,9
2020-04-09T00:00:00+00:00;BSVBEAR/USD;0,70925000;0,82000000;0,61675000;0,75825000;6,46
2020-04-08T00:00:00+00:00;BSVBEAR/USD;1,26350000;1,27200000;0,65775000;0,70925000;-78,15
2020-04-07T00:00:00+00:00;BSVBEAR/USD;1,13350000;1,30750000;1,06850000;1,26350000;10,29
2020-04-06T00:00:00+00:00;BSVBEAR/USD;1,59250000;1,59250000;1,08250000;1,13400000;-40,43
2020-04-05T00:00:00+00:00;BSVBEAR/USD;1,46200000;1,70050000;1,45300000;1,59250000;8,19
2020-04-04T00:00:00+00:00;BSVBEAR/USD;1,47200000;1,58250000;1,41800000;1,46200000;-0,68
2020-04-03T00:00:00+00:00;BSVBEAR/USD;1,54200000;1,64700000;1,32100000;1,47200000;-4,76
2020-04-02T00:00:00+00:00;BSVBEAR/USD;1,88900000;1,93350000;1,20450000;1,54200000;-22,5
2020-04-01T00:00:00+00:00;BSVBEAR/USD;1,97800000;2,22900000;1,86000000;1,88900000;-4,71
2020-03-31T00:00:00+00:00;BSVBEAR/USD;1,96550000;2,06250000;1,82300000;1,97800000;0,63
2020-03-30T00:00:00+00:00;BSVBEAR/USD;3,06500000;3,07500000;1,72000000;1,96550000;-55,94
2020-03-29T00:00:00+00:00;BSVBEAR/USD;2,53400000;3,06500000;2,49100000;3,06500000;17,32
2020-03-28T00:00:00+00:00;BSVBEAR/USD;2,32500000;2,98200000;2,28200000;2,53400000;8,25
2020-03-27T00:00:00+00:00;BSVBEAR/USD;1,98300000;2,33600000;1,77650000;2,32750000;14,8
2020-03-26T00:00:00+00:00;BSVBEAR/USD;2,04650000;2,28800000;1,93000000;1,98650000;-3,02
2020-03-25T00:00:00+00:00;BSVBEAR/USD;1,87550000;2,20050000;1,84550000;2,04650000;8,36
2020-03-24T00:00:00+00:00;BSVBEAR/USD;2,29100000;2,29300000;1,77500000;1,87550000;-22,15
2020-03-23T00:00:00+00:00;BSVBEAR/USD;3,07200000;3,21400000;2,09200000;2,28600000;-34,38
2020-03-22T00:00:00+00:00;BSVBEAR/USD;2,76700000;3,19550000;1,92600000;3,07200000;9,93
2020-03-21T00:00:00+00:00;BSVBEAR/USD;3,35000000;3,60800000;2,47700000;2,76700000;-21,07
2020-03-20T00:00:00+00:00;BSVBEAR/USD;4,05400000;4,32400000;2,50000000;3,35000000;-21,01
2020-03-19T00:00:00+00:00;BSVBEAR/USD;10,02500000;10,96000000;3,11600000;4,05400000;-147,29
2020-03-18T00:00:00+00:00;BSVBEAR/USD;10,88250000;13,38000000;10,02000000;10,02000000;-8,61
2020-03-17T00:00:00+00:00;BSVBEAR/USD;14,05500000;14,68000000;9,53000000;10,91250000;-28,8
2020-03-16T00:00:00+00:00;BSVBEAR/USD;11,01000000;17,81500000;10,90500000;14,05500000;21,66
2020-03-15T00:00:00+00:00;BSVBEAR/USD;13,58500000;14,55500000;9,34500000;11,11500000;-22,22
2020-03-14T00:00:00+00:00;BSVBEAR/USD;12,03500000;14,05500000;11,00000000;13,62500000;11,67
2020-03-13T00:00:00+00:00;BSVBEAR/USD;24,33000000;41,30000000;11,43000000;12,03500000;-102,16
2020-03-12T00:00:00+00:00;BSVBEAR/USD;10,20750000;25,36000000;10,14500000;24,21000000;57,84
2020-03-11T00:00:00+00:00;BSVBEAR/USD;9,16500000;12,74500000;8,88000000;10,20750000;10,21
2020-03-10T00:00:00+00:00;BSVBEAR/USD;9,00000000;9,77250000;8,58750000;9,16500000;1,8
2020-03-09T00:00:00+00:00;BSVBEAR/USD;9,33250000;10,61750000;8,55500000;9,00000000;-3,69
2020-03-08T00:00:00+00:00;BSVBEAR/USD;6,24000000;9,88000000;6,23500000;9,33250000;33,14
2020-03-07T00:00:00+00:00;BSVBEAR/USD;5,31750000;6,48000000;5,20000000;6,24000000;14,78
2020-03-06T00:00:00+00:00;BSVBEAR/USD;5,84000000;6,17250000;5,19750000;5,31750000;-9,83
2020-03-05T00:00:00+00:00;BSVBEAR/USD;6,83250000;6,83250000;5,22250000;5,84000000;-16,99
2020-03-04T00:00:00+00:00;BSVBEAR/USD;5,79250000;7,88250000;5,60500000;6,83500000;15,25
2020-03-03T00:00:00+00:00;BSVBEAR/USD;5,36500000;6,17500000;5,32250000;5,79250000;7,38
2020-03-02T00:00:00+00:00;BSVBEAR/USD;7,78250000;7,92750000;4,99750000;5,36500000;-45,06
2020-03-01T00:00:00+00:00;BSVBEAR/USD;10,12250000;10,13500000;7,34750000;7,78250000;-30,07
2020-02-29T00:00:00+00:00;BSVBEAR/USD;9,39500000;10,58000000;8,83250000;10,11250000;7,1
2020-02-28T00:00:00+00:00;BSVBEAR/USD;8,29250000;10,33000000;7,86750000;9,39500000;11,73
2020-02-27T00:00:00+00:00;BSVBEAR/USD;9,27250000;10,15250000;7,40000000;8,29250000;-11,82
2020-02-26T00:00:00+00:00;BSVBEAR/USD;6,54750000;10,73250000;6,38750000;9,29750000;29,58
2020-02-25T00:00:00+00:00;BSVBEAR/USD;5,40000000;6,81000000;5,37000000;6,54750000;17,53
2020-02-24T00:00:00+00:00;BSVBEAR/USD;4,56750000;5,93200000;4,29500000;5,40000000;15,42
2020-02-23T00:00:00+00:00;BSVBEAR/USD;5,41500000;5,43250000;4,50500000;4,56750000;-18,56
2020-02-22T00:00:00+00:00;BSVBEAR/USD;4,89500000;5,63700000;4,84600000;5,41500000;9,6
2020-02-21T00:00:00+00:00;BSVBEAR/USD;5,10300000;5,33200000;4,57500000;4,91700000;-3,78
2020-02-20T00:00:00+00:00;BSVBEAR/USD;5,37700000;5,57600000;4,18000000;5,09500000;-5,53
2020-02-19T00:00:00+00:00;BSVBEAR/USD;4,35900000;5,48000000;4,13900000;5,37700000;18,93
2020-02-18T00:00:00+00:00;BSVBEAR/USD;4,33000000;5,53900000;3,72100000;4,35900000;0,67
2020-02-17T00:00:00+00:00;BSVBEAR/USD;6,34400000;8,23250000;3,92100000;4,33000000;-46,51
2020-02-16T00:00:00+00:00;BSVBEAR/USD;5,08600000;7,45500000;4,35400000;6,31250000;19,43
2020-02-15T00:00:00+00:00;BSVBEAR/USD;3,53400000;5,50000000;3,49200000;5,06400000;30,21
2020-02-14T00:00:00+00:00;BSVBEAR/USD;3,59900000;3,93500000;3,45300000;3,53400000;-1,84
2020-02-13T00:00:00+00:00;BSVBEAR/USD;3,31900000;3,88600000;2,94600000;3,59900000;7,78
2020-02-12T00:00:00+00:00;BSVBEAR/USD;3,30600000;3,51400000;2,93400000;3,32500000;0,57
2020-02-11T00:00:00+00:00;BSVBEAR/USD;3,72300000;3,98600000;3,14600000;3,30600000;-12,61
2020-02-10T00:00:00+00:00;BSVBEAR/USD;3,79600000;4,30100000;3,55200000;3,72900000;-1,8
2020-02-09T00:00:00+00:00;BSVBEAR/USD;4,49700000;4,59600000;3,16900000;3,79600000;-18,47
2020-02-08T00:00:00+00:00;BSVBEAR/USD;7,23750000;7,70250000;3,94400000;4,49700000;-60,94
2020-02-07T00:00:00+00:00;BSVBEAR/USD;7,25000000;7,74000000;6,61000000;7,22750000;-0,31
2020-02-06T00:00:00+00:00;BSVBEAR/USD;6,68000000;7,61250000;6,25500000;7,23750000;7,7
2020-02-05T00:00:00+00:00;BSVBEAR/USD;10,18000000;10,54500000;6,19000000;6,65250000;-53,03
2020-02-04T00:00:00+00:00;BSVBEAR/USD;9,09250000;10,85000000;8,79750000;10,18000000;10,68
2020-02-03T00:00:00+00:00;BSVBEAR/USD;9,37500000;9,72250000;8,35000000;9,09250000;-3,11
2020-02-02T00:00:00+00:00;BSVBEAR/USD;9,27750000;10,16750000;8,10000000;9,39250000;1,22
2020-02-01T00:00:00+00:00;BSVBEAR/USD;10,47750000;10,53000000;8,27500000;9,27750000;-12,93
2020-01-31T00:00:00+00:00;BSVBEAR/USD;8,21000000;11,57750000;8,21000000;10,47750000;21,64
2020-01-30T00:00:00+00:00;BSVBEAR/USD;9,60500000;9,87500000;7,39500000;8,21000000;-16,99
2020-01-29T00:00:00+00:00;BSVBEAR/USD;8,79750000;10,15500000;8,05250000;9,63750000;8,72
2020-01-28T00:00:00+00:00;BSVBEAR/USD;8,63250000;10,20250000;7,31750000;8,75500000;1,4
2020-01-27T00:00:00+00:00;BSVBEAR/USD;11,90000000;11,94000000;6,82500000;8,62000000;-38,05
2020-01-26T00:00:00+00:00;BSVBEAR/USD;14,28500000;15,69500000;11,60500000;11,90000000;-20,04
2020-01-25T00:00:00+00:00;BSVBEAR/USD;13,80000000;16,49500000;12,83000000;14,28500000;3,4
2020-01-24T00:00:00+00:00;BSVBEAR/USD;16,01500000;18,24000000;11,25000000;13,80000000;-16,05
2020-01-23T00:00:00+00:00;BSVBEAR/USD;10,80500000;17,45000000;10,78000000;16,01500000;32,53
2020-01-22T00:00:00+00:00;BSVBEAR/USD;9,89500000;11,72250000;8,95250000;10,80500000;8,42
2020-01-21T00:00:00+00:00;BSVBEAR/USD;11,69000000;13,15500000;8,91000000;9,90250000;-18,05
2020-01-20T00:00:00+00:00;BSVBEAR/USD;16,45500000;18,91500000;9,88000000;11,67000000;-41,0
2020-01-19T00:00:00+00:00;BSVBEAR/USD;25,89000000;27,53000000;16,47000000;16,52000000;-56,72
2020-01-18T00:00:00+00:00;BSVBEAR/USD;19,07000000;27,60000000;16,53000000;25,89000000;26,34
2020-01-17T00:00:00+00:00;BSVBEAR/USD;15,14000000;21,59500000;11,97500000;19,07000000;20,61
2020-01-16T00:00:00+00:00;BSVBEAR/USD;15,87500000;21,00000000;12,40000000;15,14000000;-4,85
2020-01-15T00:00:00+00:00;BSVBEAR/USD;8,71000000;18,16250000;8,53750000;15,87500000;45,13
2020-01-14T00:00:00+00:00;BSVBEAR/USD;236,10000000;237,60000000;6,78250000;8,71000000;-2610,68
2020-01-13T00:00:00+00:00;BSVBEAR/USD;278,70000000;311,60000000;229,40000000;236,10000000;-18,04
2020-01-12T00:00:00+00:00;BSVBEAR/USD;382,80000000;406,20000000;257,40000000;278,60000000;-37,4
2020-01-11T00:00:00+00:00;BSVBEAR/USD;277,30000000;394,50000000;248,10000000;382,80000000;27,56
2020-01-10T00:00:00+00:00;BSVBEAR/USD;1107,00000000;1144,00000000;268,60000000;277,20000000;-299,35
2020-01-09T00:00:00+00:00;BSVBEAR/USD;1207,00000000;1243,50000000;1061,50000000;1107,00000000;-9,03
2020-01-08T00:00:00+00:00;BSVBEAR/USD;1205,50000000;1304,00000000;1097,00000000;1207,00000000;0,12
2020-01-07T00:00:00+00:00;BSVBEAR/USD;1102,00000000;1315,50000000;1066,00000000;1204,50000000;8,51

