DATE/TIME;SYMBOL;OPEN;HIGH;LOW;CLOSE;EVOL % CLOSE/HIGH
2022-01-05T00:00:00+00:00;ATOMHEDGE/USD;11,04000000;11,57200000;10,80700000;11,49800000;3,98
2022-01-04T00:00:00+00:00;ATOMHEDGE/USD;11,88500000;12,43900000;10,53800000;11,04000000;-7,65
2022-01-03T00:00:00+00:00;ATOMHEDGE/USD;13,38000000;13,79000000;11,73900000;11,88500000;-12,58
2022-01-02T00:00:00+00:00;ATOMHEDGE/USD;13,12900000;13,74900000;12,90600000;13,38000000;1,88
2022-01-01T00:00:00+00:00;ATOMHEDGE/USD;14,93500000;14,96900000;12,80900000;13,12900000;-13,76
2021-12-31T00:00:00+00:00;ATOMHEDGE/USD;16,77500000;16,77500000;14,46700000;14,93500000;-12,32
2021-12-30T00:00:00+00:00;ATOMHEDGE/USD;17,57250000;18,40000000;15,93750000;16,77500000;-4,75
2021-12-29T00:00:00+00:00;ATOMHEDGE/USD;18,39000000;19,32000000;17,41000000;17,57250000;-4,65
2021-12-28T00:00:00+00:00;ATOMHEDGE/USD;16,66700000;18,60250000;16,66700000;18,39000000;9,37
2021-12-27T00:00:00+00:00;ATOMHEDGE/USD;15,67800000;16,69250000;15,31500000;16,66700000;5,93
2021-12-26T00:00:00+00:00;ATOMHEDGE/USD;17,04500000;17,66500000;15,56200000;15,67800000;-8,72
2021-12-25T00:00:00+00:00;ATOMHEDGE/USD;19,00500000;19,14000000;17,04500000;17,04500000;-11,5
2021-12-24T00:00:00+00:00;ATOMHEDGE/USD;18,11250000;19,07500000;17,29250000;19,00500000;4,7
2021-12-23T00:00:00+00:00;ATOMHEDGE/USD;18,78750000;19,28500000;17,84000000;18,11250000;-3,73
2021-12-22T00:00:00+00:00;ATOMHEDGE/USD;22,34750000;22,48000000;18,15750000;18,78750000;-18,95
2021-12-21T00:00:00+00:00;ATOMHEDGE/USD;24,81500000;24,81500000;22,34750000;22,34750000;-11,04
2021-12-20T00:00:00+00:00;ATOMHEDGE/USD;24,06750000;25,60000000;23,73750000;24,81500000;3,01
2021-12-19T00:00:00+00:00;ATOMHEDGE/USD;23,24000000;24,15250000;22,66250000;24,06750000;3,44
2021-12-18T00:00:00+00:00;ATOMHEDGE/USD;25,66750000;25,85750000;23,15000000;23,24000000;-10,45
2021-12-17T00:00:00+00:00;ATOMHEDGE/USD;24,93500000;26,46500000;24,68250000;25,66750000;2,85
2021-12-16T00:00:00+00:00;ATOMHEDGE/USD;24,46000000;25,01000000;23,16750000;24,93500000;1,9
2021-12-15T00:00:00+00:00;ATOMHEDGE/USD;25,04750000;26,86750000;23,85250000;24,46000000;-2,4
2021-12-14T00:00:00+00:00;ATOMHEDGE/USD;25,17750000;25,84750000;24,69250000;25,04750000;-0,52
2021-12-13T00:00:00+00:00;ATOMHEDGE/USD;22,66250000;25,59250000;22,27500000;25,17750000;9,99
2021-12-12T00:00:00+00:00;ATOMHEDGE/USD;22,86500000;23,93000000;22,03750000;22,66250000;-0,89
2021-12-11T00:00:00+00:00;ATOMHEDGE/USD;24,59000000;25,14250000;22,47500000;22,87000000;-7,52
2021-12-10T00:00:00+00:00;ATOMHEDGE/USD;24,72000000;25,33000000;23,40500000;24,59000000;-0,53
2021-12-09T00:00:00+00:00;ATOMHEDGE/USD;22,30000000;24,73750000;21,68750000;24,72000000;9,79
2021-12-08T00:00:00+00:00;ATOMHEDGE/USD;23,21000000;24,50500000;21,64000000;22,30000000;-4,08
2021-12-07T00:00:00+00:00;ATOMHEDGE/USD;23,12000000;23,62000000;22,44250000;23,21000000;0,39
2021-12-06T00:00:00+00:00;ATOMHEDGE/USD;23,33750000;25,17250000;23,12000000;23,12000000;-0,94
2021-12-05T00:00:00+00:00;ATOMHEDGE/USD;23,59750000;25,75000000;21,67750000;23,33750000;-1,11
2021-12-04T00:00:00+00:00;ATOMHEDGE/USD;19,11000000;24,45250000;18,60250000;23,59750000;19,02
2021-12-03T00:00:00+00:00;ATOMHEDGE/USD;21,58000000;21,96250000;18,49250000;19,11000000;-12,93
2021-12-02T00:00:00+00:00;ATOMHEDGE/USD;22,37500000;23,79500000;21,33500000;21,58000000;-3,68
2021-12-01T00:00:00+00:00;ATOMHEDGE/USD;21,70500000;22,69500000;21,22250000;22,37500000;2,99
2021-11-30T00:00:00+00:00;ATOMHEDGE/USD;21,22250000;22,04500000;21,07000000;21,70500000;2,22
2021-11-29T00:00:00+00:00;ATOMHEDGE/USD;22,82250000;22,85500000;21,22250000;21,22250000;-7,54
2021-11-28T00:00:00+00:00;ATOMHEDGE/USD;22,85500000;23,71500000;22,67250000;22,82250000;-0,14
2021-11-27T00:00:00+00:00;ATOMHEDGE/USD;22,85500000;22,85500000;22,19750000;22,85500000;0,0
2021-11-26T00:00:00+00:00;ATOMHEDGE/USD;20,08000000;23,03250000;19,65250000;22,85500000;12,14
2021-11-25T00:00:00+00:00;ATOMHEDGE/USD;20,00250000;20,21750000;19,27750000;20,08000000;0,39
2021-11-24T00:00:00+00:00;ATOMHEDGE/USD;19,13000000;20,15500000;18,84000000;20,00250000;4,36
2021-11-23T00:00:00+00:00;ATOMHEDGE/USD;19,15250000;19,96250000;18,18750000;19,13000000;-0,12
2021-11-22T00:00:00+00:00;ATOMHEDGE/USD;19,89000000;21,15500000;18,18750000;19,15250000;-3,85
2021-11-21T00:00:00+00:00;ATOMHEDGE/USD;21,13750000;21,75750000;19,28500000;19,89000000;-6,27
2021-11-20T00:00:00+00:00;ATOMHEDGE/USD;22,13750000;22,16500000;20,77750000;21,13750000;-4,73
2021-11-19T00:00:00+00:00;ATOMHEDGE/USD;23,29750000;23,61500000;21,77000000;22,13750000;-5,24
2021-11-18T00:00:00+00:00;ATOMHEDGE/USD;21,59750000;24,24000000;21,25500000;23,29750000;7,3
2021-11-17T00:00:00+00:00;ATOMHEDGE/USD;22,26500000;23,29250000;21,37750000;21,59750000;-3,09
2021-11-16T00:00:00+00:00;ATOMHEDGE/USD;20,23500000;22,69250000;20,16000000;22,26500000;9,12
2021-11-15T00:00:00+00:00;ATOMHEDGE/USD;19,94500000;20,32250000;18,95250000;20,23500000;1,43
2021-11-14T00:00:00+00:00;ATOMHEDGE/USD;19,68000000;20,43250000;19,21000000;19,94500000;1,33
2021-11-13T00:00:00+00:00;ATOMHEDGE/USD;19,96750000;20,06750000;19,27250000;19,68000000;-1,46
2021-11-12T00:00:00+00:00;ATOMHEDGE/USD;19,29750000;20,68250000;19,28750000;19,96750000;3,36
2021-11-11T00:00:00+00:00;ATOMHEDGE/USD;19,99750000;20,05250000;18,75500000;19,29750000;-3,63
2021-11-10T00:00:00+00:00;ATOMHEDGE/USD;17,99000000;21,67000000;17,36250000;19,99750000;10,04
2021-11-09T00:00:00+00:00;ATOMHEDGE/USD;17,66250000;18,09750000;17,03750000;17,99000000;1,82
2021-11-08T00:00:00+00:00;ATOMHEDGE/USD;18,10750000;18,36250000;17,50750000;17,66250000;-2,52
2021-11-07T00:00:00+00:00;ATOMHEDGE/USD;17,85000000;18,20000000;17,71500000;18,10750000;1,42
2021-11-06T00:00:00+00:00;ATOMHEDGE/USD;17,46750000;18,66250000;17,32750000;17,85000000;2,14
2021-11-05T00:00:00+00:00;ATOMHEDGE/USD;17,22000000;17,67750000;16,55000000;17,46750000;1,42
2021-11-04T00:00:00+00:00;ATOMHEDGE/USD;16,80500000;17,69500000;16,46750000;17,22000000;2,41
2021-11-03T00:00:00+00:00;ATOMHEDGE/USD;17,41750000;18,10250000;16,62000000;16,80500000;-3,64
2021-11-02T00:00:00+00:00;ATOMHEDGE/USD;17,26250000;17,67750000;16,79250000;17,41750000;0,89
2021-11-01T00:00:00+00:00;ATOMHEDGE/USD;17,33250000;18,36750000;16,89500000;17,26250000;-0,41
2021-10-31T00:00:00+00:00;ATOMHEDGE/USD;17,22500000;18,15000000;17,09000000;17,33250000;0,62
2021-10-30T00:00:00+00:00;ATOMHEDGE/USD;16,38500000;17,65000000;16,37750000;17,22500000;4,88
2021-10-29T00:00:00+00:00;ATOMHEDGE/USD;16,93250000;16,93250000;15,73000000;16,38500000;-3,34
2021-10-28T00:00:00+00:00;ATOMHEDGE/USD;17,49750000;17,80000000;15,78500000;16,93250000;-3,34
2021-10-27T00:00:00+00:00;ATOMHEDGE/USD;15,37100000;17,61500000;15,26900000;17,49750000;12,15
2021-10-26T00:00:00+00:00;ATOMHEDGE/USD;19,12750000;19,28250000;15,26200000;15,37100000;-24,44
2021-10-25T00:00:00+00:00;ATOMHEDGE/USD;19,53500000;19,53500000;18,98500000;19,12750000;-2,13
2021-10-24T00:00:00+00:00;ATOMHEDGE/USD;19,11250000;19,79750000;18,93750000;19,53500000;2,16
2021-10-23T00:00:00+00:00;ATOMHEDGE/USD;19,69750000;19,83750000;18,24250000;19,11250000;-3,06
2021-10-22T00:00:00+00:00;ATOMHEDGE/USD;19,50750000;19,93250000;18,60250000;19,69750000;0,96
2021-10-21T00:00:00+00:00;ATOMHEDGE/USD;18,65250000;19,67500000;18,29000000;19,50750000;4,38
2021-10-20T00:00:00+00:00;ATOMHEDGE/USD;19,29750000;19,95750000;18,23500000;18,65250000;-3,46
2021-10-19T00:00:00+00:00;ATOMHEDGE/USD;21,24500000;21,51250000;19,05000000;19,29750000;-10,09
2021-10-18T00:00:00+00:00;ATOMHEDGE/USD;20,95000000;21,71500000;20,78500000;21,24500000;1,39
2021-10-17T00:00:00+00:00;ATOMHEDGE/USD;20,28250000;21,55500000;19,76250000;20,95000000;3,19
2021-10-16T00:00:00+00:00;ATOMHEDGE/USD;20,38750000;20,51000000;19,55250000;20,37250000;-0,07
2021-10-15T00:00:00+00:00;ATOMHEDGE/USD;19,91500000;20,84000000;19,82500000;20,38750000;2,32
2021-10-14T00:00:00+00:00;ATOMHEDGE/USD;19,63750000;20,10500000;18,96500000;19,91500000;1,39
2021-10-13T00:00:00+00:00;ATOMHEDGE/USD;20,17500000;21,21000000;19,39250000;19,63750000;-2,74
2021-10-12T00:00:00+00:00;ATOMHEDGE/USD;21,23000000;22,47750000;19,74250000;20,17500000;-5,23
2021-10-11T00:00:00+00:00;ATOMHEDGE/USD;20,88750000;21,77000000;19,65500000;21,23000000;1,61
2021-10-10T00:00:00+00:00;ATOMHEDGE/USD;19,33000000;21,03500000;19,28500000;20,88750000;7,46
2021-10-09T00:00:00+00:00;ATOMHEDGE/USD;19,41250000;19,61750000;18,50000000;19,33000000;-0,43
2021-10-08T00:00:00+00:00;ATOMHEDGE/USD;18,67250000;19,52250000;18,50000000;19,41250000;3,81
2021-10-07T00:00:00+00:00;ATOMHEDGE/USD;19,34750000;20,08750000;17,92000000;18,67250000;-3,61
2021-10-06T00:00:00+00:00;ATOMHEDGE/USD;18,61500000;20,40750000;18,55750000;19,34750000;3,79
2021-10-05T00:00:00+00:00;ATOMHEDGE/USD;18,53500000;19,16250000;17,81500000;18,61500000;0,43
2021-10-04T00:00:00+00:00;ATOMHEDGE/USD;17,56500000;18,78750000;17,56500000;18,53500000;5,23
2021-10-03T00:00:00+00:00;ATOMHEDGE/USD;17,62000000;17,93250000;16,73250000;17,56500000;-0,31
2021-10-02T00:00:00+00:00;ATOMHEDGE/USD;18,03750000;18,28250000;16,26500000;17,62000000;-2,37
2021-10-01T00:00:00+00:00;ATOMHEDGE/USD;18,93750000;19,54250000;17,70500000;18,03750000;-4,99
2021-09-30T00:00:00+00:00;ATOMHEDGE/USD;20,39500000;20,65000000;18,91500000;18,93750000;-7,7
2021-09-29T00:00:00+00:00;ATOMHEDGE/USD;20,43500000;20,94500000;18,69750000;20,39500000;-0,2
2021-09-28T00:00:00+00:00;ATOMHEDGE/USD;18,64250000;20,53500000;18,25000000;20,43500000;8,77
2021-09-27T00:00:00+00:00;ATOMHEDGE/USD;17,55000000;18,88250000;17,15250000;18,64250000;5,86
2021-09-26T00:00:00+00:00;ATOMHEDGE/USD;17,63000000;19,36500000;16,78500000;17,55000000;-0,46
2021-09-25T00:00:00+00:00;ATOMHEDGE/USD;16,42500000;17,80000000;16,24750000;17,63000000;6,83
2021-09-24T00:00:00+00:00;ATOMHEDGE/USD;16,85000000;18,99500000;15,82500000;16,42500000;-2,59
2021-09-23T00:00:00+00:00;ATOMHEDGE/USD;17,67750000;17,97750000;16,15500000;16,85000000;-4,91
2021-09-22T00:00:00+00:00;ATOMHEDGE/USD;23,88500000;24,70750000;17,63000000;17,67750000;-35,12
2021-09-21T00:00:00+00:00;ATOMHEDGE/USD;21,78000000;24,92250000;19,73500000;23,91750000;8,94
2021-09-20T00:00:00+00:00;ATOMHEDGE/USD;17,72000000;22,00250000;17,51750000;21,78000000;18,64
2021-09-19T00:00:00+00:00;ATOMHEDGE/USD;19,32250000;21,83250000;17,60750000;17,76750000;-8,75
2021-09-18T00:00:00+00:00;ATOMHEDGE/USD;24,33250000;24,67750000;19,05500000;19,32250000;-25,93
2021-09-17T00:00:00+00:00;ATOMHEDGE/USD;22,23500000;24,71750000;21,82750000;24,33250000;8,62
2021-09-16T00:00:00+00:00;ATOMHEDGE/USD;24,47750000;26,32500000;22,23500000;22,23500000;-10,09
2021-09-15T00:00:00+00:00;ATOMHEDGE/USD;24,43250000;25,37750000;23,59500000;24,47750000;0,18
2021-09-14T00:00:00+00:00;ATOMHEDGE/USD;23,31250000;25,18000000;21,96500000;24,43250000;4,58
2021-09-13T00:00:00+00:00;ATOMHEDGE/USD;23,98750000;26,66250000;21,39000000;23,31250000;-2,9
2021-09-12T00:00:00+00:00;ATOMHEDGE/USD;31,76500000;33,25500000;23,82750000;23,95000000;-32,63
2021-09-11T00:00:00+00:00;ATOMHEDGE/USD;29,81500000;32,32500000;28,27250000;31,76500000;6,14
2021-09-10T00:00:00+00:00;ATOMHEDGE/USD;32,71500000;34,99000000;28,68500000;29,81500000;-9,73
2021-09-09T00:00:00+00:00;ATOMHEDGE/USD;44,78500000;44,78500000;30,83500000;32,71500000;-36,89
2021-09-08T00:00:00+00:00;ATOMHEDGE/USD;44,07000000;48,47500000;42,22000000;44,78500000;1,6
2021-09-07T00:00:00+00:00;ATOMHEDGE/USD;37,69000000;47,23000000;34,21500000;44,07000000;14,48
2021-09-06T00:00:00+00:00;ATOMHEDGE/USD;36,73000000;38,99500000;34,79000000;37,69000000;2,55
2021-09-05T00:00:00+00:00;ATOMHEDGE/USD;38,61000000;39,49500000;35,94000000;36,73000000;-5,12
2021-09-04T00:00:00+00:00;ATOMHEDGE/USD;39,19000000;39,57500000;36,94500000;38,61000000;-1,5
2021-09-03T00:00:00+00:00;ATOMHEDGE/USD;39,04000000;40,28500000;37,77000000;39,19000000;0,38
2021-09-02T00:00:00+00:00;ATOMHEDGE/USD;37,16000000;39,67500000;36,62500000;39,04000000;4,82
2021-09-01T00:00:00+00:00;ATOMHEDGE/USD;42,01500000;43,32000000;36,39000000;37,16000000;-13,07
2021-08-31T00:00:00+00:00;ATOMHEDGE/USD;43,33000000;44,40000000;35,32500000;42,01500000;-3,13
2021-08-30T00:00:00+00:00;ATOMHEDGE/USD;45,28500000;48,89000000;39,49500000;43,33000000;-4,51
2021-08-29T00:00:00+00:00;ATOMHEDGE/USD;45,17000000;46,95500000;42,88000000;45,28500000;0,25
2021-08-28T00:00:00+00:00;ATOMHEDGE/USD;47,15500000;49,13500000;44,94000000;45,17000000;-4,39
2021-08-27T00:00:00+00:00;ATOMHEDGE/USD;54,56000000;56,56000000;46,91000000;47,15500000;-15,7
2021-08-26T00:00:00+00:00;ATOMHEDGE/USD;49,44500000;54,91500000;48,64500000;54,56000000;9,38
2021-08-25T00:00:00+00:00;ATOMHEDGE/USD;50,75000000;53,22500000;47,59500000;49,44500000;-2,64
2021-08-24T00:00:00+00:00;ATOMHEDGE/USD;45,88500000;51,39000000;45,68500000;50,75000000;9,59
2021-08-23T00:00:00+00:00;ATOMHEDGE/USD;45,90000000;47,00500000;43,15500000;45,88500000;-0,03
2021-08-22T00:00:00+00:00;ATOMHEDGE/USD;45,59000000;47,39500000;40,48500000;45,90000000;0,68
2021-08-21T00:00:00+00:00;ATOMHEDGE/USD;54,71500000;55,54500000;41,85500000;45,59000000;-20,02
2021-08-20T00:00:00+00:00;ATOMHEDGE/USD;55,18000000;55,92500000;51,44000000;54,71500000;-0,85
2021-08-19T00:00:00+00:00;ATOMHEDGE/USD;57,18000000;57,66500000;50,03500000;55,18000000;-3,62
2021-08-18T00:00:00+00:00;ATOMHEDGE/USD;65,56500000;69,40000000;55,71000000;57,18000000;-14,66
2021-08-17T00:00:00+00:00;ATOMHEDGE/USD;66,42500000;69,45000000;59,76500000;65,56500000;-1,31
2021-08-16T00:00:00+00:00;ATOMHEDGE/USD;66,19500000;67,52000000;63,15500000;66,42500000;0,35
2021-08-15T00:00:00+00:00;ATOMHEDGE/USD;67,71000000;70,24500000;66,05000000;66,19500000;-2,29
2021-08-14T00:00:00+00:00;ATOMHEDGE/USD;69,33000000;70,94500000;66,67000000;67,71000000;-2,39
2021-08-13T00:00:00+00:00;ATOMHEDGE/USD;75,29000000;75,95000000;68,66000000;69,33000000;-8,6
2021-08-12T00:00:00+00:00;ATOMHEDGE/USD;72,95000000;77,38000000;69,66000000;75,29000000;3,11
2021-08-11T00:00:00+00:00;ATOMHEDGE/USD;74,61000000;74,75000000;68,12000000;72,95000000;-2,28
2021-08-10T00:00:00+00:00;ATOMHEDGE/USD;78,07000000;78,43000000;73,58000000;74,78000000;-4,4
2021-08-09T00:00:00+00:00;ATOMHEDGE/USD;80,45000000;83,16000000;75,27000000;77,82000000;-3,38
2021-08-08T00:00:00+00:00;ATOMHEDGE/USD;75,99000000;81,07000000;74,77000000;80,43000000;5,52
2021-08-07T00:00:00+00:00;ATOMHEDGE/USD;78,42000000;78,91000000;74,03000000;75,99000000;-3,2
2021-08-06T00:00:00+00:00;ATOMHEDGE/USD;81,50000000;83,26000000;75,76000000;78,42000000;-3,93
2021-08-05T00:00:00+00:00;ATOMHEDGE/USD;83,30000000;87,60000000;80,48000000;81,50000000;-2,21
2021-08-04T00:00:00+00:00;ATOMHEDGE/USD;87,99000000;89,10000000;82,55000000;83,30000000;-5,63
2021-08-03T00:00:00+00:00;ATOMHEDGE/USD;85,89000000;90,14000000;84,46000000;87,99000000;2,39
2021-08-02T00:00:00+00:00;ATOMHEDGE/USD;87,04000000;87,77000000;83,89000000;85,89000000;-1,34
2021-08-01T00:00:00+00:00;ATOMHEDGE/USD;84,52000000;87,31000000;79,35000000;87,04000000;2,9
2021-07-31T00:00:00+00:00;ATOMHEDGE/USD;88,50000000;90,00000000;82,58000000;84,52000000;-4,71
2021-07-30T00:00:00+00:00;ATOMHEDGE/USD;90,61000000;93,28000000;88,08000000;88,50000000;-2,38
2021-07-29T00:00:00+00:00;ATOMHEDGE/USD;92,12000000;94,18000000;90,43000000;90,61000000;-1,67
2021-07-28T00:00:00+00:00;ATOMHEDGE/USD;91,12000000;93,64000000;87,91000000;92,12000000;1,09
2021-07-27T00:00:00+00:00;ATOMHEDGE/USD;94,10000000;96,74000000;90,14000000;91,12000000;-3,27
2021-07-26T00:00:00+00:00;ATOMHEDGE/USD;93,57000000;94,42000000;86,24000000;94,10000000;0,56
2021-07-25T00:00:00+00:00;ATOMHEDGE/USD;94,03000000;97,50000000;92,30000000;93,57000000;-0,49
2021-07-24T00:00:00+00:00;ATOMHEDGE/USD;94,33000000;96,82000000;91,57000000;94,03000000;-0,32
2021-07-23T00:00:00+00:00;ATOMHEDGE/USD;95,27000000;100,07000000;93,61000000;94,33000000;-1,0
2021-07-22T00:00:00+00:00;ATOMHEDGE/USD;104,63000000;106,86000000;92,83000000;95,27000000;-9,82
2021-07-21T00:00:00+00:00;ATOMHEDGE/USD;116,96000000;120,07000000;101,52000000;104,63000000;-11,78
2021-07-20T00:00:00+00:00;ATOMHEDGE/USD;110,56000000;121,75000000;108,88000000;116,96000000;5,47
2021-07-19T00:00:00+00:00;ATOMHEDGE/USD;101,67000000;111,05000000;100,77000000;110,70000000;8,16
2021-07-18T00:00:00+00:00;ATOMHEDGE/USD;101,01000000;103,11000000;96,66000000;101,67000000;0,65
2021-07-17T00:00:00+00:00;ATOMHEDGE/USD;100,19000000;103,64000000;97,18000000;101,01000000;0,81
2021-07-16T00:00:00+00:00;ATOMHEDGE/USD;101,97000000;105,92000000;87,30000000;100,19000000;-1,78
2021-07-15T00:00:00+00:00;ATOMHEDGE/USD;99,73000000;108,42000000;97,15000000;101,97000000;2,2
2021-07-14T00:00:00+00:00;ATOMHEDGE/USD;96,81000000;105,10000000;91,32000000;99,73000000;2,93
2021-07-13T00:00:00+00:00;ATOMHEDGE/USD;90,95000000;98,74000000;85,72000000;96,81000000;6,05
2021-07-12T00:00:00+00:00;ATOMHEDGE/USD;84,42000000;91,81000000;83,85000000;90,95000000;7,18
2021-07-11T00:00:00+00:00;ATOMHEDGE/USD;82,69000000;85,30000000;80,51000000;84,42000000;2,05
2021-07-10T00:00:00+00:00;ATOMHEDGE/USD;90,96000000;92,22000000;82,31000000;82,69000000;-10,0
2021-07-09T00:00:00+00:00;ATOMHEDGE/USD;102,69000000;106,98000000;88,07000000;90,96000000;-12,9
2021-07-08T00:00:00+00:00;ATOMHEDGE/USD;95,42000000;104,79000000;94,90000000;103,21000000;7,55
2021-07-07T00:00:00+00:00;ATOMHEDGE/USD;94,45000000;96,20000000;91,85000000;95,42000000;1,02
2021-07-06T00:00:00+00:00;ATOMHEDGE/USD;91,44000000;96,13000000;88,90000000;94,45000000;3,19
2021-07-05T00:00:00+00:00;ATOMHEDGE/USD;103,17000000;110,14000000;89,36000000;91,44000000;-12,83
2021-07-04T00:00:00+00:00;ATOMHEDGE/USD;108,16000000;110,87000000;102,11000000;103,17000000;-4,84
2021-07-03T00:00:00+00:00;ATOMHEDGE/USD;108,34000000;110,97000000;104,64000000;108,16000000;-0,17
2021-07-02T00:00:00+00:00;ATOMHEDGE/USD;116,02000000;121,23000000;108,26000000;108,34000000;-7,09
2021-07-01T00:00:00+00:00;ATOMHEDGE/USD;107,61000000;118,86000000;107,27000000;116,02000000;7,25
2021-06-30T00:00:00+00:00;ATOMHEDGE/USD;111,54000000;116,66000000;107,56000000;107,61000000;-3,65
2021-06-29T00:00:00+00:00;ATOMHEDGE/USD;122,98000000;123,46000000;101,73000000;111,54000000;-10,26
2021-06-28T00:00:00+00:00;ATOMHEDGE/USD;133,81000000;139,46000000;122,98000000;122,98000000;-8,81
2021-06-27T00:00:00+00:00;ATOMHEDGE/USD;141,53000000;143,39000000;133,81000000;133,81000000;-5,77
2021-06-26T00:00:00+00:00;ATOMHEDGE/USD;149,28000000;155,50000000;141,51000000;141,53000000;-5,48
2021-06-25T00:00:00+00:00;ATOMHEDGE/USD;133,03000000;151,95000000;130,07000000;149,28000000;10,89
2021-06-24T00:00:00+00:00;ATOMHEDGE/USD;147,10000000;153,35000000;129,71000000;133,12000000;-10,5
2021-06-23T00:00:00+00:00;ATOMHEDGE/USD;158,89000000;165,12500000;134,83000000;147,10000000;-8,01
2021-06-22T00:00:00+00:00;ATOMHEDGE/USD;150,67000000;176,30000000;135,51000000;158,89000000;5,17
2021-06-21T00:00:00+00:00;ATOMHEDGE/USD;126,08000000;150,97000000;124,58000000;150,67000000;16,32
2021-06-20T00:00:00+00:00;ATOMHEDGE/USD;127,66000000;136,34000000;122,40000000;126,08000000;-1,25
2021-06-19T00:00:00+00:00;ATOMHEDGE/USD;122,80000000;128,06000000;119,84000000;127,66000000;3,81
2021-06-18T00:00:00+00:00;ATOMHEDGE/USD;112,38000000;125,97000000;111,18000000;122,80000000;8,49
2021-06-17T00:00:00+00:00;ATOMHEDGE/USD;114,59000000;115,18000000;104,56000000;112,38000000;-1,97
2021-06-16T00:00:00+00:00;ATOMHEDGE/USD;119,18000000;124,16000000;114,21000000;114,59000000;-4,01
2021-06-15T00:00:00+00:00;ATOMHEDGE/USD;116,19000000;121,13000000;113,74000000;119,18000000;2,51
2021-06-14T00:00:00+00:00;ATOMHEDGE/USD;124,37000000;125,86000000;115,47000000;116,08000000;-7,14
2021-06-13T00:00:00+00:00;ATOMHEDGE/USD;134,74000000;138,26000000;124,37000000;124,37000000;-8,34
2021-06-12T00:00:00+00:00;ATOMHEDGE/USD;131,39000000;142,57000000;130,58000000;134,74000000;2,49
2021-06-11T00:00:00+00:00;ATOMHEDGE/USD;122,81000000;135,11000000;121,85000000;131,39000000;6,53
2021-06-10T00:00:00+00:00;ATOMHEDGE/USD;114,83000000;124,99000000;113,86000000;122,81000000;6,5
2021-06-09T00:00:00+00:00;ATOMHEDGE/USD;117,67000000;125,20000000;114,43000000;114,83000000;-2,47
2021-06-08T00:00:00+00:00;ATOMHEDGE/USD;118,05000000;129,77000000;114,11000000;117,67000000;-0,32
2021-06-07T00:00:00+00:00;ATOMHEDGE/USD;107,10000000;119,28000000;102,69000000;118,05000000;9,28
2021-06-06T00:00:00+00:00;ATOMHEDGE/USD;108,91000000;111,46000000;105,30000000;107,10000000;-1,69
2021-06-05T00:00:00+00:00;ATOMHEDGE/USD;107,79000000;113,22000000;98,69000000;108,91000000;1,03
2021-06-04T00:00:00+00:00;ATOMHEDGE/USD;99,05000000;113,56000000;96,48000000;107,79000000;8,11
2021-06-03T00:00:00+00:00;ATOMHEDGE/USD;113,32000000;114,40000000;96,08000000;99,05000000;-14,41
2021-06-02T00:00:00+00:00;ATOMHEDGE/USD;123,34000000;124,65000000;109,69000000;113,32000000;-8,84
2021-06-01T00:00:00+00:00;ATOMHEDGE/USD;123,12000000;126,49000000;117,61000000;123,34000000;0,18
2021-05-31T00:00:00+00:00;ATOMHEDGE/USD;137,77000000;145,10000000;122,94000000;123,12000000;-11,9
2021-05-30T00:00:00+00:00;ATOMHEDGE/USD;144,40000000;153,45000000;132,37000000;137,77000000;-4,81
2021-05-29T00:00:00+00:00;ATOMHEDGE/USD;137,72000000;151,69000000;121,44000000;144,40000000;4,63
2021-05-28T00:00:00+00:00;ATOMHEDGE/USD;122,62000000;143,74000000;122,60000000;137,72000000;10,96
2021-05-27T00:00:00+00:00;ATOMHEDGE/USD;118,62000000;134,15000000;118,21000000;122,62000000;3,26
2021-05-26T00:00:00+00:00;ATOMHEDGE/USD;131,67000000;136,43000000;115,43000000;118,62000000;-11,0
2021-05-25T00:00:00+00:00;ATOMHEDGE/USD;127,33000000;152,07000000;123,06000000;131,67000000;3,3
2021-05-24T00:00:00+00:00;ATOMHEDGE/USD;158,49000000;164,45000000;127,33000000;127,33000000;-24,47
2021-05-23T00:00:00+00:00;ATOMHEDGE/USD;152,74000000;197,46000000;143,96000000;158,49000000;3,63
2021-05-22T00:00:00+00:00;ATOMHEDGE/USD;142,88000000;162,04000000;141,55000000;152,74000000;6,46
2021-05-21T00:00:00+00:00;ATOMHEDGE/USD;121,29000000;157,88000000;114,57000000;142,88000000;15,11
2021-05-20T00:00:00+00:00;ATOMHEDGE/USD;153,68000000;166,90000000;118,24000000;121,29000000;-26,7
2021-05-19T00:00:00+00:00;ATOMHEDGE/USD;105,60000000;166,90000000;101,88000000;153,68000000;31,29
2021-05-18T00:00:00+00:00;ATOMHEDGE/USD;115,21000000;116,45000000;100,71000000;105,60000000;-9,1
2021-05-17T00:00:00+00:00;ATOMHEDGE/USD;101,92000000;117,03000000;101,70000000;115,21000000;11,54
2021-05-16T00:00:00+00:00;ATOMHEDGE/USD;101,13000000;108,39000000;93,45000000;101,92000000;0,78
2021-05-15T00:00:00+00:00;ATOMHEDGE/USD;97,67000000;101,28000000;86,71000000;101,13000000;3,42
2021-05-14T00:00:00+00:00;ATOMHEDGE/USD;108,89000000;109,61000000;97,60000000;97,67000000;-11,49
2021-05-13T00:00:00+00:00;ATOMHEDGE/USD;112,83000000;114,09000000;100,09000000;108,89000000;-3,62
2021-05-12T00:00:00+00:00;ATOMHEDGE/USD;98,25000000;112,83000000;94,90000000;112,83000000;12,92
2021-05-11T00:00:00+00:00;ATOMHEDGE/USD;103,69000000;107,98000000;97,56000000;98,25000000;-5,54
2021-05-10T00:00:00+00:00;ATOMHEDGE/USD;93,69000000;106,85000000;89,60000000;103,69000000;9,64
2021-05-09T00:00:00+00:00;ATOMHEDGE/USD;90,87000000;99,27000000;89,44000000;93,69000000;3,01
2021-05-08T00:00:00+00:00;ATOMHEDGE/USD;92,30000000;98,24000000;84,53000000;90,87000000;-1,57
2021-05-07T00:00:00+00:00;ATOMHEDGE/USD;107,08000000;108,17000000;82,57000000;92,30000000;-16,01
2021-05-06T00:00:00+00:00;ATOMHEDGE/USD;110,03000000;110,75000000;100,08000000;107,08000000;-2,75
2021-05-05T00:00:00+00:00;ATOMHEDGE/USD;132,11000000;133,78000000;110,03000000;110,03000000;-20,07
2021-05-04T00:00:00+00:00;ATOMHEDGE/USD;121,38000000;132,38000000;120,02000000;132,11000000;8,12
2021-05-03T00:00:00+00:00;ATOMHEDGE/USD;122,28000000;124,05000000;118,41000000;121,38000000;-0,74
2021-05-02T00:00:00+00:00;ATOMHEDGE/USD;117,29000000;124,20000000;115,99000000;122,28000000;4,08
2021-05-01T00:00:00+00:00;ATOMHEDGE/USD;122,61000000;124,21000000;114,69000000;117,29000000;-4,54
2021-04-30T00:00:00+00:00;ATOMHEDGE/USD;127,43000000;129,88000000;120,13000000;122,61000000;-3,93
2021-04-29T00:00:00+00:00;ATOMHEDGE/USD;121,70000000;131,33000000;121,18000000;127,43000000;4,5
2021-04-28T00:00:00+00:00;ATOMHEDGE/USD;121,67000000;127,32000000;117,17000000;121,70000000;0,02
2021-04-27T00:00:00+00:00;ATOMHEDGE/USD;126,92000000;129,05000000;120,99000000;121,67000000;-4,31
2021-04-26T00:00:00+00:00;ATOMHEDGE/USD;155,81000000;157,33000000;124,44000000;126,92000000;-22,76
2021-04-25T00:00:00+00:00;ATOMHEDGE/USD;155,41000000;161,92000000;147,26000000;155,35000000;-0,04
2021-04-24T00:00:00+00:00;ATOMHEDGE/USD;143,88000000;155,97000000;143,74000000;155,41000000;7,42
2021-04-23T00:00:00+00:00;ATOMHEDGE/USD;155,36000000;170,70000000;143,75000000;143,88000000;-7,98
2021-04-22T00:00:00+00:00;ATOMHEDGE/USD;149,12000000;155,42000000;136,63000000;155,36000000;4,02
2021-04-21T00:00:00+00:00;ATOMHEDGE/USD;140,85000000;150,21000000;139,52000000;149,12000000;5,55
2021-04-20T00:00:00+00:00;ATOMHEDGE/USD;154,82000000;167,37000000;138,85000000;140,85000000;-9,92
2021-04-19T00:00:00+00:00;ATOMHEDGE/USD;140,85000000;156,68000000;137,59000000;154,82000000;9,02
2021-04-18T00:00:00+00:00;ATOMHEDGE/USD;125,87000000;157,42000000;123,75000000;140,85000000;10,64
2021-04-17T00:00:00+00:00;ATOMHEDGE/USD;119,98000000;125,94000000;112,52000000;125,87000000;4,68
2021-04-16T00:00:00+00:00;ATOMHEDGE/USD;111,91000000;131,59000000;110,30000000;119,98000000;6,73
2021-04-15T00:00:00+00:00;ATOMHEDGE/USD;115,79000000;120,77000000;108,98000000;111,91000000;-3,47
2021-04-14T00:00:00+00:00;ATOMHEDGE/USD;132,77000000;142,96000000;115,49000000;115,79000000;-14,66
2021-04-13T00:00:00+00:00;ATOMHEDGE/USD;142,96000000;146,34000000;125,83000000;132,77000000;-7,67
2021-04-12T00:00:00+00:00;ATOMHEDGE/USD;136,02000000;147,07000000;133,49000000;142,96000000;4,85
2021-04-11T00:00:00+00:00;ATOMHEDGE/USD;152,50000000;153,12000000;135,25000000;136,02000000;-12,12
2021-04-10T00:00:00+00:00;ATOMHEDGE/USD;149,45000000;154,10000000;140,49000000;152,50000000;2,0
2021-04-09T00:00:00+00:00;ATOMHEDGE/USD;155,22000000;156,21000000;148,29000000;149,45000000;-3,86
2021-04-08T00:00:00+00:00;ATOMHEDGE/USD;161,32500000;161,90000000;153,50000000;155,22000000;-3,93
2021-04-07T00:00:00+00:00;ATOMHEDGE/USD;146,91000000;166,38000000;143,33000000;161,32500000;8,94
2021-04-06T00:00:00+00:00;ATOMHEDGE/USD;148,50000000;156,07000000;136,58000000;146,91000000;-1,08
2021-04-05T00:00:00+00:00;ATOMHEDGE/USD;147,64000000;160,53000000;142,85000000;148,50000000;0,58
2021-04-04T00:00:00+00:00;ATOMHEDGE/USD;157,86000000;160,93000000;144,21000000;147,64000000;-6,92
2021-04-03T00:00:00+00:00;ATOMHEDGE/USD;156,54000000;160,20000000;138,53000000;157,86000000;0,84
2021-04-02T00:00:00+00:00;ATOMHEDGE/USD;161,90000000;163,87500000;155,50000000;156,54000000;-3,42
2021-04-01T00:00:00+00:00;ATOMHEDGE/USD;164,40000000;165,20000000;159,40000000;161,90000000;-1,54
2021-03-31T00:00:00+00:00;ATOMHEDGE/USD;158,10000000;170,20000000;156,90000000;164,40000000;3,83
2021-03-30T00:00:00+00:00;ATOMHEDGE/USD;155,30000000;160,20000000;152,45000000;158,10000000;1,77
2021-03-29T00:00:00+00:00;ATOMHEDGE/USD;163,72500000;165,42500000;149,30000000;155,30000000;-5,42
2021-03-28T00:00:00+00:00;ATOMHEDGE/USD;168,70000000;170,75000000;158,60000000;163,72500000;-3,04
2021-03-27T00:00:00+00:00;ATOMHEDGE/USD;165,80000000;174,42500000;163,62500000;168,70000000;1,72
2021-03-26T00:00:00+00:00;ATOMHEDGE/USD;185,90000000;186,40000000;165,40000000;165,80000000;-12,12
2021-03-25T00:00:00+00:00;ATOMHEDGE/USD;182,65000000;187,92500000;176,32500000;185,90000000;1,75
2021-03-24T00:00:00+00:00;ATOMHEDGE/USD;168,65000000;186,48000000;160,92500000;182,65000000;7,66
2021-03-23T00:00:00+00:00;ATOMHEDGE/USD;164,42500000;168,80000000;160,52500000;168,65000000;2,51
2021-03-22T00:00:00+00:00;ATOMHEDGE/USD;156,04000000;164,42500000;151,00000000;164,42500000;5,1
2021-03-21T00:00:00+00:00;ATOMHEDGE/USD;151,39000000;158,09000000;149,84000000;156,04000000;2,98
2021-03-20T00:00:00+00:00;ATOMHEDGE/USD;144,18000000;152,26000000;140,47000000;151,39000000;4,76
2021-03-19T00:00:00+00:00;ATOMHEDGE/USD;142,59000000;147,00000000;137,70000000;144,18000000;1,1
2021-03-18T00:00:00+00:00;ATOMHEDGE/USD;156,82000000;159,12500000;131,26000000;143,21000000;-9,5
2021-03-17T00:00:00+00:00;ATOMHEDGE/USD;155,78000000;164,45000000;151,15000000;156,82000000;0,66
2021-03-16T00:00:00+00:00;ATOMHEDGE/USD;163,12500000;171,70000000;147,76000000;155,78000000;-4,71
2021-03-15T00:00:00+00:00;ATOMHEDGE/USD;179,45000000;184,12500000;155,98000000;163,12500000;-10,01
2021-03-14T00:00:00+00:00;ATOMHEDGE/USD;170,15000000;179,45000000;168,67500000;179,45000000;5,18
2021-03-13T00:00:00+00:00;ATOMHEDGE/USD;179,92500000;184,97500000;166,20000000;170,15000000;-5,74
2021-03-12T00:00:00+00:00;ATOMHEDGE/USD;170,82500000;184,52500000;170,82500000;179,92500000;5,06
2021-03-11T00:00:00+00:00;ATOMHEDGE/USD;169,70000000;176,40000000;168,45000000;170,97500000;0,75
2021-03-10T00:00:00+00:00;ATOMHEDGE/USD;157,95000000;171,58000000;156,60000000;169,70000000;6,92
2021-03-09T00:00:00+00:00;ATOMHEDGE/USD;172,80000000;176,92500000;157,45000000;157,95000000;-9,4
2021-03-08T00:00:00+00:00;ATOMHEDGE/USD;171,90000000;181,72500000;168,47500000;172,80000000;0,52
2021-03-07T00:00:00+00:00;ATOMHEDGE/USD;177,02500000;180,05000000;171,62500000;171,90000000;-2,98
2021-03-06T00:00:00+00:00;ATOMHEDGE/USD;179,12500000;182,15000000;175,30000000;177,02500000;-1,19
2021-03-05T00:00:00+00:00;ATOMHEDGE/USD;175,42500000;184,25000000;171,87500000;179,12500000;2,07
2021-03-04T00:00:00+00:00;ATOMHEDGE/USD;159,15000000;180,75000000;155,66000000;175,42500000;9,28
2021-03-03T00:00:00+00:00;ATOMHEDGE/USD;183,35000000;186,42500000;153,79000000;159,15000000;-15,21
2021-03-02T00:00:00+00:00;ATOMHEDGE/USD;184,62500000;189,27500000;166,75000000;183,35000000;-0,7
2021-03-01T00:00:00+00:00;ATOMHEDGE/USD;196,12500000;198,67500000;183,02500000;184,62500000;-6,23
2021-02-28T00:00:00+00:00;ATOMHEDGE/USD;181,87500000;204,27500000;181,02500000;196,12500000;7,27
2021-02-27T00:00:00+00:00;ATOMHEDGE/USD;184,75000000;187,35000000;162,37500000;181,87500000;-1,58
2021-02-26T00:00:00+00:00;ATOMHEDGE/USD;194,57500000;213,27500000;183,85000000;184,75000000;-5,32
2021-02-25T00:00:00+00:00;ATOMHEDGE/USD;183,65000000;196,70000000;171,90000000;194,57500000;5,61
2021-02-24T00:00:00+00:00;ATOMHEDGE/USD;178,47500000;187,67500000;167,47500000;183,65000000;2,82
2021-02-23T00:00:00+00:00;ATOMHEDGE/USD;170,00000000;210,67500000;152,12500000;178,47500000;4,75
2021-02-22T00:00:00+00:00;ATOMHEDGE/USD;165,52500000;197,69000000;165,10000000;170,00000000;2,63
2021-02-21T00:00:00+00:00;ATOMHEDGE/USD;165,15000000;169,71000000;156,74000000;165,52500000;0,23
2021-02-20T00:00:00+00:00;ATOMHEDGE/USD;155,64000000;167,80000000;145,23000000;165,15000000;5,76
2021-02-19T00:00:00+00:00;ATOMHEDGE/USD;152,47000000;162,00000000;150,82000000;155,64000000;2,04
2021-02-18T00:00:00+00:00;ATOMHEDGE/USD;149,95000000;153,89000000;142,08000000;152,47000000;1,65
2021-02-17T00:00:00+00:00;ATOMHEDGE/USD;142,20000000;154,11000000;138,26000000;149,95000000;5,17
2021-02-16T00:00:00+00:00;ATOMHEDGE/USD;160,85000000;165,90000000;134,47000000;142,20000000;-13,12
2021-02-15T00:00:00+00:00;ATOMHEDGE/USD;192,72500000;229,82500000;142,37500000;160,85000000;-19,82
2021-02-14T00:00:00+00:00;ATOMHEDGE/USD;179,90000000;194,77500000;175,70000000;192,72500000;6,65
2021-02-13T00:00:00+00:00;ATOMHEDGE/USD;174,02500000;187,47500000;166,05000000;179,90000000;3,27
2021-02-12T00:00:00+00:00;ATOMHEDGE/USD;209,85000000;213,12500000;164,97500000;174,02500000;-20,59
2021-02-11T00:00:00+00:00;ATOMHEDGE/USD;255,97500000;255,97500000;208,02500000;209,85000000;-21,98
2021-02-10T00:00:00+00:00;ATOMHEDGE/USD;249,05000000;278,17500000;247,40000000;255,97500000;2,71
2021-02-09T00:00:00+00:00;ATOMHEDGE/USD;270,55000000;272,57500000;246,15000000;249,05000000;-8,63
2021-02-08T00:00:00+00:00;ATOMHEDGE/USD;275,67500000;284,32500000;252,05000000;270,55000000;-1,89
2021-02-07T00:00:00+00:00;ATOMHEDGE/USD;322,90000000;345,40000000;272,85000000;275,67500000;-17,13
2021-02-06T00:00:00+00:00;ATOMHEDGE/USD;319,20000000;343,62500000;285,27500000;322,90000000;1,15
2021-02-05T00:00:00+00:00;ATOMHEDGE/USD;443,40000000;451,25000000;308,05000000;319,20000000;-38,91
2021-02-04T00:00:00+00:00;ATOMHEDGE/USD;435,55000000;473,05000000;425,55000000;443,40000000;1,77
2021-02-03T00:00:00+00:00;ATOMHEDGE/USD;456,70000000;500,10000000;429,40000000;435,55000000;-4,86
2021-02-02T00:00:00+00:00;ATOMHEDGE/USD;445,10000000;523,15000000;437,80000000;456,70000000;2,54
2021-02-01T00:00:00+00:00;ATOMHEDGE/USD;508,75000000;539,20000000;441,25000000;445,10000000;-14,3
2021-01-31T00:00:00+00:00;ATOMHEDGE/USD;515,55000000;538,70000000;462,15000000;508,75000000;-1,34
2021-01-30T00:00:00+00:00;ATOMHEDGE/USD;521,45000000;538,00000000;500,45000000;515,55000000;-1,14
2021-01-29T00:00:00+00:00;ATOMHEDGE/USD;512,70000000;536,75000000;489,20000000;521,45000000;1,68
2021-01-28T00:00:00+00:00;ATOMHEDGE/USD;604,35000000;617,10000000;484,45000000;512,70000000;-17,88
2021-01-27T00:00:00+00:00;ATOMHEDGE/USD;549,20000000;617,10000000;547,65000000;604,35000000;9,13
2021-01-26T00:00:00+00:00;ATOMHEDGE/USD;551,30000000;575,60000000;533,50000000;549,20000000;-0,38
2021-01-25T00:00:00+00:00;ATOMHEDGE/USD;517,80000000;555,30000000;498,45000000;551,30000000;6,08
2021-01-24T00:00:00+00:00;ATOMHEDGE/USD;513,45000000;556,15000000;484,90000000;517,80000000;0,84
2021-01-23T00:00:00+00:00;ATOMHEDGE/USD;538,05000000;549,40000000;490,90000000;513,45000000;-4,79
2021-01-22T00:00:00+00:00;ATOMHEDGE/USD;617,10000000;647,60000000;510,35000000;538,05000000;-14,69
2021-01-21T00:00:00+00:00;ATOMHEDGE/USD;514,65000000;617,10000000;511,25000000;617,10000000;16,6
2021-01-20T00:00:00+00:00;ATOMHEDGE/USD;512,35000000;606,20000000;478,55000000;514,65000000;0,45
2021-01-19T00:00:00+00:00;ATOMHEDGE/USD;480,95000000;532,85000000;447,80000000;512,35000000;6,13
2021-01-18T00:00:00+00:00;ATOMHEDGE/USD;543,10000000;560,00000000;462,10000000;480,95000000;-12,92
2021-01-17T00:00:00+00:00;ATOMHEDGE/USD;517,50000000;578,50000000;506,05000000;543,10000000;4,71
2021-01-16T00:00:00+00:00;ATOMHEDGE/USD;607,20000000;617,10000000;486,35000000;517,50000000;-17,33
2021-01-15T00:00:00+00:00;ATOMHEDGE/USD;769,60000000;769,60000000;569,60000000;607,20000000;-26,75
2021-01-14T00:00:00+00:00;ATOMHEDGE/USD;800,10000000;800,10000000;756,90000000;769,60000000;-3,96
2021-01-13T00:00:00+00:00;ATOMHEDGE/USD;861,10000000;872,00000000;800,10000000;800,10000000;-7,62
2021-01-12T00:00:00+00:00;ATOMHEDGE/USD;891,60000000;891,60000000;827,60000000;861,10000000;-3,54
2021-01-11T00:00:00+00:00;ATOMHEDGE/USD;800,10000000;909,50000000;800,10000000;891,60000000;10,26
2021-01-10T00:00:00+00:00;ATOMHEDGE/USD;773,00000000;801,60000000;703,40000000;800,10000000;3,39
2021-01-09T00:00:00+00:00;ATOMHEDGE/USD;861,10000000;861,10000000;752,40000000;773,00000000;-11,4
2021-01-08T00:00:00+00:00;ATOMHEDGE/USD;830,60000000;873,90000000;820,70000000;861,10000000;3,54
2021-01-07T00:00:00+00:00;ATOMHEDGE/USD;774,90000000;830,60000000;753,30000000;830,60000000;6,71
2021-01-06T00:00:00+00:00;ATOMHEDGE/USD;830,60000000;861,10000000;737,80000000;774,90000000;-7,19
2021-01-05T00:00:00+00:00;ATOMHEDGE/USD;861,10000000;891,60000000;815,70000000;830,60000000;-3,67
2021-01-04T00:00:00+00:00;ATOMHEDGE/USD;893,00000000;925,10000000;817,00000000;861,10000000;-3,7
2021-01-03T00:00:00+00:00;ATOMHEDGE/USD;931,70000000;960,70000000;878,40000000;893,00000000;-4,33
2021-01-02T00:00:00+00:00;ATOMHEDGE/USD;884,90000000;963,60000000;881,70000000;931,70000000;5,02
2021-01-01T00:00:00+00:00;ATOMHEDGE/USD;810,40000000;908,00000000;809,20000000;884,90000000;8,42
2020-12-31T00:00:00+00:00;ATOMHEDGE/USD;988,00000000;1049,30000000;806,60000000;810,40000000;-21,92
2020-12-30T00:00:00+00:00;ATOMHEDGE/USD;955,60000000;1007,40000000;932,20000000;988,00000000;3,28
2020-12-29T00:00:00+00:00;ATOMHEDGE/USD;999,10000000;1068,00000000;942,60000000;955,60000000;-4,55
2020-12-28T00:00:00+00:00;ATOMHEDGE/USD;1145,90000000;1156,30000000;975,10000000;999,10000000;-14,69
2020-12-27T00:00:00+00:00;ATOMHEDGE/USD;1156,10000000;1189,50000000;1109,30000000;1145,90000000;-0,89
2020-12-26T00:00:00+00:00;ATOMHEDGE/USD;1119,80000000;1172,60000000;1105,90000000;1156,10000000;3,14
2020-12-25T00:00:00+00:00;ATOMHEDGE/USD;1109,10000000;1189,50000000;1087,00000000;1119,80000000;0,96
2020-12-24T00:00:00+00:00;ATOMHEDGE/USD;1250,30000000;1298,00000000;1100,70000000;1109,10000000;-12,73
2020-12-23T00:00:00+00:00;ATOMHEDGE/USD;1152,00000000;1301,20000000;1140,20000000;1250,30000000;7,86
2020-12-22T00:00:00+00:00;ATOMHEDGE/USD;1132,40000000;1189,50000000;1116,60000000;1152,00000000;1,7
2020-12-21T00:00:00+00:00;ATOMHEDGE/USD;1134,50000000;1189,50000000;1103,30000000;1132,40000000;-0,19
2020-12-20T00:00:00+00:00;ATOMHEDGE/USD;1077,90000000;1173,50000000;1064,70000000;1134,50000000;4,99
2020-12-19T00:00:00+00:00;ATOMHEDGE/USD;1068,20000000;1087,80000000;1047,00000000;1077,90000000;0,9
2020-12-18T00:00:00+00:00;ATOMHEDGE/USD;1076,60000000;1106,40000000;1046,50000000;1068,20000000;-0,79
2020-12-17T00:00:00+00:00;ATOMHEDGE/USD;1036,30000000;1092,70000000;1007,60000000;1076,60000000;3,74
2020-12-16T00:00:00+00:00;ATOMHEDGE/USD;1077,50000000;1106,40000000;1033,20000000;1036,30000000;-3,98
2020-12-15T00:00:00+00:00;ATOMHEDGE/USD;1091,20000000;1127,60000000;1062,90000000;1077,50000000;-1,27
2020-12-14T00:00:00+00:00;ATOMHEDGE/USD;1098,80000000;1134,30000000;1072,30000000;1091,20000000;-0,7
2020-12-13T00:00:00+00:00;ATOMHEDGE/USD;1129,40000000;1132,70000000;1060,10000000;1098,80000000;-2,78
2020-12-12T00:00:00+00:00;ATOMHEDGE/USD;1210,50000000;1211,00000000;1117,70000000;1129,40000000;-7,18
2020-12-11T00:00:00+00:00;ATOMHEDGE/USD;1225,40000000;1269,80000000;1181,00000000;1210,50000000;-1,23
2020-12-10T00:00:00+00:00;ATOMHEDGE/USD;1189,50000000;1226,10000000;1189,50000000;1225,40000000;2,93
2020-12-09T00:00:00+00:00;ATOMHEDGE/USD;1222,40000000;1276,40000000;1180,30000000;1189,50000000;-2,77
2020-12-08T00:00:00+00:00;ATOMHEDGE/USD;1132,70000000;1238,20000000;1124,80000000;1222,40000000;7,34
2020-12-07T00:00:00+00:00;ATOMHEDGE/USD;1108,00000000;1139,60000000;1104,60000000;1132,70000000;2,18
2020-12-06T00:00:00+00:00;ATOMHEDGE/USD;1098,00000000;1145,40000000;1092,30000000;1108,00000000;0,9
2020-12-05T00:00:00+00:00;ATOMHEDGE/USD;1148,40000000;1167,90000000;1088,30000000;1098,00000000;-4,59
2020-12-04T00:00:00+00:00;ATOMHEDGE/USD;1058,20000000;1159,20000000;1051,80000000;1148,40000000;7,85
2020-12-03T00:00:00+00:00;ATOMHEDGE/USD;1058,10000000;1089,20000000;1032,10000000;1058,20000000;0,01
2020-12-02T00:00:00+00:00;ATOMHEDGE/USD;1131,30000000;1145,50000000;1051,90000000;1058,10000000;-6,92
2020-12-01T00:00:00+00:00;ATOMHEDGE/USD;1058,70000000;1200,20000000;1030,40000000;1131,30000000;6,42
2020-11-30T00:00:00+00:00;ATOMHEDGE/USD;1087,00000000;1152,10000000;1038,80000000;1058,70000000;-2,67
2020-11-29T00:00:00+00:00;ATOMHEDGE/USD;1090,00000000;1113,60000000;1066,20000000;1087,00000000;-0,28
2020-11-28T00:00:00+00:00;ATOMHEDGE/USD;1117,40000000;1145,80000000;1069,50000000;1090,00000000;-2,51
2020-11-27T00:00:00+00:00;ATOMHEDGE/USD;1141,00000000;1179,00000000;1105,60000000;1117,40000000;-2,11
2020-11-26T00:00:00+00:00;ATOMHEDGE/USD;1009,40000000;1195,50000000;940,50000000;1141,00000000;11,53
2020-11-25T00:00:00+00:00;ATOMHEDGE/USD;1000,60000000;1030,60000000;914,90000000;1009,40000000;0,87
2020-11-24T00:00:00+00:00;ATOMHEDGE/USD;1024,50000000;1067,00000000;919,90000000;1000,60000000;-2,39
2020-11-23T00:00:00+00:00;ATOMHEDGE/USD;1086,70000000;1140,70000000;1004,40000000;1024,50000000;-6,07
2020-11-22T00:00:00+00:00;ATOMHEDGE/USD;1013,00000000;1126,70000000;1000,80000000;1086,70000000;6,78
2020-11-21T00:00:00+00:00;ATOMHEDGE/USD;1154,20000000;1159,00000000;1006,30000000;1010,30000000;-14,24
2020-11-20T00:00:00+00:00;ATOMHEDGE/USD;1195,00000000;1200,20000000;1109,80000000;1154,20000000;-3,53
2020-11-19T00:00:00+00:00;ATOMHEDGE/USD;1195,80000000;1223,30000000;1167,30000000;1195,00000000;-0,07
2020-11-18T00:00:00+00:00;ATOMHEDGE/USD;1152,00000000;1239,90000000;1143,30000000;1195,80000000;3,66
2020-11-17T00:00:00+00:00;ATOMHEDGE/USD;1201,90000000;1208,20000000;1132,80000000;1152,00000000;-4,33
2020-11-16T00:00:00+00:00;ATOMHEDGE/USD;1228,60000000;1242,30000000;1175,20000000;1201,90000000;-2,22
2020-11-15T00:00:00+00:00;ATOMHEDGE/USD;1212,80000000;1264,50000000;1194,50000000;1228,60000000;1,29
2020-11-14T00:00:00+00:00;ATOMHEDGE/USD;1177,40000000;1225,40000000;1172,10000000;1212,80000000;2,92
2020-11-13T00:00:00+00:00;ATOMHEDGE/USD;1221,30000000;1230,20000000;1166,60000000;1177,40000000;-3,73
2020-11-12T00:00:00+00:00;ATOMHEDGE/USD;1221,30000000;1245,80000000;1155,90000000;1221,30000000;0,0
2020-11-11T00:00:00+00:00;ATOMHEDGE/USD;1208,70000000;1238,60000000;1164,00000000;1221,30000000;1,03
2020-11-10T00:00:00+00:00;ATOMHEDGE/USD;1192,50000000;1248,10000000;1162,60000000;1208,70000000;1,34
2020-11-09T00:00:00+00:00;ATOMHEDGE/USD;1286,60000000;1323,40000000;1182,20000000;1192,50000000;-7,89
2020-11-08T00:00:00+00:00;ATOMHEDGE/USD;1343,90000000;1416,40000000;1256,60000000;1286,60000000;-4,45
2020-11-07T00:00:00+00:00;ATOMHEDGE/USD;1271,80000000;1376,60000000;1197,90000000;1343,90000000;5,36
2020-11-06T00:00:00+00:00;ATOMHEDGE/USD;1389,80000000;1400,40000000;1251,70000000;1271,80000000;-9,28
2020-11-05T00:00:00+00:00;ATOMHEDGE/USD;1416,40000000;1452,00000000;1362,50000000;1389,80000000;-1,91
2020-11-04T00:00:00+00:00;ATOMHEDGE/USD;1391,60000000;1476,10000000;1376,60000000;1419,10000000;1,94
2020-11-03T00:00:00+00:00;ATOMHEDGE/USD;1356,50000000;1442,10000000;1351,60000000;1391,60000000;2,52
2020-11-02T00:00:00+00:00;ATOMHEDGE/USD;1317,40000000;1364,80000000;1279,10000000;1356,50000000;2,88
2020-11-01T00:00:00+00:00;ATOMHEDGE/USD;1356,00000000;1376,40000000;1282,50000000;1316,20000000;-3,02
2020-10-31T00:00:00+00:00;ATOMHEDGE/USD;1355,60000000;1363,00000000;1298,50000000;1356,00000000;0,03
2020-10-30T00:00:00+00:00;ATOMHEDGE/USD;1352,60000000;1433,00000000;1195,00000000;1355,60000000;0,22
2020-10-29T00:00:00+00:00;ATOMHEDGE/USD;1307,60000000;1382,40000000;1288,50000000;1352,60000000;3,33
2020-10-28T00:00:00+00:00;ATOMHEDGE/USD;1226,10000000;1327,30000000;1218,70000000;1307,60000000;6,23
2020-10-27T00:00:00+00:00;ATOMHEDGE/USD;1224,70000000;1242,60000000;1187,90000000;1226,10000000;0,11
2020-10-26T00:00:00+00:00;ATOMHEDGE/USD;1195,00000000;1260,70000000;1180,20000000;1224,70000000;2,43
2020-10-25T00:00:00+00:00;ATOMHEDGE/USD;1146,20000000;1201,70000000;1123,80000000;1195,00000000;4,08
2020-10-24T00:00:00+00:00;ATOMHEDGE/USD;1186,40000000;1204,40000000;1134,80000000;1146,20000000;-3,51
2020-10-23T00:00:00+00:00;ATOMHEDGE/USD;1166,00000000;1222,80000000;1156,10000000;1186,40000000;1,72
2020-10-22T00:00:00+00:00;ATOMHEDGE/USD;1212,30000000;1214,00000000;1123,00000000;1166,00000000;-3,97
2020-10-21T00:00:00+00:00;ATOMHEDGE/USD;1271,10000000;1276,30000000;1140,60000000;1212,30000000;-4,85
2020-10-20T00:00:00+00:00;ATOMHEDGE/USD;1169,70000000;1276,70000000;1162,40000000;1271,10000000;7,98
2020-10-19T00:00:00+00:00;ATOMHEDGE/USD;1121,00000000;1177,00000000;1121,00000000;1169,70000000;4,16
2020-10-18T00:00:00+00:00;ATOMHEDGE/USD;1186,90000000;1197,70000000;1121,00000000;1121,00000000;-5,88
2020-10-17T00:00:00+00:00;ATOMHEDGE/USD;1202,60000000;1227,80000000;1170,50000000;1186,90000000;-1,32
2020-10-16T00:00:00+00:00;ATOMHEDGE/USD;1131,40000000;1218,40000000;1121,00000000;1202,60000000;5,92
2020-10-15T00:00:00+00:00;ATOMHEDGE/USD;1141,20000000;1184,40000000;1109,50000000;1131,40000000;-0,87
2020-10-14T00:00:00+00:00;ATOMHEDGE/USD;1094,60000000;1158,80000000;1071,70000000;1141,20000000;4,08
2020-10-13T00:00:00+00:00;ATOMHEDGE/USD;1102,40000000;1126,90000000;1061,80000000;1094,60000000;-0,71
2020-10-12T00:00:00+00:00;ATOMHEDGE/USD;1084,60000000;1129,10000000;1054,80000000;1102,40000000;1,61
2020-10-11T00:00:00+00:00;ATOMHEDGE/USD;1195,20000000;1218,60000000;1043,50000000;1084,60000000;-10,2
2020-10-10T00:00:00+00:00;ATOMHEDGE/USD;1291,20000000;1292,10000000;1150,60000000;1195,20000000;-8,03
2020-10-09T00:00:00+00:00;ATOMHEDGE/USD;1321,30000000;1349,10000000;1250,70000000;1291,20000000;-2,33
2020-10-08T00:00:00+00:00;ATOMHEDGE/USD;1367,60000000;1438,50000000;1294,20000000;1321,30000000;-3,5
2020-10-07T00:00:00+00:00;ATOMHEDGE/USD;1411,90000000;1460,30000000;1345,60000000;1367,60000000;-3,24
2020-10-06T00:00:00+00:00;ATOMHEDGE/USD;1262,70000000;1428,60000000;1252,90000000;1411,90000000;10,57
2020-10-05T00:00:00+00:00;ATOMHEDGE/USD;1274,90000000;1309,90000000;1216,40000000;1262,70000000;-0,97
2020-10-04T00:00:00+00:00;ATOMHEDGE/USD;1361,30000000;1398,50000000;1258,70000000;1274,90000000;-6,78
2020-10-03T00:00:00+00:00;ATOMHEDGE/USD;1390,60000000;1400,80000000;1299,80000000;1361,30000000;-2,15
2020-10-02T00:00:00+00:00;ATOMHEDGE/USD;1329,40000000;1458,50000000;1290,90000000;1390,60000000;4,4
2020-10-01T00:00:00+00:00;ATOMHEDGE/USD;1272,80000000;1371,50000000;1218,90000000;1329,40000000;4,26
2020-09-30T00:00:00+00:00;ATOMHEDGE/USD;1288,70000000;1315,80000000;1226,50000000;1272,80000000;-1,25
2020-09-29T00:00:00+00:00;ATOMHEDGE/USD;1432,50000000;1438,60000000;1262,50000000;1288,70000000;-11,16
2020-09-28T00:00:00+00:00;ATOMHEDGE/USD;1462,00000000;1462,00000000;1319,30000000;1432,50000000;-2,06
2020-09-27T00:00:00+00:00;ATOMHEDGE/USD;1501,70000000;1527,00000000;1437,90000000;1462,00000000;-2,72
2020-09-26T00:00:00+00:00;ATOMHEDGE/USD;1445,80000000;1540,80000000;1435,50000000;1501,70000000;3,72
2020-09-25T00:00:00+00:00;ATOMHEDGE/USD;1555,30000000;1599,90000000;1121,00000000;1445,80000000;-7,57
2020-09-24T00:00:00+00:00;ATOMHEDGE/USD;1848,25000000;1869,00000000;1530,75000000;1555,30000000;-18,84
2020-09-23T00:00:00+00:00;ATOMHEDGE/USD;1699,00000000;1864,75000000;1655,75000000;1848,25000000;8,08
2020-09-22T00:00:00+00:00;ATOMHEDGE/USD;1759,00000000;1778,25000000;1670,50000000;1699,00000000;-3,53
2020-09-21T00:00:00+00:00;ATOMHEDGE/USD;1563,40000000;1801,90000000;1532,50000000;1759,00000000;11,12
2020-09-20T00:00:00+00:00;ATOMHEDGE/USD;1477,30000000;1599,90000000;1432,40000000;1563,40000000;5,51
2020-09-19T00:00:00+00:00;ATOMHEDGE/USD;1469,10000000;1499,80000000;1409,60000000;1477,30000000;0,56
2020-09-18T00:00:00+00:00;ATOMHEDGE/USD;1440,40000000;1524,10000000;1396,40000000;1469,10000000;1,95
2020-09-17T00:00:00+00:00;ATOMHEDGE/USD;1423,20000000;1496,20000000;1397,30000000;1440,40000000;1,19
2020-09-16T00:00:00+00:00;ATOMHEDGE/USD;1508,40000000;1555,80000000;1400,90000000;1423,20000000;-5,99
2020-09-15T00:00:00+00:00;ATOMHEDGE/USD;1374,30000000;1525,70000000;1351,50000000;1508,40000000;8,89
2020-09-14T00:00:00+00:00;ATOMHEDGE/USD;1392,80000000;1440,20000000;1330,80000000;1374,30000000;-1,35
2020-09-13T00:00:00+00:00;ATOMHEDGE/USD;1322,30000000;1441,60000000;1262,50000000;1392,80000000;5,06
2020-09-12T00:00:00+00:00;ATOMHEDGE/USD;1388,00000000;1431,70000000;1293,90000000;1322,30000000;-4,97
2020-09-11T00:00:00+00:00;ATOMHEDGE/USD;1394,40000000;1463,80000000;1373,20000000;1388,00000000;-0,46
2020-09-10T00:00:00+00:00;ATOMHEDGE/USD;1397,50000000;1431,10000000;1329,00000000;1394,40000000;-0,22
2020-09-09T00:00:00+00:00;ATOMHEDGE/USD;1509,80000000;1527,80000000;1340,30000000;1397,50000000;-8,04
2020-09-08T00:00:00+00:00;ATOMHEDGE/USD;1478,60000000;1569,10000000;1422,20000000;1509,80000000;2,07
2020-09-07T00:00:00+00:00;ATOMHEDGE/USD;1444,50000000;1609,50000000;1415,90000000;1478,60000000;2,31
2020-09-06T00:00:00+00:00;ATOMHEDGE/USD;1524,60000000;1666,00000000;1385,30000000;1444,50000000;-5,55
2020-09-05T00:00:00+00:00;ATOMHEDGE/USD;1386,00000000;1601,10000000;1333,00000000;1524,60000000;9,09
2020-09-04T00:00:00+00:00;ATOMHEDGE/USD;1586,00000000;1647,10000000;1339,40000000;1386,00000000;-14,43
2020-09-03T00:00:00+00:00;ATOMHEDGE/USD;1254,80000000;1596,60000000;1231,70000000;1586,00000000;20,88
2020-09-02T00:00:00+00:00;ATOMHEDGE/USD;1158,50000000;1298,30000000;1144,20000000;1254,80000000;7,67
2020-09-01T00:00:00+00:00;ATOMHEDGE/USD;1162,50000000;1195,70000000;1097,00000000;1158,50000000;-0,35
2020-08-31T00:00:00+00:00;ATOMHEDGE/USD;1103,10000000;1167,30000000;1075,40000000;1162,50000000;5,11
2020-08-30T00:00:00+00:00;ATOMHEDGE/USD;1156,70000000;1162,30000000;1058,30000000;1103,10000000;-4,86
2020-08-29T00:00:00+00:00;ATOMHEDGE/USD;1112,40000000;1156,70000000;1104,20000000;1156,70000000;3,83
2020-08-28T00:00:00+00:00;ATOMHEDGE/USD;1155,60000000;1181,70000000;1069,00000000;1112,40000000;-3,88
2020-08-27T00:00:00+00:00;ATOMHEDGE/USD;1096,00000000;1214,90000000;1066,20000000;1156,00000000;5,19
2020-08-26T00:00:00+00:00;ATOMHEDGE/USD;1013,80000000;1104,10000000;982,40000000;1096,00000000;7,5
2020-08-25T00:00:00+00:00;ATOMHEDGE/USD;1032,70000000;1087,10000000;956,00000000;1013,80000000;-1,86
2020-08-24T00:00:00+00:00;ATOMHEDGE/USD;998,40000000;1106,40000000;996,20000000;1032,70000000;3,32
2020-08-23T00:00:00+00:00;ATOMHEDGE/USD;1386,90000000;1405,70000000;992,00000000;998,40000000;-38,91
2020-08-22T00:00:00+00:00;ATOMHEDGE/USD;1616,25000000;1674,50000000;1370,00000000;1386,90000000;-16,54
2020-08-21T00:00:00+00:00;ATOMHEDGE/USD;1458,10000000;1618,60000000;1394,70000000;1616,25000000;9,78
2020-08-20T00:00:00+00:00;ATOMHEDGE/USD;1643,25000000;1674,25000000;1420,00000000;1458,10000000;-12,7
2020-08-19T00:00:00+00:00;ATOMHEDGE/USD;1597,75000000;1740,75000000;1420,00000000;1643,25000000;2,77
2020-08-18T00:00:00+00:00;ATOMHEDGE/USD;1572,50000000;1678,70000000;1502,70000000;1597,75000000;1,58
2020-08-17T00:00:00+00:00;ATOMHEDGE/USD;1492,90000000;1572,90000000;1430,40000000;1572,50000000;5,06
2020-08-16T00:00:00+00:00;ATOMHEDGE/USD;1533,10000000;1609,10000000;1455,00000000;1492,90000000;-2,69
2020-08-15T00:00:00+00:00;ATOMHEDGE/USD;1525,00000000;1570,40000000;1420,00000000;1533,10000000;0,53
2020-08-14T00:00:00+00:00;ATOMHEDGE/USD;1521,40000000;1589,10000000;1398,70000000;1525,00000000;0,24
2020-08-13T00:00:00+00:00;ATOMHEDGE/USD;1572,00000000;1680,60000000;1396,80000000;1521,40000000;-3,33
2020-08-12T00:00:00+00:00;ATOMHEDGE/USD;1927,00000000;1944,00000000;1544,00000000;1572,00000000;-22,58
2020-08-11T00:00:00+00:00;ATOMHEDGE/USD;1745,50000000;1990,75000000;1724,50000000;1927,00000000;9,42
2020-08-10T00:00:00+00:00;ATOMHEDGE/USD;1828,50000000;1869,00000000;1620,50000000;1745,50000000;-4,76
2020-08-09T00:00:00+00:00;ATOMHEDGE/USD;2219,75000000;2287,75000000;1767,50000000;1828,50000000;-21,4
2020-08-08T00:00:00+00:00;ATOMHEDGE/USD;2455,50000000;2475,00000000;2213,50000000;2219,75000000;-10,62
2020-08-07T00:00:00+00:00;ATOMHEDGE/USD;2356,75000000;2534,00000000;2350,50000000;2455,50000000;4,02
2020-08-06T00:00:00+00:00;ATOMHEDGE/USD;2366,50000000;2389,25000000;2332,75000000;2356,75000000;-0,41
2020-08-05T00:00:00+00:00;ATOMHEDGE/USD;2441,00000000;2484,25000000;2345,00000000;2366,50000000;-3,15
2020-08-04T00:00:00+00:00;ATOMHEDGE/USD;2557,00000000;2561,25000000;2405,75000000;2441,00000000;-4,75
2020-08-03T00:00:00+00:00;ATOMHEDGE/USD;2500,75000000;2579,75000000;2393,25000000;2557,00000000;2,2
2020-08-02T00:00:00+00:00;ATOMHEDGE/USD;2398,50000000;2613,00000000;2329,25000000;2500,75000000;4,09
2020-08-01T00:00:00+00:00;ATOMHEDGE/USD;2591,00000000;2591,00000000;2363,00000000;2398,50000000;-8,03
2020-07-31T00:00:00+00:00;ATOMHEDGE/USD;2645,75000000;2651,00000000;2549,25000000;2591,00000000;-2,11
2020-07-30T00:00:00+00:00;ATOMHEDGE/USD;2696,50000000;2731,50000000;2601,00000000;2645,75000000;-1,92
2020-07-29T00:00:00+00:00;ATOMHEDGE/USD;2607,00000000;2710,50000000;2532,25000000;2696,50000000;3,32
2020-07-28T00:00:00+00:00;ATOMHEDGE/USD;2723,25000000;2748,50000000;2578,25000000;2607,00000000;-4,46
2020-07-27T00:00:00+00:00;ATOMHEDGE/USD;2579,25000000;2932,75000000;2507,50000000;2723,25000000;5,29
2020-07-26T00:00:00+00:00;ATOMHEDGE/USD;2504,50000000;2641,50000000;2501,25000000;2579,25000000;2,9
2020-07-25T00:00:00+00:00;ATOMHEDGE/USD;2569,00000000;2599,00000000;2474,50000000;2504,50000000;-2,58
2020-07-24T00:00:00+00:00;ATOMHEDGE/USD;2479,50000000;2591,25000000;2476,75000000;2569,00000000;3,48
2020-07-23T00:00:00+00:00;ATOMHEDGE/USD;2450,00000000;2508,25000000;2393,00000000;2479,50000000;1,19
2020-07-22T00:00:00+00:00;ATOMHEDGE/USD;2453,25000000;2519,50000000;2403,25000000;2450,00000000;-0,13
2020-07-21T00:00:00+00:00;ATOMHEDGE/USD;2539,00000000;2598,00000000;2411,75000000;2452,25000000;-3,54
2020-07-20T00:00:00+00:00;ATOMHEDGE/USD;2353,50000000;2546,50000000;2333,00000000;2539,00000000;7,31
2020-07-19T00:00:00+00:00;ATOMHEDGE/USD;2284,00000000;2462,50000000;2201,75000000;2353,50000000;2,95
2020-07-18T00:00:00+00:00;ATOMHEDGE/USD;2401,75000000;2421,75000000;2194,25000000;2284,00000000;-5,16
2020-07-17T00:00:00+00:00;ATOMHEDGE/USD;2442,75000000;2516,75000000;2346,00000000;2401,75000000;-1,71
2020-07-16T00:00:00+00:00;ATOMHEDGE/USD;2458,25000000;2637,25000000;2320,75000000;2442,75000000;-0,63
2020-07-15T00:00:00+00:00;ATOMHEDGE/USD;2513,75000000;2572,50000000;2397,00000000;2458,25000000;-2,26
2020-07-14T00:00:00+00:00;ATOMHEDGE/USD;2579,00000000;2621,25000000;2350,50000000;2513,75000000;-2,6
2020-07-13T00:00:00+00:00;ATOMHEDGE/USD;2479,00000000;2661,25000000;2293,50000000;2579,00000000;3,88
2020-07-12T00:00:00+00:00;ATOMHEDGE/USD;2550,25000000;2560,75000000;2350,50000000;2479,00000000;-2,87
2020-07-11T00:00:00+00:00;ATOMHEDGE/USD;2483,25000000;2573,75000000;2235,00000000;2550,25000000;2,63
2020-07-10T00:00:00+00:00;ATOMHEDGE/USD;2668,75000000;2833,25000000;2400,75000000;2483,25000000;-7,47
2020-07-09T00:00:00+00:00;ATOMHEDGE/USD;2853,00000000;2975,00000000;2661,50000000;2668,75000000;-6,9
2020-07-08T00:00:00+00:00;ATOMHEDGE/USD;3149,00000000;3232,50000000;2831,25000000;2853,00000000;-10,38
2020-07-07T00:00:00+00:00;ATOMHEDGE/USD;3399,00000000;3461,00000000;3108,50000000;3149,00000000;-7,94
2020-07-06T00:00:00+00:00;ATOMHEDGE/USD;3498,00000000;3517,00000000;3269,00000000;3399,00000000;-2,91
2020-07-05T00:00:00+00:00;ATOMHEDGE/USD;3698,50000000;3716,00000000;3431,00000000;3498,00000000;-5,73
2020-07-04T00:00:00+00:00;ATOMHEDGE/USD;3823,50000000;3838,00000000;3686,50000000;3698,50000000;-3,38
2020-07-03T00:00:00+00:00;ATOMHEDGE/USD;3860,00000000;3902,50000000;3654,50000000;3823,50000000;-0,95
2020-07-02T00:00:00+00:00;ATOMHEDGE/USD;3857,50000000;3945,50000000;3669,50000000;3860,00000000;0,06
2020-07-01T00:00:00+00:00;ATOMHEDGE/USD;3953,00000000;4030,00000000;3824,00000000;3857,50000000;-2,48
2020-06-30T00:00:00+00:00;ATOMHEDGE/USD;3881,00000000;4058,50000000;3836,50000000;3953,00000000;1,82
2020-06-29T00:00:00+00:00;ATOMHEDGE/USD;4104,50000000;4165,50000000;3828,00000000;3881,00000000;-5,76
2020-06-28T00:00:00+00:00;ATOMHEDGE/USD;4241,50000000;4311,00000000;4017,50000000;4104,50000000;-3,34
2020-06-27T00:00:00+00:00;ATOMHEDGE/USD;3948,50000000;4489,50000000;3809,00000000;4241,50000000;6,91
2020-06-26T00:00:00+00:00;ATOMHEDGE/USD;3947,50000000;4115,50000000;3895,50000000;3948,50000000;0,03
2020-06-25T00:00:00+00:00;ATOMHEDGE/USD;3861,00000000;4619,50000000;3850,00000000;3947,50000000;2,19
2020-06-24T00:00:00+00:00;ATOMHEDGE/USD;3736,50000000;3929,50000000;3595,50000000;3861,00000000;3,22
2020-06-23T00:00:00+00:00;ATOMHEDGE/USD;3854,00000000;3910,50000000;3645,00000000;3736,50000000;-3,14
2020-06-22T00:00:00+00:00;ATOMHEDGE/USD;3987,50000000;3993,00000000;3806,50000000;3854,00000000;-3,46
2020-06-21T00:00:00+00:00;ATOMHEDGE/USD;3950,50000000;4046,50000000;3937,50000000;3987,50000000;0,93
2020-06-20T00:00:00+00:00;ATOMHEDGE/USD;3985,50000000;4076,50000000;3943,50000000;3950,50000000;-0,89
2020-06-19T00:00:00+00:00;ATOMHEDGE/USD;3915,50000000;4482,00000000;3898,50000000;3985,50000000;1,76
2020-06-18T00:00:00+00:00;ATOMHEDGE/USD;3825,00000000;3966,00000000;3824,00000000;3915,50000000;2,31
2020-06-17T00:00:00+00:00;ATOMHEDGE/USD;3788,00000000;3918,50000000;3770,00000000;3825,00000000;0,97
2020-06-16T00:00:00+00:00;ATOMHEDGE/USD;3814,50000000;3882,50000000;3736,00000000;3788,00000000;-0,7
2020-06-15T00:00:00+00:00;ATOMHEDGE/USD;3749,50000000;4050,50000000;3717,50000000;3814,50000000;1,7
2020-06-14T00:00:00+00:00;ATOMHEDGE/USD;3598,50000000;3796,00000000;3596,00000000;3749,50000000;4,03
2020-06-13T00:00:00+00:00;ATOMHEDGE/USD;3609,00000000;3668,00000000;3563,50000000;3598,50000000;-0,29
2020-06-12T00:00:00+00:00;ATOMHEDGE/USD;3750,50000000;3788,50000000;3527,50000000;3609,00000000;-3,92
2020-06-11T00:00:00+00:00;ATOMHEDGE/USD;3369,00000000;3802,00000000;3351,00000000;3750,50000000;10,17
2020-06-10T00:00:00+00:00;ATOMHEDGE/USD;3370,00000000;6183,00000000;3357,50000000;3369,00000000;-0,03
2020-06-09T00:00:00+00:00;ATOMHEDGE/USD;3337,50000000;3416,50000000;3299,50000000;3371,00000000;0,99
2020-06-08T00:00:00+00:00;ATOMHEDGE/USD;3488,00000000;4154,00000000;3327,50000000;3337,50000000;-4,51
2020-06-07T00:00:00+00:00;ATOMHEDGE/USD;3448,50000000;3645,50000000;3387,50000000;3488,00000000;1,13
2020-06-06T00:00:00+00:00;ATOMHEDGE/USD;3412,00000000;3460,50000000;3338,00000000;3448,50000000;1,06
2020-06-05T00:00:00+00:00;ATOMHEDGE/USD;3390,50000000;3468,00000000;3291,50000000;3412,00000000;0,63
2020-06-04T00:00:00+00:00;ATOMHEDGE/USD;3639,50000000;3691,50000000;3334,00000000;3390,50000000;-7,34
2020-06-03T00:00:00+00:00;ATOMHEDGE/USD;3850,50000000;3884,00000000;3623,50000000;3639,50000000;-5,8
2020-06-02T00:00:00+00:00;ATOMHEDGE/USD;3699,50000000;4021,00000000;3580,50000000;3850,50000000;3,92
2020-06-01T00:00:00+00:00;ATOMHEDGE/USD;3902,50000000;3960,00000000;3695,00000000;3699,50000000;-5,49
2020-05-31T00:00:00+00:00;ATOMHEDGE/USD;3772,00000000;3942,00000000;3682,00000000;3906,50000000;3,44
2020-05-30T00:00:00+00:00;ATOMHEDGE/USD;3976,00000000;4034,00000000;3748,00000000;3772,00000000;-5,41
2020-05-29T00:00:00+00:00;ATOMHEDGE/USD;3983,50000000;4072,50000000;3941,50000000;3976,00000000;-0,19
2020-05-28T00:00:00+00:00;ATOMHEDGE/USD;4087,00000000;4169,00000000;3975,00000000;3983,50000000;-2,6
2020-05-27T00:00:00+00:00;ATOMHEDGE/USD;4126,00000000;4150,00000000;3946,50000000;4087,00000000;-0,95
2020-05-26T00:00:00+00:00;ATOMHEDGE/USD;4082,00000000;4881,50000000;4057,50000000;4126,00000000;1,07
2020-05-25T00:00:00+00:00;ATOMHEDGE/USD;4292,00000000;4351,00000000;4057,50000000;4082,00000000;-5,14
2020-05-24T00:00:00+00:00;ATOMHEDGE/USD;4134,50000000;4304,50000000;4041,50000000;4292,00000000;3,67
2020-05-23T00:00:00+00:00;ATOMHEDGE/USD;4045,50000000;4197,00000000;4006,00000000;4134,50000000;2,15
2020-05-22T00:00:00+00:00;ATOMHEDGE/USD;4285,50000000;4330,00000000;3989,00000000;4045,50000000;-5,93
2020-05-21T00:00:00+00:00;ATOMHEDGE/USD;3995,50000000;4398,00000000;3957,00000000;4285,50000000;6,77
2020-05-20T00:00:00+00:00;ATOMHEDGE/USD;4132,50000000;4246,00000000;3987,00000000;3995,50000000;-3,43
2020-05-19T00:00:00+00:00;ATOMHEDGE/USD;4162,50000000;5073,00000000;4117,50000000;4132,50000000;-0,73
2020-05-18T00:00:00+00:00;ATOMHEDGE/USD;4254,00000000;4261,50000000;4050,00000000;4162,50000000;-2,2
2020-05-17T00:00:00+00:00;ATOMHEDGE/USD;4232,00000000;4803,00000000;4112,00000000;4254,00000000;0,52
2020-05-16T00:00:00+00:00;ATOMHEDGE/USD;4380,50000000;4501,50000000;4207,50000000;4232,00000000;-3,51
2020-05-15T00:00:00+00:00;ATOMHEDGE/USD;4282,00000000;4471,00000000;4206,00000000;4380,50000000;2,25
2020-05-14T00:00:00+00:00;ATOMHEDGE/USD;4262,00000000;4448,00000000;4216,50000000;4282,00000000;0,47
2020-05-13T00:00:00+00:00;ATOMHEDGE/USD;4385,50000000;4466,50000000;4183,00000000;4262,00000000;-2,9
2020-05-12T00:00:00+00:00;ATOMHEDGE/USD;4575,50000000;5124,50000000;4308,00000000;4385,50000000;-4,33
2020-05-11T00:00:00+00:00;ATOMHEDGE/USD;4362,50000000;4773,50000000;4274,50000000;4575,50000000;4,66
2020-05-10T00:00:00+00:00;ATOMHEDGE/USD;3999,00000000;4671,50000000;3999,00000000;4362,50000000;8,33
2020-05-09T00:00:00+00:00;ATOMHEDGE/USD;3909,50000000;4034,50000000;3842,50000000;3999,00000000;2,24
2020-05-08T00:00:00+00:00;ATOMHEDGE/USD;4018,50000000;4092,50000000;3833,00000000;3909,50000000;-2,79
2020-05-07T00:00:00+00:00;ATOMHEDGE/USD;4192,00000000;4331,00000000;3904,50000000;4018,50000000;-4,32
2020-05-06T00:00:00+00:00;ATOMHEDGE/USD;4065,50000000;4220,00000000;3982,50000000;4192,00000000;3,02
2020-05-05T00:00:00+00:00;ATOMHEDGE/USD;3991,00000000;4423,00000000;3953,00000000;4065,50000000;1,83
2020-05-04T00:00:00+00:00;ATOMHEDGE/USD;3976,50000000;4461,00000000;3940,50000000;3991,00000000;0,36
2020-05-03T00:00:00+00:00;ATOMHEDGE/USD;3840,50000000;4030,50000000;3796,00000000;3976,50000000;3,42
2020-05-02T00:00:00+00:00;ATOMHEDGE/USD;3905,00000000;3985,50000000;3806,50000000;3840,50000000;-1,68
2020-05-01T00:00:00+00:00;ATOMHEDGE/USD;4035,50000000;4047,50000000;3743,00000000;3905,00000000;-3,34
2020-04-30T00:00:00+00:00;ATOMHEDGE/USD;3777,50000000;4081,00000000;3586,50000000;4035,50000000;6,39
2020-04-29T00:00:00+00:00;ATOMHEDGE/USD;3971,50000000;4027,00000000;3694,50000000;3777,50000000;-5,14
2020-04-28T00:00:00+00:00;ATOMHEDGE/USD;4016,00000000;5810,00000000;3894,00000000;3971,50000000;-1,12
2020-04-27T00:00:00+00:00;ATOMHEDGE/USD;3954,50000000;4192,50000000;3921,50000000;4016,00000000;1,53
2020-04-26T00:00:00+00:00;ATOMHEDGE/USD;3871,50000000;4019,00000000;3829,00000000;3954,50000000;2,1
2020-04-25T00:00:00+00:00;ATOMHEDGE/USD;4046,00000000;4271,50000000;3753,00000000;3871,50000000;-4,51
2020-04-24T00:00:00+00:00;ATOMHEDGE/USD;4686,00000000;4703,50000000;3967,50000000;4046,00000000;-15,82
2020-04-23T00:00:00+00:00;ATOMHEDGE/USD;4758,50000000;4880,00000000;4550,00000000;4686,00000000;-1,55
2020-04-22T00:00:00+00:00;ATOMHEDGE/USD;5026,00000000;5051,00000000;4714,00000000;4758,50000000;-5,62
2020-04-21T00:00:00+00:00;ATOMHEDGE/USD;5025,00000000;5103,00000000;4905,50000000;5026,00000000;0,02
2020-04-20T00:00:00+00:00;ATOMHEDGE/USD;4808,50000000;5060,50000000;4680,50000000;5025,00000000;4,31
2020-04-19T00:00:00+00:00;ATOMHEDGE/USD;4574,00000000;6183,00000000;4506,50000000;4808,50000000;4,88
2020-04-18T00:00:00+00:00;ATOMHEDGE/USD;4864,00000000;4871,50000000;4541,50000000;4574,00000000;-6,34
2020-04-17T00:00:00+00:00;ATOMHEDGE/USD;4767,50000000;5277,00000000;4743,00000000;4864,00000000;1,98
2020-04-16T00:00:00+00:00;ATOMHEDGE/USD;5151,00000000;5338,00000000;4699,00000000;4767,50000000;-8,04
2020-04-15T00:00:00+00:00;ATOMHEDGE/USD;4970,00000000;5158,00000000;4801,50000000;5151,00000000;3,51
2020-04-14T00:00:00+00:00;ATOMHEDGE/USD;5211,50000000;5291,50000000;4777,50000000;4970,00000000;-4,86
2020-04-13T00:00:00+00:00;ATOMHEDGE/USD;5127,00000000;5887,00000000;5127,00000000;5211,50000000;1,62
2020-04-12T00:00:00+00:00;ATOMHEDGE/USD;5119,00000000;5242,50000000;4904,50000000;5127,00000000;0,16
2020-04-11T00:00:00+00:00;ATOMHEDGE/USD;5124,00000000;5290,00000000;4953,50000000;5119,00000000;-0,1
2020-04-10T00:00:00+00:00;ATOMHEDGE/USD;4648,00000000;5326,50000000;4613,00000000;5124,00000000;9,29
2020-04-09T00:00:00+00:00;ATOMHEDGE/USD;4822,00000000;5046,00000000;4548,50000000;4648,00000000;-3,74
2020-04-08T00:00:00+00:00;ATOMHEDGE/USD;5134,00000000;5226,50000000;4822,00000000;4822,00000000;-6,47
2020-04-07T00:00:00+00:00;ATOMHEDGE/USD;5032,00000000;5224,50000000;4824,00000000;5134,00000000;1,99
2020-04-06T00:00:00+00:00;ATOMHEDGE/USD;5993,00000000;5993,00000000;5008,50000000;5032,00000000;-19,1
2020-04-05T00:00:00+00:00;ATOMHEDGE/USD;6112,50000000;6183,00000000;5897,00000000;5993,00000000;-1,99
2020-04-04T00:00:00+00:00;ATOMHEDGE/USD;6241,50000000;6261,00000000;6009,00000000;6112,50000000;-2,11
2020-04-03T00:00:00+00:00;ATOMHEDGE/USD;6230,50000000;6297,50000000;6002,00000000;6241,50000000;0,18
2020-04-02T00:00:00+00:00;ATOMHEDGE/USD;6234,50000000;6282,00000000;5852,00000000;6230,50000000;-0,06
2020-04-01T00:00:00+00:00;ATOMHEDGE/USD;6323,00000000;6530,50000000;6071,50000000;6234,50000000;-1,42
2020-03-31T00:00:00+00:00;ATOMHEDGE/USD;6321,50000000;6395,50000000;6183,00000000;6323,00000000;0,02
2020-03-30T00:00:00+00:00;ATOMHEDGE/USD;6714,00000000;6747,50000000;6071,50000000;6321,50000000;-6,21
2020-03-29T00:00:00+00:00;ATOMHEDGE/USD;6345,50000000;6730,00000000;6300,50000000;6714,00000000;5,49
2020-03-28T00:00:00+00:00;ATOMHEDGE/USD;6314,50000000;6669,00000000;6297,00000000;6345,50000000;0,49
2020-03-27T00:00:00+00:00;ATOMHEDGE/USD;5890,50000000;6414,00000000;5783,50000000;6314,50000000;6,71
2020-03-26T00:00:00+00:00;ATOMHEDGE/USD;6123,50000000;6165,00000000;5879,00000000;5890,50000000;-3,96
2020-03-25T00:00:00+00:00;ATOMHEDGE/USD;6027,00000000;6242,00000000;5888,00000000;6123,50000000;1,58
2020-03-24T00:00:00+00:00;ATOMHEDGE/USD;6100,00000000;6157,50000000;5819,00000000;6027,00000000;-1,21
2020-03-23T00:00:00+00:00;ATOMHEDGE/USD;6810,50000000;6910,50000000;6071,50000000;6100,00000000;-11,65
2020-03-22T00:00:00+00:00;ATOMHEDGE/USD;6185,50000000;6821,50000000;5970,00000000;6810,50000000;9,18
2020-03-21T00:00:00+00:00;ATOMHEDGE/USD;6127,00000000;6591,50000000;5946,00000000;6185,50000000;0,95
2020-03-20T00:00:00+00:00;ATOMHEDGE/USD;6576,50000000;6968,50000000;5367,00000000;6127,00000000;-7,34
2020-03-19T00:00:00+00:00;ATOMHEDGE/USD;7743,00000000;7859,00000000;6342,00000000;6576,50000000;-17,74
2020-03-18T00:00:00+00:00;ATOMHEDGE/USD;7953,00000000;8450,00000000;7624,00000000;7743,00000000;-2,71
2020-03-17T00:00:00+00:00;ATOMHEDGE/USD;8508,00000000;8662,00000000;7488,00000000;7953,00000000;-6,98
2020-03-16T00:00:00+00:00;ATOMHEDGE/USD;7514,00000000;9213,00000000;7507,00000000;8508,00000000;11,68
2020-03-15T00:00:00+00:00;ATOMHEDGE/USD;7891,00000000;7997,00000000;6821,00000000;7514,00000000;-5,02
2020-03-14T00:00:00+00:00;ATOMHEDGE/USD;8092,00000000;8609,00000000;7257,00000000;7891,00000000;-2,55
2020-03-13T00:00:00+00:00;ATOMHEDGE/USD;9236,00000000;12406,00000000;7597,00000000;8092,00000000;-14,14
2020-03-12T00:00:00+00:00;ATOMHEDGE/USD;6338,50000000;9528,00000000;6265,00000000;9241,00000000;31,41
2020-03-11T00:00:00+00:00;ATOMHEDGE/USD;6200,00000000;6918,00000000;6112,50000000;6338,50000000;2,19
2020-03-10T00:00:00+00:00;ATOMHEDGE/USD;6281,00000000;6581,50000000;5921,00000000;6206,50000000;-1,2
2020-03-09T00:00:00+00:00;ATOMHEDGE/USD;6159,00000000;6657,00000000;6001,00000000;6281,00000000;1,94
2020-03-08T00:00:00+00:00;ATOMHEDGE/USD;5364,50000000;6203,50000000;5364,50000000;6159,00000000;12,9
2020-03-07T00:00:00+00:00;ATOMHEDGE/USD;5055,50000000;5426,50000000;5045,50000000;5364,50000000;5,76
2020-03-06T00:00:00+00:00;ATOMHEDGE/USD;5193,50000000;5265,50000000;5025,00000000;5055,50000000;-2,73
2020-03-05T00:00:00+00:00;ATOMHEDGE/USD;5208,50000000;5222,00000000;4939,00000000;5193,50000000;-0,29
2020-03-04T00:00:00+00:00;ATOMHEDGE/USD;5398,00000000;5409,00000000;4986,00000000;5208,50000000;-3,64
2020-03-03T00:00:00+00:00;ATOMHEDGE/USD;5276,50000000;5545,50000000;5276,50000000;5398,00000000;2,25
2020-03-02T00:00:00+00:00;ATOMHEDGE/USD;5922,50000000;5940,50000000;5154,50000000;5276,50000000;-12,24
2020-03-01T00:00:00+00:00;ATOMHEDGE/USD;5735,00000000;6068,00000000;5568,00000000;5922,50000000;3,17
2020-02-29T00:00:00+00:00;ATOMHEDGE/USD;5595,50000000;5742,50000000;5365,50000000;5735,00000000;2,43
2020-02-28T00:00:00+00:00;ATOMHEDGE/USD;5368,50000000;5783,50000000;5281,00000000;5595,50000000;4,06
2020-02-27T00:00:00+00:00;ATOMHEDGE/USD;5450,00000000;5889,00000000;5109,00000000;5368,50000000;-1,52
2020-02-26T00:00:00+00:00;ATOMHEDGE/USD;4955,00000000;5693,50000000;4922,50000000;5450,00000000;9,08
2020-02-25T00:00:00+00:00;ATOMHEDGE/USD;4582,50000000;5015,50000000;4569,00000000;4955,00000000;7,52
2020-02-24T00:00:00+00:00;ATOMHEDGE/USD;4213,00000000;4758,00000000;4097,50000000;4582,50000000;8,06
2020-02-23T00:00:00+00:00;ATOMHEDGE/USD;4036,50000000;4278,50000000;3977,00000000;4213,00000000;4,19
2020-02-22T00:00:00+00:00;ATOMHEDGE/USD;4077,00000000;4343,50000000;3968,00000000;4045,50000000;-0,78
2020-02-21T00:00:00+00:00;ATOMHEDGE/USD;4571,50000000;4628,50000000;4053,50000000;4077,00000000;-12,13
2020-02-20T00:00:00+00:00;ATOMHEDGE/USD;4949,00000000;5008,00000000;4465,00000000;4571,50000000;-8,26
2020-02-19T00:00:00+00:00;ATOMHEDGE/USD;4634,50000000;5021,50000000;4363,00000000;4946,00000000;6,3
2020-02-18T00:00:00+00:00;ATOMHEDGE/USD;4811,00000000;5187,50000000;4545,50000000;4634,50000000;-3,81
2020-02-17T00:00:00+00:00;ATOMHEDGE/USD;4693,50000000;5231,50000000;4656,00000000;4811,00000000;2,44
2020-02-16T00:00:00+00:00;ATOMHEDGE/USD;4474,50000000;5075,00000000;4307,00000000;4693,50000000;4,67
2020-02-15T00:00:00+00:00;ATOMHEDGE/USD;4045,00000000;4638,50000000;4025,50000000;4474,50000000;9,6
2020-02-14T00:00:00+00:00;ATOMHEDGE/USD;4228,00000000;4268,00000000;4023,50000000;4045,00000000;-4,52
2020-02-13T00:00:00+00:00;ATOMHEDGE/USD;4041,00000000;4287,50000000;3926,50000000;4228,00000000;4,42
2020-02-12T00:00:00+00:00;ATOMHEDGE/USD;4029,00000000;4084,50000000;3855,50000000;4041,00000000;0,3
2020-02-11T00:00:00+00:00;ATOMHEDGE/USD;4326,50000000;4406,50000000;3930,00000000;4029,00000000;-7,38
2020-02-10T00:00:00+00:00;ATOMHEDGE/USD;4323,00000000;4539,00000000;4300,50000000;4323,50000000;0,01
2020-02-09T00:00:00+00:00;ATOMHEDGE/USD;4438,00000000;4458,50000000;4281,50000000;4323,00000000;-2,66
2020-02-08T00:00:00+00:00;ATOMHEDGE/USD;4262,00000000;4547,00000000;4249,50000000;4438,00000000;3,97
2020-02-07T00:00:00+00:00;ATOMHEDGE/USD;4478,00000000;4559,50000000;4143,00000000;4262,00000000;-5,07
2020-02-06T00:00:00+00:00;ATOMHEDGE/USD;4744,00000000;4816,50000000;4465,50000000;4478,00000000;-5,94
2020-02-05T00:00:00+00:00;ATOMHEDGE/USD;4892,50000000;4978,00000000;4717,00000000;4744,00000000;-3,13
2020-02-04T00:00:00+00:00;ATOMHEDGE/USD;4834,00000000;5120,50000000;4818,00000000;4893,50000000;1,22
2020-02-03T00:00:00+00:00;ATOMHEDGE/USD;4684,00000000;4866,00000000;4571,00000000;4834,00000000;3,1
2020-02-02T00:00:00+00:00;ATOMHEDGE/USD;4698,50000000;4857,50000000;4594,00000000;4685,00000000;-0,29
2020-02-01T00:00:00+00:00;ATOMHEDGE/USD;4686,00000000;4795,50000000;4621,50000000;4698,50000000;0,27
2020-01-31T00:00:00+00:00;ATOMHEDGE/USD;4648,00000000;4951,50000000;4436,50000000;4686,00000000;0,81
2020-01-30T00:00:00+00:00;ATOMHEDGE/USD;4652,50000000;4761,50000000;4571,00000000;4649,00000000;-0,08
2020-01-29T00:00:00+00:00;ATOMHEDGE/USD;4472,00000000;4689,00000000;4459,50000000;4652,50000000;3,88
2020-01-28T00:00:00+00:00;ATOMHEDGE/USD;4538,50000000;4593,50000000;4428,00000000;4469,50000000;-1,54
2020-01-27T00:00:00+00:00;ATOMHEDGE/USD;4568,50000000;4651,50000000;4379,00000000;4538,50000000;-0,66
2020-01-26T00:00:00+00:00;ATOMHEDGE/USD;4674,50000000;4699,50000000;4539,50000000;4568,50000000;-2,32
2020-01-25T00:00:00+00:00;ATOMHEDGE/USD;4582,00000000;4711,50000000;4566,50000000;4673,50000000;1,96
2020-01-24T00:00:00+00:00;ATOMHEDGE/USD;4595,50000000;4713,00000000;4523,50000000;4582,00000000;-0,29
2020-01-23T00:00:00+00:00;ATOMHEDGE/USD;4393,50000000;4698,00000000;4367,00000000;4595,50000000;4,4
2020-01-22T00:00:00+00:00;ATOMHEDGE/USD;4410,00000000;4712,50000000;4349,00000000;4393,50000000;-0,38
2020-01-21T00:00:00+00:00;ATOMHEDGE/USD;4523,50000000;4570,00000000;4314,50000000;4410,00000000;-2,57
2020-01-20T00:00:00+00:00;ATOMHEDGE/USD;4503,50000000;4614,50000000;4361,00000000;4523,50000000;0,44
2020-01-19T00:00:00+00:00;ATOMHEDGE/USD;4392,50000000;4630,50000000;4252,00000000;4503,50000000;2,46
2020-01-18T00:00:00+00:00;ATOMHEDGE/USD;4066,50000000;4401,00000000;4035,00000000;4392,50000000;7,42
2020-01-17T00:00:00+00:00;ATOMHEDGE/USD;3993,50000000;4276,50000000;3832,00000000;4066,50000000;1,8
2020-01-16T00:00:00+00:00;ATOMHEDGE/USD;4551,50000000;4921,50000000;3777,00000000;4001,50000000;-13,74
2020-01-15T00:00:00+00:00;ATOMHEDGE/USD;4545,00000000;4687,00000000;4174,00000000;4551,50000000;0,14
2020-01-14T00:00:00+00:00;ATOMHEDGE/USD;4889,00000000;4927,00000000;4407,00000000;4541,00000000;-7,66
2020-01-13T00:00:00+00:00;ATOMHEDGE/USD;4862,00000000;5032,00000000;4808,00000000;4890,50000000;0,58
2020-01-12T00:00:00+00:00;ATOMHEDGE/USD;4835,50000000;4950,00000000;4774,50000000;4862,00000000;0,55
2020-01-11T00:00:00+00:00;ATOMHEDGE/USD;4824,50000000;4839,50000000;4653,00000000;4834,00000000;0,2
2020-01-10T00:00:00+00:00;ATOMHEDGE/USD;4862,50000000;4931,00000000;4652,50000000;4825,50000000;-0,77
2020-01-09T00:00:00+00:00;ATOMHEDGE/USD;5175,00000000;5236,00000000;4849,50000000;4862,50000000;-6,43
2020-01-08T00:00:00+00:00;ATOMHEDGE/USD;5065,50000000;5223,50000000;4952,50000000;5175,50000000;2,13
2020-01-07T00:00:00+00:00;ATOMHEDGE/USD;5029,50000000;5113,00000000;4880,00000000;5069,00000000;0,78

