DATE/TIME;SYMBOL;OPEN;HIGH;LOW;CLOSE;EVOL % CLOSE/HIGH
2022-01-05T00:00:00+00:00;ETH/USD;3784,20000000;3848,40000000;3764,30000000;3821,40000000;0,97
2022-01-04T00:00:00+00:00;ETH/USD;3765,30000000;3896,00000000;3714,00000000;3784,20000000;0,5
2022-01-03T00:00:00+00:00;ETH/USD;3829,20000000;3852,00000000;3681,60000000;3765,30000000;-1,7
2022-01-02T00:00:00+00:00;ETH/USD;3766,20000000;3859,10000000;3718,10000000;3829,20000000;1,65
2022-01-01T00:00:00+00:00;ETH/USD;3676,50000000;3777,20000000;3674,40000000;3766,20000000;2,38
2021-12-31T00:00:00+00:00;ETH/USD;3709,50000000;3815,90000000;3621,80000000;3676,50000000;-0,9
2021-12-30T00:00:00+00:00;ETH/USD;3628,70000000;3769,20000000;3582,60000000;3709,50000000;2,18
2021-12-29T00:00:00+00:00;ETH/USD;3793,60000000;3828,00000000;3603,90000000;3628,70000000;-4,54
2021-12-28T00:00:00+00:00;ETH/USD;4039,50000000;4039,50000000;3760,20000000;3793,60000000;-6,48
2021-12-27T00:00:00+00:00;ETH/USD;4066,20000000;4128,90000000;4032,40000000;4039,50000000;-0,66
2021-12-26T00:00:00+00:00;ETH/USD;4097,80000000;4107,30000000;4006,60000000;4066,20000000;-0,78
2021-12-25T00:00:00+00:00;ETH/USD;4048,50000000;4141,10000000;4020,70000000;4097,50000000;1,2
2021-12-24T00:00:00+00:00;ETH/USD;4113,40000000;4160,00000000;4018,80000000;4048,20000000;-1,61
2021-12-23T00:00:00+00:00;ETH/USD;3980,00000000;4156,90000000;3893,20000000;4113,30000000;3,24
2021-12-22T00:00:00+00:00;ETH/USD;4016,40000000;4077,90000000;3936,00000000;3980,00000000;-0,91
2021-12-21T00:00:00+00:00;ETH/USD;3946,70000000;4064,00000000;3914,10000000;4016,40000000;1,74
2021-12-20T00:00:00+00:00;ETH/USD;3925,40000000;3984,10000000;3752,00000000;3946,60000000;0,54
2021-12-19T00:00:00+00:00;ETH/USD;3961,20000000;4040,00000000;3886,30000000;3925,40000000;-0,91
2021-12-18T00:00:00+00:00;ETH/USD;3875,80000000;3999,90000000;3767,60000000;3961,20000000;2,16
2021-12-17T00:00:00+00:00;ETH/USD;3958,40000000;3995,20000000;3696,50000000;3875,80000000;-2,13
2021-12-16T00:00:00+00:00;ETH/USD;4021,20000000;4115,30000000;3953,60000000;3958,40000000;-1,59
2021-12-15T00:00:00+00:00;ETH/USD;3861,80000000;4095,00000000;3642,00000000;4021,20000000;3,96
2021-12-14T00:00:00+00:00;ETH/USD;3783,90000000;3883,90000000;3686,10000000;3861,80000000;2,02
2021-12-13T00:00:00+00:00;ETH/USD;4132,70000000;4146,10000000;3669,80000000;3783,90000000;-9,22
2021-12-12T00:00:00+00:00;ETH/USD;4092,20000000;4178,10000000;3989,20000000;4132,70000000;0,98
2021-12-11T00:00:00+00:00;ETH/USD;3898,60000000;4107,60000000;3832,40000000;4091,20000000;4,71
2021-12-10T00:00:00+00:00;ETH/USD;4105,70000000;4238,40000000;3884,20000000;3898,10000000;-5,33
2021-12-09T00:00:00+00:00;ETH/USD;4441,30000000;4495,00000000;4077,00000000;4105,70000000;-8,17
2021-12-08T00:00:00+00:00;ETH/USD;4310,20000000;4457,50000000;4228,60000000;4441,30000000;2,95
2021-12-07T00:00:00+00:00;ETH/USD;4354,00000000;4438,10000000;4260,20000000;4310,20000000;-1,02
2021-12-06T00:00:00+00:00;ETH/USD;4200,80000000;4381,20000000;3923,40000000;4354,00000000;3,52
2021-12-05T00:00:00+00:00;ETH/USD;4122,50000000;4255,80000000;4033,80000000;4200,80000000;1,86
2021-12-04T00:00:00+00:00;ETH/USD;4216,80000000;4239,60000000;3480,00000000;4122,50000000;-2,29
2021-12-03T00:00:00+00:00;ETH/USD;4515,00000000;4660,00000000;4030,00000000;4217,00000000;-7,07
2021-12-02T00:00:00+00:00;ETH/USD;4586,50000000;4646,50000000;4435,90000000;4515,00000000;-1,58
2021-12-01T00:00:00+00:00;ETH/USD;4631,30000000;4784,20000000;4528,50000000;4586,50000000;-0,98
2021-11-30T00:00:00+00:00;ETH/USD;4449,20000000;4758,60000000;4345,50000000;4631,60000000;3,94
2021-11-29T00:00:00+00:00;ETH/USD;4297,90000000;4463,60000000;4281,50000000;4449,20000000;3,4
2021-11-28T00:00:00+00:00;ETH/USD;4096,10000000;4305,40000000;3963,10000000;4297,90000000;4,7
2021-11-27T00:00:00+00:00;ETH/USD;4041,60000000;4186,00000000;4030,60000000;4096,70000000;1,34
2021-11-26T00:00:00+00:00;ETH/USD;4527,50000000;4556,00000000;3912,00000000;4042,30000000;-12,0
2021-11-25T00:00:00+00:00;ETH/USD;4271,30000000;4557,30000000;4249,50000000;4526,60000000;5,64
2021-11-24T00:00:00+00:00;ETH/USD;4341,50000000;4375,00000000;4167,90000000;4271,30000000;-1,64
2021-11-23T00:00:00+00:00;ETH/USD;4088,80000000;4387,30000000;4058,60000000;4341,50000000;5,82
2021-11-22T00:00:00+00:00;ETH/USD;4261,40000000;4323,10000000;4020,60000000;4088,80000000;-4,22
2021-11-21T00:00:00+00:00;ETH/USD;4415,10000000;4427,30000000;4246,60000000;4261,40000000;-3,61
2021-11-20T00:00:00+00:00;ETH/USD;4297,50000000;4438,10000000;4205,00000000;4415,10000000;2,66
2021-11-19T00:00:00+00:00;ETH/USD;3998,30000000;4312,50000000;3974,70000000;4297,50000000;6,96
2021-11-18T00:00:00+00:00;ETH/USD;4289,70000000;4346,20000000;3958,00000000;3998,20000000;-7,29
2021-11-17T00:00:00+00:00;ETH/USD;4209,80000000;4300,70000000;4063,10000000;4289,70000000;1,86
2021-11-16T00:00:00+00:00;ETH/USD;4563,90000000;4563,90000000;4105,00000000;4209,90000000;-8,41
2021-11-15T00:00:00+00:00;ETH/USD;4627,30000000;4770,80000000;4540,50000000;4563,90000000;-1,39
2021-11-14T00:00:00+00:00;ETH/USD;4644,90000000;4696,60000000;4515,90000000;4627,30000000;-0,38
2021-11-13T00:00:00+00:00;ETH/USD;4667,50000000;4707,70000000;4585,20000000;4644,90000000;-0,49
2021-11-12T00:00:00+00:00;ETH/USD;4720,80000000;4809,60000000;4508,10000000;4667,50000000;-1,14
2021-11-11T00:00:00+00:00;ETH/USD;4631,40000000;4782,80000000;4579,00000000;4720,90000000;1,9
2021-11-10T00:00:00+00:00;ETH/USD;4732,90000000;4869,70000000;4467,30000000;4631,40000000;-2,19
2021-11-09T00:00:00+00:00;ETH/USD;4810,80000000;4841,70000000;4713,80000000;4732,90000000;-1,65
2021-11-08T00:00:00+00:00;ETH/USD;4616,90000000;4825,80000000;4616,60000000;4810,80000000;4,03
2021-11-07T00:00:00+00:00;ETH/USD;4522,50000000;4641,00000000;4506,70000000;4616,90000000;2,04
2021-11-06T00:00:00+00:00;ETH/USD;4478,60000000;4537,20000000;4330,80000000;4522,50000000;0,97
2021-11-05T00:00:00+00:00;ETH/USD;4535,30000000;4574,70000000;4445,50000000;4478,60000000;-1,27
2021-11-04T00:00:00+00:00;ETH/USD;4605,60000000;4609,30000000;4422,60000000;4535,30000000;-1,55
2021-11-03T00:00:00+00:00;ETH/USD;4593,70000000;4670,00000000;4456,10000000;4605,60000000;0,26
2021-11-02T00:00:00+00:00;ETH/USD;4322,00000000;4605,80000000;4287,60000000;4593,70000000;5,91
2021-11-01T00:00:00+00:00;ETH/USD;4290,00000000;4383,00000000;4150,10000000;4322,00000000;0,74
2021-10-31T00:00:00+00:00;ETH/USD;4324,70000000;4396,70000000;4167,30000000;4290,00000000;-0,81
2021-10-30T00:00:00+00:00;ETH/USD;4418,70000000;4436,20000000;4235,00000000;4324,70000000;-2,17
2021-10-29T00:00:00+00:00;ETH/USD;4288,20000000;4462,20000000;4267,90000000;4418,70000000;2,95
2021-10-28T00:00:00+00:00;ETH/USD;3922,50000000;4296,90000000;3890,80000000;4288,20000000;8,53
2021-10-27T00:00:00+00:00;ETH/USD;4130,80000000;4322,60000000;3911,70000000;3922,50000000;-5,31
2021-10-26T00:00:00+00:00;ETH/USD;4220,80000000;4298,30000000;4089,60000000;4130,80000000;-2,18
2021-10-25T00:00:00+00:00;ETH/USD;4082,40000000;4235,70000000;4068,50000000;4220,50000000;3,27
2021-10-24T00:00:00+00:00;ETH/USD;4167,00000000;4186,00000000;3961,60000000;4082,40000000;-2,07
2021-10-23T00:00:00+00:00;ETH/USD;3971,70000000;4171,40000000;3934,50000000;4167,00000000;4,69
2021-10-22T00:00:00+00:00;ETH/USD;4053,90000000;4169,00000000;3887,30000000;3971,70000000;-2,07
2021-10-21T00:00:00+00:00;ETH/USD;4162,80000000;4374,00000000;3477,00000000;4053,90000000;-2,69
2021-10-20T00:00:00+00:00;ETH/USD;3878,30000000;4169,40000000;3829,20000000;4162,80000000;6,83
2021-10-19T00:00:00+00:00;ETH/USD;3745,30000000;3888,10000000;3732,40000000;3878,30000000;3,43
2021-10-18T00:00:00+00:00;ETH/USD;3847,30000000;4002,30000000;3600,00000000;3745,30000000;-2,72
2021-10-17T00:00:00+00:00;ETH/USD;3830,50000000;3919,10000000;3640,00000000;3847,30000000;0,44
2021-10-16T00:00:00+00:00;ETH/USD;3869,80000000;3969,60000000;3803,60000000;3830,50000000;-1,03
2021-10-15T00:00:00+00:00;ETH/USD;3791,50000000;3907,30000000;3732,00000000;3869,80000000;2,02
2021-10-14T00:00:00+00:00;ETH/USD;3608,70000000;3826,50000000;3589,00000000;3791,50000000;4,82
2021-10-13T00:00:00+00:00;ETH/USD;3490,80000000;3613,80000000;3407,90000000;3608,70000000;3,27
2021-10-12T00:00:00+00:00;ETH/USD;3542,40000000;3548,20000000;3404,10000000;3490,80000000;-1,48
2021-10-11T00:00:00+00:00;ETH/USD;3414,80000000;3623,00000000;3372,00000000;3542,50000000;3,6
2021-10-10T00:00:00+00:00;ETH/USD;3576,50000000;3604,60000000;3408,10000000;3414,80000000;-4,74
2021-10-09T00:00:00+00:00;ETH/USD;3563,20000000;3635,10000000;3538,00000000;3576,50000000;0,37
2021-10-08T00:00:00+00:00;ETH/USD;3588,30000000;3677,30000000;3532,30000000;3563,20000000;-0,7
2021-10-07T00:00:00+00:00;ETH/USD;3575,60000000;3656,70000000;3471,80000000;3588,40000000;0,36
2021-10-06T00:00:00+00:00;ETH/USD;3517,10000000;3632,30000000;3343,00000000;3575,50000000;1,63
2021-10-05T00:00:00+00:00;ETH/USD;3386,90000000;3547,30000000;3365,00000000;3516,90000000;3,7
2021-10-04T00:00:00+00:00;ETH/USD;3419,90000000;3442,80000000;3270,00000000;3386,90000000;-0,97
2021-10-03T00:00:00+00:00;ETH/USD;3389,10000000;3490,00000000;3345,10000000;3419,90000000;0,9
2021-10-02T00:00:00+00:00;ETH/USD;3311,10000000;3472,30000000;3258,60000000;3389,10000000;2,3
2021-10-01T00:00:00+00:00;ETH/USD;3000,40000000;3333,00000000;2968,40000000;3311,00000000;9,38
2021-09-30T00:00:00+00:00;ETH/USD;2849,20000000;3051,20000000;2836,90000000;3000,40000000;5,04
2021-09-29T00:00:00+00:00;ETH/USD;2805,00000000;2949,40000000;2780,60000000;2849,20000000;1,55
2021-09-28T00:00:00+00:00;ETH/USD;2926,00000000;2970,80000000;2788,10000000;2805,00000000;-4,31
2021-09-27T00:00:00+00:00;ETH/USD;3060,90000000;3166,60000000;2924,50000000;2926,00000000;-4,61
2021-09-26T00:00:00+00:00;ETH/USD;2923,80000000;3118,00000000;2740,00000000;3060,90000000;4,48
2021-09-25T00:00:00+00:00;ETH/USD;2930,60000000;2968,80000000;2800,00000000;2923,80000000;-0,23
2021-09-24T00:00:00+00:00;ETH/USD;3154,50000000;3160,70000000;2732,00000000;2930,60000000;-7,64
2021-09-23T00:00:00+00:00;ETH/USD;3078,50000000;3174,90000000;3035,20000000;3154,50000000;2,41
2021-09-22T00:00:00+00:00;ETH/USD;2765,50000000;3091,10000000;2737,30000000;3078,50000000;10,17
2021-09-21T00:00:00+00:00;ETH/USD;2976,80000000;3105,70000000;2650,00000000;2765,40000000;-7,64
2021-09-20T00:00:00+00:00;ETH/USD;3328,70000000;3346,70000000;2915,00000000;2977,00000000;-11,81
2021-09-19T00:00:00+00:00;ETH/USD;3435,70000000;3457,00000000;3280,00000000;3328,40000000;-3,22
2021-09-18T00:00:00+00:00;ETH/USD;3399,90000000;3543,10000000;3369,20000000;3435,70000000;1,04
2021-09-17T00:00:00+00:00;ETH/USD;3569,30000000;3594,70000000;3349,00000000;3399,40000000;-5,0
2021-09-16T00:00:00+00:00;ETH/USD;3616,30000000;3677,30000000;3482,30000000;3569,30000000;-1,32
2021-09-15T00:00:00+00:00;ETH/USD;3436,10000000;3620,40000000;3359,40000000;3616,30000000;4,98
2021-09-14T00:00:00+00:00;ETH/USD;3285,70000000;3438,60000000;3270,40000000;3436,70000000;4,39
2021-09-13T00:00:00+00:00;ETH/USD;3404,40000000;3438,90000000;3099,90000000;3285,70000000;-3,61
2021-09-12T00:00:00+00:00;ETH/USD;3266,80000000;3473,80000000;3231,40000000;3404,40000000;4,04
2021-09-11T00:00:00+00:00;ETH/USD;3209,30000000;3348,60000000;3199,70000000;3266,80000000;1,76
2021-09-10T00:00:00+00:00;ETH/USD;3424,50000000;3514,60000000;3144,40000000;3209,30000000;-6,71
2021-09-09T00:00:00+00:00;ETH/USD;3498,40000000;3567,80000000;3391,50000000;3424,50000000;-2,16
2021-09-08T00:00:00+00:00;ETH/USD;3435,60000000;3568,10000000;3216,20000000;3498,40000000;1,8
2021-09-07T00:00:00+00:00;ETH/USD;3928,40000000;3948,30000000;2994,10000000;3435,60000000;-14,34
2021-09-06T00:00:00+00:00;ETH/USD;3952,60000000;3972,20000000;3866,50000000;3928,40000000;-0,62
2021-09-05T00:00:00+00:00;ETH/USD;3887,10000000;3983,00000000;3835,70000000;3952,60000000;1,66
2021-09-04T00:00:00+00:00;ETH/USD;3941,10000000;3971,20000000;3833,10000000;3887,10000000;-1,39
2021-09-03T00:00:00+00:00;ETH/USD;3787,80000000;4030,20000000;3709,10000000;3941,10000000;3,89
2021-09-02T00:00:00+00:00;ETH/USD;3829,30000000;3838,50000000;3725,00000000;3787,80000000;-1,1
2021-09-01T00:00:00+00:00;ETH/USD;3431,20000000;3844,00000000;3383,30000000;3829,30000000;10,4
2021-08-31T00:00:00+00:00;ETH/USD;3228,80000000;3476,00000000;3188,10000000;3431,30000000;5,9
2021-08-30T00:00:00+00:00;ETH/USD;3226,10000000;3349,00000000;3145,00000000;3228,80000000;0,08
2021-08-29T00:00:00+00:00;ETH/USD;3247,10000000;3289,20000000;3120,00000000;3226,10000000;-0,65
2021-08-28T00:00:00+00:00;ETH/USD;3275,90000000;3287,70000000;3213,00000000;3247,10000000;-0,89
2021-08-27T00:00:00+00:00;ETH/USD;3092,90000000;3283,60000000;3061,50000000;3275,90000000;5,59
2021-08-26T00:00:00+00:00;ETH/USD;3228,20000000;3250,00000000;3055,00000000;3093,40000000;-4,36
2021-08-25T00:00:00+00:00;ETH/USD;3170,90000000;3249,10000000;3077,40000000;3228,20000000;1,77
2021-08-24T00:00:00+00:00;ETH/USD;3322,50000000;3360,70000000;3148,20000000;3170,90000000;-4,78
2021-08-23T00:00:00+00:00;ETH/USD;3241,70000000;3400,00000000;3234,00000000;3322,50000000;2,43
2021-08-22T00:00:00+00:00;ETH/USD;3226,30000000;3276,20000000;3127,10000000;3241,70000000;0,48
2021-08-21T00:00:00+00:00;ETH/USD;3286,90000000;3311,90000000;3208,10000000;3226,40000000;-1,88
2021-08-20T00:00:00+00:00;ETH/USD;3185,50000000;3303,10000000;3179,10000000;3286,90000000;3,08
2021-08-19T00:00:00+00:00;ETH/USD;3014,80000000;3200,00000000;2959,40000000;3185,50000000;5,36
2021-08-18T00:00:00+00:00;ETH/USD;3011,50000000;3127,40000000;2950,00000000;3014,90000000;0,11
2021-08-17T00:00:00+00:00;ETH/USD;3147,20000000;3292,60000000;2989,00000000;3011,50000000;-4,51
2021-08-16T00:00:00+00:00;ETH/USD;3312,40000000;3341,30000000;3134,30000000;3147,20000000;-5,25
2021-08-15T00:00:00+00:00;ETH/USD;3266,10000000;3327,40000000;3112,10000000;3312,40000000;1,4
2021-08-14T00:00:00+00:00;ETH/USD;3325,00000000;3334,80000000;3208,10000000;3266,10000000;-1,8
2021-08-13T00:00:00+00:00;ETH/USD;3046,90000000;3330,70000000;3035,30000000;3325,00000000;8,36
2021-08-12T00:00:00+00:00;ETH/USD;3161,90000000;3240,50000000;2982,30000000;3046,90000000;-3,77
2021-08-11T00:00:00+00:00;ETH/USD;3142,60000000;3276,50000000;3120,20000000;3161,90000000;0,61
2021-08-10T00:00:00+00:00;ETH/USD;3162,10000000;3236,00000000;3052,70000000;3142,60000000;-0,62
2021-08-09T00:00:00+00:00;ETH/USD;3013,70000000;3190,00000000;2895,00000000;3162,10000000;4,69
2021-08-08T00:00:00+00:00;ETH/USD;3163,10000000;3194,40000000;2950,20000000;3013,70000000;-4,96
2021-08-07T00:00:00+00:00;ETH/USD;2892,90000000;3174,50000000;2866,70000000;3163,10000000;8,54
2021-08-06T00:00:00+00:00;ETH/USD;2829,20000000;2951,10000000;2721,60000000;2892,90000000;2,2
2021-08-05T00:00:00+00:00;ETH/USD;2726,00000000;2846,20000000;2529,10000000;2829,20000000;3,65
2021-08-04T00:00:00+00:00;ETH/USD;2507,30000000;2773,00000000;2458,00000000;2726,00000000;8,02
2021-08-03T00:00:00+00:00;ETH/USD;2607,70000000;2632,90000000;2444,00000000;2507,30000000;-4,0
2021-08-02T00:00:00+00:00;ETH/USD;2556,00000000;2666,00000000;2505,00000000;2607,70000000;1,98
2021-08-01T00:00:00+00:00;ETH/USD;2533,90000000;2698,50000000;2516,00000000;2555,90000000;0,86
2021-07-31T00:00:00+00:00;ETH/USD;2463,30000000;2555,30000000;2423,40000000;2533,80000000;2,78
2021-07-30T00:00:00+00:00;ETH/USD;2384,10000000;2473,90000000;2317,40000000;2463,40000000;3,22
2021-07-29T00:00:00+00:00;ETH/USD;2301,70000000;2406,30000000;2267,40000000;2384,10000000;3,46
2021-07-28T00:00:00+00:00;ETH/USD;2300,30000000;2346,80000000;2246,20000000;2300,80000000;0,02
2021-07-27T00:00:00+00:00;ETH/USD;2228,90000000;2319,50000000;2152,50000000;2300,30000000;3,1
2021-07-26T00:00:00+00:00;ETH/USD;2192,00000000;2558,00000000;2174,10000000;2228,90000000;1,66
2021-07-25T00:00:00+00:00;ETH/USD;2185,80000000;2199,00000000;2070,00000000;2192,00000000;0,28
2021-07-24T00:00:00+00:00;ETH/USD;2125,20000000;2199,90000000;2106,40000000;2185,80000000;2,77
2021-07-23T00:00:00+00:00;ETH/USD;2024,60000000;2132,70000000;1997,00000000;2125,20000000;4,73
2021-07-22T00:00:00+00:00;ETH/USD;1996,30000000;2100,00000000;1948,70000000;2024,60000000;1,4
2021-07-21T00:00:00+00:00;ETH/USD;1786,30000000;2042,30000000;1754,80000000;1996,20000000;10,51
2021-07-20T00:00:00+00:00;ETH/USD;1818,60000000;1841,10000000;1718,80000000;1786,30000000;-1,81
2021-07-19T00:00:00+00:00;ETH/USD;1891,60000000;1918,40000000;1803,30000000;1818,60000000;-4,01
2021-07-18T00:00:00+00:00;ETH/USD;1899,50000000;1994,40000000;1878,60000000;1891,60000000;-0,42
2021-07-17T00:00:00+00:00;ETH/USD;1876,90000000;1920,00000000;1845,60000000;1899,50000000;1,19
2021-07-16T00:00:00+00:00;ETH/USD;1919,30000000;1965,00000000;1850,00000000;1876,90000000;-2,26
2021-07-15T00:00:00+00:00;ETH/USD;1995,00000000;2042,20000000;1880,40000000;1919,30000000;-3,94
2021-07-14T00:00:00+00:00;ETH/USD;1940,50000000;2018,40000000;1864,00000000;1995,10000000;2,74
2021-07-13T00:00:00+00:00;ETH/USD;2032,40000000;2047,00000000;1917,30000000;1940,50000000;-4,74
2021-07-12T00:00:00+00:00;ETH/USD;2140,70000000;2168,10000000;2003,00000000;2032,40000000;-5,33
2021-07-11T00:00:00+00:00;ETH/USD;2111,00000000;2176,20000000;2081,10000000;2140,70000000;1,39
2021-07-10T00:00:00+00:00;ETH/USD;2147,70000000;2194,00000000;2075,00000000;2111,00000000;-1,74
2021-07-09T00:00:00+00:00;ETH/USD;2116,00000000;2189,10000000;2048,50000000;2147,70000000;1,48
2021-07-08T00:00:00+00:00;ETH/USD;2316,80000000;2325,60000000;2083,70000000;2116,00000000;-9,49
2021-07-07T00:00:00+00:00;ETH/USD;2322,80000000;2410,40000000;2294,20000000;2316,80000000;-0,26
2021-07-06T00:00:00+00:00;ETH/USD;2196,80000000;2380,00000000;2193,80000000;2322,80000000;5,42
2021-07-05T00:00:00+00:00;ETH/USD;2323,20000000;2324,80000000;2159,20000000;2196,80000000;-5,75
2021-07-04T00:00:00+00:00;ETH/USD;2227,60000000;2398,20000000;2190,00000000;2323,50000000;4,13
2021-07-03T00:00:00+00:00;ETH/USD;2155,00000000;2240,00000000;2113,00000000;2227,60000000;3,26
2021-07-02T00:00:00+00:00;ETH/USD;2106,30000000;2160,00000000;2016,90000000;2155,00000000;2,26
2021-07-01T00:00:00+00:00;ETH/USD;2276,60000000;2277,30000000;2072,00000000;2106,30000000;-8,09
2021-06-30T00:00:00+00:00;ETH/USD;2165,70000000;2289,90000000;2089,30000000;2276,60000000;4,87
2021-06-29T00:00:00+00:00;ETH/USD;2084,50000000;2246,30000000;2074,10000000;2165,70000000;3,75
2021-06-28T00:00:00+00:00;ETH/USD;1983,10000000;2147,40000000;1962,00000000;2084,50000000;4,86
2021-06-27T00:00:00+00:00;ETH/USD;1829,50000000;1986,30000000;1806,20000000;1983,10000000;7,75
2021-06-26T00:00:00+00:00;ETH/USD;1809,20000000;1852,30000000;1716,10000000;1829,50000000;1,11
2021-06-25T00:00:00+00:00;ETH/USD;1990,10000000;2021,00000000;1790,50000000;1809,20000000;-10,0
2021-06-24T00:00:00+00:00;ETH/USD;1968,60000000;2037,40000000;1885,70000000;1990,10000000;1,08
2021-06-23T00:00:00+00:00;ETH/USD;1880,10000000;2045,10000000;1822,90000000;1968,60000000;4,5
2021-06-22T00:00:00+00:00;ETH/USD;1885,60000000;1997,40000000;1699,90000000;1880,10000000;-0,29
2021-06-21T00:00:00+00:00;ETH/USD;2243,30000000;2259,60000000;1860,00000000;1885,00000000;-19,01
2021-06-20T00:00:00+00:00;ETH/USD;2163,80000000;2276,50000000;2042,00000000;2243,30000000;3,54
2021-06-19T00:00:00+00:00;ETH/USD;2234,00000000;2278,60000000;2161,40000000;2163,80000000;-3,24
2021-06-18T00:00:00+00:00;ETH/USD;2373,30000000;2377,30000000;2137,60000000;2234,00000000;-6,24
2021-06-17T00:00:00+00:00;ETH/USD;2367,30000000;2461,10000000;2304,50000000;2373,30000000;0,25
2021-06-16T00:00:00+00:00;ETH/USD;2543,30000000;2557,40000000;2351,10000000;2367,30000000;-7,43
2021-06-15T00:00:00+00:00;ETH/USD;2582,10000000;2640,90000000;2508,00000000;2543,30000000;-1,53
2021-06-14T00:00:00+00:00;ETH/USD;2509,90000000;2637,60000000;2462,30000000;2582,10000000;2,8
2021-06-13T00:00:00+00:00;ETH/USD;2371,20000000;2549,90000000;2309,00000000;2509,80000000;5,52
2021-06-12T00:00:00+00:00;ETH/USD;2353,80000000;2454,40000000;2256,70000000;2371,20000000;0,73
2021-06-11T00:00:00+00:00;ETH/USD;2472,10000000;2498,50000000;2319,90000000;2353,90000000;-5,02
2021-06-10T00:00:00+00:00;ETH/USD;2611,80000000;2625,90000000;2427,40000000;2472,10000000;-5,65
2021-06-09T00:00:00+00:00;ETH/USD;2509,60000000;2628,60000000;2406,80000000;2612,30000000;3,93
2021-06-08T00:00:00+00:00;ETH/USD;2592,30000000;2622,10000000;2308,80000000;2509,60000000;-3,3
2021-06-07T00:00:00+00:00;ETH/USD;2712,80000000;2859,00000000;2570,00000000;2592,30000000;-4,65
2021-06-06T00:00:00+00:00;ETH/USD;2627,30000000;2746,90000000;2614,60000000;2712,80000000;3,15
2021-06-05T00:00:00+00:00;ETH/USD;2691,00000000;2817,60000000;2553,20000000;2627,30000000;-2,42
2021-06-04T00:00:00+00:00;ETH/USD;2857,10000000;2860,40000000;2552,00000000;2691,00000000;-6,17
2021-06-03T00:00:00+00:00;ETH/USD;2706,80000000;2896,50000000;2662,90000000;2857,10000000;5,26
2021-06-02T00:00:00+00:00;ETH/USD;2634,50000000;2803,20000000;2551,70000000;2706,80000000;2,67
2021-06-01T00:00:00+00:00;ETH/USD;2707,10000000;2741,30000000;2527,00000000;2634,50000000;-2,76
2021-05-31T00:00:00+00:00;ETH/USD;2387,50000000;2720,00000000;2269,00000000;2707,10000000;11,81
2021-05-30T00:00:00+00:00;ETH/USD;2280,00000000;2478,90000000;2182,30000000;2387,50000000;4,5
2021-05-29T00:00:00+00:00;ETH/USD;2413,00000000;2575,40000000;2208,30000000;2279,90000000;-5,84
2021-05-28T00:00:00+00:00;ETH/USD;2745,70000000;2764,40000000;2330,00000000;2413,00000000;-13,79
2021-05-27T00:00:00+00:00;ETH/USD;2890,60000000;2895,00000000;2643,00000000;2745,70000000;-5,28
2021-05-26T00:00:00+00:00;ETH/USD;2708,50000000;2915,50000000;2650,00000000;2890,60000000;6,3
2021-05-25T00:00:00+00:00;ETH/USD;2652,10000000;2754,00000000;2386,10000000;2708,50000000;2,08
2021-05-24T00:00:00+00:00;ETH/USD;2098,50000000;2676,20000000;2051,00000000;2652,10000000;20,87
2021-05-23T00:00:00+00:00;ETH/USD;2296,70000000;2382,20000000;1730,00000000;2098,50000000;-9,44
2021-05-22T00:00:00+00:00;ETH/USD;2434,70000000;2500,00000000;2153,30000000;2296,70000000;-6,01
2021-05-21T00:00:00+00:00;ETH/USD;2773,20000000;2944,10000000;2105,00000000;2434,70000000;-13,9
2021-05-20T00:00:00+00:00;ETH/USD;2443,00000000;2993,80000000;2154,00000000;2773,20000000;11,91
2021-05-19T00:00:00+00:00;ETH/USD;3377,30000000;3442,40000000;1821,80000000;2454,00000000;-37,62
2021-05-18T00:00:00+00:00;ETH/USD;3283,90000000;3567,70000000;3240,90000000;3377,30000000;2,77
2021-05-17T00:00:00+00:00;ETH/USD;3584,80000000;3589,40000000;3118,40000000;3282,90000000;-9,2
2021-05-16T00:00:00+00:00;ETH/USD;3648,00000000;3883,40000000;3349,20000000;3584,80000000;-1,76
2021-05-15T00:00:00+00:00;ETH/USD;4080,60000000;4137,60000000;3632,00000000;3648,00000000;-11,86
2021-05-14T00:00:00+00:00;ETH/USD;3719,00000000;4178,20000000;3691,80000000;4080,60000000;8,86
2021-05-13T00:00:00+00:00;ETH/USD;3823,60000000;4039,60000000;3530,50000000;3719,00000000;-2,81
2021-05-12T00:00:00+00:00;ETH/USD;4179,10000000;4381,40000000;3735,00000000;3824,20000000;-9,28
2021-05-11T00:00:00+00:00;ETH/USD;3948,90000000;4185,90000000;3775,90000000;4179,10000000;5,51
2021-05-10T00:00:00+00:00;ETH/USD;3928,50000000;4213,30000000;3610,70000000;3948,90000000;0,52
2021-05-09T00:00:00+00:00;ETH/USD;3915,70000000;3986,00000000;3725,00000000;3928,50000000;0,33
2021-05-08T00:00:00+00:00;ETH/USD;3482,20000000;3963,60000000;3452,30000000;3915,70000000;11,07
2021-05-07T00:00:00+00:00;ETH/USD;3490,90000000;3590,80000000;3352,80000000;3482,20000000;-0,25
2021-05-06T00:00:00+00:00;ETH/USD;3529,80000000;3611,60000000;3378,20000000;3490,90000000;-1,11
2021-05-05T00:00:00+00:00;ETH/USD;3238,40000000;3548,60000000;3207,70000000;3529,80000000;8,26
2021-05-04T00:00:00+00:00;ETH/USD;3431,30000000;3528,60000000;3162,10000000;3238,60000000;-5,95
2021-05-03T00:00:00+00:00;ETH/USD;2951,30000000;3456,60000000;2951,30000000;3431,30000000;13,99
2021-05-02T00:00:00+00:00;ETH/USD;2947,80000000;2985,80000000;2852,60000000;2951,30000000;0,12
2021-05-01T00:00:00+00:00;ETH/USD;2775,00000000;2957,30000000;2755,20000000;2947,80000000;5,86
2021-04-30T00:00:00+00:00;ETH/USD;2759,00000000;2801,70000000;2726,30000000;2775,00000000;0,58
2021-04-29T00:00:00+00:00;ETH/USD;2748,40000000;2800,70000000;2669,60000000;2759,00000000;0,38
2021-04-28T00:00:00+00:00;ETH/USD;2669,50000000;2765,20000000;2563,40000000;2748,40000000;2,87
2021-04-27T00:00:00+00:00;ETH/USD;2534,00000000;2684,00000000;2483,40000000;2669,50000000;5,08
2021-04-26T00:00:00+00:00;ETH/USD;2322,30000000;2544,80000000;2305,00000000;2534,80000000;8,38
2021-04-25T00:00:00+00:00;ETH/USD;2214,60000000;2357,40000000;2163,90000000;2322,30000000;4,64
2021-04-24T00:00:00+00:00;ETH/USD;2368,70000000;2370,20000000;2155,20000000;2214,60000000;-6,96
2021-04-23T00:00:00+00:00;ETH/USD;2400,10000000;2442,70000000;2107,90000000;2368,70000000;-1,33
2021-04-22T00:00:00+00:00;ETH/USD;2357,60000000;2645,90000000;2301,90000000;2400,00000000;1,77
2021-04-21T00:00:00+00:00;ETH/USD;2333,90000000;2470,20000000;2237,10000000;2357,60000000;1,01
2021-04-20T00:00:00+00:00;ETH/USD;2161,60000000;2349,40000000;2051,40000000;2333,90000000;7,38
2021-04-19T00:00:00+00:00;ETH/USD;2240,30000000;2282,50000000;2078,00000000;2161,60000000;-3,64
2021-04-18T00:00:00+00:00;ETH/USD;2317,40000000;2339,80000000;1925,00000000;2240,30000000;-3,44
2021-04-17T00:00:00+00:00;ETH/USD;2424,80000000;2498,40000000;2310,30000000;2317,40000000;-4,63
2021-04-16T00:00:00+00:00;ETH/USD;2517,60000000;2549,20000000;2303,60000000;2424,80000000;-3,83
2021-04-15T00:00:00+00:00;ETH/USD;2432,90000000;2546,80000000;2401,00000000;2517,60000000;3,36
2021-04-14T00:00:00+00:00;ETH/USD;2300,30000000;2446,50000000;2279,80000000;2432,90000000;5,45
2021-04-13T00:00:00+00:00;ETH/USD;2136,50000000;2317,40000000;2134,90000000;2300,30000000;7,12
2021-04-12T00:00:00+00:00;ETH/USD;2150,20000000;2202,10000000;2101,00000000;2136,50000000;-0,64
2021-04-11T00:00:00+00:00;ETH/USD;2133,20000000;2164,30000000;2112,10000000;2150,20000000;0,79
2021-04-10T00:00:00+00:00;ETH/USD;2065,40000000;2198,60000000;2056,80000000;2133,20000000;3,18
2021-04-09T00:00:00+00:00;ETH/USD;2080,70000000;2101,50000000;2048,90000000;2065,40000000;-0,74
2021-04-08T00:00:00+00:00;ETH/USD;1962,10000000;2084,50000000;1945,00000000;2080,80000000;5,7
2021-04-07T00:00:00+00:00;ETH/USD;2113,00000000;2129,50000000;1930,60000000;1962,10000000;-7,69
2021-04-06T00:00:00+00:00;ETH/USD;2108,10000000;2151,90000000;2044,80000000;2113,00000000;0,23
2021-04-05T00:00:00+00:00;ETH/USD;2077,20000000;2132,80000000;2001,70000000;2108,10000000;1,47
2021-04-04T00:00:00+00:00;ETH/USD;2008,20000000;2092,40000000;1971,90000000;2077,20000000;3,32
2021-04-03T00:00:00+00:00;ETH/USD;2134,20000000;2139,20000000;2002,20000000;2008,20000000;-6,27
2021-04-02T00:00:00+00:00;ETH/USD;1967,90000000;2145,10000000;1948,40000000;2134,20000000;7,79
2021-04-01T00:00:00+00:00;ETH/USD;1921,10000000;1985,80000000;1884,60000000;1967,90000000;2,38
2021-03-31T00:00:00+00:00;ETH/USD;1841,60000000;1949,70000000;1771,00000000;1921,10000000;4,14
2021-03-30T00:00:00+00:00;ETH/USD;1816,80000000;1860,00000000;1786,30000000;1841,60000000;1,35
2021-03-29T00:00:00+00:00;ETH/USD;1687,00000000;1842,70000000;1677,70000000;1816,80000000;7,14
2021-03-28T00:00:00+00:00;ETH/USD;1713,80000000;1725,90000000;1662,00000000;1687,00000000;-1,59
2021-03-27T00:00:00+00:00;ETH/USD;1700,00000000;1733,60000000;1666,50000000;1713,80000000;0,81
2021-03-26T00:00:00+00:00;ETH/USD;1586,10000000;1701,30000000;1585,90000000;1700,00000000;6,7
2021-03-25T00:00:00+00:00;ETH/USD;1581,00000000;1622,80000000;1548,40000000;1586,10000000;0,32
2021-03-24T00:00:00+00:00;ETH/USD;1667,90000000;1740,50000000;1546,00000000;1581,00000000;-5,5
2021-03-23T00:00:00+00:00;ETH/USD;1681,30000000;1721,90000000;1650,70000000;1667,90000000;-0,8
2021-03-22T00:00:00+00:00;ETH/USD;1783,90000000;1807,00000000;1654,30000000;1681,30000000;-6,1
2021-03-21T00:00:00+00:00;ETH/USD;1805,00000000;1817,60000000;1747,30000000;1783,90000000;-1,18
2021-03-20T00:00:00+00:00;ETH/USD;1809,60000000;1868,80000000;1801,10000000;1805,00000000;-0,25
2021-03-19T00:00:00+00:00;ETH/USD;1775,60000000;1841,70000000;1733,70000000;1809,60000000;1,88
2021-03-18T00:00:00+00:00;ETH/USD;1824,30000000;1849,70000000;1758,60000000;1775,60000000;-2,74
2021-03-17T00:00:00+00:00;ETH/USD;1806,10000000;1840,60000000;1742,10000000;1824,40000000;1,0
2021-03-16T00:00:00+00:00;ETH/USD;1794,90000000;1818,50000000;1712,20000000;1806,10000000;0,62
2021-03-15T00:00:00+00:00;ETH/USD;1848,10000000;1891,00000000;1734,70000000;1794,90000000;-2,96
2021-03-14T00:00:00+00:00;ETH/USD;1921,60000000;1932,40000000;1836,90000000;1848,10000000;-3,98
2021-03-13T00:00:00+00:00;ETH/USD;1766,00000000;1944,00000000;1726,90000000;1921,60000000;8,1
2021-03-12T00:00:00+00:00;ETH/USD;1827,40000000;1843,10000000;1710,70000000;1766,00000000;-3,48
2021-03-11T00:00:00+00:00;ETH/USD;1794,20000000;1847,60000000;1723,80000000;1827,40000000;1,82
2021-03-10T00:00:00+00:00;ETH/USD;1871,70000000;1879,90000000;1758,20000000;1794,20000000;-4,32
2021-03-09T00:00:00+00:00;ETH/USD;1833,90000000;1871,80000000;1801,30000000;1871,70000000;2,02
2021-03-08T00:00:00+00:00;ETH/USD;1726,50000000;1844,60000000;1666,10000000;1833,90000000;5,86
2021-03-07T00:00:00+00:00;ETH/USD;1651,30000000;1734,60000000;1630,90000000;1726,50000000;4,36
2021-03-06T00:00:00+00:00;ETH/USD;1528,80000000;1671,90000000;1512,60000000;1651,30000000;7,42
2021-03-05T00:00:00+00:00;ETH/USD;1538,50000000;1549,70000000;1442,30000000;1528,80000000;-0,63
2021-03-04T00:00:00+00:00;ETH/USD;1568,50000000;1625,30000000;1501,50000000;1538,50000000;-1,95
2021-03-03T00:00:00+00:00;ETH/USD;1487,80000000;1657,10000000;1476,90000000;1568,60000000;5,15
2021-03-02T00:00:00+00:00;ETH/USD;1571,70000000;1604,90000000;1456,10000000;1487,80000000;-5,64
2021-03-01T00:00:00+00:00;ETH/USD;1420,90000000;1573,90000000;1412,20000000;1571,70000000;9,59
2021-02-28T00:00:00+00:00;ETH/USD;1459,30000000;1469,40000000;1292,40000000;1420,90000000;-2,7
2021-02-27T00:00:00+00:00;ETH/USD;1444,00000000;1527,70000000;1423,40000000;1459,30000000;1,05
2021-02-26T00:00:00+00:00;ETH/USD;1481,20000000;1562,80000000;1400,00000000;1444,00000000;-2,58
2021-02-25T00:00:00+00:00;ETH/USD;1623,80000000;1672,80000000;1457,80000000;1481,20000000;-9,63
2021-02-24T00:00:00+00:00;ETH/USD;1577,90000000;1714,40000000;1499,90000000;1623,80000000;2,83
2021-02-23T00:00:00+00:00;ETH/USD;1777,30000000;1782,50000000;1370,00000000;1578,10000000;-12,62
2021-02-22T00:00:00+00:00;ETH/USD;1935,10000000;1938,40000000;1550,00000000;1777,30000000;-8,88
2021-02-21T00:00:00+00:00;ETH/USD;1914,10000000;1976,30000000;1884,10000000;1935,10000000;1,09
2021-02-20T00:00:00+00:00;ETH/USD;1957,20000000;2043,30000000;1801,60000000;1914,10000000;-2,25
2021-02-19T00:00:00+00:00;ETH/USD;1938,60000000;2155,00000000;1760,70000000;1957,20000000;0,95
2021-02-18T00:00:00+00:00;ETH/USD;1850,60000000;1950,50000000;1850,60000000;1938,60000000;4,54
2021-02-17T00:00:00+00:00;ETH/USD;1782,30000000;1857,10000000;1733,60000000;1850,60000000;3,69
2021-02-16T00:00:00+00:00;ETH/USD;1779,00000000;1828,60000000;1724,90000000;1782,30000000;0,19
2021-02-15T00:00:00+00:00;ETH/USD;1802,10000000;1837,00000000;1663,90000000;1779,00000000;-1,3
2021-02-14T00:00:00+00:00;ETH/USD;1817,40000000;1852,60000000;1783,60000000;1802,10000000;-0,85
2021-02-13T00:00:00+00:00;ETH/USD;1844,80000000;1876,90000000;1764,60000000;1817,40000000;-1,51
2021-02-12T00:00:00+00:00;ETH/USD;1788,30000000;1869,60000000;1739,30000000;1844,80000000;3,06
2021-02-11T00:00:00+00:00;ETH/USD;1741,80000000;1820,40000000;1703,60000000;1788,30000000;2,6
2021-02-10T00:00:00+00:00;ETH/USD;1770,80000000;1840,00000000;1678,40000000;1741,80000000;-1,66
2021-02-09T00:00:00+00:00;ETH/USD;1751,60000000;1825,00000000;1706,00000000;1770,80000000;1,08
2021-02-08T00:00:00+00:00;ETH/USD;1614,60000000;1780,00000000;1566,20000000;1751,60000000;7,82
2021-02-07T00:00:00+00:00;ETH/USD;1678,40000000;1694,40000000;1492,30000000;1614,60000000;-3,95
2021-02-06T00:00:00+00:00;ETH/USD;1720,70000000;1744,90000000;1644,90000000;1678,40000000;-2,52
2021-02-05T00:00:00+00:00;ETH/USD;1597,00000000;1764,70000000;1591,60000000;1720,70000000;7,19
2021-02-04T00:00:00+00:00;ETH/USD;1666,80000000;1698,90000000;1557,30000000;1597,00000000;-4,37
2021-02-03T00:00:00+00:00;ETH/USD;1512,80000000;1672,40000000;1509,10000000;1666,80000000;9,24
2021-02-02T00:00:00+00:00;ETH/USD;1375,00000000;1549,50000000;1361,00000000;1512,80000000;9,11
2021-02-01T00:00:00+00:00;ETH/USD;1312,80000000;1378,00000000;1269,30000000;1375,00000000;4,52
2021-01-31T00:00:00+00:00;ETH/USD;1379,40000000;1382,00000000;1281,30000000;1312,80000000;-5,07
2021-01-30T00:00:00+00:00;ETH/USD;1379,20000000;1407,30000000;1325,90000000;1379,40000000;0,01
2021-01-29T00:00:00+00:00;ETH/USD;1332,20000000;1442,50000000;1287,50000000;1379,20000000;3,41
2021-01-28T00:00:00+00:00;ETH/USD;1240,40000000;1362,20000000;1219,10000000;1332,20000000;6,89
2021-01-27T00:00:00+00:00;ETH/USD;1368,50000000;1375,80000000;1207,10000000;1240,40000000;-10,33
2021-01-26T00:00:00+00:00;ETH/USD;1317,30000000;1378,00000000;1244,80000000;1368,50000000;3,74
2021-01-25T00:00:00+00:00;ETH/USD;1394,60000000;1478,20000000;1291,90000000;1317,30000000;-5,87
2021-01-24T00:00:00+00:00;ETH/USD;1233,90000000;1400,40000000;1221,40000000;1394,60000000;11,52
2021-01-23T00:00:00+00:00;ETH/USD;1234,30000000;1273,80000000;1197,20000000;1233,90000000;-0,03
2021-01-22T00:00:00+00:00;ETH/USD;1110,80000000;1274,40000000;1041,00000000;1234,30000000;10,01
2021-01-21T00:00:00+00:00;ETH/USD;1377,90000000;1389,40000000;1080,00000000;1110,80000000;-24,05
2021-01-20T00:00:00+00:00;ETH/USD;1366,60000000;1408,40000000;1233,60000000;1378,10000000;0,83
2021-01-19T00:00:00+00:00;ETH/USD;1259,10000000;1439,60000000;1252,50000000;1367,30000000;7,91
2021-01-18T00:00:00+00:00;ETH/USD;1232,40000000;1262,90000000;1182,50000000;1259,10000000;2,12
2021-01-17T00:00:00+00:00;ETH/USD;1228,30000000;1270,60000000;1164,80000000;1232,40000000;0,33
2021-01-16T00:00:00+00:00;ETH/USD;1167,90000000;1292,70000000;1151,30000000;1228,30000000;4,92
2021-01-15T00:00:00+00:00;ETH/USD;1231,50000000;1255,30000000;1070,00000000;1167,90000000;-5,45
2021-01-14T00:00:00+00:00;ETH/USD;1130,40000000;1247,00000000;1086,20000000;1231,50000000;8,21
2021-01-13T00:00:00+00:00;ETH/USD;1048,80000000;1137,50000000;986,10000000;1130,40000000;7,22
2021-01-12T00:00:00+00:00;ETH/USD;1087,90000000;1151,10000000;1006,20000000;1048,80000000;-3,73
2021-01-11T00:00:00+00:00;ETH/USD;1254,50000000;1259,80000000;913,00000000;1087,90000000;-15,31
2021-01-10T00:00:00+00:00;ETH/USD;1279,50000000;1353,50000000;1161,70000000;1254,50000000;-1,99
2021-01-09T00:00:00+00:00;ETH/USD;1217,30000000;1309,18000000;1171,60000000;1279,50000000;4,86
2021-01-08T00:00:00+00:00;ETH/USD;1226,19000000;1275,78000000;1059,88000000;1217,30000000;-0,73
2021-01-07T00:00:00+00:00;ETH/USD;1211,30000000;1291,82000000;1138,37000000;1226,19000000;1,21
2021-01-06T00:00:00+00:00;ETH/USD;1103,57000000;1217,00000000;1059,23000000;1211,30000000;8,89
2021-01-05T00:00:00+00:00;ETH/USD;1042,67000000;1136,24000000;974,38000000;1103,57000000;5,52
2021-01-04T00:00:00+00:00;ETH/USD;979,91000000;1169,90000000;888,50000000;1042,67000000;6,02
2021-01-03T00:00:00+00:00;ETH/USD;775,09000000;1017,36000000;769,88000000;979,91000000;20,9
2021-01-02T00:00:00+00:00;ETH/USD;730,69000000;788,88000000;716,31000000;775,09000000;5,73
2021-01-01T00:00:00+00:00;ETH/USD;737,28000000;750,41000000;716,32000000;730,69000000;-0,9
2020-12-31T00:00:00+00:00;ETH/USD;752,20000000;755,83000000;723,35000000;737,27000000;-2,03
2020-12-30T00:00:00+00:00;ETH/USD;731,55000000;758,60000000;715,86000000;752,20000000;2,75
2020-12-29T00:00:00+00:00;ETH/USD;729,16000000;739,39000000;688,00000000;731,55000000;0,33
2020-12-28T00:00:00+00:00;ETH/USD;684,09000000;746,83000000;681,15000000;729,16000000;6,18
2020-12-27T00:00:00+00:00;ETH/USD;636,73000000;716,57000000;623,65000000;684,09000000;6,92
2020-12-26T00:00:00+00:00;ETH/USD;626,60000000;652,79000000;615,40000000;636,73000000;1,59
2020-12-25T00:00:00+00:00;ETH/USD;612,22000000;634,05000000;603,64000000;626,60000000;2,29
2020-12-24T00:00:00+00:00;ETH/USD;585,04000000;614,69000000;565,07000000;612,22000000;4,44
2020-12-23T00:00:00+00:00;ETH/USD;636,93000000;638,61000000;546,28000000;585,04000000;-8,87
2020-12-22T00:00:00+00:00;ETH/USD;608,03000000;637,99000000;586,85000000;636,93000000;4,54
2020-12-21T00:00:00+00:00;ETH/USD;638,09000000;648,19000000;595,45000000;608,03000000;-4,94
2020-12-20T00:00:00+00:00;ETH/USD;659,02000000;661,49000000;621,55000000;638,09000000;-3,28
2020-12-19T00:00:00+00:00;ETH/USD;654,74000000;671,17000000;646,46000000;659,02000000;0,65
2020-12-18T00:00:00+00:00;ETH/USD;643,59000000;664,45000000;629,57000000;654,74000000;1,7
2020-12-17T00:00:00+00:00;ETH/USD;638,01000000;676,71000000;623,06000000;643,59000000;0,87
2020-12-16T00:00:00+00:00;ETH/USD;589,00000000;639,50000000;581,10000000;638,01000000;7,68
2020-12-15T00:00:00+00:00;ETH/USD;586,15000000;597,32000000;578,91000000;589,00000000;0,48
2020-12-14T00:00:00+00:00;ETH/USD;590,69000000;591,64000000;575,54000000;586,15000000;-0,77
2020-12-13T00:00:00+00:00;ETH/USD;568,27000000;595,00000000;563,78000000;590,69000000;3,8
2020-12-12T00:00:00+00:00;ETH/USD;544,18000000;574,23000000;542,95000000;568,44000000;4,27
2020-12-11T00:00:00+00:00;ETH/USD;558,76000000;560,51000000;534,23000000;544,18000000;-2,68
2020-12-10T00:00:00+00:00;ETH/USD;573,47000000;575,72000000;548,12000000;558,76000000;-2,63
2020-12-09T00:00:00+00:00;ETH/USD;554,63000000;578,18000000;530,08000000;573,47000000;3,29
2020-12-08T00:00:00+00:00;ETH/USD;591,57000000;595,22000000;548,81000000;554,51000000;-6,68
2020-12-07T00:00:00+00:00;ETH/USD;602,09000000;603,47000000;584,54000000;591,57000000;-1,78
2020-12-06T00:00:00+00:00;ETH/USD;597,26000000;607,84000000;583,55000000;602,09000000;0,8
2020-12-05T00:00:00+00:00;ETH/USD;567,72000000;597,62000000;561,19000000;597,26000000;4,95
2020-12-04T00:00:00+00:00;ETH/USD;616,54000000;620,64000000;565,50000000;567,72000000;-8,6
2020-12-03T00:00:00+00:00;ETH/USD;597,40000000;624,04000000;586,40000000;616,54000000;3,1
2020-12-02T00:00:00+00:00;ETH/USD;585,69000000;605,00000000;575,00000000;597,41000000;1,96
2020-12-01T00:00:00+00:00;ETH/USD;617,00000000;636,66000000;560,00000000;585,69000000;-5,35
2020-11-30T00:00:00+00:00;ETH/USD;576,58000000;617,00000000;571,06000000;617,00000000;6,55
2020-11-29T00:00:00+00:00;ETH/USD;537,90000000;577,32000000;531,30000000;576,58000000;6,71
2020-11-28T00:00:00+00:00;ETH/USD;519,16000000;548,70000000;507,09000000;537,87000000;3,48
2020-11-27T00:00:00+00:00;ETH/USD;520,45000000;530,97000000;493,89000000;519,16000000;-0,25
2020-11-26T00:00:00+00:00;ETH/USD;569,26000000;576,88000000;480,67000000;520,45000000;-9,38
2020-11-25T00:00:00+00:00;ETH/USD;605,45000000;606,47000000;555,25000000;569,31000000;-6,35
2020-11-24T00:00:00+00:00;ETH/USD;609,14000000;623,45000000;589,00000000;605,45000000;-0,61
2020-11-23T00:00:00+00:00;ETH/USD;560,62000000;611,21000000;550,89000000;609,14000000;7,97
2020-11-22T00:00:00+00:00;ETH/USD;552,74000000;581,64000000;510,51000000;560,62000000;1,41
2020-11-21T00:00:00+00:00;ETH/USD;510,33000000;553,70000000;503,16000000;552,73000000;7,67
2020-11-20T00:00:00+00:00;ETH/USD;471,65000000;514,62000000;471,15000000;510,33000000;7,58
2020-11-19T00:00:00+00:00;ETH/USD;478,74000000;480,99000000;465,25000000;471,65000000;-1,5
2020-11-18T00:00:00+00:00;ETH/USD;482,81000000;495,57000000;457,92000000;478,74000000;-0,85
2020-11-17T00:00:00+00:00;ETH/USD;460,96000000;485,30000000;460,22000000;482,81000000;4,53
2020-11-16T00:00:00+00:00;ETH/USD;448,39000000;466,22000000;445,90000000;460,96000000;2,73
2020-11-15T00:00:00+00:00;ETH/USD;461,16000000;463,13000000;440,51000000;448,39000000;-2,85
2020-11-14T00:00:00+00:00;ETH/USD;477,02000000;477,96000000;452,56000000;461,16000000;-3,44
2020-11-13T00:00:00+00:00;ETH/USD;462,80000000;478,43000000;457,35000000;477,02000000;2,98
2020-11-12T00:00:00+00:00;ETH/USD;463,64000000;470,49000000;451,95000000;462,80000000;-0,18
2020-11-11T00:00:00+00:00;ETH/USD;450,91000000;476,86000000;449,95000000;463,64000000;2,75
2020-11-10T00:00:00+00:00;ETH/USD;444,59000000;455,49000000;439,23000000;450,91000000;1,4
2020-11-09T00:00:00+00:00;ETH/USD;454,71000000;459,30000000;434,02000000;444,59000000;-2,28
2020-11-08T00:00:00+00:00;ETH/USD;435,41000000;460,52000000;432,50000000;454,71000000;4,24
2020-11-07T00:00:00+00:00;ETH/USD;456,51000000;468,77000000;423,53000000;435,41000000;-4,85
2020-11-06T00:00:00+00:00;ETH/USD;417,08000000;458,78000000;415,40000000;456,51000000;8,64
2020-11-05T00:00:00+00:00;ETH/USD;403,08000000;421,00000000;397,12000000;417,15000000;3,37
2020-11-04T00:00:00+00:00;ETH/USD;388,23000000;408,80000000;377,02000000;403,08000000;3,68
2020-11-03T00:00:00+00:00;ETH/USD;383,61000000;390,47000000;370,52000000;388,23000000;1,19
2020-11-02T00:00:00+00:00;ETH/USD;397,01000000;404,53000000;378,49000000;383,61000000;-3,49
2020-11-01T00:00:00+00:00;ETH/USD;386,66000000;397,88000000;385,06000000;397,01000000;2,61
2020-10-31T00:00:00+00:00;ETH/USD;382,91000000;394,20000000;380,77000000;386,66000000;0,97
2020-10-30T00:00:00+00:00;ETH/USD;387,34000000;392,17000000;372,34000000;382,91000000;-1,16
2020-10-29T00:00:00+00:00;ETH/USD;388,59000000;393,98000000;380,93000000;387,34000000;-0,32
2020-10-28T00:00:00+00:00;ETH/USD;403,59000000;409,35000000;380,50000000;388,59000000;-3,86
2020-10-27T00:00:00+00:00;ETH/USD;393,05000000;410,79000000;390,31000000;403,59000000;2,61
2020-10-26T00:00:00+00:00;ETH/USD;406,27000000;411,56000000;383,11000000;393,05000000;-3,36
2020-10-25T00:00:00+00:00;ETH/USD;412,51000000;417,75000000;402,72000000;406,27000000;-1,54
2020-10-24T00:00:00+00:00;ETH/USD;409,54000000;416,99000000;407,51000000;412,51000000;0,72
2020-10-23T00:00:00+00:00;ETH/USD;414,53000000;419,44000000;402,00000000;409,54000000;-1,22
2020-10-22T00:00:00+00:00;ETH/USD;391,19000000;421,46000000;391,08000000;414,53000000;5,63
2020-10-21T00:00:00+00:00;ETH/USD;368,74000000;401,92000000;368,12000000;391,19000000;5,74
2020-10-20T00:00:00+00:00;ETH/USD;379,55000000;380,92000000;365,34000000;368,74000000;-2,93
2020-10-19T00:00:00+00:00;ETH/USD;378,49000000;384,48000000;372,92000000;379,55000000;0,28
2020-10-18T00:00:00+00:00;ETH/USD;368,47000000;378,85000000;367,26000000;378,49000000;2,65
2020-10-17T00:00:00+00:00;ETH/USD;365,68000000;370,64000000;363,67000000;368,47000000;0,76
2020-10-16T00:00:00+00:00;ETH/USD;377,80000000;379,99000000;361,43000000;365,68000000;-3,31
2020-10-15T00:00:00+00:00;ETH/USD;379,07000000;381,93000000;370,19000000;377,80000000;-0,34
2020-10-14T00:00:00+00:00;ETH/USD;381,17000000;387,64000000;373,31000000;379,07000000;-0,55
2020-10-13T00:00:00+00:00;ETH/USD;386,74000000;387,98000000;374,67000000;381,17000000;-1,46
2020-10-12T00:00:00+00:00;ETH/USD;374,37000000;395,08000000;365,67000000;386,77000000;3,21
2020-10-11T00:00:00+00:00;ETH/USD;370,62000000;377,66000000;369,27000000;374,34000000;0,99
2020-10-10T00:00:00+00:00;ETH/USD;365,23000000;378,57000000;365,01000000;370,62000000;1,45
2020-10-09T00:00:00+00:00;ETH/USD;351,19000000;368,48000000;347,30000000;365,23000000;3,84
2020-10-08T00:00:00+00:00;ETH/USD;341,68000000;353,36000000;334,28000000;351,19000000;2,71
2020-10-07T00:00:00+00:00;ETH/USD;340,81000000;342,80000000;333,22000000;341,68000000;0,25
2020-10-06T00:00:00+00:00;ETH/USD;353,82000000;355,32000000;336,51000000;340,81000000;-3,82
2020-10-05T00:00:00+00:00;ETH/USD;352,46000000;356,33000000;348,82000000;353,82000000;0,38
2020-10-04T00:00:00+00:00;ETH/USD;346,17000000;354,43000000;344,07000000;352,46000000;1,78
2020-10-03T00:00:00+00:00;ETH/USD;345,83000000;351,03000000;343,84000000;346,17000000;0,1
2020-10-02T00:00:00+00:00;ETH/USD;352,41000000;354,35000000;334,48000000;345,83000000;-1,9
2020-10-01T00:00:00+00:00;ETH/USD;359,86000000;370,02000000;344,07000000;352,41000000;-2,11
2020-09-30T00:00:00+00:00;ETH/USD;359,95000000;361,62000000;351,10000000;359,86000000;-0,03
2020-09-29T00:00:00+00:00;ETH/USD;353,30000000;360,73000000;350,31000000;359,98000000;1,86
2020-09-28T00:00:00+00:00;ETH/USD;357,72000000;368,08000000;351,61000000;353,30000000;-1,25
2020-09-27T00:00:00+00:00;ETH/USD;354,10000000;362,21000000;347,21000000;357,76000000;1,02
2020-09-26T00:00:00+00:00;ETH/USD;352,11000000;356,62000000;346,12000000;354,10000000;0,56
2020-09-25T00:00:00+00:00;ETH/USD;348,92000000;358,06000000;337,58000000;352,11000000;0,91
2020-09-24T00:00:00+00:00;ETH/USD;320,44000000;353,18000000;316,73000000;348,92000000;8,16
2020-09-23T00:00:00+00:00;ETH/USD;344,25000000;344,64000000;313,20000000;320,44000000;-7,43
2020-09-22T00:00:00+00:00;ETH/USD;340,28000000;346,92000000;335,45000000;344,25000000;1,15
2020-09-21T00:00:00+00:00;ETH/USD;370,96000000;376,64000000;330,77000000;340,28000000;-9,02
2020-09-20T00:00:00+00:00;ETH/USD;385,31000000;385,51000000;365,22000000;370,92000000;-3,88
2020-09-19T00:00:00+00:00;ETH/USD;384,50000000;388,78000000;377,04000000;385,31000000;0,21
2020-09-18T00:00:00+00:00;ETH/USD;389,36000000;392,47000000;375,46000000;384,48000000;-1,27
2020-09-17T00:00:00+00:00;ETH/USD;365,17000000;394,08000000;363,15000000;389,36000000;6,21
2020-09-16T00:00:00+00:00;ETH/USD;363,97000000;373,42000000;354,35000000;365,17000000;0,33
2020-09-15T00:00:00+00:00;ETH/USD;377,28000000;382,50000000;362,52000000;363,97000000;-3,66
2020-09-14T00:00:00+00:00;ETH/USD;366,42000000;384,35000000;355,84000000;377,28000000;2,88
2020-09-13T00:00:00+00:00;ETH/USD;387,93000000;390,35000000;353,28000000;366,42000000;-5,87
2020-09-12T00:00:00+00:00;ETH/USD;373,96000000;388,43000000;365,25000000;387,93000000;3,6
2020-09-11T00:00:00+00:00;ETH/USD;367,94000000;375,35000000;356,14000000;373,96000000;1,61
2020-09-10T00:00:00+00:00;ETH/USD;350,75000000;377,62000000;350,25000000;367,94000000;4,67
2020-09-09T00:00:00+00:00;ETH/USD;337,39000000;359,29000000;330,49000000;350,75000000;3,81
2020-09-08T00:00:00+00:00;ETH/USD;353,58000000;356,82000000;325,66000000;337,39000000;-4,8
2020-09-07T00:00:00+00:00;ETH/USD;353,04000000;358,54000000;323,11000000;353,58000000;0,15
2020-09-06T00:00:00+00:00;ETH/USD;335,26000000;360,00000000;316,08000000;353,04000000;5,04
2020-09-05T00:00:00+00:00;ETH/USD;385,64000000;395,00000000;309,00000000;335,26000000;-15,03
2020-09-04T00:00:00+00:00;ETH/USD;382,55000000;400,92000000;354,12000000;385,64000000;0,8
2020-09-03T00:00:00+00:00;ETH/USD;440,00000000;451,01000000;368,28000000;382,55000000;-15,02
2020-09-02T00:00:00+00:00;ETH/USD;475,52000000;481,58000000;414,00000000;440,00000000;-8,07
2020-09-01T00:00:00+00:00;ETH/USD;433,91000000;489,00000000;429,02000000;475,40000000;8,73
2020-08-31T00:00:00+00:00;ETH/USD;429,05000000;439,34000000;418,56000000;433,99000000;1,14
2020-08-30T00:00:00+00:00;ETH/USD;398,69000000;429,87000000;398,29000000;429,05000000;7,08
2020-08-29T00:00:00+00:00;ETH/USD;395,53000000;405,90000000;392,12000000;398,69000000;0,79
2020-08-28T00:00:00+00:00;ETH/USD;383,56000000;398,45000000;379,91000000;395,53000000;3,03
2020-08-27T00:00:00+00:00;ETH/USD;386,01000000;397,26000000;371,58000000;383,56000000;-0,64
2020-08-26T00:00:00+00:00;ETH/USD;383,26000000;393,32000000;377,71000000;386,01000000;0,71
2020-08-25T00:00:00+00:00;ETH/USD;407,92000000;409,28000000;370,15000000;383,26000000;-6,43
2020-08-24T00:00:00+00:00;ETH/USD;390,91000000;410,44000000;387,49000000;408,00000000;4,19
2020-08-23T00:00:00+00:00;ETH/USD;395,57000000;397,31000000;383,65000000;390,91000000;-1,19
2020-08-22T00:00:00+00:00;ETH/USD;387,80000000;397,16000000;379,53000000;395,57000000;1,96
2020-08-21T00:00:00+00:00;ETH/USD;416,22000000;419,12000000;384,09000000;387,80000000;-7,33
2020-08-20T00:00:00+00:00;ETH/USD;407,57000000;419,45000000;402,34000000;416,22000000;2,08
2020-08-19T00:00:00+00:00;ETH/USD;422,20000000;426,77000000;393,12000000;407,57000000;-3,59
2020-08-18T00:00:00+00:00;ETH/USD;431,20000000;434,18000000;415,00000000;422,20000000;-2,13
2020-08-17T00:00:00+00:00;ETH/USD;433,91000000;447,70000000;420,51000000;431,04000000;-0,67
2020-08-16T00:00:00+00:00;ETH/USD;432,84000000;437,04000000;412,61000000;433,91000000;0,25
2020-08-15T00:00:00+00:00;ETH/USD;438,76000000;443,36000000;427,34000000;432,84000000;-1,37
2020-08-14T00:00:00+00:00;ETH/USD;425,30000000;444,48000000;417,95000000;438,76000000;3,07
2020-08-13T00:00:00+00:00;ETH/USD;387,28000000;432,04000000;376,90000000;425,30000000;8,94
2020-08-12T00:00:00+00:00;ETH/USD;378,88000000;389,42000000;366,72000000;387,28000000;2,17
2020-08-11T00:00:00+00:00;ETH/USD;395,90000000;398,52000000;366,77000000;378,88000000;-4,49
2020-08-10T00:00:00+00:00;ETH/USD;390,38000000;399,99000000;385,88000000;395,91000000;1,4
2020-08-09T00:00:00+00:00;ETH/USD;397,28000000;400,47000000;383,77000000;390,38000000;-1,77
2020-08-08T00:00:00+00:00;ETH/USD;379,57000000;397,53000000;376,47000000;397,28000000;4,46
2020-08-07T00:00:00+00:00;ETH/USD;395,26000000;398,62000000;362,46000000;379,57000000;-4,13
2020-08-06T00:00:00+00:00;ETH/USD;401,22000000;404,12000000;391,31000000;395,26000000;-1,51
2020-08-05T00:00:00+00:00;ETH/USD;389,84000000;407,66000000;384,38000000;401,22000000;2,84
2020-08-04T00:00:00+00:00;ETH/USD;386,30000000;403,21000000;380,90000000;389,70000000;0,87
2020-08-03T00:00:00+00:00;ETH/USD;372,23000000;398,32000000;366,68000000;386,30000000;3,64
2020-08-02T00:00:00+00:00;ETH/USD;387,39000000;416,06000000;320,00000000;372,23000000;-4,07
2020-08-01T00:00:00+00:00;ETH/USD;346,73000000;393,77000000;295,23000000;387,39000000;10,5
2020-07-31T00:00:00+00:00;ETH/USD;335,25000000;349,78000000;328,72000000;346,73000000;3,31
2020-07-30T00:00:00+00:00;ETH/USD;318,15000000;342,55000000;314,87000000;335,24000000;5,1
2020-07-29T00:00:00+00:00;ETH/USD;317,30000000;325,52000000;312,86000000;318,04000000;0,23
2020-07-28T00:00:00+00:00;ETH/USD;322,31000000;327,26000000;306,07000000;317,30000000;-1,58
2020-07-27T00:00:00+00:00;ETH/USD;311,31000000;334,01000000;307,00000000;322,31000000;3,41
2020-07-26T00:00:00+00:00;ETH/USD;305,53000000;320,77000000;298,04000000;311,31000000;1,86
2020-07-25T00:00:00+00:00;ETH/USD;279,49000000;309,14000000;279,49000000;305,53000000;8,52
2020-07-24T00:00:00+00:00;ETH/USD;275,57000000;287,77000000;268,12000000;279,49000000;1,4
2020-07-23T00:00:00+00:00;ETH/USD;264,30000000;280,43000000;260,14000000;275,57000000;4,09
2020-07-22T00:00:00+00:00;ETH/USD;245,81000000;269,59000000;241,48000000;264,30000000;7,0
2020-07-21T00:00:00+00:00;ETH/USD;236,03000000;246,96000000;235,63000000;245,81000000;3,98
2020-07-20T00:00:00+00:00;ETH/USD;239,19000000;239,78000000;234,20000000;236,03000000;-1,34
2020-07-19T00:00:00+00:00;ETH/USD;235,74000000;239,86000000;233,33000000;239,19000000;1,44
2020-07-18T00:00:00+00:00;ETH/USD;232,60000000;236,97000000;232,31000000;235,75000000;1,34
2020-07-17T00:00:00+00:00;ETH/USD;233,43000000;234,55000000;231,46000000;232,60000000;-0,36
2020-07-16T00:00:00+00:00;ETH/USD;238,45000000;239,21000000;225,81000000;233,43000000;-2,15
2020-07-15T00:00:00+00:00;ETH/USD;240,46000000;241,49000000;236,65000000;238,45000000;-0,84
2020-07-14T00:00:00+00:00;ETH/USD;239,37000000;242,11000000;236,95000000;240,42000000;0,44
2020-07-13T00:00:00+00:00;ETH/USD;242,87000000;245,24000000;237,29000000;239,37000000;-1,46
2020-07-12T00:00:00+00:00;ETH/USD;239,14000000;243,93000000;236,46000000;242,87000000;1,54
2020-07-11T00:00:00+00:00;ETH/USD;241,26000000;241,60000000;237,58000000;239,14000000;-0,89
2020-07-10T00:00:00+00:00;ETH/USD;242,05000000;242,20000000;235,39000000;241,26000000;-0,33
2020-07-09T00:00:00+00:00;ETH/USD;247,03000000;247,69000000;237,73000000;242,05000000;-2,06
2020-07-08T00:00:00+00:00;ETH/USD;239,38000000;249,18000000;237,89000000;247,03000000;3,1
2020-07-07T00:00:00+00:00;ETH/USD;241,73000000;243,62000000;234,58000000;239,38000000;-0,98
2020-07-06T00:00:00+00:00;ETH/USD;227,66000000;242,07000000;227,03000000;241,75000000;5,83
2020-07-05T00:00:00+00:00;ETH/USD;229,32000000;229,94000000;223,21000000;227,66000000;-0,73
2020-07-04T00:00:00+00:00;ETH/USD;224,83000000;230,76000000;224,51000000;229,32000000;1,96
2020-07-03T00:00:00+00:00;ETH/USD;226,45000000;228,18000000;224,25000000;224,83000000;-0,72
2020-07-02T00:00:00+00:00;ETH/USD;231,19000000;232,21000000;222,93000000;226,45000000;-2,09
2020-07-01T00:00:00+00:00;ETH/USD;225,55000000;232,68000000;224,08000000;231,19000000;2,44
2020-06-30T00:00:00+00:00;ETH/USD;227,92000000;228,68000000;222,86000000;225,55000000;-1,05
2020-06-29T00:00:00+00:00;ETH/USD;224,92000000;229,91000000;221,03000000;227,83000000;1,28
2020-06-28T00:00:00+00:00;ETH/USD;220,70000000;227,74000000;217,78000000;224,89000000;1,86
2020-06-27T00:00:00+00:00;ETH/USD;229,49000000;231,11000000;215,66000000;220,70000000;-3,98
2020-06-26T00:00:00+00:00;ETH/USD;232,35000000;233,34000000;227,21000000;229,49000000;-1,25
2020-06-25T00:00:00+00:00;ETH/USD;234,18000000;235,18000000;227,21000000;232,35000000;-0,79
2020-06-24T00:00:00+00:00;ETH/USD;243,07000000;249,17000000;230,66000000;234,18000000;-3,8
2020-06-23T00:00:00+00:00;ETH/USD;243,17000000;244,98000000;240,72000000;243,07000000;-0,04
2020-06-22T00:00:00+00:00;ETH/USD;227,76000000;247,00000000;227,24000000;243,17000000;6,34
2020-06-21T00:00:00+00:00;ETH/USD;228,86000000;231,29000000;226,95000000;227,76000000;-0,48
2020-06-20T00:00:00+00:00;ETH/USD;228,73000000;230,60000000;225,34000000;228,80000000;0,03
2020-06-19T00:00:00+00:00;ETH/USD;231,01000000;231,80000000;226,24000000;228,73000000;-1,0
2020-06-18T00:00:00+00:00;ETH/USD;233,60000000;234,45000000;227,74000000;231,09000000;-1,09
2020-06-17T00:00:00+00:00;ETH/USD;235,30000000;237,14000000;227,45000000;233,60000000;-0,73
2020-06-16T00:00:00+00:00;ETH/USD;230,94000000;236,00000000;228,76000000;235,30000000;1,85
2020-06-15T00:00:00+00:00;ETH/USD;231,51000000;233,63000000;217,85000000;230,94000000;-0,25
2020-06-14T00:00:00+00:00;ETH/USD;238,15000000;238,52000000;229,80000000;231,51000000;-2,87
2020-06-13T00:00:00+00:00;ETH/USD;237,56000000;238,76000000;234,58000000;238,12000000;0,24
2020-06-12T00:00:00+00:00;ETH/USD;230,25000000;239,37000000;228,06000000;237,60000000;3,09
2020-06-11T00:00:00+00:00;ETH/USD;248,03000000;250,35000000;225,57000000;230,25000000;-7,72
2020-06-10T00:00:00+00:00;ETH/USD;243,91000000;250,48000000;236,96000000;248,03000000;1,66
2020-06-09T00:00:00+00:00;ETH/USD;246,50000000;249,98000000;237,25000000;243,91000000;-1,06
2020-06-08T00:00:00+00:00;ETH/USD;244,78000000;247,94000000;240,85000000;246,50000000;0,7
2020-06-07T00:00:00+00:00;ETH/USD;242,01000000;245,65000000;234,67000000;244,78000000;1,13
2020-06-06T00:00:00+00:00;ETH/USD;240,00000000;244,62000000;237,67000000;242,01000000;0,83
2020-06-05T00:00:00+00:00;ETH/USD;243,24000000;247,94000000;238,96000000;239,91000000;-1,39
2020-06-04T00:00:00+00:00;ETH/USD;244,65000000;246,69000000;236,19000000;243,24000000;-0,58
2020-06-03T00:00:00+00:00;ETH/USD;237,57000000;245,28000000;233,31000000;244,65000000;2,89
2020-06-02T00:00:00+00:00;ETH/USD;248,40000000;253,65000000;222,10000000;237,57000000;-4,56
2020-06-01T00:00:00+00:00;ETH/USD;231,42000000;251,32000000;230,56000000;248,40000000;6,84
2020-05-31T00:00:00+00:00;ETH/USD;243,70000000;245,30000000;229,26000000;231,42000000;-5,31
2020-05-30T00:00:00+00:00;ETH/USD;220,48000000;247,13000000;218,76000000;243,70000000;9,53
2020-05-29T00:00:00+00:00;ETH/USD;220,30000000;224,73000000;217,47000000;220,48000000;0,08
2020-05-28T00:00:00+00:00;ETH/USD;208,41000000;220,57000000;204,69000000;220,24000000;5,37
2020-05-27T00:00:00+00:00;ETH/USD;200,99000000;208,48000000;200,79000000;208,42000000;3,56
2020-05-26T00:00:00+00:00;ETH/USD;204,10000000;205,01000000;196,79000000;200,99000000;-1,55
2020-05-25T00:00:00+00:00;ETH/USD;199,76000000;205,65000000;198,18000000;204,10000000;2,13
2020-05-24T00:00:00+00:00;ETH/USD;206,62000000;210,58000000;199,46000000;199,90000000;-3,36
2020-05-23T00:00:00+00:00;ETH/USD;207,29000000;211,28000000;204,70000000;206,62000000;-0,32
2020-05-22T00:00:00+00:00;ETH/USD;198,60000000;209,17000000;196,11000000;207,29000000;4,19
2020-05-21T00:00:00+00:00;ETH/USD;209,95000000;211,61000000;191,28000000;198,60000000;-5,72
2020-05-20T00:00:00+00:00;ETH/USD;214,69000000;215,57000000;205,30000000;209,95000000;-2,26
2020-05-19T00:00:00+00:00;ETH/USD;214,79000000;215,99000000;209,30000000;214,69000000;-0,05
2020-05-18T00:00:00+00:00;ETH/USD;206,96000000;217,05000000;206,96000000;214,79000000;3,65
2020-05-17T00:00:00+00:00;ETH/USD;200,51000000;209,92000000;199,67000000;206,96000000;3,12
2020-05-16T00:00:00+00:00;ETH/USD;194,68000000;203,45000000;193,15000000;200,51000000;2,91
2020-05-15T00:00:00+00:00;ETH/USD;203,45000000;204,18000000;191,38000000;194,68000000;-4,5
2020-05-14T00:00:00+00:00;ETH/USD;199,78000000;206,12000000;195,81000000;203,45000000;1,8
2020-05-13T00:00:00+00:00;ETH/USD;189,80000000;201,25000000;188,57000000;199,79000000;5,0
2020-05-12T00:00:00+00:00;ETH/USD;186,18000000;192,29000000;185,90000000;189,80000000;1,91
2020-05-11T00:00:00+00:00;ETH/USD;187,82000000;193,62000000;175,00000000;186,18000000;-0,88
2020-05-10T00:00:00+00:00;ETH/USD;210,22000000;210,22000000;180,14000000;187,82000000;-11,93
2020-05-09T00:00:00+00:00;ETH/USD;211,62000000;214,84000000;208,60000000;210,22000000;-0,67
2020-05-08T00:00:00+00:00;ETH/USD;212,32000000;216,87000000;207,37000000;211,62000000;-0,33
2020-05-07T00:00:00+00:00;ETH/USD;199,16000000;215,60000000;196,82000000;212,32000000;6,2
2020-05-06T00:00:00+00:00;ETH/USD;205,43000000;211,14000000;198,24000000;199,16000000;-3,15
2020-05-05T00:00:00+00:00;ETH/USD;206,90000000;212,00000000;201,49000000;205,43000000;-0,72
2020-05-04T00:00:00+00:00;ETH/USD;210,04000000;210,79000000;195,25000000;206,90000000;-1,52
2020-05-03T00:00:00+00:00;ETH/USD;214,04000000;219,29000000;205,27000000;210,04000000;-1,9
2020-05-02T00:00:00+00:00;ETH/USD;212,12000000;215,54000000;210,59000000;214,04000000;0,9
2020-05-01T00:00:00+00:00;ETH/USD;206,02000000;217,41000000;205,97000000;212,12000000;2,88
2020-04-30T00:00:00+00:00;ETH/USD;215,79000000;227,45000000;202,23000000;205,96000000;-4,77
2020-04-29T00:00:00+00:00;ETH/USD;196,83000000;219,51000000;196,65000000;215,79000000;8,79
2020-04-28T00:00:00+00:00;ETH/USD;196,75000000;197,91000000;192,78000000;196,74000000;-0,01
2020-04-27T00:00:00+00:00;ETH/USD;197,71000000;199,31000000;189,94000000;196,75000000;-0,49
2020-04-26T00:00:00+00:00;ETH/USD;194,45000000;200,16000000;192,54000000;197,71000000;1,65
2020-04-25T00:00:00+00:00;ETH/USD;187,75000000;198,43000000;185,93000000;194,45000000;3,45
2020-04-24T00:00:00+00:00;ETH/USD;185,56000000;189,94000000;184,82000000;187,75000000;1,17
2020-04-23T00:00:00+00:00;ETH/USD;183,01000000;194,45000000;178,35000000;185,56000000;1,37
2020-04-22T00:00:00+00:00;ETH/USD;171,01000000;184,33000000;170,08000000;183,01000000;6,56
2020-04-21T00:00:00+00:00;ETH/USD;170,45000000;174,94000000;168,43000000;171,01000000;0,33
2020-04-20T00:00:00+00:00;ETH/USD;180,24000000;186,73000000;166,74000000;170,45000000;-5,74
2020-04-19T00:00:00+00:00;ETH/USD;187,71000000;188,52000000;176,51000000;180,24000000;-4,14
2020-04-18T00:00:00+00:00;ETH/USD;170,82000000;189,75000000;170,72000000;187,71000000;9,0
2020-04-17T00:00:00+00:00;ETH/USD;172,61000000;175,10000000;164,16000000;170,82000000;-1,05
2020-04-16T00:00:00+00:00;ETH/USD;152,79000000;175,20000000;148,46000000;172,61000000;11,48
2020-04-15T00:00:00+00:00;ETH/USD;158,57000000;161,50000000;151,99000000;152,79000000;-3,78
2020-04-14T00:00:00+00:00;ETH/USD;156,78000000;162,13000000;155,62000000;158,57000000;1,13
2020-04-13T00:00:00+00:00;ETH/USD;158,85000000;159,37000000;149,60000000;156,78000000;-1,32
2020-04-12T00:00:00+00:00;ETH/USD;158,58000000;165,39000000;155,32000000;158,85000000;0,17
2020-04-11T00:00:00+00:00;ETH/USD;157,97000000;161,45000000;154,16000000;158,58000000;0,38
2020-04-10T00:00:00+00:00;ETH/USD;169,73000000;170,28000000;152,50000000;158,00000000;-7,42
2020-04-09T00:00:00+00:00;ETH/USD;173,34000000;173,61000000;165,33000000;169,79000000;-2,09
2020-04-08T00:00:00+00:00;ETH/USD;164,62000000;174,53000000;163,69000000;173,34000000;5,03
2020-04-07T00:00:00+00:00;ETH/USD;171,50000000;176,37000000;162,06000000;164,62000000;-4,18
2020-04-06T00:00:00+00:00;ETH/USD;142,84000000;172,03000000;142,79000000;171,43000000;16,68
2020-04-05T00:00:00+00:00;ETH/USD;144,50000000;145,83000000;140,88000000;142,83000000;-1,17
2020-04-04T00:00:00+00:00;ETH/USD;141,42000000;146,71000000;139,12000000;144,50000000;2,13
2020-04-03T00:00:00+00:00;ETH/USD;141,41000000;146,88000000;138,00000000;141,42000000;0,01
2020-04-02T00:00:00+00:00;ETH/USD;136,16000000;150,46000000;135,60000000;141,44000000;3,73
2020-04-01T00:00:00+00:00;ETH/USD;133,02000000;137,22000000;128,78000000;136,14000000;2,29
2020-03-31T00:00:00+00:00;ETH/USD;132,33000000;135,42000000;130,53000000;133,09000000;0,57
2020-03-30T00:00:00+00:00;ETH/USD;124,38000000;135,69000000;124,04000000;132,33000000;6,01
2020-03-29T00:00:00+00:00;ETH/USD;131,40000000;132,10000000;123,60000000;124,38000000;-5,64
2020-03-28T00:00:00+00:00;ETH/USD;131,39000000;133,20000000;124,94000000;131,44000000;0,04
2020-03-27T00:00:00+00:00;ETH/USD;138,97000000;141,90000000;128,78000000;131,39000000;-5,77
2020-03-26T00:00:00+00:00;ETH/USD;136,40000000;140,16000000;133,48000000;138,97000000;1,85
2020-03-25T00:00:00+00:00;ETH/USD;138,93000000;142,83000000;132,26000000;136,27000000;-1,95
2020-03-24T00:00:00+00:00;ETH/USD;136,56000000;144,02000000;133,08000000;138,96000000;1,73
2020-03-23T00:00:00+00:00;ETH/USD;122,32000000;138,07000000;118,80000000;136,56000000;10,43
2020-03-22T00:00:00+00:00;ETH/USD;132,69000000;137,42000000;120,95000000;122,32000000;-8,48
2020-03-21T00:00:00+00:00;ETH/USD;133,53000000;137,57000000;125,85000000;132,69000000;-0,63
2020-03-20T00:00:00+00:00;ETH/USD;136,83000000;153,40000000;115,47000000;133,53000000;-2,47
2020-03-19T00:00:00+00:00;ETH/USD;118,56000000;143,75000000;115,86000000;136,91000000;13,4
2020-03-18T00:00:00+00:00;ETH/USD;116,29000000;118,99000000;110,27000000;118,56000000;1,91
2020-03-17T00:00:00+00:00;ETH/USD;111,05000000;121,26000000;109,48000000;116,29000000;4,51
2020-03-16T00:00:00+00:00;ETH/USD;123,50000000;123,88000000;100,67000000;111,05000000;-11,21
2020-03-15T00:00:00+00:00;ETH/USD;122,48000000;133,91000000;120,11000000;123,50000000;0,83
2020-03-14T00:00:00+00:00;ETH/USD;135,67000000;136,32000000;120,97000000;122,35000000;-10,89
2020-03-13T00:00:00+00:00;ETH/USD;108,95000000;146,43000000;87,69000000;135,67000000;19,69
2020-03-12T00:00:00+00:00;ETH/USD;194,82000000;195,58000000;100,56000000;108,95000000;-78,82
2020-03-11T00:00:00+00:00;ETH/USD;200,60000000;202,95000000;181,45000000;194,82000000;-2,97
2020-03-10T00:00:00+00:00;ETH/USD;202,73000000;206,33000000;195,69000000;200,46000000;-1,13
2020-03-09T00:00:00+00:00;ETH/USD;199,48000000;208,56000000;189,92000000;202,73000000;1,6
2020-03-08T00:00:00+00:00;ETH/USD;237,49000000;237,49000000;195,31000000;199,45000000;-19,07
2020-03-07T00:00:00+00:00;ETH/USD;245,55000000;252,47000000;236,66000000;237,49000000;-3,39
2020-03-06T00:00:00+00:00;ETH/USD;228,71000000;245,84000000;227,47000000;245,55000000;6,86
2020-03-05T00:00:00+00:00;ETH/USD;224,30000000;234,36000000;224,30000000;228,71000000;1,93
2020-03-04T00:00:00+00:00;ETH/USD;223,67000000;228,74000000;220,34000000;224,36000000;0,31
2020-03-03T00:00:00+00:00;ETH/USD;232,21000000;232,74000000;220,12000000;223,67000000;-3,82
2020-03-02T00:00:00+00:00;ETH/USD;217,47000000;234,41000000;215,83000000;232,09000000;6,3
2020-03-01T00:00:00+00:00;ETH/USD;217,18000000;227,91000000;212,29000000;217,47000000;0,13
2020-02-29T00:00:00+00:00;ETH/USD;227,03000000;233,28000000;216,86000000;217,32000000;-4,47
2020-02-28T00:00:00+00:00;ETH/USD;227,70000000;234,52000000;213,65000000;227,09000000;-0,27
2020-02-27T00:00:00+00:00;ETH/USD;223,75000000;238,16000000;209,90000000;227,70000000;1,73
2020-02-26T00:00:00+00:00;ETH/USD;246,31000000;250,03000000;215,22000000;223,68000000;-10,12
2020-02-25T00:00:00+00:00;ETH/USD;265,71000000;266,26000000;244,34000000;246,32000000;-7,87
2020-02-24T00:00:00+00:00;ETH/USD;275,61000000;277,99000000;257,17000000;265,76000000;-3,71
2020-02-23T00:00:00+00:00;ETH/USD;261,94000000;276,61000000;261,47000000;275,55000000;4,94
2020-02-22T00:00:00+00:00;ETH/USD;265,85000000;267,15000000;256,59000000;261,94000000;-1,49
2020-02-21T00:00:00+00:00;ETH/USD;257,36000000;268,54000000;254,17000000;265,85000000;3,19
2020-02-20T00:00:00+00:00;ETH/USD;258,33000000;264,19000000;245,82000000;257,36000000;-0,38
2020-02-19T00:00:00+00:00;ETH/USD;283,47000000;287,22000000;248,92000000;258,45000000;-9,68
2020-02-18T00:00:00+00:00;ETH/USD;267,81000000;286,40000000;259,33000000;283,40000000;5,5
2020-02-17T00:00:00+00:00;ETH/USD;258,68000000;268,54000000;242,52000000;267,76000000;3,39
2020-02-16T00:00:00+00:00;ETH/USD;264,93000000;274,06000000;237,43000000;259,21000000;-2,21
2020-02-15T00:00:00+00:00;ETH/USD;285,78000000;289,17000000;261,90000000;264,97000000;-7,85
2020-02-14T00:00:00+00:00;ETH/USD;268,31000000;286,24000000;260,16000000;285,80000000;6,12
2020-02-13T00:00:00+00:00;ETH/USD;266,42000000;277,83000000;256,15000000;268,26000000;0,69
2020-02-12T00:00:00+00:00;ETH/USD;237,81000000;275,77000000;237,81000000;266,36000000;10,72
2020-02-11T00:00:00+00:00;ETH/USD;222,92000000;239,69000000;218,08000000;237,81000000;6,26
2020-02-10T00:00:00+00:00;ETH/USD;228,82000000;229,72000000;216,36000000;222,95000000;-2,63
2020-02-09T00:00:00+00:00;ETH/USD;223,32000000;230,96000000;223,21000000;228,82000000;2,4
2020-02-08T00:00:00+00:00;ETH/USD;223,28000000;227,93000000;213,20000000;223,37000000;0,04
2020-02-07T00:00:00+00:00;ETH/USD;212,95000000;224,32000000;212,95000000;223,28000000;4,63
2020-02-06T00:00:00+00:00;ETH/USD;203,77000000;216,14000000;201,00000000;212,95000000;4,31
2020-02-05T00:00:00+00:00;ETH/USD;188,26000000;207,61000000;187,64000000;203,75000000;7,6
2020-02-04T00:00:00+00:00;ETH/USD;189,54000000;191,40000000;184,44000000;188,26000000;-0,68
2020-02-03T00:00:00+00:00;ETH/USD;188,26000000;195,24000000;186,58000000;189,54000000;0,68
2020-02-02T00:00:00+00:00;ETH/USD;183,63000000;193,59000000;179,12000000;188,26000000;2,46
2020-02-01T00:00:00+00:00;ETH/USD;179,67000000;184,02000000;178,98000000;183,63000000;2,16
2020-01-31T00:00:00+00:00;ETH/USD;184,56000000;185,59000000;174,81000000;179,69000000;-2,71
2020-01-30T00:00:00+00:00;ETH/USD;173,41000000;186,87000000;170,59000000;184,51000000;6,02
2020-01-29T00:00:00+00:00;ETH/USD;175,82000000;178,36000000;173,19000000;173,38000000;-1,41
2020-01-28T00:00:00+00:00;ETH/USD;169,82000000;176,32000000;169,82000000;175,97000000;3,49
2020-01-27T00:00:00+00:00;ETH/USD;167,48000000;171,65000000;165,00000000;169,82000000;1,38
2020-01-26T00:00:00+00:00;ETH/USD;160,06000000;167,59000000;159,21000000;167,48000000;4,43
2020-01-25T00:00:00+00:00;ETH/USD;162,37000000;162,38000000;157,45000000;160,12000000;-1,41
2020-01-24T00:00:00+00:00;ETH/USD;162,53000000;164,23000000;155,21000000;162,37000000;-0,1
2020-01-23T00:00:00+00:00;ETH/USD;167,62000000;167,74000000;158,90000000;162,53000000;-3,13
2020-01-22T00:00:00+00:00;ETH/USD;169,19000000;171,01000000;165,69000000;167,62000000;-0,94
2020-01-21T00:00:00+00:00;ETH/USD;166,65000000;170,01000000;164,73000000;169,16000000;1,48
2020-01-20T00:00:00+00:00;ETH/USD;166,74000000;169,15000000;161,18000000;166,59000000;-0,09
2020-01-19T00:00:00+00:00;ETH/USD;174,04000000;177,93000000;161,72000000;166,74000000;-4,38
2020-01-18T00:00:00+00:00;ETH/USD;169,62000000;179,23000000;165,10000000;174,04000000;2,54
2020-01-17T00:00:00+00:00;ETH/USD;164,12000000;174,17000000;162,10000000;169,66000000;3,27
2020-01-16T00:00:00+00:00;ETH/USD;166,15000000;167,13000000;158,51000000;164,07000000;-1,27
2020-01-15T00:00:00+00:00;ETH/USD;165,65000000;171,68000000;159,15000000;166,15000000;0,3
2020-01-14T00:00:00+00:00;ETH/USD;143,61000000;170,93000000;143,50000000;165,88000000;13,43
2020-01-13T00:00:00+00:00;ETH/USD;146,38000000;146,83000000;142,18000000;143,57000000;-1,96
2020-01-12T00:00:00+00:00;ETH/USD;142,48000000;146,48000000;141,86000000;146,35000000;2,64
2020-01-11T00:00:00+00:00;ETH/USD;144,82000000;147,92000000;142,07000000;142,39000000;-1,71
2020-01-10T00:00:00+00:00;ETH/USD;137,71000000;145,05000000;135,29000000;144,79000000;4,89
2020-01-09T00:00:00+00:00;ETH/USD;140,71000000;141,46000000;135,39000000;137,69000000;-2,19
2020-01-08T00:00:00+00:00;ETH/USD;142,98000000;147,90000000;137,13000000;140,61000000;-1,69
2020-01-07T00:00:00+00:00;ETH/USD;144,23000000;145,25000000;139,02000000;143,01000000;-0,85

