DATE/TIME;SYMBOL;OPEN;HIGH;LOW;CLOSE;EVOL % CLOSE/HIGH
2022-01-05T00:00:00+00:00;TRYB/USD;0,07357000;0,07483000;0,07347000;0,07443000;1,16
2022-01-04T00:00:00+00:00;TRYB/USD;0,07506000;0,07533000;0,07352000;0,07357000;-2,03
2022-01-03T00:00:00+00:00;TRYB/USD;0,07418000;0,07759000;0,07249000;0,07506000;1,17
2022-01-02T00:00:00+00:00;TRYB/USD;0,07494000;0,07504000;0,07398000;0,07418000;-1,02
2022-01-01T00:00:00+00:00;TRYB/USD;0,07438000;0,07499000;0,07416000;0,07494000;0,75
2021-12-31T00:00:00+00:00;TRYB/USD;0,07597000;0,07639000;0,07330000;0,07438000;-2,14
2021-12-30T00:00:00+00:00;TRYB/USD;0,07785000;0,07869000;0,07488000;0,07597000;-2,47
2021-12-29T00:00:00+00:00;TRYB/USD;0,08157000;0,08208000;0,07754000;0,07785000;-4,78
2021-12-28T00:00:00+00:00;TRYB/USD;0,08468000;0,08475000;0,08134000;0,08157000;-3,81
2021-12-27T00:00:00+00:00;TRYB/USD;0,08644000;0,08755000;0,08419000;0,08468000;-2,08
2021-12-26T00:00:00+00:00;TRYB/USD;0,08526000;0,08769000;0,08434000;0,08644000;1,37
2021-12-25T00:00:00+00:00;TRYB/USD;0,08360000;0,08590000;0,08345000;0,08526000;1,95
2021-12-24T00:00:00+00:00;TRYB/USD;0,08568000;0,08785000;0,08167000;0,08360000;-2,49
2021-12-23T00:00:00+00:00;TRYB/USD;0,07745000;0,09278000;0,07684000;0,08568000;9,61
2021-12-22T00:00:00+00:00;TRYB/USD;0,07431000;0,08080000;0,07423000;0,07745000;4,05
2021-12-21T00:00:00+00:00;TRYB/USD;0,06979000;0,08345000;0,06713000;0,07431000;6,08
2021-12-20T00:00:00+00:00;TRYB/USD;0,05826000;0,07859000;0,05366000;0,06979000;16,52
2021-12-19T00:00:00+00:00;TRYB/USD;0,06002000;0,06018000;0,05808000;0,05826000;-3,02
2021-12-18T00:00:00+00:00;TRYB/USD;0,06005000;0,06032000;0,05970000;0,06002000;-0,05
2021-12-17T00:00:00+00:00;TRYB/USD;0,06379000;0,06399000;0,05903000;0,06005000;-6,23
2021-12-16T00:00:00+00:00;TRYB/USD;0,06674000;0,06707000;0,06344000;0,06379000;-4,62
2021-12-15T00:00:00+00:00;TRYB/USD;0,06831000;0,06853000;0,06589000;0,06674000;-2,35
2021-12-14T00:00:00+00:00;TRYB/USD;0,06945000;0,06951000;0,06721000;0,06831000;-1,67
2021-12-13T00:00:00+00:00;TRYB/USD;0,07071000;0,07106000;0,06733000;0,06945000;-1,81
2021-12-12T00:00:00+00:00;TRYB/USD;0,06932000;0,07091000;0,06924000;0,07071000;1,97
2021-12-11T00:00:00+00:00;TRYB/USD;0,06875000;0,06933000;0,06816000;0,06930000;0,79
2021-12-10T00:00:00+00:00;TRYB/USD;0,06991000;0,07025000;0,06870000;0,06875000;-1,69
2021-12-09T00:00:00+00:00;TRYB/USD;0,07140000;0,07169000;0,06979000;0,06991000;-2,13
2021-12-08T00:00:00+00:00;TRYB/USD;0,07160000;0,07188000;0,07060000;0,07140000;-0,28
2021-12-07T00:00:00+00:00;TRYB/USD;0,06996000;0,07228000;0,06984000;0,07160000;2,29
2021-12-06T00:00:00+00:00;TRYB/USD;0,06830000;0,07060000;0,06646000;0,06996000;2,37
2021-12-05T00:00:00+00:00;TRYB/USD;0,06740000;0,06976000;0,06639000;0,06830000;1,32
2021-12-04T00:00:00+00:00;TRYB/USD;0,07000000;0,07130000;0,06500000;0,06740000;-3,86
2021-12-03T00:00:00+00:00;TRYB/USD;0,07215000;0,07328000;0,06889000;0,07000000;-3,07
2021-12-02T00:00:00+00:00;TRYB/USD;0,07393000;0,07395000;0,07147000;0,07215000;-2,47
2021-12-01T00:00:00+00:00;TRYB/USD;0,07535000;0,08233000;0,07259000;0,07393000;-1,92
2021-11-30T00:00:00+00:00;TRYB/USD;0,07835000;0,07880000;0,07337000;0,07535000;-3,98
2021-11-29T00:00:00+00:00;TRYB/USD;0,07821000;0,07918000;0,07535000;0,07835000;0,18
2021-11-28T00:00:00+00:00;TRYB/USD;0,07731000;0,07826000;0,07489000;0,07821000;1,15
2021-11-27T00:00:00+00:00;TRYB/USD;0,07784000;0,07958000;0,06178000;0,07732000;-0,67
2021-11-26T00:00:00+00:00;TRYB/USD;0,08239000;0,08251000;0,07395000;0,07784000;-5,85
2021-11-25T00:00:00+00:00;TRYB/USD;0,08204000;0,08269000;0,07993000;0,08239000;0,42
2021-11-24T00:00:00+00:00;TRYB/USD;0,07922000;0,08578000;0,07654000;0,08204000;3,44
2021-11-23T00:00:00+00:00;TRYB/USD;0,08716000;0,08751000;0,07501000;0,07922000;-10,02
2021-11-22T00:00:00+00:00;TRYB/USD;0,08877000;0,09041000;0,08658000;0,08716000;-1,85
2021-11-21T00:00:00+00:00;TRYB/USD;0,08906000;0,09109000;0,08821000;0,08877000;-0,33
2021-11-20T00:00:00+00:00;TRYB/USD;0,08894000;0,09104000;0,08839000;0,08906000;0,13
2021-11-19T00:00:00+00:00;TRYB/USD;0,08906000;0,09090000;0,08775000;0,08894000;-0,13
2021-11-18T00:00:00+00:00;TRYB/USD;0,09203000;0,09517000;0,08767000;0,08906000;-3,33
2021-11-17T00:00:00+00:00;TRYB/USD;0,09527000;0,09528000;0,09175000;0,09203000;-3,52
2021-11-16T00:00:00+00:00;TRYB/USD;0,09866000;0,09880000;0,09483000;0,09527000;-3,56
2021-11-15T00:00:00+00:00;TRYB/USD;0,09864000;0,09972000;0,09815000;0,09866000;0,02
2021-11-14T00:00:00+00:00;TRYB/USD;0,09884000;0,09915000;0,09815000;0,09864000;-0,2
2021-11-13T00:00:00+00:00;TRYB/USD;0,09923000;0,09954000;0,09758000;0,09884000;-0,39
2021-11-12T00:00:00+00:00;TRYB/USD;0,10038000;0,10045000;0,08220000;0,09923000;-1,16
2021-11-11T00:00:00+00:00;TRYB/USD;0,10125000;0,10125000;0,09913000;0,10038000;-0,87
2021-11-10T00:00:00+00:00;TRYB/USD;0,10238000;0,10248000;0,10060000;0,10125000;-1,12
2021-11-09T00:00:00+00:00;TRYB/USD;0,10272000;0,10282000;0,10215000;0,10238000;-0,33
2021-11-08T00:00:00+00:00;TRYB/USD;0,10207000;0,10298000;0,10162000;0,10272000;0,63
2021-11-07T00:00:00+00:00;TRYB/USD;0,10213000;0,10285000;0,10198000;0,10207000;-0,06
2021-11-06T00:00:00+00:00;TRYB/USD;0,10234000;0,10263000;0,10111000;0,10213000;-0,21
2021-11-05T00:00:00+00:00;TRYB/USD;0,10230000;0,10254000;0,10154000;0,10234000;0,04
2021-11-04T00:00:00+00:00;TRYB/USD;0,10347000;0,10352000;0,10179000;0,10230000;-1,14
2021-11-03T00:00:00+00:00;TRYB/USD;0,10361000;0,10384000;0,10084000;0,10347000;-0,14
2021-11-02T00:00:00+00:00;TRYB/USD;0,10464000;0,10513000;0,10349000;0,10367000;-0,94
2021-11-01T00:00:00+00:00;TRYB/USD;0,10406000;0,10511000;0,10361000;0,10464000;0,55
2021-10-31T00:00:00+00:00;TRYB/USD;0,10383000;0,10412000;0,10325000;0,10406000;0,22
2021-10-30T00:00:00+00:00;TRYB/USD;0,10405000;0,10437000;0,10346000;0,10383000;-0,21
2021-10-29T00:00:00+00:00;TRYB/USD;0,10372000;0,10418000;0,10325000;0,10405000;0,32
2021-10-28T00:00:00+00:00;TRYB/USD;0,10420000;0,10430000;0,10275000;0,10372000;-0,46
2021-10-27T00:00:00+00:00;TRYB/USD;0,10448000;0,10506000;0,10326000;0,10420000;-0,27
2021-10-26T00:00:00+00:00;TRYB/USD;0,10414000;0,10573000;0,10375000;0,10448000;0,33
2021-10-25T00:00:00+00:00;TRYB/USD;0,10216000;0,10444000;0,10091000;0,10414000;1,9
2021-10-24T00:00:00+00:00;TRYB/USD;0,10389000;0,10408000;0,10115000;0,10216000;-1,69
2021-10-23T00:00:00+00:00;TRYB/USD;0,10409000;0,10450000;0,10351000;0,10389000;-0,19
2021-10-22T00:00:00+00:00;TRYB/USD;0,10497000;0,10521000;0,10343000;0,10409000;-0,85
2021-10-21T00:00:00+00:00;TRYB/USD;0,10848000;0,10888000;0,09000000;0,10497000;-3,34
2021-10-20T00:00:00+00:00;TRYB/USD;0,10733000;0,10870000;0,10691000;0,10848000;1,06
2021-10-19T00:00:00+00:00;TRYB/USD;0,10712000;0,10756000;0,10660000;0,10733000;0,2
2021-10-18T00:00:00+00:00;TRYB/USD;0,10833000;0,10835000;0,10689000;0,10712000;-1,13
2021-10-17T00:00:00+00:00;TRYB/USD;0,10806000;0,10925000;0,10768000;0,10833000;0,25
2021-10-16T00:00:00+00:00;TRYB/USD;0,10815000;0,10822000;0,10786000;0,10806000;-0,08
2021-10-15T00:00:00+00:00;TRYB/USD;0,10894000;0,10900000;0,10788000;0,10815000;-0,73
2021-10-14T00:00:00+00:00;TRYB/USD;0,10945000;0,11020000;0,10864000;0,10894000;-0,47
2021-10-13T00:00:00+00:00;TRYB/USD;0,11048000;0,11080000;0,10880000;0,10945000;-0,94
2021-10-12T00:00:00+00:00;TRYB/USD;0,11108000;0,11125000;0,11021000;0,11048000;-0,54
2021-10-11T00:00:00+00:00;TRYB/USD;0,11146000;0,11240000;0,11080000;0,11108000;-0,34
2021-10-10T00:00:00+00:00;TRYB/USD;0,11158000;0,11196000;0,11119000;0,11146000;-0,11
2021-10-09T00:00:00+00:00;TRYB/USD;0,11153000;0,11210000;0,11126000;0,11158000;0,04
2021-10-08T00:00:00+00:00;TRYB/USD;0,11259000;0,11286000;0,11151000;0,11153000;-0,95
2021-10-07T00:00:00+00:00;TRYB/USD;0,11274000;0,11315000;0,11241000;0,11259000;-0,13
2021-10-06T00:00:00+00:00;TRYB/USD;0,11288000;0,11300000;0,11177000;0,11274000;-0,12
2021-10-05T00:00:00+00:00;TRYB/USD;0,11333000;0,11432000;0,11236000;0,11288000;-0,4
2021-10-04T00:00:00+00:00;TRYB/USD;0,11464000;0,11474000;0,11274000;0,11333000;-1,16
2021-10-03T00:00:00+00:00;TRYB/USD;0,11507000;0,11560000;0,11435000;0,11464000;-0,38
2021-10-02T00:00:00+00:00;TRYB/USD;0,11374000;0,11636000;0,09151000;0,11507000;1,16
2021-10-01T00:00:00+00:00;TRYB/USD;0,11218000;0,11394000;0,11180000;0,11374000;1,37
2021-09-30T00:00:00+00:00;TRYB/USD;0,11142000;0,11270000;0,11100000;0,11218000;0,68
2021-09-29T00:00:00+00:00;TRYB/USD;0,11210000;0,11284000;0,11051000;0,11142000;-0,61
2021-09-28T00:00:00+00:00;TRYB/USD;0,11285000;0,11309000;0,11111000;0,11210000;-0,67
2021-09-27T00:00:00+00:00;TRYB/USD;0,11238000;0,11326000;0,11210000;0,11285000;0,42
2021-09-26T00:00:00+00:00;TRYB/USD;0,11226000;0,11258000;0,11092000;0,11238000;0,11
2021-09-25T00:00:00+00:00;TRYB/USD;0,11238000;0,11267000;0,11161000;0,11226000;-0,11
2021-09-24T00:00:00+00:00;TRYB/USD;0,11380000;0,11418000;0,11229000;0,11238000;-1,26
2021-09-23T00:00:00+00:00;TRYB/USD;0,11486000;0,11546000;0,11234000;0,11380000;-0,93
2021-09-22T00:00:00+00:00;TRYB/USD;0,11484000;0,11568000;0,11322000;0,11486000;0,02
2021-09-21T00:00:00+00:00;TRYB/USD;0,11428000;0,11525000;0,11317000;0,11484000;0,49
2021-09-20T00:00:00+00:00;TRYB/USD;0,11520000;0,11530000;0,11312000;0,11428000;-0,81
2021-09-19T00:00:00+00:00;TRYB/USD;0,11580000;0,11586000;0,11504000;0,11520000;-0,52
2021-09-18T00:00:00+00:00;TRYB/USD;0,11561000;0,11602000;0,11510000;0,11580000;0,16
2021-09-17T00:00:00+00:00;TRYB/USD;0,11711000;0,11748000;0,11525000;0,11561000;-1,3
2021-09-16T00:00:00+00:00;TRYB/USD;0,11861000;0,11898000;0,11635000;0,11711000;-1,28
2021-09-15T00:00:00+00:00;TRYB/USD;0,11799000;0,11890000;0,11719000;0,11861000;0,52
2021-09-14T00:00:00+00:00;TRYB/USD;0,11814000;0,11827000;0,11709000;0,11799000;-0,13
2021-09-13T00:00:00+00:00;TRYB/USD;0,11799000;0,11830000;0,11706000;0,11814000;0,13
2021-09-12T00:00:00+00:00;TRYB/USD;0,11789000;0,11829000;0,11647000;0,11799000;0,08
2021-09-11T00:00:00+00:00;TRYB/USD;0,11754000;0,11797000;0,11630000;0,11789000;0,3
2021-09-10T00:00:00+00:00;TRYB/USD;0,11743000;0,11947000;0,11710000;0,11754000;0,09
2021-09-09T00:00:00+00:00;TRYB/USD;0,11669000;0,11795000;0,11626000;0,11743000;0,63
2021-09-08T00:00:00+00:00;TRYB/USD;0,11800000;0,11807000;0,11454000;0,11669000;-1,12
2021-09-07T00:00:00+00:00;TRYB/USD;0,12117000;0,12181000;0,11738000;0,11800000;-2,69
2021-09-06T00:00:00+00:00;TRYB/USD;0,12108000;0,12204000;0,12038000;0,12117000;0,07
2021-09-05T00:00:00+00:00;TRYB/USD;0,12091000;0,12123000;0,12054000;0,12108000;0,14
2021-09-04T00:00:00+00:00;TRYB/USD;0,12057000;0,12134000;0,12056000;0,12091000;0,28
2021-09-03T00:00:00+00:00;TRYB/USD;0,12109000;0,12163000;0,12007000;0,12057000;-0,43
2021-09-02T00:00:00+00:00;TRYB/USD;0,12065000;0,12201000;0,12038000;0,12109000;0,36
2021-09-01T00:00:00+00:00;TRYB/USD;0,12000000;0,12076000;0,11960000;0,12065000;0,54
2021-08-31T00:00:00+00:00;TRYB/USD;0,11894000;0,12028000;0,11882000;0,12000000;0,88
2021-08-30T00:00:00+00:00;TRYB/USD;0,11935000;0,11995000;0,11881000;0,11894000;-0,34
2021-08-29T00:00:00+00:00;TRYB/USD;0,11988000;0,12000000;0,11894000;0,11935000;-0,44
2021-08-28T00:00:00+00:00;TRYB/USD;0,11915000;0,12000000;0,11850000;0,11988000;0,61
2021-08-27T00:00:00+00:00;TRYB/USD;0,11836000;0,11958000;0,11765000;0,11915000;0,66
2021-08-26T00:00:00+00:00;TRYB/USD;0,11837000;0,11870000;0,11764000;0,11836000;-0,01
2021-08-25T00:00:00+00:00;TRYB/USD;0,11842000;0,11888000;0,11760000;0,11837000;-0,04
2021-08-24T00:00:00+00:00;TRYB/USD;0,11845000;0,11911000;0,11782000;0,11842000;-0,03
2021-08-23T00:00:00+00:00;TRYB/USD;0,11795000;0,11909000;0,11760000;0,11845000;0,42
2021-08-22T00:00:00+00:00;TRYB/USD;0,11830000;0,11830000;0,11719000;0,11795000;-0,3
2021-08-21T00:00:00+00:00;TRYB/USD;0,11815000;0,11830000;0,11787000;0,11830000;0,13
2021-08-20T00:00:00+00:00;TRYB/USD;0,11722000;0,11820000;0,11706000;0,11815000;0,79
2021-08-19T00:00:00+00:00;TRYB/USD;0,11730000;0,11752000;0,11617000;0,11722000;-0,07
2021-08-18T00:00:00+00:00;TRYB/USD;0,11785000;0,11806000;0,11642000;0,11730000;-0,47
2021-08-17T00:00:00+00:00;TRYB/USD;0,11757000;0,11830000;0,11696000;0,11785000;0,24
2021-08-16T00:00:00+00:00;TRYB/USD;0,11777000;0,11903000;0,11710000;0,11757000;-0,17
2021-08-15T00:00:00+00:00;TRYB/USD;0,11800000;0,11819000;0,11668000;0,11777000;-0,2
2021-08-14T00:00:00+00:00;TRYB/USD;0,11706000;0,11958000;0,11691000;0,11800000;0,8
2021-08-13T00:00:00+00:00;TRYB/USD;0,11627000;0,11730000;0,11540000;0,11706000;0,67
2021-08-12T00:00:00+00:00;TRYB/USD;0,11581000;0,11682000;0,11510000;0,11627000;0,4
2021-08-11T00:00:00+00:00;TRYB/USD;0,11589000;0,11680000;0,11532000;0,11581000;-0,07
2021-08-10T00:00:00+00:00;TRYB/USD;0,11633000;0,11682000;0,11540000;0,11589000;-0,38
2021-08-09T00:00:00+00:00;TRYB/USD;0,11674000;0,11677000;0,11570000;0,11633000;-0,35
2021-08-08T00:00:00+00:00;TRYB/USD;0,11673000;0,11744000;0,11630000;0,11674000;0,01
2021-08-07T00:00:00+00:00;TRYB/USD;0,11691000;0,12423000;0,11468000;0,11673000;-0,15
2021-08-06T00:00:00+00:00;TRYB/USD;0,11791000;0,11793000;0,11630000;0,11691000;-0,86
2021-08-05T00:00:00+00:00;TRYB/USD;0,11822000;0,11847000;0,11655000;0,11791000;-0,26
2021-08-04T00:00:00+00:00;TRYB/USD;0,11851000;0,11882000;0,11752000;0,11822000;-0,25
2021-08-03T00:00:00+00:00;TRYB/USD;0,11992000;0,12022000;0,11804000;0,11851000;-1,19
2021-08-02T00:00:00+00:00;TRYB/USD;0,11935000;0,12038000;0,11797000;0,11992000;0,48
2021-08-01T00:00:00+00:00;TRYB/USD;0,11947000;0,11990000;0,11883000;0,11935000;-0,1
2021-07-31T00:00:00+00:00;TRYB/USD;0,11845000;0,12000000;0,11816000;0,11947000;0,85
2021-07-30T00:00:00+00:00;TRYB/USD;0,11800000;0,11938000;0,11783000;0,11845000;0,38
2021-07-29T00:00:00+00:00;TRYB/USD;0,11697000;0,11837000;0,11650000;0,11800000;0,87
2021-07-28T00:00:00+00:00;TRYB/USD;0,11689000;0,11730000;0,11629000;0,11697000;0,07
2021-07-27T00:00:00+00:00;TRYB/USD;0,11744000;0,11756000;0,11610000;0,11689000;-0,47
2021-07-26T00:00:00+00:00;TRYB/USD;0,11669000;0,11920000;0,11626000;0,11744000;0,64
2021-07-25T00:00:00+00:00;TRYB/USD;0,11707000;0,11709000;0,11532000;0,11669000;-0,33
2021-07-24T00:00:00+00:00;TRYB/USD;0,11638000;0,11720000;0,11597000;0,11707000;0,59
2021-07-23T00:00:00+00:00;TRYB/USD;0,11629000;0,11661000;0,11600000;0,11638000;0,08
2021-07-22T00:00:00+00:00;TRYB/USD;0,11592000;0,11639000;0,11540000;0,11629000;0,32
2021-07-21T00:00:00+00:00;TRYB/USD;0,11533000;0,11605000;0,11477000;0,11592000;0,51
2021-07-20T00:00:00+00:00;TRYB/USD;0,11572000;0,11606000;0,11510000;0,11533000;-0,34
2021-07-19T00:00:00+00:00;TRYB/USD;0,11617000;0,11700000;0,11535000;0,11572000;-0,39
2021-07-18T00:00:00+00:00;TRYB/USD;0,11591000;0,11665000;0,11552000;0,11617000;0,22
2021-07-17T00:00:00+00:00;TRYB/USD;0,11690000;0,11691000;0,11551000;0,11591000;-0,85
2021-07-16T00:00:00+00:00;TRYB/USD;0,11620000;0,11720000;0,11600000;0,11690000;0,6
2021-07-15T00:00:00+00:00;TRYB/USD;0,11615000;0,11665000;0,11564000;0,11620000;0,04
2021-07-14T00:00:00+00:00;TRYB/USD;0,11571000;0,11616000;0,11491000;0,11615000;0,38
2021-07-13T00:00:00+00:00;TRYB/USD;0,11571000;0,11616000;0,11500000;0,11571000;0,0
2021-07-12T00:00:00+00:00;TRYB/USD;0,11560000;0,11580000;0,11517000;0,11571000;0,1
2021-07-11T00:00:00+00:00;TRYB/USD;0,11536000;0,11560000;0,11518000;0,11560000;0,21
2021-07-10T00:00:00+00:00;TRYB/USD;0,11523000;0,11560000;0,11485000;0,11536000;0,11
2021-07-09T00:00:00+00:00;TRYB/USD;0,11496000;0,11529000;0,11445000;0,11523000;0,23
2021-07-08T00:00:00+00:00;TRYB/USD;0,11491000;0,11511000;0,11435000;0,11496000;0,04
2021-07-07T00:00:00+00:00;TRYB/USD;0,11514000;0,11550000;0,11480000;0,11491000;-0,2
2021-07-06T00:00:00+00:00;TRYB/USD;0,11515000;0,11572000;0,11480000;0,11514000;-0,01
2021-07-05T00:00:00+00:00;TRYB/USD;0,11546000;0,11555000;0,11470000;0,11515000;-0,27
2021-07-04T00:00:00+00:00;TRYB/USD;0,11491000;0,11572000;0,11460000;0,11546000;0,48
2021-07-03T00:00:00+00:00;TRYB/USD;0,11472000;0,11501000;0,11454000;0,11484000;0,1
2021-07-02T00:00:00+00:00;TRYB/USD;0,11480000;0,11503000;0,11433000;0,11472000;-0,07
2021-07-01T00:00:00+00:00;TRYB/USD;0,11458000;0,11520000;0,11407000;0,11480000;0,19
2021-06-30T00:00:00+00:00;TRYB/USD;0,11419000;0,11514000;0,11381000;0,11458000;0,34
2021-06-29T00:00:00+00:00;TRYB/USD;0,11470000;0,11480000;0,11350000;0,11419000;-0,45
2021-06-28T00:00:00+00:00;TRYB/USD;0,11324000;0,11517000;0,11298000;0,11470000;1,27
2021-06-27T00:00:00+00:00;TRYB/USD;0,11268000;0,11370000;0,11236000;0,11324000;0,49
2021-06-26T00:00:00+00:00;TRYB/USD;0,11327000;0,11362000;0,11143000;0,11268000;-0,52
2021-06-25T00:00:00+00:00;TRYB/USD;0,11436000;0,11482000;0,11300000;0,11327000;-0,96
2021-06-24T00:00:00+00:00;TRYB/USD;0,11503000;0,11526000;0,11402000;0,11436000;-0,59
2021-06-23T00:00:00+00:00;TRYB/USD;0,11481000;0,11560000;0,11460000;0,11503000;0,19
2021-06-22T00:00:00+00:00;TRYB/USD;0,11341000;0,11482000;0,11300000;0,11481000;1,22
2021-06-21T00:00:00+00:00;TRYB/USD;0,11370000;0,11439000;0,11288000;0,11341000;-0,26
2021-06-20T00:00:00+00:00;TRYB/USD;0,11400000;0,11440000;0,11320000;0,11370000;-0,26
2021-06-19T00:00:00+00:00;TRYB/USD;0,11439000;0,11440000;0,11400000;0,11400000;-0,34
2021-06-18T00:00:00+00:00;TRYB/USD;0,11473000;0,11541000;0,11395000;0,11439000;-0,3
2021-06-17T00:00:00+00:00;TRYB/USD;0,11591000;0,11608000;0,11452000;0,11464000;-1,11
2021-06-16T00:00:00+00:00;TRYB/USD;0,11679000;0,11759000;0,11563000;0,11591000;-0,76
2021-06-15T00:00:00+00:00;TRYB/USD;0,11811000;0,11829000;0,11635000;0,11679000;-1,13
2021-06-14T00:00:00+00:00;TRYB/USD;0,11885000;0,11980000;0,11760000;0,11809000;-0,64
2021-06-13T00:00:00+00:00;TRYB/USD;0,11849000;0,11920000;0,11800000;0,11885000;0,3
2021-06-12T00:00:00+00:00;TRYB/USD;0,11852000;0,11878000;0,11760000;0,11849000;-0,03
2021-06-11T00:00:00+00:00;TRYB/USD;0,11800000;0,11978000;0,11759000;0,11852000;0,44
2021-06-10T00:00:00+00:00;TRYB/USD;0,11588000;0,11828000;0,11564000;0,11800000;1,8
2021-06-09T00:00:00+00:00;TRYB/USD;0,11557000;0,11630000;0,11510000;0,11588000;0,27
2021-06-08T00:00:00+00:00;TRYB/USD;0,11550000;0,11610000;0,11496000;0,11557000;0,06
2021-06-07T00:00:00+00:00;TRYB/USD;0,11494000;0,11590000;0,11436000;0,11550000;0,48
2021-06-06T00:00:00+00:00;TRYB/USD;0,11506000;0,11532000;0,11430000;0,11494000;-0,1
2021-06-05T00:00:00+00:00;TRYB/USD;0,11486000;0,11541000;0,11430000;0,11506000;0,17
2021-06-04T00:00:00+00:00;TRYB/USD;0,11418000;0,11510000;0,11371000;0,11486000;0,59
2021-06-03T00:00:00+00:00;TRYB/USD;0,11568000;0,11592000;0,11371000;0,11418000;-1,31
2021-06-02T00:00:00+00:00;TRYB/USD;0,11534000;0,11660000;0,11460000;0,11568000;0,29
2021-06-01T00:00:00+00:00;TRYB/USD;0,11704000;0,11738000;0,11279000;0,11534000;-1,47
2021-05-31T00:00:00+00:00;TRYB/USD;0,11579000;0,11739000;0,11557000;0,11704000;1,07
2021-05-30T00:00:00+00:00;TRYB/USD;0,11547000;0,11580000;0,11510000;0,11579000;0,28
2021-05-29T00:00:00+00:00;TRYB/USD;0,11596000;0,11631000;0,11512000;0,11547000;-0,42
2021-05-28T00:00:00+00:00;TRYB/USD;0,11682000;0,11697000;0,11535000;0,11596000;-0,74
2021-05-27T00:00:00+00:00;TRYB/USD;0,11737000;0,11815000;0,11614000;0,11682000;-0,47
2021-05-26T00:00:00+00:00;TRYB/USD;0,11745000;0,11833000;0,11580000;0,11737000;-0,07
2021-05-25T00:00:00+00:00;TRYB/USD;0,11823000;0,11877000;0,11699000;0,11745000;-0,66
2021-05-24T00:00:00+00:00;TRYB/USD;0,11742000;0,11868000;0,11665000;0,11823000;0,69
2021-05-23T00:00:00+00:00;TRYB/USD;0,11742000;0,11871000;0,11595000;0,11742000;0,0
2021-05-22T00:00:00+00:00;TRYB/USD;0,11798000;0,11882000;0,11613000;0,11742000;-0,48
2021-05-21T00:00:00+00:00;TRYB/USD;0,11870000;0,11933000;0,11670000;0,11798000;-0,61
2021-05-20T00:00:00+00:00;TRYB/USD;0,11830000;0,11913000;0,11607000;0,11870000;0,34
2021-05-19T00:00:00+00:00;TRYB/USD;0,11912000;0,12000000;0,11518000;0,11830000;-0,69
2021-05-18T00:00:00+00:00;TRYB/USD;0,11986000;0,12019000;0,11817000;0,11912000;-0,62
2021-05-17T00:00:00+00:00;TRYB/USD;0,11867000;0,12015000;0,11704000;0,11986000;0,99
2021-05-16T00:00:00+00:00;TRYB/USD;0,11793000;0,11872000;0,11646000;0,11867000;0,62
2021-05-15T00:00:00+00:00;TRYB/USD;0,11790000;0,11870000;0,11666000;0,11793000;0,03
2021-05-14T00:00:00+00:00;TRYB/USD;0,11539000;0,11810000;0,11421000;0,11790000;2,13
2021-05-13T00:00:00+00:00;TRYB/USD;0,11761000;0,11776000;0,11424000;0,11539000;-1,92
2021-05-12T00:00:00+00:00;TRYB/USD;0,11906000;0,11920000;0,11669000;0,11761000;-1,23
2021-05-11T00:00:00+00:00;TRYB/USD;0,11910000;0,11962000;0,11783000;0,11906000;-0,03
2021-05-10T00:00:00+00:00;TRYB/USD;0,11963000;0,12028000;0,11870000;0,11910000;-0,45
2021-05-09T00:00:00+00:00;TRYB/USD;0,12108000;0,12140000;0,11895000;0,11963000;-1,21
2021-05-08T00:00:00+00:00;TRYB/USD;0,12057000;0,12170000;0,11950000;0,12108000;0,42
2021-05-07T00:00:00+00:00;TRYB/USD;0,12040000;0,12111000;0,12000000;0,12057000;0,14
2021-05-06T00:00:00+00:00;TRYB/USD;0,11963000;0,12067000;0,11899000;0,12040000;0,64
2021-05-05T00:00:00+00:00;TRYB/USD;0,11932000;0,11982000;0,11814000;0,11963000;0,26
2021-05-04T00:00:00+00:00;TRYB/USD;0,12061000;0,12088000;0,11868000;0,11932000;-1,08
2021-05-03T00:00:00+00:00;TRYB/USD;0,12123000;0,12142000;0,11998000;0,12061000;-0,51
2021-05-02T00:00:00+00:00;TRYB/USD;0,12041000;0,12160000;0,11997000;0,12123000;0,68
2021-05-01T00:00:00+00:00;TRYB/USD;0,12070000;0,12189000;0,12010000;0,12041000;-0,24
2021-04-30T00:00:00+00:00;TRYB/USD;0,12182000;0,12194000;0,12061000;0,12070000;-0,93
2021-04-29T00:00:00+00:00;TRYB/USD;0,12262000;0,12353000;0,12160000;0,12182000;-0,66
2021-04-28T00:00:00+00:00;TRYB/USD;0,12287000;0,12379000;0,12228000;0,12262000;-0,2
2021-04-27T00:00:00+00:00;TRYB/USD;0,12253000;0,12366000;0,12236000;0,12287000;0,28
2021-04-26T00:00:00+00:00;TRYB/USD;0,11960000;0,12290000;0,11880000;0,12253000;2,39
2021-04-25T00:00:00+00:00;TRYB/USD;0,11957000;0,12060000;0,11860000;0,11960000;0,03
2021-04-24T00:00:00+00:00;TRYB/USD;0,11952000;0,11990000;0,11889000;0,11957000;0,04
2021-04-23T00:00:00+00:00;TRYB/USD;0,11996000;0,12080000;0,11902000;0,11952000;-0,37
2021-04-22T00:00:00+00:00;TRYB/USD;0,12165000;0,12192000;0,11917000;0,11996000;-1,41
2021-04-21T00:00:00+00:00;TRYB/USD;0,12290000;0,12291000;0,12101000;0,12165000;-1,03
2021-04-20T00:00:00+00:00;TRYB/USD;0,12129000;0,12314000;0,11996000;0,12290000;1,31
2021-04-19T00:00:00+00:00;TRYB/USD;0,12077000;0,12179000;0,11992000;0,12129000;0,43
2021-04-18T00:00:00+00:00;TRYB/USD;0,12286000;0,12380000;0,11890000;0,12077000;-1,73
2021-04-17T00:00:00+00:00;TRYB/USD;0,12347000;0,12423000;0,12254000;0,12286000;-0,5
2021-04-16T00:00:00+00:00;TRYB/USD;0,12407000;0,12449000;0,12242000;0,12347000;-0,49
2021-04-15T00:00:00+00:00;TRYB/USD;0,12290000;0,12421000;0,12192000;0,12407000;0,94
2021-04-14T00:00:00+00:00;TRYB/USD;0,12346000;0,12409000;0,12213000;0,12290000;-0,46
2021-04-13T00:00:00+00:00;TRYB/USD;0,12177000;0,12383000;0,12144000;0,12346000;1,37
2021-04-12T00:00:00+00:00;TRYB/USD;0,12061000;0,12224000;0,12000000;0,12177000;0,95
2021-04-11T00:00:00+00:00;TRYB/USD;0,12100000;0,12146000;0,11953000;0,12061000;-0,32
2021-04-10T00:00:00+00:00;TRYB/USD;0,12074000;0,12128000;0,12010000;0,12100000;0,21
2021-04-09T00:00:00+00:00;TRYB/USD;0,12083000;0,12132000;0,12000000;0,12074000;-0,07
2021-04-08T00:00:00+00:00;TRYB/USD;0,11960000;0,12103000;0,11900000;0,12083000;1,02
2021-04-07T00:00:00+00:00;TRYB/USD;0,12017000;0,12030000;0,11812000;0,11960000;-0,48
2021-04-06T00:00:00+00:00;TRYB/USD;0,12165000;0,12165000;0,11881000;0,12017000;-1,23
2021-04-05T00:00:00+00:00;TRYB/USD;0,12094000;0,12203000;0,12024000;0,12165000;0,58
2021-04-04T00:00:00+00:00;TRYB/USD;0,12068000;0,12126000;0,11990000;0,12094000;0,21
2021-04-03T00:00:00+00:00;TRYB/USD;0,12092000;0,12183000;0,12068000;0,12068000;-0,2
2021-04-02T00:00:00+00:00;TRYB/USD;0,12170000;0,12392000;0,12060000;0,12092000;-0,65
2021-04-01T00:00:00+00:00;TRYB/USD;0,12091000;0,12260000;0,12021000;0,12170000;0,65
2021-03-31T00:00:00+00:00;TRYB/USD;0,12109000;0,12160000;0,11965000;0,12091000;-0,15
2021-03-30T00:00:00+00:00;TRYB/USD;0,12171000;0,12500000;0,12000000;0,12109000;-0,51
2021-03-29T00:00:00+00:00;TRYB/USD;0,12430000;0,12700000;0,11800000;0,12171000;-2,13
2021-03-28T00:00:00+00:00;TRYB/USD;0,12351000;0,12460000;0,12292000;0,12430000;0,64
2021-03-27T00:00:00+00:00;TRYB/USD;0,12230000;0,12500000;0,11800000;0,12351000;0,98
2021-03-26T00:00:00+00:00;TRYB/USD;0,12253000;0,12500000;0,11800000;0,12230000;-0,19
2021-03-25T00:00:00+00:00;TRYB/USD;0,12441000;0,12599000;0,11220000;0,12253000;-1,53
2021-03-24T00:00:00+00:00;TRYB/USD;0,12340000;0,12698000;0,11761000;0,12441000;0,81
2021-03-23T00:00:00+00:00;TRYB/USD;0,12531000;0,12738000;0,12260000;0,12340000;-1,55
2021-03-22T00:00:00+00:00;TRYB/USD;0,13100000;0,14800000;0,12350000;0,12531000;-4,54
2021-03-21T00:00:00+00:00;TRYB/USD;0,13592000;0,15238000;0,11113000;0,13100000;-3,76
2021-03-20T00:00:00+00:00;TRYB/USD;0,13762000;0,13780000;0,13490000;0,13592000;-1,25
2021-03-19T00:00:00+00:00;TRYB/USD;0,13571000;0,13830000;0,13500000;0,13762000;1,39
2021-03-18T00:00:00+00:00;TRYB/USD;0,13265000;0,13729000;0,13180000;0,13571000;2,25
2021-03-17T00:00:00+00:00;TRYB/USD;0,13222000;0,13270000;0,13010000;0,13265000;0,32
2021-03-16T00:00:00+00:00;TRYB/USD;0,13118000;0,13236000;0,13038000;0,13222000;0,79
2021-03-15T00:00:00+00:00;TRYB/USD;0,13249000;0,13291000;0,12991000;0,13118000;-1,0
2021-03-14T00:00:00+00:00;TRYB/USD;0,13240000;0,13309000;0,13184000;0,13249000;0,07
2021-03-13T00:00:00+00:00;TRYB/USD;0,13209000;0,13298000;0,13089000;0,13240000;0,23
2021-03-12T00:00:00+00:00;TRYB/USD;0,13386000;0,13417000;0,13070000;0,13209000;-1,34
2021-03-11T00:00:00+00:00;TRYB/USD;0,13350000;0,13417000;0,13208000;0,13386000;0,27
2021-03-10T00:00:00+00:00;TRYB/USD;0,13271000;0,13367000;0,13130000;0,13350000;0,59
2021-03-09T00:00:00+00:00;TRYB/USD;0,12994000;0,13323000;0,12932000;0,13271000;2,09
2021-03-08T00:00:00+00:00;TRYB/USD;0,13380000;0,13426000;0,12941000;0,12994000;-2,97
2021-03-07T00:00:00+00:00;TRYB/USD;0,13210000;0,13380000;0,13167000;0,13380000;1,27
2021-03-06T00:00:00+00:00;TRYB/USD;0,13208000;0,13246000;0,13163000;0,13210000;0,02
2021-03-05T00:00:00+00:00;TRYB/USD;0,13283000;0,13310000;0,13081000;0,13208000;-0,57
2021-03-04T00:00:00+00:00;TRYB/USD;0,13500000;0,13570000;0,13207000;0,13283000;-1,63
2021-03-03T00:00:00+00:00;TRYB/USD;0,13588000;0,13729000;0,13420000;0,13500000;-0,65
2021-03-02T00:00:00+00:00;TRYB/USD;0,13599000;0,13684000;0,13470000;0,13588000;-0,08
2021-03-01T00:00:00+00:00;TRYB/USD;0,13249000;0,13640000;0,13249000;0,13599000;2,57
2021-02-28T00:00:00+00:00;TRYB/USD;0,13364000;0,13390000;0,13113000;0,13249000;-0,87
2021-02-27T00:00:00+00:00;TRYB/USD;0,13353000;0,13406000;0,13270000;0,13364000;0,08
2021-02-26T00:00:00+00:00;TRYB/USD;0,13530000;0,13540000;0,13119000;0,13353000;-1,33
2021-02-25T00:00:00+00:00;TRYB/USD;0,13735000;0,13820000;0,13393000;0,13530000;-1,52
2021-02-24T00:00:00+00:00;TRYB/USD;0,13779000;0,13860000;0,13444000;0,13735000;-0,32
2021-02-23T00:00:00+00:00;TRYB/USD;0,13973000;0,13996000;0,13588000;0,13779000;-1,41
2021-02-22T00:00:00+00:00;TRYB/USD;0,14159000;0,14180000;0,13735000;0,13973000;-1,33
2021-02-21T00:00:00+00:00;TRYB/USD;0,14216000;0,14246000;0,14100000;0,14159000;-0,4
2021-02-20T00:00:00+00:00;TRYB/USD;0,14259000;0,14306000;0,14192000;0,14216000;-0,3
2021-02-19T00:00:00+00:00;TRYB/USD;0,14252000;0,14318000;0,14181000;0,14259000;0,05
2021-02-18T00:00:00+00:00;TRYB/USD;0,14227000;0,14323000;0,14057000;0,14252000;0,18
2021-02-17T00:00:00+00:00;TRYB/USD;0,14103000;0,14240000;0,14002000;0,14227000;0,87
2021-02-16T00:00:00+00:00;TRYB/USD;0,14108000;0,14266000;0,13996000;0,14103000;-0,04
2021-02-15T00:00:00+00:00;TRYB/USD;0,14066000;0,14110000;0,13867000;0,14108000;0,3
2021-02-14T00:00:00+00:00;TRYB/USD;0,14070000;0,14122000;0,13960000;0,14066000;-0,03
2021-02-13T00:00:00+00:00;TRYB/USD;0,14124000;0,14170000;0,14040000;0,14070000;-0,38
2021-02-12T00:00:00+00:00;TRYB/USD;0,14098000;0,14170000;0,14030000;0,14124000;0,18
2021-02-11T00:00:00+00:00;TRYB/USD;0,14086000;0,14261000;0,14020000;0,14098000;0,09
2021-02-10T00:00:00+00:00;TRYB/USD;0,14123000;0,14247000;0,13909000;0,14086000;-0,26
2021-02-09T00:00:00+00:00;TRYB/USD;0,14107000;0,14238000;0,14040000;0,14123000;0,11
2021-02-08T00:00:00+00:00;TRYB/USD;0,14089000;0,14228000;0,13931000;0,14107000;0,13
2021-02-07T00:00:00+00:00;TRYB/USD;0,14091000;0,14160000;0,14029000;0,14089000;-0,01
2021-02-06T00:00:00+00:00;TRYB/USD;0,14143000;0,14251000;0,13977000;0,14091000;-0,37
2021-02-05T00:00:00+00:00;TRYB/USD;0,14055000;0,14344000;0,14050000;0,14143000;0,62
2021-02-04T00:00:00+00:00;TRYB/USD;0,14054000;0,14265000;0,13990000;0,14055000;0,01
2021-02-03T00:00:00+00:00;TRYB/USD;0,13959000;0,14231000;0,13760000;0,14054000;0,68
2021-02-02T00:00:00+00:00;TRYB/USD;0,13902000;0,14114000;0,13820000;0,13959000;0,41
2021-02-01T00:00:00+00:00;TRYB/USD;0,13770000;0,14051000;0,13688000;0,13902000;0,95
2021-01-31T00:00:00+00:00;TRYB/USD;0,13800000;0,13987000;0,13650000;0,13770000;-0,22
2021-01-30T00:00:00+00:00;TRYB/USD;0,13730000;0,13880000;0,13670000;0,13800000;0,51
2021-01-29T00:00:00+00:00;TRYB/USD;0,13625000;0,13992000;0,13554000;0,13730000;0,76
2021-01-28T00:00:00+00:00;TRYB/USD;0,13448000;0,13735000;0,13416000;0,13625000;1,3
2021-01-27T00:00:00+00:00;TRYB/USD;0,13527000;0,13546000;0,13332000;0,13448000;-0,59
2021-01-26T00:00:00+00:00;TRYB/USD;0,13504000;0,13587000;0,13360000;0,13527000;0,17
2021-01-25T00:00:00+00:00;TRYB/USD;0,13457000;0,13832000;0,13444000;0,13504000;0,35
2021-01-24T00:00:00+00:00;TRYB/USD;0,13403000;0,13648000;0,13371000;0,13457000;0,4
2021-01-23T00:00:00+00:00;TRYB/USD;0,13370000;0,13428000;0,13332000;0,13403000;0,25
2021-01-22T00:00:00+00:00;TRYB/USD;0,13370000;0,13400000;0,13270000;0,13370000;0,0
2021-01-21T00:00:00+00:00;TRYB/USD;0,13276000;0,13404000;0,13240000;0,13370000;0,7
2021-01-20T00:00:00+00:00;TRYB/USD;0,13272000;0,13345000;0,13200000;0,13276000;0,03
2021-01-19T00:00:00+00:00;TRYB/USD;0,13225000;0,13355000;0,13177000;0,13272000;0,35
2021-01-18T00:00:00+00:00;TRYB/USD;0,13244000;0,13302000;0,13125000;0,13225000;-0,14
2021-01-17T00:00:00+00:00;TRYB/USD;0,13353000;0,13410000;0,13152000;0,13244000;-0,82
2021-01-16T00:00:00+00:00;TRYB/USD;0,13240000;0,13521000;0,13108000;0,13353000;0,85
2021-01-15T00:00:00+00:00;TRYB/USD;0,13441000;0,13490000;0,13057000;0,13240000;-1,52
2021-01-14T00:00:00+00:00;TRYB/USD;0,13363000;0,13526000;0,13200000;0,13441000;0,58
2021-01-13T00:00:00+00:00;TRYB/USD;0,13168000;0,13411000;0,13000000;0,13363000;1,46
2021-01-12T00:00:00+00:00;TRYB/USD;0,13063000;0,13366000;0,12940000;0,13168000;0,8
2021-01-11T00:00:00+00:00;TRYB/USD;0,13346000;0,13360000;0,12302000;0,13063000;-2,17
2021-01-10T00:00:00+00:00;TRYB/USD;0,13326000;0,13600000;0,13115000;0,13346000;0,15
2021-01-09T00:00:00+00:00;TRYB/USD;0,13426000;0,13427000;0,13137000;0,13326000;-0,75
2021-01-08T00:00:00+00:00;TRYB/USD;0,13530000;0,13569000;0,13059000;0,13426000;-0,77
2021-01-07T00:00:00+00:00;TRYB/USD;0,13626000;0,13799000;0,13069000;0,13530000;-0,71
2021-01-06T00:00:00+00:00;TRYB/USD;0,13448000;0,13772000;0,13140000;0,13626000;1,31
2021-01-05T00:00:00+00:00;TRYB/USD;0,13369000;0,13790000;0,13000000;0,13448000;0,59
2021-01-04T00:00:00+00:00;TRYB/USD;0,13401000;0,14000000;0,13000000;0,13369000;-0,24
2021-01-03T00:00:00+00:00;TRYB/USD;0,13373000;0,13810000;0,13049000;0,13401000;0,21
2021-01-02T00:00:00+00:00;TRYB/USD;0,13357000;0,13534000;0,13164000;0,13373000;0,12
2021-01-01T00:00:00+00:00;TRYB/USD;0,13346000;0,13508000;0,13149000;0,13357000;0,08
2020-12-31T00:00:00+00:00;TRYB/USD;0,13448000;0,13521000;0,13185000;0,13346000;-0,76
2020-12-30T00:00:00+00:00;TRYB/USD;0,13419000;0,13932000;0,12964000;0,13448000;0,22
2020-12-29T00:00:00+00:00;TRYB/USD;0,13340000;0,13510000;0,13221000;0,13419000;0,59
2020-12-28T00:00:00+00:00;TRYB/USD;0,13112000;0,13479000;0,12890000;0,13340000;1,71
2020-12-27T00:00:00+00:00;TRYB/USD;0,13156000;0,13241000;0,12846000;0,13112000;-0,34
2020-12-26T00:00:00+00:00;TRYB/USD;0,13153000;0,13259000;0,13015000;0,13156000;0,02
2020-12-25T00:00:00+00:00;TRYB/USD;0,13090000;0,14265000;0,12348000;0,13153000;0,48
2020-12-24T00:00:00+00:00;TRYB/USD;0,12996000;0,13216000;0,12672000;0,13090000;0,72
2020-12-23T00:00:00+00:00;TRYB/USD;0,12963000;0,13202000;0,12672000;0,12996000;0,25
2020-12-22T00:00:00+00:00;TRYB/USD;0,12988000;0,13096000;0,12758000;0,12963000;-0,19
2020-12-21T00:00:00+00:00;TRYB/USD;0,12979000;0,13243000;0,12487000;0,12988000;0,07
2020-12-20T00:00:00+00:00;TRYB/USD;0,13129000;0,13286000;0,12890000;0,12979000;-1,16
2020-12-19T00:00:00+00:00;TRYB/USD;0,13117000;0,13205000;0,12988000;0,13129000;0,09
2020-12-18T00:00:00+00:00;TRYB/USD;0,13022000;0,13243000;0,12782000;0,13117000;0,72
2020-12-17T00:00:00+00:00;TRYB/USD;0,12813000;0,13167000;0,12665000;0,13022000;1,6
2020-12-16T00:00:00+00:00;TRYB/USD;0,12659000;0,12849000;0,12572000;0,12813000;1,2
2020-12-15T00:00:00+00:00;TRYB/USD;0,12628000;0,12682000;0,12545000;0,12659000;0,24
2020-12-14T00:00:00+00:00;TRYB/USD;0,12669000;0,12683000;0,12524000;0,12628000;-0,32
2020-12-13T00:00:00+00:00;TRYB/USD;0,12645000;0,12787000;0,12645000;0,12669000;0,19
2020-12-12T00:00:00+00:00;TRYB/USD;0,12642000;0,12710000;0,12574000;0,12645000;0,02
2020-12-11T00:00:00+00:00;TRYB/USD;0,12578000;0,12735000;0,11897000;0,12642000;0,51
2020-12-10T00:00:00+00:00;TRYB/USD;0,12682000;0,12682000;0,12438000;0,12578000;-0,83
2020-12-09T00:00:00+00:00;TRYB/USD;0,12686000;0,12729000;0,12554000;0,12682000;-0,03
2020-12-08T00:00:00+00:00;TRYB/USD;0,12731000;0,12744000;0,12604000;0,12686000;-0,35
2020-12-07T00:00:00+00:00;TRYB/USD;0,12716000;0,12754000;0,12591000;0,12731000;0,12
2020-12-06T00:00:00+00:00;TRYB/USD;0,12721000;0,12723000;0,12715000;0,12716000;-0,04
2020-12-05T00:00:00+00:00;TRYB/USD;0,12802000;0,12842000;0,12708000;0,12721000;-0,64
2020-12-04T00:00:00+00:00;TRYB/USD;0,12827000;0,12967000;0,12601000;0,12802000;-0,2
2020-12-03T00:00:00+00:00;TRYB/USD;0,12718000;0,12895000;0,12452000;0,12827000;0,85
2020-12-02T00:00:00+00:00;TRYB/USD;0,12829000;0,12939000;0,12558000;0,12718000;-0,87
2020-12-01T00:00:00+00:00;TRYB/USD;0,12741000;0,12922000;0,12546000;0,12829000;0,69
2020-11-30T00:00:00+00:00;TRYB/USD;0,12674000;0,13104000;0,12156000;0,12741000;0,53
2020-11-29T00:00:00+00:00;TRYB/USD;0,12688000;0,12850000;0,12524000;0,12674000;-0,11
2020-11-28T00:00:00+00:00;TRYB/USD;0,12567000;0,12979000;0,12369000;0,12688000;0,95
2020-11-27T00:00:00+00:00;TRYB/USD;0,12451000;0,12901000;0,12332000;0,12567000;0,92
2020-11-26T00:00:00+00:00;TRYB/USD;0,12610000;0,12786000;0,12262000;0,12451000;-1,28
2020-11-25T00:00:00+00:00;TRYB/USD;0,12497000;0,12702000;0,12375000;0,12610000;0,9
2020-11-24T00:00:00+00:00;TRYB/USD;0,12649000;0,12731000;0,12327000;0,12497000;-1,22
2020-11-23T00:00:00+00:00;TRYB/USD;0,13048000;0,13505000;0,12538000;0,12649000;-3,15
2020-11-22T00:00:00+00:00;TRYB/USD;0,13089000;0,13160000;0,12989000;0,13048000;-0,31
2020-11-21T00:00:00+00:00;TRYB/USD;0,13111000;0,13176000;0,13031000;0,13089000;-0,17
2020-11-20T00:00:00+00:00;TRYB/USD;0,13321000;0,13402000;0,13005000;0,13111000;-1,6
2020-11-19T00:00:00+00:00;TRYB/USD;0,13051000;0,13446000;0,12921000;0,13321000;2,03
2020-11-18T00:00:00+00:00;TRYB/USD;0,13005000;0,13166000;0,12783000;0,13051000;0,35
2020-11-17T00:00:00+00:00;TRYB/USD;0,12961000;0,13036000;0,12769000;0,13005000;0,34
2020-11-16T00:00:00+00:00;TRYB/USD;0,13023000;0,13290000;0,12784000;0,12961000;-0,48
2020-11-15T00:00:00+00:00;TRYB/USD;0,13090000;0,13124000;0,12802000;0,13023000;-0,51
2020-11-14T00:00:00+00:00;TRYB/USD;0,13091000;0,13130000;0,12945000;0,13090000;-0,01
2020-11-13T00:00:00+00:00;TRYB/USD;0,13033000;0,13193000;0,12930000;0,13091000;0,44
2020-11-12T00:00:00+00:00;TRYB/USD;0,12835000;0,13085000;0,12622000;0,13033000;1,52
2020-11-11T00:00:00+00:00;TRYB/USD;0,12234000;0,13526000;0,12174000;0,12835000;4,68
2020-11-10T00:00:00+00:00;TRYB/USD;0,12358000;0,12540000;0,11856000;0,12234000;-1,01
2020-11-09T00:00:00+00:00;TRYB/USD;0,11860000;0,12596000;0,11808000;0,12358000;4,03
2020-11-08T00:00:00+00:00;TRYB/USD;0,11759000;0,12029000;0,11601000;0,11860000;0,85
2020-11-07T00:00:00+00:00;TRYB/USD;0,11764000;0,11932000;0,11478000;0,11759000;-0,04
2020-11-06T00:00:00+00:00;TRYB/USD;0,11751000;0,12146000;0,11536000;0,11764000;0,11
2020-11-05T00:00:00+00:00;TRYB/USD;0,11718000;0,11862000;0,11673000;0,11751000;0,28
2020-11-04T00:00:00+00:00;TRYB/USD;0,11719000;0,11913000;0,11111000;0,11718000;-0,01
2020-11-03T00:00:00+00:00;TRYB/USD;0,11747000;0,11855000;0,11589000;0,11719000;-0,24
2020-11-02T00:00:00+00:00;TRYB/USD;0,11920000;0,12014000;0,11558000;0,11747000;-1,47
2020-11-01T00:00:00+00:00;TRYB/USD;0,11957000;0,11987000;0,11903000;0,11920000;-0,31
2020-10-31T00:00:00+00:00;TRYB/USD;0,11957000;0,12025000;0,11946000;0,11957000;0,0
2020-10-30T00:00:00+00:00;TRYB/USD;0,12036000;0,12195000;0,11830000;0,11957000;-0,66
2020-10-29T00:00:00+00:00;TRYB/USD;0,12085000;0,12112000;0,11940000;0,12036000;-0,41
2020-10-28T00:00:00+00:00;TRYB/USD;0,12217000;0,12372000;0,11997000;0,12085000;-1,09
2020-10-27T00:00:00+00:00;TRYB/USD;0,12369000;0,12482000;0,12160000;0,12217000;-1,24
2020-10-26T00:00:00+00:00;TRYB/USD;0,12553000;0,12880000;0,12362000;0,12369000;-1,49
2020-10-25T00:00:00+00:00;TRYB/USD;0,12572000;0,12817000;0,12552000;0,12553000;-0,15
2020-10-24T00:00:00+00:00;TRYB/USD;0,12574000;0,12611000;0,12571000;0,12572000;-0,02
2020-10-23T00:00:00+00:00;TRYB/USD;0,12548000;0,12810000;0,12485000;0,12574000;0,21
2020-10-22T00:00:00+00:00;TRYB/USD;0,12771000;0,12978000;0,12485000;0,12548000;-1,78
2020-10-21T00:00:00+00:00;TRYB/USD;0,12686000;0,12814000;0,12597000;0,12771000;0,67
2020-10-20T00:00:00+00:00;TRYB/USD;0,12659000;0,12729000;0,12551000;0,12686000;0,21
2020-10-19T00:00:00+00:00;TRYB/USD;0,12611000;0,12676000;0,12525000;0,12659000;0,38
2020-10-18T00:00:00+00:00;TRYB/USD;0,12609000;0,12627000;0,12527000;0,12611000;0,02
2020-10-17T00:00:00+00:00;TRYB/USD;0,12623000;0,12946000;0,12523000;0,12609000;-0,11
2020-10-16T00:00:00+00:00;TRYB/USD;0,12591000;0,12748000;0,12529000;0,12623000;0,25
2020-10-15T00:00:00+00:00;TRYB/USD;0,12638000;0,13050000;0,12510000;0,12591000;-0,37
2020-10-14T00:00:00+00:00;TRYB/USD;0,12630000;0,13093000;0,12530000;0,12638000;0,06
2020-10-13T00:00:00+00:00;TRYB/USD;0,12689000;0,12706000;0,12556000;0,12630000;-0,47
2020-10-12T00:00:00+00:00;TRYB/USD;0,12714000;0,12883000;0,12621000;0,12689000;-0,2
2020-10-11T00:00:00+00:00;TRYB/USD;0,12719000;0,13378000;0,12665000;0,12714000;-0,04
2020-10-10T00:00:00+00:00;TRYB/USD;0,12719000;0,12790000;0,12717000;0,12719000;0,0
2020-10-09T00:00:00+00:00;TRYB/USD;0,12601000;0,12767000;0,12579000;0,12719000;0,93
2020-10-08T00:00:00+00:00;TRYB/USD;0,12620000;0,12672000;0,12470000;0,12601000;-0,15
2020-10-07T00:00:00+00:00;TRYB/USD;0,12761000;0,12780000;0,12557000;0,12620000;-1,12
2020-10-06T00:00:00+00:00;TRYB/USD;0,12819000;0,13006000;0,12690000;0,12761000;-0,45
2020-10-05T00:00:00+00:00;TRYB/USD;0,12816000;0,12878000;0,12778000;0,12819000;0,02
2020-10-04T00:00:00+00:00;TRYB/USD;0,12805000;0,13074000;0,12738000;0,12816000;0,09
2020-10-03T00:00:00+00:00;TRYB/USD;0,12806000;0,13156000;0,12700000;0,12805000;-0,01
2020-10-02T00:00:00+00:00;TRYB/USD;0,12830000;0,12919000;0,12746000;0,12806000;-0,19
2020-10-01T00:00:00+00:00;TRYB/USD;0,12892000;0,13125000;0,12750000;0,12830000;-0,48
2020-09-30T00:00:00+00:00;TRYB/USD;0,12719000;0,12994000;0,12700000;0,12892000;1,34
2020-09-29T00:00:00+00:00;TRYB/USD;0,12751000;0,12858000;0,12635000;0,12719000;-0,25
2020-09-28T00:00:00+00:00;TRYB/USD;0,12961000;0,13043000;0,12666000;0,12751000;-1,65
2020-09-27T00:00:00+00:00;TRYB/USD;0,12975000;0,13155000;0,12714000;0,12961000;-0,11
2020-09-26T00:00:00+00:00;TRYB/USD;0,12972000;0,13277000;0,12922000;0,12975000;0,02
2020-09-25T00:00:00+00:00;TRYB/USD;0,13002000;0,17470000;0,09480000;0,12972000;-0,23
2020-09-24T00:00:00+00:00;TRYB/USD;0,12849000;0,13284000;0,12763000;0,13002000;1,18
2020-09-23T00:00:00+00:00;TRYB/USD;0,12906000;0,13199000;0,12622000;0,12849000;-0,44
2020-09-22T00:00:00+00:00;TRYB/USD;0,12979000;0,13122000;0,12830000;0,12906000;-0,57
2020-09-21T00:00:00+00:00;TRYB/USD;0,13111000;0,13154000;0,12927000;0,12979000;-1,02
2020-09-20T00:00:00+00:00;TRYB/USD;0,13129000;0,13254000;0,13029000;0,13111000;-0,14
2020-09-19T00:00:00+00:00;TRYB/USD;0,13130000;0,13435000;0,13053000;0,13129000;-0,01
2020-09-18T00:00:00+00:00;TRYB/USD;0,13014000;0,13290000;0,13013000;0,13130000;0,88
2020-09-17T00:00:00+00:00;TRYB/USD;0,13144000;0,13384000;0,12919000;0,13014000;-1,0
2020-09-16T00:00:00+00:00;TRYB/USD;0,13108000;0,13418000;0,12905000;0,13144000;0,27
2020-09-15T00:00:00+00:00;TRYB/USD;0,13155000;0,13205000;0,13094000;0,13108000;-0,36
2020-09-14T00:00:00+00:00;TRYB/USD;0,13168000;0,13230000;0,13077000;0,13155000;-0,1
2020-09-13T00:00:00+00:00;TRYB/USD;0,13157000;0,13295000;0,13068000;0,13168000;0,08
2020-09-12T00:00:00+00:00;TRYB/USD;0,13147000;0,13244000;0,13116000;0,13157000;0,08
2020-09-11T00:00:00+00:00;TRYB/USD;0,13180000;0,13272000;0,13085000;0,13147000;-0,25
2020-09-10T00:00:00+00:00;TRYB/USD;0,13118000;0,13320000;0,13073000;0,13180000;0,47
2020-09-09T00:00:00+00:00;TRYB/USD;0,13092000;0,13190000;0,12993000;0,13118000;0,2
2020-09-08T00:00:00+00:00;TRYB/USD;0,13122000;0,13406000;0,12770000;0,13092000;-0,23
2020-09-07T00:00:00+00:00;TRYB/USD;0,13187000;0,13317000;0,13050000;0,13122000;-0,5
2020-09-06T00:00:00+00:00;TRYB/USD;0,13138000;0,13270000;0,13020000;0,13187000;0,37
2020-09-05T00:00:00+00:00;TRYB/USD;0,13152000;0,13271000;0,12998000;0,13138000;-0,11
2020-09-04T00:00:00+00:00;TRYB/USD;0,13294000;0,13355000;0,13048000;0,13152000;-1,08
2020-09-03T00:00:00+00:00;TRYB/USD;0,13422000;0,13552000;0,13219000;0,13294000;-0,96
2020-09-02T00:00:00+00:00;TRYB/USD;0,13472000;0,13491000;0,13280000;0,13422000;-0,37
2020-09-01T00:00:00+00:00;TRYB/USD;0,13463000;0,13533000;0,13398000;0,13472000;0,07
2020-08-31T00:00:00+00:00;TRYB/USD;0,13455000;0,13530000;0,13394000;0,13463000;0,06
2020-08-30T00:00:00+00:00;TRYB/USD;0,13438000;0,13569000;0,13438000;0,13455000;0,13
2020-08-29T00:00:00+00:00;TRYB/USD;0,13419000;0,13540000;0,13411000;0,13438000;0,14
2020-08-28T00:00:00+00:00;TRYB/USD;0,13365000;0,13525000;0,13210000;0,13419000;0,4
2020-08-27T00:00:00+00:00;TRYB/USD;0,13373000;0,13485000;0,13282000;0,13365000;-0,06
2020-08-26T00:00:00+00:00;TRYB/USD;0,13285000;0,13436000;0,13285000;0,13373000;0,66
2020-08-25T00:00:00+00:00;TRYB/USD;0,13330000;0,13379000;0,13268000;0,13285000;-0,34
2020-08-24T00:00:00+00:00;TRYB/USD;0,13485000;0,13617000;0,13313000;0,13330000;-1,16
2020-08-23T00:00:00+00:00;TRYB/USD;0,13574000;0,13597000;0,13411000;0,13485000;-0,66
2020-08-22T00:00:00+00:00;TRYB/USD;0,13582000;0,13587000;0,13477000;0,13574000;-0,06
2020-08-21T00:00:00+00:00;TRYB/USD;0,13602000;0,13837000;0,13450000;0,13582000;-0,15
2020-08-20T00:00:00+00:00;TRYB/USD;0,13595000;0,13940000;0,13486000;0,13602000;0,05
2020-08-19T00:00:00+00:00;TRYB/USD;0,13477000;0,13791000;0,13335000;0,13595000;0,87
2020-08-18T00:00:00+00:00;TRYB/USD;0,13517000;0,13588000;0,13338000;0,13477000;-0,3
2020-08-17T00:00:00+00:00;TRYB/USD;0,13549000;0,14084000;0,13417000;0,13517000;-0,24
2020-08-16T00:00:00+00:00;TRYB/USD;0,13541000;0,13742000;0,13537000;0,13549000;0,06
2020-08-15T00:00:00+00:00;TRYB/USD;0,13527000;0,14170000;0,13431000;0,13541000;0,1
2020-08-14T00:00:00+00:00;TRYB/USD;0,13586000;0,14170000;0,13413000;0,13527000;-0,44
2020-08-13T00:00:00+00:00;TRYB/USD;0,13607000;0,13670000;0,13540000;0,13586000;-0,15
2020-08-12T00:00:00+00:00;TRYB/USD;0,13788000;0,13833000;0,13500000;0,13607000;-1,33
2020-08-11T00:00:00+00:00;TRYB/USD;0,13591000;0,13852000;0,13581000;0,13788000;1,43
2020-08-10T00:00:00+00:00;TRYB/USD;0,13581000;0,13812000;0,13522000;0,13591000;0,07
2020-08-09T00:00:00+00:00;TRYB/USD;0,13746000;0,13894000;0,13482000;0,13581000;-1,21
2020-08-08T00:00:00+00:00;TRYB/USD;0,13743000;0,13755000;0,13665000;0,13746000;0,02
2020-08-07T00:00:00+00:00;TRYB/USD;0,13854000;0,14040000;0,13550000;0,13743000;-0,81
2020-08-06T00:00:00+00:00;TRYB/USD;0,14005000;0,14089000;0,13664000;0,13854000;-1,09
2020-08-05T00:00:00+00:00;TRYB/USD;0,14245000;0,14370000;0,13819000;0,14005000;-1,71
2020-08-04T00:00:00+00:00;TRYB/USD;0,14154000;0,14419000;0,14044000;0,14245000;0,64
2020-08-03T00:00:00+00:00;TRYB/USD;0,14106000;0,14282000;0,13911000;0,14154000;0,34
2020-08-02T00:00:00+00:00;TRYB/USD;0,14148000;0,14337000;0,13932000;0,14106000;-0,3
2020-08-01T00:00:00+00:00;TRYB/USD;0,14137000;0,14385000;0,13651000;0,14148000;0,08
2020-07-31T00:00:00+00:00;TRYB/USD;0,14126000;0,14216000;0,13989000;0,14137000;0,08
2020-07-30T00:00:00+00:00;TRYB/USD;0,14323000;0,14335000;0,14002000;0,14126000;-1,39
2020-07-29T00:00:00+00:00;TRYB/USD;0,14405000;0,14545000;0,14166000;0,14323000;-0,57
2020-07-28T00:00:00+00:00;TRYB/USD;0,14509000;0,14535000;0,14311000;0,14405000;-0,72
2020-07-27T00:00:00+00:00;TRYB/USD;0,14611000;0,14649000;0,14348000;0,14509000;-0,7
2020-07-26T00:00:00+00:00;TRYB/USD;0,14615000;0,14638000;0,14554000;0,14611000;-0,03
2020-07-25T00:00:00+00:00;TRYB/USD;0,14615000;0,14639000;0,14612000;0,14615000;0,0
2020-07-24T00:00:00+00:00;TRYB/USD;0,14610000;0,14914000;0,14516000;0,14615000;0,03
2020-07-23T00:00:00+00:00;TRYB/USD;0,14436000;0,14675000;0,14299000;0,14610000;1,19
2020-07-22T00:00:00+00:00;TRYB/USD;0,14451000;0,14634000;0,14144000;0,14436000;-0,1
2020-07-21T00:00:00+00:00;TRYB/USD;0,14422000;0,14626000;0,14273000;0,14451000;0,2
2020-07-20T00:00:00+00:00;TRYB/USD;0,14426000;0,14504000;0,14386000;0,14422000;-0,03
2020-07-19T00:00:00+00:00;TRYB/USD;0,14403000;0,14501000;0,14392000;0,14426000;0,16
2020-07-18T00:00:00+00:00;TRYB/USD;0,14404000;0,14490000;0,14272000;0,14403000;-0,01
2020-07-17T00:00:00+00:00;TRYB/USD;0,14418000;0,14482000;0,14139000;0,14404000;-0,1
2020-07-16T00:00:00+00:00;TRYB/USD;0,14485000;0,14526000;0,14411000;0,14418000;-0,46
2020-07-15T00:00:00+00:00;TRYB/USD;0,14523000;0,14546000;0,14450000;0,14485000;-0,26
2020-07-14T00:00:00+00:00;TRYB/USD;0,14537000;0,14537000;0,14468000;0,14523000;-0,1
2020-07-13T00:00:00+00:00;TRYB/USD;0,14531000;0,14614000;0,14476000;0,14537000;0,04
2020-07-12T00:00:00+00:00;TRYB/USD;0,14541000;0,14541000;0,14475000;0,14531000;-0,07
2020-07-11T00:00:00+00:00;TRYB/USD;0,14551000;0,14551000;0,14487000;0,14541000;-0,07
2020-07-10T00:00:00+00:00;TRYB/USD;0,14565000;0,14568000;0,14460000;0,14551000;-0,1
2020-07-09T00:00:00+00:00;TRYB/USD;0,14573000;0,14581000;0,14462000;0,14565000;-0,05
2020-07-08T00:00:00+00:00;TRYB/USD;0,14546000;0,14715000;0,14457000;0,14573000;0,19
2020-07-07T00:00:00+00:00;TRYB/USD;0,14434000;0,14565000;0,14400000;0,14546000;0,77
2020-07-06T00:00:00+00:00;TRYB/USD;0,14420000;0,14541000;0,14352000;0,14434000;0,1
2020-07-05T00:00:00+00:00;TRYB/USD;0,14425000;0,14616000;0,14166000;0,14420000;-0,03
2020-07-04T00:00:00+00:00;TRYB/USD;0,14429000;0,14430000;0,14171000;0,14425000;-0,03
2020-07-03T00:00:00+00:00;TRYB/USD;0,14453000;0,14481000;0,14153000;0,14429000;-0,17
2020-07-02T00:00:00+00:00;TRYB/USD;0,14432000;0,14514000;0,14405000;0,14453000;0,15
2020-07-01T00:00:00+00:00;TRYB/USD;0,14426000;0,14553000;0,14241000;0,14432000;0,04
2020-06-30T00:00:00+00:00;TRYB/USD;0,14350000;0,14506000;0,14076000;0,14426000;0,53
2020-06-29T00:00:00+00:00;TRYB/USD;0,14348000;0,14410000;0,14223000;0,14350000;0,01
2020-06-28T00:00:00+00:00;TRYB/USD;0,14361000;0,14480000;0,14010000;0,14348000;-0,09
2020-06-27T00:00:00+00:00;TRYB/USD;0,14373000;0,14430000;0,14319000;0,14361000;-0,08
2020-06-26T00:00:00+00:00;TRYB/USD;0,14386000;0,14421000;0,14310000;0,14373000;-0,09
2020-06-25T00:00:00+00:00;TRYB/USD;0,14439000;0,14444000;0,14292000;0,14386000;-0,37
2020-06-24T00:00:00+00:00;TRYB/USD;0,14461000;0,14543000;0,14426000;0,14439000;-0,15
2020-06-23T00:00:00+00:00;TRYB/USD;0,14460000;0,14506000;0,14408000;0,14461000;0,01
2020-06-22T00:00:00+00:00;TRYB/USD;0,14407000;0,14481000;0,14366000;0,14460000;0,37
2020-06-21T00:00:00+00:00;TRYB/USD;0,14401000;0,14627000;0,14337000;0,14407000;0,04
2020-06-20T00:00:00+00:00;TRYB/USD;0,14401000;0,14403000;0,14250000;0,14401000;0,0
2020-06-19T00:00:00+00:00;TRYB/USD;0,14395000;0,14468000;0,13544000;0,14401000;0,04
2020-06-18T00:00:00+00:00;TRYB/USD;0,14488000;0,14488000;0,14306000;0,14395000;-0,65
2020-06-17T00:00:00+00:00;TRYB/USD;0,14523000;0,14635000;0,14451000;0,14488000;-0,24
2020-06-16T00:00:00+00:00;TRYB/USD;0,14457000;0,14580000;0,14394000;0,14523000;0,45
2020-06-15T00:00:00+00:00;TRYB/USD;0,14537000;0,14537000;0,14373000;0,14457000;-0,55
2020-06-14T00:00:00+00:00;TRYB/USD;0,14557000;0,14635000;0,14324000;0,14537000;-0,14
2020-06-13T00:00:00+00:00;TRYB/USD;0,14557000;0,14567000;0,14520000;0,14557000;0,0
2020-06-12T00:00:00+00:00;TRYB/USD;0,14519000;0,14593000;0,14441000;0,14557000;0,26
2020-06-11T00:00:00+00:00;TRYB/USD;0,14691000;0,14702000;0,14486000;0,14519000;-1,18
2020-06-10T00:00:00+00:00;TRYB/USD;0,14643000;0,14702000;0,14629000;0,14691000;0,33
2020-06-09T00:00:00+00:00;TRYB/USD;0,14676000;0,14687000;0,14604000;0,14643000;-0,23
2020-06-08T00:00:00+00:00;TRYB/USD;0,14685000;0,14697000;0,14634000;0,14676000;-0,06
2020-06-07T00:00:00+00:00;TRYB/USD;0,14684000;0,14694000;0,14647000;0,14685000;0,01
2020-06-06T00:00:00+00:00;TRYB/USD;0,14684000;0,14718000;0,14635000;0,14684000;0,0
2020-06-05T00:00:00+00:00;TRYB/USD;0,14694000;0,14863000;0,14576000;0,14684000;-0,07
2020-06-04T00:00:00+00:00;TRYB/USD;0,14705000;0,14809000;0,14629000;0,14694000;-0,07
2020-06-03T00:00:00+00:00;TRYB/USD;0,14986000;0,15008000;0,14651000;0,14705000;-1,91
2020-06-02T00:00:00+00:00;TRYB/USD;0,14644000;0,15040000;0,14644000;0,14986000;2,28
2020-06-01T00:00:00+00:00;TRYB/USD;0,14591000;0,14644000;0,14567000;0,14644000;0,36
2020-05-31T00:00:00+00:00;TRYB/USD;0,14600000;0,14625000;0,14352000;0,14591000;-0,06
2020-05-30T00:00:00+00:00;TRYB/USD;0,14527000;0,14869000;0,14520000;0,14600000;0,5
2020-05-29T00:00:00+00:00;TRYB/USD;0,14533000;0,14577000;0,14494000;0,14527000;-0,04
2020-05-28T00:00:00+00:00;TRYB/USD;0,14609000;0,14704000;0,14517000;0,14533000;-0,52
2020-05-27T00:00:00+00:00;TRYB/USD;0,14704000;0,14704000;0,14600000;0,14609000;-0,65
2020-05-26T00:00:00+00:00;TRYB/USD;0,14544000;0,14765000;0,14540000;0,14704000;1,09
2020-05-25T00:00:00+00:00;TRYB/USD;0,14553000;0,14564000;0,14479000;0,14544000;-0,06
2020-05-24T00:00:00+00:00;TRYB/USD;0,14520000;0,14557000;0,14500000;0,14553000;0,23
2020-05-23T00:00:00+00:00;TRYB/USD;0,14520000;0,14520000;0,14518000;0,14520000;0,0
2020-05-22T00:00:00+00:00;TRYB/USD;0,14568000;0,14570000;0,14518000;0,14520000;-0,33
2020-05-21T00:00:00+00:00;TRYB/USD;0,14602000;0,14610000;0,14532000;0,14568000;-0,23
2020-05-20T00:00:00+00:00;TRYB/USD;0,14597000;0,14617000;0,14570000;0,14602000;0,03
2020-05-19T00:00:00+00:00;TRYB/USD;0,14405000;0,14647000;0,14358000;0,14597000;1,32
2020-05-18T00:00:00+00:00;TRYB/USD;0,14260000;0,14489000;0,14257000;0,14405000;1,01
2020-05-17T00:00:00+00:00;TRYB/USD;0,14322000;0,14515000;0,14249000;0,14260000;-0,43
2020-05-16T00:00:00+00:00;TRYB/USD;0,14305000;0,14322000;0,14282000;0,14322000;0,12
2020-05-15T00:00:00+00:00;TRYB/USD;0,14237000;0,14305000;0,14203000;0,14305000;0,48
2020-05-14T00:00:00+00:00;TRYB/USD;0,14122000;0,14292000;0,14120000;0,14237000;0,81
2020-05-13T00:00:00+00:00;TRYB/USD;0,14047000;0,14160000;0,14019000;0,14122000;0,53
2020-05-12T00:00:00+00:00;TRYB/USD;0,13893000;0,14083000;0,13855000;0,14047000;1,1
2020-05-11T00:00:00+00:00;TRYB/USD;0,13840000;0,13899000;0,13815000;0,13893000;0,38
2020-05-10T00:00:00+00:00;TRYB/USD;0,13995000;0,14005000;0,13784000;0,13840000;-1,12
2020-05-09T00:00:00+00:00;TRYB/USD;0,13989000;0,14020000;0,13957000;0,13995000;0,04
2020-05-08T00:00:00+00:00;TRYB/USD;0,13976000;0,14004000;0,13839000;0,13989000;0,09
2020-05-07T00:00:00+00:00;TRYB/USD;0,13774000;0,14008000;0,13652000;0,13976000;1,45
2020-05-06T00:00:00+00:00;TRYB/USD;0,14020000;0,14026000;0,13755000;0,13774000;-1,79
2020-05-05T00:00:00+00:00;TRYB/USD;0,14071000;0,14145000;0,13971000;0,14020000;-0,36
2020-05-04T00:00:00+00:00;TRYB/USD;0,14068000;0,14178000;0,13681000;0,14071000;0,02
2020-05-03T00:00:00+00:00;TRYB/USD;0,14093000;0,14308000;0,14062000;0,14068000;-0,18
2020-05-02T00:00:00+00:00;TRYB/USD;0,14071000;0,14224000;0,14020000;0,14093000;0,16
2020-05-01T00:00:00+00:00;TRYB/USD;0,14097000;0,14213000;0,13925000;0,14071000;-0,18
2020-04-30T00:00:00+00:00;TRYB/USD;0,14201000;0,14304000;0,14063000;0,14097000;-0,74
2020-04-29T00:00:00+00:00;TRYB/USD;0,14139000;0,14226000;0,14133000;0,14201000;0,44
2020-04-28T00:00:00+00:00;TRYB/USD;0,14162000;0,14226000;0,14123000;0,14139000;-0,16
2020-04-27T00:00:00+00:00;TRYB/USD;0,14182000;0,14262000;0,14138000;0,14162000;-0,14
2020-04-26T00:00:00+00:00;TRYB/USD;0,14175000;0,14283000;0,14092000;0,14182000;0,05
2020-04-25T00:00:00+00:00;TRYB/USD;0,14168000;0,14262000;0,14168000;0,14175000;0,05
2020-04-24T00:00:00+00:00;TRYB/USD;0,14198000;0,14296000;0,14131000;0,14168000;-0,21
2020-04-23T00:00:00+00:00;TRYB/USD;0,14152000;0,14339000;0,14117000;0,14198000;0,32
2020-04-22T00:00:00+00:00;TRYB/USD;0,14158000;0,14238000;0,14112000;0,14148000;-0,07
2020-04-21T00:00:00+00:00;TRYB/USD;0,14224000;0,14314000;0,14119000;0,14158000;-0,47
2020-04-20T00:00:00+00:00;TRYB/USD;0,14305000;0,14439000;0,14204000;0,14224000;-0,57
2020-04-19T00:00:00+00:00;TRYB/USD;0,14300000;0,14375000;0,14255000;0,14305000;0,03
2020-04-18T00:00:00+00:00;TRYB/USD;0,14260000;0,14350000;0,14251000;0,14300000;0,28
2020-04-17T00:00:00+00:00;TRYB/USD;0,14275000;0,14534000;0,14216000;0,14260000;-0,11
2020-04-16T00:00:00+00:00;TRYB/USD;0,14303000;0,14399000;0,14216000;0,14275000;-0,2
2020-04-15T00:00:00+00:00;TRYB/USD;0,14517000;0,14591000;0,14262000;0,14303000;-1,5
2020-04-14T00:00:00+00:00;TRYB/USD;0,14589000;0,14633000;0,14480000;0,14517000;-0,5
2020-04-13T00:00:00+00:00;TRYB/USD;0,14734000;0,14814000;0,14545000;0,14589000;-0,99
2020-04-12T00:00:00+00:00;TRYB/USD;0,14785000;0,14866000;0,14613000;0,14734000;-0,35
2020-04-11T00:00:00+00:00;TRYB/USD;0,14778000;0,14816000;0,14778000;0,14785000;0,05
2020-04-10T00:00:00+00:00;TRYB/USD;0,14831000;0,14923000;0,14745000;0,14778000;-0,36
2020-04-09T00:00:00+00:00;TRYB/USD;0,14640000;0,14964000;0,14640000;0,14831000;1,29
2020-04-08T00:00:00+00:00;TRYB/USD;0,14647000;0,14690000;0,14640000;0,14640000;-0,05
2020-04-07T00:00:00+00:00;TRYB/USD;0,14643000;0,14787000;0,14640000;0,14647000;0,03
2020-04-06T00:00:00+00:00;TRYB/USD;0,14701000;0,14770000;0,14619000;0,14643000;-0,4
2020-04-05T00:00:00+00:00;TRYB/USD;0,14718000;0,14818000;0,14600000;0,14701000;-0,12
2020-04-04T00:00:00+00:00;TRYB/USD;0,14714000;0,14795000;0,14714000;0,14718000;0,03
2020-04-03T00:00:00+00:00;TRYB/USD;0,14901000;0,14974000;0,14656000;0,14714000;-1,27
2020-04-02T00:00:00+00:00;TRYB/USD;0,14814000;0,15061000;0,14748000;0,14901000;0,58
2020-04-01T00:00:00+00:00;TRYB/USD;0,14960000;0,15068000;0,14760000;0,14814000;-0,99
2020-03-31T00:00:00+00:00;TRYB/USD;0,15043000;0,15153000;0,14955000;0,14960000;-0,55
2020-03-30T00:00:00+00:00;TRYB/USD;0,15322000;0,15406000;0,15003000;0,15043000;-1,85
2020-03-29T00:00:00+00:00;TRYB/USD;0,15313000;0,15451000;0,15291000;0,15318000;0,03
2020-03-28T00:00:00+00:00;TRYB/USD;0,15321000;0,15429000;0,15301000;0,15313000;-0,05
2020-03-27T00:00:00+00:00;TRYB/USD;0,15464000;0,15491000;0,15290000;0,15321000;-0,93
2020-03-26T00:00:00+00:00;TRYB/USD;0,15453000;0,15531000;0,15269000;0,15464000;0,07
2020-03-25T00:00:00+00:00;TRYB/USD;0,15382000;0,15560000;0,15335000;0,15453000;0,46
2020-03-24T00:00:00+00:00;TRYB/USD;0,15153000;0,15506000;0,15142000;0,15382000;1,49
2020-03-23T00:00:00+00:00;TRYB/USD;0,15119000;0,15180000;0,15015000;0,15153000;0,22
2020-03-22T00:00:00+00:00;TRYB/USD;0,15145000;0,15211000;0,15101000;0,15119000;-0,17
2020-03-21T00:00:00+00:00;TRYB/USD;0,15130000;0,15201000;0,15130000;0,15145000;0,1
2020-03-20T00:00:00+00:00;TRYB/USD;0,15156000;0,15329000;0,15108000;0,15130000;-0,17
2020-03-19T00:00:00+00:00;TRYB/USD;0,15317000;0,15336000;0,15129000;0,15156000;-1,06
2020-03-18T00:00:00+00:00;TRYB/USD;0,15479000;0,15487000;0,15282000;0,15317000;-1,06
2020-03-17T00:00:00+00:00;TRYB/USD;0,15509000;0,15600000;0,15259000;0,15479000;-0,19
2020-03-16T00:00:00+00:00;TRYB/USD;0,15801000;0,15825000;0,15407000;0,15509000;-1,88
2020-03-15T00:00:00+00:00;TRYB/USD;0,15726000;0,15896000;0,15661000;0,15801000;0,47
2020-03-14T00:00:00+00:00;TRYB/USD;0,15726000;0,15839000;0,15602000;0,15726000;0,0
2020-03-13T00:00:00+00:00;TRYB/USD;0,15821000;0,15932000;0,15582000;0,15726000;-0,6
2020-03-12T00:00:00+00:00;TRYB/USD;0,16089000;0,16098000;0,15785000;0,15821000;-1,69
2020-03-11T00:00:00+00:00;TRYB/USD;0,16156000;0,16265000;0,16073000;0,16089000;-0,42
2020-03-10T00:00:00+00:00;TRYB/USD;0,16219000;0,16338000;0,16145000;0,16156000;-0,39
2020-03-09T00:00:00+00:00;TRYB/USD;0,16323000;0,16375000;0,16084000;0,16219000;-0,64
2020-03-08T00:00:00+00:00;TRYB/USD;0,16405000;0,16405000;0,16250000;0,16323000;-0,5
2020-03-07T00:00:00+00:00;TRYB/USD;0,16405000;0,16408000;0,16405000;0,16405000;0,0
2020-03-06T00:00:00+00:00;TRYB/USD;0,16356000;0,16438000;0,16320000;0,16405000;0,3
2020-03-05T00:00:00+00:00;TRYB/USD;0,16418000;0,16463000;0,16305000;0,16356000;-0,38
2020-03-04T00:00:00+00:00;TRYB/USD;0,16338000;0,16456000;0,16265000;0,16418000;0,49
2020-03-03T00:00:00+00:00;TRYB/USD;0,16171000;0,16549000;0,16046000;0,16338000;1,02
2020-03-02T00:00:00+00:00;TRYB/USD;0,15986000;0,16206000;0,15966000;0,16171000;1,14
2020-03-01T00:00:00+00:00;TRYB/USD;0,15983000;0,16014000;0,15978000;0,15986000;0,02
2020-02-29T00:00:00+00:00;TRYB/USD;0,15982000;0,16013000;0,15965000;0,15983000;0,01
2020-02-28T00:00:00+00:00;TRYB/USD;0,16105000;0,16106000;0,15965000;0,15982000;-0,77
2020-02-27T00:00:00+00:00;TRYB/USD;0,16210000;0,16216000;0,16094000;0,16105000;-0,65
2020-02-26T00:00:00+00:00;TRYB/USD;0,16248000;0,16271000;0,16210000;0,16210000;-0,23
2020-02-25T00:00:00+00:00;TRYB/USD;0,16320000;0,16440000;0,16244000;0,16248000;-0,44
2020-02-24T00:00:00+00:00;TRYB/USD;0,16353000;0,16382000;0,16223000;0,16320000;-0,2
2020-02-23T00:00:00+00:00;TRYB/USD;0,16373000;0,16400000;0,16315000;0,16353000;-0,12
2020-02-22T00:00:00+00:00;TRYB/USD;0,16368000;0,16404000;0,16359000;0,16373000;0,03
2020-02-21T00:00:00+00:00;TRYB/USD;0,16384000;0,16400000;0,16324000;0,16368000;-0,1
2020-02-20T00:00:00+00:00;TRYB/USD;0,16439000;0,16440000;0,16376000;0,16384000;-0,34
2020-02-19T00:00:00+00:00;TRYB/USD;0,16476000;0,16498000;0,16430000;0,16439000;-0,23
2020-02-18T00:00:00+00:00;TRYB/USD;0,16525000;0,16525000;0,16460000;0,16476000;-0,3
2020-02-17T00:00:00+00:00;TRYB/USD;0,16523000;0,16537000;0,16509000;0,16525000;0,01
2020-02-16T00:00:00+00:00;TRYB/USD;0,16521000;0,16523000;0,16520000;0,16523000;0,01
2020-02-15T00:00:00+00:00;TRYB/USD;0,16523000;0,16523000;0,16521000;0,16521000;-0,01
2020-02-14T00:00:00+00:00;TRYB/USD;0,16542000;0,16542000;0,16495000;0,16523000;-0,11
2020-02-13T00:00:00+00:00;TRYB/USD;0,16542000;0,16549000;0,16505000;0,16542000;0,0
2020-02-12T00:00:00+00:00;TRYB/USD;0,16607000;0,16640000;0,16511000;0,16542000;-0,39
2020-02-11T00:00:00+00:00;TRYB/USD;0,16631000;0,16635000;0,16544000;0,16607000;-0,14
2020-02-10T00:00:00+00:00;TRYB/USD;0,16684000;0,16715000;0,16598000;0,16631000;-0,32
2020-02-09T00:00:00+00:00;TRYB/USD;0,16631000;0,16685000;0,16626000;0,16684000;0,32
2020-02-08T00:00:00+00:00;TRYB/USD;0,16606000;0,16631000;0,16605000;0,16631000;0,15
2020-02-07T00:00:00+00:00;TRYB/USD;0,16710000;0,16710000;0,16542000;0,16606000;-0,63
2020-02-06T00:00:00+00:00;TRYB/USD;0,16705000;0,16710000;0,16688000;0,16710000;0,03
2020-02-05T00:00:00+00:00;TRYB/USD;0,16700000;0,16718000;0,16680000;0,16705000;0,03
2020-02-04T00:00:00+00:00;TRYB/USD;0,16699000;0,16766000;0,16684000;0,16700000;0,01
2020-02-03T00:00:00+00:00;TRYB/USD;0,16703000;0,16710000;0,16699000;0,16699000;-0,02
2020-02-02T00:00:00+00:00;TRYB/USD;0,16699000;0,16703000;0,16699000;0,16703000;0,02
2020-02-01T00:00:00+00:00;TRYB/USD;0,16717000;1,00000000;0,02670000;0,16699000;-0,11
2020-01-31T00:00:00+00:00;TRYB/USD;0,16742000;0,16743000;0,16717000;0,16717000;-0,15
2020-01-30T00:00:00+00:00;TRYB/USD;0,16790000;0,16790000;0,16696000;0,16742000;-0,29
2020-01-29T00:00:00+00:00;TRYB/USD;0,16821000;0,16821000;0,16762000;0,16790000;-0,18
2020-01-28T00:00:00+00:00;TRYB/USD;0,16804000;0,16824000;0,16804000;0,16821000;0,1
2020-01-27T00:00:00+00:00;TRYB/USD;0,16822000;0,16825000;0,16794000;0,16804000;-0,11
2020-01-26T00:00:00+00:00;TRYB/USD;0,16825000;0,16825000;0,16816000;0,16822000;-0,02
2020-01-25T00:00:00+00:00;TRYB/USD;0,16825000;0,16825000;0,16825000;0,16825000;0,0
2020-01-24T00:00:00+00:00;TRYB/USD;0,16874000;0,16875000;0,16825000;0,16825000;-0,29
2020-01-23T00:00:00+00:00;TRYB/USD;0,16875000;0,16908000;0,16830000;0,16874000;-0,01
2020-01-22T00:00:00+00:00;TRYB/USD;0,16863000;0,16875000;0,16836000;0,16875000;0,07
2020-01-21T00:00:00+00:00;TRYB/USD;0,16917000;0,16939000;0,16854000;0,16863000;-0,32
2020-01-20T00:00:00+00:00;TRYB/USD;0,16960000;0,16960000;0,16908000;0,16917000;-0,25
2020-01-19T00:00:00+00:00;TRYB/USD;0,16960000;0,16960000;0,16960000;0,16960000;0,0
2020-01-18T00:00:00+00:00;TRYB/USD;0,16976000;0,16976000;0,16960000;0,16960000;-0,09
2020-01-17T00:00:00+00:00;TRYB/USD;0,17048000;0,17062000;0,16937000;0,16976000;-0,42
2020-01-16T00:00:00+00:00;TRYB/USD;0,16987000;0,17096000;0,16976000;0,17048000;0,36
2020-01-15T00:00:00+00:00;TRYB/USD;0,16976000;0,17002000;0,16967000;0,16987000;0,06
2020-01-14T00:00:00+00:00;TRYB/USD;0,17023000;0,17030000;0,16944000;0,16976000;-0,28
2020-01-13T00:00:00+00:00;TRYB/USD;0,16991000;0,17060000;0,16986000;0,17023000;0,19
2020-01-12T00:00:00+00:00;TRYB/USD;0,16990000;0,16991000;0,16986000;0,16991000;0,01
2020-01-11T00:00:00+00:00;TRYB/USD;0,16989000;0,16990000;0,16893000;0,16990000;0,01
2020-01-10T00:00:00+00:00;TRYB/USD;0,16985000;0,17033000;0,16936000;0,16989000;0,02
2020-01-09T00:00:00+00:00;TRYB/USD;0,16894000;0,17043000;0,16836000;0,16985000;0,54
2020-01-08T00:00:00+00:00;TRYB/USD;0,16743000;0,16917000;0,16723000;0,16894000;0,89
2020-01-07T00:00:00+00:00;TRYB/USD;0,16758000;0,16772000;0,16742000;0,16743000;-0,09

