DATE/TIME;SYMBOL;OPEN;HIGH;LOW;CLOSE;EVOL % CLOSE/HIGH
2022-01-05T00:00:00+00:00;BEAR/USD;0,00013070;0,00013190;0,00012005;0,00012315;-6,13
2022-01-04T00:00:00+00:00;BEAR/USD;0,00012595;0,00013305;0,00011750;0,00013070;3,63
2022-01-03T00:00:00+00:00;BEAR/USD;0,00011935;0,00013150;0,00011705;0,00012595;5,24
2022-01-02T00:00:00+00:00;BEAR/USD;0,00011640;0,00012460;0,00011420;0,00011935;2,47
2022-01-01T00:00:00+00:00;BEAR/USD;0,00012855;0,00012875;0,00011475;0,00011640;-10,44
2021-12-31T00:00:00+00:00;BEAR/USD;0,00012130;0,00013315;0,00011095;0,00012855;5,64
2021-12-30T00:00:00+00:00;BEAR/USD;0,00012745;0,00013150;0,00011560;0,00012130;-5,07
2021-12-29T00:00:00+00:00;BEAR/USD;0,00011905;0,00012980;0,00011475;0,00012745;6,59
2021-12-28T00:00:00+00:00;BEAR/USD;0,00010025;0,00012020;0,00010020;0,00011905;15,79
2021-12-27T00:00:00+00:00;BEAR/USD;0,00009935;0,00010141;0,00009200;0,00010025;0,9
2021-12-26T00:00:00+00:00;BEAR/USD;0,00010162;0,00010766;0,00009670;0,00009935;-2,28
2021-12-25T00:00:00+00:00;BEAR/USD;0,00009985;0,00010310;0,00009770;0,00010162;1,74
2021-12-24T00:00:00+00:00;BEAR/USD;0,00009985;0,00010170;0,00009368;0,00009985;0,0
2021-12-23T00:00:00+00:00;BEAR/USD;0,00011520;0,00011910;0,00009585;0,00009985;-15,37
2021-12-22T00:00:00+00:00;BEAR/USD;0,00011320;0,00011645;0,00010870;0,00011520;1,74
2021-12-21T00:00:00+00:00;BEAR/USD;0,00013020;0,00013170;0,00010985;0,00011320;-15,02
2021-12-20T00:00:00+00:00;BEAR/USD;0,00013195;0,00014100;0,00012440;0,00013020;-1,34
2021-12-19T00:00:00+00:00;BEAR/USD;0,00013095;0,00013360;0,00011830;0,00013195;0,76
2021-12-18T00:00:00+00:00;BEAR/USD;0,00013670;0,00014260;0,00012610;0,00013095;-4,39
2021-12-17T00:00:00+00:00;BEAR/USD;0,00012515;0,00014250;0,00012185;0,00013670;8,45
2021-12-16T00:00:00+00:00;BEAR/USD;0,00011645;0,00012585;0,00011240;0,00012515;6,95
2021-12-15T00:00:00+00:00;BEAR/USD;0,00011950;0,00013295;0,00011165;0,00011645;-2,62
2021-12-14T00:00:00+00:00;BEAR/USD;0,00013495;0,00013855;0,00011775;0,00011950;-12,93
2021-12-13T00:00:00+00:00;BEAR/USD;0,00011305;0,00014135;0,00011120;0,00013495;16,23
2021-12-12T00:00:00+00:00;BEAR/USD;0,00011805;0,00012230;0,00010685;0,00011280;-4,65
2021-12-11T00:00:00+00:00;BEAR/USD;0,00013665;0,00013920;0,00011665;0,00011805;-15,76
2021-12-10T00:00:00+00:00;BEAR/USD;0,00013345;0,00013920;0,00011115;0,00013665;2,34
2021-12-09T00:00:00+00:00;BEAR/USD;0,00011345;0,00013490;0,00011130;0,00013345;14,99
2021-12-08T00:00:00+00:00;BEAR/USD;0,00011260;0,00012595;0,00010785;0,00011345;0,75
2021-12-07T00:00:00+00:00;BEAR/USD;0,00011245;0,00011675;0,00010310;0,00011260;0,13
2021-12-06T00:00:00+00:00;BEAR/USD;0,00012380;0,00013850;0,00010940;0,00011245;-10,09
2021-12-05T00:00:00+00:00;BEAR/USD;0,00012230;0,00014265;0,00011510;0,00012380;1,21
2021-12-04T00:00:00+00:00;BEAR/USD;0,00009930;0,00015000;0,00009712;0,00012230;18,81
2021-12-03T00:00:00+00:00;BEAR/USD;0,00008585;0,00010937;0,00008101;0,00009930;13,54
2021-12-02T00:00:00+00:00;BEAR/USD;0,00008230;0,00008841;0,00008084;0,00008585;4,14
2021-12-01T00:00:00+00:00;BEAR/USD;0,00008367;0,00008562;0,00007443;0,00008230;-1,66
2021-11-30T00:00:00+00:00;BEAR/USD;0,00008042;0,00008790;0,00007445;0,00008367;3,88
2021-11-29T00:00:00+00:00;BEAR/USD;0,00008275;0,00008540;0,00007569;0,00008042;-2,9
2021-11-28T00:00:00+00:00;BEAR/USD;0,00009585;0,00010379;0,00008198;0,00008275;-15,83
2021-11-27T00:00:00+00:00;BEAR/USD;0,00010237;0,00010285;0,00009337;0,00009585;-6,8
2021-11-26T00:00:00+00:00;BEAR/USD;0,00008120;0,00010454;0,00007920;0,00010237;20,68
2021-11-25T00:00:00+00:00;BEAR/USD;0,00008905;0,00008963;0,00007890;0,00008120;-9,67
2021-11-24T00:00:00+00:00;BEAR/USD;0,00008731;0,00009480;0,00008660;0,00008905;1,95
2021-11-23T00:00:00+00:00;BEAR/USD;0,00009379;0,00009848;0,00008585;0,00008731;-7,42
2021-11-22T00:00:00+00:00;BEAR/USD;0,00008368;0,00009679;0,00008007;0,00009379;10,78
2021-11-21T00:00:00+00:00;BEAR/USD;0,00007948;0,00008435;0,00007838;0,00008368;5,02
2021-11-20T00:00:00+00:00;BEAR/USD;0,00008693;0,00009162;0,00007900;0,00007948;-9,37
2021-11-19T00:00:00+00:00;BEAR/USD;0,00009244;0,00009941;0,00008567;0,00008693;-6,34
2021-11-18T00:00:00+00:00;BEAR/USD;0,00007909;0,00009429;0,00007643;0,00009244;14,44
2021-11-17T00:00:00+00:00;BEAR/USD;0,00008036;0,00008736;0,00007709;0,00007909;-1,61
2021-11-16T00:00:00+00:00;BEAR/USD;0,00006886;0,00008577;0,00006885;0,00008036;14,31
2021-11-15T00:00:00+00:00;BEAR/USD;0,00006333;0,00006943;0,00006090;0,00006885;8,02
2021-11-14T00:00:00+00:00;BEAR/USD;0,00006681;0,00006927;0,00006333;0,00006333;-5,5
2021-11-13T00:00:00+00:00;BEAR/USD;0,00006781;0,00007005;0,00006520;0,00006681;-1,5
2021-11-12T00:00:00+00:00;BEAR/USD;0,00006540;0,00007356;0,00006362;0,00006781;3,55
2021-11-11T00:00:00+00:00;BEAR/USD;0,00006524;0,00006747;0,00006296;0,00006540;0,24
2021-11-10T00:00:00+00:00;BEAR/USD;0,00005980;0,00006914;0,00005441;0,00006524;8,34
2021-11-09T00:00:00+00:00;BEAR/USD;0,00005798;0,00006140;0,00005550;0,00005980;3,04
2021-11-08T00:00:00+00:00;BEAR/USD;0,00007296;0,00007296;0,00005735;0,00005798;-25,84
2021-11-07T00:00:00+00:00;BEAR/USD;0,00007964;0,00008002;0,00007268;0,00007296;-9,16
2021-11-06T00:00:00+00:00;BEAR/USD;0,00008142;0,00008518;0,00007926;0,00007964;-2,24
2021-11-05T00:00:00+00:00;BEAR/USD;0,00007954;0,00008241;0,00007519;0,00008142;2,31
2021-11-04T00:00:00+00:00;BEAR/USD;0,00007389;0,00008217;0,00007368;0,00007954;7,1
2021-11-03T00:00:00+00:00;BEAR/USD;0,00007337;0,00007950;0,00007210;0,00007389;0,7
2021-11-02T00:00:00+00:00;BEAR/USD;0,00008231;0,00008360;0,00006860;0,00007337;-12,18
2021-11-01T00:00:00+00:00;BEAR/USD;0,00008061;0,00008767;0,00007640;0,00008231;2,07
2021-10-31T00:00:00+00:00;BEAR/USD;0,00007890;0,00008562;0,00007660;0,00008065;2,17
2021-10-30T00:00:00+00:00;BEAR/USD;0,00007725;0,00008278;0,00007712;0,00007890;2,09
2021-10-29T00:00:00+00:00;BEAR/USD;0,00008421;0,00008657;0,00007392;0,00007725;-9,01
2021-10-28T00:00:00+00:00;BEAR/USD;0,00009636;0,00009930;0,00007770;0,00008421;-14,43
2021-10-27T00:00:00+00:00;BEAR/USD;0,00008849;0,00010096;0,00008313;0,00009636;8,17
2021-10-26T00:00:00+00:00;BEAR/USD;0,00007821;0,00009000;0,00007728;0,00008849;11,62
2021-10-25T00:00:00+00:00;BEAR/USD;0,00008741;0,00008836;0,00007539;0,00007821;-11,76
2021-10-24T00:00:00+00:00;BEAR/USD;0,00008571;0,00009357;0,00008492;0,00008741;1,94
2021-10-23T00:00:00+00:00;BEAR/USD;0,00008830;0,00010200;0,00008277;0,00008571;-3,02
2021-10-22T00:00:00+00:00;BEAR/USD;0,00008183;0,00009071;0,00007632;0,00008830;7,33
2021-10-21T00:00:00+00:00;BEAR/USD;0,00006952;0,00008259;0,00005650;0,00008183;15,04
2021-10-20T00:00:00+00:00;BEAR/USD;0,00007581;0,00007820;0,00006583;0,00006952;-9,05
2021-10-19T00:00:00+00:00;BEAR/USD;0,00008509;0,00008739;0,00007500;0,00007581;-12,24
2021-10-18T00:00:00+00:00;BEAR/USD;0,00008675;0,00009366;0,00008201;0,00008509;-1,95
2021-10-17T00:00:00+00:00;BEAR/USD;0,00008932;0,00009800;0,00008627;0,00008675;-2,96
2021-10-16T00:00:00+00:00;BEAR/USD;0,00008604;0,00009260;0,00008340;0,00008932;3,67
2021-10-15T00:00:00+00:00;BEAR/USD;0,00010990;0,00011250;0,00008045;0,00008604;-27,73
2021-10-14T00:00:00+00:00;BEAR/USD;0,00010920;0,00011305;0,00010345;0,00010990;0,64
2021-10-13T00:00:00+00:00;BEAR/USD;0,00011840;0,00012900;0,00010700;0,00010920;-8,42
2021-10-12T00:00:00+00:00;BEAR/USD;0,00010970;0,00012875;0,00010685;0,00011840;7,35
2021-10-11T00:00:00+00:00;BEAR/USD;0,00012880;0,00013035;0,00010680;0,00010970;-17,41
2021-10-10T00:00:00+00:00;BEAR/USD;0,00012715;0,00013280;0,00011555;0,00012880;1,28
2021-10-09T00:00:00+00:00;BEAR/USD;0,00013455;0,00013630;0,00012300;0,00012715;-5,82
2021-10-08T00:00:00+00:00;BEAR/USD;0,00013500;0,00013650;0,00011850;0,00013455;-0,33
2021-10-07T00:00:00+00:00;BEAR/USD;0,00012485;0,00013760;0,00012485;0,00013500;7,52
2021-10-06T00:00:00+00:00;BEAR/USD;0,00016110;0,00017200;0,00012200;0,00012485;-29,03
2021-10-05T00:00:00+00:00;BEAR/USD;0,00018665;0,00018890;0,00015680;0,00016110;-15,86
2021-10-04T00:00:00+00:00;BEAR/USD;0,00019940;0,00021480;0,00018315;0,00018665;-6,83
2021-10-03T00:00:00+00:00;BEAR/USD;0,00020600;0,00021385;0,00018150;0,00019940;-3,31
2021-10-02T00:00:00+00:00;BEAR/USD;0,00019995;0,00020855;0,00019740;0,00020600;2,94
2021-10-01T00:00:00+00:00;BEAR/USD;0,00027230;0,00028100;0,00019040;0,00019995;-36,18
2021-09-30T00:00:00+00:00;BEAR/USD;0,00032670;0,00032920;0,00026520;0,00027230;-19,98
2021-09-29T00:00:00+00:00;BEAR/USD;0,00033820;0,00034710;0,00030030;0,00032670;-3,52
2021-09-28T00:00:00+00:00;BEAR/USD;0,00031350;0,00034190;0,00029930;0,00033820;7,3
2021-09-27T00:00:00+00:00;BEAR/USD;0,00029200;0,00031430;0,00026850;0,00031350;6,86
2021-09-26T00:00:00+00:00;BEAR/USD;0,00030290;0,00034470;0,00027680;0,00029200;-3,73
2021-09-25T00:00:00+00:00;BEAR/USD;0,00030100;0,00032540;0,00029750;0,00030280;0,59
2021-09-24T00:00:00+00:00;BEAR/USD;0,00026480;0,00033670;0,00025860;0,00030100;12,03
2021-09-23T00:00:00+00:00;BEAR/USD;0,00029180;0,00030020;0,00026190;0,00026480;-10,2
2021-09-22T00:00:00+00:00;BEAR/USD;0,00036680;0,00037000;0,00028300;0,00029180;-25,7
2021-09-21T00:00:00+00:00;BEAR/USD;0,00031710;0,00039080;0,00030180;0,00036680;13,55
2021-09-20T00:00:00+00:00;BEAR/USD;0,00025020;0,00032510;0,00024870;0,00031710;21,1
2021-09-19T00:00:00+00:00;BEAR/USD;0,00023430;0,00025540;0,00023350;0,00025020;6,35
2021-09-18T00:00:00+00:00;BEAR/USD;0,00025030;0,00025310;0,00022320;0,00023430;-6,83
2021-09-17T00:00:00+00:00;BEAR/USD;0,00024280;0,00025800;0,00023610;0,00025030;3,0
2021-09-16T00:00:00+00:00;BEAR/USD;0,00023730;0,00025430;0,00023090;0,00024280;2,27
2021-09-15T00:00:00+00:00;BEAR/USD;0,00025430;0,00026050;0,00023160;0,00023730;-7,16
2021-09-14T00:00:00+00:00;BEAR/USD;0,00029770;0,00030200;0,00025000;0,00025430;-17,07
2021-09-13T00:00:00+00:00;BEAR/USD;0,00027710;0,00032970;0,00025710;0,00029770;6,92
2021-09-12T00:00:00+00:00;BEAR/USD;0,00029490;0,00030320;0,00027020;0,00027720;-6,39
2021-09-11T00:00:00+00:00;BEAR/USD;0,00030160;0,00030430;0,00027780;0,00029500;-2,24
2021-09-10T00:00:00+00:00;BEAR/USD;0,00027410;0,00031300;0,00026260;0,00030160;9,12
2021-09-09T00:00:00+00:00;BEAR/USD;0,00028030;0,00029030;0,00025280;0,00027410;-2,26
2021-09-08T00:00:00+00:00;BEAR/USD;0,00026620;0,00030890;0,00025670;0,00028030;5,03
2021-09-07T00:00:00+00:00;BEAR/USD;0,00019910;0,00030990;0,00019670;0,00026620;25,21
2021-09-06T00:00:00+00:00;BEAR/USD;0,00020995;0,00022000;0,00019790;0,00019910;-5,45
2021-09-05T00:00:00+00:00;BEAR/USD;0,00023560;0,00024260;0,00020780;0,00020995;-12,22
2021-09-04T00:00:00+00:00;BEAR/USD;0,00023460;0,00024400;0,00022700;0,00023560;0,42
2021-09-03T00:00:00+00:00;BEAR/USD;0,00024460;0,00025860;0,00021860;0,00023460;-4,26
2021-09-02T00:00:00+00:00;BEAR/USD;0,00025080;0,00025440;0,00022760;0,00024460;-2,53
2021-09-01T00:00:00+00:00;BEAR/USD;0,00028120;0,00029370;0,00024670;0,00025080;-12,12
2021-08-31T00:00:00+00:00;BEAR/USD;0,00028470;0,00028940;0,00026170;0,00028120;-1,24
2021-08-30T00:00:00+00:00;BEAR/USD;0,00025600;0,00028690;0,00025420;0,00028460;10,05
2021-08-29T00:00:00+00:00;BEAR/USD;0,00025400;0,00027140;0,00024260;0,00025600;0,78
2021-08-28T00:00:00+00:00;BEAR/USD;0,00025200;0,00026230;0,00024810;0,00025400;0,79
2021-08-27T00:00:00+00:00;BEAR/USD;0,00029380;0,00030230;0,00025030;0,00025200;-16,59
2021-08-26T00:00:00+00:00;BEAR/USD;0,00025900;0,00030170;0,00025350;0,00029380;11,84
2021-08-25T00:00:00+00:00;BEAR/USD;0,00028180;0,00029200;0,00025380;0,00025900;-8,8
2021-08-24T00:00:00+00:00;BEAR/USD;0,00025350;0,00028300;0,00024770;0,00028180;10,04
2021-08-23T00:00:00+00:00;BEAR/USD;0,00025650;0,00026050;0,00023750;0,00025340;-1,22
2021-08-22T00:00:00+00:00;BEAR/USD;0,00026410;0,00027520;0,00025320;0,00025650;-2,96
2021-08-21T00:00:00+00:00;BEAR/USD;0,00025580;0,00027300;0,00024900;0,00026410;3,14
2021-08-20T00:00:00+00:00;BEAR/USD;0,00030600;0,00030780;0,00025500;0,00025580;-19,62
2021-08-19T00:00:00+00:00;BEAR/USD;0,00035380;0,00037210;0,00029700;0,00030600;-15,62
2021-08-18T00:00:00+00:00;BEAR/USD;0,00035420;0,00036450;0,00032080;0,00035380;-0,11
2021-08-17T00:00:00+00:00;BEAR/USD;0,00032690;0,00035940;0,00030120;0,00035420;7,71
2021-08-16T00:00:00+00:00;BEAR/USD;0,00030530;0,00033170;0,00028520;0,00032690;6,61
2021-08-15T00:00:00+00:00;BEAR/USD;0,00030330;0,00033430;0,00029880;0,00030530;0,66
2021-08-14T00:00:00+00:00;BEAR/USD;0,00029050;0,00032470;0,00027400;0,00030320;4,19
2021-08-13T00:00:00+00:00;BEAR/USD;0,00037250;0,00037750;0,00028800;0,00029050;-28,23
2021-08-12T00:00:00+00:00;BEAR/USD;0,00034710;0,00038610;0,00033160;0,00037250;6,82
2021-08-11T00:00:00+00:00;BEAR/USD;0,00034580;0,00035100;0,00031950;0,00034710;0,37
2021-08-10T00:00:00+00:00;BEAR/USD;0,00032880;0,00036480;0,00031840;0,00034580;4,92
2021-08-09T00:00:00+00:00;BEAR/USD;0,00039630;0,00042200;0,00032360;0,00032880;-20,53
2021-08-08T00:00:00+00:00;BEAR/USD;0,00037310;0,00040900;0,00035590;0,00039630;5,85
2021-08-07T00:00:00+00:00;BEAR/USD;0,00042560;0,00043500;0,00036900;0,00037310;-14,07
2021-08-06T00:00:00+00:00;BEAR/USD;0,00049900;0,00053400;0,00040460;0,00042540;-17,3
2021-08-05T00:00:00+00:00;BEAR/USD;0,00054600;0,00065050;0,00047950;0,00049900;-9,42
2021-08-04T00:00:00+00:00;BEAR/USD;0,00062350;0,00065500;0,00053600;0,00054600;-14,19
2021-08-03T00:00:00+00:00;BEAR/USD;0,00057900;0,00064775;0,00054950;0,00062350;7,14
2021-08-02T00:00:00+00:00;BEAR/USD;0,00055450;0,00060000;0,00052500;0,00057900;4,23
2021-08-01T00:00:00+00:00;BEAR/USD;0,00049210;0,00056600;0,00045070;0,00055325;11,05
2021-07-31T00:00:00+00:00;BEAR/USD;0,00046850;0,00050680;0,00046000;0,00049210;4,8
2021-07-30T00:00:00+00:00;BEAR/USD;0,00055850;0,00062950;0,00046420;0,00046850;-19,21
2021-07-29T00:00:00+00:00;BEAR/USD;0,00055850;0,00059100;0,00052900;0,00055850;0,0
2021-07-28T00:00:00+00:00;BEAR/USD;0,00058050;0,00061275;0,00051625;0,00055850;-3,94
2021-07-27T00:00:00+00:00;BEAR/USD;0,00071000;0,00075775;0,00057975;0,00058050;-22,31
2021-07-26T00:00:00+00:00;BEAR/USD;0,00091500;0,00092625;0,00056150;0,00071000;-28,87
2021-07-25T00:00:00+00:00;BEAR/USD;0,00101450;0,00105000;0,00091325;0,00091500;-10,87
2021-07-24T00:00:00+00:00;BEAR/USD;0,00107700;0,00109600;0,00099400;0,00101450;-6,16
2021-07-23T00:00:00+00:00;BEAR/USD;0,00123000;0,00126450;0,00107700;0,00107700;-14,21
2021-07-22T00:00:00+00:00;BEAR/USD;0,00125250;0,00130200;0,00119450;0,00123000;-1,83
2021-07-21T00:00:00+00:00;BEAR/USD;0,00162500;0,00166650;0,00116500;0,00125250;-29,74
2021-07-20T00:00:00+00:00;BEAR/USD;0,00147150;0,00169200;0,00144600;0,00162500;9,45
2021-07-19T00:00:00+00:00;BEAR/USD;0,00135450;0,00152300;0,00134000;0,00147150;7,95
2021-07-18T00:00:00+00:00;BEAR/USD;0,00139100;0,00143850;0,00126850;0,00135450;-2,69
2021-07-17T00:00:00+00:00;BEAR/USD;0,00140350;0,00143300;0,00132650;0,00139100;-0,9
2021-07-16T00:00:00+00:00;BEAR/USD;0,00135000;0,00145400;0,00129400;0,00140350;3,81
2021-07-15T00:00:00+00:00;BEAR/USD;0,00124350;0,00142900;0,00119800;0,00135000;7,89
2021-07-14T00:00:00+00:00;BEAR/USD;0,00125600;0,00138100;0,00120400;0,00124350;-1,01
2021-07-13T00:00:00+00:00;BEAR/USD;0,00121600;0,00131100;0,00118550;0,00125650;3,22
2021-07-12T00:00:00+00:00;BEAR/USD;0,00110450;0,00125500;0,00106500;0,00121600;9,17
2021-07-11T00:00:00+00:00;BEAR/USD;0,00117950;0,00119850;0,00106550;0,00110450;-6,79
2021-07-10T00:00:00+00:00;BEAR/USD;0,00115200;0,00123000;0,00110550;0,00117950;2,33
2021-07-09T00:00:00+00:00;BEAR/USD;0,00126100;0,00132700;0,00111600;0,00115200;-9,46
2021-07-08T00:00:00+00:00;BEAR/USD;0,00116200;0,00134100;0,00115650;0,00126100;7,85
2021-07-07T00:00:00+00:00;BEAR/USD;0,00112450;0,00117450;0,00104200;0,00116200;3,23
2021-07-06T00:00:00+00:00;BEAR/USD;0,00118000;0,00119650;0,00103800;0,00112500;-4,89
2021-07-05T00:00:00+00:00;BEAR/USD;0,00103425;0,00123150;0,00103425;0,00118000;12,35
2021-07-04T00:00:00+00:00;BEAR/USD;0,00109650;0,00112150;0,00097250;0,00103425;-6,02
2021-07-03T00:00:00+00:00;BEAR/USD;0,00118750;0,00123650;0,00106750;0,00109650;-8,3
2021-07-02T00:00:00+00:00;BEAR/USD;0,00122050;0,00130900;0,00117000;0,00118750;-2,78
2021-07-01T00:00:00+00:00;BEAR/USD;0,00108200;0,00129500;0,00107950;0,00122050;11,35
2021-06-30T00:00:00+00:00;BEAR/USD;0,00100975;0,00116250;0,00099300;0,00108200;6,68
2021-06-29T00:00:00+00:00;BEAR/USD;0,00115150;0,00117500;0,00094000;0,00100975;-14,04
2021-06-28T00:00:00+00:00;BEAR/USD;0,00113650;0,00121450;0,00107450;0,00115150;1,3
2021-06-27T00:00:00+00:00;BEAR/USD;0,00144950;0,00148650;0,00113400;0,00113500;-27,71
2021-06-26T00:00:00+00:00;BEAR/USD;0,00156850;0,00178750;0,00137600;0,00144950;-8,21
2021-06-25T00:00:00+00:00;BEAR/USD;0,00124550;0,00160200;0,00115400;0,00156850;20,59
2021-06-24T00:00:00+00:00;BEAR/USD;0,00136500;0,00152800;0,00114800;0,00124550;-9,59
2021-06-23T00:00:00+00:00;BEAR/USD;0,00158050;0,00169500;0,00123250;0,00136500;-15,79
2021-06-22T00:00:00+00:00;BEAR/USD;0,00174350;0,00220000;0,00144750;0,00158050;-10,31
2021-06-21T00:00:00+00:00;BEAR/USD;0,00131000;0,00178450;0,00129500;0,00174350;24,86
2021-06-20T00:00:00+00:00;BEAR/USD;0,00132150;0,00156700;0,00125250;0,00131000;-0,88
2021-06-19T00:00:00+00:00;BEAR/USD;0,00129400;0,00139300;0,00122150;0,00132150;2,08
2021-06-18T00:00:00+00:00;BEAR/USD;0,00109850;0,00134900;0,00108850;0,00129750;15,34
2021-06-17T00:00:00+00:00;BEAR/USD;0,00107750;0,00115450;0,00097300;0,00109850;1,91
2021-06-16T00:00:00+00:00;BEAR/USD;0,00094600;0,00109150;0,00092350;0,00107775;12,22
2021-06-15T00:00:00+00:00;BEAR/USD;0,00092150;0,00098700;0,00086000;0,00094600;2,59
2021-06-14T00:00:00+00:00;BEAR/USD;0,00104050;0,00105975;0,00088000;0,00092150;-12,91
2021-06-13T00:00:00+00:00;BEAR/USD;0,00144650;0,00153550;0,00099500;0,00104050;-39,02
2021-06-12T00:00:00+00:00;BEAR/USD;0,00126050;0,00153600;0,00125250;0,00144650;12,86
2021-06-11T00:00:00+00:00;BEAR/USD;0,00133700;0,00141150;0,00122600;0,00126050;-6,07
2021-06-10T00:00:00+00:00;BEAR/USD;0,00127350;0,00143200;0,00116000;0,00133700;4,75
2021-06-09T00:00:00+00:00;BEAR/USD;0,00187950;0,00204000;0,00124550;0,00127350;-47,59
2021-06-08T00:00:00+00:00;BEAR/USD;0,00185100;0,00226300;0,00178050;0,00187950;1,52
2021-06-07T00:00:00+00:00;BEAR/USD;0,00156350;0,00189950;0,00139400;0,00185100;15,53
2021-06-06T00:00:00+00:00;BEAR/USD;0,00159900;0,00163450;0,00147050;0,00156350;-2,27
2021-06-05T00:00:00+00:00;BEAR/USD;0,00144950;0,00168450;0,00131800;0,00159900;9,35
2021-06-04T00:00:00+00:00;BEAR/USD;0,00122850;0,00157450;0,00121850;0,00144950;15,25
2021-06-03T00:00:00+00:00;BEAR/USD;0,00141000;0,00145100;0,00119600;0,00122850;-14,77
2021-06-02T00:00:00+00:00;BEAR/USD;0,00151950;0,00160750;0,00133250;0,00141000;-7,77
2021-06-01T00:00:00+00:00;BEAR/USD;0,00145200;0,00163200;0,00137700;0,00151950;4,44
2021-05-31T00:00:00+00:00;BEAR/USD;0,00168050;0,00189950;0,00142300;0,00145050;-15,86
2021-05-30T00:00:00+00:00;BEAR/USD;0,00185400;0,00208400;0,00154350;0,00168050;-10,32
2021-05-29T00:00:00+00:00;BEAR/USD;0,00171700;0,00199750;0,00148000;0,00185400;7,39
2021-05-28T00:00:00+00:00;BEAR/USD;0,00139400;0,00181900;0,00134250;0,00171700;18,81
2021-05-27T00:00:00+00:00;BEAR/USD;0,00131950;0,00152750;0,00120050;0,00139400;5,34
2021-05-26T00:00:00+00:00;BEAR/USD;0,00141600;0,00147150;0,00114200;0,00131950;-7,31
2021-05-25T00:00:00+00:00;BEAR/USD;0,00136700;0,00161800;0,00126150;0,00141600;3,46
2021-05-24T00:00:00+00:00;BEAR/USD;0,00198450;0,00204100;0,00123300;0,00136700;-45,17
2021-05-23T00:00:00+00:00;BEAR/USD;0,00161150;0,00244600;0,00150000;0,00198450;18,8
2021-05-22T00:00:00+00:00;BEAR/USD;0,00163450;0,00189600;0,00143450;0,00161150;-1,43
2021-05-21T00:00:00+00:00;BEAR/USD;0,00131750;0,00200000;0,00116400;0,00163450;19,39
2021-05-20T00:00:00+00:00;BEAR/USD;0,00187650;0,00217500;0,00115100;0,00131750;-42,43
2021-05-19T00:00:00+00:00;BEAR/USD;0,00130550;0,00258750;0,00124300;0,00187650;30,43
2021-05-18T00:00:00+00:00;BEAR/USD;0,00125100;0,00135900;0,00104650;0,00130550;4,17
2021-05-17T00:00:00+00:00;BEAR/USD;0,00105650;0,00135000;0,00104950;0,00125100;15,55
2021-05-16T00:00:00+00:00;BEAR/USD;0,00110400;0,00120350;0,00088450;0,00105650;-4,5
2021-05-15T00:00:00+00:00;BEAR/USD;0,00092900;0,00111500;0,00088275;0,00110400;15,85
2021-05-14T00:00:00+00:00;BEAR/USD;0,00093825;0,00098500;0,00083225;0,00092900;-1,0
2021-05-13T00:00:00+00:00;BEAR/USD;0,00107000;0,00127450;0,00084975;0,00093825;-14,04
2021-05-12T00:00:00+00:00;BEAR/USD;0,00076350;0,00109875;0,00071025;0,00107000;28,64
2021-05-11T00:00:00+00:00;BEAR/USD;0,00080100;0,00085700;0,00075725;0,00076350;-4,91
2021-05-10T00:00:00+00:00;BEAR/USD;0,00071175;0,00093925;0,00066300;0,00080100;11,14
2021-05-09T00:00:00+00:00;BEAR/USD;0,00068800;0,00077950;0,00067450;0,00071175;3,34
2021-05-08T00:00:00+00:00;BEAR/USD;0,00074750;0,00076125;0,00066200;0,00068800;-8,65
2021-05-07T00:00:00+00:00;BEAR/USD;0,00078825;0,00083550;0,00068550;0,00074750;-5,45
2021-05-06T00:00:00+00:00;BEAR/USD;0,00074375;0,00083075;0,00070975;0,00078825;5,65
2021-05-05T00:00:00+00:00;BEAR/USD;0,00096850;0,00098050;0,00072700;0,00074375;-30,22
2021-05-04T00:00:00+00:00;BEAR/USD;0,00080350;0,00097400;0,00080250;0,00096850;17,04
2021-05-03T00:00:00+00:00;BEAR/USD;0,00082650;0,00082900;0,00072150;0,00080375;-2,83
2021-05-02T00:00:00+00:00;BEAR/USD;0,00077425;0,00084375;0,00076975;0,00082650;6,32
2021-05-01T00:00:00+00:00;BEAR/USD;0,00077725;0,00080425;0,00074075;0,00077425;-0,39
2021-04-30T00:00:00+00:00;BEAR/USD;0,00100375;0,00103475;0,00076825;0,00077725;-29,14
2021-04-29T00:00:00+00:00;BEAR/USD;0,00093800;0,00106425;0,00091925;0,00100375;6,55
2021-04-28T00:00:00+00:00;BEAR/USD;0,00092500;0,00098300;0,00085625;0,00093800;1,39
2021-04-27T00:00:00+00:00;BEAR/USD;0,00098350;0,00102450;0,00090350;0,00092500;-6,32
2021-04-26T00:00:00+00:00;BEAR/USD;0,00136650;0,00138700;0,00096325;0,00098350;-38,94
2021-04-25T00:00:00+00:00;BEAR/USD;0,00128300;0,00153600;0,00124700;0,00136650;6,11
2021-04-24T00:00:00+00:00;BEAR/USD;0,00121150;0,00137900;0,00121000;0,00128300;5,57
2021-04-23T00:00:00+00:00;BEAR/USD;0,00117300;0,00145400;0,00114200;0,00121150;3,18
2021-04-22T00:00:00+00:00;BEAR/USD;0,00104850;0,00125250;0,00094350;0,00117300;10,61
2021-04-21T00:00:00+00:00;BEAR/USD;0,00092000;0,00106150;0,00089850;0,00104850;12,26
2021-04-20T00:00:00+00:00;BEAR/USD;0,00096100;0,00108450;0,00088175;0,00092000;-4,46
2021-04-19T00:00:00+00:00;BEAR/USD;0,00093475;0,00102900;0,00086650;0,00096100;2,73
2021-04-18T00:00:00+00:00;BEAR/USD;0,00078375;0,00112025;0,00077000;0,00093475;16,15
2021-04-17T00:00:00+00:00;BEAR/USD;0,00073500;0,00079875;0,00069500;0,00078375;6,22
2021-04-16T00:00:00+00:00;BEAR/USD;0,00067550;0,00077825;0,00066400;0,00073500;8,1
2021-04-15T00:00:00+00:00;BEAR/USD;0,00068250;0,00071200;0,00065500;0,00067550;-1,04
2021-04-14T00:00:00+00:00;BEAR/USD;0,00065650;0,00073625;0,00061825;0,00068250;3,81
2021-04-13T00:00:00+00:00;BEAR/USD;0,00080700;0,00080875;0,00065000;0,00065650;-22,92
2021-04-12T00:00:00+00:00;BEAR/USD;0,00079675;0,00082250;0,00074650;0,00080700;1,27
2021-04-11T00:00:00+00:00;BEAR/USD;0,00080400;0,00082650;0,00076600;0,00079675;-0,91
2021-04-10T00:00:00+00:00;BEAR/USD;0,00087425;0,00088400;0,00071975;0,00080400;-8,74
2021-04-09T00:00:00+00:00;BEAR/USD;0,00087550;0,00089150;0,00083825;0,00087425;-0,14
2021-04-08T00:00:00+00:00;BEAR/USD;0,00098900;0,00100350;0,00086800;0,00087550;-12,96
2021-04-07T00:00:00+00:00;BEAR/USD;0,00088600;0,00100950;0,00085975;0,00098900;10,41
2021-04-06T00:00:00+00:00;BEAR/USD;0,00083250;0,00091000;0,00081925;0,00088600;6,04
2021-04-05T00:00:00+00:00;BEAR/USD;0,00087850;0,00094300;0,00082875;0,00083250;-5,53
2021-04-04T00:00:00+00:00;BEAR/USD;0,00093475;0,00096000;0,00086350;0,00087850;-6,4
2021-04-03T00:00:00+00:00;BEAR/USD;0,00084500;0,00094000;0,00081275;0,00093475;9,6
2021-04-02T00:00:00+00:00;BEAR/USD;0,00085050;0,00086775;0,00078400;0,00084500;-0,65
2021-04-01T00:00:00+00:00;BEAR/USD;0,00084225;0,00088550;0,00081225;0,00085050;0,97
2021-03-31T00:00:00+00:00;BEAR/USD;0,00083900;0,00091900;0,00079250;0,00084225;0,39
2021-03-30T00:00:00+00:00;BEAR/USD;0,00088000;0,00090950;0,00080000;0,00083900;-4,89
2021-03-29T00:00:00+00:00;BEAR/USD;0,00098025;0,00102300;0,00083850;0,00088000;-11,39
2021-03-28T00:00:00+00:00;BEAR/USD;0,00097450;0,00103175;0,00093600;0,00098025;0,59
2021-03-27T00:00:00+00:00;BEAR/USD;0,00101750;0,00107325;0,00093150;0,00097425;-4,44
2021-03-26T00:00:00+00:00;BEAR/USD;0,00129200;0,00129600;0,00101000;0,00101750;-26,98
2021-03-25T00:00:00+00:00;BEAR/USD;0,00122950;0,00136300;0,00115850;0,00129200;4,84
2021-03-24T00:00:00+00:00;BEAR/USD;0,00109900;0,00126350;0,00092800;0,00122950;10,61
2021-03-23T00:00:00+00:00;BEAR/USD;0,00112000;0,00118600;0,00100500;0,00109900;-1,91
2021-03-22T00:00:00+00:00;BEAR/USD;0,00094800;0,00114200;0,00089675;0,00112000;15,36
2021-03-21T00:00:00+00:00;BEAR/USD;0,00091325;0,00103175;0,00089050;0,00094800;3,67
2021-03-20T00:00:00+00:00;BEAR/USD;0,00091900;0,00092700;0,00082750;0,00091325;-0,63
2021-03-19T00:00:00+00:00;BEAR/USD;0,00094075;0,00100550;0,00084625;0,00091900;-2,37
2021-03-18T00:00:00+00:00;BEAR/USD;0,00088475;0,00096800;0,00083100;0,00094075;5,95
2021-03-17T00:00:00+00:00;BEAR/USD;0,00099000;0,00113450;0,00088100;0,00088475;-11,9
2021-03-16T00:00:00+00:00;BEAR/USD;0,00106950;0,00120100;0,00098350;0,00099000;-8,03
2021-03-15T00:00:00+00:00;BEAR/USD;0,00090775;0,00111475;0,00082625;0,00106950;15,12
2021-03-14T00:00:00+00:00;BEAR/USD;0,00081100;0,00090975;0,00079750;0,00090775;10,66
2021-03-13T00:00:00+00:00;BEAR/USD;0,00102700;0,00109100;0,00079000;0,00081100;-26,63
2021-03-12T00:00:00+00:00;BEAR/USD;0,00099850;0,00114250;0,00098050;0,00102700;2,78
2021-03-11T00:00:00+00:00;BEAR/USD;0,00110500;0,00120300;0,00096800;0,00099850;-10,67
2021-03-10T00:00:00+00:00;BEAR/USD;0,00116500;0,00128550;0,00100700;0,00110500;-5,43
2021-03-09T00:00:00+00:00;BEAR/USD;0,00135000;0,00138850;0,00116100;0,00116500;-15,88
2021-03-08T00:00:00+00:00;BEAR/USD;0,00147900;0,00162050;0,00135000;0,00135000;-9,56
2021-03-07T00:00:00+00:00;BEAR/USD;0,00168750;0,00168750;0,00142200;0,00147900;-14,1
2021-03-06T00:00:00+00:00;BEAR/USD;0,00169750;0,00187700;0,00165300;0,00168750;-0,59
2021-03-05T00:00:00+00:00;BEAR/USD;0,00175550;0,00197400;0,00162550;0,00169750;-3,42
2021-03-04T00:00:00+00:00;BEAR/USD;0,00156550;0,00183600;0,00142800;0,00175550;10,82
2021-03-03T00:00:00+00:00;BEAR/USD;0,00182150;0,00184850;0,00137000;0,00156500;-16,39
2021-03-02T00:00:00+00:00;BEAR/USD;0,00169400;0,00195450;0,00162500;0,00182150;7,0
2021-03-01T00:00:00+00:00;BEAR/USD;0,00232150;0,00235250;0,00167200;0,00169400;-37,04
2021-02-28T00:00:00+00:00;BEAR/USD;0,00219100;0,00264350;0,00210950;0,00232350;5,7
2021-02-27T00:00:00+00:00;BEAR/USD;0,00215550;0,00234750;0,00184900;0,00219100;1,62
2021-02-26T00:00:00+00:00;BEAR/USD;0,00207700;0,00245600;0,00186800;0,00215550;3,64
2021-02-25T00:00:00+00:00;BEAR/USD;0,00178300;0,00211500;0,00152650;0,00207700;14,16
2021-02-24T00:00:00+00:00;BEAR/USD;0,00187850;0,00209000;0,00158500;0,00178300;-5,36
2021-02-23T00:00:00+00:00;BEAR/USD;0,00145600;0,00220800;0,00145250;0,00187850;22,49
2021-02-22T00:00:00+00:00;BEAR/USD;0,00123300;0,00184650;0,00122500;0,00145600;15,32
2021-02-21T00:00:00+00:00;BEAR/USD;0,00134500;0,00137300;0,00116250;0,00123300;-9,08
2021-02-20T00:00:00+00:00;BEAR/USD;0,00133850;0,00148450;0,00121800;0,00134500;0,48
2021-02-19T00:00:00+00:00;BEAR/USD;0,00175550;0,00183700;0,00130350;0,00133850;-31,15
2021-02-18T00:00:00+00:00;BEAR/USD;0,00168500;0,00181250;0,00164250;0,00175550;4,02
2021-02-17T00:00:00+00:00;BEAR/USD;0,00204600;0,00206400;0,00162200;0,00168500;-21,42
2021-02-16T00:00:00+00:00;BEAR/USD;0,00220000;0,00232800;0,00180150;0,00204600;-7,53
2021-02-15T00:00:00+00:00;BEAR/USD;0,00210650;0,00246500;0,00205550;0,00220000;4,25
2021-02-14T00:00:00+00:00;BEAR/USD;0,00231250;0,00232700;0,00192900;0,00210050;-10,09
2021-02-13T00:00:00+00:00;BEAR/USD;0,00226900;0,00243950;0,00214700;0,00231250;1,88
2021-02-12T00:00:00+00:00;BEAR/USD;0,00217100;0,00242500;0,00201700;0,00226900;4,32
2021-02-11T00:00:00+00:00;BEAR/USD;0,00276900;0,00291800;0,00207500;0,00216600;-27,84
2021-02-10T00:00:00+00:00;BEAR/USD;0,00249300;0,00294400;0,00234100;0,00276900;9,97
2021-02-09T00:00:00+00:00;BEAR/USD;0,00249600;0,00270800;0,00220300;0,00249300;-0,12
2021-02-08T00:00:00+00:00;BEAR/USD;0,00453000;0,00480600;0,00241200;0,00249600;-81,49
2021-02-07T00:00:00+00:00;BEAR/USD;0,00438300;0,00503100;0,00421900;0,00453000;3,25
2021-02-06T00:00:00+00:00;BEAR/USD;0,00489000;0,00492000;0,00389000;0,00438300;-11,57
2021-02-05T00:00:00+00:00;BEAR/USD;0,00547250;0,00563000;0,00485000;0,00489000;-11,91
2021-02-04T00:00:00+00:00;BEAR/USD;0,00518000;0,00575400;0,00468800;0,00547250;5,34
2021-02-03T00:00:00+00:00;BEAR/USD;0,00630250;0,00640000;0,00517500;0,00518000;-21,67
2021-02-02T00:00:00+00:00;BEAR/USD;0,00771500;0,00781500;0,00605000;0,00630250;-22,41
2021-02-01T00:00:00+00:00;BEAR/USD;0,00802500;0,00861000;0,00684000;0,00771000;-4,09
2021-01-31T00:00:00+00:00;BEAR/USD;0,00724750;0,00869250;0,00718250;0,00802500;9,69
2021-01-30T00:00:00+00:00;BEAR/USD;0,00723000;0,00814250;0,00680000;0,00724750;0,24
2021-01-29T00:00:00+00:00;BEAR/USD;0,00879750;0,00986500;0,00522250;0,00723000;-21,68
2021-01-28T00:00:00+00:00;BEAR/USD;0,01211000;0,01273000;0,00846000;0,00879750;-37,65
2021-01-27T00:00:00+00:00;BEAR/USD;0,01014250;0,01326000;0,01008500;0,01211000;16,25
2021-01-26T00:00:00+00:00;BEAR/USD;0,01046000;0,01228000;0,00972000;0,01014250;-3,13
2021-01-25T00:00:00+00:00;BEAR/USD;0,01097000;0,01106000;0,00844000;0,01046000;-4,88
2021-01-24T00:00:00+00:00;BEAR/USD;0,01123500;0,01241500;0,01008500;0,01097000;-2,42
2021-01-23T00:00:00+00:00;BEAR/USD;0,01034500;0,01188000;0,00987500;0,01123500;7,92
2021-01-22T00:00:00+00:00;BEAR/USD;0,01327000;0,01564750;0,00953000;0,01034000;-28,34
2021-01-21T00:00:00+00:00;BEAR/USD;0,00949000;0,01386000;0,00941250;0,01327000;28,49
2021-01-20T00:00:00+00:00;BEAR/USD;0,00921000;0,01119500;0,00877000;0,00949000;2,95
2021-01-19T00:00:00+00:00;BEAR/USD;0,00865000;0,00921750;0,00780000;0,00921000;6,08
2021-01-18T00:00:00+00:00;BEAR/USD;0,00927500;0,01011000;0,00802000;0,00865000;-7,23
2021-01-17T00:00:00+00:00;BEAR/USD;0,00912500;0,01079750;0,00848000;0,00927500;1,62
2021-01-16T00:00:00+00:00;BEAR/USD;0,00860000;0,00958500;0,00780250;0,00912500;5,75
2021-01-15T00:00:00+00:00;BEAR/USD;0,00726750;0,00997000;0,00690500;0,00860000;15,49
2021-01-14T00:00:00+00:00;BEAR/USD;0,00840500;0,00879500;0,00659000;0,00726750;-15,65
2021-01-13T00:00:00+00:00;BEAR/USD;0,01164000;0,01336500;0,00811000;0,00840500;-38,49
2021-01-12T00:00:00+00:00;BEAR/USD;0,01036250;0,01300000;0,00928250;0,01164000;10,98
2021-01-11T00:00:00+00:00;BEAR/USD;0,00852500;0,01390000;0,00847500;0,01036250;17,73
2021-01-10T00:00:00+00:00;BEAR/USD;0,00738750;0,01019000;0,00670500;0,00852500;13,34
2021-01-09T00:00:00+00:00;BEAR/USD;0,00718000;0,00818000;0,00674000;0,00739000;2,84
2021-01-08T00:00:00+00:00;BEAR/USD;0,00784000;0,00958000;0,00632750;0,00718000;-9,19
2021-01-07T00:00:00+00:00;BEAR/USD;0,00988000;0,01031250;0,00720000;0,00784000;-26,02
2021-01-06T00:00:00+00:00;BEAR/USD;0,01291500;0,01368000;0,00976000;0,00988000;-30,72
2021-01-05T00:00:00+00:00;BEAR/USD;0,01600000;0,01911000;0,01238500;0,01291500;-23,89
2021-01-04T00:00:00+00:00;BEAR/USD;0,01457000;0,02151000;0,01374000;0,01600000;8,94
2021-01-03T00:00:00+00:00;BEAR/USD;0,01642000;0,01674000;0,01250000;0,01457000;-12,7
2021-01-02T00:00:00+00:00;BEAR/USD;0,02300000;0,02386000;0,01474000;0,01642000;-40,07
2021-01-01T00:00:00+00:00;BEAR/USD;0,02406000;0,02510000;0,02219000;0,02300000;-4,61
2020-12-31T00:00:00+00:00;BEAR/USD;0,02428000;0,02654000;0,02303000;0,02406000;-0,91
2020-12-30T00:00:00+00:00;BEAR/USD;0,02890000;0,02899000;0,02386000;0,02428000;-19,03
2020-12-29T00:00:00+00:00;BEAR/USD;0,02987000;0,03382000;0,02883000;0,02890000;-3,36
2020-12-28T00:00:00+00:00;BEAR/USD;0,03280000;0,03338000;0,02820000;0,02987000;-9,81
2020-12-27T00:00:00+00:00;BEAR/USD;0,03385000;0,03397000;0,02664000;0,03280000;-3,2
2020-12-26T00:00:00+00:00;BEAR/USD;0,04260000;0,04358000;0,03226000;0,03385000;-25,85
2020-12-25T00:00:00+00:00;BEAR/USD;0,04855000;0,05021000;0,04218000;0,04260000;-13,97
2020-12-24T00:00:00+00:00;BEAR/USD;0,05180000;0,05555000;0,04805000;0,04855000;-6,69
2020-12-23T00:00:00+00:00;BEAR/USD;0,04810000;0,05565000;0,04627000;0,05180000;7,14
2020-12-22T00:00:00+00:00;BEAR/USD;0,05625000;0,05880000;0,04798000;0,04810000;-16,94
2020-12-21T00:00:00+00:00;BEAR/USD;0,05126000;0,06135000;0,04674000;0,05625000;8,87
2020-12-20T00:00:00+00:00;BEAR/USD;0,04862000;0,05337000;0,04582500;0,05126000;5,15
2020-12-19T00:00:00+00:00;BEAR/USD;0,05337500;0,05592500;0,04600000;0,04862000;-9,78
2020-12-18T00:00:00+00:00;BEAR/USD;0,05547500;0,05915000;0,05215000;0,05337500;-3,93
2020-12-17T00:00:00+00:00;BEAR/USD;0,06982500;0,07107500;0,04812500;0,05547500;-25,87
2020-12-16T00:00:00+00:00;BEAR/USD;0,09642500;0,09840000;0,06742500;0,06982500;-38,1
2020-12-15T00:00:00+00:00;BEAR/USD;0,09860000;0,10207500;0,09385000;0,09642500;-2,26
2020-12-14T00:00:00+00:00;BEAR/USD;0,10000000;0,10262500;0,09697500;0,09860000;-1,42
2020-12-13T00:00:00+00:00;BEAR/USD;0,10630000;0,10792500;0,09570000;0,10000000;-6,3
2020-12-12T00:00:00+00:00;BEAR/USD;0,12180000;0,12200000;0,10315000;0,10630000;-14,58
2020-12-11T00:00:00+00:00;BEAR/USD;0,11770000;0,13040000;0,11690000;0,12180000;3,37
2020-12-10T00:00:00+00:00;BEAR/USD;0,11220000;0,12360000;0,11220000;0,11770000;4,67
2020-12-09T00:00:00+00:00;BEAR/USD;0,11690000;0,13000000;0,11070000;0,11220000;-4,19
2020-12-08T00:00:00+00:00;BEAR/USD;0,10260000;0,12140000;0,10055000;0,11690000;12,23
2020-12-07T00:00:00+00:00;BEAR/USD;0,09972500;0,10717500;0,09875000;0,10260000;2,8
2020-12-06T00:00:00+00:00;BEAR/USD;0,10345000;0,10815000;0,09877500;0,09972500;-3,74
2020-12-05T00:00:00+00:00;BEAR/USD;0,11270000;0,11520000;0,10240000;0,10345000;-8,94
2020-12-04T00:00:00+00:00;BEAR/USD;0,10020000;0,11377500;0,09865000;0,11270000;11,09
2020-12-03T00:00:00+00:00;BEAR/USD;0,10355000;0,10867500;0,09692500;0,10020000;-3,34
2020-12-02T00:00:00+00:00;BEAR/USD;0,11195000;0,11970000;0,10130000;0,10355000;-8,11
2020-12-01T00:00:00+00:00;BEAR/USD;0,09740000;0,12215000;0,09425000;0,11195000;13,0
2020-11-30T00:00:00+00:00;BEAR/USD;0,12785000;0,12785000;0,09405000;0,09740000;-31,26
2020-11-29T00:00:00+00:00;BEAR/USD;0,13890000;0,14315000;0,12440000;0,12785000;-8,64
2020-11-28T00:00:00+00:00;BEAR/USD;0,15440000;0,16160000;0,13505000;0,13890000;-11,16
2020-11-27T00:00:00+00:00;BEAR/USD;0,15410000;0,17280000;0,14600000;0,15440000;0,19
2020-11-26T00:00:00+00:00;BEAR/USD;0,12260000;0,17220000;0,11885000;0,15410000;20,44
2020-11-25T00:00:00+00:00;BEAR/USD;0,11420000;0,12695000;0,10775000;0,12260000;6,85
2020-11-24T00:00:00+00:00;BEAR/USD;0,13040000;0,13755000;0,10815000;0,11420000;-14,19
2020-11-23T00:00:00+00:00;BEAR/USD;0,12870000;0,13760000;0,12200000;0,13040000;1,3
2020-11-22T00:00:00+00:00;BEAR/USD;0,12350000;0,14440000;0,12215000;0,12870000;4,04
2020-11-21T00:00:00+00:00;BEAR/USD;0,12410000;0,13060000;0,11800000;0,12350000;-0,49
2020-11-20T00:00:00+00:00;BEAR/USD;0,14465000;0,14580000;0,12030000;0,12410000;-16,56
2020-11-19T00:00:00+00:00;BEAR/USD;0,14540000;0,15595000;0,13540000;0,14465000;-0,52
2020-11-18T00:00:00+00:00;BEAR/USD;0,14785000;0,15965000;0,12650000;0,14540000;-1,69
2020-11-17T00:00:00+00:00;BEAR/USD;0,17930000;0,18445000;0,14310000;0,14785000;-21,27
2020-11-16T00:00:00+00:00;BEAR/USD;0,20855000;0,21210000;0,17230000;0,17930000;-16,31
2020-11-15T00:00:00+00:00;BEAR/USD;0,20395000;0,21565000;0,20100000;0,20855000;2,21
2020-11-14T00:00:00+00:00;BEAR/USD;0,19460000;0,21780000;0,19440000;0,20395000;4,58
2020-11-13T00:00:00+00:00;BEAR/USD;0,19615000;0,20795000;0,18895000;0,19460000;-0,8
2020-11-12T00:00:00+00:00;BEAR/USD;0,22080000;0,23095000;0,19380000;0,19615000;-12,57
2020-11-11T00:00:00+00:00;BEAR/USD;0,23880000;0,24010000;0,20650000;0,22080000;-8,15
2020-11-10T00:00:00+00:00;BEAR/USD;0,23730000;0,24900000;0,23130000;0,23880000;0,63
2020-11-09T00:00:00+00:00;BEAR/USD;0,23070000;0,25990000;0,21355000;0,23730000;2,78
2020-11-08T00:00:00+00:00;BEAR/USD;0,26690000;0,27120000;0,22130000;0,23070000;-15,69
2020-11-07T00:00:00+00:00;BEAR/USD;0,23205000;0,28860000;0,22405000;0,26680000;13,02
2020-11-06T00:00:00+00:00;BEAR/USD;0,23120000;0,24925000;0,20970000;0,23205000;0,37
2020-11-05T00:00:00+00:00;BEAR/USD;0,32130000;0,32340000;0,22360000;0,23120000;-38,97
2020-11-04T00:00:00+00:00;BEAR/USD;0,33020000;0,36470000;0,30660000;0,32130000;-2,77
2020-11-03T00:00:00+00:00;BEAR/USD;0,36790000;0,39020000;0,32620000;0,33040000;-11,35
2020-11-02T00:00:00+00:00;BEAR/USD;0,35390000;0,39530000;0,34760000;0,36790000;3,81
2020-11-01T00:00:00+00:00;BEAR/USD;0,35100000;0,36430000;0,34250000;0,35390000;0,82
2020-10-31T00:00:00+00:00;BEAR/USD;0,36950000;0,38110000;0,32410000;0,35100000;-5,27
2020-10-30T00:00:00+00:00;BEAR/USD;0,37870000;0,40780000;0,35800000;0,36950000;-2,49
2020-10-29T00:00:00+00:00;BEAR/USD;0,39540000;0,42240000;0,36140000;0,37870000;-4,41
2020-10-28T00:00:00+00:00;BEAR/USD;0,36590000;0,42650000;0,34750000;0,39540000;7,46
2020-10-27T00:00:00+00:00;BEAR/USD;0,42060000;0,42150000;0,35050000;0,36590000;-14,95
2020-10-26T00:00:00+00:00;BEAR/USD;0,42300000;0,44960000;0,40120000;0,42060000;-0,57
2020-10-25T00:00:00+00:00;BEAR/USD;0,41580000;0,43550000;0,39150000;0,42300000;1,7
2020-10-24T00:00:00+00:00;BEAR/USD;0,43370000;0,43880000;0,40910000;0,41580000;-4,3
2020-10-23T00:00:00+00:00;BEAR/USD;0,42890000;0,45400000;0,42360000;0,43370000;1,11
2020-10-22T00:00:00+00:00;BEAR/USD;0,44640000;0,46000000;0,40610000;0,42890000;-4,08
2020-10-21T00:00:00+00:00;BEAR/USD;0,57600000;0,57975000;0,39970000;0,44640000;-29,03
2020-10-20T00:00:00+00:00;BEAR/USD;0,60125000;0,61250000;0,55675000;0,57600000;-4,38
2020-10-19T00:00:00+00:00;BEAR/USD;0,64425000;0,65900000;0,59100000;0,60125000;-7,15
2020-10-18T00:00:00+00:00;BEAR/USD;0,66975000;0,67225000;0,64425000;0,64425000;-3,96
2020-10-17T00:00:00+00:00;BEAR/USD;0,67700000;0,68775000;0,66350000;0,66975000;-1,08
2020-10-16T00:00:00+00:00;BEAR/USD;0,64675000;0,69625000;0,64100000;0,67700000;4,47
2020-10-15T00:00:00+00:00;BEAR/USD;0,66200000;0,68925000;0,63025000;0,64675000;-2,36
2020-10-14T00:00:00+00:00;BEAR/USD;0,66050000;0,68350000;0,63925000;0,66200000;0,23
2020-10-13T00:00:00+00:00;BEAR/USD;0,64175000;0,67975000;0,63925000;0,66050000;2,84
2020-10-12T00:00:00+00:00;BEAR/USD;0,67050000;0,69900000;0,60900000;0,64175000;-4,48
2020-10-11T00:00:00+00:00;BEAR/USD;0,68525000;0,68675000;0,65800000;0,67050000;-2,2
2020-10-10T00:00:00+00:00;BEAR/USD;0,72850000;0,72875000;0,64725000;0,68525000;-6,31
2020-10-09T00:00:00+00:00;BEAR/USD;0,75725000;0,77500000;0,71675000;0,72850000;-3,95
2020-10-08T00:00:00+00:00;BEAR/USD;0,81675000;0,84475000;0,75075000;0,75725000;-7,86
2020-10-07T00:00:00+00:00;BEAR/USD;0,83000000;0,84175000;0,81275000;0,81675000;-1,62
2020-10-06T00:00:00+00:00;BEAR/USD;0,78825000;0,84650000;0,78750000;0,83000000;5,03
2020-10-05T00:00:00+00:00;BEAR/USD;0,81800000;0,82700000;0,78300000;0,78825000;-3,77
2020-10-04T00:00:00+00:00;BEAR/USD;0,84600000;0,85125000;0,80875000;0,81800000;-3,42
2020-10-03T00:00:00+00:00;BEAR/USD;0,84325000;0,85775000;0,83500000;0,84600000;0,33
2020-10-02T00:00:00+00:00;BEAR/USD;0,83425000;0,89175000;0,82200000;0,84325000;1,07
2020-10-01T00:00:00+00:00;BEAR/USD;0,79825000;0,87000000;0,76450000;0,83425000;4,32
2020-09-30T00:00:00+00:00;BEAR/USD;0,78300000;0,82100000;0,78125000;0,79825000;1,91
2020-09-29T00:00:00+00:00;BEAR/USD;0,81700000;0,82850000;0,77800000;0,78300000;-4,34
2020-09-28T00:00:00+00:00;BEAR/USD;0,79950000;0,82800000;0,76075000;0,81700000;2,14
2020-09-27T00:00:00+00:00;BEAR/USD;0,80700000;0,83775000;0,79200000;0,79950000;-0,94
2020-09-26T00:00:00+00:00;BEAR/USD;0,81600000;0,82550000;0,78625000;0,80700000;-1,12
2020-09-25T00:00:00+00:00;BEAR/USD;0,80650000;0,84700000;0,80300000;0,81600000;1,16
2020-09-24T00:00:00+00:00;BEAR/USD;0,94950000;0,95800000;0,79325000;0,80650000;-17,73
2020-09-23T00:00:00+00:00;BEAR/USD;0,87750000;0,97325000;0,87500000;0,94950000;7,58
2020-09-22T00:00:00+00:00;BEAR/USD;0,90850000;0,92475000;0,86550000;0,87750000;-3,53
2020-09-21T00:00:00+00:00;BEAR/USD;0,79825000;0,93575000;0,78200000;0,90850000;12,14
2020-09-20T00:00:00+00:00;BEAR/USD;0,76300000;0,83100000;0,76300000;0,79825000;4,42
2020-09-19T00:00:00+00:00;BEAR/USD;0,79750000;0,80450000;0,74150000;0,76300000;-4,52
2020-09-18T00:00:00+00:00;BEAR/USD;0,79275000;0,82100000;0,77225000;0,79750000;0,6
2020-09-17T00:00:00+00:00;BEAR/USD;0,79200000;0,83425000;0,77000000;0,79275000;0,09
2020-09-16T00:00:00+00:00;BEAR/USD;0,83150000;0,85850000;0,75975000;0,79175000;-5,02
2020-09-15T00:00:00+00:00;BEAR/USD;0,85950000;0,86925000;0,79525000;0,83100000;-3,43
2020-09-14T00:00:00+00:00;BEAR/USD;0,95575000;0,97625000;0,83825000;0,85950000;-11,2
2020-09-13T00:00:00+00:00;BEAR/USD;0,92475000;0,98550000;0,88725000;0,95575000;3,24
2020-09-12T00:00:00+00:00;BEAR/USD;0,93650000;0,96850000;0,91275000;0,92475000;-1,27
2020-09-11T00:00:00+00:00;BEAR/USD;0,95050000;0,98650000;0,93425000;0,93650000;-1,49
2020-09-10T00:00:00+00:00;BEAR/USD;0,98400000;0,98525000;0,90950000;0,95050000;-3,52
2020-09-09T00:00:00+00:00;BEAR/USD;1,01600000;1,05650000;0,94700000;0,98400000;-3,25
2020-09-08T00:00:00+00:00;BEAR/USD;0,94750000;1,09250000;0,92925000;1,01600000;6,74
2020-09-07T00:00:00+00:00;BEAR/USD;0,98325000;1,08850000;0,93800000;0,94750000;-3,77
2020-09-06T00:00:00+00:00;BEAR/USD;1,01225000;1,05850000;0,95375000;0,98325000;-2,95
2020-09-05T00:00:00+00:00;BEAR/USD;0,93325000;1,10000000;0,90425000;1,01225000;7,8
2020-09-04T00:00:00+00:00;BEAR/USD;1,03350000;1,12875000;0,88350000;0,93325000;-10,74
2020-09-03T00:00:00+00:00;BEAR/USD;0,77400000;1,07050000;0,75900000;1,03350000;25,11
2020-09-02T00:00:00+00:00;BEAR/USD;0,68250000;0,81675000;0,67675000;0,77400000;11,82
2020-09-01T00:00:00+00:00;BEAR/USD;0,73125000;0,75325000;0,65550000;0,68250000;-7,14
2020-08-31T00:00:00+00:00;BEAR/USD;0,71950000;0,74475000;0,70725000;0,73125000;1,61
2020-08-30T00:00:00+00:00;BEAR/USD;0,76875000;0,76975000;0,71725000;0,71950000;-6,85
2020-08-29T00:00:00+00:00;BEAR/USD;0,75725000;0,77500000;0,74525000;0,76850000;1,46
2020-08-28T00:00:00+00:00;BEAR/USD;0,79800000;0,80775000;0,75200000;0,75700000;-5,42
2020-08-27T00:00:00+00:00;BEAR/USD;0,76925000;0,83800000;0,74450000;0,79800000;3,6
2020-08-26T00:00:00+00:00;BEAR/USD;0,79975000;0,81300000;0,75175000;0,76925000;-3,96
2020-08-25T00:00:00+00:00;BEAR/USD;0,71975000;0,83850000;0,71675000;0,79975000;10,0
2020-08-24T00:00:00+00:00;BEAR/USD;0,73875000;0,74950000;0,70550000;0,71975000;-2,64
2020-08-23T00:00:00+00:00;BEAR/USD;0,73525000;0,76325000;0,72725000;0,73875000;0,47
2020-08-22T00:00:00+00:00;BEAR/USD;0,76375000;0,79225000;0,73225000;0,73525000;-3,88
2020-08-21T00:00:00+00:00;BEAR/USD;0,70250000;0,76975000;0,69975000;0,76375000;8,02
2020-08-20T00:00:00+00:00;BEAR/USD;0,72275000;0,73700000;0,69825000;0,70250000;-2,88
2020-08-19T00:00:00+00:00;BEAR/USD;0,68500000;0,75450000;0,67325000;0,72275000;5,22
2020-08-18T00:00:00+00:00;BEAR/USD;0,63275000;0,70550000;0,61625000;0,68500000;7,63
2020-08-17T00:00:00+00:00;BEAR/USD;0,69800000;0,75100000;0,59925000;0,63275000;-10,31
2020-08-16T00:00:00+00:00;BEAR/USD;0,70425000;0,73675000;0,69175000;0,69800000;-0,9
2020-08-15T00:00:00+00:00;BEAR/USD;0,72050000;0,73450000;0,68025000;0,70425000;-2,31
2020-08-14T00:00:00+00:00;BEAR/USD;0,71550000;0,74300000;0,70200000;0,72050000;0,69
2020-08-13T00:00:00+00:00;BEAR/USD;0,75900000;0,82000000;0,71400000;0,71550000;-6,08
2020-08-12T00:00:00+00:00;BEAR/USD;0,79700000;0,84175000;0,74900000;0,75900000;-5,01
2020-08-11T00:00:00+00:00;BEAR/USD;0,70700000;0,84375000;0,69850000;0,79700000;11,29
2020-08-10T00:00:00+00:00;BEAR/USD;0,74600000;0,77500000;0,66825000;0,70700000;-5,52
2020-08-09T00:00:00+00:00;BEAR/USD;0,72925000;0,77250000;0,72275000;0,74600000;2,25
2020-08-08T00:00:00+00:00;BEAR/USD;0,76400000;0,77750000;0,72000000;0,72925000;-4,77
2020-08-07T00:00:00+00:00;BEAR/USD;0,73100000;0,81325000;0,70500000;0,76400000;4,32
2020-08-06T00:00:00+00:00;BEAR/USD;0,73675000;0,76550000;0,70500000;0,73100000;-0,79
2020-08-05T00:00:00+00:00;BEAR/USD;0,86500000;0,89000000;0,72625000;0,73675000;-17,41
2020-08-04T00:00:00+00:00;BEAR/USD;0,85500000;0,90250000;0,81150000;0,86500000;1,16
2020-08-03T00:00:00+00:00;BEAR/USD;0,89700000;0,91575000;0,79500000;0,85500000;-4,91
2020-08-02T00:00:00+00:00;BEAR/USD;0,75175000;0,93000000;0,69150000;0,89700000;16,19
2020-08-01T00:00:00+00:00;BEAR/USD;0,85900000;0,88625000;0,73600000;0,75175000;-14,27
2020-07-31T00:00:00+00:00;BEAR/USD;0,91200000;0,94575000;0,83225000;0,85900000;-6,17
2020-07-30T00:00:00+00:00;BEAR/USD;0,91150000;0,98000000;0,89425000;0,91200000;0,05
2020-07-29T00:00:00+00:00;BEAR/USD;0,95500000;0,97500000;0,84875000;0,91150000;-4,77
2020-07-28T00:00:00+00:00;BEAR/USD;0,91775000;1,03575000;0,87100000;0,95500000;3,9
2020-07-27T00:00:00+00:00;BEAR/USD;1,34900000;1,34900000;0,83350000;0,91775000;-46,99
2020-07-26T00:00:00+00:00;BEAR/USD;1,44800000;1,46950000;1,22950000;1,34900000;-7,34
2020-07-25T00:00:00+00:00;BEAR/USD;1,52000000;1,52500000;1,42700000;1,44800000;-4,97
2020-07-24T00:00:00+00:00;BEAR/USD;1,49150000;1,55550000;1,47350000;1,52000000;1,87
2020-07-23T00:00:00+00:00;BEAR/USD;1,52550000;1,56700000;1,45850000;1,49150000;-2,28
2020-07-22T00:00:00+00:00;BEAR/USD;1,60150000;1,65600000;1,50550000;1,52550000;-4,98
2020-07-21T00:00:00+00:00;BEAR/USD;1,72800000;1,73300000;1,57000000;1,60150000;-7,9
2020-07-20T00:00:00+00:00;BEAR/USD;1,69600000;1,74500000;1,68900000;1,72800000;1,85
2020-07-19T00:00:00+00:00;BEAR/USD;1,72550000;1,76050000;1,68400000;1,69600000;-1,74
2020-07-18T00:00:00+00:00;BEAR/USD;1,73500000;1,75300000;1,70450000;1,72550000;-0,55
2020-07-17T00:00:00+00:00;BEAR/USD;1,74800000;1,77550000;1,71950000;1,73500000;-0,75
2020-07-16T00:00:00+00:00;BEAR/USD;1,71500000;1,80150000;1,70100000;1,74800000;1,89
2020-07-15T00:00:00+00:00;BEAR/USD;1,67900000;1,73500000;1,66900000;1,71500000;2,1
2020-07-14T00:00:00+00:00;BEAR/USD;1,68800000;1,75400000;1,66500000;1,67900000;-0,54
2020-07-13T00:00:00+00:00;BEAR/USD;1,65000000;1,71100000;1,63200000;1,68800000;2,25
2020-07-12T00:00:00+00:00;BEAR/USD;1,69000000;1,73250000;1,62900000;1,65000000;-2,42
2020-07-11T00:00:00+00:00;BEAR/USD;1,65950000;1,71700000;1,65700000;1,69000000;1,8
2020-07-10T00:00:00+00:00;BEAR/USD;1,68900000;1,75400000;1,64850000;1,65950000;-1,78
2020-07-09T00:00:00+00:00;BEAR/USD;1,58700000;1,72800000;1,58300000;1,68900000;6,04
2020-07-08T00:00:00+00:00;BEAR/USD;1,68700000;1,69450000;1,56500000;1,58700000;-6,3
2020-07-07T00:00:00+00:00;BEAR/USD;1,63600000;1,71300000;1,62100000;1,68700000;3,02
2020-07-06T00:00:00+00:00;BEAR/USD;1,79700000;1,80400000;1,61250000;1,63600000;-9,84
2020-07-05T00:00:00+00:00;BEAR/USD;1,76100000;1,89100000;1,75750000;1,79700000;2,0
2020-07-04T00:00:00+00:00;BEAR/USD;1,81300000;1,81850000;1,72400000;1,76100000;-2,95
2020-07-03T00:00:00+00:00;BEAR/USD;1,79800000;1,82100000;1,77300000;1,81300000;0,83
2020-07-02T00:00:00+00:00;BEAR/USD;1,71500000;1,87800000;1,69650000;1,79800000;4,62
2020-07-01T00:00:00+00:00;BEAR/USD;1,77550000;1,79900000;1,67850000;1,71500000;-3,53
2020-06-30T00:00:00+00:00;BEAR/USD;1,74450000;1,81550000;1,73700000;1,77550000;1,75
2020-06-29T00:00:00+00:00;BEAR/USD;1,78950000;1,84600000;1,71900000;1,74550000;-2,52
2020-06-28T00:00:00+00:00;BEAR/USD;1,86150000;1,90700000;1,74600000;1,78950000;-4,02
2020-06-27T00:00:00+00:00;BEAR/USD;1,77600000;1,97000000;1,75650000;1,86150000;4,59
2020-06-26T00:00:00+00:00;BEAR/USD;1,72500000;1,86000000;1,70100000;1,77600000;2,87
2020-06-25T00:00:00+00:00;BEAR/USD;1,70350000;1,86750000;1,67550000;1,72500000;1,25
2020-06-24T00:00:00+00:00;BEAR/USD;1,54300000;1,74650000;1,51800000;1,70350000;9,42
2020-06-23T00:00:00+00:00;BEAR/USD;1,50800000;1,56200000;1,49000000;1,54300000;2,27
2020-06-22T00:00:00+00:00;BEAR/USD;1,73600000;1,74500000;1,46000000;1,50800000;-15,12
2020-06-21T00:00:00+00:00;BEAR/USD;1,69950000;1,74200000;1,66000000;1,73600000;2,1
2020-06-20T00:00:00+00:00;BEAR/USD;1,72800000;1,80450000;1,67700000;1,69950000;-1,68
2020-06-19T00:00:00+00:00;BEAR/USD;1,68550000;1,76550000;1,65450000;1,72800000;2,46
2020-06-18T00:00:00+00:00;BEAR/USD;1,64250000;1,74050000;1,62900000;1,68550000;2,55
2020-06-17T00:00:00+00:00;BEAR/USD;1,60750000;1,76100000;1,59350000;1,64250000;2,13
2020-06-16T00:00:00+00:00;BEAR/USD;1,66250000;1,68300000;1,56900000;1,60750000;-3,42
2020-06-15T00:00:00+00:00;BEAR/USD;1,71450000;1,95550000;1,62200000;1,66250000;-3,13
2020-06-14T00:00:00+00:00;BEAR/USD;1,64250000;1,75950000;1,63700000;1,71450000;4,2
2020-06-13T00:00:00+00:00;BEAR/USD;1,64750000;1,70450000;1,63300000;1,64250000;-0,3
2020-06-12T00:00:00+00:00;BEAR/USD;1,77000000;1,78950000;1,60000000;1,64750000;-7,44
2020-06-11T00:00:00+00:00;BEAR/USD;1,48800000;1,86350000;1,45050000;1,77000000;15,93
2020-06-10T00:00:00+00:00;BEAR/USD;1,54000000;1,57900000;1,41700000;1,48800000;-3,49
2020-06-09T00:00:00+00:00;BEAR/USD;1,53850000;1,64100000;1,48800000;1,54000000;0,1
2020-06-08T00:00:00+00:00;BEAR/USD;1,54950000;1,61600000;1,51750000;1,53850000;-0,71
2020-06-07T00:00:00+00:00;BEAR/USD;1,59250000;1,75000000;1,52350000;1,55000000;-2,74
2020-06-06T00:00:00+00:00;BEAR/USD;1,62200000;1,66350000;1,56050000;1,59250000;-1,85
2020-06-05T00:00:00+00:00;BEAR/USD;1,53900000;1,63300000;1,51000000;1,62200000;5,12
2020-06-04T00:00:00+00:00;BEAR/USD;1,60550000;1,70350000;1,49350000;1,53900000;-4,32
2020-06-03T00:00:00+00:00;BEAR/USD;1,68250000;1,75000000;1,58100000;1,60550000;-4,8
2020-06-02T00:00:00+00:00;BEAR/USD;1,38100000;1,78000000;1,37200000;1,68250000;17,92
2020-06-01T00:00:00+00:00;BEAR/USD;1,83150000;1,84600000;1,30950000;1,38100000;-32,62
2020-05-31T00:00:00+00:00;BEAR/USD;1,70000000;1,86250000;1,69850000;1,83150000;7,18
2020-05-30T00:00:00+00:00;BEAR/USD;1,86250000;1,92350000;1,67000000;1,70000000;-9,56
2020-05-29T00:00:00+00:00;BEAR/USD;1,77800000;1,91350000;1,76150000;1,86250000;4,54
2020-05-28T00:00:00+00:00;BEAR/USD;2,03900000;2,09700000;1,75000000;1,77800000;-14,68
2020-05-27T00:00:00+00:00;BEAR/USD;2,32800000;2,35450000;2,01750000;2,03900000;-14,17
2020-05-26T00:00:00+00:00;BEAR/USD;2,29000000;2,44250000;2,19550000;2,32800000;1,63
2020-05-25T00:00:00+00:00;BEAR/USD;2,45300000;2,51400000;2,18100000;2,29000000;-7,12
2020-05-24T00:00:00+00:00;BEAR/USD;2,12700000;2,48500000;2,04200000;2,45300000;13,29
2020-05-23T00:00:00+00:00;BEAR/USD;2,13900000;2,19550000;2,04000000;2,12700000;-0,56
2020-05-22T00:00:00+00:00;BEAR/USD;2,22250000;2,31800000;2,07150000;2,13900000;-3,9
2020-05-21T00:00:00+00:00;BEAR/USD;1,94250000;2,38000000;1,90350000;2,22250000;12,6
2020-05-20T00:00:00+00:00;BEAR/USD;1,79300000;2,07000000;1,76000000;1,94250000;7,7
2020-05-19T00:00:00+00:00;BEAR/USD;1,81900000;1,97850000;1,72050000;1,79300000;-1,45
2020-05-18T00:00:00+00:00;BEAR/USD;1,85750000;2,00000000;1,68350000;1,81900000;-2,12
2020-05-17T00:00:00+00:00;BEAR/USD;2,05200000;2,08700000;1,70500000;1,85750000;-10,47
2020-05-16T00:00:00+00:00;BEAR/USD;2,10000000;2,15750000;1,91400000;2,05200000;-2,34
2020-05-15T00:00:00+00:00;BEAR/USD;1,83600000;2,20600000;1,80450000;2,10000000;12,57
2020-05-14T00:00:00+00:00;BEAR/USD;2,17100000;2,20550000;1,72650000;1,83600000;-18,25
2020-05-13T00:00:00+00:00;BEAR/USD;2,63500000;2,66700000;2,10000000;2,17100000;-21,37
2020-05-12T00:00:00+00:00;BEAR/USD;2,89600000;2,93500000;2,48600000;2,63500000;-9,91
2020-05-11T00:00:00+00:00;BEAR/USD;2,74400000;3,25900000;2,36000000;2,89600000;5,25
2020-05-10T00:00:00+00:00;BEAR/USD;2,19300000;3,28750000;2,17200000;2,74400000;20,08
2020-05-09T00:00:00+00:00;BEAR/USD;2,01400000;2,19800000;1,94600000;2,19150000;8,1
2020-05-08T00:00:00+00:00;BEAR/USD;1,90550000;2,06200000;1,87400000;2,01400000;5,39
2020-05-07T00:00:00+00:00;BEAR/USD;2,57600000;2,68500000;1,85400000;1,90550000;-35,19
2020-05-06T00:00:00+00:00;BEAR/USD;2,69800000;2,78300000;2,34100000;2,57600000;-4,74
2020-05-05T00:00:00+00:00;BEAR/USD;2,83300000;2,93800000;2,60200000;2,70000000;-4,93
2020-05-04T00:00:00+00:00;BEAR/USD;2,80500000;3,16400000;2,74600000;2,83300000;0,99
2020-05-03T00:00:00+00:00;BEAR/USD;2,73600000;2,97400000;2,53800000;2,80500000;2,46
2020-05-02T00:00:00+00:00;BEAR/USD;2,88900000;2,96100000;2,69800000;2,73600000;-5,59
2020-05-01T00:00:00+00:00;BEAR/USD;3,08900000;3,09200000;2,63000000;2,88900000;-6,92
2020-04-30T00:00:00+00:00;BEAR/USD;3,12700000;3,27300000;2,41300000;3,08900000;-1,23
2020-04-29T00:00:00+00:00;BEAR/USD;4,84600000;4,93100000;2,91700000;3,12700000;-54,97
2020-04-28T00:00:00+00:00;BEAR/USD;4,79000000;4,99900000;4,78500000;4,84600000;1,16
2020-04-27T00:00:00+00:00;BEAR/USD;4,97000000;5,07900000;4,77000000;4,79000000;-3,76
2020-04-26T00:00:00+00:00;BEAR/USD;5,32500000;5,44000000;4,96000000;4,97000000;-7,14
2020-04-25T00:00:00+00:00;BEAR/USD;5,40500000;5,52500000;4,90000000;5,32500000;-1,5
2020-04-24T00:00:00+00:00;BEAR/USD;5,43750000;5,61200000;5,15000000;5,40500000;-0,6
2020-04-23T00:00:00+00:00;BEAR/USD;6,56750000;6,81500000;4,83900000;5,43750000;-20,78
2020-04-22T00:00:00+00:00;BEAR/USD;7,50250000;7,58250000;6,45750000;6,56750000;-14,24
2020-04-21T00:00:00+00:00;BEAR/USD;7,59000000;7,78750000;7,11750000;7,50250000;-1,17
2020-04-20T00:00:00+00:00;BEAR/USD;6,73500000;7,79500000;6,47000000;7,59000000;11,26
2020-04-19T00:00:00+00:00;BEAR/USD;6,43250000;6,92250000;6,37500000;6,73500000;4,49
2020-04-18T00:00:00+00:00;BEAR/USD;7,08000000;7,12000000;6,29250000;6,43750000;-9,98
2020-04-17T00:00:00+00:00;BEAR/USD;6,85750000;7,20000000;6,75750000;7,08000000;3,14
2020-04-16T00:00:00+00:00;BEAR/USD;8,89250000;9,42000000;6,56500000;6,85750000;-29,68
2020-04-15T00:00:00+00:00;BEAR/USD;8,02250000;8,92500000;7,75500000;8,89250000;9,78
2020-04-14T00:00:00+00:00;BEAR/USD;8,08500000;8,37250000;7,60750000;8,02250000;-0,78
2020-04-13T00:00:00+00:00;BEAR/USD;7,89500000;9,11750000;7,89500000;8,07750000;2,26
2020-04-12T00:00:00+00:00;BEAR/USD;7,97500000;8,31750000;6,91750000;7,89500000;-1,01
2020-04-11T00:00:00+00:00;BEAR/USD;8,03000000;8,40750000;7,75000000;7,97500000;-0,69
2020-04-10T00:00:00+00:00;BEAR/USD;6,84500000;8,37750000;6,82000000;8,03000000;14,76
2020-04-09T00:00:00+00:00;BEAR/USD;6,65500000;7,36250000;6,65000000;6,84500000;2,78
2020-04-08T00:00:00+00:00;BEAR/USD;7,15000000;7,29750000;6,48000000;6,65500000;-7,44
2020-04-07T00:00:00+00:00;BEAR/USD;6,78250000;7,49500000;6,41000000;7,15000000;5,14
2020-04-06T00:00:00+00:00;BEAR/USD;8,85500000;8,88250000;6,69000000;6,78250000;-30,56
2020-04-05T00:00:00+00:00;BEAR/USD;8,57750000;9,25000000;8,41000000;8,85500000;3,13
2020-04-04T00:00:00+00:00;BEAR/USD;9,11750000;9,50250000;8,00000000;8,57750000;-6,3
2020-04-03T00:00:00+00:00;BEAR/USD;8,92250000;9,58000000;7,85000000;9,10500000;2,0
2020-04-02T00:00:00+00:00;BEAR/USD;10,07000000;10,35000000;7,50000000;8,92750000;-12,8
2020-04-01T00:00:00+00:00;BEAR/USD;11,39500000;12,76500000;9,85000000;10,06000000;-13,27
2020-03-31T00:00:00+00:00;BEAR/USD;11,52000000;11,88500000;10,88500000;11,39500000;-1,1
2020-03-30T00:00:00+00:00;BEAR/USD;15,60000000;15,77000000;10,25000000;11,52000000;-35,42
2020-03-29T00:00:00+00:00;BEAR/USD;13,27000000;15,65000000;13,16500000;15,60000000;14,94
2020-03-28T00:00:00+00:00;BEAR/USD;12,67500000;14,69000000;12,67500000;13,25000000;4,34
2020-03-27T00:00:00+00:00;BEAR/USD;10,88500000;13,27000000;10,33000000;12,67500000;14,12
2020-03-26T00:00:00+00:00;BEAR/USD;11,26500000;12,07500000;10,67500000;10,89500000;-3,4
2020-03-25T00:00:00+00:00;BEAR/USD;10,84500000;12,45000000;9,81500000;11,27000000;3,77
2020-03-24T00:00:00+00:00;BEAR/USD;12,40000000;12,93000000;10,39000000;10,84500000;-14,34
2020-03-23T00:00:00+00:00;BEAR/USD;18,78000000;19,88000000;11,76500000;12,38500000;-51,64
2020-03-22T00:00:00+00:00;BEAR/USD;15,82500000;19,27000000;14,08500000;18,78000000;15,73
2020-03-21T00:00:00+00:00;BEAR/USD;15,69000000;18,32000000;13,86500000;15,82500000;0,85
2020-03-20T00:00:00+00:00;BEAR/USD;17,10000000;18,99500000;11,49500000;15,70000000;-8,92
2020-03-19T00:00:00+00:00;BEAR/USD;27,52000000;29,49000000;15,15000000;17,10000000;-60,94
2020-03-18T00:00:00+00:00;BEAR/USD;28,89000000;33,96000000;27,00000000;27,48000000;-5,13
2020-03-17T00:00:00+00:00;BEAR/USD;36,08000000;38,05000000;25,04000000;28,83000000;-25,15
2020-03-16T00:00:00+00:00;BEAR/USD;31,01000000;47,25000000;28,00000000;36,11000000;14,12
2020-03-15T00:00:00+00:00;BEAR/USD;39,75000000;40,94000000;23,80000000;31,01000000;-28,18
2020-03-14T00:00:00+00:00;BEAR/USD;32,56000000;41,97000000;31,48000000;39,75000000;18,09
2020-03-13T00:00:00+00:00;BEAR/USD;59,97500000;97,57500000;28,17000000;32,51000000;-84,48
2020-03-12T00:00:00+00:00;BEAR/USD;27,21000000;62,05000000;26,89000000;59,42500000;54,21
2020-03-11T00:00:00+00:00;BEAR/USD;27,69000000;30,85000000;26,71000000;27,21000000;-1,76
2020-03-10T00:00:00+00:00;BEAR/USD;27,14000000;29,28000000;25,05000000;27,69000000;1,99
2020-03-09T00:00:00+00:00;BEAR/USD;26,02000000;29,89000000;24,97000000;27,14000000;4,13
2020-03-08T00:00:00+00:00;BEAR/USD;20,12000000;26,24000000;20,12000000;26,03000000;22,7
2020-03-07T00:00:00+00:00;BEAR/USD;18,60500000;20,37000000;18,22500000;20,12000000;7,53
2020-03-06T00:00:00+00:00;BEAR/USD;19,11500000;19,57000000;18,42000000;18,60500000;-2,74
2020-03-05T00:00:00+00:00;BEAR/USD;21,40000000;21,40000000;18,38500000;19,10500000;-12,01
2020-03-04T00:00:00+00:00;BEAR/USD;21,32500000;22,06000000;20,74000000;21,40000000;0,35
2020-03-03T00:00:00+00:00;BEAR/USD;20,30000000;22,04500000;20,26000000;21,32500000;4,81
2020-03-02T00:00:00+00:00;BEAR/USD;23,48000000;23,76000000;19,83000000;20,30000000;-15,67
2020-03-01T00:00:00+00:00;BEAR/USD;23,36000000;24,39000000;21,56500000;23,46500000;0,45
2020-02-29T00:00:00+00:00;BEAR/USD;21,98000000;23,38500000;21,33500000;23,34500000;5,85
2020-02-28T00:00:00+00:00;BEAR/USD;21,16500000;23,97500000;20,55000000;21,97000000;3,66
2020-02-27T00:00:00+00:00;BEAR/USD;21,35500000;23,21500000;20,06000000;21,16500000;-0,9
2020-02-26T00:00:00+00:00;BEAR/USD;18,19000000;22,52000000;17,90500000;21,37000000;14,88
2020-02-25T00:00:00+00:00;BEAR/USD;16,41500000;18,59500000;16,29000000;18,19000000;9,76
2020-02-24T00:00:00+00:00;BEAR/USD;14,93000000;17,17000000;14,69500000;16,42000000;9,07
2020-02-23T00:00:00+00:00;BEAR/USD;16,40000000;16,44500000;14,60500000;14,93000000;-9,85
2020-02-22T00:00:00+00:00;BEAR/USD;16,26000000;16,83500000;16,10500000;16,40000000;0,85
2020-02-21T00:00:00+00:00;BEAR/USD;16,58500000;16,87000000;15,79000000;16,26000000;-2,0
2020-02-20T00:00:00+00:00;BEAR/USD;16,56000000;17,66000000;16,16000000;16,58500000;0,15
2020-02-19T00:00:00+00:00;BEAR/USD;14,12500000;17,82500000;13,61500000;16,55000000;14,65
2020-02-18T00:00:00+00:00;BEAR/USD;16,56500000;17,12000000;13,57500000;14,12500000;-17,27
2020-02-17T00:00:00+00:00;BEAR/USD;15,51000000;17,63500000;15,32000000;16,57500000;6,43
2020-02-16T00:00:00+00:00;BEAR/USD;15,56000000;16,87500000;14,88000000;15,48000000;-0,52
2020-02-15T00:00:00+00:00;BEAR/USD;13,67000000;15,88500000;13,57000000;15,56000000;12,15
2020-02-14T00:00:00+00:00;BEAR/USD;14,09500000;14,67500000;13,57500000;13,67000000;-3,11
2020-02-13T00:00:00+00:00;BEAR/USD;13,52000000;14,61500000;12,83000000;14,09500000;4,08
2020-02-12T00:00:00+00:00;BEAR/USD;13,80000000;13,96500000;12,80500000;13,52000000;-2,07
2020-02-11T00:00:00+00:00;BEAR/USD;15,71500000;16,40500000;13,35000000;13,82000000;-13,71
2020-02-10T00:00:00+00:00;BEAR/USD;14,45500000;16,11500000;14,27000000;15,71500000;8,02
2020-02-09T00:00:00+00:00;BEAR/USD;15,52000000;15,60000000;14,30500000;14,45500000;-7,37
2020-02-08T00:00:00+00:00;BEAR/USD;16,03500000;16,76000000;15,32500000;15,52000000;-3,32
2020-02-07T00:00:00+00:00;BEAR/USD;16,19500000;16,50000000;15,68500000;16,03500000;-1,0
2020-02-06T00:00:00+00:00;BEAR/USD;16,82000000;17,27500000;15,68500000;16,19500000;-3,86
2020-02-05T00:00:00+00:00;BEAR/USD;20,14500000;20,19500000;16,21000000;16,81500000;-19,8
2020-02-04T00:00:00+00:00;BEAR/USD;19,33500000;20,59500000;18,96000000;20,14500000;4,02
2020-02-03T00:00:00+00:00;BEAR/USD;19,00000000;19,71000000;17,30000000;19,33500000;1,73
2020-02-02T00:00:00+00:00;BEAR/USD;18,63500000;19,91500000;18,08500000;19,02000000;2,02
2020-02-01T00:00:00+00:00;BEAR/USD;18,74500000;19,14000000;18,05000000;18,63500000;-0,59
2020-01-31T00:00:00+00:00;BEAR/USD;17,77500000;19,50000000;17,66000000;18,75500000;5,23
2020-01-30T00:00:00+00:00;BEAR/USD;19,07000000;19,65500000;17,39000000;17,77000000;-7,32
2020-01-29T00:00:00+00:00;BEAR/USD;18,43500000;19,32500000;18,19500000;19,07000000;3,33
2020-01-28T00:00:00+00:00;BEAR/USD;22,10000000;22,12000000;18,30500000;18,34500000;-20,47
2020-01-27T00:00:00+00:00;BEAR/USD;24,74000000;24,84000000;21,39000000;22,10000000;-11,95
2020-01-26T00:00:00+00:00;BEAR/USD;27,36000000;27,77000000;24,70000000;24,74000000;-10,59
2020-01-25T00:00:00+00:00;BEAR/USD;26,40000000;28,04000000;26,35000000;27,33000000;3,4
2020-01-24T00:00:00+00:00;BEAR/USD;26,72000000;28,34000000;25,63000000;26,40000000;-1,21
2020-01-23T00:00:00+00:00;BEAR/USD;24,41000000;27,56000000;24,36000000;26,72000000;8,65
2020-01-22T00:00:00+00:00;BEAR/USD;23,75000000;24,91000000;23,27000000;24,41000000;2,7
2020-01-21T00:00:00+00:00;BEAR/USD;24,54000000;25,76000000;23,51000000;23,76000000;-3,28
2020-01-20T00:00:00+00:00;BEAR/USD;23,97000000;25,50000000;23,73000000;24,54000000;2,32
2020-01-19T00:00:00+00:00;BEAR/USD;22,36500000;25,40000000;20,26500000;23,97000000;6,7
2020-01-18T00:00:00+00:00;BEAR/USD;22,30500000;23,06000000;21,74500000;22,35500000;0,22
2020-01-17T00:00:00+00:00;BEAR/USD;23,72500000;24,11000000;21,39000000;22,30500000;-6,37
2020-01-16T00:00:00+00:00;BEAR/USD;22,93500000;24,64000000;22,64000000;23,72500000;3,33
2020-01-15T00:00:00+00:00;BEAR/USD;22,76000000;24,76000000;22,15000000;22,94500000;0,81
2020-01-14T00:00:00+00:00;BEAR/USD;30,14000000;30,21000000;22,18500000;22,66500000;-32,98
2020-01-13T00:00:00+00:00;BEAR/USD;29,47000000;30,80000000;29,32000000;30,14000000;2,22
2020-01-12T00:00:00+00:00;BEAR/USD;31,36000000;31,97000000;29,38000000;29,47000000;-6,41
2020-01-11T00:00:00+00:00;BEAR/USD;29,43000000;31,52000000;28,58000000;31,31000000;6,0
2020-01-10T00:00:00+00:00;BEAR/USD;34,42000000;36,19000000;29,43000000;29,43000000;-16,96
2020-01-09T00:00:00+00:00;BEAR/USD;31,65000000;35,18000000;31,63000000;34,40000000;7,99
2020-01-08T00:00:00+00:00;BEAR/USD;30,48000000;33,50000000;27,10000000;31,66000000;3,73
2020-01-07T00:00:00+00:00;BEAR/USD;36,00000000;36,23000000;29,89000000;30,48000000;-18,11

