DATE/TIME;SYMBOL;OPEN;HIGH;LOW;CLOSE;EVOL % CLOSE/HIGH
2022-01-05T00:00:00+00:00;OKBHEDGE/USD;12,45800000;12,51400000;12,29400000;12,47100000;0,1
2022-01-04T00:00:00+00:00;OKBHEDGE/USD;12,03300000;12,45800000;11,94300000;12,45800000;3,41
2022-01-03T00:00:00+00:00;OKBHEDGE/USD;11,91000000;12,14300000;11,86900000;12,03300000;1,02
2022-01-02T00:00:00+00:00;OKBHEDGE/USD;11,90100000;11,93600000;11,75700000;11,91000000;0,08
2022-01-01T00:00:00+00:00;OKBHEDGE/USD;12,03900000;12,03900000;11,87300000;11,90100000;-1,16
2021-12-31T00:00:00+00:00;OKBHEDGE/USD;11,91000000;12,08300000;11,65500000;12,03900000;1,07
2021-12-30T00:00:00+00:00;OKBHEDGE/USD;12,14100000;12,25200000;11,91000000;11,91000000;-1,94
2021-12-29T00:00:00+00:00;OKBHEDGE/USD;11,66200000;12,15700000;11,55800000;12,14100000;3,95
2021-12-28T00:00:00+00:00;OKBHEDGE/USD;11,44800000;11,90300000;11,44300000;11,66200000;1,84
2021-12-27T00:00:00+00:00;OKBHEDGE/USD;11,34200000;11,46300000;11,07600000;11,44800000;0,93
2021-12-26T00:00:00+00:00;OKBHEDGE/USD;11,73400000;11,87600000;11,16900000;11,34200000;-3,46
2021-12-25T00:00:00+00:00;OKBHEDGE/USD;11,67300000;11,86600000;11,44300000;11,73400000;0,52
2021-12-24T00:00:00+00:00;OKBHEDGE/USD;11,26700000;11,71100000;11,11900000;11,66300000;3,4
2021-12-23T00:00:00+00:00;OKBHEDGE/USD;10,94100000;11,42000000;10,94100000;11,26700000;2,89
2021-12-22T00:00:00+00:00;OKBHEDGE/USD;10,96500000;11,25600000;10,58100000;10,94100000;-0,22
2021-12-21T00:00:00+00:00;OKBHEDGE/USD;11,01500000;11,14900000;10,86700000;10,96500000;-0,46
2021-12-20T00:00:00+00:00;OKBHEDGE/USD;10,80700000;11,29400000;10,46700000;11,01500000;1,89
2021-12-19T00:00:00+00:00;OKBHEDGE/USD;11,41700000;11,45500000;10,80600000;10,80700000;-5,64
2021-12-18T00:00:00+00:00;OKBHEDGE/USD;11,33000000;11,54100000;11,23000000;11,41700000;0,76
2021-12-17T00:00:00+00:00;OKBHEDGE/USD;11,43500000;12,01800000;10,59600000;11,33000000;-0,93
2021-12-16T00:00:00+00:00;OKBHEDGE/USD;11,16800000;11,63000000;10,87200000;11,43500000;2,33
2021-12-15T00:00:00+00:00;OKBHEDGE/USD;12,29000000;13,24800000;10,88500000;11,16800000;-10,05
2021-12-14T00:00:00+00:00;OKBHEDGE/USD;12,96900000;13,36200000;11,95200000;12,29000000;-5,52
2021-12-13T00:00:00+00:00;OKBHEDGE/USD;13,32200000;13,65100000;12,58800000;12,96900000;-2,72
2021-12-12T00:00:00+00:00;OKBHEDGE/USD;13,72000000;13,79800000;13,07800000;13,32200000;-2,99
2021-12-11T00:00:00+00:00;OKBHEDGE/USD;15,66900000;15,80900000;13,43800000;13,72000000;-14,21
2021-12-10T00:00:00+00:00;OKBHEDGE/USD;14,65200000;15,88200000;14,47000000;15,66900000;6,49
2021-12-09T00:00:00+00:00;OKBHEDGE/USD;13,81600000;15,49000000;13,75200000;14,65200000;5,71
2021-12-08T00:00:00+00:00;OKBHEDGE/USD;13,53000000;14,48200000;13,48100000;13,81600000;2,07
2021-12-07T00:00:00+00:00;OKBHEDGE/USD;14,80500000;15,61900000;13,53000000;13,53000000;-9,42
2021-12-06T00:00:00+00:00;OKBHEDGE/USD;16,06000000;16,21200000;14,26500000;14,80500000;-8,48
2021-12-05T00:00:00+00:00;OKBHEDGE/USD;16,21200000;16,27200000;16,05250000;16,06000000;-0,95
2021-12-04T00:00:00+00:00;OKBHEDGE/USD;15,14200000;17,15500000;15,03600000;16,21200000;6,6
2021-12-03T00:00:00+00:00;OKBHEDGE/USD;14,24300000;16,11900000;12,85600000;15,14200000;5,94
2021-12-02T00:00:00+00:00;OKBHEDGE/USD;15,70500000;15,78100000;13,89700000;14,24300000;-10,26
2021-12-01T00:00:00+00:00;OKBHEDGE/USD;16,21200000;16,21200000;15,15750000;15,70500000;-3,23
2021-11-30T00:00:00+00:00;OKBHEDGE/USD;16,21200000;16,71500000;15,72000000;16,21200000;0,0
2021-11-29T00:00:00+00:00;OKBHEDGE/USD;16,21200000;16,26000000;16,11250000;16,21200000;0,0
2021-11-28T00:00:00+00:00;OKBHEDGE/USD;16,36000000;17,88500000;16,21200000;16,21200000;-0,91
2021-11-27T00:00:00+00:00;OKBHEDGE/USD;16,21200000;16,82250000;16,21200000;16,36000000;0,9
2021-11-26T00:00:00+00:00;OKBHEDGE/USD;14,23300000;16,27600000;14,20900000;16,21200000;12,21
2021-11-25T00:00:00+00:00;OKBHEDGE/USD;16,84000000;16,89750000;14,20900000;14,25800000;-18,11
2021-11-24T00:00:00+00:00;OKBHEDGE/USD;16,78000000;17,10000000;16,30250000;16,84000000;0,36
2021-11-23T00:00:00+00:00;OKBHEDGE/USD;17,46500000;17,54250000;16,43750000;16,78000000;-4,08
2021-11-22T00:00:00+00:00;OKBHEDGE/USD;16,90250000;17,53750000;16,28000000;17,46500000;3,22
2021-11-21T00:00:00+00:00;OKBHEDGE/USD;16,12750000;16,91000000;16,09750000;16,90250000;4,59
2021-11-20T00:00:00+00:00;OKBHEDGE/USD;16,62750000;17,46000000;16,09750000;16,12750000;-3,1
2021-11-19T00:00:00+00:00;OKBHEDGE/USD;17,16250000;17,26250000;16,12500000;16,62750000;-3,22
2021-11-18T00:00:00+00:00;OKBHEDGE/USD;16,15250000;17,64250000;15,83500000;17,16250000;5,88
2021-11-17T00:00:00+00:00;OKBHEDGE/USD;16,68250000;17,48000000;15,68250000;16,15250000;-3,28
2021-11-16T00:00:00+00:00;OKBHEDGE/USD;15,83750000;17,46750000;15,80250000;16,68250000;5,07
2021-11-15T00:00:00+00:00;OKBHEDGE/USD;15,42000000;15,87500000;15,25000000;15,83750000;2,64
2021-11-14T00:00:00+00:00;OKBHEDGE/USD;15,50500000;15,87900000;15,25400000;15,42000000;-0,55
2021-11-13T00:00:00+00:00;OKBHEDGE/USD;15,64600000;16,05750000;15,12000000;15,50500000;-0,91
2021-11-12T00:00:00+00:00;OKBHEDGE/USD;14,90500000;16,52250000;14,61400000;15,64600000;4,74
2021-11-11T00:00:00+00:00;OKBHEDGE/USD;15,14500000;15,35400000;14,20900000;14,90500000;-1,61
2021-11-10T00:00:00+00:00;OKBHEDGE/USD;14,20900000;15,47600000;13,93700000;15,14500000;6,18
2021-11-09T00:00:00+00:00;OKBHEDGE/USD;13,86200000;14,70700000;13,32900000;14,20900000;2,44
2021-11-08T00:00:00+00:00;OKBHEDGE/USD;15,71100000;16,11500000;13,43100000;13,86200000;-13,34
2021-11-07T00:00:00+00:00;OKBHEDGE/USD;17,42250000;18,05750000;14,64300000;15,71100000;-10,89
2021-11-06T00:00:00+00:00;OKBHEDGE/USD;18,42750000;19,11750000;17,24000000;17,42250000;-5,77
2021-11-05T00:00:00+00:00;OKBHEDGE/USD;20,48000000;20,87750000;17,94250000;18,42750000;-11,14
2021-11-04T00:00:00+00:00;OKBHEDGE/USD;20,17750000;21,20250000;19,54250000;20,48000000;1,48
2021-11-03T00:00:00+00:00;OKBHEDGE/USD;20,34000000;21,23000000;20,05000000;20,17750000;-0,81
2021-11-02T00:00:00+00:00;OKBHEDGE/USD;20,13000000;21,01500000;19,94500000;20,34000000;1,03
2021-11-01T00:00:00+00:00;OKBHEDGE/USD;21,14500000;22,12500000;20,02250000;20,13000000;-5,04
2021-10-31T00:00:00+00:00;OKBHEDGE/USD;21,72500000;22,57500000;21,12250000;21,14500000;-2,74
2021-10-30T00:00:00+00:00;OKBHEDGE/USD;21,07500000;22,14750000;20,95500000;21,72500000;2,99
2021-10-29T00:00:00+00:00;OKBHEDGE/USD;20,85000000;21,29500000;19,52750000;21,07500000;1,07
2021-10-28T00:00:00+00:00;OKBHEDGE/USD;21,20750000;21,47250000;19,63750000;20,85000000;-1,71
2021-10-27T00:00:00+00:00;OKBHEDGE/USD;19,23000000;21,49750000;17,88750000;21,20750000;9,32
2021-10-26T00:00:00+00:00;OKBHEDGE/USD;17,96250000;19,34000000;17,77250000;19,23000000;6,59
2021-10-25T00:00:00+00:00;OKBHEDGE/USD;18,56250000;18,56250000;17,20500000;17,96250000;-3,34
2021-10-24T00:00:00+00:00;OKBHEDGE/USD;17,60000000;18,94500000;17,08000000;18,52000000;4,97
2021-10-23T00:00:00+00:00;OKBHEDGE/USD;16,69250000;19,00000000;16,52500000;17,60000000;5,16
2021-10-22T00:00:00+00:00;OKBHEDGE/USD;20,41000000;20,92500000;16,64500000;16,69250000;-22,27
2021-10-21T00:00:00+00:00;OKBHEDGE/USD;19,06500000;21,51250000;19,00000000;20,41000000;6,59
2021-10-20T00:00:00+00:00;OKBHEDGE/USD;26,45250000;26,50000000;18,68000000;19,06500000;-38,75
2021-10-19T00:00:00+00:00;OKBHEDGE/USD;32,56000000;32,81000000;26,22750000;26,45250000;-23,09
2021-10-18T00:00:00+00:00;OKBHEDGE/USD;33,19500000;33,37000000;32,15000000;32,56000000;-1,95
2021-10-17T00:00:00+00:00;OKBHEDGE/USD;33,22000000;33,61000000;32,58000000;33,19500000;-0,08
2021-10-16T00:00:00+00:00;OKBHEDGE/USD;31,92000000;33,42000000;31,72500000;33,22000000;3,91
2021-10-15T00:00:00+00:00;OKBHEDGE/USD;32,91500000;33,48500000;31,75000000;31,92000000;-3,12
2021-10-14T00:00:00+00:00;OKBHEDGE/USD;33,07500000;33,79500000;32,35000000;32,91500000;-0,49
2021-10-13T00:00:00+00:00;OKBHEDGE/USD;33,50000000;36,27500000;31,45000000;33,07500000;-1,28
2021-10-12T00:00:00+00:00;OKBHEDGE/USD;33,13500000;34,29000000;33,13500000;33,50000000;1,09
2021-10-11T00:00:00+00:00;OKBHEDGE/USD;32,61000000;34,82500000;30,84500000;33,13500000;1,58
2021-10-10T00:00:00+00:00;OKBHEDGE/USD;31,03000000;32,61500000;30,53000000;32,61000000;4,85
2021-10-09T00:00:00+00:00;OKBHEDGE/USD;30,34250000;31,29750000;30,04500000;31,03000000;2,22
2021-10-08T00:00:00+00:00;OKBHEDGE/USD;30,83750000;31,43250000;29,73500000;30,34250000;-1,63
2021-10-07T00:00:00+00:00;OKBHEDGE/USD;31,81000000;32,48000000;29,40500000;30,83750000;-3,15
2021-10-06T00:00:00+00:00;OKBHEDGE/USD;30,52250000;33,04000000;30,36750000;31,81000000;4,05
2021-10-05T00:00:00+00:00;OKBHEDGE/USD;30,30750000;31,41750000;29,85250000;30,52250000;0,7
2021-10-04T00:00:00+00:00;OKBHEDGE/USD;29,96250000;31,76500000;29,91500000;30,30750000;1,14
2021-10-03T00:00:00+00:00;OKBHEDGE/USD;30,33250000;30,84000000;29,85250000;29,96250000;-1,23
2021-10-02T00:00:00+00:00;OKBHEDGE/USD;31,50750000;32,47500000;29,47000000;30,33250000;-3,87
2021-10-01T00:00:00+00:00;OKBHEDGE/USD;35,34500000;36,03500000;31,47250000;31,50750000;-12,18
2021-09-30T00:00:00+00:00;OKBHEDGE/USD;34,45500000;36,38500000;33,66000000;35,34500000;2,52
2021-09-29T00:00:00+00:00;OKBHEDGE/USD;36,05500000;36,84000000;33,45500000;34,45500000;-4,64
2021-09-28T00:00:00+00:00;OKBHEDGE/USD;39,81500000;41,37000000;32,59000000;36,05500000;-10,43
2021-09-27T00:00:00+00:00;OKBHEDGE/USD;46,73000000;47,31000000;38,10500000;39,81500000;-17,37
2021-09-26T00:00:00+00:00;OKBHEDGE/USD;46,08500000;58,75000000;40,53500000;46,73000000;1,38
2021-09-25T00:00:00+00:00;OKBHEDGE/USD;43,02500000;48,37000000;42,58500000;46,08500000;6,64
2021-09-24T00:00:00+00:00;OKBHEDGE/USD;36,32500000;44,35500000;36,25000000;43,02500000;15,57
2021-09-23T00:00:00+00:00;OKBHEDGE/USD;37,02000000;37,41000000;35,64000000;36,32500000;-1,91
2021-09-22T00:00:00+00:00;OKBHEDGE/USD;38,15500000;38,72500000;35,58000000;37,02000000;-3,07
2021-09-21T00:00:00+00:00;OKBHEDGE/USD;37,42000000;38,81500000;35,92500000;38,15500000;1,93
2021-09-20T00:00:00+00:00;OKBHEDGE/USD;34,46000000;38,03000000;34,33000000;37,42000000;7,91
2021-09-19T00:00:00+00:00;OKBHEDGE/USD;33,64000000;34,78500000;33,53000000;34,46000000;2,38
2021-09-18T00:00:00+00:00;OKBHEDGE/USD;34,31500000;34,42500000;32,89500000;33,64000000;-2,01
2021-09-17T00:00:00+00:00;OKBHEDGE/USD;33,98500000;34,72000000;33,46500000;34,31500000;0,96
2021-09-16T00:00:00+00:00;OKBHEDGE/USD;33,11000000;34,43000000;32,75000000;33,98500000;2,57
2021-09-15T00:00:00+00:00;OKBHEDGE/USD;34,13500000;34,68000000;32,92500000;33,11000000;-3,1
2021-09-14T00:00:00+00:00;OKBHEDGE/USD;35,39500000;35,79000000;34,13500000;34,20000000;-3,49
2021-09-13T00:00:00+00:00;OKBHEDGE/USD;34,33000000;36,48000000;33,57000000;35,39500000;3,01
2021-09-12T00:00:00+00:00;OKBHEDGE/USD;35,46000000;35,90500000;33,85000000;34,28500000;-3,43
2021-09-11T00:00:00+00:00;OKBHEDGE/USD;35,77000000;35,96500000;34,71500000;35,46000000;-0,87
2021-09-10T00:00:00+00:00;OKBHEDGE/USD;34,66000000;36,19500000;33,90500000;35,89000000;3,43
2021-09-09T00:00:00+00:00;OKBHEDGE/USD;34,00500000;34,74000000;32,96000000;34,66000000;1,89
2021-09-08T00:00:00+00:00;OKBHEDGE/USD;33,53000000;36,26500000;31,88000000;34,00500000;1,4
2021-09-07T00:00:00+00:00;OKBHEDGE/USD;28,79000000;34,74500000;28,71250000;33,53000000;14,14
2021-09-06T00:00:00+00:00;OKBHEDGE/USD;28,90000000;29,46500000;27,74750000;28,79000000;-0,38
2021-09-05T00:00:00+00:00;OKBHEDGE/USD;29,51750000;29,51750000;28,32500000;28,90000000;-2,14
2021-09-04T00:00:00+00:00;OKBHEDGE/USD;29,71500000;30,26750000;28,48000000;29,51750000;-0,67
2021-09-03T00:00:00+00:00;OKBHEDGE/USD;30,43250000;31,09500000;29,47500000;29,71500000;-2,41
2021-09-02T00:00:00+00:00;OKBHEDGE/USD;29,53000000;31,06250000;29,11500000;30,43250000;2,97
2021-09-01T00:00:00+00:00;OKBHEDGE/USD;32,83000000;33,59500000;28,03500000;29,53000000;-11,18
2021-08-31T00:00:00+00:00;OKBHEDGE/USD;33,00000000;34,47500000;32,41500000;32,83000000;-0,52
2021-08-30T00:00:00+00:00;OKBHEDGE/USD;33,11500000;33,48000000;32,29000000;33,00000000;-0,35
2021-08-29T00:00:00+00:00;OKBHEDGE/USD;32,74500000;33,33000000;32,18000000;33,11500000;1,12
2021-08-28T00:00:00+00:00;OKBHEDGE/USD;32,13500000;32,96000000;31,92500000;32,74500000;1,86
2021-08-27T00:00:00+00:00;OKBHEDGE/USD;33,19500000;33,52000000;31,93000000;32,13500000;-3,3
2021-08-26T00:00:00+00:00;OKBHEDGE/USD;31,46250000;33,43000000;30,91000000;33,19500000;5,22
2021-08-25T00:00:00+00:00;OKBHEDGE/USD;32,24000000;32,95000000;31,07000000;31,46250000;-2,47
2021-08-24T00:00:00+00:00;OKBHEDGE/USD;30,84250000;32,35000000;30,69000000;32,24000000;4,33
2021-08-23T00:00:00+00:00;OKBHEDGE/USD;31,79000000;31,84500000;30,36000000;30,84250000;-3,07
2021-08-22T00:00:00+00:00;OKBHEDGE/USD;31,73000000;32,29000000;30,96000000;31,79000000;0,19
2021-08-21T00:00:00+00:00;OKBHEDGE/USD;30,32250000;31,73000000;30,32250000;31,73000000;4,44
2021-08-20T00:00:00+00:00;OKBHEDGE/USD;31,23000000;31,47000000;30,24750000;30,32250000;-2,99
2021-08-19T00:00:00+00:00;OKBHEDGE/USD;32,90500000;33,88000000;30,32250000;31,23000000;-5,36
2021-08-18T00:00:00+00:00;OKBHEDGE/USD;32,84500000;33,80500000;32,13000000;32,90500000;0,18
2021-08-17T00:00:00+00:00;OKBHEDGE/USD;30,76000000;32,98500000;30,32250000;32,84500000;6,35
2021-08-16T00:00:00+00:00;OKBHEDGE/USD;30,48750000;30,95000000;29,54000000;30,76000000;0,89
2021-08-15T00:00:00+00:00;OKBHEDGE/USD;30,37500000;31,48500000;29,47750000;30,48750000;0,37
2021-08-14T00:00:00+00:00;OKBHEDGE/USD;29,42000000;30,75250000;29,25250000;30,37500000;3,14
2021-08-13T00:00:00+00:00;OKBHEDGE/USD;30,06500000;30,27750000;29,25250000;29,42000000;-2,19
2021-08-12T00:00:00+00:00;OKBHEDGE/USD;29,34250000;30,99500000;28,92500000;30,06500000;2,4
2021-08-11T00:00:00+00:00;OKBHEDGE/USD;29,12750000;29,41000000;28,54000000;29,34250000;0,73
2021-08-10T00:00:00+00:00;OKBHEDGE/USD;28,67500000;29,66750000;28,58750000;29,12750000;1,55
2021-08-09T00:00:00+00:00;OKBHEDGE/USD;31,30750000;32,39750000;28,61000000;28,67500000;-9,18
2021-08-08T00:00:00+00:00;OKBHEDGE/USD;28,54500000;31,51000000;28,44000000;31,30750000;8,82
2021-08-07T00:00:00+00:00;OKBHEDGE/USD;34,13000000;35,70000000;28,43000000;28,54500000;-19,57
2021-08-06T00:00:00+00:00;OKBHEDGE/USD;35,96500000;36,61000000;33,49000000;34,13000000;-5,38
2021-08-05T00:00:00+00:00;OKBHEDGE/USD;39,67500000;41,17500000;34,90000000;35,96500000;-10,32
2021-08-04T00:00:00+00:00;OKBHEDGE/USD;42,47000000;43,15000000;38,48500000;39,67500000;-7,04
2021-08-03T00:00:00+00:00;OKBHEDGE/USD;39,45500000;43,11000000;39,08500000;42,47000000;7,1
2021-08-02T00:00:00+00:00;OKBHEDGE/USD;38,88000000;41,17500000;38,75000000;39,45500000;1,46
2021-08-01T00:00:00+00:00;OKBHEDGE/USD;38,89000000;40,65500000;36,37000000;38,88000000;-0,03
2021-07-31T00:00:00+00:00;OKBHEDGE/USD;40,64000000;41,47500000;37,59500000;38,89000000;-4,5
2021-07-30T00:00:00+00:00;OKBHEDGE/USD;41,55000000;42,71500000;39,72000000;40,64000000;-2,24
2021-07-29T00:00:00+00:00;OKBHEDGE/USD;42,71500000;43,00500000;40,95000000;41,55000000;-2,8
2021-07-28T00:00:00+00:00;OKBHEDGE/USD;41,81500000;43,71000000;39,40000000;42,71500000;2,11
2021-07-27T00:00:00+00:00;OKBHEDGE/USD;49,35500000;51,99500000;41,03500000;41,81500000;-18,03
2021-07-26T00:00:00+00:00;OKBHEDGE/USD;52,44500000;55,90000000;47,07500000;49,35500000;-6,26
2021-07-25T00:00:00+00:00;OKBHEDGE/USD;55,21500000;58,22500000;51,33000000;52,44500000;-5,28
2021-07-24T00:00:00+00:00;OKBHEDGE/USD;58,38000000;59,56000000;54,63000000;55,21500000;-5,73
2021-07-23T00:00:00+00:00;OKBHEDGE/USD;61,85000000;64,46500000;58,15500000;58,45500000;-5,81
2021-07-22T00:00:00+00:00;OKBHEDGE/USD;73,02000000;73,43000000;59,79500000;61,85000000;-18,06
2021-07-21T00:00:00+00:00;OKBHEDGE/USD;83,24000000;84,86000000;72,41000000;73,02000000;-14,0
2021-07-20T00:00:00+00:00;OKBHEDGE/USD;81,60000000;86,93000000;80,28000000;83,24000000;1,97
2021-07-19T00:00:00+00:00;OKBHEDGE/USD;77,21000000;83,05000000;76,53000000;81,60000000;5,38
2021-07-18T00:00:00+00:00;OKBHEDGE/USD;77,66000000;77,71000000;74,74000000;77,21000000;-0,58
2021-07-17T00:00:00+00:00;OKBHEDGE/USD;76,35000000;77,79000000;74,57000000;77,66000000;1,69
2021-07-16T00:00:00+00:00;OKBHEDGE/USD;75,53000000;78,85000000;74,87000000;76,35000000;1,07
2021-07-15T00:00:00+00:00;OKBHEDGE/USD;74,82000000;78,25000000;73,77000000;75,53000000;0,94
2021-07-14T00:00:00+00:00;OKBHEDGE/USD;78,00000000;81,69000000;72,67000000;74,82000000;-4,25
2021-07-13T00:00:00+00:00;OKBHEDGE/USD;78,02000000;82,05000000;75,36000000;78,00000000;-0,03
2021-07-12T00:00:00+00:00;OKBHEDGE/USD;86,45000000;87,41000000;75,73000000;78,02000000;-10,8
2021-07-11T00:00:00+00:00;OKBHEDGE/USD;88,02000000;89,03000000;85,32000000;86,45000000;-1,82
2021-07-10T00:00:00+00:00;OKBHEDGE/USD;86,15000000;88,83000000;84,33000000;88,02000000;2,12
2021-07-09T00:00:00+00:00;OKBHEDGE/USD;85,72000000;89,08000000;82,38000000;86,15000000;0,5
2021-07-08T00:00:00+00:00;OKBHEDGE/USD;82,39000000;86,62000000;82,38000000;85,72000000;3,88
2021-07-07T00:00:00+00:00;OKBHEDGE/USD;82,05000000;82,93000000;80,41000000;82,39000000;0,41
2021-07-06T00:00:00+00:00;OKBHEDGE/USD;83,30000000;83,95000000;79,89000000;82,05000000;-1,52
2021-07-05T00:00:00+00:00;OKBHEDGE/USD;80,65000000;84,69000000;80,55000000;83,30000000;3,18
2021-07-04T00:00:00+00:00;OKBHEDGE/USD;81,22000000;82,38000000;78,42000000;80,65000000;-0,71
2021-07-03T00:00:00+00:00;OKBHEDGE/USD;82,67000000;84,26000000;78,38000000;81,22000000;-1,79
2021-07-02T00:00:00+00:00;OKBHEDGE/USD;82,27000000;86,98000000;79,91000000;82,67000000;0,48
2021-07-01T00:00:00+00:00;OKBHEDGE/USD;78,97000000;84,34000000;78,46000000;82,27000000;4,01
2021-06-30T00:00:00+00:00;OKBHEDGE/USD;79,91000000;83,25000000;77,58000000;78,97000000;-1,19
2021-06-29T00:00:00+00:00;OKBHEDGE/USD;84,28000000;94,24000000;76,25000000;79,91000000;-5,47
2021-06-28T00:00:00+00:00;OKBHEDGE/USD;87,75000000;89,79000000;82,93000000;84,28000000;-4,12
2021-06-27T00:00:00+00:00;OKBHEDGE/USD;90,34000000;91,99000000;87,60000000;87,75000000;-2,95
2021-06-26T00:00:00+00:00;OKBHEDGE/USD;89,55000000;94,24000000;87,83000000;90,34000000;0,87
2021-06-25T00:00:00+00:00;OKBHEDGE/USD;84,24000000;94,24000000;81,93000000;89,55000000;5,93
2021-06-24T00:00:00+00:00;OKBHEDGE/USD;88,27000000;94,27000000;83,12000000;84,24000000;-4,78
2021-06-23T00:00:00+00:00;OKBHEDGE/USD;97,76000000;100,95000000;86,12000000;88,27000000;-10,75
2021-06-22T00:00:00+00:00;OKBHEDGE/USD;88,39000000;102,09000000;85,67000000;97,76000000;9,58
2021-06-21T00:00:00+00:00;OKBHEDGE/USD;75,62000000;88,68000000;74,82000000;88,39000000;14,45
2021-06-20T00:00:00+00:00;OKBHEDGE/USD;76,32000000;81,29000000;73,92000000;75,62000000;-0,93
2021-06-19T00:00:00+00:00;OKBHEDGE/USD;73,67000000;78,85000000;73,24000000;76,32000000;3,47
2021-06-18T00:00:00+00:00;OKBHEDGE/USD;72,54000000;81,53000000;72,08000000;73,67000000;1,53
2021-06-17T00:00:00+00:00;OKBHEDGE/USD;71,32000000;76,22000000;68,74000000;72,54000000;1,68
2021-06-16T00:00:00+00:00;OKBHEDGE/USD;66,56000000;75,56500000;66,34000000;71,32000000;6,67
2021-06-15T00:00:00+00:00;OKBHEDGE/USD;66,78000000;69,41000000;65,02000000;66,56000000;-0,33
2021-06-14T00:00:00+00:00;OKBHEDGE/USD;70,63000000;73,70500000;64,75000000;66,78000000;-5,77
2021-06-13T00:00:00+00:00;OKBHEDGE/USD;74,88000000;76,27000000;69,55000000;70,63000000;-6,02
2021-06-12T00:00:00+00:00;OKBHEDGE/USD;71,30000000;82,03000000;70,97000000;74,88000000;4,78
2021-06-11T00:00:00+00:00;OKBHEDGE/USD;69,59500000;75,26500000;69,23500000;71,30000000;2,39
2021-06-10T00:00:00+00:00;OKBHEDGE/USD;67,16000000;73,27000000;66,70000000;69,59500000;3,5
2021-06-09T00:00:00+00:00;OKBHEDGE/USD;69,51000000;75,32500000;66,78000000;67,16000000;-3,5
2021-06-08T00:00:00+00:00;OKBHEDGE/USD;67,94500000;80,64500000;66,65500000;69,51000000;2,25
2021-06-07T00:00:00+00:00;OKBHEDGE/USD;61,95000000;71,15000000;60,30000000;67,94500000;8,82
2021-06-06T00:00:00+00:00;OKBHEDGE/USD;62,26000000;66,11000000;60,94000000;61,95000000;-0,5
2021-06-05T00:00:00+00:00;OKBHEDGE/USD;62,35500000;68,32000000;57,19000000;62,26000000;-0,15
2021-06-04T00:00:00+00:00;OKBHEDGE/USD;56,84000000;67,08500000;56,29500000;62,35500000;8,84
2021-06-03T00:00:00+00:00;OKBHEDGE/USD;56,85000000;61,64500000;54,66500000;56,60500000;-0,43
2021-06-02T00:00:00+00:00;OKBHEDGE/USD;79,97000000;85,67000000;55,71000000;56,85000000;-40,67
2021-06-01T00:00:00+00:00;OKBHEDGE/USD;78,07000000;83,87000000;77,26000000;79,97000000;2,38
2021-05-31T00:00:00+00:00;OKBHEDGE/USD;81,87000000;85,11000000;77,98000000;78,07000000;-4,87
2021-05-30T00:00:00+00:00;OKBHEDGE/USD;83,77000000;87,54000000;79,79000000;81,87000000;-2,32
2021-05-29T00:00:00+00:00;OKBHEDGE/USD;81,88000000;87,91000000;77,34000000;83,77000000;2,26
2021-05-28T00:00:00+00:00;OKBHEDGE/USD;75,72000000;85,87000000;74,61000000;81,88000000;7,52
2021-05-27T00:00:00+00:00;OKBHEDGE/USD;74,03000000;82,78000000;73,30000000;75,72000000;2,23
2021-05-26T00:00:00+00:00;OKBHEDGE/USD;76,66000000;80,77000000;71,06000000;74,03000000;-3,55
2021-05-25T00:00:00+00:00;OKBHEDGE/USD;73,85000000;85,67000000;72,19000000;76,66000000;3,67
2021-05-24T00:00:00+00:00;OKBHEDGE/USD;94,68000000;98,43000000;73,09000000;73,85000000;-28,21
2021-05-23T00:00:00+00:00;OKBHEDGE/USD;83,60000000;104,82000000;82,79000000;94,68000000;11,7
2021-05-22T00:00:00+00:00;OKBHEDGE/USD;80,50000000;89,25500000;77,82000000;83,60000000;3,71
2021-05-21T00:00:00+00:00;OKBHEDGE/USD;60,14000000;83,15000000;43,80500000;80,50000000;25,29
2021-05-20T00:00:00+00:00;OKBHEDGE/USD;72,19000000;81,46000000;54,47000000;60,14000000;-20,04
2021-05-19T00:00:00+00:00;OKBHEDGE/USD;54,91000000;83,75000000;53,75000000;72,19000000;23,94
2021-05-18T00:00:00+00:00;OKBHEDGE/USD;53,64000000;56,11500000;43,67500000;54,91000000;2,31
2021-05-17T00:00:00+00:00;OKBHEDGE/USD;49,01000000;55,81000000;48,08500000;53,64000000;8,63
2021-05-16T00:00:00+00:00;OKBHEDGE/USD;46,50000000;51,08000000;43,67500000;49,01000000;5,12
2021-05-15T00:00:00+00:00;OKBHEDGE/USD;44,32000000;47,90000000;43,67500000;46,50000000;4,69
2021-05-14T00:00:00+00:00;OKBHEDGE/USD;43,67500000;45,31000000;42,48000000;44,32000000;1,46
2021-05-13T00:00:00+00:00;OKBHEDGE/USD;46,15000000;47,82000000;40,45000000;43,67500000;-5,67
2021-05-12T00:00:00+00:00;OKBHEDGE/USD;47,32000000;47,61000000;38,91000000;46,15000000;-2,54
2021-05-11T00:00:00+00:00;OKBHEDGE/USD;51,54000000;52,95000000;44,43000000;47,32000000;-8,92
2021-05-10T00:00:00+00:00;OKBHEDGE/USD;53,19500000;53,62000000;43,50500000;51,54000000;-3,21
2021-05-09T00:00:00+00:00;OKBHEDGE/USD;54,26500000;57,53000000;51,60000000;53,19500000;-2,01
2021-05-08T00:00:00+00:00;OKBHEDGE/USD;52,78000000;54,58000000;47,88000000;54,26500000;2,74
2021-05-07T00:00:00+00:00;OKBHEDGE/USD;53,05500000;56,80500000;48,18500000;52,78000000;-0,52
2021-05-06T00:00:00+00:00;OKBHEDGE/USD;47,28000000;56,18000000;47,07000000;53,05500000;10,88
2021-05-05T00:00:00+00:00;OKBHEDGE/USD;47,73500000;48,73500000;44,68500000;47,28000000;-0,96
2021-05-04T00:00:00+00:00;OKBHEDGE/USD;44,71500000;49,77000000;41,37000000;47,73500000;6,33
2021-05-03T00:00:00+00:00;OKBHEDGE/USD;42,57000000;47,91500000;40,80000000;44,71500000;4,8
2021-05-02T00:00:00+00:00;OKBHEDGE/USD;53,49500000;58,39000000;42,54000000;42,57000000;-25,66
2021-05-01T00:00:00+00:00;OKBHEDGE/USD;94,29000000;97,70000000;50,22000000;53,49500000;-76,26
2021-04-30T00:00:00+00:00;OKBHEDGE/USD;101,49000000;101,58000000;92,33000000;94,29000000;-7,64
2021-04-29T00:00:00+00:00;OKBHEDGE/USD;118,73000000;122,40000000;101,49000000;101,49000000;-16,99
2021-04-28T00:00:00+00:00;OKBHEDGE/USD;117,27000000;122,70000000;114,31000000;118,73000000;1,23
2021-04-27T00:00:00+00:00;OKBHEDGE/USD;119,47000000;121,56000000;116,16000000;117,27000000;-1,88
2021-04-26T00:00:00+00:00;OKBHEDGE/USD;125,46000000;125,85000000;118,21000000;119,47000000;-5,01
2021-04-25T00:00:00+00:00;OKBHEDGE/USD;124,71000000;128,58000000;120,10000000;125,46000000;0,6
2021-04-24T00:00:00+00:00;OKBHEDGE/USD;126,20000000;129,65000000;121,91000000;124,71000000;-1,19
2021-04-23T00:00:00+00:00;OKBHEDGE/USD;124,97000000;138,74000000;123,17000000;126,20000000;0,97
2021-04-22T00:00:00+00:00;OKBHEDGE/USD;119,38000000;125,15000000;111,87000000;124,97000000;4,47
2021-04-21T00:00:00+00:00;OKBHEDGE/USD;118,08000000;122,21000000;111,36000000;119,38000000;1,09
2021-04-20T00:00:00+00:00;OKBHEDGE/USD;131,06000000;139,39000000;118,08000000;118,08000000;-10,99
2021-04-19T00:00:00+00:00;OKBHEDGE/USD;120,87000000;135,09000000;117,53000000;131,06000000;7,78
2021-04-18T00:00:00+00:00;OKBHEDGE/USD;116,96000000;137,55000000;116,49000000;120,87000000;3,23
2021-04-17T00:00:00+00:00;OKBHEDGE/USD;113,20000000;118,20000000;109,89000000;116,96000000;3,21
2021-04-16T00:00:00+00:00;OKBHEDGE/USD;103,75000000;115,56000000;103,01000000;113,20000000;8,35
2021-04-15T00:00:00+00:00;OKBHEDGE/USD;106,30000000;107,57000000;101,92000000;103,75000000;-2,46
2021-04-14T00:00:00+00:00;OKBHEDGE/USD;99,26000000;110,79000000;97,10000000;106,30000000;6,62
2021-04-13T00:00:00+00:00;OKBHEDGE/USD;94,84000000;103,51000000;92,01000000;99,26000000;4,45
2021-04-12T00:00:00+00:00;OKBHEDGE/USD;97,66000000;99,78000000;86,32000000;94,84000000;-2,97
2021-04-11T00:00:00+00:00;OKBHEDGE/USD;104,59000000;107,22000000;97,47000000;97,66000000;-7,1
2021-04-10T00:00:00+00:00;OKBHEDGE/USD;111,70000000;112,08000000;97,25000000;104,59000000;-6,8
2021-04-09T00:00:00+00:00;OKBHEDGE/USD;112,36000000;113,36000000;110,64000000;111,70000000;-0,59
2021-04-08T00:00:00+00:00;OKBHEDGE/USD;119,82000000;120,76000000;110,32000000;112,36000000;-6,64
2021-04-07T00:00:00+00:00;OKBHEDGE/USD;116,81000000;123,45000000;108,82000000;119,82000000;2,51
2021-04-06T00:00:00+00:00;OKBHEDGE/USD;120,77000000;122,73000000;113,39000000;116,81000000;-3,39
2021-04-05T00:00:00+00:00;OKBHEDGE/USD;127,87000000;131,57000000;115,45000000;120,77000000;-5,88
2021-04-04T00:00:00+00:00;OKBHEDGE/USD;134,92000000;136,28000000;127,49000000;127,87000000;-5,51
2021-04-03T00:00:00+00:00;OKBHEDGE/USD;123,25000000;136,14000000;121,39000000;134,92000000;8,65
2021-04-02T00:00:00+00:00;OKBHEDGE/USD;125,11000000;125,79000000;120,02000000;123,25000000;-1,51
2021-04-01T00:00:00+00:00;OKBHEDGE/USD;126,97000000;132,41000000;125,11000000;125,11000000;-1,49
2021-03-31T00:00:00+00:00;OKBHEDGE/USD;131,43000000;139,06000000;122,67000000;126,97000000;-3,51
2021-03-30T00:00:00+00:00;OKBHEDGE/USD;147,05000000;152,41000000;130,19000000;131,43000000;-11,88
2021-03-29T00:00:00+00:00;OKBHEDGE/USD;161,72500000;161,90000000;144,71000000;147,05000000;-9,98
2021-03-28T00:00:00+00:00;OKBHEDGE/USD;174,25000000;175,62500000;155,52500000;161,72500000;-7,74
2021-03-27T00:00:00+00:00;OKBHEDGE/USD;172,42500000;177,20000000;170,82500000;174,25000000;1,05
2021-03-26T00:00:00+00:00;OKBHEDGE/USD;180,69000000;181,60000000;172,32500000;172,42500000;-4,79
2021-03-25T00:00:00+00:00;OKBHEDGE/USD;170,12500000;181,52500000;170,12500000;180,69000000;5,85
2021-03-24T00:00:00+00:00;OKBHEDGE/USD;162,17500000;171,01000000;152,32500000;170,12500000;4,67
2021-03-23T00:00:00+00:00;OKBHEDGE/USD;163,32500000;165,40000000;154,72500000;162,17500000;-0,71
2021-03-22T00:00:00+00:00;OKBHEDGE/USD;156,22000000;163,77500000;155,97500000;163,32500000;4,35
2021-03-21T00:00:00+00:00;OKBHEDGE/USD;152,23000000;157,13000000;150,64000000;156,22000000;2,55
2021-03-20T00:00:00+00:00;OKBHEDGE/USD;150,89000000;152,50000000;150,16000000;152,23000000;0,88
2021-03-19T00:00:00+00:00;OKBHEDGE/USD;152,12000000;154,23000000;150,14000000;150,89000000;-0,82
2021-03-18T00:00:00+00:00;OKBHEDGE/USD;150,16000000;152,51000000;145,32000000;152,12000000;1,29
2021-03-17T00:00:00+00:00;OKBHEDGE/USD;149,80000000;155,42000000;149,17000000;150,16000000;0,24
2021-03-16T00:00:00+00:00;OKBHEDGE/USD;150,16000000;153,47000000;146,02000000;149,80000000;-0,24
2021-03-15T00:00:00+00:00;OKBHEDGE/USD;139,94000000;153,01000000;137,17000000;150,16000000;6,81
2021-03-14T00:00:00+00:00;OKBHEDGE/USD;137,17000000;140,30000000;135,66000000;139,94000000;1,98
2021-03-13T00:00:00+00:00;OKBHEDGE/USD;140,49000000;142,49000000;135,81000000;137,17000000;-2,42
2021-03-12T00:00:00+00:00;OKBHEDGE/USD;134,55000000;142,26000000;134,49000000;140,49000000;4,23
2021-03-11T00:00:00+00:00;OKBHEDGE/USD;131,85000000;143,72000000;130,54000000;134,55000000;2,01
2021-03-10T00:00:00+00:00;OKBHEDGE/USD;123,70000000;132,56000000;123,30000000;131,85000000;6,18
2021-03-09T00:00:00+00:00;OKBHEDGE/USD;131,37000000;132,95000000;123,24000000;123,70000000;-6,2
2021-03-08T00:00:00+00:00;OKBHEDGE/USD;126,92000000;136,23000000;126,30000000;131,37000000;3,39
2021-03-07T00:00:00+00:00;OKBHEDGE/USD;130,61000000;131,15000000;125,39000000;126,92000000;-2,91
2021-03-06T00:00:00+00:00;OKBHEDGE/USD;127,25000000;133,33000000;125,05000000;130,61000000;2,57
2021-03-05T00:00:00+00:00;OKBHEDGE/USD;124,96000000;136,44000000;124,88000000;127,25000000;1,8
2021-03-04T00:00:00+00:00;OKBHEDGE/USD;131,58000000;134,00000000;110,06000000;124,96000000;-5,3
2021-03-03T00:00:00+00:00;OKBHEDGE/USD;132,90000000;134,80000000;123,94000000;131,58000000;-1,0
2021-03-02T00:00:00+00:00;OKBHEDGE/USD;127,14000000;137,38000000;126,42000000;132,90000000;4,33
2021-03-01T00:00:00+00:00;OKBHEDGE/USD;148,96000000;150,19000000;122,13000000;127,14000000;-17,16
2021-02-28T00:00:00+00:00;OKBHEDGE/USD;128,34000000;154,18000000;125,83000000;148,96000000;13,84
2021-02-27T00:00:00+00:00;OKBHEDGE/USD;150,01000000;150,56000000;124,47000000;128,34000000;-16,88
2021-02-26T00:00:00+00:00;OKBHEDGE/USD;141,14000000;158,24000000;137,58000000;150,01000000;5,91
2021-02-25T00:00:00+00:00;OKBHEDGE/USD;130,60000000;142,03000000;127,65000000;141,14000000;7,47
2021-02-24T00:00:00+00:00;OKBHEDGE/USD;147,29000000;152,51000000;127,32000000;130,60000000;-12,78
2021-02-23T00:00:00+00:00;OKBHEDGE/USD;127,91000000;164,66000000;126,87000000;147,29000000;13,16
2021-02-22T00:00:00+00:00;OKBHEDGE/USD;116,83000000;141,12000000;110,11000000;127,91000000;8,66
2021-02-21T00:00:00+00:00;OKBHEDGE/USD;204,85000000;207,62500000;110,93000000;116,83000000;-75,34
2021-02-20T00:00:00+00:00;OKBHEDGE/USD;174,47500000;210,85000000;166,50000000;204,85000000;14,83
2021-02-19T00:00:00+00:00;OKBHEDGE/USD;305,60000000;306,40000000;173,77500000;174,47500000;-75,15
2021-02-18T00:00:00+00:00;OKBHEDGE/USD;320,70000000;337,05000000;297,70000000;305,60000000;-4,94
2021-02-17T00:00:00+00:00;OKBHEDGE/USD;390,00000000;395,05000000;320,70000000;320,70000000;-21,61
2021-02-16T00:00:00+00:00;OKBHEDGE/USD;384,60000000;398,65000000;384,60000000;390,00000000;1,38
2021-02-15T00:00:00+00:00;OKBHEDGE/USD;366,95000000;409,80000000;366,60000000;384,60000000;4,59
2021-02-14T00:00:00+00:00;OKBHEDGE/USD;365,20000000;370,90000000;350,60000000;366,95000000;0,48
2021-02-13T00:00:00+00:00;OKBHEDGE/USD;359,10000000;366,90000000;351,70000000;365,20000000;1,67
2021-02-12T00:00:00+00:00;OKBHEDGE/USD;372,15000000;375,10000000;348,85000000;359,10000000;-3,63
2021-02-11T00:00:00+00:00;OKBHEDGE/USD;353,95000000;375,25000000;349,35000000;372,15000000;4,89
2021-02-10T00:00:00+00:00;OKBHEDGE/USD;389,75000000;399,70000000;321,00000000;353,95000000;-10,11
2021-02-09T00:00:00+00:00;OKBHEDGE/USD;549,10000000;551,95000000;389,75000000;389,75000000;-40,89
2021-02-08T00:00:00+00:00;OKBHEDGE/USD;547,60000000;573,30000000;543,65000000;549,10000000;0,27
2021-02-07T00:00:00+00:00;OKBHEDGE/USD;523,90000000;559,50000000;505,00000000;547,60000000;4,33
2021-02-06T00:00:00+00:00;OKBHEDGE/USD;523,90000000;546,45000000;516,30000000;523,90000000;0,0
2021-02-05T00:00:00+00:00;OKBHEDGE/USD;566,55000000;571,95000000;521,85000000;523,90000000;-8,14
2021-02-04T00:00:00+00:00;OKBHEDGE/USD;560,65000000;573,30000000;553,85000000;566,55000000;1,04
2021-02-03T00:00:00+00:00;OKBHEDGE/USD;577,30000000;579,40000000;556,00000000;560,65000000;-2,97
2021-02-02T00:00:00+00:00;OKBHEDGE/USD;586,85000000;594,35000000;573,30000000;577,30000000;-1,65
2021-02-01T00:00:00+00:00;OKBHEDGE/USD;588,75000000;593,45000000;569,20000000;586,85000000;-0,32
2021-01-31T00:00:00+00:00;OKBHEDGE/USD;624,40000000;634,45000000;573,30000000;588,75000000;-6,06
2021-01-30T00:00:00+00:00;OKBHEDGE/USD;617,10000000;626,80000000;583,90000000;624,40000000;1,17
2021-01-29T00:00:00+00:00;OKBHEDGE/USD;616,55000000;624,90000000;601,40000000;617,10000000;0,09
2021-01-28T00:00:00+00:00;OKBHEDGE/USD;644,60000000;654,25000000;606,80000000;616,55000000;-4,55
2021-01-27T00:00:00+00:00;OKBHEDGE/USD;612,25000000;652,90000000;606,85000000;644,60000000;5,02
2021-01-26T00:00:00+00:00;OKBHEDGE/USD;587,95000000;622,50000000;583,45000000;612,25000000;3,97
2021-01-25T00:00:00+00:00;OKBHEDGE/USD;577,70000000;589,40000000;573,30000000;587,95000000;1,74
2021-01-24T00:00:00+00:00;OKBHEDGE/USD;575,25000000;583,55000000;573,30000000;577,70000000;0,42
2021-01-23T00:00:00+00:00;OKBHEDGE/USD;573,30000000;586,90000000;573,30000000;575,25000000;0,34
2021-01-22T00:00:00+00:00;OKBHEDGE/USD;573,30000000;591,70000000;573,15000000;573,30000000;0,0
2021-01-21T00:00:00+00:00;OKBHEDGE/USD;542,30000000;573,30000000;531,70000000;573,30000000;5,41
2021-01-20T00:00:00+00:00;OKBHEDGE/USD;573,30000000;586,45000000;532,70000000;542,30000000;-5,72
2021-01-19T00:00:00+00:00;OKBHEDGE/USD;534,30000000;578,80000000;505,40000000;573,30000000;6,8
2021-01-18T00:00:00+00:00;OKBHEDGE/USD;563,25000000;565,50000000;513,25000000;534,30000000;-5,42
2021-01-17T00:00:00+00:00;OKBHEDGE/USD;573,30000000;583,20000000;551,40000000;563,25000000;-1,78
2021-01-16T00:00:00+00:00;OKBHEDGE/USD;584,00000000;586,30000000;565,90000000;573,30000000;-1,87
2021-01-15T00:00:00+00:00;OKBHEDGE/USD;573,30000000;604,65000000;566,15000000;584,00000000;1,83
2021-01-14T00:00:00+00:00;OKBHEDGE/USD;571,80000000;573,30000000;565,65000000;573,30000000;0,26
2021-01-13T00:00:00+00:00;OKBHEDGE/USD;554,40000000;599,60000000;510,25000000;571,80000000;3,04
2021-01-12T00:00:00+00:00;OKBHEDGE/USD;532,95000000;575,45000000;532,25000000;554,40000000;3,87
2021-01-11T00:00:00+00:00;OKBHEDGE/USD;521,35000000;586,40000000;503,80000000;532,95000000;2,18
2021-01-10T00:00:00+00:00;OKBHEDGE/USD;517,50000000;522,00000000;460,40000000;521,35000000;0,74
2021-01-09T00:00:00+00:00;OKBHEDGE/USD;524,15000000;532,85000000;507,60000000;517,50000000;-1,29
2021-01-08T00:00:00+00:00;OKBHEDGE/USD;512,90000000;549,20000000;510,20000000;524,15000000;2,15
2021-01-07T00:00:00+00:00;OKBHEDGE/USD;519,45000000;524,25000000;483,45000000;512,90000000;-1,28
2021-01-06T00:00:00+00:00;OKBHEDGE/USD;516,50000000;526,45000000;510,90000000;519,45000000;0,57
2021-01-05T00:00:00+00:00;OKBHEDGE/USD;536,25000000;541,05000000;501,80000000;516,50000000;-3,82
2021-01-04T00:00:00+00:00;OKBHEDGE/USD;525,75000000;548,45000000;489,25000000;536,25000000;1,96
2021-01-03T00:00:00+00:00;OKBHEDGE/USD;482,70000000;531,30000000;460,40000000;525,75000000;8,19
2021-01-02T00:00:00+00:00;OKBHEDGE/USD;453,40000000;508,20000000;438,85000000;482,70000000;6,07
2021-01-01T00:00:00+00:00;OKBHEDGE/USD;552,00000000;561,95000000;450,90000000;453,40000000;-21,75
2020-12-31T00:00:00+00:00;OKBHEDGE/USD;565,80000000;592,35000000;527,15000000;552,00000000;-2,5
2020-12-30T00:00:00+00:00;OKBHEDGE/USD;567,35000000;597,05000000;560,40000000;565,80000000;-0,27
2020-12-29T00:00:00+00:00;OKBHEDGE/USD;571,65000000;627,35000000;540,65000000;567,35000000;-0,76
2020-12-28T00:00:00+00:00;OKBHEDGE/USD;681,25000000;684,45000000;571,65000000;571,65000000;-19,17
2020-12-27T00:00:00+00:00;OKBHEDGE/USD;737,40000000;761,40000000;659,90000000;681,25000000;-8,24
2020-12-26T00:00:00+00:00;OKBHEDGE/USD;719,90000000;784,30000000;707,80000000;737,40000000;2,37
2020-12-25T00:00:00+00:00;OKBHEDGE/USD;733,50000000;790,50000000;713,80000000;719,90000000;-1,89
2020-12-24T00:00:00+00:00;OKBHEDGE/USD;766,30000000;776,10000000;724,30000000;733,50000000;-4,47
2020-12-23T00:00:00+00:00;OKBHEDGE/USD;730,90000000;790,50000000;715,40000000;766,30000000;4,62
2020-12-22T00:00:00+00:00;OKBHEDGE/USD;790,50000000;794,70000000;699,90000000;730,90000000;-8,15
2020-12-21T00:00:00+00:00;OKBHEDGE/USD;750,90000000;796,00000000;736,20000000;790,50000000;5,01
2020-12-20T00:00:00+00:00;OKBHEDGE/USD;737,80000000;756,00000000;730,60000000;750,90000000;1,74
2020-12-19T00:00:00+00:00;OKBHEDGE/USD;736,70000000;758,00000000;726,70000000;737,80000000;0,15
2020-12-18T00:00:00+00:00;OKBHEDGE/USD;777,70000000;790,50000000;731,40000000;736,70000000;-5,57
2020-12-17T00:00:00+00:00;OKBHEDGE/USD;765,80000000;787,20000000;750,50000000;777,70000000;1,53
2020-12-16T00:00:00+00:00;OKBHEDGE/USD;772,20000000;790,50000000;742,50000000;765,80000000;-0,84
2020-12-15T00:00:00+00:00;OKBHEDGE/USD;790,50000000;790,50000000;755,90000000;772,20000000;-2,37
2020-12-14T00:00:00+00:00;OKBHEDGE/USD;789,30000000;797,10000000;786,30000000;790,50000000;0,15
2020-12-13T00:00:00+00:00;OKBHEDGE/USD;799,30000000;799,90000000;786,20000000;789,30000000;-1,27
2020-12-12T00:00:00+00:00;OKBHEDGE/USD;807,20000000;807,20000000;783,30000000;799,30000000;-0,99
2020-12-11T00:00:00+00:00;OKBHEDGE/USD;858,50000000;900,60000000;779,90000000;807,20000000;-6,36
2020-12-10T00:00:00+00:00;OKBHEDGE/USD;851,40000000;885,70000000;829,10000000;858,50000000;0,83
2020-12-09T00:00:00+00:00;OKBHEDGE/USD;852,90000000;895,40000000;847,30000000;851,40000000;-0,18
2020-12-08T00:00:00+00:00;OKBHEDGE/USD;837,90000000;871,50000000;826,80000000;852,90000000;1,76
2020-12-07T00:00:00+00:00;OKBHEDGE/USD;879,10000000;885,50000000;821,50000000;837,90000000;-4,92
2020-12-06T00:00:00+00:00;OKBHEDGE/USD;870,00000000;901,80000000;860,50000000;879,10000000;1,04
2020-12-05T00:00:00+00:00;OKBHEDGE/USD;881,40000000;892,20000000;860,60000000;870,00000000;-1,31
2020-12-04T00:00:00+00:00;OKBHEDGE/USD;853,40000000;891,40000000;842,00000000;881,40000000;3,18
2020-12-03T00:00:00+00:00;OKBHEDGE/USD;831,10000000;876,00000000;830,00000000;853,40000000;2,61
2020-12-02T00:00:00+00:00;OKBHEDGE/USD;869,20000000;877,90000000;820,20000000;831,10000000;-4,58
2020-12-01T00:00:00+00:00;OKBHEDGE/USD;816,40000000;875,40000000;803,70000000;869,20000000;6,07
2020-11-30T00:00:00+00:00;OKBHEDGE/USD;844,60000000;857,40000000;808,80000000;816,40000000;-3,45
2020-11-29T00:00:00+00:00;OKBHEDGE/USD;865,80000000;889,40000000;844,60000000;844,60000000;-2,51
2020-11-28T00:00:00+00:00;OKBHEDGE/USD;885,60000000;893,30000000;851,90000000;865,80000000;-2,29
2020-11-27T00:00:00+00:00;OKBHEDGE/USD;870,40000000;915,60000000;862,80000000;885,60000000;1,72
2020-11-26T00:00:00+00:00;OKBHEDGE/USD;798,10000000;918,70000000;798,10000000;870,40000000;8,31
2020-11-25T00:00:00+00:00;OKBHEDGE/USD;761,20000000;812,20000000;760,60000000;798,10000000;4,62
2020-11-24T00:00:00+00:00;OKBHEDGE/USD;744,90000000;787,00000000;722,80000000;761,20000000;2,14
2020-11-23T00:00:00+00:00;OKBHEDGE/USD;735,60000000;797,40000000;696,70000000;744,90000000;1,25
2020-11-22T00:00:00+00:00;OKBHEDGE/USD;780,00000000;800,20000000;725,50000000;735,60000000;-6,04
2020-11-21T00:00:00+00:00;OKBHEDGE/USD;785,60000000;800,50000000;779,00000000;780,00000000;-0,72
2020-11-20T00:00:00+00:00;OKBHEDGE/USD;814,80000000;821,60000000;777,60000000;785,60000000;-3,72
2020-11-19T00:00:00+00:00;OKBHEDGE/USD;869,20000000;881,20000000;788,20000000;814,80000000;-6,68
2020-11-18T00:00:00+00:00;OKBHEDGE/USD;997,20000000;1014,70000000;849,70000000;869,20000000;-14,73
2020-11-17T00:00:00+00:00;OKBHEDGE/USD;1046,90000000;1082,70000000;982,20000000;997,20000000;-4,98
2020-11-16T00:00:00+00:00;OKBHEDGE/USD;1041,50000000;1068,30000000;1023,40000000;1046,90000000;0,52
2020-11-15T00:00:00+00:00;OKBHEDGE/USD;1021,30000000;1054,90000000;1017,90000000;1041,50000000;1,94
2020-11-14T00:00:00+00:00;OKBHEDGE/USD;1005,80000000;1051,00000000;1005,20000000;1021,30000000;1,52
2020-11-13T00:00:00+00:00;OKBHEDGE/USD;1016,20000000;1021,80000000;992,00000000;1005,80000000;-1,03
2020-11-12T00:00:00+00:00;OKBHEDGE/USD;1030,10000000;1040,10000000;1007,50000000;1016,20000000;-1,37
2020-11-11T00:00:00+00:00;OKBHEDGE/USD;1060,00000000;1064,20000000;1020,60000000;1030,10000000;-2,9
2020-11-10T00:00:00+00:00;OKBHEDGE/USD;1071,30000000;1080,10000000;1047,40000000;1060,00000000;-1,07
2020-11-09T00:00:00+00:00;OKBHEDGE/USD;1071,80000000;1098,40000000;1052,80000000;1071,30000000;-0,05
2020-11-08T00:00:00+00:00;OKBHEDGE/USD;1074,90000000;1186,80000000;1066,10000000;1071,80000000;-0,29
2020-11-07T00:00:00+00:00;OKBHEDGE/USD;1101,10000000;1114,40000000;1047,30000000;1074,90000000;-2,44
2020-11-06T00:00:00+00:00;OKBHEDGE/USD;1141,20000000;1162,10000000;1039,70000000;1101,10000000;-3,64
2020-11-05T00:00:00+00:00;OKBHEDGE/USD;1188,60000000;1194,50000000;1055,20000000;1141,20000000;-4,15
2020-11-04T00:00:00+00:00;OKBHEDGE/USD;1231,90000000;1276,40000000;1160,70000000;1188,60000000;-3,64
2020-11-03T00:00:00+00:00;OKBHEDGE/USD;1178,50000000;1243,50000000;1165,50000000;1231,90000000;4,33
2020-11-02T00:00:00+00:00;OKBHEDGE/USD;1148,40000000;1204,50000000;1132,20000000;1178,50000000;2,55
2020-11-01T00:00:00+00:00;OKBHEDGE/USD;1165,10000000;1167,90000000;1136,40000000;1148,40000000;-1,45
2020-10-31T00:00:00+00:00;OKBHEDGE/USD;1175,40000000;1235,30000000;1146,10000000;1165,10000000;-0,88
2020-10-30T00:00:00+00:00;OKBHEDGE/USD;1139,50000000;1195,40000000;1132,00000000;1175,40000000;3,05
2020-10-29T00:00:00+00:00;OKBHEDGE/USD;1142,70000000;1145,80000000;1101,40000000;1139,50000000;-0,28
2020-10-28T00:00:00+00:00;OKBHEDGE/USD;1129,50000000;1167,70000000;1127,30000000;1142,70000000;1,16
2020-10-27T00:00:00+00:00;OKBHEDGE/USD;1146,50000000;1151,30000000;1117,50000000;1129,50000000;-1,51
2020-10-26T00:00:00+00:00;OKBHEDGE/USD;1146,80000000;1156,60000000;1122,10000000;1146,50000000;-0,03
2020-10-25T00:00:00+00:00;OKBHEDGE/USD;1157,50000000;1177,40000000;1111,10000000;1146,80000000;-0,93
2020-10-24T00:00:00+00:00;OKBHEDGE/USD;1182,70000000;1229,60000000;1146,90000000;1157,50000000;-2,18
2020-10-23T00:00:00+00:00;OKBHEDGE/USD;1114,00000000;1248,20000000;1106,30000000;1182,70000000;5,81
2020-10-22T00:00:00+00:00;OKBHEDGE/USD;1091,80000000;1140,10000000;1077,10000000;1114,00000000;1,99
2020-10-21T00:00:00+00:00;OKBHEDGE/USD;1152,30000000;1155,30000000;1025,60000000;1089,60000000;-5,75
2020-10-20T00:00:00+00:00;OKBHEDGE/USD;1216,10000000;1226,00000000;1119,10000000;1152,30000000;-5,54
2020-10-19T00:00:00+00:00;OKBHEDGE/USD;1169,80000000;1276,70000000;1166,10000000;1216,10000000;3,81
2020-10-18T00:00:00+00:00;OKBHEDGE/USD;1287,10000000;1399,10000000;1139,80000000;1169,80000000;-10,03
2020-10-17T00:00:00+00:00;OKBHEDGE/USD;1143,50000000;1378,90000000;1142,00000000;1287,10000000;11,16
2020-10-16T00:00:00+00:00;OKBHEDGE/USD;1023,20000000;1209,50000000;1023,20000000;1143,50000000;10,52
2020-10-15T00:00:00+00:00;OKBHEDGE/USD;997,20000000;1061,30000000;993,90000000;1023,20000000;2,54
2020-10-14T00:00:00+00:00;OKBHEDGE/USD;990,40000000;1034,00000000;985,30000000;997,20000000;0,68
2020-10-13T00:00:00+00:00;OKBHEDGE/USD;982,30000000;995,30000000;973,60000000;990,40000000;0,82
2020-10-12T00:00:00+00:00;OKBHEDGE/USD;984,60000000;1001,60000000;971,20000000;982,30000000;-0,23
2020-10-11T00:00:00+00:00;OKBHEDGE/USD;987,90000000;1001,90000000;983,40000000;984,60000000;-0,34
2020-10-10T00:00:00+00:00;OKBHEDGE/USD;953,80000000;1001,90000000;945,80000000;987,90000000;3,45
2020-10-09T00:00:00+00:00;OKBHEDGE/USD;986,00000000;1002,00000000;949,20000000;953,80000000;-3,38
2020-10-08T00:00:00+00:00;OKBHEDGE/USD;988,30000000;1009,60000000;979,70000000;986,00000000;-0,23
2020-10-07T00:00:00+00:00;OKBHEDGE/USD;993,90000000;1013,00000000;984,80000000;988,30000000;-0,57
2020-10-06T00:00:00+00:00;OKBHEDGE/USD;969,60000000;1002,80000000;964,30000000;993,90000000;2,44
2020-10-05T00:00:00+00:00;OKBHEDGE/USD;982,60000000;985,80000000;969,60000000;969,60000000;-1,34
2020-10-04T00:00:00+00:00;OKBHEDGE/USD;990,00000000;1004,20000000;980,20000000;982,60000000;-0,75
2020-10-03T00:00:00+00:00;OKBHEDGE/USD;987,60000000;1031,60000000;982,10000000;990,00000000;0,24
2020-10-02T00:00:00+00:00;OKBHEDGE/USD;987,50000000;1011,20000000;972,10000000;987,60000000;0,01
2020-10-01T00:00:00+00:00;OKBHEDGE/USD;985,90000000;1009,20000000;951,60000000;987,50000000;0,16
2020-09-30T00:00:00+00:00;OKBHEDGE/USD;985,50000000;1010,20000000;983,40000000;985,90000000;0,04
2020-09-29T00:00:00+00:00;OKBHEDGE/USD;997,60000000;1006,30000000;982,50000000;985,50000000;-1,23
2020-09-28T00:00:00+00:00;OKBHEDGE/USD;979,30000000;1000,30000000;970,00000000;997,60000000;1,83
2020-09-27T00:00:00+00:00;OKBHEDGE/USD;968,00000000;1001,30000000;965,50000000;979,30000000;1,15
2020-09-26T00:00:00+00:00;OKBHEDGE/USD;966,30000000;1001,60000000;960,10000000;968,00000000;0,18
2020-09-25T00:00:00+00:00;OKBHEDGE/USD;979,20000000;1082,00000000;955,30000000;966,30000000;-1,33
2020-09-24T00:00:00+00:00;OKBHEDGE/USD;1006,50000000;1010,40000000;956,50000000;979,20000000;-2,79
2020-09-23T00:00:00+00:00;OKBHEDGE/USD;1008,50000000;1026,40000000;966,10000000;1006,50000000;-0,2
2020-09-22T00:00:00+00:00;OKBHEDGE/USD;1029,80000000;1035,20000000;998,20000000;1008,50000000;-2,11
2020-09-21T00:00:00+00:00;OKBHEDGE/USD;980,60000000;1044,80000000;966,30000000;1029,80000000;4,78
2020-09-20T00:00:00+00:00;OKBHEDGE/USD;990,00000000;1011,10000000;964,20000000;980,60000000;-0,96
2020-09-19T00:00:00+00:00;OKBHEDGE/USD;991,30000000;1023,80000000;982,80000000;990,00000000;-0,13
2020-09-18T00:00:00+00:00;OKBHEDGE/USD;993,50000000;1017,40000000;967,10000000;991,30000000;-0,22
2020-09-17T00:00:00+00:00;OKBHEDGE/USD;952,70000000;1036,80000000;941,20000000;993,50000000;4,11
2020-09-16T00:00:00+00:00;OKBHEDGE/USD;973,30000000;1003,30000000;943,70000000;952,70000000;-2,16
2020-09-15T00:00:00+00:00;OKBHEDGE/USD;935,50000000;996,80000000;929,50000000;973,30000000;3,88
2020-09-14T00:00:00+00:00;OKBHEDGE/USD;932,60000000;965,30000000;916,60000000;935,50000000;0,31
2020-09-13T00:00:00+00:00;OKBHEDGE/USD;1093,50000000;1104,10000000;915,90000000;932,60000000;-17,25
2020-09-12T00:00:00+00:00;OKBHEDGE/USD;1147,10000000;1150,50000000;1091,60000000;1093,50000000;-4,9
2020-09-11T00:00:00+00:00;OKBHEDGE/USD;1137,40000000;1162,60000000;1134,90000000;1147,10000000;0,85
2020-09-10T00:00:00+00:00;OKBHEDGE/USD;1164,20000000;1164,20000000;1088,40000000;1137,40000000;-2,36
2020-09-09T00:00:00+00:00;OKBHEDGE/USD;1184,20000000;1191,40000000;1155,40000000;1164,20000000;-1,72
2020-09-08T00:00:00+00:00;OKBHEDGE/USD;1155,40000000;1210,80000000;1147,40000000;1184,20000000;2,43
2020-09-07T00:00:00+00:00;OKBHEDGE/USD;1174,70000000;1225,20000000;1126,80000000;1155,40000000;-1,67
2020-09-06T00:00:00+00:00;OKBHEDGE/USD;1274,90000000;1299,30000000;1158,80000000;1174,70000000;-8,53
2020-09-05T00:00:00+00:00;OKBHEDGE/USD;1218,00000000;1306,80000000;1189,80000000;1274,90000000;4,46
2020-09-04T00:00:00+00:00;OKBHEDGE/USD;1227,70000000;1299,80000000;1155,40000000;1218,00000000;-0,8
2020-09-03T00:00:00+00:00;OKBHEDGE/USD;1118,50000000;1233,50000000;1095,60000000;1227,70000000;8,89
2020-09-02T00:00:00+00:00;OKBHEDGE/USD;1109,40000000;1183,70000000;1077,20000000;1118,50000000;0,81
2020-09-01T00:00:00+00:00;OKBHEDGE/USD;1134,80000000;1152,40000000;1067,00000000;1109,40000000;-2,29
2020-08-31T00:00:00+00:00;OKBHEDGE/USD;1155,40000000;1169,20000000;1113,60000000;1134,80000000;-1,82
2020-08-30T00:00:00+00:00;OKBHEDGE/USD;1171,00000000;1201,50000000;1142,30000000;1155,40000000;-1,35
2020-08-29T00:00:00+00:00;OKBHEDGE/USD;1155,40000000;1176,70000000;1155,40000000;1171,00000000;1,33
2020-08-28T00:00:00+00:00;OKBHEDGE/USD;1163,90000000;1171,50000000;1148,70000000;1155,40000000;-0,74
2020-08-27T00:00:00+00:00;OKBHEDGE/USD;1136,90000000;1193,10000000;1133,80000000;1163,90000000;2,32
2020-08-26T00:00:00+00:00;OKBHEDGE/USD;1134,30000000;1143,60000000;1084,30000000;1136,90000000;0,23
2020-08-25T00:00:00+00:00;OKBHEDGE/USD;1201,50000000;1236,20000000;1095,50000000;1134,30000000;-5,92
2020-08-24T00:00:00+00:00;OKBHEDGE/USD;1212,90000000;1222,50000000;1168,90000000;1201,50000000;-0,95
2020-08-23T00:00:00+00:00;OKBHEDGE/USD;1199,80000000;1232,10000000;1192,70000000;1212,90000000;1,08
2020-08-22T00:00:00+00:00;OKBHEDGE/USD;1203,80000000;1255,80000000;1195,80000000;1199,80000000;-0,33
2020-08-21T00:00:00+00:00;OKBHEDGE/USD;1155,40000000;1205,00000000;1145,00000000;1203,80000000;4,02
2020-08-20T00:00:00+00:00;OKBHEDGE/USD;1189,20000000;1199,60000000;1137,20000000;1155,40000000;-2,93
2020-08-19T00:00:00+00:00;OKBHEDGE/USD;1142,00000000;1204,80000000;1131,00000000;1189,20000000;3,97
2020-08-18T00:00:00+00:00;OKBHEDGE/USD;1093,30000000;1155,40000000;1082,20000000;1142,00000000;4,26
2020-08-17T00:00:00+00:00;OKBHEDGE/USD;1083,40000000;1139,50000000;1076,00000000;1093,30000000;0,91
2020-08-16T00:00:00+00:00;OKBHEDGE/USD;1068,90000000;1113,30000000;1056,40000000;1083,40000000;1,34
2020-08-15T00:00:00+00:00;OKBHEDGE/USD;1072,90000000;1155,40000000;1057,90000000;1068,90000000;-0,37
2020-08-14T00:00:00+00:00;OKBHEDGE/USD;1132,10000000;1156,00000000;1044,80000000;1072,90000000;-5,52
2020-08-13T00:00:00+00:00;OKBHEDGE/USD;1155,40000000;1176,50000000;1130,20000000;1132,10000000;-2,06
2020-08-12T00:00:00+00:00;OKBHEDGE/USD;1148,10000000;1169,10000000;1139,20000000;1155,40000000;0,63
2020-08-11T00:00:00+00:00;OKBHEDGE/USD;1102,50000000;1169,40000000;1095,70000000;1148,10000000;3,97
2020-08-10T00:00:00+00:00;OKBHEDGE/USD;1106,40000000;1117,30000000;1083,10000000;1102,50000000;-0,35
2020-08-09T00:00:00+00:00;OKBHEDGE/USD;1084,10000000;1113,60000000;1078,20000000;1106,40000000;2,02
2020-08-08T00:00:00+00:00;OKBHEDGE/USD;1096,90000000;1113,20000000;1082,90000000;1084,10000000;-1,18
2020-08-07T00:00:00+00:00;OKBHEDGE/USD;1059,20000000;1119,50000000;1058,20000000;1096,90000000;3,44
2020-08-06T00:00:00+00:00;OKBHEDGE/USD;1053,70000000;1076,10000000;1049,50000000;1059,20000000;0,52
2020-08-05T00:00:00+00:00;OKBHEDGE/USD;1078,00000000;1106,00000000;1051,20000000;1053,70000000;-2,31
2020-08-04T00:00:00+00:00;OKBHEDGE/USD;1081,80000000;1102,70000000;1024,00000000;1078,00000000;-0,35
2020-08-03T00:00:00+00:00;OKBHEDGE/USD;1135,00000000;1143,30000000;1044,60000000;1081,80000000;-4,92
2020-08-02T00:00:00+00:00;OKBHEDGE/USD;1040,50000000;1271,00000000;1025,00000000;1135,00000000;8,33
2020-08-01T00:00:00+00:00;OKBHEDGE/USD;1111,00000000;1130,20000000;1030,70000000;1040,50000000;-6,78
2020-07-31T00:00:00+00:00;OKBHEDGE/USD;1117,00000000;1141,90000000;1103,10000000;1111,00000000;-0,54
2020-07-30T00:00:00+00:00;OKBHEDGE/USD;1124,80000000;1150,40000000;1107,10000000;1117,00000000;-0,7
2020-07-29T00:00:00+00:00;OKBHEDGE/USD;1105,20000000;1139,30000000;1095,80000000;1124,80000000;1,74
2020-07-28T00:00:00+00:00;OKBHEDGE/USD;1114,50000000;1121,40000000;1071,40000000;1105,20000000;-0,84
2020-07-27T00:00:00+00:00;OKBHEDGE/USD;1134,20000000;1159,00000000;1090,80000000;1114,50000000;-1,77
2020-07-26T00:00:00+00:00;OKBHEDGE/USD;1174,30000000;1195,40000000;1113,40000000;1134,20000000;-3,54
2020-07-25T00:00:00+00:00;OKBHEDGE/USD;1209,30000000;1209,70000000;1164,60000000;1174,30000000;-2,98
2020-07-24T00:00:00+00:00;OKBHEDGE/USD;1176,10000000;1266,50000000;1173,50000000;1209,30000000;2,75
2020-07-23T00:00:00+00:00;OKBHEDGE/USD;1208,50000000;1214,30000000;1155,30000000;1176,10000000;-2,75
2020-07-22T00:00:00+00:00;OKBHEDGE/USD;1252,60000000;1271,00000000;1194,90000000;1208,50000000;-3,65
2020-07-21T00:00:00+00:00;OKBHEDGE/USD;1258,90000000;1271,00000000;1242,20000000;1252,60000000;-0,5
2020-07-20T00:00:00+00:00;OKBHEDGE/USD;1265,60000000;1271,00000000;1253,70000000;1258,90000000;-0,53
2020-07-19T00:00:00+00:00;OKBHEDGE/USD;1262,30000000;1271,00000000;1258,10000000;1265,60000000;0,26
2020-07-18T00:00:00+00:00;OKBHEDGE/USD;1271,50000000;1276,20000000;1258,40000000;1262,30000000;-0,73
2020-07-17T00:00:00+00:00;OKBHEDGE/USD;1271,00000000;1277,30000000;1262,20000000;1271,50000000;0,04
2020-07-16T00:00:00+00:00;OKBHEDGE/USD;1268,90000000;1292,40000000;1238,20000000;1271,00000000;0,17
2020-07-15T00:00:00+00:00;OKBHEDGE/USD;1283,80000000;1288,30000000;1266,30000000;1268,90000000;-1,17
2020-07-14T00:00:00+00:00;OKBHEDGE/USD;1306,80000000;1312,10000000;1256,00000000;1283,80000000;-1,79
2020-07-13T00:00:00+00:00;OKBHEDGE/USD;1295,70000000;1314,90000000;1276,30000000;1306,80000000;0,85
2020-07-12T00:00:00+00:00;OKBHEDGE/USD;1305,20000000;1312,50000000;1271,00000000;1295,70000000;-0,73
2020-07-11T00:00:00+00:00;OKBHEDGE/USD;1299,40000000;1318,20000000;1289,30000000;1305,20000000;0,44
2020-07-10T00:00:00+00:00;OKBHEDGE/USD;1309,80000000;1336,50000000;1287,00000000;1299,40000000;-0,8
2020-07-09T00:00:00+00:00;OKBHEDGE/USD;1272,80000000;1314,50000000;1271,00000000;1309,80000000;2,82
2020-07-08T00:00:00+00:00;OKBHEDGE/USD;1300,60000000;1305,20000000;1271,00000000;1272,80000000;-2,18
2020-07-07T00:00:00+00:00;OKBHEDGE/USD;1272,10000000;1313,20000000;1269,20000000;1300,60000000;2,19
2020-07-06T00:00:00+00:00;OKBHEDGE/USD;1354,00000000;1355,50000000;1267,90000000;1272,10000000;-6,44
2020-07-05T00:00:00+00:00;OKBHEDGE/USD;1332,00000000;1372,80000000;1330,70000000;1353,70000000;1,6
2020-07-04T00:00:00+00:00;OKBHEDGE/USD;1330,10000000;1361,60000000;1325,30000000;1332,00000000;0,14
2020-07-03T00:00:00+00:00;OKBHEDGE/USD;1326,80000000;1345,60000000;1306,60000000;1330,10000000;0,25
2020-07-02T00:00:00+00:00;OKBHEDGE/USD;1293,00000000;1343,40000000;1283,40000000;1326,80000000;2,55
2020-07-01T00:00:00+00:00;OKBHEDGE/USD;1296,30000000;1316,40000000;1282,60000000;1293,00000000;-0,26
2020-06-30T00:00:00+00:00;OKBHEDGE/USD;1293,30000000;1324,90000000;1287,00000000;1296,30000000;0,23
2020-06-29T00:00:00+00:00;OKBHEDGE/USD;1299,30000000;1326,00000000;1284,60000000;1293,30000000;-0,46
2020-06-28T00:00:00+00:00;OKBHEDGE/USD;1322,20000000;1335,90000000;1283,90000000;1299,30000000;-1,76
2020-06-27T00:00:00+00:00;OKBHEDGE/USD;1281,80000000;1336,10000000;1265,10000000;1322,20000000;3,06
2020-06-26T00:00:00+00:00;OKBHEDGE/USD;1267,20000000;1304,30000000;1260,90000000;1281,80000000;1,14
2020-06-25T00:00:00+00:00;OKBHEDGE/USD;1289,70000000;1440,50000000;1255,90000000;1267,20000000;-1,78
2020-06-24T00:00:00+00:00;OKBHEDGE/USD;1280,50000000;1313,20000000;1211,40000000;1289,70000000;0,71
2020-06-23T00:00:00+00:00;OKBHEDGE/USD;1259,60000000;1297,40000000;1257,50000000;1280,50000000;1,63
2020-06-22T00:00:00+00:00;OKBHEDGE/USD;1407,60000000;1496,00000000;1236,20000000;1259,60000000;-11,75
2020-06-21T00:00:00+00:00;OKBHEDGE/USD;1372,50000000;1410,90000000;1363,40000000;1407,60000000;2,49
2020-06-20T00:00:00+00:00;OKBHEDGE/USD;1341,50000000;1509,00000000;1336,30000000;1372,50000000;2,26
2020-06-19T00:00:00+00:00;OKBHEDGE/USD;1319,00000000;1479,70000000;1318,20000000;1341,50000000;1,68
2020-06-18T00:00:00+00:00;OKBHEDGE/USD;1307,40000000;1340,60000000;1305,90000000;1319,00000000;0,88
2020-06-17T00:00:00+00:00;OKBHEDGE/USD;1297,30000000;1349,50000000;1296,60000000;1307,40000000;0,77
2020-06-16T00:00:00+00:00;OKBHEDGE/USD;1313,30000000;1326,60000000;1291,80000000;1297,30000000;-1,23
2020-06-15T00:00:00+00:00;OKBHEDGE/USD;1302,50000000;1365,70000000;1297,10000000;1313,30000000;0,82
2020-06-14T00:00:00+00:00;OKBHEDGE/USD;1275,70000000;1316,10000000;1273,20000000;1302,50000000;2,06
2020-06-13T00:00:00+00:00;OKBHEDGE/USD;1278,20000000;1296,80000000;1275,30000000;1275,70000000;-0,2
2020-06-12T00:00:00+00:00;OKBHEDGE/USD;1307,70000000;1310,30000000;1271,60000000;1278,20000000;-2,31
2020-06-11T00:00:00+00:00;OKBHEDGE/USD;1241,80000000;1331,10000000;1232,90000000;1307,70000000;5,04
2020-06-10T00:00:00+00:00;OKBHEDGE/USD;1230,80000000;1300,80000000;1226,00000000;1241,80000000;0,89
2020-06-09T00:00:00+00:00;OKBHEDGE/USD;1226,80000000;1266,70000000;1219,40000000;1230,80000000;0,32
2020-06-08T00:00:00+00:00;OKBHEDGE/USD;1217,10000000;1394,10000000;1212,10000000;1226,80000000;0,79
2020-06-07T00:00:00+00:00;OKBHEDGE/USD;1232,10000000;1264,50000000;1192,30000000;1217,10000000;-1,23
2020-06-06T00:00:00+00:00;OKBHEDGE/USD;1244,00000000;1266,20000000;1230,50000000;1232,10000000;-0,97
2020-06-05T00:00:00+00:00;OKBHEDGE/USD;1275,10000000;1279,80000000;1212,10000000;1244,00000000;-2,5
2020-06-04T00:00:00+00:00;OKBHEDGE/USD;1274,80000000;1348,90000000;1262,80000000;1275,10000000;0,02
2020-06-03T00:00:00+00:00;OKBHEDGE/USD;1288,70000000;1304,60000000;1259,90000000;1274,80000000;-1,09
2020-06-02T00:00:00+00:00;OKBHEDGE/USD;1236,80000000;1329,00000000;1221,20000000;1288,70000000;4,03
2020-06-01T00:00:00+00:00;OKBHEDGE/USD;1289,70000000;1302,70000000;1227,70000000;1236,80000000;-4,28
2020-05-31T00:00:00+00:00;OKBHEDGE/USD;1241,60000000;1298,70000000;1239,90000000;1289,70000000;3,73
2020-05-30T00:00:00+00:00;OKBHEDGE/USD;1275,80000000;1297,20000000;1240,60000000;1241,60000000;-2,75
2020-05-29T00:00:00+00:00;OKBHEDGE/USD;1282,10000000;1304,30000000;1256,70000000;1275,80000000;-0,49
2020-05-28T00:00:00+00:00;OKBHEDGE/USD;1337,00000000;1360,80000000;1271,40000000;1282,10000000;-4,28
2020-05-27T00:00:00+00:00;OKBHEDGE/USD;1351,10000000;1518,10000000;1329,10000000;1337,00000000;-1,05
2020-05-26T00:00:00+00:00;OKBHEDGE/USD;1334,60000000;1540,70000000;1330,10000000;1351,10000000;1,22
2020-05-25T00:00:00+00:00;OKBHEDGE/USD;1381,80000000;1391,20000000;1325,20000000;1334,60000000;-3,54
2020-05-24T00:00:00+00:00;OKBHEDGE/USD;1331,30000000;1385,60000000;1307,90000000;1381,80000000;3,65
2020-05-23T00:00:00+00:00;OKBHEDGE/USD;1318,70000000;1344,10000000;1290,80000000;1331,30000000;0,95
2020-05-22T00:00:00+00:00;OKBHEDGE/USD;1339,90000000;1373,90000000;1307,10000000;1318,70000000;-1,61
2020-05-21T00:00:00+00:00;OKBHEDGE/USD;1282,90000000;1386,30000000;1271,80000000;1339,90000000;4,25
2020-05-20T00:00:00+00:00;OKBHEDGE/USD;1286,90000000;1308,30000000;1266,70000000;1282,90000000;-0,31
2020-05-19T00:00:00+00:00;OKBHEDGE/USD;1284,60000000;1356,20000000;1277,70000000;1286,90000000;0,18
2020-05-18T00:00:00+00:00;OKBHEDGE/USD;1288,80000000;1311,40000000;1255,00000000;1284,60000000;-0,33
2020-05-17T00:00:00+00:00;OKBHEDGE/USD;1298,60000000;1308,40000000;1273,20000000;1288,80000000;-0,76
2020-05-16T00:00:00+00:00;OKBHEDGE/USD;1321,70000000;1348,00000000;1286,90000000;1298,60000000;-1,78
2020-05-15T00:00:00+00:00;OKBHEDGE/USD;1274,60000000;1332,00000000;1268,30000000;1321,70000000;3,56
2020-05-14T00:00:00+00:00;OKBHEDGE/USD;1339,80000000;1370,10000000;1264,00000000;1274,60000000;-5,12
2020-05-13T00:00:00+00:00;OKBHEDGE/USD;1385,90000000;1391,10000000;1322,10000000;1339,80000000;-3,44
2020-05-12T00:00:00+00:00;OKBHEDGE/USD;1416,90000000;1638,75000000;1373,40000000;1385,90000000;-2,24
2020-05-11T00:00:00+00:00;OKBHEDGE/USD;1428,00000000;1493,10000000;1396,60000000;1416,90000000;-0,78
2020-05-10T00:00:00+00:00;OKBHEDGE/USD;1312,40000000;1483,10000000;1308,90000000;1428,00000000;8,1
2020-05-09T00:00:00+00:00;OKBHEDGE/USD;1288,90000000;1325,20000000;1277,00000000;1312,40000000;1,79
2020-05-08T00:00:00+00:00;OKBHEDGE/USD;1274,50000000;1302,50000000;1225,70000000;1288,90000000;1,12
2020-05-07T00:00:00+00:00;OKBHEDGE/USD;1358,40000000;1405,80000000;1262,40000000;1274,50000000;-6,58
2020-05-06T00:00:00+00:00;OKBHEDGE/USD;1333,30000000;1372,50000000;1302,10000000;1358,40000000;1,85
2020-05-05T00:00:00+00:00;OKBHEDGE/USD;1325,30000000;1388,60000000;1292,50000000;1333,30000000;0,6
2020-05-04T00:00:00+00:00;OKBHEDGE/USD;1307,70000000;1448,10000000;1305,10000000;1325,30000000;1,33
2020-05-03T00:00:00+00:00;OKBHEDGE/USD;1263,50000000;1324,80000000;1234,60000000;1307,70000000;3,38
2020-05-02T00:00:00+00:00;OKBHEDGE/USD;1296,20000000;1336,90000000;1259,40000000;1263,50000000;-2,59
2020-05-01T00:00:00+00:00;OKBHEDGE/USD;1324,30000000;1327,00000000;1266,90000000;1296,20000000;-2,17
2020-04-30T00:00:00+00:00;OKBHEDGE/USD;1315,10000000;1336,30000000;1200,50000000;1324,30000000;0,69
2020-04-29T00:00:00+00:00;OKBHEDGE/USD;1458,40000000;1459,00000000;1315,10000000;1315,10000000;-10,9
2020-04-28T00:00:00+00:00;OKBHEDGE/USD;1458,00000000;1638,75000000;1452,70000000;1458,40000000;0,03
2020-04-27T00:00:00+00:00;OKBHEDGE/USD;1452,50000000;1483,70000000;1438,10000000;1458,00000000;0,38
2020-04-26T00:00:00+00:00;OKBHEDGE/USD;1465,40000000;1481,60000000;1436,40000000;1452,50000000;-0,89
2020-04-25T00:00:00+00:00;OKBHEDGE/USD;1451,70000000;1507,70000000;1435,70000000;1465,40000000;0,93
2020-04-24T00:00:00+00:00;OKBHEDGE/USD;1454,40000000;1502,00000000;1428,90000000;1451,70000000;-0,19
2020-04-23T00:00:00+00:00;OKBHEDGE/USD;1509,60000000;1522,40000000;1420,70000000;1454,40000000;-3,8
2020-04-22T00:00:00+00:00;OKBHEDGE/USD;1602,75000000;1630,25000000;1473,50000000;1509,60000000;-6,17
2020-04-21T00:00:00+00:00;OKBHEDGE/USD;1598,50000000;1639,00000000;1573,25000000;1602,75000000;0,27
2020-04-20T00:00:00+00:00;OKBHEDGE/USD;1520,90000000;1610,50000000;1500,90000000;1598,50000000;4,85
2020-04-19T00:00:00+00:00;OKBHEDGE/USD;1490,50000000;1532,80000000;1475,00000000;1520,90000000;2,0
2020-04-18T00:00:00+00:00;OKBHEDGE/USD;1538,00000000;1542,50000000;1473,50000000;1490,50000000;-3,19
2020-04-17T00:00:00+00:00;OKBHEDGE/USD;1499,70000000;1638,75000000;1490,30000000;1538,00000000;2,49
2020-04-16T00:00:00+00:00;OKBHEDGE/USD;1629,00000000;1656,75000000;1486,50000000;1499,70000000;-8,62
2020-04-15T00:00:00+00:00;OKBHEDGE/USD;1566,90000000;1634,60000000;1542,10000000;1629,00000000;3,81
2020-04-14T00:00:00+00:00;OKBHEDGE/USD;1576,60000000;1638,75000000;1536,00000000;1566,90000000;-0,62
2020-04-13T00:00:00+00:00;OKBHEDGE/USD;1593,80000000;1638,75000000;1557,75000000;1576,60000000;-1,09
2020-04-12T00:00:00+00:00;OKBHEDGE/USD;1600,25000000;1629,50000000;1524,75000000;1593,80000000;-0,4
2020-04-11T00:00:00+00:00;OKBHEDGE/USD;1593,50000000;1630,25000000;1547,25000000;1600,25000000;0,42
2020-04-10T00:00:00+00:00;OKBHEDGE/USD;1497,00000000;1638,75000000;1489,50000000;1593,50000000;6,06
2020-04-09T00:00:00+00:00;OKBHEDGE/USD;1476,60000000;1521,80000000;1458,60000000;1496,40000000;1,32
2020-04-08T00:00:00+00:00;OKBHEDGE/USD;1495,60000000;1515,90000000;1430,50000000;1476,60000000;-1,29
2020-04-07T00:00:00+00:00;OKBHEDGE/USD;1512,20000000;1533,40000000;1413,80000000;1495,60000000;-1,11
2020-04-06T00:00:00+00:00;OKBHEDGE/USD;1569,50000000;1570,50000000;1510,60000000;1512,80000000;-3,75
2020-04-05T00:00:00+00:00;OKBHEDGE/USD;1560,60000000;1609,20000000;1527,10000000;1569,50000000;0,57
2020-04-04T00:00:00+00:00;OKBHEDGE/USD;1638,75000000;1646,75000000;1534,00000000;1560,60000000;-5,01
2020-04-03T00:00:00+00:00;OKBHEDGE/USD;1642,50000000;1684,50000000;1600,75000000;1638,75000000;-0,23
2020-04-02T00:00:00+00:00;OKBHEDGE/USD;1690,25000000;1721,50000000;1558,50000000;1642,00000000;-2,94
2020-04-01T00:00:00+00:00;OKBHEDGE/USD;1723,00000000;1780,25000000;1677,25000000;1690,25000000;-1,94
2020-03-31T00:00:00+00:00;OKBHEDGE/USD;1786,75000000;1788,75000000;1688,75000000;1723,00000000;-3,7
2020-03-30T00:00:00+00:00;OKBHEDGE/USD;1923,25000000;1929,00000000;1729,25000000;1786,75000000;-7,64
2020-03-29T00:00:00+00:00;OKBHEDGE/USD;1803,50000000;1924,00000000;1791,50000000;1923,25000000;6,23
2020-03-28T00:00:00+00:00;OKBHEDGE/USD;1813,50000000;1909,00000000;1785,75000000;1803,50000000;-0,55
2020-03-27T00:00:00+00:00;OKBHEDGE/USD;1748,50000000;1824,50000000;1708,50000000;1813,50000000;3,58
2020-03-26T00:00:00+00:00;OKBHEDGE/USD;1755,25000000;1799,75000000;1740,25000000;1748,50000000;-0,39
2020-03-25T00:00:00+00:00;OKBHEDGE/USD;1729,50000000;1787,50000000;1692,50000000;1754,50000000;1,42
2020-03-24T00:00:00+00:00;OKBHEDGE/USD;1763,00000000;1777,00000000;1690,50000000;1729,50000000;-1,94
2020-03-23T00:00:00+00:00;OKBHEDGE/USD;1899,25000000;1926,25000000;1733,00000000;1762,00000000;-7,79
2020-03-22T00:00:00+00:00;OKBHEDGE/USD;1752,00000000;1921,25000000;1707,25000000;1899,25000000;7,75
2020-03-21T00:00:00+00:00;OKBHEDGE/USD;1739,25000000;1879,00000000;1713,25000000;1749,25000000;0,57
2020-03-20T00:00:00+00:00;OKBHEDGE/USD;1884,75000000;1888,25000000;1595,75000000;1739,25000000;-8,37
2020-03-19T00:00:00+00:00;OKBHEDGE/USD;2213,25000000;2254,00000000;1763,75000000;1884,75000000;-17,43
2020-03-18T00:00:00+00:00;OKBHEDGE/USD;2263,00000000;2401,75000000;2151,25000000;2214,00000000;-2,21
2020-03-17T00:00:00+00:00;OKBHEDGE/USD;2365,50000000;2400,50000000;2149,75000000;2263,00000000;-4,53
2020-03-16T00:00:00+00:00;OKBHEDGE/USD;2173,00000000;2630,50000000;2172,75000000;2365,50000000;8,14
2020-03-15T00:00:00+00:00;OKBHEDGE/USD;2646,25000000;2664,75000000;2071,00000000;2173,00000000;-21,78
2020-03-14T00:00:00+00:00;OKBHEDGE/USD;2613,50000000;2718,25000000;2456,00000000;2646,25000000;1,24
2020-03-13T00:00:00+00:00;OKBHEDGE/USD;3371,00000000;4135,00000000;2467,50000000;2613,50000000;-28,98
2020-03-12T00:00:00+00:00;OKBHEDGE/USD;2379,00000000;3407,50000000;2367,25000000;3368,50000000;29,38
2020-03-11T00:00:00+00:00;OKBHEDGE/USD;2350,50000000;2480,75000000;2314,75000000;2377,50000000;1,14
2020-03-10T00:00:00+00:00;OKBHEDGE/USD;2341,00000000;2403,75000000;2271,75000000;2351,00000000;0,43
2020-03-09T00:00:00+00:00;OKBHEDGE/USD;2273,50000000;2490,75000000;2227,00000000;2341,00000000;2,88
2020-03-08T00:00:00+00:00;OKBHEDGE/USD;2033,50000000;2284,50000000;2025,25000000;2273,50000000;10,56
2020-03-07T00:00:00+00:00;OKBHEDGE/USD;1968,50000000;2042,25000000;1947,00000000;2033,50000000;3,2
2020-03-06T00:00:00+00:00;OKBHEDGE/USD;1989,75000000;2022,75000000;1949,75000000;1968,50000000;-1,08
2020-03-05T00:00:00+00:00;OKBHEDGE/USD;2015,50000000;2036,75000000;1897,50000000;1989,75000000;-1,29
2020-03-04T00:00:00+00:00;OKBHEDGE/USD;1990,50000000;2060,50000000;1976,00000000;2014,75000000;1,2
2020-03-03T00:00:00+00:00;OKBHEDGE/USD;1895,00000000;2025,50000000;1894,50000000;1990,50000000;4,8
2020-03-02T00:00:00+00:00;OKBHEDGE/USD;2013,75000000;2036,75000000;1870,00000000;1895,00000000;-6,27
2020-03-01T00:00:00+00:00;OKBHEDGE/USD;1891,25000000;2062,00000000;1857,25000000;2013,75000000;6,08
2020-02-29T00:00:00+00:00;OKBHEDGE/USD;1942,75000000;1943,25000000;1671,75000000;1890,75000000;-2,75
2020-02-28T00:00:00+00:00;OKBHEDGE/USD;1989,75000000;2090,75000000;1875,00000000;1942,75000000;-2,42
2020-02-27T00:00:00+00:00;OKBHEDGE/USD;1959,25000000;2089,75000000;1950,50000000;1989,75000000;1,53
2020-02-26T00:00:00+00:00;OKBHEDGE/USD;1956,25000000;2164,50000000;1939,00000000;1957,50000000;0,06
2020-02-25T00:00:00+00:00;OKBHEDGE/USD;1810,75000000;2001,75000000;1807,50000000;1956,25000000;7,44
2020-02-24T00:00:00+00:00;OKBHEDGE/USD;1696,00000000;1869,50000000;1680,75000000;1810,75000000;6,34
2020-02-23T00:00:00+00:00;OKBHEDGE/USD;1983,25000000;1984,00000000;1677,00000000;1696,00000000;-16,94
2020-02-22T00:00:00+00:00;OKBHEDGE/USD;1747,50000000;2025,25000000;1723,00000000;1983,25000000;11,89
2020-02-21T00:00:00+00:00;OKBHEDGE/USD;1762,25000000;1779,75000000;1683,25000000;1747,50000000;-0,84
2020-02-20T00:00:00+00:00;OKBHEDGE/USD;1699,50000000;1794,75000000;1633,75000000;1762,25000000;3,56
2020-02-19T00:00:00+00:00;OKBHEDGE/USD;1711,25000000;1743,75000000;1508,75000000;1700,00000000;-0,66
2020-02-18T00:00:00+00:00;OKBHEDGE/USD;1740,50000000;1817,25000000;1685,75000000;1711,25000000;-1,71
2020-02-17T00:00:00+00:00;OKBHEDGE/USD;1710,50000000;1869,00000000;1698,00000000;1740,50000000;1,72
2020-02-16T00:00:00+00:00;OKBHEDGE/USD;1713,50000000;1833,90000000;1521,00000000;1709,50000000;-0,23
2020-02-15T00:00:00+00:00;OKBHEDGE/USD;1772,00000000;1866,50000000;1602,50000000;1708,00000000;-3,75
2020-02-14T00:00:00+00:00;OKBHEDGE/USD;1928,00000000;1948,75000000;1766,50000000;1772,00000000;-8,8
2020-02-13T00:00:00+00:00;OKBHEDGE/USD;1924,00000000;2043,75000000;1824,50000000;1928,00000000;0,21
2020-02-12T00:00:00+00:00;OKBHEDGE/USD;2039,25000000;2128,25000000;1845,75000000;1924,00000000;-5,99
2020-02-11T00:00:00+00:00;OKBHEDGE/USD;2034,00000000;2131,50000000;1884,75000000;2039,25000000;0,26
2020-02-10T00:00:00+00:00;OKBHEDGE/USD;2986,25000000;3017,00000000;1966,50000000;2034,00000000;-46,82
2020-02-09T00:00:00+00:00;OKBHEDGE/USD;3090,25000000;3092,50000000;2922,25000000;2986,25000000;-3,48
2020-02-08T00:00:00+00:00;OKBHEDGE/USD;3076,75000000;3235,50000000;3055,75000000;3090,25000000;0,44
2020-02-07T00:00:00+00:00;OKBHEDGE/USD;3150,50000000;3202,50000000;2999,00000000;3076,75000000;-2,4
2020-02-06T00:00:00+00:00;OKBHEDGE/USD;3384,50000000;3420,00000000;3060,00000000;3150,50000000;-7,43
2020-02-05T00:00:00+00:00;OKBHEDGE/USD;3648,00000000;3657,00000000;3319,50000000;3384,50000000;-7,79
2020-02-04T00:00:00+00:00;OKBHEDGE/USD;3639,00000000;3703,50000000;3611,00000000;3648,00000000;0,25
2020-02-03T00:00:00+00:00;OKBHEDGE/USD;3679,00000000;3737,50000000;3573,50000000;3639,00000000;-1,1
2020-02-02T00:00:00+00:00;OKBHEDGE/USD;3664,00000000;3744,00000000;3590,50000000;3679,00000000;0,41
2020-02-01T00:00:00+00:00;OKBHEDGE/USD;3752,50000000;3754,00000000;3592,50000000;3664,00000000;-2,42
2020-01-31T00:00:00+00:00;OKBHEDGE/USD;3703,50000000;3830,00000000;3649,00000000;3752,50000000;1,31
2020-01-30T00:00:00+00:00;OKBHEDGE/USD;3825,50000000;3899,00000000;3691,00000000;3703,50000000;-3,29
2020-01-29T00:00:00+00:00;OKBHEDGE/USD;3916,50000000;3938,00000000;3734,50000000;3825,50000000;-2,38
2020-01-28T00:00:00+00:00;OKBHEDGE/USD;4058,50000000;4059,00000000;3893,00000000;3918,50000000;-3,57
2020-01-27T00:00:00+00:00;OKBHEDGE/USD;4179,00000000;4186,00000000;4001,50000000;4058,50000000;-2,97
2020-01-26T00:00:00+00:00;OKBHEDGE/USD;4269,50000000;4289,00000000;4153,00000000;4179,00000000;-2,17
2020-01-25T00:00:00+00:00;OKBHEDGE/USD;4160,50000000;4290,50000000;4152,50000000;4267,50000000;2,51
2020-01-24T00:00:00+00:00;OKBHEDGE/USD;4311,00000000;4326,00000000;4138,00000000;4160,50000000;-3,62
2020-01-23T00:00:00+00:00;OKBHEDGE/USD;4106,00000000;4426,00000000;4104,00000000;4311,00000000;4,76
2020-01-22T00:00:00+00:00;OKBHEDGE/USD;4063,00000000;4141,50000000;4011,00000000;4106,00000000;1,05
2020-01-21T00:00:00+00:00;OKBHEDGE/USD;4086,50000000;4150,00000000;4011,50000000;4063,00000000;-0,58
2020-01-20T00:00:00+00:00;OKBHEDGE/USD;4037,00000000;4119,50000000;4000,50000000;4086,50000000;1,21
2020-01-19T00:00:00+00:00;OKBHEDGE/USD;4089,50000000;4219,00000000;3727,50000000;4035,50000000;-1,34
2020-01-18T00:00:00+00:00;OKBHEDGE/USD;3889,00000000;4101,50000000;3766,50000000;4089,50000000;4,9
2020-01-17T00:00:00+00:00;OKBHEDGE/USD;3868,50000000;3921,50000000;3730,00000000;3889,00000000;0,53
2020-01-16T00:00:00+00:00;OKBHEDGE/USD;3764,00000000;4018,00000000;3743,50000000;3868,50000000;2,7
2020-01-15T00:00:00+00:00;OKBHEDGE/USD;3898,00000000;3925,50000000;3436,00000000;3764,00000000;-3,56
2020-01-14T00:00:00+00:00;OKBHEDGE/USD;4146,00000000;4155,50000000;3832,00000000;3898,00000000;-6,36
2020-01-13T00:00:00+00:00;OKBHEDGE/USD;4115,00000000;4192,50000000;4094,00000000;4147,00000000;0,77
2020-01-12T00:00:00+00:00;OKBHEDGE/USD;4120,00000000;4183,50000000;4079,00000000;4116,00000000;-0,1
2020-01-11T00:00:00+00:00;OKBHEDGE/USD;4119,50000000;4223,00000000;4030,50000000;4120,00000000;0,01
2020-01-10T00:00:00+00:00;OKBHEDGE/USD;4218,00000000;4341,00000000;4111,00000000;4119,50000000;-2,39
2020-01-09T00:00:00+00:00;OKBHEDGE/USD;4268,00000000;4330,50000000;4159,50000000;4218,00000000;-1,19
2020-01-08T00:00:00+00:00;OKBHEDGE/USD;4143,00000000;4282,50000000;4038,00000000;4268,00000000;2,93
2020-01-07T00:00:00+00:00;OKBHEDGE/USD;4281,00000000;4283,50000000;4085,50000000;4143,00000000;-3,33

