DATE/TIME;SYMBOL;OPEN;HIGH;LOW;CLOSE;EVOL % CLOSE/HIGH
2022-01-05T00:00:00+00:00;ASDHEDGE/USD;44,01500000;44,11000000;43,74500000;43,87000000;-0,33
2022-01-04T00:00:00+00:00;ASDHEDGE/USD;44,11000000;44,11000000;43,80000000;44,01500000;-0,22
2022-01-03T00:00:00+00:00;ASDHEDGE/USD;43,59000000;44,11000000;43,53000000;44,11000000;1,18
2022-01-02T00:00:00+00:00;ASDHEDGE/USD;43,56000000;44,11000000;43,31500000;43,59000000;0,07
2022-01-01T00:00:00+00:00;ASDHEDGE/USD;44,09000000;44,11000000;43,51000000;43,56000000;-1,22
2021-12-31T00:00:00+00:00;ASDHEDGE/USD;44,11000000;44,11000000;43,46500000;44,09000000;-0,05
2021-12-30T00:00:00+00:00;ASDHEDGE/USD;46,70000000;46,88000000;43,32000000;44,11000000;-5,87
2021-12-29T00:00:00+00:00;ASDHEDGE/USD;46,21000000;46,86000000;45,71500000;46,70000000;1,05
2021-12-28T00:00:00+00:00;ASDHEDGE/USD;45,21500000;46,21000000;45,21500000;46,21000000;2,15
2021-12-27T00:00:00+00:00;ASDHEDGE/USD;45,20000000;45,35000000;45,10000000;45,21500000;0,03
2021-12-26T00:00:00+00:00;ASDHEDGE/USD;45,16000000;45,28500000;45,10000000;45,20000000;0,09
2021-12-25T00:00:00+00:00;ASDHEDGE/USD;45,48000000;45,48000000;45,10000000;45,16000000;-0,71
2021-12-24T00:00:00+00:00;ASDHEDGE/USD;45,08500000;47,79500000;45,01500000;45,48000000;0,87
2021-12-23T00:00:00+00:00;ASDHEDGE/USD;46,17500000;46,85500000;45,06000000;45,08500000;-2,42
2021-12-22T00:00:00+00:00;ASDHEDGE/USD;46,18500000;46,85500000;46,07000000;46,17500000;-0,02
2021-12-21T00:00:00+00:00;ASDHEDGE/USD;47,79500000;47,79500000;46,15000000;46,18500000;-3,49
2021-12-20T00:00:00+00:00;ASDHEDGE/USD;47,79500000;47,79500000;47,79500000;47,79500000;0,0
2021-12-19T00:00:00+00:00;ASDHEDGE/USD;47,79500000;47,79500000;47,52500000;47,79500000;0,0
2021-12-18T00:00:00+00:00;ASDHEDGE/USD;47,82500000;47,89500000;47,79500000;47,79500000;-0,06
2021-12-17T00:00:00+00:00;ASDHEDGE/USD;47,76000000;47,83500000;47,54000000;47,82500000;0,14
2021-12-16T00:00:00+00:00;ASDHEDGE/USD;48,30500000;48,60500000;47,49000000;47,76000000;-1,14
2021-12-15T00:00:00+00:00;ASDHEDGE/USD;47,57500000;48,69000000;46,11000000;48,30500000;1,51
2021-12-14T00:00:00+00:00;ASDHEDGE/USD;47,74500000;47,99500000;46,58000000;47,57500000;-0,36
2021-12-13T00:00:00+00:00;ASDHEDGE/USD;46,61000000;48,04000000;46,11000000;47,74500000;2,38
2021-12-12T00:00:00+00:00;ASDHEDGE/USD;43,63500000;47,42500000;43,63500000;46,61000000;6,38
2021-12-11T00:00:00+00:00;ASDHEDGE/USD;43,63500000;43,91500000;43,63500000;43,63500000;0,0
2021-12-10T00:00:00+00:00;ASDHEDGE/USD;43,72000000;43,96500000;43,63500000;43,63500000;-0,19
2021-12-09T00:00:00+00:00;ASDHEDGE/USD;43,63500000;43,83500000;43,63500000;43,72000000;0,19
2021-12-08T00:00:00+00:00;ASDHEDGE/USD;43,63500000;44,11000000;43,63500000;43,63500000;0,0
2021-12-07T00:00:00+00:00;ASDHEDGE/USD;44,72500000;44,72500000;43,63500000;43,63500000;-2,5
2021-12-06T00:00:00+00:00;ASDHEDGE/USD;44,65000000;45,16500000;44,60500000;44,72500000;0,17
2021-12-05T00:00:00+00:00;ASDHEDGE/USD;44,17500000;44,72500000;38,65500000;44,65000000;1,06
2021-12-04T00:00:00+00:00;ASDHEDGE/USD;38,65500000;46,20000000;38,65500000;44,17500000;12,5
2021-12-03T00:00:00+00:00;ASDHEDGE/USD;38,35500000;38,65500000;38,33000000;38,65500000;0,78
2021-12-02T00:00:00+00:00;ASDHEDGE/USD;38,65500000;38,65500000;38,14000000;38,35500000;-0,78
2021-12-01T00:00:00+00:00;ASDHEDGE/USD;38,49000000;38,65500000;38,10500000;38,65500000;0,43
2021-11-30T00:00:00+00:00;ASDHEDGE/USD;38,60000000;38,65500000;38,08000000;38,49000000;-0,29
2021-11-29T00:00:00+00:00;ASDHEDGE/USD;38,65500000;38,91500000;38,59000000;38,60000000;-0,14
2021-11-28T00:00:00+00:00;ASDHEDGE/USD;36,68000000;39,31500000;36,68000000;38,65500000;5,11
2021-11-27T00:00:00+00:00;ASDHEDGE/USD;37,31000000;37,31500000;36,68000000;36,68000000;-1,72
2021-11-26T00:00:00+00:00;ASDHEDGE/USD;33,95000000;37,43000000;32,17500000;37,31000000;9,01
2021-11-25T00:00:00+00:00;ASDHEDGE/USD;34,78500000;35,29000000;31,32000000;33,95000000;-2,46
2021-11-24T00:00:00+00:00;ASDHEDGE/USD;34,78500000;34,92500000;31,23500000;34,78500000;0,0
2021-11-23T00:00:00+00:00;ASDHEDGE/USD;35,21000000;35,75000000;32,93500000;34,78500000;-1,22
2021-11-22T00:00:00+00:00;ASDHEDGE/USD;33,94500000;35,36000000;33,81000000;35,21000000;3,59
2021-11-21T00:00:00+00:00;ASDHEDGE/USD;34,95000000;35,01500000;33,61500000;33,94500000;-2,96
2021-11-20T00:00:00+00:00;ASDHEDGE/USD;35,10000000;35,12500000;26,89750000;34,95000000;-0,43
2021-11-19T00:00:00+00:00;ASDHEDGE/USD;34,62500000;35,50500000;32,26500000;35,10000000;1,35
2021-11-18T00:00:00+00:00;ASDHEDGE/USD;34,10000000;34,91000000;33,36000000;34,62500000;1,52
2021-11-17T00:00:00+00:00;ASDHEDGE/USD;35,14500000;35,39000000;33,53500000;34,10000000;-3,06
2021-11-16T00:00:00+00:00;ASDHEDGE/USD;31,77000000;35,68000000;31,59000000;35,14500000;9,6
2021-11-15T00:00:00+00:00;ASDHEDGE/USD;31,13500000;31,82500000;29,65000000;31,77000000;2,0
2021-11-14T00:00:00+00:00;ASDHEDGE/USD;30,49250000;31,90500000;30,13000000;31,13500000;2,06
2021-11-13T00:00:00+00:00;ASDHEDGE/USD;30,47000000;30,49500000;28,63500000;30,49250000;0,07
2021-11-12T00:00:00+00:00;ASDHEDGE/USD;28,50000000;32,02000000;27,19000000;30,47000000;6,47
2021-11-11T00:00:00+00:00;ASDHEDGE/USD;29,57750000;29,82500000;28,19250000;28,50000000;-3,78
2021-11-10T00:00:00+00:00;ASDHEDGE/USD;27,03750000;30,74250000;26,89750000;29,57750000;8,59
2021-11-09T00:00:00+00:00;ASDHEDGE/USD;27,01500000;27,53500000;25,98750000;27,03750000;0,08
2021-11-08T00:00:00+00:00;ASDHEDGE/USD;26,47750000;27,84250000;26,20500000;27,01500000;1,99
2021-11-07T00:00:00+00:00;ASDHEDGE/USD;31,00500000;31,18250000;25,56750000;26,47750000;-17,1
2021-11-06T00:00:00+00:00;ASDHEDGE/USD;31,56750000;31,64000000;30,86000000;31,00500000;-1,81
2021-11-05T00:00:00+00:00;ASDHEDGE/USD;29,73000000;31,62500000;29,38500000;31,56750000;5,82
2021-11-04T00:00:00+00:00;ASDHEDGE/USD;25,48250000;30,27500000;25,48000000;29,73000000;14,29
2021-11-03T00:00:00+00:00;ASDHEDGE/USD;36,05000000;36,30000000;23,36750000;25,48250000;-41,47
2021-11-02T00:00:00+00:00;ASDHEDGE/USD;36,67500000;36,69000000;36,05000000;36,05000000;-1,73
2021-11-01T00:00:00+00:00;ASDHEDGE/USD;36,40000000;36,67500000;36,05000000;36,67500000;0,75
2021-10-31T00:00:00+00:00;ASDHEDGE/USD;36,17000000;36,49500000;36,05000000;36,40000000;0,63
2021-10-30T00:00:00+00:00;ASDHEDGE/USD;36,05000000;36,19000000;36,01500000;36,17000000;0,33
2021-10-29T00:00:00+00:00;ASDHEDGE/USD;36,17500000;36,21000000;35,82000000;36,05000000;-0,35
2021-10-28T00:00:00+00:00;ASDHEDGE/USD;36,54000000;36,54000000;35,05500000;36,17500000;-1,01
2021-10-27T00:00:00+00:00;ASDHEDGE/USD;35,39000000;36,60500000;33,20000000;36,54000000;3,15
2021-10-26T00:00:00+00:00;ASDHEDGE/USD;34,99000000;35,44000000;34,06000000;35,39000000;1,13
2021-10-25T00:00:00+00:00;ASDHEDGE/USD;35,48000000;35,78000000;34,13500000;34,99000000;-1,4
2021-10-24T00:00:00+00:00;ASDHEDGE/USD;33,72500000;35,92000000;33,20000000;35,48000000;4,95
2021-10-23T00:00:00+00:00;ASDHEDGE/USD;34,76500000;34,76500000;33,20000000;33,72500000;-3,08
2021-10-22T00:00:00+00:00;ASDHEDGE/USD;34,92000000;35,29500000;34,46000000;34,76500000;-0,45
2021-10-21T00:00:00+00:00;ASDHEDGE/USD;33,33500000;35,03500000;32,26500000;34,92000000;4,54
2021-10-20T00:00:00+00:00;ASDHEDGE/USD;40,69500000;41,05500000;33,07500000;33,33500000;-22,08
2021-10-19T00:00:00+00:00;ASDHEDGE/USD;42,14000000;42,43000000;40,60000000;40,69500000;-3,55
2021-10-18T00:00:00+00:00;ASDHEDGE/USD;41,80500000;42,53000000;41,68000000;42,14000000;0,79
2021-10-17T00:00:00+00:00;ASDHEDGE/USD;43,73000000;44,18500000;41,62000000;41,80500000;-4,6
2021-10-16T00:00:00+00:00;ASDHEDGE/USD;43,74500000;44,22500000;42,28500000;43,73000000;-0,03
2021-10-15T00:00:00+00:00;ASDHEDGE/USD;46,58000000;46,80500000;42,45500000;43,74500000;-6,48
2021-10-14T00:00:00+00:00;ASDHEDGE/USD;45,84500000;46,80500000;45,62000000;46,80500000;2,05
2021-10-13T00:00:00+00:00;ASDHEDGE/USD;44,53000000;47,57500000;44,53000000;45,84500000;2,87
2021-10-12T00:00:00+00:00;ASDHEDGE/USD;42,78500000;45,49500000;42,58000000;44,53000000;3,92
2021-10-11T00:00:00+00:00;ASDHEDGE/USD;41,00500000;43,42500000;40,82000000;42,78500000;4,16
2021-10-10T00:00:00+00:00;ASDHEDGE/USD;40,43500000;43,26000000;39,36000000;41,00500000;1,39
2021-10-09T00:00:00+00:00;ASDHEDGE/USD;47,03000000;48,65500000;40,31000000;40,43500000;-16,31
2021-10-08T00:00:00+00:00;ASDHEDGE/USD;55,09500000;55,12500000;46,80500000;47,03000000;-17,15
2021-10-07T00:00:00+00:00;ASDHEDGE/USD;55,21500000;55,63500000;54,45000000;55,09500000;-0,22
2021-10-06T00:00:00+00:00;ASDHEDGE/USD;53,33000000;57,13500000;52,69500000;55,21500000;3,41
2021-10-05T00:00:00+00:00;ASDHEDGE/USD;52,18000000;53,63000000;51,25500000;53,33000000;2,16
2021-10-04T00:00:00+00:00;ASDHEDGE/USD;51,73500000;52,41500000;51,24000000;52,18000000;0,85
2021-10-03T00:00:00+00:00;ASDHEDGE/USD;50,88500000;51,74000000;50,39000000;51,73500000;1,64
2021-10-02T00:00:00+00:00;ASDHEDGE/USD;51,20500000;51,35500000;49,99000000;50,88500000;-0,63
2021-10-01T00:00:00+00:00;ASDHEDGE/USD;51,63500000;51,95500000;50,31500000;51,20500000;-0,84
2021-09-30T00:00:00+00:00;ASDHEDGE/USD;52,68500000;52,72000000;49,82000000;51,63500000;-2,03
2021-09-29T00:00:00+00:00;ASDHEDGE/USD;52,25000000;52,69500000;51,37000000;52,68500000;0,83
2021-09-28T00:00:00+00:00;ASDHEDGE/USD;50,43500000;52,27000000;49,78000000;52,25000000;3,47
2021-09-27T00:00:00+00:00;ASDHEDGE/USD;50,31000000;50,59000000;49,00500000;50,43500000;0,25
2021-09-26T00:00:00+00:00;ASDHEDGE/USD;48,45500000;50,59000000;47,26000000;50,31000000;3,69
2021-09-25T00:00:00+00:00;ASDHEDGE/USD;47,46500000;48,61500000;47,13000000;48,45500000;2,04
2021-09-24T00:00:00+00:00;ASDHEDGE/USD;46,44000000;48,22000000;46,26000000;47,44500000;2,12
2021-09-23T00:00:00+00:00;ASDHEDGE/USD;46,80500000;46,80500000;46,44000000;46,44000000;-0,79
2021-09-22T00:00:00+00:00;ASDHEDGE/USD;47,24000000;47,40500000;46,80500000;46,80500000;-0,93
2021-09-21T00:00:00+00:00;ASDHEDGE/USD;46,61000000;47,34000000;46,41000000;47,24000000;1,33
2021-09-20T00:00:00+00:00;ASDHEDGE/USD;40,81500000;46,80500000;40,76500000;46,61000000;12,43
2021-09-19T00:00:00+00:00;ASDHEDGE/USD;40,20500000;41,08000000;40,07000000;40,81500000;1,49
2021-09-18T00:00:00+00:00;ASDHEDGE/USD;40,64000000;40,94500000;40,17000000;40,20500000;-1,08
2021-09-17T00:00:00+00:00;ASDHEDGE/USD;39,77000000;40,94500000;39,67000000;40,64000000;2,14
2021-09-16T00:00:00+00:00;ASDHEDGE/USD;40,23500000;40,65500000;39,66500000;39,77000000;-1,17
2021-09-15T00:00:00+00:00;ASDHEDGE/USD;41,24000000;41,52500000;39,89500000;40,23500000;-2,5
2021-09-14T00:00:00+00:00;ASDHEDGE/USD;41,87500000;42,60000000;41,16500000;41,24000000;-1,54
2021-09-13T00:00:00+00:00;ASDHEDGE/USD;39,01000000;44,20000000;38,81000000;41,87500000;6,84
2021-09-12T00:00:00+00:00;ASDHEDGE/USD;40,55000000;44,68000000;38,02500000;39,01000000;-3,95
2021-09-11T00:00:00+00:00;ASDHEDGE/USD;38,15500000;43,19000000;37,77500000;40,55000000;5,91
2021-09-10T00:00:00+00:00;ASDHEDGE/USD;46,90000000;46,90500000;37,95500000;38,15500000;-22,92
2021-09-09T00:00:00+00:00;ASDHEDGE/USD;50,75000000;50,75000000;46,80500000;46,90000000;-8,21
2021-09-08T00:00:00+00:00;ASDHEDGE/USD;50,75000000;50,75000000;50,75000000;50,75000000;0,0
2021-09-07T00:00:00+00:00;ASDHEDGE/USD;48,81000000;50,75000000;48,23500000;50,75000000;3,82
2021-09-06T00:00:00+00:00;ASDHEDGE/USD;50,62500000;50,75000000;48,79500000;48,81000000;-3,72
2021-09-05T00:00:00+00:00;ASDHEDGE/USD;50,63000000;50,75000000;50,17000000;50,62500000;-0,01
2021-09-04T00:00:00+00:00;ASDHEDGE/USD;49,74000000;50,75000000;49,60000000;50,63000000;1,76
2021-09-03T00:00:00+00:00;ASDHEDGE/USD;48,01500000;50,75000000;47,98500000;49,74000000;3,47
2021-09-02T00:00:00+00:00;ASDHEDGE/USD;51,86500000;51,88000000;46,91500000;48,01500000;-8,02
2021-09-01T00:00:00+00:00;ASDHEDGE/USD;52,03000000;52,30500000;50,94000000;51,86500000;-0,32
2021-08-31T00:00:00+00:00;ASDHEDGE/USD;51,80500000;52,54500000;51,33500000;52,03000000;0,43
2021-08-30T00:00:00+00:00;ASDHEDGE/USD;50,75000000;51,98500000;50,75000000;51,80500000;2,04
2021-08-29T00:00:00+00:00;ASDHEDGE/USD;50,75000000;50,93500000;50,75000000;50,75000000;0,0
2021-08-28T00:00:00+00:00;ASDHEDGE/USD;49,94500000;50,75000000;49,87500000;50,75000000;1,59
2021-08-27T00:00:00+00:00;ASDHEDGE/USD;50,97500000;51,10000000;49,91500000;49,94500000;-2,06
2021-08-26T00:00:00+00:00;ASDHEDGE/USD;49,34500000;52,30500000;49,34500000;50,97500000;3,2
2021-08-25T00:00:00+00:00;ASDHEDGE/USD;48,51500000;49,40000000;48,41000000;49,34500000;1,68
2021-08-24T00:00:00+00:00;ASDHEDGE/USD;46,55000000;49,20500000;46,19000000;48,51500000;4,05
2021-08-23T00:00:00+00:00;ASDHEDGE/USD;49,29500000;49,34500000;46,28500000;46,55000000;-5,9
2021-08-22T00:00:00+00:00;ASDHEDGE/USD;48,95500000;49,73500000;48,92000000;49,29500000;0,69
2021-08-21T00:00:00+00:00;ASDHEDGE/USD;48,26500000;49,42000000;48,17500000;48,95500000;1,41
2021-08-20T00:00:00+00:00;ASDHEDGE/USD;49,71000000;50,83000000;48,19000000;48,26500000;-2,99
2021-08-19T00:00:00+00:00;ASDHEDGE/USD;50,83500000;51,90500000;49,49500000;49,71000000;-2,26
2021-08-18T00:00:00+00:00;ASDHEDGE/USD;51,23500000;55,68500000;50,10500000;50,83500000;-0,79
2021-08-17T00:00:00+00:00;ASDHEDGE/USD;48,14500000;52,13000000;47,95000000;51,23500000;6,03
2021-08-16T00:00:00+00:00;ASDHEDGE/USD;49,49500000;52,79500000;46,67000000;48,14500000;-2,8
2021-08-15T00:00:00+00:00;ASDHEDGE/USD;47,41000000;52,79500000;47,30000000;49,49500000;4,21
2021-08-14T00:00:00+00:00;ASDHEDGE/USD;52,63000000;55,35000000;47,39000000;47,41000000;-11,01
2021-08-13T00:00:00+00:00;ASDHEDGE/USD;54,73000000;55,68500000;52,62500000;52,63000000;-3,99
2021-08-12T00:00:00+00:00;ASDHEDGE/USD;53,21000000;55,68500000;52,04000000;54,73000000;2,78
2021-08-11T00:00:00+00:00;ASDHEDGE/USD;55,85500000;56,19500000;52,84000000;53,21000000;-4,97
2021-08-10T00:00:00+00:00;ASDHEDGE/USD;58,17000000;58,19000000;55,68500000;55,85500000;-4,14
2021-08-09T00:00:00+00:00;ASDHEDGE/USD;58,21000000;58,95500000;57,65500000;58,17000000;-0,07
2021-08-08T00:00:00+00:00;ASDHEDGE/USD;58,49000000;58,70500000;56,61000000;58,21000000;-0,48
2021-08-07T00:00:00+00:00;ASDHEDGE/USD;60,99000000;61,05500000;56,88500000;58,49000000;-4,27
2021-08-06T00:00:00+00:00;ASDHEDGE/USD;61,76500000;61,92000000;60,28500000;60,99000000;-1,27
2021-08-05T00:00:00+00:00;ASDHEDGE/USD;62,85500000;62,97500000;60,75500000;61,76500000;-1,76
2021-08-04T00:00:00+00:00;ASDHEDGE/USD;62,65500000;64,01500000;61,73000000;62,85500000;0,32
2021-08-03T00:00:00+00:00;ASDHEDGE/USD;60,41000000;62,76000000;60,11000000;62,65500000;3,58
2021-08-02T00:00:00+00:00;ASDHEDGE/USD;60,08000000;60,64500000;58,71000000;60,41000000;0,55
2021-08-01T00:00:00+00:00;ASDHEDGE/USD;61,23500000;61,45000000;57,08500000;60,08000000;-1,92
2021-07-31T00:00:00+00:00;ASDHEDGE/USD;62,59000000;62,60000000;60,47000000;61,23500000;-2,21
2021-07-30T00:00:00+00:00;ASDHEDGE/USD;62,64000000;62,78000000;62,51000000;62,59000000;-0,08
2021-07-29T00:00:00+00:00;ASDHEDGE/USD;62,55000000;62,82500000;61,84500000;62,64000000;0,14
2021-07-28T00:00:00+00:00;ASDHEDGE/USD;62,00000000;63,00000000;61,09000000;62,55000000;0,88
2021-07-27T00:00:00+00:00;ASDHEDGE/USD;61,83500000;62,42000000;61,19500000;62,00000000;0,27
2021-07-26T00:00:00+00:00;ASDHEDGE/USD;63,19500000;63,54500000;59,82500000;61,83500000;-2,2
2021-07-25T00:00:00+00:00;ASDHEDGE/USD;62,82500000;63,48500000;62,25500000;63,19500000;0,59
2021-07-24T00:00:00+00:00;ASDHEDGE/USD;63,06500000;63,06500000;58,28500000;62,82500000;-0,38
2021-07-23T00:00:00+00:00;ASDHEDGE/USD;63,07500000;63,17500000;62,59000000;63,06500000;-0,02
2021-07-22T00:00:00+00:00;ASDHEDGE/USD;63,31500000;63,33500000;62,59000000;63,07500000;-0,38
2021-07-21T00:00:00+00:00;ASDHEDGE/USD;63,87500000;63,95500000;62,36000000;63,31500000;-0,88
2021-07-20T00:00:00+00:00;ASDHEDGE/USD;63,08500000;64,40000000;60,37000000;63,87500000;1,24
2021-07-19T00:00:00+00:00;ASDHEDGE/USD;62,61500000;63,23000000;61,43500000;63,08500000;0,75
2021-07-18T00:00:00+00:00;ASDHEDGE/USD;62,79000000;62,96500000;60,93500000;62,61500000;-0,28
2021-07-17T00:00:00+00:00;ASDHEDGE/USD;62,46500000;62,86000000;62,01500000;62,79000000;0,52
2021-07-16T00:00:00+00:00;ASDHEDGE/USD;62,06000000;62,57000000;59,84000000;62,46500000;0,65
2021-07-15T00:00:00+00:00;ASDHEDGE/USD;61,59000000;62,24000000;61,30500000;62,06000000;0,76
2021-07-14T00:00:00+00:00;ASDHEDGE/USD;60,97500000;61,67000000;60,70500000;61,59000000;1,0
2021-07-13T00:00:00+00:00;ASDHEDGE/USD;60,68000000;61,41000000;60,26500000;60,97500000;0,48
2021-07-12T00:00:00+00:00;ASDHEDGE/USD;60,52500000;61,22000000;59,89000000;60,68000000;0,26
2021-07-11T00:00:00+00:00;ASDHEDGE/USD;60,02000000;60,73500000;59,54500000;60,52500000;0,83
2021-07-10T00:00:00+00:00;ASDHEDGE/USD;59,92000000;60,39000000;58,44500000;60,02000000;0,17
2021-07-09T00:00:00+00:00;ASDHEDGE/USD;60,69500000;60,86000000;59,42000000;59,92000000;-1,29
2021-07-08T00:00:00+00:00;ASDHEDGE/USD;58,78500000;60,73000000;55,68500000;60,69500000;3,15
2021-07-07T00:00:00+00:00;ASDHEDGE/USD;57,80500000;58,83000000;55,68500000;58,78500000;1,67
2021-07-06T00:00:00+00:00;ASDHEDGE/USD;63,32000000;63,41500000;56,03000000;57,80500000;-9,54
2021-07-05T00:00:00+00:00;ASDHEDGE/USD;63,95000000;64,14000000;62,90000000;63,32000000;-0,99
2021-07-04T00:00:00+00:00;ASDHEDGE/USD;64,20500000;64,27000000;63,22000000;63,95000000;-0,4
2021-07-03T00:00:00+00:00;ASDHEDGE/USD;64,62500000;64,65500000;63,68500000;64,20500000;-0,65
2021-07-02T00:00:00+00:00;ASDHEDGE/USD;64,75000000;64,80000000;63,31000000;64,62500000;-0,19
2021-07-01T00:00:00+00:00;ASDHEDGE/USD;64,64500000;64,82500000;64,14000000;64,75000000;0,16
2021-06-30T00:00:00+00:00;ASDHEDGE/USD;64,62500000;64,99000000;63,28500000;64,64500000;0,03
2021-06-29T00:00:00+00:00;ASDHEDGE/USD;65,22000000;65,23000000;64,62500000;64,62500000;-0,92
2021-06-28T00:00:00+00:00;ASDHEDGE/USD;64,99000000;65,24000000;64,14500000;65,22000000;0,35
2021-06-27T00:00:00+00:00;ASDHEDGE/USD;65,30000000;65,38000000;64,59000000;64,99000000;-0,48
2021-06-26T00:00:00+00:00;ASDHEDGE/USD;65,09000000;65,68500000;64,59000000;65,30000000;0,32
2021-06-25T00:00:00+00:00;ASDHEDGE/USD;64,58000000;65,39000000;62,65000000;65,09000000;0,78
2021-06-24T00:00:00+00:00;ASDHEDGE/USD;65,57500000;66,22000000;64,26500000;64,58000000;-1,54
2021-06-23T00:00:00+00:00;ASDHEDGE/USD;66,26500000;66,69500000;65,39000000;65,57500000;-1,05
2021-06-22T00:00:00+00:00;ASDHEDGE/USD;63,56000000;67,14500000;62,97000000;66,26500000;4,08
2021-06-21T00:00:00+00:00;ASDHEDGE/USD;61,37500000;63,60000000;61,16000000;63,56000000;3,44
2021-06-20T00:00:00+00:00;ASDHEDGE/USD;61,14000000;61,86000000;60,28500000;61,37500000;0,38
2021-06-19T00:00:00+00:00;ASDHEDGE/USD;60,20000000;61,14000000;59,82500000;61,14000000;1,54
2021-06-18T00:00:00+00:00;ASDHEDGE/USD;58,98000000;60,48000000;57,66500000;60,20000000;2,03
2021-06-17T00:00:00+00:00;ASDHEDGE/USD;58,50500000;59,00500000;58,05000000;58,98000000;0,81
2021-06-16T00:00:00+00:00;ASDHEDGE/USD;58,45500000;58,78500000;57,63500000;58,50500000;0,09
2021-06-15T00:00:00+00:00;ASDHEDGE/USD;58,08000000;58,45500000;56,96000000;58,45500000;0,64
2021-06-14T00:00:00+00:00;ASDHEDGE/USD;59,35500000;59,36000000;56,96000000;58,08000000;-2,2
2021-06-13T00:00:00+00:00;ASDHEDGE/USD;59,54500000;59,80500000;58,36500000;59,35500000;-0,32
2021-06-12T00:00:00+00:00;ASDHEDGE/USD;58,24500000;59,58500000;57,74000000;59,54500000;2,18
2021-06-11T00:00:00+00:00;ASDHEDGE/USD;58,61500000;58,95500000;57,74000000;58,24500000;-0,64
2021-06-10T00:00:00+00:00;ASDHEDGE/USD;58,29000000;58,81000000;57,18000000;58,61500000;0,55
2021-06-09T00:00:00+00:00;ASDHEDGE/USD;59,44000000;59,61500000;57,59500000;58,29000000;-1,97
2021-06-08T00:00:00+00:00;ASDHEDGE/USD;57,17000000;59,46500000;56,87000000;59,44000000;3,82
2021-06-07T00:00:00+00:00;ASDHEDGE/USD;57,04500000;57,41500000;56,02500000;57,17000000;0,22
2021-06-06T00:00:00+00:00;ASDHEDGE/USD;57,02000000;57,15000000;56,52000000;57,04500000;0,04
2021-06-05T00:00:00+00:00;ASDHEDGE/USD;56,75000000;57,05500000;56,06500000;57,02000000;0,47
2021-06-04T00:00:00+00:00;ASDHEDGE/USD;55,87000000;56,89000000;55,68500000;56,75000000;1,55
2021-06-03T00:00:00+00:00;ASDHEDGE/USD;57,03000000;57,87500000;55,68500000;55,87000000;-2,08
2021-06-02T00:00:00+00:00;ASDHEDGE/USD;58,26500000;58,26500000;56,86500000;57,03000000;-2,17
2021-06-01T00:00:00+00:00;ASDHEDGE/USD;57,95500000;58,26500000;57,83500000;58,26500000;0,53
2021-05-31T00:00:00+00:00;ASDHEDGE/USD;58,26500000;58,26500000;57,84500000;57,95500000;-0,53
2021-05-30T00:00:00+00:00;ASDHEDGE/USD;58,26500000;58,28000000;58,26500000;58,26500000;0,0
2021-05-29T00:00:00+00:00;ASDHEDGE/USD;58,26500000;58,29000000;58,26500000;58,26500000;0,0
2021-05-28T00:00:00+00:00;ASDHEDGE/USD;58,26500000;58,26500000;58,26500000;58,26500000;0,0
2021-05-27T00:00:00+00:00;ASDHEDGE/USD;58,26500000;58,26500000;57,99500000;58,26500000;0,0
2021-05-26T00:00:00+00:00;ASDHEDGE/USD;58,26500000;58,26500000;57,36000000;58,26500000;0,0
2021-05-25T00:00:00+00:00;ASDHEDGE/USD;60,71000000;61,90500000;53,59500000;58,26500000;-4,2
2021-05-24T00:00:00+00:00;ASDHEDGE/USD;65,46500000;66,22000000;59,53000000;60,71000000;-7,83
2021-05-23T00:00:00+00:00;ASDHEDGE/USD;54,50000000;66,22000000;54,00000000;65,46500000;16,75
2021-05-22T00:00:00+00:00;ASDHEDGE/USD;52,56000000;56,48000000;51,60500000;54,50000000;3,56
2021-05-21T00:00:00+00:00;ASDHEDGE/USD;51,44000000;53,96500000;51,14000000;52,56000000;2,13
2021-05-20T00:00:00+00:00;ASDHEDGE/USD;48,18000000;52,95500000;46,98000000;51,44000000;6,34
2021-05-19T00:00:00+00:00;ASDHEDGE/USD;42,46500000;50,09500000;40,72000000;48,18000000;11,86
2021-05-18T00:00:00+00:00;ASDHEDGE/USD;44,34500000;44,98000000;41,24500000;42,46500000;-4,43
2021-05-17T00:00:00+00:00;ASDHEDGE/USD;40,98000000;45,39000000;37,99500000;44,34500000;7,59
2021-05-16T00:00:00+00:00;ASDHEDGE/USD;39,48000000;41,42000000;38,93500000;40,98000000;3,66
2021-05-15T00:00:00+00:00;ASDHEDGE/USD;38,11500000;39,48000000;37,99500000;39,48000000;3,46
2021-05-14T00:00:00+00:00;ASDHEDGE/USD;37,99500000;38,37000000;37,99500000;38,11500000;0,31
2021-05-13T00:00:00+00:00;ASDHEDGE/USD;36,45000000;39,19000000;36,39000000;37,99500000;4,07
2021-05-12T00:00:00+00:00;ASDHEDGE/USD;34,47500000;36,53000000;33,77500000;36,45000000;5,42
2021-05-11T00:00:00+00:00;ASDHEDGE/USD;36,47500000;36,92000000;34,36500000;34,47500000;-5,8
2021-05-10T00:00:00+00:00;ASDHEDGE/USD;36,25500000;36,92000000;35,56000000;36,47500000;0,6
2021-05-09T00:00:00+00:00;ASDHEDGE/USD;35,23500000;36,75500000;35,20500000;36,25500000;2,81
2021-05-08T00:00:00+00:00;ASDHEDGE/USD;35,60000000;35,68500000;34,85000000;35,23500000;-1,04
2021-05-07T00:00:00+00:00;ASDHEDGE/USD;36,27000000;36,70000000;34,50500000;35,60000000;-1,88
2021-05-06T00:00:00+00:00;ASDHEDGE/USD;36,40500000;36,92000000;33,40000000;36,27000000;-0,37
2021-05-05T00:00:00+00:00;ASDHEDGE/USD;35,52500000;36,92000000;32,26000000;36,40500000;2,42
2021-05-04T00:00:00+00:00;ASDHEDGE/USD;34,16000000;36,15000000;34,13500000;35,52500000;3,84
2021-05-03T00:00:00+00:00;ASDHEDGE/USD;33,64000000;34,49000000;31,99000000;34,16000000;1,52
2021-05-02T00:00:00+00:00;ASDHEDGE/USD;32,00000000;33,97250000;31,64500000;33,64000000;4,88
2021-05-01T00:00:00+00:00;ASDHEDGE/USD;35,70500000;36,02000000;31,98500000;32,00000000;-11,58
2021-04-30T00:00:00+00:00;ASDHEDGE/USD;36,92000000;36,93000000;35,70500000;35,70500000;-3,4
2021-04-29T00:00:00+00:00;ASDHEDGE/USD;35,65000000;37,02000000;35,65000000;36,92000000;3,44
2021-04-28T00:00:00+00:00;ASDHEDGE/USD;34,90500000;35,65000000;34,65500000;35,65000000;2,09
2021-04-27T00:00:00+00:00;ASDHEDGE/USD;35,32000000;35,65000000;33,48000000;34,90500000;-1,19
2021-04-26T00:00:00+00:00;ASDHEDGE/USD;36,80000000;37,47000000;33,86000000;35,32000000;-4,19
2021-04-25T00:00:00+00:00;ASDHEDGE/USD;33,18500000;37,47000000;32,55500000;36,80000000;9,82
2021-04-24T00:00:00+00:00;ASDHEDGE/USD;32,27000000;33,28500000;31,01500000;33,18500000;2,76
2021-04-23T00:00:00+00:00;ASDHEDGE/USD;28,74000000;32,96500000;28,50000000;32,27000000;10,94
2021-04-22T00:00:00+00:00;ASDHEDGE/USD;26,68250000;28,81250000;25,33500000;28,74000000;7,16
2021-04-21T00:00:00+00:00;ASDHEDGE/USD;27,74750000;27,78250000;25,33500000;26,68250000;-3,99
2021-04-20T00:00:00+00:00;ASDHEDGE/USD;27,90500000;30,01000000;27,02000000;27,74750000;-0,57
2021-04-19T00:00:00+00:00;ASDHEDGE/USD;27,74500000;28,09000000;25,33500000;27,90500000;0,57
2021-04-18T00:00:00+00:00;ASDHEDGE/USD;24,79500000;29,26250000;24,65500000;27,74500000;10,63
2021-04-17T00:00:00+00:00;ASDHEDGE/USD;24,07250000;25,33500000;23,86750000;24,79500000;2,91
2021-04-16T00:00:00+00:00;ASDHEDGE/USD;25,58000000;25,89250000;24,07250000;24,07250000;-6,26
2021-04-15T00:00:00+00:00;ASDHEDGE/USD;25,67750000;25,85250000;25,32750000;25,58000000;-0,38
2021-04-14T00:00:00+00:00;ASDHEDGE/USD;25,32750000;26,32250000;24,74250000;25,67750000;1,36
2021-04-13T00:00:00+00:00;ASDHEDGE/USD;23,87000000;25,89000000;23,87000000;25,32750000;5,75
2021-04-12T00:00:00+00:00;ASDHEDGE/USD;27,87250000;27,87250000;22,80000000;23,87000000;-16,77
2021-04-11T00:00:00+00:00;ASDHEDGE/USD;27,85500000;28,09750000;27,84250000;27,87250000;0,06
2021-04-10T00:00:00+00:00;ASDHEDGE/USD;27,87250000;27,87250000;27,42000000;27,85500000;-0,06
2021-04-09T00:00:00+00:00;ASDHEDGE/USD;27,87250000;27,87250000;27,17500000;27,87250000;0,0
2021-04-08T00:00:00+00:00;ASDHEDGE/USD;27,30000000;27,87250000;27,16250000;27,87250000;2,05
2021-04-07T00:00:00+00:00;ASDHEDGE/USD;26,70750000;27,37000000;25,08750000;27,30000000;2,17
2021-04-06T00:00:00+00:00;ASDHEDGE/USD;27,30000000;28,07000000;26,67250000;26,70750000;-2,22
2021-04-05T00:00:00+00:00;ASDHEDGE/USD;25,63750000;27,77250000;25,63000000;27,30000000;6,09
2021-04-04T00:00:00+00:00;ASDHEDGE/USD;30,78500000;30,80750000;24,79750000;25,63750000;-20,08
2021-04-03T00:00:00+00:00;ASDHEDGE/USD;27,73500000;31,38250000;27,33500000;30,78500000;9,91
2021-04-02T00:00:00+00:00;ASDHEDGE/USD;26,08000000;28,24500000;25,01250000;27,73500000;5,97
2021-04-01T00:00:00+00:00;ASDHEDGE/USD;21,79000000;26,94750000;21,68750000;26,08000000;16,45
2021-03-31T00:00:00+00:00;ASDHEDGE/USD;22,00000000;22,25250000;21,44750000;21,79000000;-0,96
2021-03-30T00:00:00+00:00;ASDHEDGE/USD;19,17000000;23,23500000;19,17000000;22,00000000;12,86
2021-03-29T00:00:00+00:00;ASDHEDGE/USD;18,68000000;19,72500000;16,83250000;19,17000000;2,56
2021-03-28T00:00:00+00:00;ASDHEDGE/USD;13,44800000;19,54400000;13,25250000;18,68000000;28,01
2021-03-27T00:00:00+00:00;ASDHEDGE/USD;17,28750000;21,16250000;13,06300000;13,44800000;-28,55
2021-03-26T00:00:00+00:00;ASDHEDGE/USD;24,55750000;26,75250000;16,87750000;17,28750000;-42,05
2021-03-25T00:00:00+00:00;ASDHEDGE/USD;24,27500000;25,99750000;23,66500000;24,55750000;1,15
2021-03-24T00:00:00+00:00;ASDHEDGE/USD;22,13250000;28,82750000;22,05000000;24,27500000;8,83
2021-03-23T00:00:00+00:00;ASDHEDGE/USD;27,46500000;27,97250000;21,21750000;22,13250000;-24,09
2021-03-22T00:00:00+00:00;ASDHEDGE/USD;29,23250000;31,34250000;25,46750000;27,46500000;-6,44
2021-03-21T00:00:00+00:00;ASDHEDGE/USD;31,63000000;33,14500000;27,96000000;29,23250000;-8,2
2021-03-20T00:00:00+00:00;ASDHEDGE/USD;37,82500000;38,43000000;30,86000000;31,63000000;-19,59
2021-03-19T00:00:00+00:00;ASDHEDGE/USD;37,26000000;42,08500000;34,68500000;37,82500000;1,49
2021-03-18T00:00:00+00:00;ASDHEDGE/USD;40,97500000;42,49500000;35,29500000;37,26000000;-9,97
2021-03-17T00:00:00+00:00;ASDHEDGE/USD;41,08500000;44,96500000;37,90500000;40,97500000;-0,27
2021-03-16T00:00:00+00:00;ASDHEDGE/USD;42,27500000;47,34000000;35,97500000;41,08500000;-2,9
2021-03-15T00:00:00+00:00;ASDHEDGE/USD;41,18000000;51,31500000;38,49500000;42,27500000;2,59
2021-03-14T00:00:00+00:00;ASDHEDGE/USD;38,20000000;47,06000000;35,24500000;41,18000000;7,24
2021-03-13T00:00:00+00:00;ASDHEDGE/USD;45,35500000;53,43500000;35,93500000;37,95000000;-19,51
2021-03-12T00:00:00+00:00;ASDHEDGE/USD;50,52000000;82,21000000;42,09500000;45,35500000;-11,39
2021-03-11T00:00:00+00:00;ASDHEDGE/USD;55,52500000;71,94000000;44,35000000;50,52000000;-9,91
2021-03-10T00:00:00+00:00;ASDHEDGE/USD;65,21500000;82,21000000;53,18000000;55,52500000;-17,45
2021-03-09T00:00:00+00:00;ASDHEDGE/USD;76,55000000;82,21000000;64,06000000;65,21500000;-17,38
2021-03-08T00:00:00+00:00;ASDHEDGE/USD;73,33000000;82,21000000;73,10000000;76,55000000;4,21
2021-03-07T00:00:00+00:00;ASDHEDGE/USD;80,15000000;82,21000000;69,25000000;73,33000000;-9,3
2021-03-06T00:00:00+00:00;ASDHEDGE/USD;83,59000000;83,70000000;76,16000000;80,15000000;-4,29
2021-03-05T00:00:00+00:00;ASDHEDGE/USD;82,21000000;86,12000000;82,21000000;83,59000000;1,65
2021-03-04T00:00:00+00:00;ASDHEDGE/USD;81,78000000;84,00000000;77,98000000;82,21000000;0,52
2021-03-03T00:00:00+00:00;ASDHEDGE/USD;82,21000000;82,21000000;72,60000000;81,78000000;-0,53
2021-03-02T00:00:00+00:00;ASDHEDGE/USD;88,00000000;88,00000000;80,03000000;82,21000000;-7,04
2021-03-01T00:00:00+00:00;ASDHEDGE/USD;106,20000000;108,37000000;85,71000000;88,00000000;-20,68
2021-02-28T00:00:00+00:00;ASDHEDGE/USD;88,00000000;113,01000000;87,97000000;106,20000000;17,14
2021-02-27T00:00:00+00:00;ASDHEDGE/USD;85,87000000;90,30000000;78,66000000;88,00000000;2,42
2021-02-26T00:00:00+00:00;ASDHEDGE/USD;86,76000000;90,03000000;83,27000000;85,87000000;-1,04
2021-02-25T00:00:00+00:00;ASDHEDGE/USD;80,65000000;88,65000000;78,74000000;86,76000000;7,04
2021-02-24T00:00:00+00:00;ASDHEDGE/USD;137,10000000;236,06000000;72,66000000;80,65000000;-69,99
2021-02-23T00:00:00+00:00;ASDHEDGE/USD;122,72000000;144,75000000;122,28000000;137,10000000;10,49
2021-02-22T00:00:00+00:00;ASDHEDGE/USD;114,82000000;130,37000000;114,82000000;122,72000000;6,44
2021-02-21T00:00:00+00:00;ASDHEDGE/USD;122,98000000;125,94000000;114,62000000;114,82000000;-7,11
2021-02-20T00:00:00+00:00;ASDHEDGE/USD;125,29000000;129,69000000;117,59000000;122,98000000;-1,88
2021-02-19T00:00:00+00:00;ASDHEDGE/USD;150,33000000;173,09000000;124,90000000;125,29000000;-19,99
2021-02-18T00:00:00+00:00;ASDHEDGE/USD;202,92500000;239,65000000;138,99000000;150,33000000;-34,99
2021-02-17T00:00:00+00:00;ASDHEDGE/USD;252,07500000;261,35000000;199,25000000;202,92500000;-24,22
2021-02-16T00:00:00+00:00;ASDHEDGE/USD;252,22500000;285,62500000;246,07500000;252,07500000;-0,06
2021-02-15T00:00:00+00:00;ASDHEDGE/USD;235,52500000;275,62500000;235,52500000;252,22500000;6,62
2021-02-14T00:00:00+00:00;ASDHEDGE/USD;235,15000000;246,25000000;233,05000000;235,52500000;0,16
2021-02-13T00:00:00+00:00;ASDHEDGE/USD;228,57500000;244,32500000;226,87500000;235,15000000;2,8
2021-02-12T00:00:00+00:00;ASDHEDGE/USD;211,95000000;261,42500000;211,27500000;228,57500000;7,27
2021-02-11T00:00:00+00:00;ASDHEDGE/USD;250,62500000;256,25000000;211,02500000;211,95000000;-18,25
2021-02-10T00:00:00+00:00;ASDHEDGE/USD;266,12500000;688,22500000;247,40000000;250,62500000;-6,18
2021-02-09T00:00:00+00:00;ASDHEDGE/USD;333,82500000;333,82500000;261,70000000;266,12500000;-25,44
2021-02-08T00:00:00+00:00;ASDHEDGE/USD;394,90000000;403,15000000;328,65000000;333,82500000;-18,3
2021-02-07T00:00:00+00:00;ASDHEDGE/USD;428,80000000;446,25000000;392,20000000;394,90000000;-8,58
2021-02-06T00:00:00+00:00;ASDHEDGE/USD;485,35000000;547,45000000;413,60000000;428,80000000;-13,19
2021-02-05T00:00:00+00:00;ASDHEDGE/USD;533,70000000;559,10000000;475,75000000;485,35000000;-9,96
2021-02-04T00:00:00+00:00;ASDHEDGE/USD;727,00000000;763,30000000;522,60000000;533,70000000;-36,22
2021-02-03T00:00:00+00:00;ASDHEDGE/USD;946,50000000;1015,00000000;704,10000000;727,00000000;-30,19
2021-02-02T00:00:00+00:00;ASDHEDGE/USD;1177,60000000;1721,25000000;929,10000000;946,50000000;-24,42
2021-02-01T00:00:00+00:00;ASDHEDGE/USD;1177,90000000;1264,40000000;1165,60000000;1177,60000000;-0,03
2021-01-31T00:00:00+00:00;ASDHEDGE/USD;1167,10000000;1246,40000000;1163,30000000;1177,90000000;0,92
2021-01-30T00:00:00+00:00;ASDHEDGE/USD;1251,90000000;1357,20000000;1159,90000000;1167,10000000;-7,27
2021-01-29T00:00:00+00:00;ASDHEDGE/USD;1351,70000000;1477,60000000;1249,90000000;1251,90000000;-7,97
2021-01-28T00:00:00+00:00;ASDHEDGE/USD;1356,80000000;1430,10000000;1339,60000000;1351,70000000;-0,38
2021-01-27T00:00:00+00:00;ASDHEDGE/USD;1310,80000000;1431,80000000;1301,90000000;1356,80000000;3,39
2021-01-26T00:00:00+00:00;ASDHEDGE/USD;1252,00000000;1435,10000000;1252,00000000;1310,80000000;4,49
2021-01-25T00:00:00+00:00;ASDHEDGE/USD;1167,30000000;1330,50000000;1167,30000000;1252,00000000;6,77
2021-01-24T00:00:00+00:00;ASDHEDGE/USD;1149,10000000;1213,30000000;1126,60000000;1167,30000000;1,56
2021-01-23T00:00:00+00:00;ASDHEDGE/USD;1147,30000000;1227,50000000;1146,50000000;1149,10000000;0,16
2021-01-22T00:00:00+00:00;ASDHEDGE/USD;1160,90000000;1380,50000000;1147,30000000;1147,30000000;-1,19
2021-01-21T00:00:00+00:00;ASDHEDGE/USD;1108,70000000;1223,80000000;1092,50000000;1160,90000000;4,5
2021-01-20T00:00:00+00:00;ASDHEDGE/USD;1065,00000000;1173,10000000;1061,30000000;1108,70000000;3,94
2021-01-19T00:00:00+00:00;ASDHEDGE/USD;1028,20000000;1110,80000000;1025,70000000;1065,00000000;3,46
2021-01-18T00:00:00+00:00;ASDHEDGE/USD;1050,70000000;1144,60000000;988,50000000;1028,20000000;-2,19
2021-01-17T00:00:00+00:00;ASDHEDGE/USD;1025,40000000;1138,70000000;1011,50000000;1050,70000000;2,41
2021-01-16T00:00:00+00:00;ASDHEDGE/USD;1202,10000000;1351,50000000;1002,30000000;1025,40000000;-17,23
2021-01-15T00:00:00+00:00;ASDHEDGE/USD;1147,40000000;1366,20000000;1108,60000000;1202,10000000;4,55
2021-01-14T00:00:00+00:00;ASDHEDGE/USD;1189,70000000;1638,80000000;1088,50000000;1147,40000000;-3,69
2021-01-13T00:00:00+00:00;ASDHEDGE/USD;1233,70000000;1431,50000000;1154,60000000;1189,70000000;-3,7
2021-01-12T00:00:00+00:00;ASDHEDGE/USD;1507,20000000;1721,25000000;1180,80000000;1233,70000000;-22,17
2021-01-11T00:00:00+00:00;ASDHEDGE/USD;1366,30000000;1721,25000000;1319,20000000;1507,20000000;9,35
2021-01-10T00:00:00+00:00;ASDHEDGE/USD;1330,90000000;1721,25000000;1297,60000000;1366,30000000;2,59
2021-01-09T00:00:00+00:00;ASDHEDGE/USD;1268,70000000;1519,30000000;1268,70000000;1330,90000000;4,67
2021-01-08T00:00:00+00:00;ASDHEDGE/USD;1750,75000000;1795,50000000;1157,00000000;1268,70000000;-38,0
2021-01-07T00:00:00+00:00;ASDHEDGE/USD;1813,75000000;1814,25000000;1721,25000000;1750,75000000;-3,6
2021-01-06T00:00:00+00:00;ASDHEDGE/USD;1869,00000000;1904,25000000;1721,25000000;1813,75000000;-3,05
2021-01-05T00:00:00+00:00;ASDHEDGE/USD;1788,75000000;1893,50000000;1721,25000000;1869,00000000;4,29
2021-01-04T00:00:00+00:00;ASDHEDGE/USD;1866,50000000;1903,50000000;1721,25000000;1788,75000000;-4,35
2021-01-03T00:00:00+00:00;ASDHEDGE/USD;1832,00000000;1904,00000000;1721,25000000;1866,50000000;1,85
2021-01-02T00:00:00+00:00;ASDHEDGE/USD;1894,50000000;1921,25000000;1721,25000000;1832,00000000;-3,41
2021-01-01T00:00:00+00:00;ASDHEDGE/USD;1900,50000000;1900,50000000;1828,50000000;1894,50000000;-0,32
2020-12-31T00:00:00+00:00;ASDHEDGE/USD;1886,25000000;1908,25000000;1743,25000000;1900,50000000;0,75
2020-12-30T00:00:00+00:00;ASDHEDGE/USD;1921,50000000;1925,25000000;1721,25000000;1886,25000000;-1,87
2020-12-29T00:00:00+00:00;ASDHEDGE/USD;1905,25000000;1936,50000000;1837,50000000;1921,50000000;0,85
2020-12-28T00:00:00+00:00;ASDHEDGE/USD;1840,75000000;1906,50000000;1741,50000000;1905,25000000;3,39
2020-12-27T00:00:00+00:00;ASDHEDGE/USD;1854,50000000;1885,25000000;1721,25000000;1840,75000000;-0,75
2020-12-26T00:00:00+00:00;ASDHEDGE/USD;1931,00000000;1950,75000000;1721,25000000;1854,50000000;-4,13
2020-12-25T00:00:00+00:00;ASDHEDGE/USD;1881,75000000;1935,75000000;1721,25000000;1931,00000000;2,55
2020-12-24T00:00:00+00:00;ASDHEDGE/USD;1757,75000000;1998,50000000;1721,25000000;1881,75000000;6,59
2020-12-23T00:00:00+00:00;ASDHEDGE/USD;1826,75000000;1867,00000000;1721,25000000;1757,75000000;-3,93
2020-12-22T00:00:00+00:00;ASDHEDGE/USD;1823,00000000;1847,50000000;1754,50000000;1826,75000000;0,21
2020-12-21T00:00:00+00:00;ASDHEDGE/USD;1770,00000000;1823,00000000;1721,25000000;1823,00000000;2,91
2020-12-20T00:00:00+00:00;ASDHEDGE/USD;1793,25000000;1807,50000000;1721,25000000;1770,00000000;-1,31
2020-12-19T00:00:00+00:00;ASDHEDGE/USD;1776,50000000;1800,25000000;1721,25000000;1793,25000000;0,93
2020-12-18T00:00:00+00:00;ASDHEDGE/USD;1730,25000000;1814,75000000;1721,25000000;1776,50000000;2,6
2020-12-17T00:00:00+00:00;ASDHEDGE/USD;1721,25000000;1732,25000000;1721,25000000;1730,25000000;0,52
2020-12-16T00:00:00+00:00;ASDHEDGE/USD;1699,25000000;1721,25000000;1671,00000000;1721,25000000;1,28
2020-12-15T00:00:00+00:00;ASDHEDGE/USD;1816,25000000;1816,25000000;1646,25000000;1699,25000000;-6,89
2020-12-14T00:00:00+00:00;ASDHEDGE/USD;1805,25000000;1842,00000000;1721,25000000;1816,25000000;0,61
2020-12-13T00:00:00+00:00;ASDHEDGE/USD;1884,75000000;1886,25000000;1721,25000000;1805,25000000;-4,4
2020-12-12T00:00:00+00:00;ASDHEDGE/USD;1909,00000000;1940,00000000;1824,50000000;1884,75000000;-1,29
2020-12-11T00:00:00+00:00;ASDHEDGE/USD;1948,50000000;1990,75000000;1721,25000000;1909,00000000;-2,07
2020-12-10T00:00:00+00:00;ASDHEDGE/USD;1776,25000000;2002,25000000;1721,25000000;1948,50000000;8,84
2020-12-09T00:00:00+00:00;ASDHEDGE/USD;1730,25000000;1832,25000000;1721,25000000;1776,25000000;2,59
2020-12-08T00:00:00+00:00;ASDHEDGE/USD;1724,25000000;1758,00000000;1721,25000000;1730,25000000;0,35
2020-12-07T00:00:00+00:00;ASDHEDGE/USD;1721,00000000;1750,00000000;1689,00000000;1724,25000000;0,19
2020-12-06T00:00:00+00:00;ASDHEDGE/USD;1863,25000000;1903,50000000;1635,25000000;1721,00000000;-8,27
2020-12-05T00:00:00+00:00;ASDHEDGE/USD;1903,25000000;1912,75000000;1806,25000000;1863,25000000;-2,15
2020-12-04T00:00:00+00:00;ASDHEDGE/USD;1896,75000000;1916,25000000;1790,00000000;1903,25000000;0,34
2020-12-03T00:00:00+00:00;ASDHEDGE/USD;1917,25000000;1933,75000000;1807,75000000;1896,75000000;-1,08
2020-12-02T00:00:00+00:00;ASDHEDGE/USD;1865,00000000;1950,75000000;1733,00000000;1917,25000000;2,73
2020-12-01T00:00:00+00:00;ASDHEDGE/USD;1999,00000000;2158,00000000;1721,25000000;1865,00000000;-7,18
2020-11-30T00:00:00+00:00;ASDHEDGE/USD;1988,25000000;2106,50000000;1946,75000000;1999,00000000;0,54
2020-11-29T00:00:00+00:00;ASDHEDGE/USD;2003,75000000;2120,25000000;1887,00000000;1988,25000000;-0,78
2020-11-28T00:00:00+00:00;ASDHEDGE/USD;2115,25000000;2120,25000000;1997,75000000;2003,75000000;-5,56
2020-11-27T00:00:00+00:00;ASDHEDGE/USD;2120,25000000;2120,25000000;2097,75000000;2115,25000000;-0,24
2020-11-26T00:00:00+00:00;ASDHEDGE/USD;1969,25000000;2120,25000000;1938,75000000;2120,25000000;7,12
2020-11-25T00:00:00+00:00;ASDHEDGE/USD;1919,00000000;2030,50000000;1913,25000000;1969,25000000;2,55
2020-11-24T00:00:00+00:00;ASDHEDGE/USD;1955,75000000;2035,00000000;1841,25000000;1919,00000000;-1,92
2020-11-23T00:00:00+00:00;ASDHEDGE/USD;1944,50000000;2120,25000000;1909,00000000;1955,75000000;0,58
2020-11-22T00:00:00+00:00;ASDHEDGE/USD;1923,75000000;2016,00000000;1903,50000000;1944,50000000;1,07
2020-11-21T00:00:00+00:00;ASDHEDGE/USD;1996,00000000;2049,50000000;1895,50000000;1923,75000000;-3,76
2020-11-20T00:00:00+00:00;ASDHEDGE/USD;2051,75000000;2088,50000000;1896,00000000;1996,00000000;-2,79
2020-11-19T00:00:00+00:00;ASDHEDGE/USD;2080,00000000;2120,25000000;2034,50000000;2051,75000000;-1,38
2020-11-18T00:00:00+00:00;ASDHEDGE/USD;2078,75000000;2120,25000000;2004,75000000;2080,00000000;0,06
2020-11-17T00:00:00+00:00;ASDHEDGE/USD;2119,25000000;2120,25000000;2025,50000000;2078,75000000;-1,95
2020-11-16T00:00:00+00:00;ASDHEDGE/USD;2103,50000000;2120,25000000;2026,00000000;2119,25000000;0,74
2020-11-15T00:00:00+00:00;ASDHEDGE/USD;2007,00000000;2120,25000000;1976,50000000;2103,50000000;4,59
2020-11-14T00:00:00+00:00;ASDHEDGE/USD;1985,25000000;2062,25000000;1955,25000000;2007,00000000;1,08
2020-11-13T00:00:00+00:00;ASDHEDGE/USD;2001,00000000;2033,00000000;1923,00000000;1985,25000000;-0,79
2020-11-12T00:00:00+00:00;ASDHEDGE/USD;2047,75000000;2072,75000000;1931,75000000;2001,00000000;-2,34
2020-11-11T00:00:00+00:00;ASDHEDGE/USD;2056,00000000;2099,50000000;1747,50000000;2047,75000000;-0,4
2020-11-10T00:00:00+00:00;ASDHEDGE/USD;2191,75000000;2282,75000000;1994,75000000;2056,00000000;-6,6
2020-11-09T00:00:00+00:00;ASDHEDGE/USD;2355,50000000;2395,00000000;2120,25000000;2191,75000000;-7,47
2020-11-08T00:00:00+00:00;ASDHEDGE/USD;2120,25000000;2426,50000000;2120,25000000;2355,50000000;9,99
2020-11-07T00:00:00+00:00;ASDHEDGE/USD;2120,25000000;2247,25000000;2015,50000000;2158,00000000;1,75
2020-11-06T00:00:00+00:00;ASDHEDGE/USD;2129,50000000;2152,00000000;2064,75000000;2120,25000000;-0,44
2020-11-05T00:00:00+00:00;ASDHEDGE/USD;2126,75000000;2130,25000000;2062,00000000;2129,50000000;0,13
2020-11-04T00:00:00+00:00;ASDHEDGE/USD;2055,50000000;2175,25000000;2006,25000000;2126,75000000;3,35
2020-11-03T00:00:00+00:00;ASDHEDGE/USD;2032,25000000;2067,25000000;1985,75000000;2055,50000000;1,13
2020-11-02T00:00:00+00:00;ASDHEDGE/USD;1934,75000000;2036,00000000;1907,25000000;2032,25000000;4,8
2020-11-01T00:00:00+00:00;ASDHEDGE/USD;2029,75000000;2043,50000000;1933,00000000;1934,75000000;-4,91
2020-10-31T00:00:00+00:00;ASDHEDGE/USD;2051,25000000;2051,25000000;1933,00000000;2029,75000000;-1,06
2020-10-30T00:00:00+00:00;ASDHEDGE/USD;2065,50000000;2075,00000000;1356,10000000;2051,25000000;-0,69
2020-10-29T00:00:00+00:00;ASDHEDGE/USD;2089,00000000;2089,00000000;1956,50000000;2065,50000000;-1,14
2020-10-28T00:00:00+00:00;ASDHEDGE/USD;2113,75000000;2116,25000000;2072,50000000;2089,00000000;-1,18
2020-10-27T00:00:00+00:00;ASDHEDGE/USD;2081,50000000;2123,00000000;2054,75000000;2113,75000000;1,53
2020-10-26T00:00:00+00:00;ASDHEDGE/USD;2065,75000000;2086,25000000;1986,75000000;2081,50000000;0,76
2020-10-25T00:00:00+00:00;ASDHEDGE/USD;2005,75000000;2068,50000000;1987,75000000;2065,75000000;2,9
2020-10-24T00:00:00+00:00;ASDHEDGE/USD;2060,25000000;2066,75000000;1941,00000000;2005,75000000;-2,72
2020-10-23T00:00:00+00:00;ASDHEDGE/USD;2002,25000000;2062,00000000;1927,75000000;2060,25000000;2,82
2020-10-22T00:00:00+00:00;ASDHEDGE/USD;1967,00000000;2011,50000000;1898,75000000;2002,25000000;1,76
2020-10-21T00:00:00+00:00;ASDHEDGE/USD;2026,25000000;2026,50000000;1928,25000000;1967,00000000;-3,01
2020-10-20T00:00:00+00:00;ASDHEDGE/USD;2004,50000000;2040,00000000;1938,75000000;2026,25000000;1,07
2020-10-19T00:00:00+00:00;ASDHEDGE/USD;1939,75000000;2010,75000000;1919,00000000;2004,50000000;3,23
2020-10-18T00:00:00+00:00;ASDHEDGE/USD;2017,00000000;2018,00000000;1928,25000000;1939,75000000;-3,98
2020-10-17T00:00:00+00:00;ASDHEDGE/USD;2017,25000000;2036,50000000;1939,50000000;2017,00000000;-0,01
2020-10-16T00:00:00+00:00;ASDHEDGE/USD;1889,25000000;2017,50000000;1877,75000000;2017,25000000;6,35
2020-10-15T00:00:00+00:00;ASDHEDGE/USD;1637,00000000;1913,00000000;1583,25000000;1889,25000000;13,35
2020-10-14T00:00:00+00:00;ASDHEDGE/USD;1671,75000000;1718,25000000;1550,75000000;1637,00000000;-2,12
2020-10-13T00:00:00+00:00;ASDHEDGE/USD;1746,00000000;1764,25000000;1652,50000000;1671,75000000;-4,44
2020-10-12T00:00:00+00:00;ASDHEDGE/USD;1823,25000000;1832,00000000;1710,00000000;1746,00000000;-4,42
2020-10-11T00:00:00+00:00;ASDHEDGE/USD;1830,50000000;1893,25000000;1774,00000000;1823,25000000;-0,4
2020-10-10T00:00:00+00:00;ASDHEDGE/USD;1833,00000000;1833,00000000;1747,25000000;1830,50000000;-0,14
2020-10-09T00:00:00+00:00;ASDHEDGE/USD;1891,00000000;1932,75000000;1822,75000000;1833,00000000;-3,16
2020-10-08T00:00:00+00:00;ASDHEDGE/USD;2004,00000000;2014,50000000;1858,50000000;1891,00000000;-5,98
2020-10-07T00:00:00+00:00;ASDHEDGE/USD;2029,50000000;2081,00000000;1990,25000000;2004,00000000;-1,27
2020-10-06T00:00:00+00:00;ASDHEDGE/USD;1951,50000000;2029,50000000;1910,00000000;2029,50000000;3,84
2020-10-05T00:00:00+00:00;ASDHEDGE/USD;1955,50000000;1957,00000000;1916,50000000;1951,50000000;-0,2
2020-10-04T00:00:00+00:00;ASDHEDGE/USD;1947,75000000;1976,25000000;1919,75000000;1955,50000000;0,4
2020-10-03T00:00:00+00:00;ASDHEDGE/USD;1985,75000000;1989,75000000;1798,25000000;1947,75000000;-1,95
2020-10-02T00:00:00+00:00;ASDHEDGE/USD;1963,50000000;2030,25000000;1894,00000000;1985,75000000;1,12
2020-10-01T00:00:00+00:00;ASDHEDGE/USD;1921,00000000;1989,50000000;1844,75000000;1963,50000000;2,16
2020-09-30T00:00:00+00:00;ASDHEDGE/USD;1917,50000000;1925,50000000;1840,75000000;1921,00000000;0,18
2020-09-29T00:00:00+00:00;ASDHEDGE/USD;1911,50000000;1957,75000000;1873,75000000;1917,50000000;0,31
2020-09-28T00:00:00+00:00;ASDHEDGE/USD;1973,25000000;1973,25000000;1879,75000000;1911,50000000;-3,23
2020-09-27T00:00:00+00:00;ASDHEDGE/USD;1931,75000000;1998,50000000;1892,50000000;1973,25000000;2,1
2020-09-26T00:00:00+00:00;ASDHEDGE/USD;1803,75000000;1951,50000000;1760,50000000;1931,75000000;6,63
2020-09-25T00:00:00+00:00;ASDHEDGE/USD;2008,50000000;2100,00000000;1356,10000000;1803,75000000;-11,35
2020-09-24T00:00:00+00:00;ASDHEDGE/USD;2109,00000000;2147,25000000;1994,25000000;2008,50000000;-5,0
2020-09-23T00:00:00+00:00;ASDHEDGE/USD;2171,75000000;2174,25000000;1927,75000000;2109,00000000;-2,98
2020-09-22T00:00:00+00:00;ASDHEDGE/USD;2083,00000000;2172,25000000;2046,00000000;2171,75000000;4,09
2020-09-21T00:00:00+00:00;ASDHEDGE/USD;1955,50000000;2083,00000000;1817,25000000;2083,00000000;6,12
2020-09-20T00:00:00+00:00;ASDHEDGE/USD;1702,75000000;1955,75000000;1670,50000000;1955,50000000;12,93
2020-09-19T00:00:00+00:00;ASDHEDGE/USD;1878,75000000;1878,75000000;1693,00000000;1702,75000000;-10,34
2020-09-18T00:00:00+00:00;ASDHEDGE/USD;1822,00000000;1903,75000000;1771,75000000;1878,75000000;3,02
2020-09-17T00:00:00+00:00;ASDHEDGE/USD;2007,75000000;2009,00000000;1573,50000000;1822,00000000;-10,19
2020-09-16T00:00:00+00:00;ASDHEDGE/USD;1763,75000000;2007,75000000;1763,75000000;2007,75000000;12,15
2020-09-15T00:00:00+00:00;ASDHEDGE/USD;1773,00000000;1793,50000000;1737,25000000;1763,75000000;-0,52
2020-09-14T00:00:00+00:00;ASDHEDGE/USD;1731,50000000;1773,75000000;1709,50000000;1773,00000000;2,34
2020-09-13T00:00:00+00:00;ASDHEDGE/USD;1740,50000000;1759,50000000;1688,25000000;1731,50000000;-0,52
2020-09-12T00:00:00+00:00;ASDHEDGE/USD;1732,50000000;1769,50000000;1675,75000000;1740,50000000;0,46
2020-09-11T00:00:00+00:00;ASDHEDGE/USD;1718,25000000;1774,75000000;1662,75000000;1732,50000000;0,82
2020-09-10T00:00:00+00:00;ASDHEDGE/USD;1572,50000000;1756,25000000;1520,50000000;1718,25000000;8,48
2020-09-09T00:00:00+00:00;ASDHEDGE/USD;1750,75000000;1782,50000000;1523,00000000;1572,50000000;-11,34
2020-09-08T00:00:00+00:00;ASDHEDGE/USD;1751,50000000;1806,25000000;1603,50000000;1750,75000000;-0,04
2020-09-07T00:00:00+00:00;ASDHEDGE/USD;1683,50000000;1812,50000000;1590,75000000;1751,50000000;3,88
2020-09-06T00:00:00+00:00;ASDHEDGE/USD;1595,25000000;1768,00000000;1562,25000000;1683,50000000;5,24
2020-09-05T00:00:00+00:00;ASDHEDGE/USD;1835,00000000;1835,00000000;1451,50000000;1595,25000000;-15,03
2020-09-04T00:00:00+00:00;ASDHEDGE/USD;1833,50000000;1902,00000000;1723,00000000;1835,00000000;0,08
2020-09-03T00:00:00+00:00;ASDHEDGE/USD;1574,25000000;1846,00000000;1512,50000000;1833,50000000;14,14
2020-09-02T00:00:00+00:00;ASDHEDGE/USD;1464,60000000;1634,70000000;1447,90000000;1574,25000000;6,97
2020-09-01T00:00:00+00:00;ASDHEDGE/USD;1475,90000000;1488,30000000;1443,80000000;1464,60000000;-0,77
2020-08-31T00:00:00+00:00;ASDHEDGE/USD;1471,50000000;1481,90000000;1424,20000000;1475,90000000;0,3
2020-08-30T00:00:00+00:00;ASDHEDGE/USD;1490,50000000;1534,30000000;1462,70000000;1471,50000000;-1,29
2020-08-29T00:00:00+00:00;ASDHEDGE/USD;1543,10000000;1566,40000000;1480,20000000;1490,50000000;-3,53
2020-08-28T00:00:00+00:00;ASDHEDGE/USD;1584,50000000;1584,50000000;1460,50000000;1543,10000000;-2,68
2020-08-27T00:00:00+00:00;ASDHEDGE/USD;1555,50000000;1591,90000000;1532,60000000;1584,50000000;1,83
2020-08-26T00:00:00+00:00;ASDHEDGE/USD;1597,25000000;1597,25000000;1534,90000000;1555,50000000;-2,68
2020-08-25T00:00:00+00:00;ASDHEDGE/USD;1529,10000000;1623,80000000;1509,70000000;1597,25000000;4,27
2020-08-24T00:00:00+00:00;ASDHEDGE/USD;1495,80000000;1531,80000000;1460,50000000;1529,10000000;2,18
2020-08-23T00:00:00+00:00;ASDHEDGE/USD;1571,50000000;1578,50000000;1434,00000000;1495,80000000;-5,06
2020-08-22T00:00:00+00:00;ASDHEDGE/USD;1619,75000000;1701,25000000;1561,00000000;1571,50000000;-3,07
2020-08-21T00:00:00+00:00;ASDHEDGE/USD;1432,40000000;1619,75000000;1402,60000000;1619,75000000;11,57
2020-08-20T00:00:00+00:00;ASDHEDGE/USD;1409,50000000;1448,00000000;1356,10000000;1432,40000000;1,6
2020-08-19T00:00:00+00:00;ASDHEDGE/USD;1371,20000000;1426,40000000;1353,60000000;1409,50000000;2,72
2020-08-18T00:00:00+00:00;ASDHEDGE/USD;1368,70000000;1375,20000000;1333,20000000;1371,20000000;0,18
2020-08-17T00:00:00+00:00;ASDHEDGE/USD;1414,70000000;1444,10000000;1356,10000000;1368,70000000;-3,36
2020-08-16T00:00:00+00:00;ASDHEDGE/USD;1392,10000000;1464,80000000;1356,10000000;1414,70000000;1,6
2020-08-15T00:00:00+00:00;ASDHEDGE/USD;1369,80000000;1404,50000000;1356,10000000;1392,10000000;1,6
2020-08-14T00:00:00+00:00;ASDHEDGE/USD;1389,60000000;1403,10000000;1356,10000000;1369,80000000;-1,45
2020-08-13T00:00:00+00:00;ASDHEDGE/USD;1390,90000000;1415,50000000;1354,50000000;1389,60000000;-0,09
2020-08-12T00:00:00+00:00;ASDHEDGE/USD;1632,50000000;1660,50000000;1386,20000000;1390,90000000;-17,37
2020-08-11T00:00:00+00:00;ASDHEDGE/USD;1697,75000000;1730,25000000;1599,75000000;1632,50000000;-4,0
2020-08-10T00:00:00+00:00;ASDHEDGE/USD;1646,00000000;1703,25000000;1614,00000000;1697,75000000;3,05
2020-08-09T00:00:00+00:00;ASDHEDGE/USD;1610,00000000;1674,75000000;1598,50000000;1646,00000000;2,19
2020-08-08T00:00:00+00:00;ASDHEDGE/USD;1703,25000000;1703,25000000;1610,00000000;1610,00000000;-5,79
2020-08-07T00:00:00+00:00;ASDHEDGE/USD;1638,75000000;1789,50000000;1635,00000000;1703,25000000;3,79
2020-08-06T00:00:00+00:00;ASDHEDGE/USD;1592,40000000;1849,30000000;1584,60000000;1638,75000000;2,83
2020-08-05T00:00:00+00:00;ASDHEDGE/USD;1735,50000000;1814,00000000;1581,50000000;1592,40000000;-8,99
2020-08-04T00:00:00+00:00;ASDHEDGE/USD;1849,50000000;1906,50000000;1734,25000000;1735,50000000;-6,57
2020-08-03T00:00:00+00:00;ASDHEDGE/USD;2168,50000000;2257,25000000;1844,75000000;1849,50000000;-17,25
2020-08-02T00:00:00+00:00;ASDHEDGE/USD;2158,00000000;2328,50000000;2111,00000000;2168,50000000;0,48
2020-08-01T00:00:00+00:00;ASDHEDGE/USD;2423,00000000;2466,25000000;2158,00000000;2158,00000000;-12,28
2020-07-31T00:00:00+00:00;ASDHEDGE/USD;2439,75000000;2496,25000000;2384,25000000;2423,00000000;-0,69
2020-07-30T00:00:00+00:00;ASDHEDGE/USD;2451,50000000;2494,25000000;2427,00000000;2439,75000000;-0,48
2020-07-29T00:00:00+00:00;ASDHEDGE/USD;2476,75000000;2525,00000000;2438,50000000;2451,50000000;-1,03
2020-07-28T00:00:00+00:00;ASDHEDGE/USD;2488,00000000;2565,75000000;2465,25000000;2476,75000000;-0,45
2020-07-27T00:00:00+00:00;ASDHEDGE/USD;2571,50000000;2615,00000000;2426,75000000;2488,00000000;-3,36
2020-07-26T00:00:00+00:00;ASDHEDGE/USD;2571,50000000;2602,75000000;2571,50000000;2571,50000000;0,0
2020-07-25T00:00:00+00:00;ASDHEDGE/USD;2571,50000000;2602,25000000;2571,50000000;2571,50000000;0,0
2020-07-24T00:00:00+00:00;ASDHEDGE/USD;2708,00000000;2708,75000000;2571,50000000;2571,50000000;-5,31
2020-07-23T00:00:00+00:00;ASDHEDGE/USD;2571,50000000;2788,75000000;2448,50000000;2708,00000000;5,04
2020-07-22T00:00:00+00:00;ASDHEDGE/USD;2900,00000000;2994,25000000;2241,75000000;2571,50000000;-12,77
2020-07-21T00:00:00+00:00;ASDHEDGE/USD;2820,25000000;3079,50000000;2803,75000000;2900,00000000;2,75
2020-07-20T00:00:00+00:00;ASDHEDGE/USD;3738,50000000;3775,50000000;2499,75000000;2820,25000000;-32,56
2020-07-19T00:00:00+00:00;ASDHEDGE/USD;3721,50000000;3849,00000000;3644,00000000;3738,50000000;0,45
2020-07-18T00:00:00+00:00;ASDHEDGE/USD;3819,50000000;3842,00000000;3718,00000000;3721,50000000;-2,63
2020-07-17T00:00:00+00:00;ASDHEDGE/USD;3821,00000000;3842,00000000;3754,00000000;3819,50000000;-0,04
2020-07-16T00:00:00+00:00;ASDHEDGE/USD;3838,00000000;3931,00000000;3735,50000000;3821,00000000;-0,44
2020-07-15T00:00:00+00:00;ASDHEDGE/USD;3784,50000000;3842,00000000;3775,50000000;3838,00000000;1,39
2020-07-14T00:00:00+00:00;ASDHEDGE/USD;3725,50000000;3842,00000000;3691,50000000;3784,50000000;1,56
2020-07-13T00:00:00+00:00;ASDHEDGE/USD;3699,50000000;3790,50000000;3699,00000000;3725,50000000;0,7
2020-07-12T00:00:00+00:00;ASDHEDGE/USD;3666,00000000;3776,00000000;3644,00000000;3699,50000000;0,91
2020-07-11T00:00:00+00:00;ASDHEDGE/USD;3692,00000000;3756,50000000;3646,00000000;3666,00000000;-0,71
2020-07-10T00:00:00+00:00;ASDHEDGE/USD;3707,50000000;3775,00000000;3684,00000000;3692,00000000;-0,42
2020-07-09T00:00:00+00:00;ASDHEDGE/USD;3658,50000000;3789,50000000;3618,50000000;3707,50000000;1,32
2020-07-08T00:00:00+00:00;ASDHEDGE/USD;3675,50000000;3760,50000000;3593,50000000;3658,50000000;-0,46
2020-07-07T00:00:00+00:00;ASDHEDGE/USD;3704,50000000;3785,00000000;3544,00000000;3675,50000000;-0,79
2020-07-06T00:00:00+00:00;ASDHEDGE/USD;3827,00000000;3842,00000000;3654,50000000;3704,50000000;-3,31
2020-07-05T00:00:00+00:00;ASDHEDGE/USD;3759,50000000;3842,00000000;3738,50000000;3827,00000000;1,76
2020-07-04T00:00:00+00:00;ASDHEDGE/USD;3818,00000000;3842,00000000;3746,50000000;3759,50000000;-1,56
2020-07-03T00:00:00+00:00;ASDHEDGE/USD;3785,50000000;3842,00000000;3767,00000000;3818,00000000;0,85
2020-07-02T00:00:00+00:00;ASDHEDGE/USD;3780,00000000;3842,00000000;3767,00000000;3785,50000000;0,15
2020-07-01T00:00:00+00:00;ASDHEDGE/USD;3834,00000000;3842,00000000;3763,00000000;3780,00000000;-1,43
2020-06-30T00:00:00+00:00;ASDHEDGE/USD;3829,50000000;3845,50000000;3817,00000000;3834,00000000;0,12
2020-06-29T00:00:00+00:00;ASDHEDGE/USD;3842,00000000;3930,00000000;3827,50000000;3829,50000000;-0,33
2020-06-28T00:00:00+00:00;ASDHEDGE/USD;3907,50000000;3966,50000000;3842,00000000;3842,00000000;-1,7
2020-06-27T00:00:00+00:00;ASDHEDGE/USD;3777,00000000;3917,50000000;3749,00000000;3907,50000000;3,34
2020-06-26T00:00:00+00:00;ASDHEDGE/USD;3735,50000000;3830,50000000;3730,00000000;3777,00000000;1,1
2020-06-25T00:00:00+00:00;ASDHEDGE/USD;3730,00000000;3825,00000000;3710,50000000;3735,50000000;0,15
2020-06-24T00:00:00+00:00;ASDHEDGE/USD;3662,50000000;3781,00000000;3646,50000000;3730,00000000;1,81
2020-06-23T00:00:00+00:00;ASDHEDGE/USD;3631,00000000;3730,00000000;3621,00000000;3662,50000000;0,86
2020-06-22T00:00:00+00:00;ASDHEDGE/USD;3794,50000000;3794,50000000;3619,50000000;3631,00000000;-4,5
2020-06-21T00:00:00+00:00;ASDHEDGE/USD;3936,00000000;3983,50000000;3730,00000000;3794,50000000;-3,73
2020-06-20T00:00:00+00:00;ASDHEDGE/USD;3919,00000000;3955,00000000;3837,00000000;3936,00000000;0,43
2020-06-19T00:00:00+00:00;ASDHEDGE/USD;3964,50000000;3986,50000000;3730,00000000;3919,00000000;-1,16
2020-06-18T00:00:00+00:00;ASDHEDGE/USD;3928,50000000;4000,00000000;3899,00000000;3964,50000000;0,91
2020-06-17T00:00:00+00:00;ASDHEDGE/USD;3925,50000000;4004,00000000;3774,50000000;3928,50000000;0,08
2020-06-16T00:00:00+00:00;ASDHEDGE/USD;3965,00000000;3970,50000000;3854,50000000;3925,50000000;-1,01
2020-06-15T00:00:00+00:00;ASDHEDGE/USD;3945,50000000;4104,50000000;3867,50000000;3965,00000000;0,49
2020-06-14T00:00:00+00:00;ASDHEDGE/USD;3862,00000000;3963,00000000;3833,50000000;3945,50000000;2,12
2020-06-13T00:00:00+00:00;ASDHEDGE/USD;3873,00000000;3918,00000000;3785,00000000;3862,00000000;-0,28
2020-06-12T00:00:00+00:00;ASDHEDGE/USD;4094,00000000;4219,00000000;3864,50000000;3873,00000000;-5,71
2020-06-11T00:00:00+00:00;ASDHEDGE/USD;3924,00000000;4150,50000000;3892,50000000;4094,00000000;4,15
2020-06-10T00:00:00+00:00;ASDHEDGE/USD;3824,50000000;3924,00000000;3730,00000000;3924,00000000;2,54
2020-06-09T00:00:00+00:00;ASDHEDGE/USD;3835,00000000;3859,50000000;3772,50000000;3824,50000000;-0,27
2020-06-08T00:00:00+00:00;ASDHEDGE/USD;3746,00000000;3852,50000000;3730,00000000;3835,00000000;2,32
2020-06-07T00:00:00+00:00;ASDHEDGE/USD;3857,50000000;3908,50000000;3730,00000000;3746,00000000;-2,98
2020-06-06T00:00:00+00:00;ASDHEDGE/USD;3822,50000000;3890,50000000;3730,00000000;3857,50000000;0,91
2020-06-05T00:00:00+00:00;ASDHEDGE/USD;3890,50000000;3890,50000000;3607,50000000;3822,50000000;-1,78
2020-06-04T00:00:00+00:00;ASDHEDGE/USD;3944,00000000;3944,00000000;3781,50000000;3890,50000000;-1,38
2020-06-03T00:00:00+00:00;ASDHEDGE/USD;3951,00000000;4128,00000000;3890,50000000;3944,00000000;-0,18
2020-06-02T00:00:00+00:00;ASDHEDGE/USD;3890,50000000;3983,00000000;3834,50000000;3951,00000000;1,53
2020-06-01T00:00:00+00:00;ASDHEDGE/USD;3982,00000000;3986,50000000;3890,50000000;3890,50000000;-2,35
2020-05-31T00:00:00+00:00;ASDHEDGE/USD;3890,50000000;3994,50000000;3863,50000000;3982,00000000;2,3
2020-05-30T00:00:00+00:00;ASDHEDGE/USD;3890,50000000;3918,00000000;3873,50000000;3890,50000000;0,0
2020-05-29T00:00:00+00:00;ASDHEDGE/USD;3895,50000000;3939,50000000;3890,50000000;3890,50000000;-0,13
2020-05-28T00:00:00+00:00;ASDHEDGE/USD;4064,00000000;4146,00000000;3890,50000000;3895,50000000;-4,33
2020-05-27T00:00:00+00:00;ASDHEDGE/USD;4015,00000000;4276,00000000;3911,00000000;4064,00000000;1,21
2020-05-26T00:00:00+00:00;ASDHEDGE/USD;4208,00000000;4257,50000000;3878,50000000;4015,00000000;-4,81
2020-05-25T00:00:00+00:00;ASDHEDGE/USD;4027,00000000;4208,00000000;3958,00000000;4208,00000000;4,3
2020-05-24T00:00:00+00:00;ASDHEDGE/USD;3893,50000000;4052,50000000;3890,50000000;4027,00000000;3,32
2020-05-23T00:00:00+00:00;ASDHEDGE/USD;3888,00000000;3930,50000000;3888,00000000;3893,50000000;0,14
2020-05-22T00:00:00+00:00;ASDHEDGE/USD;3893,00000000;3898,50000000;3885,00000000;3888,00000000;-0,13
2020-05-21T00:00:00+00:00;ASDHEDGE/USD;3845,00000000;3960,50000000;3765,00000000;3893,00000000;1,23
2020-05-20T00:00:00+00:00;ASDHEDGE/USD;3742,00000000;3949,50000000;3692,00000000;3845,00000000;2,68
2020-05-19T00:00:00+00:00;ASDHEDGE/USD;3640,00000000;3795,50000000;3558,00000000;3742,00000000;2,73
2020-05-18T00:00:00+00:00;ASDHEDGE/USD;3765,00000000;3781,50000000;3576,00000000;3640,00000000;-3,43
2020-05-17T00:00:00+00:00;ASDHEDGE/USD;3826,50000000;3863,00000000;3700,50000000;3765,00000000;-1,63
2020-05-16T00:00:00+00:00;ASDHEDGE/USD;3759,00000000;3945,50000000;3657,00000000;3826,50000000;1,76
2020-05-15T00:00:00+00:00;ASDHEDGE/USD;3591,50000000;3866,50000000;3584,50000000;3763,00000000;4,56
2020-05-14T00:00:00+00:00;ASDHEDGE/USD;3621,00000000;3812,00000000;3548,50000000;3591,50000000;-0,82
2020-05-13T00:00:00+00:00;ASDHEDGE/USD;3951,50000000;4019,50000000;3536,00000000;3621,00000000;-9,13
2020-05-12T00:00:00+00:00;ASDHEDGE/USD;4248,50000000;4298,50000000;3802,50000000;3951,50000000;-7,52
2020-05-11T00:00:00+00:00;ASDHEDGE/USD;4224,50000000;4424,00000000;4043,00000000;4248,50000000;0,56
2020-05-10T00:00:00+00:00;ASDHEDGE/USD;4072,50000000;4310,50000000;4064,00000000;4224,50000000;3,6
2020-05-09T00:00:00+00:00;ASDHEDGE/USD;3959,50000000;4101,00000000;3959,50000000;4072,50000000;2,77
2020-05-08T00:00:00+00:00;ASDHEDGE/USD;3988,50000000;4025,50000000;3917,50000000;3959,50000000;-0,73
2020-05-07T00:00:00+00:00;ASDHEDGE/USD;4013,50000000;4013,50000000;3928,00000000;3988,50000000;-0,63
2020-05-06T00:00:00+00:00;ASDHEDGE/USD;3961,00000000;4013,50000000;3894,50000000;4013,50000000;1,31
2020-05-05T00:00:00+00:00;ASDHEDGE/USD;4013,50000000;4024,00000000;3924,00000000;3961,00000000;-1,33
2020-05-04T00:00:00+00:00;ASDHEDGE/USD;4022,50000000;4128,50000000;3925,00000000;4013,50000000;-0,22
2020-05-03T00:00:00+00:00;ASDHEDGE/USD;4038,50000000;4107,00000000;3924,00000000;4022,50000000;-0,4
2020-05-02T00:00:00+00:00;ASDHEDGE/USD;4090,50000000;4128,50000000;4012,00000000;4038,50000000;-1,29
2020-05-01T00:00:00+00:00;ASDHEDGE/USD;3799,00000000;4263,00000000;3791,00000000;4090,50000000;7,13
2020-04-30T00:00:00+00:00;ASDHEDGE/USD;3809,00000000;3923,00000000;3394,50000000;3799,00000000;-0,26
2020-04-29T00:00:00+00:00;ASDHEDGE/USD;3840,50000000;3899,50000000;3694,00000000;3809,00000000;-0,83
2020-04-28T00:00:00+00:00;ASDHEDGE/USD;3776,50000000;4128,50000000;3747,00000000;3840,50000000;1,67
2020-04-27T00:00:00+00:00;ASDHEDGE/USD;3792,50000000;3844,00000000;3757,50000000;3776,50000000;-0,42
2020-04-26T00:00:00+00:00;ASDHEDGE/USD;3844,50000000;3915,50000000;3780,00000000;3792,50000000;-1,37
2020-04-25T00:00:00+00:00;ASDHEDGE/USD;3892,50000000;4064,00000000;3811,00000000;3844,50000000;-1,25
2020-04-24T00:00:00+00:00;ASDHEDGE/USD;3781,50000000;4072,50000000;3770,50000000;3892,50000000;2,85
2020-04-23T00:00:00+00:00;ASDHEDGE/USD;3793,00000000;3933,50000000;3690,50000000;3781,50000000;-0,3
2020-04-22T00:00:00+00:00;ASDHEDGE/USD;3946,00000000;3963,00000000;3763,50000000;3793,00000000;-4,03
2020-04-21T00:00:00+00:00;ASDHEDGE/USD;3980,00000000;4056,50000000;3890,00000000;3946,00000000;-0,86
2020-04-20T00:00:00+00:00;ASDHEDGE/USD;3817,00000000;4028,50000000;3748,50000000;3980,00000000;4,1
2020-04-19T00:00:00+00:00;ASDHEDGE/USD;3682,50000000;4128,50000000;3668,00000000;3817,00000000;3,52
2020-04-18T00:00:00+00:00;ASDHEDGE/USD;4038,00000000;4052,00000000;3610,00000000;3682,50000000;-9,65
2020-04-17T00:00:00+00:00;ASDHEDGE/USD;4024,50000000;4128,50000000;3935,50000000;4038,00000000;0,33
2020-04-16T00:00:00+00:00;ASDHEDGE/USD;4226,50000000;4368,50000000;3887,50000000;4024,50000000;-5,02
2020-04-15T00:00:00+00:00;ASDHEDGE/USD;4165,00000000;4290,50000000;4121,50000000;4226,50000000;1,46
2020-04-14T00:00:00+00:00;ASDHEDGE/USD;4209,00000000;4282,50000000;4128,50000000;4165,00000000;-1,06
2020-04-13T00:00:00+00:00;ASDHEDGE/USD;3905,00000000;4531,50000000;3873,00000000;4209,00000000;7,22
2020-04-12T00:00:00+00:00;ASDHEDGE/USD;3852,50000000;3944,00000000;3819,50000000;3905,00000000;1,34
2020-04-11T00:00:00+00:00;ASDHEDGE/USD;3703,50000000;3922,50000000;3563,50000000;3852,50000000;3,87
2020-04-10T00:00:00+00:00;ASDHEDGE/USD;3480,00000000;3793,50000000;3480,00000000;3703,50000000;6,03
2020-04-09T00:00:00+00:00;ASDHEDGE/USD;3568,00000000;3647,50000000;3480,00000000;3480,00000000;-2,53
2020-04-08T00:00:00+00:00;ASDHEDGE/USD;3608,50000000;3722,00000000;3491,50000000;3568,00000000;-1,14
2020-04-07T00:00:00+00:00;ASDHEDGE/USD;3665,00000000;3714,50000000;3522,00000000;3608,50000000;-1,57
2020-04-06T00:00:00+00:00;ASDHEDGE/USD;3804,00000000;3869,50000000;3612,50000000;3665,00000000;-3,79
2020-04-05T00:00:00+00:00;ASDHEDGE/USD;3819,50000000;3879,00000000;3722,00000000;3804,00000000;-0,41
2020-04-04T00:00:00+00:00;ASDHEDGE/USD;3800,50000000;3958,00000000;3687,50000000;3819,50000000;0,5
2020-04-03T00:00:00+00:00;ASDHEDGE/USD;3800,00000000;3953,50000000;3654,50000000;3800,50000000;0,01
2020-04-02T00:00:00+00:00;ASDHEDGE/USD;3902,00000000;3964,50000000;3678,00000000;3800,00000000;-2,68
2020-04-01T00:00:00+00:00;ASDHEDGE/USD;3971,00000000;4041,50000000;3894,00000000;3902,00000000;-1,77
2020-03-31T00:00:00+00:00;ASDHEDGE/USD;3948,50000000;4107,50000000;3898,50000000;3971,00000000;0,57
2020-03-30T00:00:00+00:00;ASDHEDGE/USD;4490,00000000;4493,50000000;3765,50000000;3948,50000000;-13,71
2020-03-29T00:00:00+00:00;ASDHEDGE/USD;4434,50000000;4524,50000000;4369,00000000;4490,00000000;1,24
2020-03-28T00:00:00+00:00;ASDHEDGE/USD;4329,50000000;4658,50000000;4240,00000000;4434,50000000;2,37
2020-03-27T00:00:00+00:00;ASDHEDGE/USD;4235,50000000;4399,00000000;3846,00000000;4329,50000000;2,17
2020-03-26T00:00:00+00:00;ASDHEDGE/USD;4281,50000000;4598,50000000;4228,50000000;4235,50000000;-1,09
2020-03-25T00:00:00+00:00;ASDHEDGE/USD;4714,50000000;4795,50000000;3831,00000000;4281,50000000;-10,11
2020-03-24T00:00:00+00:00;ASDHEDGE/USD;5070,00000000;5106,00000000;4508,50000000;4714,50000000;-7,54
2020-03-23T00:00:00+00:00;ASDHEDGE/USD;5458,00000000;5612,50000000;4967,50000000;5070,00000000;-7,65
2020-03-22T00:00:00+00:00;ASDHEDGE/USD;5357,00000000;5496,00000000;5165,00000000;5458,00000000;1,85
2020-03-21T00:00:00+00:00;ASDHEDGE/USD;5283,50000000;5635,50000000;5185,00000000;5357,00000000;1,37
2020-03-20T00:00:00+00:00;ASDHEDGE/USD;5553,00000000;5632,00000000;4716,50000000;5283,50000000;-5,1
2020-03-19T00:00:00+00:00;ASDHEDGE/USD;5975,00000000;6075,50000000;5087,50000000;5553,00000000;-7,6
2020-03-18T00:00:00+00:00;ASDHEDGE/USD;5878,50000000;6263,00000000;5784,50000000;5975,00000000;1,62
2020-03-17T00:00:00+00:00;ASDHEDGE/USD;6228,50000000;6239,50000000;5697,50000000;5878,50000000;-5,95
2020-03-16T00:00:00+00:00;ASDHEDGE/USD;5735,50000000;6574,50000000;5615,00000000;6228,50000000;7,92
2020-03-15T00:00:00+00:00;ASDHEDGE/USD;6419,50000000;6444,50000000;5404,00000000;5735,50000000;-11,93
2020-03-14T00:00:00+00:00;ASDHEDGE/USD;6349,00000000;6622,00000000;5941,00000000;6419,50000000;1,1
2020-03-13T00:00:00+00:00;ASDHEDGE/USD;7391,00000000;7939,00000000;4897,50000000;6349,00000000;-16,41
2020-03-12T00:00:00+00:00;ASDHEDGE/USD;5089,00000000;7627,50000000;5078,50000000;7391,00000000;31,15
2020-03-11T00:00:00+00:00;ASDHEDGE/USD;4869,00000000;5315,00000000;4745,50000000;5089,00000000;4,32
2020-03-10T00:00:00+00:00;ASDHEDGE/USD;5166,50000000;5220,00000000;4518,50000000;4869,00000000;-6,11
2020-03-09T00:00:00+00:00;ASDHEDGE/USD;5176,00000000;5656,50000000;4752,00000000;5166,50000000;-0,18
2020-03-08T00:00:00+00:00;ASDHEDGE/USD;4527,00000000;5176,00000000;4511,50000000;5176,00000000;12,54
2020-03-07T00:00:00+00:00;ASDHEDGE/USD;4321,00000000;4615,50000000;4270,00000000;4527,00000000;4,55
2020-03-06T00:00:00+00:00;ASDHEDGE/USD;4335,50000000;4410,00000000;4293,00000000;4321,00000000;-0,34
2020-03-05T00:00:00+00:00;ASDHEDGE/USD;4503,00000000;4512,50000000;4258,00000000;4335,50000000;-3,86
2020-03-04T00:00:00+00:00;ASDHEDGE/USD;4437,50000000;4525,50000000;4339,00000000;4503,00000000;1,45
2020-03-03T00:00:00+00:00;ASDHEDGE/USD;4378,50000000;4482,00000000;4291,00000000;4437,50000000;1,33
2020-03-02T00:00:00+00:00;ASDHEDGE/USD;4506,00000000;4565,00000000;3964,50000000;4378,50000000;-2,91
2020-03-01T00:00:00+00:00;ASDHEDGE/USD;4432,00000000;4641,00000000;4365,50000000;4506,00000000;1,64
2020-02-29T00:00:00+00:00;ASDHEDGE/USD;4785,50000000;4785,50000000;3956,50000000;4432,00000000;-7,98
2020-02-28T00:00:00+00:00;ASDHEDGE/USD;4515,00000000;4892,00000000;4371,00000000;4785,50000000;5,65
2020-02-27T00:00:00+00:00;ASDHEDGE/USD;4470,50000000;4786,00000000;4451,00000000;4515,00000000;0,99
2020-02-26T00:00:00+00:00;ASDHEDGE/USD;3790,50000000;4706,50000000;3760,00000000;4470,50000000;15,21
2020-02-25T00:00:00+00:00;ASDHEDGE/USD;3747,50000000;3804,50000000;3541,00000000;3790,50000000;1,13
2020-02-24T00:00:00+00:00;ASDHEDGE/USD;3693,00000000;3760,00000000;3671,00000000;3747,50000000;1,45
2020-02-23T00:00:00+00:00;ASDHEDGE/USD;3670,50000000;3731,00000000;3531,50000000;3693,00000000;0,61
2020-02-22T00:00:00+00:00;ASDHEDGE/USD;3644,00000000;3692,00000000;3589,00000000;3670,50000000;0,72
2020-02-21T00:00:00+00:00;ASDHEDGE/USD;3673,50000000;3706,50000000;3595,50000000;3644,00000000;-0,81
2020-02-20T00:00:00+00:00;ASDHEDGE/USD;3687,50000000;3742,00000000;3471,00000000;3673,50000000;-0,38
2020-02-19T00:00:00+00:00;ASDHEDGE/USD;3471,00000000;3759,00000000;3446,50000000;3687,50000000;5,87
2020-02-18T00:00:00+00:00;ASDHEDGE/USD;3572,00000000;3659,50000000;3463,50000000;3471,00000000;-2,91
2020-02-17T00:00:00+00:00;ASDHEDGE/USD;3636,50000000;3713,00000000;3421,50000000;3572,00000000;-1,81
2020-02-16T00:00:00+00:00;ASDHEDGE/USD;3493,50000000;3799,50000000;3428,00000000;3636,50000000;3,93
2020-02-15T00:00:00+00:00;ASDHEDGE/USD;3301,50000000;3615,00000000;3279,50000000;3493,50000000;5,5
2020-02-14T00:00:00+00:00;ASDHEDGE/USD;3162,50000000;3477,00000000;3147,75000000;3301,50000000;4,21
2020-02-13T00:00:00+00:00;ASDHEDGE/USD;3008,00000000;3249,25000000;2982,50000000;3162,50000000;4,89
2020-02-12T00:00:00+00:00;ASDHEDGE/USD;2985,75000000;3168,50000000;2911,75000000;3008,00000000;0,74
2020-02-11T00:00:00+00:00;ASDHEDGE/USD;3009,50000000;3112,75000000;2970,25000000;2985,75000000;-0,8
2020-02-10T00:00:00+00:00;ASDHEDGE/USD;3041,25000000;3240,25000000;2987,75000000;3009,50000000;-1,05
2020-02-09T00:00:00+00:00;ASDHEDGE/USD;3051,75000000;3130,50000000;2977,00000000;3041,25000000;-0,35
2020-02-08T00:00:00+00:00;ASDHEDGE/USD;3015,75000000;3178,00000000;2985,00000000;3051,75000000;1,18
2020-02-07T00:00:00+00:00;ASDHEDGE/USD;3207,50000000;3258,50000000;3009,50000000;3015,25000000;-6,38
2020-02-06T00:00:00+00:00;ASDHEDGE/USD;3492,50000000;3535,00000000;3140,00000000;3207,50000000;-8,89
2020-02-05T00:00:00+00:00;ASDHEDGE/USD;3560,00000000;3658,50000000;3357,50000000;3492,50000000;-1,93
2020-02-04T00:00:00+00:00;ASDHEDGE/USD;3426,00000000;3671,00000000;3387,00000000;3560,00000000;3,76
2020-02-03T00:00:00+00:00;ASDHEDGE/USD;3349,00000000;3707,50000000;3244,00000000;3426,00000000;2,25
2020-02-02T00:00:00+00:00;ASDHEDGE/USD;4492,50000000;4537,00000000;2786,00000000;3349,00000000;-34,14
2020-02-01T00:00:00+00:00;ASDHEDGE/USD;4598,50000000;4754,50000000;4471,00000000;4492,50000000;-2,36
2020-01-31T00:00:00+00:00;ASDHEDGE/USD;4541,50000000;4924,50000000;4512,50000000;4598,50000000;1,24
2020-01-30T00:00:00+00:00;ASDHEDGE/USD;4631,00000000;4704,50000000;4526,00000000;4541,50000000;-1,97
2020-01-29T00:00:00+00:00;ASDHEDGE/USD;4651,50000000;4786,00000000;4499,00000000;4631,00000000;-0,44
2020-01-28T00:00:00+00:00;ASDHEDGE/USD;4792,50000000;4822,50000000;4622,00000000;4653,50000000;-2,99
2020-01-27T00:00:00+00:00;ASDHEDGE/USD;4944,00000000;4983,00000000;4751,50000000;4792,50000000;-3,16
2020-01-26T00:00:00+00:00;ASDHEDGE/USD;4978,50000000;5077,00000000;4933,00000000;4944,00000000;-0,7
2020-01-25T00:00:00+00:00;ASDHEDGE/USD;4995,00000000;5066,50000000;4952,00000000;4978,50000000;-0,33
2020-01-24T00:00:00+00:00;ASDHEDGE/USD;4920,00000000;5071,00000000;4885,00000000;4994,50000000;1,49
2020-01-23T00:00:00+00:00;ASDHEDGE/USD;4849,50000000;5028,00000000;4783,00000000;4919,50000000;1,42
2020-01-22T00:00:00+00:00;ASDHEDGE/USD;4875,00000000;5381,00000000;4764,00000000;4849,50000000;-0,53
2020-01-21T00:00:00+00:00;ASDHEDGE/USD;4900,00000000;5255,00000000;4851,00000000;4875,00000000;-0,51
2020-01-20T00:00:00+00:00;ASDHEDGE/USD;4964,50000000;5428,00000000;4827,00000000;4902,50000000;-1,26
2020-01-19T00:00:00+00:00;ASDHEDGE/USD;4880,50000000;5060,00000000;4691,50000000;4964,50000000;1,69
2020-01-18T00:00:00+00:00;ASDHEDGE/USD;4823,00000000;4893,50000000;4769,00000000;4880,50000000;1,18
2020-01-17T00:00:00+00:00;ASDHEDGE/USD;5066,00000000;5170,00000000;4676,00000000;4823,00000000;-5,04
2020-01-16T00:00:00+00:00;ASDHEDGE/USD;4981,50000000;5246,00000000;4970,50000000;5062,50000000;1,6
2020-01-15T00:00:00+00:00;ASDHEDGE/USD;5410,50000000;5773,00000000;4890,50000000;4980,50000000;-8,63
2020-01-14T00:00:00+00:00;ASDHEDGE/USD;5828,00000000;5866,00000000;5201,50000000;5397,50000000;-7,98
2020-01-13T00:00:00+00:00;ASDHEDGE/USD;5809,00000000;6517,50000000;5732,00000000;5829,00000000;0,34
2020-01-12T00:00:00+00:00;ASDHEDGE/USD;5887,50000000;6025,50000000;5702,50000000;5809,00000000;-1,35
2020-01-11T00:00:00+00:00;ASDHEDGE/USD;5838,50000000;5948,50000000;5829,00000000;5887,50000000;0,83
2020-01-10T00:00:00+00:00;ASDHEDGE/USD;6080,50000000;6357,50000000;5803,50000000;5838,50000000;-4,14
2020-01-09T00:00:00+00:00;ASDHEDGE/USD;6015,50000000;6190,50000000;5939,00000000;6080,50000000;1,07
2020-01-08T00:00:00+00:00;ASDHEDGE/USD;5810,00000000;6124,00000000;5674,00000000;6015,50000000;3,42
2020-01-07T00:00:00+00:00;ASDHEDGE/USD;6048,00000000;6365,50000000;5602,00000000;5810,00000000;-4,1

