DATE/TIME;SYMBOL;OPEN;HIGH;LOW;CLOSE;EVOL % CLOSE/HIGH
2022-01-05T00:00:00+00:00;EXCHBULL/USD;6165,00000000;6547,50000000;6122,50000000;6377,50000000;3,33
2022-01-04T00:00:00+00:00;EXCHBULL/USD;6132,50000000;6665,00000000;5847,50000000;6165,00000000;0,53
2022-01-03T00:00:00+00:00;EXCHBULL/USD;6525,00000000;6585,00000000;6075,00000000;6132,50000000;-6,4
2022-01-02T00:00:00+00:00;EXCHBULL/USD;6422,50000000;6582,50000000;6225,00000000;6525,00000000;1,57
2022-01-01T00:00:00+00:00;EXCHBULL/USD;5935,00000000;6442,50000000;5935,00000000;6422,50000000;7,59
2021-12-31T00:00:00+00:00;EXCHBULL/USD;6005,00000000;6497,50000000;5820,00000000;5935,00000000;-1,18
2021-12-30T00:00:00+00:00;EXCHBULL/USD;6040,00000000;6422,50000000;5855,00000000;6002,50000000;-0,62
2021-12-29T00:00:00+00:00;EXCHBULL/USD;6570,00000000;6747,50000000;5942,50000000;6040,00000000;-8,77
2021-12-28T00:00:00+00:00;EXCHBULL/USD;7605,00000000;7637,50000000;6400,00000000;6570,00000000;-15,75
2021-12-27T00:00:00+00:00;EXCHBULL/USD;7365,00000000;7862,50000000;7237,50000000;7605,00000000;3,16
2021-12-26T00:00:00+00:00;EXCHBULL/USD;7312,50000000;7420,00000000;6950,00000000;7365,00000000;0,71
2021-12-25T00:00:00+00:00;EXCHBULL/USD;7117,50000000;7342,50000000;7097,50000000;7312,50000000;2,67
2021-12-24T00:00:00+00:00;EXCHBULL/USD;7555,00000000;7637,50000000;7087,50000000;7117,50000000;-6,15
2021-12-23T00:00:00+00:00;EXCHBULL/USD;7192,50000000;7717,50000000;6762,50000000;7555,00000000;4,8
2021-12-22T00:00:00+00:00;EXCHBULL/USD;7202,50000000;7415,00000000;7085,00000000;7192,50000000;-0,14
2021-12-21T00:00:00+00:00;EXCHBULL/USD;6787,50000000;7432,50000000;6762,50000000;7202,50000000;5,76
2021-12-20T00:00:00+00:00;EXCHBULL/USD;6795,00000000;6960,00000000;6247,50000000;6787,50000000;-0,11
2021-12-19T00:00:00+00:00;EXCHBULL/USD;6750,00000000;7145,00000000;6617,50000000;6795,00000000;0,66
2021-12-18T00:00:00+00:00;EXCHBULL/USD;6372,50000000;6792,50000000;6155,00000000;6750,00000000;5,59
2021-12-17T00:00:00+00:00;EXCHBULL/USD;6427,50000000;6625,00000000;5827,50000000;6372,50000000;-0,86
2021-12-16T00:00:00+00:00;EXCHBULL/USD;6745,00000000;6937,50000000;6397,50000000;6427,50000000;-4,94
2021-12-15T00:00:00+00:00;EXCHBULL/USD;6220,00000000;7092,50000000;5812,50000000;6745,00000000;7,78
2021-12-14T00:00:00+00:00;EXCHBULL/USD;5917,50000000;6347,50000000;5742,50000000;6220,00000000;4,86
2021-12-13T00:00:00+00:00;EXCHBULL/USD;7310,00000000;7355,00000000;5482,50000000;5955,00000000;-22,75
2021-12-12T00:00:00+00:00;EXCHBULL/USD;6967,50000000;7315,00000000;6900,00000000;7310,00000000;4,69
2021-12-11T00:00:00+00:00;EXCHBULL/USD;6127,50000000;6967,50000000;6107,50000000;6967,50000000;12,06
2021-12-10T00:00:00+00:00;EXCHBULL/USD;7065,00000000;7312,50000000;6107,50000000;6127,50000000;-15,3
2021-12-09T00:00:00+00:00;EXCHBULL/USD;8367,50000000;8615,00000000;6847,50000000;7065,00000000;-18,44
2021-12-08T00:00:00+00:00;EXCHBULL/USD;7565,00000000;8417,50000000;7290,00000000;8367,50000000;9,59
2021-12-07T00:00:00+00:00;EXCHBULL/USD;7627,50000000;7910,00000000;7312,50000000;7565,00000000;-0,83
2021-12-06T00:00:00+00:00;EXCHBULL/USD;6827,50000000;7957,50000000;6327,50000000;7627,50000000;10,49
2021-12-05T00:00:00+00:00;EXCHBULL/USD;7192,50000000;8795,00000000;5847,50000000;6827,50000000;-5,35
2021-12-04T00:00:00+00:00;EXCHBULL/USD;9162,50000000;9162,50000000;5080,00000000;7192,50000000;-27,39
2021-12-03T00:00:00+00:00;EXCHBULL/USD;10265,00000000;10672,50000000;8252,50000000;9162,50000000;-12,03
2021-12-02T00:00:00+00:00;EXCHBULL/USD;10320,00000000;10490,00000000;9515,00000000;10265,00000000;-0,54
2021-12-01T00:00:00+00:00;EXCHBULL/USD;10045,00000000;11012,50000000;10030,00000000;10320,00000000;2,66
2021-11-30T00:00:00+00:00;EXCHBULL/USD;10277,50000000;10832,50000000;8887,50000000;10045,00000000;-2,31
2021-11-29T00:00:00+00:00;EXCHBULL/USD;9922,50000000;10937,50000000;9792,50000000;10277,50000000;3,45
2021-11-28T00:00:00+00:00;EXCHBULL/USD;8917,50000000;10377,50000000;7655,00000000;9922,50000000;10,13
2021-11-27T00:00:00+00:00;EXCHBULL/USD;9035,00000000;9482,50000000;8280,00000000;8917,50000000;-1,32
2021-11-26T00:00:00+00:00;EXCHBULL/USD;11990,00000000;12060,00000000;8040,00000000;9035,00000000;-32,71
2021-11-25T00:00:00+00:00;EXCHBULL/USD;9895,00000000;12845,00000000;9140,00000000;11990,00000000;17,47
2021-11-24T00:00:00+00:00;EXCHBULL/USD;10030,00000000;10757,50000000;8402,50000000;9895,00000000;-1,36
2021-11-23T00:00:00+00:00;EXCHBULL/USD;9135,00000000;10405,00000000;9042,50000000;10030,00000000;8,92
2021-11-22T00:00:00+00:00;EXCHBULL/USD;10330,00000000;10380,00000000;8772,50000000;9135,00000000;-13,08
2021-11-21T00:00:00+00:00;EXCHBULL/USD;11017,50000000;11030,00000000;10025,00000000;10330,00000000;-6,66
2021-11-20T00:00:00+00:00;EXCHBULL/USD;10172,50000000;11025,00000000;9550,00000000;11017,50000000;7,67
2021-11-19T00:00:00+00:00;EXCHBULL/USD;8810,00000000;10342,50000000;8360,00000000;10172,50000000;13,39
2021-11-18T00:00:00+00:00;EXCHBULL/USD;10497,50000000;10737,50000000;7600,00000000;8810,00000000;-19,15
2021-11-17T00:00:00+00:00;EXCHBULL/USD;10355,00000000;10577,50000000;9415,00000000;10497,50000000;1,36
2021-11-16T00:00:00+00:00;EXCHBULL/USD;12705,00000000;12705,00000000;9200,00000000;10355,00000000;-22,69
2021-11-15T00:00:00+00:00;EXCHBULL/USD;13245,00000000;13800,00000000;12685,00000000;12705,00000000;-4,25
2021-11-14T00:00:00+00:00;EXCHBULL/USD;13200,00000000;13540,00000000;12505,00000000;13245,00000000;0,34
2021-11-13T00:00:00+00:00;EXCHBULL/USD;13165,00000000;13740,00000000;12355,00000000;13200,00000000;0,27
2021-11-12T00:00:00+00:00;EXCHBULL/USD;13960,00000000;14320,00000000;11895,00000000;13165,00000000;-6,04
2021-11-11T00:00:00+00:00;EXCHBULL/USD;13410,00000000;14380,00000000;13105,00000000;13960,00000000;3,94
2021-11-10T00:00:00+00:00;EXCHBULL/USD;15560,00000000;16775,00000000;12615,00000000;13410,00000000;-16,03
2021-11-09T00:00:00+00:00;EXCHBULL/USD;17235,00000000;17235,00000000;15180,00000000;15560,00000000;-10,76
2021-11-08T00:00:00+00:00;EXCHBULL/USD;15985,00000000;17360,00000000;15685,00000000;17235,00000000;7,25
2021-11-07T00:00:00+00:00;EXCHBULL/USD;14535,00000000;16670,00000000;14225,00000000;15985,00000000;9,07
2021-11-06T00:00:00+00:00;EXCHBULL/USD;12725,00000000;14535,00000000;12155,00000000;14535,00000000;12,45
2021-11-05T00:00:00+00:00;EXCHBULL/USD;11375,00000000;13140,00000000;11025,00000000;12725,00000000;10,61
2021-11-04T00:00:00+00:00;EXCHBULL/USD;12715,00000000;12910,00000000;10745,00000000;11375,00000000;-11,78
2021-11-03T00:00:00+00:00;EXCHBULL/USD;11875,00000000;12825,00000000;11065,00000000;12715,00000000;6,61
2021-11-02T00:00:00+00:00;EXCHBULL/USD;11280,00000000;12000,00000000;10815,00000000;11875,00000000;5,01
2021-11-01T00:00:00+00:00;EXCHBULL/USD;10432,50000000;11310,00000000;9685,00000000;11280,00000000;7,51
2021-10-31T00:00:00+00:00;EXCHBULL/USD;10462,50000000;10787,50000000;9605,00000000;10432,50000000;-0,29
2021-10-30T00:00:00+00:00;EXCHBULL/USD;11062,50000000;11265,00000000;9780,00000000;10462,50000000;-5,73
2021-10-29T00:00:00+00:00;EXCHBULL/USD;9962,50000000;11110,00000000;9807,50000000;11062,50000000;9,94
2021-10-28T00:00:00+00:00;EXCHBULL/USD;8457,50000000;10102,50000000;8270,00000000;9962,50000000;15,11
2021-10-27T00:00:00+00:00;EXCHBULL/USD;10790,00000000;11240,00000000;8415,00000000;8457,50000000;-27,58
2021-10-26T00:00:00+00:00;EXCHBULL/USD;12035,00000000;12705,00000000;10780,00000000;10790,00000000;-11,54
2021-10-25T00:00:00+00:00;EXCHBULL/USD;11010,00000000;12270,00000000;10945,00000000;12035,00000000;8,52
2021-10-24T00:00:00+00:00;EXCHBULL/USD;11525,00000000;11880,00000000;10117,50000000;11010,00000000;-4,68
2021-10-23T00:00:00+00:00;EXCHBULL/USD;11890,00000000;12055,00000000;11290,00000000;11525,00000000;-3,17
2021-10-22T00:00:00+00:00;EXCHBULL/USD;10520,00000000;12700,00000000;10430,00000000;11890,00000000;11,52
2021-10-21T00:00:00+00:00;EXCHBULL/USD;11485,00000000;12055,00000000;10290,00000000;10520,00000000;-9,17
2021-10-20T00:00:00+00:00;EXCHBULL/USD;9140,00000000;11615,00000000;9107,50000000;11485,00000000;20,42
2021-10-19T00:00:00+00:00;EXCHBULL/USD;8252,50000000;9142,50000000;8105,00000000;9140,00000000;9,71
2021-10-18T00:00:00+00:00;EXCHBULL/USD;8012,50000000;8325,00000000;7685,00000000;8252,50000000;2,91
2021-10-17T00:00:00+00:00;EXCHBULL/USD;7957,50000000;8257,50000000;7472,50000000;8012,50000000;0,69
2021-10-16T00:00:00+00:00;EXCHBULL/USD;8287,50000000;8720,00000000;7915,00000000;7957,50000000;-4,15
2021-10-15T00:00:00+00:00;EXCHBULL/USD;7842,50000000;8557,50000000;7490,00000000;8287,50000000;5,37
2021-10-14T00:00:00+00:00;EXCHBULL/USD;7665,00000000;8265,00000000;7497,50000000;7842,50000000;2,26
2021-10-13T00:00:00+00:00;EXCHBULL/USD;6990,00000000;7767,50000000;6552,50000000;7665,00000000;8,81
2021-10-12T00:00:00+00:00;EXCHBULL/USD;6620,00000000;6990,00000000;5732,50000000;6990,00000000;5,29
2021-10-11T00:00:00+00:00;EXCHBULL/USD;6412,50000000;6965,00000000;6255,00000000;6620,00000000;3,13
2021-10-10T00:00:00+00:00;EXCHBULL/USD;7282,50000000;7347,50000000;6340,00000000;6412,50000000;-13,57
2021-10-09T00:00:00+00:00;EXCHBULL/USD;7212,50000000;7502,50000000;7070,00000000;7282,50000000;0,96
2021-10-08T00:00:00+00:00;EXCHBULL/USD;7700,00000000;8055,00000000;7072,50000000;7212,50000000;-6,76
2021-10-07T00:00:00+00:00;EXCHBULL/USD;7817,50000000;8247,50000000;7162,50000000;7700,00000000;-1,53
2021-10-06T00:00:00+00:00;EXCHBULL/USD;8497,50000000;8927,50000000;6745,00000000;7817,50000000;-8,7
2021-10-05T00:00:00+00:00;EXCHBULL/USD;7575,00000000;8510,00000000;7460,00000000;8510,00000000;10,99
2021-10-04T00:00:00+00:00;EXCHBULL/USD;7965,00000000;8000,00000000;6802,50000000;7575,00000000;-5,15
2021-10-03T00:00:00+00:00;EXCHBULL/USD;7800,00000000;8295,00000000;7502,50000000;7965,00000000;2,07
2021-10-02T00:00:00+00:00;EXCHBULL/USD;7395,00000000;8300,00000000;6945,00000000;7800,00000000;5,19
2021-10-01T00:00:00+00:00;EXCHBULL/USD;5982,50000000;7475,00000000;5905,00000000;7395,00000000;19,1
2021-09-30T00:00:00+00:00;EXCHBULL/USD;5482,50000000;6147,50000000;5422,50000000;5982,50000000;8,36
2021-09-29T00:00:00+00:00;EXCHBULL/USD;4639,00000000;5815,00000000;4585,00000000;5482,50000000;15,39
2021-09-28T00:00:00+00:00;EXCHBULL/USD;4992,00000000;5414,00000000;4586,00000000;4639,00000000;-7,61
2021-09-27T00:00:00+00:00;EXCHBULL/USD;5410,00000000;6130,00000000;4986,00000000;4992,00000000;-8,37
2021-09-26T00:00:00+00:00;EXCHBULL/USD;5725,00000000;6205,00000000;3825,00000000;5410,00000000;-5,82
2021-09-25T00:00:00+00:00;EXCHBULL/USD;5652,50000000;5800,00000000;4970,00000000;5725,00000000;1,27
2021-09-24T00:00:00+00:00;EXCHBULL/USD;8152,50000000;8152,50000000;4880,00000000;5652,50000000;-44,23
2021-09-23T00:00:00+00:00;EXCHBULL/USD;7810,00000000;8610,00000000;7285,00000000;8152,50000000;4,2
2021-09-22T00:00:00+00:00;EXCHBULL/USD;6270,00000000;8090,00000000;6140,00000000;7810,00000000;19,72
2021-09-21T00:00:00+00:00;EXCHBULL/USD;6825,00000000;8065,00000000;5597,50000000;6270,00000000;-8,85
2021-09-20T00:00:00+00:00;EXCHBULL/USD;10500,00000000;10505,00000000;6322,50000000;6825,00000000;-53,85
2021-09-19T00:00:00+00:00;EXCHBULL/USD;11330,00000000;11405,00000000;10210,00000000;10500,00000000;-7,9
2021-09-18T00:00:00+00:00;EXCHBULL/USD;10825,00000000;12185,00000000;10625,00000000;11330,00000000;4,46
2021-09-17T00:00:00+00:00;EXCHBULL/USD;12675,00000000;12940,00000000;9825,00000000;10825,00000000;-17,09
2021-09-16T00:00:00+00:00;EXCHBULL/USD;14165,00000000;14285,00000000;12140,00000000;12675,00000000;-11,76
2021-09-15T00:00:00+00:00;EXCHBULL/USD;12520,00000000;14640,00000000;12375,00000000;14165,00000000;11,61
2021-09-14T00:00:00+00:00;EXCHBULL/USD;11970,00000000;12580,00000000;11650,00000000;12490,00000000;4,16
2021-09-13T00:00:00+00:00;EXCHBULL/USD;14350,00000000;14565,00000000;10795,00000000;11970,00000000;-19,88
2021-09-12T00:00:00+00:00;EXCHBULL/USD;13465,00000000;15335,00000000;12780,00000000;14350,00000000;6,17
2021-09-11T00:00:00+00:00;EXCHBULL/USD;13365,00000000;14495,00000000;13095,00000000;13465,00000000;0,74
2021-09-10T00:00:00+00:00;EXCHBULL/USD;16605,00000000;18040,00000000;12290,00000000;13365,00000000;-24,24
2021-09-09T00:00:00+00:00;EXCHBULL/USD;15500,00000000;18230,00000000;14265,00000000;16605,00000000;6,65
2021-09-08T00:00:00+00:00;EXCHBULL/USD;13930,00000000;16330,00000000;10500,00000000;15500,00000000;10,13
2021-09-07T00:00:00+00:00;EXCHBULL/USD;20130,00000000;23485,00000000;10600,00000000;13930,00000000;-44,51
2021-09-06T00:00:00+00:00;EXCHBULL/USD;17420,00000000;21515,00000000;16935,00000000;20130,00000000;13,46
2021-09-05T00:00:00+00:00;EXCHBULL/USD;16115,00000000;17690,00000000;15275,00000000;17420,00000000;7,49
2021-09-04T00:00:00+00:00;EXCHBULL/USD;16290,00000000;17455,00000000;15800,00000000;16115,00000000;-1,09
2021-09-03T00:00:00+00:00;EXCHBULL/USD;15320,00000000;17535,00000000;14200,00000000;16290,00000000;5,95
2021-09-02T00:00:00+00:00;EXCHBULL/USD;17350,00000000;18865,00000000;15245,00000000;15320,00000000;-13,25
2021-09-01T00:00:00+00:00;EXCHBULL/USD;11920,00000000;17350,00000000;11095,00000000;17350,00000000;31,3
2021-08-31T00:00:00+00:00;EXCHBULL/USD;11240,00000000;13000,00000000;10550,00000000;11920,00000000;5,7
2021-08-30T00:00:00+00:00;EXCHBULL/USD;12095,00000000;12515,00000000;10960,00000000;11240,00000000;-7,61
2021-08-29T00:00:00+00:00;EXCHBULL/USD;13435,00000000;13915,00000000;12000,00000000;12095,00000000;-11,08
2021-08-28T00:00:00+00:00;EXCHBULL/USD;13335,00000000;14025,00000000;12670,00000000;13435,00000000;0,74
2021-08-27T00:00:00+00:00;EXCHBULL/USD;11725,00000000;13400,00000000;11170,00000000;13335,00000000;12,07
2021-08-26T00:00:00+00:00;EXCHBULL/USD;14065,00000000;15000,00000000;11390,00000000;11725,00000000;-19,96
2021-08-25T00:00:00+00:00;EXCHBULL/USD;12455,00000000;14385,00000000;12075,00000000;14065,00000000;11,45
2021-08-24T00:00:00+00:00;EXCHBULL/USD;15000,00000000;15100,00000000;11740,00000000;12455,00000000;-20,43
2021-08-23T00:00:00+00:00;EXCHBULL/USD;13000,00000000;15550,00000000;12990,00000000;15000,00000000;13,33
2021-08-22T00:00:00+00:00;EXCHBULL/USD;13500,00000000;13835,00000000;12075,00000000;13000,00000000;-3,85
2021-08-21T00:00:00+00:00;EXCHBULL/USD;13690,00000000;14160,00000000;12885,00000000;13500,00000000;-1,41
2021-08-20T00:00:00+00:00;EXCHBULL/USD;12525,00000000;14545,00000000;12395,00000000;13690,00000000;8,51
2021-08-19T00:00:00+00:00;EXCHBULL/USD;10595,00000000;12540,00000000;9825,00000000;12525,00000000;15,41
2021-08-18T00:00:00+00:00;EXCHBULL/USD;10387,50000000;11355,00000000;9457,50000000;10595,00000000;1,96
2021-08-17T00:00:00+00:00;EXCHBULL/USD;12045,00000000;12905,00000000;10120,00000000;10387,50000000;-15,96
2021-08-16T00:00:00+00:00;EXCHBULL/USD;12770,00000000;14400,00000000;11365,00000000;12045,00000000;-6,02
2021-08-15T00:00:00+00:00;EXCHBULL/USD;12425,00000000;12950,00000000;11105,00000000;12770,00000000;2,7
2021-08-14T00:00:00+00:00;EXCHBULL/USD;13075,00000000;13115,00000000;11180,00000000;12425,00000000;-5,23
2021-08-13T00:00:00+00:00;EXCHBULL/USD;11445,00000000;14805,00000000;9855,00000000;13075,00000000;12,47
2021-08-12T00:00:00+00:00;EXCHBULL/USD;12425,00000000;13305,00000000;10335,00000000;11445,00000000;-8,56
2021-08-11T00:00:00+00:00;EXCHBULL/USD;11300,00000000;13645,00000000;11275,00000000;12425,00000000;9,05
2021-08-10T00:00:00+00:00;EXCHBULL/USD;10745,00000000;11935,00000000;10310,00000000;11300,00000000;4,91
2021-08-09T00:00:00+00:00;EXCHBULL/USD;8872,50000000;10892,50000000;8087,50000000;10745,00000000;17,43
2021-08-08T00:00:00+00:00;EXCHBULL/USD;10267,50000000;10445,00000000;8500,00000000;8877,50000000;-15,66
2021-08-07T00:00:00+00:00;EXCHBULL/USD;8475,00000000;10330,00000000;8350,00000000;10267,50000000;17,46
2021-08-06T00:00:00+00:00;EXCHBULL/USD;7895,00000000;8612,50000000;7517,50000000;8475,00000000;6,84
2021-08-05T00:00:00+00:00;EXCHBULL/USD;7115,00000000;7917,50000000;6380,00000000;7895,00000000;9,88
2021-08-04T00:00:00+00:00;EXCHBULL/USD;6315,00000000;7185,00000000;5842,50000000;7115,00000000;11,24
2021-08-03T00:00:00+00:00;EXCHBULL/USD;7047,50000000;7430,00000000;6032,50000000;6315,00000000;-11,6
2021-08-02T00:00:00+00:00;EXCHBULL/USD;6802,50000000;7172,50000000;6410,00000000;7047,50000000;3,48
2021-08-01T00:00:00+00:00;EXCHBULL/USD;6925,00000000;7502,50000000;6627,50000000;6802,50000000;-1,8
2021-07-31T00:00:00+00:00;EXCHBULL/USD;6452,50000000;7062,50000000;6127,50000000;6907,50000000;6,59
2021-07-30T00:00:00+00:00;EXCHBULL/USD;5760,00000000;6452,50000000;5430,00000000;6445,00000000;10,63
2021-07-29T00:00:00+00:00;EXCHBULL/USD;5770,00000000;5890,00000000;5427,50000000;5760,00000000;-0,17
2021-07-28T00:00:00+00:00;EXCHBULL/USD;5590,00000000;5842,50000000;5302,50000000;5770,00000000;3,12
2021-07-27T00:00:00+00:00;EXCHBULL/USD;4735,00000000;5611,00000000;4460,00000000;5590,00000000;15,3
2021-07-26T00:00:00+00:00;EXCHBULL/USD;4636,00000000;5659,00000000;4636,00000000;4735,00000000;2,09
2021-07-25T00:00:00+00:00;EXCHBULL/USD;4537,00000000;4665,00000000;4193,00000000;4636,00000000;2,14
2021-07-24T00:00:00+00:00;EXCHBULL/USD;4253,00000000;4714,00000000;4213,00000000;4537,00000000;6,26
2021-07-23T00:00:00+00:00;EXCHBULL/USD;3989,00000000;4255,00000000;3623,00000000;4253,00000000;6,21
2021-07-22T00:00:00+00:00;EXCHBULL/USD;3616,00000000;3999,00000000;3516,00000000;3989,00000000;9,35
2021-07-21T00:00:00+00:00;EXCHBULL/USD;3017,00000000;3926,00000000;2904,00000000;3616,00000000;16,57
2021-07-20T00:00:00+00:00;EXCHBULL/USD;3139,00000000;3172,00000000;2554,00000000;3017,00000000;-4,04
2021-07-19T00:00:00+00:00;EXCHBULL/USD;3704,00000000;3706,00000000;3004,00000000;3139,00000000;-18,0
2021-07-18T00:00:00+00:00;EXCHBULL/USD;3677,00000000;3934,00000000;3627,00000000;3704,00000000;0,73
2021-07-17T00:00:00+00:00;EXCHBULL/USD;3677,00000000;3878,00000000;3509,00000000;3677,00000000;0,0
2021-07-16T00:00:00+00:00;EXCHBULL/USD;3892,00000000;4045,00000000;3389,00000000;3677,00000000;-5,85
2021-07-15T00:00:00+00:00;EXCHBULL/USD;4281,00000000;4410,00000000;3780,00000000;3892,00000000;-9,99
2021-07-14T00:00:00+00:00;EXCHBULL/USD;4336,00000000;4456,00000000;3751,00000000;4281,00000000;-1,28
2021-07-13T00:00:00+00:00;EXCHBULL/USD;4595,00000000;4655,00000000;4232,00000000;4336,00000000;-5,97
2021-07-12T00:00:00+00:00;EXCHBULL/USD;4709,00000000;5250,00000000;4314,00000000;4595,00000000;-2,48
2021-07-11T00:00:00+00:00;EXCHBULL/USD;4454,00000000;4840,00000000;4301,00000000;4709,00000000;5,42
2021-07-10T00:00:00+00:00;EXCHBULL/USD;4541,00000000;4700,00000000;4255,00000000;4454,00000000;-1,95
2021-07-09T00:00:00+00:00;EXCHBULL/USD;4295,00000000;4608,00000000;3943,00000000;4541,00000000;5,42
2021-07-08T00:00:00+00:00;EXCHBULL/USD;4876,00000000;4876,00000000;4102,00000000;4295,00000000;-13,53
2021-07-07T00:00:00+00:00;EXCHBULL/USD;4545,00000000;5114,00000000;4468,00000000;4876,00000000;6,79
2021-07-06T00:00:00+00:00;EXCHBULL/USD;3748,00000000;4545,00000000;3742,00000000;4545,00000000;17,54
2021-07-05T00:00:00+00:00;EXCHBULL/USD;4139,00000000;4170,00000000;3515,00000000;3748,00000000;-10,43
2021-07-04T00:00:00+00:00;EXCHBULL/USD;3967,00000000;4330,00000000;3735,00000000;4139,00000000;4,16
2021-07-03T00:00:00+00:00;EXCHBULL/USD;3656,00000000;4085,00000000;3576,00000000;3967,00000000;7,84
2021-07-02T00:00:00+00:00;EXCHBULL/USD;3577,00000000;3665,00000000;3266,00000000;3656,00000000;2,16
2021-07-01T00:00:00+00:00;EXCHBULL/USD;4169,00000000;4180,00000000;3401,00000000;3577,00000000;-16,55
2021-06-30T00:00:00+00:00;EXCHBULL/USD;3914,00000000;4169,00000000;3454,00000000;4169,00000000;6,12
2021-06-29T00:00:00+00:00;EXCHBULL/USD;3608,00000000;4365,00000000;3574,00000000;3914,00000000;7,82
2021-06-28T00:00:00+00:00;EXCHBULL/USD;3283,00000000;3757,00000000;3227,00000000;3608,00000000;9,01
2021-06-27T00:00:00+00:00;EXCHBULL/USD;2855,00000000;3283,00000000;2741,00000000;3283,00000000;13,04
2021-06-26T00:00:00+00:00;EXCHBULL/USD;3049,00000000;3247,00000000;2604,00000000;2855,00000000;-6,8
2021-06-25T00:00:00+00:00;EXCHBULL/USD;4244,00000000;4457,00000000;2999,00000000;3049,00000000;-39,19
2021-06-24T00:00:00+00:00;EXCHBULL/USD;3776,00000000;4434,00000000;3423,00000000;4244,00000000;11,03
2021-06-23T00:00:00+00:00;EXCHBULL/USD;3025,50000000;4362,00000000;2858,00000000;3776,00000000;19,88
2021-06-22T00:00:00+00:00;EXCHBULL/USD;3664,00000000;4025,00000000;2298,00000000;3025,50000000;-21,1
2021-06-21T00:00:00+00:00;EXCHBULL/USD;6997,50000000;7037,50000000;3600,00000000;3664,00000000;-90,98
2021-06-20T00:00:00+00:00;EXCHBULL/USD;6807,50000000;7067,50000000;5582,50000000;6997,50000000;2,72
2021-06-19T00:00:00+00:00;EXCHBULL/USD;6987,50000000;7292,50000000;6637,50000000;6807,50000000;-2,64
2021-06-18T00:00:00+00:00;EXCHBULL/USD;8057,50000000;8265,00000000;6482,50000000;6987,50000000;-15,31
2021-06-17T00:00:00+00:00;EXCHBULL/USD;8000,00000000;8820,00000000;7730,00000000;8057,50000000;0,71
2021-06-16T00:00:00+00:00;EXCHBULL/USD;9490,00000000;9612,50000000;7837,50000000;8000,00000000;-18,62
2021-06-15T00:00:00+00:00;EXCHBULL/USD;9815,00000000;10130,00000000;9152,50000000;9490,00000000;-3,42
2021-06-14T00:00:00+00:00;EXCHBULL/USD;9325,00000000;10192,50000000;8937,50000000;9815,00000000;4,99
2021-06-13T00:00:00+00:00;EXCHBULL/USD;7567,50000000;9340,00000000;7340,00000000;9325,00000000;18,85
2021-06-12T00:00:00+00:00;EXCHBULL/USD;8102,50000000;8102,50000000;6785,00000000;7567,50000000;-7,07
2021-06-11T00:00:00+00:00;EXCHBULL/USD;8885,00000000;9202,50000000;7930,00000000;8102,50000000;-9,66
2021-06-10T00:00:00+00:00;EXCHBULL/USD;10050,00000000;10222,50000000;8432,50000000;8885,00000000;-13,11
2021-06-09T00:00:00+00:00;EXCHBULL/USD;8672,50000000;10050,00000000;7540,00000000;10050,00000000;13,71
2021-06-08T00:00:00+00:00;EXCHBULL/USD;9007,50000000;9455,00000000;6580,00000000;8672,50000000;-3,86
2021-06-07T00:00:00+00:00;EXCHBULL/USD;11595,00000000;12635,00000000;8977,50000000;9007,50000000;-28,73
2021-06-06T00:00:00+00:00;EXCHBULL/USD;11505,00000000;12170,00000000;11090,00000000;11595,00000000;0,78
2021-06-05T00:00:00+00:00;EXCHBULL/USD;12140,00000000;14405,00000000;10685,00000000;11505,00000000;-5,52
2021-06-04T00:00:00+00:00;EXCHBULL/USD;16165,00000000;16165,00000000;10720,00000000;12140,00000000;-33,15
2021-06-03T00:00:00+00:00;EXCHBULL/USD;14205,00000000;16490,00000000;13290,00000000;16165,00000000;12,12
2021-06-02T00:00:00+00:00;EXCHBULL/USD;10940,00000000;15185,00000000;10165,00000000;14205,00000000;22,98
2021-06-01T00:00:00+00:00;EXCHBULL/USD;10485,00000000;10940,00000000;9305,00000000;10940,00000000;4,16
2021-05-31T00:00:00+00:00;EXCHBULL/USD;8655,00000000;10485,00000000;7500,00000000;10485,00000000;17,45
2021-05-30T00:00:00+00:00;EXCHBULL/USD;7380,00000000;9307,50000000;6722,50000000;8655,00000000;14,73
2021-05-29T00:00:00+00:00;EXCHBULL/USD;8737,50000000;10100,00000000;6900,00000000;7380,00000000;-18,39
2021-05-28T00:00:00+00:00;EXCHBULL/USD;12570,00000000;12770,00000000;7992,50000000;8737,50000000;-43,86
2021-05-27T00:00:00+00:00;EXCHBULL/USD;13555,00000000;14030,00000000;10530,00000000;12570,00000000;-7,84
2021-05-26T00:00:00+00:00;EXCHBULL/USD;11610,00000000;14315,00000000;11020,00000000;13555,00000000;14,35
2021-05-25T00:00:00+00:00;EXCHBULL/USD;11305,00000000;12340,00000000;8195,00000000;11610,00000000;2,63
2021-05-24T00:00:00+00:00;EXCHBULL/USD;6461,00000000;11782,50000000;6187,50000000;11305,00000000;42,85
2021-05-23T00:00:00+00:00;EXCHBULL/USD;11835,00000000;12000,00000000;3985,00000000;6461,00000000;-83,18
2021-05-22T00:00:00+00:00;EXCHBULL/USD;15090,00000000;16810,00000000;10245,00000000;11835,00000000;-27,5
2021-05-21T00:00:00+00:00;EXCHBULL/USD;34260,00000000;38140,00000000;10640,00000000;15090,00000000;-127,04
2021-05-20T00:00:00+00:00;EXCHBULL/USD;27000,00000000;36975,00000000;17535,00000000;34260,00000000;21,19
2021-05-19T00:00:00+00:00;EXCHBULL/USD;116100,00000000;119750,00000000;20650,00000000;27000,00000000;-330,0
2021-05-18T00:00:00+00:00;EXCHBULL/USD;124600,00000000;137950,00000000;112000,00000000;116100,00000000;-7,32
2021-05-17T00:00:00+00:00;EXCHBULL/USD;164650,00000000;164650,00000000;106900,00000000;124600,00000000;-32,14
2021-05-16T00:00:00+00:00;EXCHBULL/USD;172850,00000000;203400,00000000;141400,00000000;164650,00000000;-4,98
2021-05-15T00:00:00+00:00;EXCHBULL/USD;213300,00000000;217800,00000000;170000,00000000;172850,00000000;-23,4
2021-05-14T00:00:00+00:00;EXCHBULL/USD;189800,00000000;234600,00000000;184750,00000000;213300,00000000;11,02
2021-05-13T00:00:00+00:00;EXCHBULL/USD;200500,00000000;240600,00000000;160700,00000000;189800,00000000;-5,64
2021-05-12T00:00:00+00:00;EXCHBULL/USD;272550,00000000;305600,00000000;200500,00000000;200500,00000000;-35,94
2021-05-11T00:00:00+00:00;EXCHBULL/USD;226500,00000000;272750,00000000;214950,00000000;272550,00000000;16,9
2021-05-10T00:00:00+00:00;EXCHBULL/USD;237500,00000000;274100,00000000;210000,00000000;226500,00000000;-4,86
2021-05-09T00:00:00+00:00;EXCHBULL/USD;229700,00000000;250900,00000000;213600,00000000;237500,00000000;3,28
2021-05-08T00:00:00+00:00;EXCHBULL/USD;210850,00000000;237700,00000000;210550,00000000;229700,00000000;8,21
2021-05-07T00:00:00+00:00;EXCHBULL/USD;210250,00000000;230650,00000000;196850,00000000;210850,00000000;0,28
2021-05-06T00:00:00+00:00;EXCHBULL/USD;238650,00000000;238650,00000000;193900,00000000;210250,00000000;-13,51
2021-05-05T00:00:00+00:00;EXCHBULL/USD;203550,00000000;238750,00000000;197700,00000000;238650,00000000;14,71
2021-05-04T00:00:00+00:00;EXCHBULL/USD;267200,00000000;271900,00000000;189400,00000000;203550,00000000;-31,27
2021-05-03T00:00:00+00:00;EXCHBULL/USD;242600,00000000;268300,00000000;242600,00000000;267200,00000000;9,21
2021-05-02T00:00:00+00:00;EXCHBULL/USD;224150,00000000;249050,00000000;194250,00000000;242600,00000000;7,61
2021-05-01T00:00:00+00:00;EXCHBULL/USD;180950,00000000;230500,00000000;178150,00000000;224150,00000000;19,27
2021-04-30T00:00:00+00:00;EXCHBULL/USD;158150,00000000;181750,00000000;156250,00000000;180950,00000000;12,6
2021-04-29T00:00:00+00:00;EXCHBULL/USD;135050,00000000;161650,00000000;130050,00000000;158150,00000000;14,61
2021-04-28T00:00:00+00:00;EXCHBULL/USD;141350,00000000;148550,00000000;123050,00000000;135050,00000000;-4,66
2021-04-27T00:00:00+00:00;EXCHBULL/USD;123100,00000000;145900,00000000;118400,00000000;141350,00000000;12,91
2021-04-26T00:00:00+00:00;EXCHBULL/USD;106100,00000000;129300,00000000;105000,00000000;123100,00000000;13,81
2021-04-25T00:00:00+00:00;EXCHBULL/USD;100000,00000000;112050,00000000;90375,00000000;106100,00000000;5,75
2021-04-24T00:00:00+00:00;EXCHBULL/USD;114800,00000000;114800,00000000;94850,00000000;100000,00000000;-14,8
2021-04-23T00:00:00+00:00;EXCHBULL/USD;115300,00000000;116850,00000000;78650,00000000;114800,00000000;-0,44
2021-04-22T00:00:00+00:00;EXCHBULL/USD;136700,00000000;160250,00000000;103050,00000000;115300,00000000;-18,56
2021-04-21T00:00:00+00:00;EXCHBULL/USD;158300,00000000;173450,00000000;136700,00000000;136700,00000000;-15,8
2021-04-20T00:00:00+00:00;EXCHBULL/USD;117550,00000000;161650,00000000;102150,00000000;158300,00000000;25,74
2021-04-19T00:00:00+00:00;EXCHBULL/USD;118400,00000000;143300,00000000;106550,00000000;117550,00000000;-0,72
2021-04-18T00:00:00+00:00;EXCHBULL/USD;155100,00000000;155100,00000000;87300,00000000;118400,00000000;-31,0
2021-04-17T00:00:00+00:00;EXCHBULL/USD;163500,00000000;184250,00000000;148950,00000000;155100,00000000;-5,42
2021-04-16T00:00:00+00:00;EXCHBULL/USD;200250,00000000;201000,00000000;148950,00000000;163500,00000000;-22,48
2021-04-15T00:00:00+00:00;EXCHBULL/USD;194000,00000000;207100,00000000;185450,00000000;200250,00000000;3,12
2021-04-14T00:00:00+00:00;EXCHBULL/USD;202000,00000000;231250,00000000;175400,00000000;194000,00000000;-4,12
2021-04-13T00:00:00+00:00;EXCHBULL/USD;222800,00000000;225900,00000000;178350,00000000;202000,00000000;-10,3
2021-04-12T00:00:00+00:00;EXCHBULL/USD;179400,00000000;253800,00000000;177600,00000000;222800,00000000;19,48
2021-04-11T00:00:00+00:00;EXCHBULL/USD;148150,00000000;180200,00000000;144550,00000000;179400,00000000;17,42
2021-04-10T00:00:00+00:00;EXCHBULL/USD;139850,00000000;162000,00000000;139850,00000000;148150,00000000;5,6
2021-04-09T00:00:00+00:00;EXCHBULL/USD;124300,00000000;140900,00000000;116550,00000000;139850,00000000;11,12
2021-04-08T00:00:00+00:00;EXCHBULL/USD;99375,00000000;126400,00000000;98075,00000000;124300,00000000;20,05
2021-04-07T00:00:00+00:00;EXCHBULL/USD;118300,00000000;128050,00000000;88100,00000000;99375,00000000;-19,04
2021-04-06T00:00:00+00:00;EXCHBULL/USD;97975,00000000;122450,00000000;97275,00000000;118300,00000000;17,18
2021-04-05T00:00:00+00:00;EXCHBULL/USD;86350,00000000;103250,00000000;78600,00000000;97975,00000000;11,87
2021-04-04T00:00:00+00:00;EXCHBULL/USD;76000,00000000;87075,00000000;74525,00000000;86350,00000000;11,99
2021-04-03T00:00:00+00:00;EXCHBULL/USD;90700,00000000;96050,00000000;75850,00000000;76000,00000000;-19,34
2021-04-02T00:00:00+00:00;EXCHBULL/USD;87125,00000000;96800,00000000;87125,00000000;90700,00000000;3,94
2021-04-01T00:00:00+00:00;EXCHBULL/USD;75750,00000000;87350,00000000;75700,00000000;87125,00000000;13,06
2021-03-31T00:00:00+00:00;EXCHBULL/USD;80275,00000000;82800,00000000;67650,00000000;75750,00000000;-5,97
2021-03-30T00:00:00+00:00;EXCHBULL/USD;65250,00000000;80425,00000000;63525,00000000;80275,00000000;18,72
2021-03-29T00:00:00+00:00;EXCHBULL/USD;56675,00000000;65450,00000000;56000,00000000;65250,00000000;13,14
2021-03-28T00:00:00+00:00;EXCHBULL/USD;56400,00000000;60650,00000000;54450,00000000;56675,00000000;0,49
2021-03-27T00:00:00+00:00;EXCHBULL/USD;51370,00000000;57275,00000000;49325,00000000;56400,00000000;8,92
2021-03-26T00:00:00+00:00;EXCHBULL/USD;42490,00000000;51550,00000000;42490,00000000;51370,00000000;17,29
2021-03-25T00:00:00+00:00;EXCHBULL/USD;49125,00000000;49125,00000000;39630,00000000;42490,00000000;-15,62
2021-03-24T00:00:00+00:00;EXCHBULL/USD;56800,00000000;63300,00000000;47150,00000000;49125,00000000;-15,62
2021-03-23T00:00:00+00:00;EXCHBULL/USD;57325,00000000;60175,00000000;52725,00000000;56800,00000000;-0,92
2021-03-22T00:00:00+00:00;EXCHBULL/USD;67350,00000000;70350,00000000;57275,00000000;57325,00000000;-17,49
2021-03-21T00:00:00+00:00;EXCHBULL/USD;70400,00000000;72200,00000000;64150,00000000;67350,00000000;-4,53
2021-03-20T00:00:00+00:00;EXCHBULL/USD;71275,00000000;75525,00000000;70400,00000000;70400,00000000;-1,24
2021-03-19T00:00:00+00:00;EXCHBULL/USD;70125,00000000;73575,00000000;65900,00000000;71275,00000000;1,61
2021-03-18T00:00:00+00:00;EXCHBULL/USD;75700,00000000;78600,00000000;68350,00000000;70125,00000000;-7,95
2021-03-17T00:00:00+00:00;EXCHBULL/USD;70550,00000000;75725,00000000;62225,00000000;75700,00000000;6,8
2021-03-16T00:00:00+00:00;EXCHBULL/USD;70225,00000000;72450,00000000;60950,00000000;70550,00000000;0,46
2021-03-15T00:00:00+00:00;EXCHBULL/USD;80000,00000000;84200,00000000;67625,00000000;70225,00000000;-13,92
2021-03-14T00:00:00+00:00;EXCHBULL/USD;82650,00000000;85050,00000000;78775,00000000;80000,00000000;-3,31
2021-03-13T00:00:00+00:00;EXCHBULL/USD;72450,00000000;84825,00000000;67575,00000000;82650,00000000;12,34
2021-03-12T00:00:00+00:00;EXCHBULL/USD;87225,00000000;87975,00000000;64275,00000000;72450,00000000;-20,39
2021-03-11T00:00:00+00:00;EXCHBULL/USD;82075,00000000;96450,00000000;73275,00000000;87225,00000000;5,9
2021-03-10T00:00:00+00:00;EXCHBULL/USD;94900,00000000;97750,00000000;72425,00000000;82075,00000000;-15,63
2021-03-09T00:00:00+00:00;EXCHBULL/USD;65500,00000000;95000,00000000;64025,00000000;94900,00000000;30,98
2021-03-08T00:00:00+00:00;EXCHBULL/USD;63275,00000000;65500,00000000;56100,00000000;65500,00000000;3,4
2021-03-07T00:00:00+00:00;EXCHBULL/USD;56500,00000000;64325,00000000;56125,00000000;63275,00000000;10,71
2021-03-06T00:00:00+00:00;EXCHBULL/USD;56100,00000000;58175,00000000;51350,00000000;56500,00000000;0,71
2021-03-05T00:00:00+00:00;EXCHBULL/USD;59200,00000000;59200,00000000;49625,00000000;56100,00000000;-5,53
2021-03-04T00:00:00+00:00;EXCHBULL/USD;65650,00000000;76550,00000000;57400,00000000;59200,00000000;-10,9
2021-03-03T00:00:00+00:00;EXCHBULL/USD;60225,00000000;74500,00000000;58325,00000000;65650,00000000;8,26
2021-03-02T00:00:00+00:00;EXCHBULL/USD;69250,00000000;72900,00000000;55650,00000000;60225,00000000;-14,99
2021-03-01T00:00:00+00:00;EXCHBULL/USD;47080,00000000;69250,00000000;47080,00000000;69250,00000000;32,01
2021-02-28T00:00:00+00:00;EXCHBULL/USD;64600,00000000;66550,00000000;40000,00000000;47080,00000000;-37,21
2021-02-27T00:00:00+00:00;EXCHBULL/USD;60225,00000000;76075,00000000;59700,00000000;64600,00000000;6,77
2021-02-26T00:00:00+00:00;EXCHBULL/USD;70000,00000000;73900,00000000;53100,00000000;60225,00000000;-16,23
2021-02-25T00:00:00+00:00;EXCHBULL/USD;90825,00000000;101450,00000000;70000,00000000;70000,00000000;-29,75
2021-02-24T00:00:00+00:00;EXCHBULL/USD;77750,00000000;104300,00000000;66325,00000000;90825,00000000;14,4
2021-02-23T00:00:00+00:00;EXCHBULL/USD;141400,00000000;141450,00000000;52200,00000000;77750,00000000;-81,86
2021-02-22T00:00:00+00:00;EXCHBULL/USD;185600,00000000;185750,00000000;83100,00000000;141400,00000000;-31,26
2021-02-21T00:00:00+00:00;EXCHBULL/USD;120650,00000000;195700,00000000;117100,00000000;185600,00000000;34,99
2021-02-20T00:00:00+00:00;EXCHBULL/USD;242400,00000000;252000,00000000;101300,00000000;120650,00000000;-100,91
2021-02-19T00:00:00+00:00;EXCHBULL/USD;94750,00000000;244000,00000000;93650,00000000;242400,00000000;60,91
2021-02-18T00:00:00+00:00;EXCHBULL/USD;69360,00000000;97600,00000000;68525,00000000;94750,00000000;26,8
2021-02-17T00:00:00+00:00;EXCHBULL/USD;46710,00000000;73930,00000000;44490,00000000;69360,00000000;32,66
2021-02-16T00:00:00+00:00;EXCHBULL/USD;45730,00000000;48690,00000000;43070,00000000;46710,00000000;2,1
2021-02-15T00:00:00+00:00;EXCHBULL/USD;49700,00000000;50410,00000000;35180,00000000;45730,00000000;-8,68
2021-02-14T00:00:00+00:00;EXCHBULL/USD;50510,00000000;54940,00000000;47280,00000000;49700,00000000;-1,63
2021-02-13T00:00:00+00:00;EXCHBULL/USD;52700,00000000;55050,00000000;44925,00000000;50510,00000000;-4,34
2021-02-12T00:00:00+00:00;EXCHBULL/USD;46230,00000000;55540,00000000;46050,00000000;52700,00000000;12,28
2021-02-11T00:00:00+00:00;EXCHBULL/USD;51070,00000000;52000,00000000;44670,00000000;46230,00000000;-10,47
2021-02-10T00:00:00+00:00;EXCHBULL/USD;37680,00000000;57030,00000000;36870,00000000;51070,00000000;26,22
2021-02-09T00:00:00+00:00;EXCHBULL/USD;22295,00000000;38240,00000000;22255,00000000;37680,00000000;40,83
2021-02-08T00:00:00+00:00;EXCHBULL/USD;17265,00000000;22295,00000000;16860,00000000;22295,00000000;22,56
2021-02-07T00:00:00+00:00;EXCHBULL/USD;18815,00000000;19640,00000000;15800,00000000;17265,00000000;-8,98
2021-02-06T00:00:00+00:00;EXCHBULL/USD;17265,00000000;19640,00000000;15845,00000000;18815,00000000;8,24
2021-02-05T00:00:00+00:00;EXCHBULL/USD;13330,00000000;17420,00000000;13330,00000000;17265,00000000;22,79
2021-02-04T00:00:00+00:00;EXCHBULL/USD;12925,00000000;13545,00000000;12240,00000000;13330,00000000;3,04
2021-02-03T00:00:00+00:00;EXCHBULL/USD;11175,00000000;12955,00000000;11025,00000000;12925,00000000;13,54
2021-02-02T00:00:00+00:00;EXCHBULL/USD;10352,50000000;11265,00000000;10237,50000000;11175,00000000;7,36
2021-02-01T00:00:00+00:00;EXCHBULL/USD;8895,00000000;10352,50000000;8850,00000000;10352,50000000;14,08
2021-01-31T00:00:00+00:00;EXCHBULL/USD;8835,00000000;9240,00000000;8802,50000000;8895,00000000;0,67
2021-01-30T00:00:00+00:00;EXCHBULL/USD;9002,50000000;9002,50000000;8300,00000000;8835,00000000;-1,9
2021-01-29T00:00:00+00:00;EXCHBULL/USD;8492,50000000;9485,00000000;8010,00000000;9002,50000000;5,67
2021-01-28T00:00:00+00:00;EXCHBULL/USD;6717,50000000;8492,50000000;6390,00000000;8492,50000000;20,9
2021-01-27T00:00:00+00:00;EXCHBULL/USD;7287,50000000;7287,50000000;6080,00000000;6717,50000000;-8,49
2021-01-26T00:00:00+00:00;EXCHBULL/USD;7160,00000000;7287,50000000;6592,50000000;7287,50000000;1,75
2021-01-25T00:00:00+00:00;EXCHBULL/USD;7637,50000000;8170,00000000;7070,00000000;7160,00000000;-6,67
2021-01-24T00:00:00+00:00;EXCHBULL/USD;7235,00000000;7637,50000000;7202,50000000;7637,50000000;5,27
2021-01-23T00:00:00+00:00;EXCHBULL/USD;6982,50000000;7307,50000000;6712,50000000;7235,00000000;3,49
2021-01-22T00:00:00+00:00;EXCHBULL/USD;6262,50000000;7167,50000000;5670,00000000;6982,50000000;10,31
2021-01-21T00:00:00+00:00;EXCHBULL/USD;9142,50000000;9142,50000000;6177,50000000;6262,50000000;-45,99
2021-01-20T00:00:00+00:00;EXCHBULL/USD;9470,00000000;9470,00000000;7735,00000000;9142,50000000;-3,58
2021-01-19T00:00:00+00:00;EXCHBULL/USD;10092,50000000;11200,00000000;9285,00000000;9470,00000000;-6,57
2021-01-18T00:00:00+00:00;EXCHBULL/USD;9290,00000000;10092,50000000;9225,00000000;10092,50000000;7,95
2021-01-17T00:00:00+00:00;EXCHBULL/USD;7910,00000000;9290,00000000;7555,00000000;9290,00000000;14,85
2021-01-16T00:00:00+00:00;EXCHBULL/USD;7117,50000000;8377,50000000;7117,50000000;7910,00000000;10,02
2021-01-15T00:00:00+00:00;EXCHBULL/USD;8010,00000000;8485,00000000;6637,50000000;7117,50000000;-12,54
2021-01-14T00:00:00+00:00;EXCHBULL/USD;7607,50000000;8135,00000000;7330,00000000;8010,00000000;5,02
2021-01-13T00:00:00+00:00;EXCHBULL/USD;7095,00000000;7607,50000000;6347,50000000;7607,50000000;6,74
2021-01-12T00:00:00+00:00;EXCHBULL/USD;7820,00000000;7940,00000000;6750,00000000;7095,00000000;-10,22
2021-01-11T00:00:00+00:00;EXCHBULL/USD;10735,00000000;10735,00000000;5265,00000000;7820,00000000;-37,28
2021-01-10T00:00:00+00:00;EXCHBULL/USD;10735,00000000;11200,00000000;9795,00000000;10735,00000000;0,0
2021-01-09T00:00:00+00:00;EXCHBULL/USD;10247,50000000;10735,00000000;9545,00000000;10735,00000000;4,54
2021-01-08T00:00:00+00:00;EXCHBULL/USD;11125,00000000;11125,00000000;8885,00000000;10247,50000000;-8,56
2021-01-07T00:00:00+00:00;EXCHBULL/USD;10127,50000000;11170,00000000;10052,50000000;11125,00000000;8,97
2021-01-06T00:00:00+00:00;EXCHBULL/USD;9275,00000000;10445,00000000;9175,00000000;10127,50000000;8,42
2021-01-05T00:00:00+00:00;EXCHBULL/USD;9030,00000000;9485,00000000;8080,00000000;9275,00000000;2,64
2021-01-04T00:00:00+00:00;EXCHBULL/USD;8672,50000000;9605,00000000;7822,50000000;9030,00000000;3,96
2021-01-03T00:00:00+00:00;EXCHBULL/USD;8125,00000000;8737,50000000;7987,50000000;8672,50000000;6,31
2021-01-02T00:00:00+00:00;EXCHBULL/USD;8395,00000000;8770,00000000;7570,00000000;8125,00000000;-3,32
2021-01-01T00:00:00+00:00;EXCHBULL/USD;6790,00000000;8415,00000000;6665,00000000;8395,00000000;19,12
2020-12-31T00:00:00+00:00;EXCHBULL/USD;6725,00000000;7000,00000000;6317,50000000;6790,00000000;0,96
2020-12-30T00:00:00+00:00;EXCHBULL/USD;6795,00000000;6830,00000000;6417,50000000;6725,00000000;-1,04
2020-12-29T00:00:00+00:00;EXCHBULL/USD;6202,50000000;6802,50000000;5822,50000000;6795,00000000;8,72
2020-12-28T00:00:00+00:00;EXCHBULL/USD;5231,00000000;6230,00000000;5231,00000000;6202,50000000;15,66
2020-12-27T00:00:00+00:00;EXCHBULL/USD;4823,00000000;5439,00000000;4671,00000000;5231,00000000;7,8
2020-12-26T00:00:00+00:00;EXCHBULL/USD;4819,00000000;4983,00000000;4678,00000000;4823,00000000;0,08
2020-12-25T00:00:00+00:00;EXCHBULL/USD;4671,00000000;4917,00000000;4593,00000000;4819,00000000;3,07
2020-12-24T00:00:00+00:00;EXCHBULL/USD;4472,00000000;4694,00000000;4389,00000000;4671,00000000;4,26
2020-12-23T00:00:00+00:00;EXCHBULL/USD;4866,00000000;4970,00000000;4268,00000000;4472,00000000;-8,81
2020-12-22T00:00:00+00:00;EXCHBULL/USD;4502,00000000;4883,00000000;4199,00000000;4866,00000000;7,48
2020-12-21T00:00:00+00:00;EXCHBULL/USD;4910,00000000;5153,00000000;4316,00000000;4502,00000000;-9,06
2020-12-20T00:00:00+00:00;EXCHBULL/USD;5146,00000000;5248,00000000;4833,00000000;4910,00000000;-4,81
2020-12-19T00:00:00+00:00;EXCHBULL/USD;4680,00000000;5251,00000000;4668,00000000;5146,00000000;9,06
2020-12-18T00:00:00+00:00;EXCHBULL/USD;4571,00000000;4814,00000000;4475,00000000;4680,00000000;2,33
2020-12-17T00:00:00+00:00;EXCHBULL/USD;4668,00000000;4860,00000000;4526,00000000;4571,00000000;-2,12
2020-12-16T00:00:00+00:00;EXCHBULL/USD;4277,00000000;4676,00000000;4132,00000000;4668,00000000;8,38
2020-12-15T00:00:00+00:00;EXCHBULL/USD;4161,00000000;4306,00000000;4140,00000000;4277,00000000;2,71
2020-12-14T00:00:00+00:00;EXCHBULL/USD;4087,00000000;4161,00000000;4045,00000000;4161,00000000;1,78
2020-12-13T00:00:00+00:00;EXCHBULL/USD;3892,00000000;4111,00000000;3892,00000000;4087,00000000;4,77
2020-12-12T00:00:00+00:00;EXCHBULL/USD;3702,00000000;3892,00000000;3698,00000000;3892,00000000;4,88
2020-12-11T00:00:00+00:00;EXCHBULL/USD;3698,00000000;3739,00000000;3457,00000000;3702,00000000;0,11
2020-12-10T00:00:00+00:00;EXCHBULL/USD;3794,00000000;3841,00000000;3628,00000000;3698,00000000;-2,6
2020-12-09T00:00:00+00:00;EXCHBULL/USD;3602,00000000;3794,00000000;3441,00000000;3794,00000000;5,06
2020-12-08T00:00:00+00:00;EXCHBULL/USD;3892,00000000;3940,00000000;3602,00000000;3602,00000000;-8,05
2020-12-07T00:00:00+00:00;EXCHBULL/USD;3795,00000000;3917,00000000;3767,00000000;3892,00000000;2,49
2020-12-06T00:00:00+00:00;EXCHBULL/USD;3825,00000000;3916,00000000;3735,00000000;3795,00000000;-0,79
2020-12-05T00:00:00+00:00;EXCHBULL/USD;3678,00000000;3845,00000000;3551,00000000;3825,00000000;3,84
2020-12-04T00:00:00+00:00;EXCHBULL/USD;4105,00000000;4161,00000000;3646,00000000;3678,00000000;-11,61
2020-12-03T00:00:00+00:00;EXCHBULL/USD;4050,00000000;4161,00000000;3983,00000000;4105,00000000;1,34
2020-12-02T00:00:00+00:00;EXCHBULL/USD;3989,00000000;4086,00000000;3978,00000000;4050,00000000;1,51
2020-12-01T00:00:00+00:00;EXCHBULL/USD;4413,00000000;4643,00000000;3874,00000000;3989,00000000;-10,63
2020-11-30T00:00:00+00:00;EXCHBULL/USD;3989,00000000;4413,00000000;3989,00000000;4413,00000000;9,61
2020-11-29T00:00:00+00:00;EXCHBULL/USD;3795,00000000;3989,00000000;3795,00000000;3989,00000000;4,86
2020-11-28T00:00:00+00:00;EXCHBULL/USD;3408,00000000;3795,00000000;3408,00000000;3795,00000000;10,2
2020-11-27T00:00:00+00:00;EXCHBULL/USD;3551,00000000;3614,00000000;3222,00000000;3408,00000000;-4,2
2020-11-26T00:00:00+00:00;EXCHBULL/USD;4179,00000000;4179,00000000;3116,00000000;3551,00000000;-17,69
2020-11-25T00:00:00+00:00;EXCHBULL/USD;4788,00000000;4965,00000000;4031,00000000;4179,00000000;-14,57
2020-11-24T00:00:00+00:00;EXCHBULL/USD;4500,00000000;5242,00000000;4500,00000000;4788,00000000;6,02
2020-11-23T00:00:00+00:00;EXCHBULL/USD;4500,00000000;4755,00000000;4346,00000000;4500,00000000;0,0
2020-11-22T00:00:00+00:00;EXCHBULL/USD;4295,00000000;4500,00000000;3887,00000000;4500,00000000;4,56
2020-11-21T00:00:00+00:00;EXCHBULL/USD;4043,00000000;4295,00000000;3989,00000000;4295,00000000;5,87
2020-11-20T00:00:00+00:00;EXCHBULL/USD;3734,00000000;4091,00000000;3734,00000000;4043,00000000;7,64
2020-11-19T00:00:00+00:00;EXCHBULL/USD;3581,00000000;3836,00000000;3581,00000000;3734,00000000;4,1
2020-11-18T00:00:00+00:00;EXCHBULL/USD;3326,00000000;3581,00000000;3173,00000000;3581,00000000;7,12
2020-11-17T00:00:00+00:00;EXCHBULL/USD;3020,00000000;3416,00000000;3020,00000000;3326,00000000;9,2
2020-11-16T00:00:00+00:00;EXCHBULL/USD;3020,00000000;3051,00000000;3020,00000000;3020,00000000;0,0
2020-11-15T00:00:00+00:00;EXCHBULL/USD;3080,00000000;3103,00000000;2985,00000000;3020,00000000;-1,99
2020-11-14T00:00:00+00:00;EXCHBULL/USD;3224,00000000;3260,00000000;3040,00000000;3080,00000000;-4,68
2020-11-13T00:00:00+00:00;EXCHBULL/USD;3172,00000000;3275,00000000;3172,00000000;3224,00000000;1,61
2020-11-12T00:00:00+00:00;EXCHBULL/USD;3200,00000000;3238,00000000;3122,00000000;3172,00000000;-0,88
2020-11-11T00:00:00+00:00;EXCHBULL/USD;3100,00000000;3280,00000000;3100,00000000;3200,00000000;3,12
2020-11-10T00:00:00+00:00;EXCHBULL/USD;3025,00000000;3172,00000000;3020,00000000;3100,00000000;2,42
2020-11-09T00:00:00+00:00;EXCHBULL/USD;3121,00000000;3163,00000000;2888,00000000;3025,00000000;-3,17
2020-11-08T00:00:00+00:00;EXCHBULL/USD;3001,00000000;3122,00000000;2890,00000000;3121,00000000;3,84
2020-11-07T00:00:00+00:00;EXCHBULL/USD;3150,00000000;3278,00000000;2813,00000000;3001,00000000;-4,97
2020-11-06T00:00:00+00:00;EXCHBULL/USD;2816,00000000;3203,00000000;2816,00000000;3150,00000000;10,6
2020-11-05T00:00:00+00:00;EXCHBULL/USD;2629,00000000;2969,00000000;2612,00000000;2816,00000000;6,64
2020-11-04T00:00:00+00:00;EXCHBULL/USD;2669,00000000;2684,00000000;2400,00000000;2629,00000000;-1,52
2020-11-03T00:00:00+00:00;EXCHBULL/USD;2857,00000000;2857,00000000;2523,00000000;2669,00000000;-7,04
2020-11-02T00:00:00+00:00;EXCHBULL/USD;3224,00000000;3262,00000000;2788,00000000;2857,00000000;-12,85
2020-11-01T00:00:00+00:00;EXCHBULL/USD;3275,00000000;3284,00000000;3163,00000000;3224,00000000;-1,58
2020-10-31T00:00:00+00:00;EXCHBULL/USD;3201,00000000;3304,00000000;3018,00000000;3275,00000000;2,26
2020-10-30T00:00:00+00:00;EXCHBULL/USD;3511,00000000;3530,00000000;3040,00000000;3201,00000000;-9,68
2020-10-29T00:00:00+00:00;EXCHBULL/USD;3408,00000000;3698,00000000;3408,00000000;3511,00000000;2,93
2020-10-28T00:00:00+00:00;EXCHBULL/USD;3775,00000000;3836,00000000;3339,00000000;3423,00000000;-10,28
2020-10-27T00:00:00+00:00;EXCHBULL/USD;3671,00000000;3864,00000000;3653,00000000;3775,00000000;2,75
2020-10-26T00:00:00+00:00;EXCHBULL/USD;3606,00000000;3738,00000000;3564,00000000;3671,00000000;1,77
2020-10-25T00:00:00+00:00;EXCHBULL/USD;3605,00000000;3671,00000000;3485,00000000;3606,00000000;0,03
2020-10-24T00:00:00+00:00;EXCHBULL/USD;3563,00000000;3672,00000000;3524,00000000;3605,00000000;1,17
2020-10-23T00:00:00+00:00;EXCHBULL/USD;3717,00000000;3762,00000000;3440,00000000;3563,00000000;-4,32
2020-10-22T00:00:00+00:00;EXCHBULL/USD;3610,00000000;3801,00000000;3606,00000000;3717,00000000;2,88
2020-10-21T00:00:00+00:00;EXCHBULL/USD;3361,00000000;3725,00000000;3352,00000000;3610,00000000;6,9
2020-10-20T00:00:00+00:00;EXCHBULL/USD;3372,00000000;3396,00000000;3238,00000000;3361,00000000;-0,33
2020-10-19T00:00:00+00:00;EXCHBULL/USD;3443,00000000;3475,00000000;3226,00000000;3372,00000000;-2,11
2020-10-18T00:00:00+00:00;EXCHBULL/USD;3197,00000000;3469,00000000;3116,00000000;3443,00000000;7,14
2020-10-17T00:00:00+00:00;EXCHBULL/USD;3442,00000000;3442,00000000;3013,00000000;3197,00000000;-7,66
2020-10-16T00:00:00+00:00;EXCHBULL/USD;4014,00000000;4024,00000000;3279,00000000;3442,00000000;-16,62
2020-10-15T00:00:00+00:00;EXCHBULL/USD;4019,00000000;4054,00000000;3851,00000000;4014,00000000;-0,12
2020-10-14T00:00:00+00:00;EXCHBULL/USD;4084,00000000;4106,00000000;3957,00000000;4019,00000000;-1,62
2020-10-13T00:00:00+00:00;EXCHBULL/USD;4141,00000000;4265,00000000;4032,00000000;4084,00000000;-1,4
2020-10-12T00:00:00+00:00;EXCHBULL/USD;3848,00000000;4155,00000000;3780,00000000;4141,00000000;7,08
2020-10-11T00:00:00+00:00;EXCHBULL/USD;3885,00000000;3949,00000000;3759,00000000;3848,00000000;-0,96
2020-10-10T00:00:00+00:00;EXCHBULL/USD;4007,00000000;4131,00000000;3858,00000000;3885,00000000;-3,14
2020-10-09T00:00:00+00:00;EXCHBULL/USD;3818,00000000;4066,00000000;3818,00000000;4007,00000000;4,72
2020-10-08T00:00:00+00:00;EXCHBULL/USD;3705,00000000;3824,00000000;3557,00000000;3818,00000000;2,96
2020-10-07T00:00:00+00:00;EXCHBULL/USD;3614,00000000;3705,00000000;3525,00000000;3705,00000000;2,46
2020-10-06T00:00:00+00:00;EXCHBULL/USD;3813,00000000;3932,00000000;3586,00000000;3614,00000000;-5,51
2020-10-05T00:00:00+00:00;EXCHBULL/USD;3880,00000000;3925,00000000;3700,00000000;3813,00000000;-1,76
2020-10-04T00:00:00+00:00;EXCHBULL/USD;3824,00000000;3880,00000000;3677,00000000;3880,00000000;1,44
2020-10-03T00:00:00+00:00;EXCHBULL/USD;3643,00000000;3825,00000000;3570,00000000;3824,00000000;4,73
2020-10-02T00:00:00+00:00;EXCHBULL/USD;3686,00000000;3772,00000000;3458,00000000;3643,00000000;-1,18
2020-10-01T00:00:00+00:00;EXCHBULL/USD;3941,00000000;4046,00000000;3605,00000000;3686,00000000;-6,92
2020-09-30T00:00:00+00:00;EXCHBULL/USD;3843,00000000;3941,00000000;3724,00000000;3941,00000000;2,49
2020-09-29T00:00:00+00:00;EXCHBULL/USD;3656,00000000;3843,00000000;3633,00000000;3843,00000000;4,87
2020-09-28T00:00:00+00:00;EXCHBULL/USD;3618,00000000;3747,00000000;3530,00000000;3656,00000000;1,04
2020-09-27T00:00:00+00:00;EXCHBULL/USD;3687,00000000;3691,00000000;3526,00000000;3618,00000000;-1,91
2020-09-26T00:00:00+00:00;EXCHBULL/USD;3476,00000000;3691,00000000;3438,00000000;3687,00000000;5,72
2020-09-25T00:00:00+00:00;EXCHBULL/USD;3413,00000000;3507,00000000;3387,00000000;3476,00000000;1,81
2020-09-24T00:00:00+00:00;EXCHBULL/USD;3102,00000000;3444,00000000;3040,00000000;3413,00000000;9,11
2020-09-23T00:00:00+00:00;EXCHBULL/USD;3281,00000000;3415,00000000;3083,00000000;3102,00000000;-5,77
2020-09-22T00:00:00+00:00;EXCHBULL/USD;3116,00000000;3308,00000000;3106,00000000;3281,00000000;5,03
2020-09-21T00:00:00+00:00;EXCHBULL/USD;3698,00000000;3775,00000000;3014,00000000;3116,00000000;-18,68
2020-09-20T00:00:00+00:00;EXCHBULL/USD;3815,00000000;3940,00000000;3577,00000000;3698,00000000;-3,16
2020-09-19T00:00:00+00:00;EXCHBULL/USD;3804,00000000;3843,00000000;3706,00000000;3815,00000000;0,29
2020-09-18T00:00:00+00:00;EXCHBULL/USD;3691,00000000;3926,00000000;3601,00000000;3804,00000000;2,97
2020-09-17T00:00:00+00:00;EXCHBULL/USD;3698,00000000;3881,00000000;3581,00000000;3691,00000000;-0,19
2020-09-16T00:00:00+00:00;EXCHBULL/USD;3578,00000000;3816,00000000;3373,00000000;3698,00000000;3,24
2020-09-15T00:00:00+00:00;EXCHBULL/USD;4038,00000000;4069,00000000;3544,00000000;3578,00000000;-12,86
2020-09-14T00:00:00+00:00;EXCHBULL/USD;4225,00000000;4319,00000000;3825,00000000;4038,00000000;-4,63
2020-09-13T00:00:00+00:00;EXCHBULL/USD;3552,00000000;4404,00000000;3473,00000000;4225,00000000;15,93
2020-09-12T00:00:00+00:00;EXCHBULL/USD;3137,00000000;3554,00000000;3095,00000000;3552,00000000;11,68
2020-09-11T00:00:00+00:00;EXCHBULL/USD;2948,00000000;3165,00000000;2762,00000000;3137,00000000;6,02
2020-09-10T00:00:00+00:00;EXCHBULL/USD;3025,00000000;3221,00000000;2943,00000000;2948,00000000;-2,61
2020-09-09T00:00:00+00:00;EXCHBULL/USD;2783,00000000;3025,00000000;2726,00000000;3025,00000000;8,0
2020-09-08T00:00:00+00:00;EXCHBULL/USD;2816,00000000;2839,00000000;2603,00000000;2783,00000000;-1,19
2020-09-07T00:00:00+00:00;EXCHBULL/USD;2907,00000000;2934,00000000;2385,00000000;2816,00000000;-3,23
2020-09-06T00:00:00+00:00;EXCHBULL/USD;2287,50000000;2934,00000000;2217,00000000;2907,00000000;21,31
2020-09-05T00:00:00+00:00;EXCHBULL/USD;2566,00000000;2652,00000000;2111,00000000;2287,50000000;-12,17
2020-09-04T00:00:00+00:00;EXCHBULL/USD;2571,00000000;2710,00000000;2369,00000000;2566,00000000;-0,19
2020-09-03T00:00:00+00:00;EXCHBULL/USD;3618,00000000;3700,00000000;2508,00000000;2571,00000000;-40,72
2020-09-02T00:00:00+00:00;EXCHBULL/USD;3861,00000000;3876,00000000;3184,00000000;3618,00000000;-6,72
2020-09-01T00:00:00+00:00;EXCHBULL/USD;3447,00000000;3956,00000000;3333,00000000;3861,00000000;10,72
2020-08-31T00:00:00+00:00;EXCHBULL/USD;3300,00000000;3480,00000000;3229,00000000;3447,00000000;4,26
2020-08-30T00:00:00+00:00;EXCHBULL/USD;3179,00000000;3300,00000000;3113,00000000;3300,00000000;3,67
2020-08-29T00:00:00+00:00;EXCHBULL/USD;3218,00000000;3260,00000000;3156,00000000;3179,00000000;-1,23
2020-08-28T00:00:00+00:00;EXCHBULL/USD;3160,00000000;3229,00000000;3117,00000000;3218,00000000;1,8
2020-08-27T00:00:00+00:00;EXCHBULL/USD;3285,00000000;3316,00000000;2981,00000000;3160,00000000;-3,96
2020-08-26T00:00:00+00:00;EXCHBULL/USD;3065,00000000;3396,00000000;3028,00000000;3285,00000000;6,7
2020-08-25T00:00:00+00:00;EXCHBULL/USD;3122,00000000;3250,00000000;2944,00000000;3065,00000000;-1,86
2020-08-24T00:00:00+00:00;EXCHBULL/USD;3012,00000000;3147,00000000;2988,00000000;3122,00000000;3,52
2020-08-23T00:00:00+00:00;EXCHBULL/USD;3004,00000000;3046,00000000;2910,00000000;3012,00000000;0,27
2020-08-22T00:00:00+00:00;EXCHBULL/USD;3020,00000000;3073,00000000;2851,00000000;3004,00000000;-0,53
2020-08-21T00:00:00+00:00;EXCHBULL/USD;3280,00000000;3301,00000000;3002,00000000;3020,00000000;-8,61
2020-08-20T00:00:00+00:00;EXCHBULL/USD;2944,00000000;3295,00000000;2905,00000000;3280,00000000;10,24
2020-08-19T00:00:00+00:00;EXCHBULL/USD;3215,00000000;3232,00000000;2889,00000000;2944,00000000;-9,21
2020-08-18T00:00:00+00:00;EXCHBULL/USD;3479,00000000;3542,00000000;3128,00000000;3215,00000000;-8,21
2020-08-17T00:00:00+00:00;EXCHBULL/USD;3598,00000000;3619,00000000;3427,00000000;3479,00000000;-3,42
2020-08-16T00:00:00+00:00;EXCHBULL/USD;3555,00000000;3635,00000000;3429,00000000;3598,00000000;1,2
2020-08-15T00:00:00+00:00;EXCHBULL/USD;3203,00000000;3732,00000000;3145,00000000;3555,00000000;9,9
2020-08-14T00:00:00+00:00;EXCHBULL/USD;2960,00000000;3266,00000000;2881,00000000;3203,00000000;7,59
2020-08-13T00:00:00+00:00;EXCHBULL/USD;2867,00000000;2965,00000000;2759,00000000;2960,00000000;3,14
2020-08-12T00:00:00+00:00;EXCHBULL/USD;2844,00000000;2971,00000000;2742,00000000;2867,00000000;0,8
2020-08-11T00:00:00+00:00;EXCHBULL/USD;3208,00000000;3228,00000000;2747,00000000;2844,00000000;-12,8
2020-08-10T00:00:00+00:00;EXCHBULL/USD;3192,00000000;3304,00000000;3109,00000000;3208,00000000;0,5
2020-08-09T00:00:00+00:00;EXCHBULL/USD;3264,00000000;3264,00000000;3096,00000000;3192,00000000;-2,26
2020-08-08T00:00:00+00:00;EXCHBULL/USD;3227,00000000;3279,00000000;3139,00000000;3264,00000000;1,13
2020-08-07T00:00:00+00:00;EXCHBULL/USD;3367,00000000;3382,00000000;3113,00000000;3227,00000000;-4,34
2020-08-06T00:00:00+00:00;EXCHBULL/USD;3462,00000000;3462,00000000;3367,00000000;3367,00000000;-2,82
2020-08-05T00:00:00+00:00;EXCHBULL/USD;3272,00000000;3462,00000000;3145,00000000;3462,00000000;5,49
2020-08-04T00:00:00+00:00;EXCHBULL/USD;3248,00000000;3427,00000000;3145,00000000;3272,00000000;0,73
2020-08-03T00:00:00+00:00;EXCHBULL/USD;2862,00000000;3320,00000000;2809,00000000;3248,00000000;11,88
2020-08-02T00:00:00+00:00;EXCHBULL/USD;3364,00000000;3487,00000000;2779,00000000;2862,00000000;-17,54
2020-08-01T00:00:00+00:00;EXCHBULL/USD;3040,00000000;3387,00000000;3036,00000000;3364,00000000;9,63
2020-07-31T00:00:00+00:00;EXCHBULL/USD;3019,00000000;3040,00000000;2872,00000000;3040,00000000;0,69
2020-07-30T00:00:00+00:00;EXCHBULL/USD;3006,00000000;3042,00000000;2877,00000000;3019,00000000;0,43
2020-07-29T00:00:00+00:00;EXCHBULL/USD;3080,00000000;3098,00000000;3001,00000000;3006,00000000;-2,46
2020-07-28T00:00:00+00:00;EXCHBULL/USD;2968,00000000;3101,00000000;2875,00000000;3080,00000000;3,64
2020-07-27T00:00:00+00:00;EXCHBULL/USD;2769,00000000;3057,00000000;2705,00000000;2968,00000000;6,7
2020-07-26T00:00:00+00:00;EXCHBULL/USD;2745,00000000;2894,00000000;2722,00000000;2769,00000000;0,87
2020-07-25T00:00:00+00:00;EXCHBULL/USD;2607,00000000;2753,00000000;2606,00000000;2745,00000000;5,03
2020-07-24T00:00:00+00:00;EXCHBULL/USD;2673,00000000;2680,00000000;2545,00000000;2607,00000000;-2,53
2020-07-23T00:00:00+00:00;EXCHBULL/USD;2584,00000000;2682,00000000;2584,00000000;2673,00000000;3,33
2020-07-22T00:00:00+00:00;EXCHBULL/USD;2453,00000000;2584,00000000;2453,00000000;2584,00000000;5,07
2020-07-21T00:00:00+00:00;EXCHBULL/USD;2438,00000000;2488,00000000;2415,00000000;2453,00000000;0,61
2020-07-20T00:00:00+00:00;EXCHBULL/USD;2411,00000000;2488,00000000;2394,00000000;2438,00000000;1,11
2020-07-19T00:00:00+00:00;EXCHBULL/USD;2356,00000000;2418,00000000;2317,00000000;2411,00000000;2,28
2020-07-18T00:00:00+00:00;EXCHBULL/USD;2357,50000000;2390,00000000;2341,00000000;2356,00000000;-0,06
2020-07-17T00:00:00+00:00;EXCHBULL/USD;2318,50000000;2413,50000000;2302,00000000;2357,50000000;1,65
2020-07-16T00:00:00+00:00;EXCHBULL/USD;2383,00000000;2424,00000000;2254,00000000;2318,50000000;-2,78
2020-07-15T00:00:00+00:00;EXCHBULL/USD;2408,00000000;2442,00000000;2351,00000000;2383,00000000;-1,05
2020-07-14T00:00:00+00:00;EXCHBULL/USD;2385,00000000;2463,00000000;2345,00000000;2408,00000000;0,96
2020-07-13T00:00:00+00:00;EXCHBULL/USD;2412,00000000;2479,00000000;2355,00000000;2385,00000000;-1,13
2020-07-12T00:00:00+00:00;EXCHBULL/USD;2428,00000000;2532,00000000;2372,00000000;2412,00000000;-0,66
2020-07-11T00:00:00+00:00;EXCHBULL/USD;2454,00000000;2487,00000000;2387,00000000;2428,00000000;-1,07
2020-07-10T00:00:00+00:00;EXCHBULL/USD;2416,00000000;2457,00000000;2350,00000000;2454,00000000;1,55
2020-07-09T00:00:00+00:00;EXCHBULL/USD;2577,00000000;2616,00000000;2387,00000000;2416,00000000;-6,66
2020-07-08T00:00:00+00:00;EXCHBULL/USD;2440,00000000;2595,00000000;2440,00000000;2577,00000000;5,32
2020-07-07T00:00:00+00:00;EXCHBULL/USD;2506,00000000;2546,00000000;2440,00000000;2440,00000000;-2,7
2020-07-06T00:00:00+00:00;EXCHBULL/USD;2213,50000000;2508,00000000;2189,50000000;2506,00000000;11,67
2020-07-05T00:00:00+00:00;EXCHBULL/USD;2338,00000000;2345,00000000;2155,00000000;2213,50000000;-5,62
2020-07-04T00:00:00+00:00;EXCHBULL/USD;2272,50000000;2338,00000000;2266,00000000;2338,00000000;2,8
2020-07-03T00:00:00+00:00;EXCHBULL/USD;2296,00000000;2314,00000000;2259,50000000;2272,50000000;-1,03
2020-07-02T00:00:00+00:00;EXCHBULL/USD;2408,00000000;2440,00000000;2235,00000000;2296,00000000;-4,88
2020-07-01T00:00:00+00:00;EXCHBULL/USD;2393,00000000;2451,00000000;2354,00000000;2408,00000000;0,62
2020-06-30T00:00:00+00:00;EXCHBULL/USD;2421,00000000;2451,00000000;2354,00000000;2393,00000000;-1,17
2020-06-29T00:00:00+00:00;EXCHBULL/USD;2332,00000000;2447,00000000;2319,00000000;2421,00000000;3,68
2020-06-28T00:00:00+00:00;EXCHBULL/USD;2270,00000000;2367,00000000;2206,50000000;2332,00000000;2,66
2020-06-27T00:00:00+00:00;EXCHBULL/USD;2396,00000000;2421,00000000;2239,00000000;2270,00000000;-5,55
2020-06-26T00:00:00+00:00;EXCHBULL/USD;2397,00000000;2421,00000000;2342,00000000;2396,00000000;-0,04
2020-06-25T00:00:00+00:00;EXCHBULL/USD;2360,00000000;2421,00000000;2253,00000000;2397,00000000;1,54
2020-06-24T00:00:00+00:00;EXCHBULL/USD;2386,00000000;2504,00000000;2282,00000000;2360,00000000;-1,1
2020-06-23T00:00:00+00:00;EXCHBULL/USD;2429,00000000;2434,00000000;2316,00000000;2386,00000000;-1,8
2020-06-22T00:00:00+00:00;EXCHBULL/USD;2152,50000000;2435,00000000;1734,00000000;2429,00000000;11,38
2020-06-21T00:00:00+00:00;EXCHBULL/USD;2180,50000000;2235,50000000;2152,50000000;2152,50000000;-1,3
2020-06-20T00:00:00+00:00;EXCHBULL/USD;2217,50000000;2223,50000000;2139,00000000;2180,50000000;-1,7
2020-06-19T00:00:00+00:00;EXCHBULL/USD;2235,00000000;2259,50000000;2160,50000000;2217,50000000;-0,79
2020-06-18T00:00:00+00:00;EXCHBULL/USD;2256,00000000;2274,00000000;2199,00000000;2235,00000000;-0,94
2020-06-17T00:00:00+00:00;EXCHBULL/USD;2316,00000000;2320,00000000;2186,50000000;2256,00000000;-2,66
2020-06-16T00:00:00+00:00;EXCHBULL/USD;2303,00000000;2340,50000000;2242,50000000;2316,00000000;0,56
2020-06-15T00:00:00+00:00;EXCHBULL/USD;2420,00000000;2437,00000000;2152,00000000;2303,00000000;-5,08
2020-06-14T00:00:00+00:00;EXCHBULL/USD;2620,00000000;2623,00000000;2383,00000000;2420,00000000;-8,26
2020-06-13T00:00:00+00:00;EXCHBULL/USD;2665,00000000;2670,00000000;2599,00000000;2620,00000000;-1,72
2020-06-12T00:00:00+00:00;EXCHBULL/USD;2579,00000000;2714,00000000;2529,00000000;2665,00000000;3,23
2020-06-11T00:00:00+00:00;EXCHBULL/USD;2935,00000000;3029,00000000;2441,00000000;2579,00000000;-13,8
2020-06-10T00:00:00+00:00;EXCHBULL/USD;3008,00000000;3009,00000000;2868,00000000;2935,00000000;-2,49
2020-06-09T00:00:00+00:00;EXCHBULL/USD;2960,00000000;3009,00000000;2820,00000000;3008,00000000;1,6
2020-06-08T00:00:00+00:00;EXCHBULL/USD;3059,00000000;3079,00000000;2148,00000000;2960,00000000;-3,34
2020-06-07T00:00:00+00:00;EXCHBULL/USD;3108,00000000;3210,00000000;2850,00000000;3059,00000000;-1,6
2020-06-06T00:00:00+00:00;EXCHBULL/USD;2978,00000000;3108,00000000;2913,00000000;3108,00000000;4,18
2020-06-05T00:00:00+00:00;EXCHBULL/USD;2776,00000000;3084,00000000;2758,00000000;2978,00000000;6,78
2020-06-04T00:00:00+00:00;EXCHBULL/USD;2755,00000000;2835,00000000;2607,00000000;2776,00000000;0,76
2020-06-03T00:00:00+00:00;EXCHBULL/USD;2544,00000000;2763,00000000;2514,00000000;2755,00000000;7,66
2020-06-02T00:00:00+00:00;EXCHBULL/USD;2627,00000000;2799,00000000;2370,00000000;2544,00000000;-3,26
2020-06-01T00:00:00+00:00;EXCHBULL/USD;2456,00000000;2692,00000000;2423,00000000;2627,00000000;6,51
2020-05-31T00:00:00+00:00;EXCHBULL/USD;2570,00000000;2593,00000000;2417,00000000;2456,00000000;-4,64
2020-05-30T00:00:00+00:00;EXCHBULL/USD;2400,00000000;2579,00000000;2382,00000000;2570,00000000;6,61
2020-05-29T00:00:00+00:00;EXCHBULL/USD;2402,00000000;2424,00000000;2324,00000000;2400,00000000;-0,08
2020-05-28T00:00:00+00:00;EXCHBULL/USD;2240,00000000;2410,50000000;2193,00000000;2402,00000000;6,74
2020-05-27T00:00:00+00:00;EXCHBULL/USD;2142,00000000;2246,50000000;2136,50000000;2240,00000000;4,38
2020-05-26T00:00:00+00:00;EXCHBULL/USD;2178,00000000;2185,00000000;2077,00000000;2142,00000000;-1,68
2020-05-25T00:00:00+00:00;EXCHBULL/USD;2064,50000000;2197,50000000;2010,00000000;2178,00000000;5,21
2020-05-24T00:00:00+00:00;EXCHBULL/USD;2254,50000000;2308,00000000;2059,50000000;2064,50000000;-9,2
2020-05-23T00:00:00+00:00;EXCHBULL/USD;2245,50000000;2323,00000000;2218,50000000;2254,50000000;0,4
2020-05-22T00:00:00+00:00;EXCHBULL/USD;2114,50000000;2276,00000000;2077,00000000;2245,50000000;5,83
2020-05-21T00:00:00+00:00;EXCHBULL/USD;2320,00000000;2347,00000000;2009,50000000;2114,50000000;-9,72
2020-05-20T00:00:00+00:00;EXCHBULL/USD;2349,00000000;2377,00000000;2217,50000000;2320,00000000;-1,25
2020-05-19T00:00:00+00:00;EXCHBULL/USD;2306,00000000;2352,00000000;2230,00000000;2349,00000000;1,83
2020-05-18T00:00:00+00:00;EXCHBULL/USD;2276,00000000;2378,50000000;2236,00000000;2306,00000000;1,3
2020-05-17T00:00:00+00:00;EXCHBULL/USD;2165,00000000;2324,00000000;2165,00000000;2276,00000000;4,88
2020-05-16T00:00:00+00:00;EXCHBULL/USD;2132,00000000;2222,00000000;2098,00000000;2165,00000000;1,52
2020-05-15T00:00:00+00:00;EXCHBULL/USD;2246,50000000;2277,00000000;2075,50000000;2132,00000000;-5,37
2020-05-14T00:00:00+00:00;EXCHBULL/USD;2098,00000000;2250,00000000;2080,00000000;2246,50000000;6,61
2020-05-13T00:00:00+00:00;EXCHBULL/USD;1994,50000000;2124,00000000;1976,50000000;2098,00000000;4,93
2020-05-12T00:00:00+00:00;EXCHBULL/USD;1839,00000000;2019,00000000;1827,50000000;1994,50000000;7,8
2020-05-11T00:00:00+00:00;EXCHBULL/USD;1824,50000000;1942,00000000;1649,50000000;1839,00000000;0,79
2020-05-10T00:00:00+00:00;EXCHBULL/USD;2134,50000000;2134,50000000;1577,50000000;1824,50000000;-16,99
2020-05-09T00:00:00+00:00;EXCHBULL/USD;2224,50000000;2246,00000000;2115,50000000;2134,50000000;-4,22
2020-05-08T00:00:00+00:00;EXCHBULL/USD;2195,00000000;2256,50000000;2168,00000000;2224,50000000;1,33
2020-05-07T00:00:00+00:00;EXCHBULL/USD;1992,50000000;2210,00000000;1971,50000000;2195,00000000;9,23
2020-05-06T00:00:00+00:00;EXCHBULL/USD;2060,00000000;2174,50000000;1988,50000000;1992,50000000;-3,39
2020-05-05T00:00:00+00:00;EXCHBULL/USD;2084,00000000;2162,50000000;2000,00000000;2060,00000000;-1,17
2020-05-04T00:00:00+00:00;EXCHBULL/USD;2102,50000000;2141,50000000;1902,00000000;2084,00000000;-0,89
2020-05-03T00:00:00+00:00;EXCHBULL/USD;2211,00000000;2280,00000000;2027,50000000;2102,50000000;-5,16
2020-05-02T00:00:00+00:00;EXCHBULL/USD;2115,00000000;2213,00000000;2082,50000000;2211,00000000;4,34
2020-05-01T00:00:00+00:00;EXCHBULL/USD;2045,50000000;2217,50000000;2044,00000000;2112,50000000;3,17
2020-04-30T00:00:00+00:00;EXCHBULL/USD;2117,00000000;2371,00000000;1950,00000000;2045,50000000;-3,5
2020-04-29T00:00:00+00:00;EXCHBULL/USD;1866,00000000;2117,00000000;1864,00000000;2117,00000000;11,86
2020-04-28T00:00:00+00:00;EXCHBULL/USD;1873,00000000;1873,00000000;1828,00000000;1866,00000000;-0,38
2020-04-27T00:00:00+00:00;EXCHBULL/USD;1852,50000000;1896,00000000;1826,00000000;1873,00000000;1,09
2020-04-26T00:00:00+00:00;EXCHBULL/USD;1824,00000000;1886,00000000;1795,00000000;1852,50000000;1,54
2020-04-25T00:00:00+00:00;EXCHBULL/USD;1803,00000000;1887,00000000;1780,50000000;1824,00000000;1,15
2020-04-24T00:00:00+00:00;EXCHBULL/USD;1803,50000000;1853,00000000;1746,50000000;1803,00000000;-0,03
2020-04-23T00:00:00+00:00;EXCHBULL/USD;1703,00000000;1871,50000000;1656,50000000;1803,50000000;5,57
2020-04-22T00:00:00+00:00;EXCHBULL/USD;1549,00000000;1728,00000000;1525,00000000;1703,00000000;9,04
2020-04-21T00:00:00+00:00;EXCHBULL/USD;1541,00000000;1597,50000000;1490,00000000;1549,00000000;0,52
2020-04-20T00:00:00+00:00;EXCHBULL/USD;1738,00000000;1803,50000000;1514,50000000;1541,00000000;-12,78
2020-04-19T00:00:00+00:00;EXCHBULL/USD;1854,00000000;1858,50000000;1713,50000000;1738,00000000;-6,67
2020-04-18T00:00:00+00:00;EXCHBULL/USD;1716,50000000;1872,00000000;1711,00000000;1854,00000000;7,42
2020-04-17T00:00:00+00:00;EXCHBULL/USD;1757,00000000;1766,00000000;1682,00000000;1716,50000000;-2,36
2020-04-16T00:00:00+00:00;EXCHBULL/USD;1545,00000000;1781,00000000;1474,00000000;1757,00000000;12,07
2020-04-15T00:00:00+00:00;EXCHBULL/USD;1673,00000000;1715,50000000;1544,00000000;1549,00000000;-8,01
2020-04-14T00:00:00+00:00;EXCHBULL/USD;1603,50000000;1718,00000000;1598,00000000;1673,00000000;4,15
2020-04-13T00:00:00+00:00;EXCHBULL/USD;1581,50000000;1613,00000000;1473,50000000;1603,50000000;1,37
2020-04-12T00:00:00+00:00;EXCHBULL/USD;1521,00000000;1700,50000000;1482,50000000;1581,50000000;3,83
2020-04-11T00:00:00+00:00;EXCHBULL/USD;1525,50000000;1590,00000000;1473,50000000;1521,00000000;-0,3
2020-04-10T00:00:00+00:00;EXCHBULL/USD;1834,50000000;1846,00000000;1424,50000000;1525,50000000;-20,26
2020-04-09T00:00:00+00:00;EXCHBULL/USD;1844,50000000;1867,50000000;1775,50000000;1834,50000000;-0,55
2020-04-08T00:00:00+00:00;EXCHBULL/USD;1765,00000000;1900,00000000;1739,00000000;1844,50000000;4,31
2020-04-07T00:00:00+00:00;EXCHBULL/USD;1825,00000000;1930,50000000;1709,50000000;1765,00000000;-3,4
2020-04-06T00:00:00+00:00;EXCHBULL/USD;1590,50000000;1826,50000000;1589,50000000;1825,00000000;12,85
2020-04-05T00:00:00+00:00;EXCHBULL/USD;1612,50000000;1672,50000000;1549,50000000;1590,50000000;-1,38
2020-04-04T00:00:00+00:00;EXCHBULL/USD;1503,50000000;1667,50000000;1467,50000000;1612,50000000;6,76
2020-04-03T00:00:00+00:00;EXCHBULL/USD;1455,50000000;1543,00000000;1421,50000000;1503,50000000;3,19
2020-04-02T00:00:00+00:00;EXCHBULL/USD;1396,00000000;1580,50000000;1368,00000000;1455,50000000;4,09
2020-04-01T00:00:00+00:00;EXCHBULL/USD;1346,00000000;1404,00000000;1266,50000000;1396,00000000;3,58
2020-03-31T00:00:00+00:00;EXCHBULL/USD;1273,00000000;1376,50000000;1254,00000000;1346,00000000;5,42
2020-03-30T00:00:00+00:00;EXCHBULL/USD;1108,00000000;1341,00000000;1098,50000000;1273,00000000;12,96
2020-03-29T00:00:00+00:00;EXCHBULL/USD;1231,50000000;1250,00000000;1108,00000000;1108,00000000;-11,15
2020-03-28T00:00:00+00:00;EXCHBULL/USD;1240,00000000;1257,00000000;1144,50000000;1231,50000000;-0,69
2020-03-27T00:00:00+00:00;EXCHBULL/USD;1374,50000000;1406,50000000;1226,50000000;1240,00000000;-10,85
2020-03-26T00:00:00+00:00;EXCHBULL/USD;1306,50000000;1382,50000000;1266,50000000;1374,50000000;4,95
2020-03-25T00:00:00+00:00;EXCHBULL/USD;1352,50000000;1404,00000000;1253,50000000;1306,50000000;-3,52
2020-03-24T00:00:00+00:00;EXCHBULL/USD;1292,50000000;1402,50000000;1265,00000000;1352,50000000;4,44
2020-03-23T00:00:00+00:00;EXCHBULL/USD;1126,00000000;1359,00000000;1086,50000000;1292,50000000;12,88
2020-03-22T00:00:00+00:00;EXCHBULL/USD;1346,50000000;1416,00000000;1094,50000000;1126,00000000;-19,58
2020-03-21T00:00:00+00:00;EXCHBULL/USD;1303,00000000;1408,00000000;1155,00000000;1346,50000000;3,23
2020-03-20T00:00:00+00:00;EXCHBULL/USD;1255,25000000;1627,50000000;1080,00000000;1303,00000000;3,66
2020-03-19T00:00:00+00:00;EXCHBULL/USD;934,50000000;1347,25000000;909,00000000;1255,25000000;25,55
2020-03-18T00:00:00+00:00;EXCHBULL/USD;882,50000000;948,75000000;773,50000000;934,50000000;5,56
2020-03-17T00:00:00+00:00;EXCHBULL/USD;775,75000000;935,75000000;751,50000000;884,50000000;12,3
2020-03-16T00:00:00+00:00;EXCHBULL/USD;1021,25000000;1021,25000000;610,75000000;775,75000000;-31,65
2020-03-15T00:00:00+00:00;EXCHBULL/USD;808,50000000;1110,00000000;792,25000000;1020,25000000;20,75
2020-03-14T00:00:00+00:00;EXCHBULL/USD;882,50000000;942,50000000;786,25000000;808,50000000;-9,15
2020-03-13T00:00:00+00:00;EXCHBULL/USD;717,00000000;902,10000000;354,30000000;882,50000000;18,75
2020-03-12T00:00:00+00:00;EXCHBULL/USD;2951,00000000;2978,00000000;646,00000000;717,00000000;-311,58
2020-03-11T00:00:00+00:00;EXCHBULL/USD;3046,00000000;3118,00000000;2601,00000000;2953,00000000;-3,15
2020-03-10T00:00:00+00:00;EXCHBULL/USD;3066,00000000;3255,00000000;2853,00000000;3044,00000000;-0,72
2020-03-09T00:00:00+00:00;EXCHBULL/USD;3323,00000000;3520,00000000;2600,00000000;3068,00000000;-8,31
2020-03-08T00:00:00+00:00;EXCHBULL/USD;4663,00000000;4663,00000000;3272,00000000;3323,00000000;-40,33
2020-03-07T00:00:00+00:00;EXCHBULL/USD;5113,00000000;5177,00000000;4607,00000000;4663,00000000;-9,65
2020-03-06T00:00:00+00:00;EXCHBULL/USD;4973,00000000;5214,00000000;4832,00000000;5113,00000000;2,74
2020-03-05T00:00:00+00:00;EXCHBULL/USD;4720,00000000;5294,00000000;4681,00000000;4973,00000000;5,09
2020-03-04T00:00:00+00:00;EXCHBULL/USD;4751,00000000;4869,00000000;4594,00000000;4720,00000000;-0,66
2020-03-03T00:00:00+00:00;EXCHBULL/USD;5325,00000000;5325,00000000;4605,00000000;4751,00000000;-12,08
2020-03-02T00:00:00+00:00;EXCHBULL/USD;4740,00000000;5373,00000000;4629,00000000;5325,00000000;10,99
2020-03-01T00:00:00+00:00;EXCHBULL/USD;5382,50000000;5682,50000000;4540,00000000;4740,00000000;-13,55
2020-02-29T00:00:00+00:00;EXCHBULL/USD;5137,00000000;6674,00000000;5131,00000000;5382,50000000;4,56
2020-02-28T00:00:00+00:00;EXCHBULL/USD;4687,00000000;5409,00000000;4191,00000000;5137,00000000;8,76
2020-02-27T00:00:00+00:00;EXCHBULL/USD;4692,00000000;4951,00000000;4029,00000000;4687,00000000;-0,11
2020-02-26T00:00:00+00:00;EXCHBULL/USD;4975,00000000;5036,00000000;3668,00000000;4689,00000000;-6,1
2020-02-25T00:00:00+00:00;EXCHBULL/USD;6500,00000000;6515,00000000;4847,50000000;4975,00000000;-30,65
2020-02-24T00:00:00+00:00;EXCHBULL/USD;7472,50000000;7577,50000000;5972,50000000;6500,00000000;-14,96
2020-02-23T00:00:00+00:00;EXCHBULL/USD;6067,50000000;7512,50000000;6050,00000000;7472,50000000;18,8
2020-02-22T00:00:00+00:00;EXCHBULL/USD;7787,50000000;7877,50000000;5847,50000000;6067,50000000;-28,35
2020-02-21T00:00:00+00:00;EXCHBULL/USD;7702,50000000;8340,00000000;7570,00000000;7792,50000000;1,15
2020-02-20T00:00:00+00:00;EXCHBULL/USD;8067,50000000;8440,00000000;7142,50000000;7705,00000000;-4,7
2020-02-19T00:00:00+00:00;EXCHBULL/USD;8742,50000000;10087,50000000;7837,50000000;8067,50000000;-8,37
2020-02-18T00:00:00+00:00;EXCHBULL/USD;8237,50000000;8887,50000000;7455,00000000;8735,00000000;5,7
2020-02-17T00:00:00+00:00;EXCHBULL/USD;8572,50000000;8732,50000000;6552,50000000;8237,50000000;-4,07
2020-02-16T00:00:00+00:00;EXCHBULL/USD;8740,00000000;10607,50000000;7137,50000000;8625,00000000;-1,33
2020-02-15T00:00:00+00:00;EXCHBULL/USD;9062,50000000;10450,00000000;7812,50000000;8740,00000000;-3,69
2020-02-14T00:00:00+00:00;EXCHBULL/USD;7797,50000000;9085,00000000;7660,00000000;9062,50000000;13,96
2020-02-13T00:00:00+00:00;EXCHBULL/USD;8315,00000000;9052,50000000;7017,50000000;7797,50000000;-6,64
2020-02-12T00:00:00+00:00;EXCHBULL/USD;7530,00000000;8557,50000000;7105,00000000;8315,00000000;9,44
2020-02-11T00:00:00+00:00;EXCHBULL/USD;7277,50000000;7862,50000000;6470,00000000;7530,00000000;3,35
2020-02-10T00:00:00+00:00;EXCHBULL/USD;4656,00000000;7502,50000000;4465,00000000;7277,50000000;36,02
2020-02-09T00:00:00+00:00;EXCHBULL/USD;4054,00000000;4682,00000000;4030,00000000;4679,00000000;13,36
2020-02-08T00:00:00+00:00;EXCHBULL/USD;4193,00000000;4235,00000000;3702,00000000;4054,00000000;-3,43
2020-02-07T00:00:00+00:00;EXCHBULL/USD;3790,00000000;4327,00000000;3748,00000000;4193,00000000;9,61
2020-02-06T00:00:00+00:00;EXCHBULL/USD;3278,00000000;3868,00000000;3187,00000000;3790,00000000;13,51
2020-02-05T00:00:00+00:00;EXCHBULL/USD;2850,00000000;3357,00000000;2837,00000000;3278,00000000;13,06
2020-02-04T00:00:00+00:00;EXCHBULL/USD;2905,00000000;2946,00000000;2715,00000000;2850,00000000;-1,93
2020-02-03T00:00:00+00:00;EXCHBULL/USD;2883,00000000;3040,00000000;2848,00000000;2905,00000000;0,76
2020-02-02T00:00:00+00:00;EXCHBULL/USD;2816,00000000;2978,00000000;2662,00000000;2883,00000000;2,32
2020-02-01T00:00:00+00:00;EXCHBULL/USD;2731,00000000;2875,00000000;2715,00000000;2813,00000000;2,92
2020-01-31T00:00:00+00:00;EXCHBULL/USD;2841,00000000;2939,00000000;2590,00000000;2731,00000000;-4,03
2020-01-30T00:00:00+00:00;EXCHBULL/USD;2670,00000000;2870,00000000;2576,00000000;2841,00000000;6,02
2020-01-29T00:00:00+00:00;EXCHBULL/USD;2571,00000000;2790,00000000;2547,00000000;2670,00000000;3,71
2020-01-28T00:00:00+00:00;EXCHBULL/USD;2412,00000000;2591,00000000;2394,00000000;2571,00000000;6,18
2020-01-27T00:00:00+00:00;EXCHBULL/USD;2311,00000000;2474,50000000;2303,00000000;2412,00000000;4,19
2020-01-26T00:00:00+00:00;EXCHBULL/USD;2194,00000000;2319,50000000;2173,00000000;2311,00000000;5,06
2020-01-25T00:00:00+00:00;EXCHBULL/USD;2302,50000000;2310,00000000;2168,50000000;2194,00000000;-4,95
2020-01-24T00:00:00+00:00;EXCHBULL/USD;2233,00000000;2358,00000000;2150,00000000;2306,00000000;3,17
2020-01-23T00:00:00+00:00;EXCHBULL/USD;2455,00000000;2457,00000000;2087,00000000;2233,00000000;-9,94
2020-01-22T00:00:00+00:00;EXCHBULL/USD;2540,00000000;2614,00000000;2417,00000000;2455,00000000;-3,46
2020-01-21T00:00:00+00:00;EXCHBULL/USD;2381,00000000;2587,00000000;2361,00000000;2540,00000000;6,26
2020-01-20T00:00:00+00:00;EXCHBULL/USD;2400,00000000;2455,00000000;2295,00000000;2381,00000000;-0,8
2020-01-19T00:00:00+00:00;EXCHBULL/USD;2510,00000000;2812,00000000;2266,00000000;2405,00000000;-4,37
2020-01-18T00:00:00+00:00;EXCHBULL/USD;2694,00000000;2760,00000000;2505,00000000;2510,00000000;-7,33
2020-01-17T00:00:00+00:00;EXCHBULL/USD;2538,00000000;2798,00000000;2538,00000000;2694,00000000;5,79
2020-01-16T00:00:00+00:00;EXCHBULL/USD;2786,00000000;2810,00000000;2388,00000000;2537,00000000;-9,81
2020-01-15T00:00:00+00:00;EXCHBULL/USD;2559,00000000;3036,00000000;2441,00000000;2786,00000000;8,15
2020-01-14T00:00:00+00:00;EXCHBULL/USD;2137,50000000;2613,00000000;2137,00000000;2559,00000000;16,47
2020-01-13T00:00:00+00:00;EXCHBULL/USD;2219,00000000;2226,50000000;2105,50000000;2137,50000000;-3,81
2020-01-12T00:00:00+00:00;EXCHBULL/USD;2222,50000000;2282,50000000;2179,00000000;2213,00000000;-0,43
2020-01-11T00:00:00+00:00;EXCHBULL/USD;2238,00000000;2342,00000000;2155,00000000;2224,00000000;-0,63
2020-01-10T00:00:00+00:00;EXCHBULL/USD;2080,00000000;2238,50000000;1969,00000000;2238,00000000;7,06
2020-01-09T00:00:00+00:00;EXCHBULL/USD;2134,50000000;2149,50000000;2011,50000000;2079,00000000;-2,67
2020-01-08T00:00:00+00:00;EXCHBULL/USD;2250,00000000;2370,50000000;2084,00000000;2134,50000000;-5,41
2020-01-07T00:00:00+00:00;EXCHBULL/USD;2118,50000000;2270,00000000;2081,50000000;2250,00000000;5,84

