DATE/TIME;SYMBOL;OPEN;HIGH;LOW;CLOSE;EVOL % CLOSE/HIGH
2022-01-05T00:00:00+00:00;ALTBEAR/USD;0,00004825;0,00004883;0,00004433;0,00004515;-6,87
2022-01-04T00:00:00+00:00;ALTBEAR/USD;0,00004675;0,00004914;0,00004429;0,00004830;3,21
2022-01-03T00:00:00+00:00;ALTBEAR/USD;0,00004411;0,00004871;0,00004320;0,00004675;5,65
2022-01-02T00:00:00+00:00;ALTBEAR/USD;0,00004597;0,00004822;0,00004287;0,00004411;-4,22
2022-01-01T00:00:00+00:00;ALTBEAR/USD;0,00005179;0,00005179;0,00004581;0,00004597;-12,66
2021-12-31T00:00:00+00:00;ALTBEAR/USD;0,00004975;0,00005405;0,00004545;0,00005179;3,94
2021-12-30T00:00:00+00:00;ALTBEAR/USD;0,00005221;0,00005442;0,00004705;0,00004975;-4,94
2021-12-29T00:00:00+00:00;ALTBEAR/USD;0,00004678;0,00005333;0,00004445;0,00005221;10,4
2021-12-28T00:00:00+00:00;ALTBEAR/USD;0,00003884;0,00004772;0,00003862;0,00004678;16,97
2021-12-27T00:00:00+00:00;ALTBEAR/USD;0,00004059;0,00004088;0,00003583;0,00003884;-4,51
2021-12-26T00:00:00+00:00;ALTBEAR/USD;0,00004131;0,00004413;0,00003975;0,00004059;-1,77
2021-12-25T00:00:00+00:00;ALTBEAR/USD;0,00004391;0,00004453;0,00004030;0,00004131;-6,29
2021-12-24T00:00:00+00:00;ALTBEAR/USD;0,00004030;0,00004468;0,00003978;0,00004391;8,22
2021-12-23T00:00:00+00:00;ALTBEAR/USD;0,00004754;0,00004937;0,00003927;0,00004030;-17,97
2021-12-22T00:00:00+00:00;ALTBEAR/USD;0,00005000;0,00005080;0,00004499;0,00004754;-5,17
2021-12-21T00:00:00+00:00;ALTBEAR/USD;0,00005428;0,00005611;0,00004907;0,00005000;-8,56
2021-12-20T00:00:00+00:00;ALTBEAR/USD;0,00005400;0,00006059;0,00005196;0,00005428;0,52
2021-12-19T00:00:00+00:00;ALTBEAR/USD;0,00005302;0,00005459;0,00004933;0,00005400;1,81
2021-12-18T00:00:00+00:00;ALTBEAR/USD;0,00005715;0,00006000;0,00005172;0,00005302;-7,79
2021-12-17T00:00:00+00:00;ALTBEAR/USD;0,00005435;0,00006177;0,00005235;0,00005715;4,9
2021-12-16T00:00:00+00:00;ALTBEAR/USD;0,00004968;0,00005446;0,00004783;0,00005435;8,59
2021-12-15T00:00:00+00:00;ALTBEAR/USD;0,00005494;0,00006349;0,00004720;0,00004968;-10,59
2021-12-14T00:00:00+00:00;ALTBEAR/USD;0,00005973;0,00006160;0,00005390;0,00005494;-8,72
2021-12-13T00:00:00+00:00;ALTBEAR/USD;0,00004711;0,00006252;0,00004657;0,00005973;21,13
2021-12-12T00:00:00+00:00;ALTBEAR/USD;0,00004933;0,00005176;0,00004567;0,00004711;-4,71
2021-12-11T00:00:00+00:00;ALTBEAR/USD;0,00005849;0,00006117;0,00004881;0,00004933;-18,57
2021-12-10T00:00:00+00:00;ALTBEAR/USD;0,00005133;0,00005895;0,00004659;0,00005849;12,24
2021-12-09T00:00:00+00:00;ALTBEAR/USD;0,00004320;0,00005229;0,00004195;0,00005133;15,84
2021-12-08T00:00:00+00:00;ALTBEAR/USD;0,00004811;0,00005164;0,00004295;0,00004320;-11,37
2021-12-07T00:00:00+00:00;ALTBEAR/USD;0,00004791;0,00005016;0,00004418;0,00004811;0,42
2021-12-06T00:00:00+00:00;ALTBEAR/USD;0,00005432;0,00006524;0,00004668;0,00004791;-13,38
2021-12-05T00:00:00+00:00;ALTBEAR/USD;0,00005564;0,00006570;0,00004950;0,00005432;-2,43
2021-12-04T00:00:00+00:00;ALTBEAR/USD;0,00004294;0,00007601;0,00004030;0,00005564;22,83
2021-12-03T00:00:00+00:00;ALTBEAR/USD;0,00003665;0,00004760;0,00003401;0,00004294;14,65
2021-12-02T00:00:00+00:00;ALTBEAR/USD;0,00003690;0,00004013;0,00003478;0,00003665;-0,68
2021-12-01T00:00:00+00:00;ALTBEAR/USD;0,00003649;0,00003806;0,00003177;0,00003690;1,11
2021-11-30T00:00:00+00:00;ALTBEAR/USD;0,00003717;0,00004041;0,00003282;0,00003649;-1,86
2021-11-29T00:00:00+00:00;ALTBEAR/USD;0,00004181;0,00004181;0,00003501;0,00003717;-12,48
2021-11-28T00:00:00+00:00;ALTBEAR/USD;0,00004373;0,00005105;0,00003844;0,00004181;-4,59
2021-11-27T00:00:00+00:00;ALTBEAR/USD;0,00004644;0,00004647;0,00003888;0,00004373;-6,2
2021-11-26T00:00:00+00:00;ALTBEAR/USD;0,00003587;0,00004883;0,00003275;0,00004644;22,76
2021-11-25T00:00:00+00:00;ALTBEAR/USD;0,00004171;0,00004171;0,00003156;0,00003587;-16,28
2021-11-24T00:00:00+00:00;ALTBEAR/USD;0,00003883;0,00004531;0,00003750;0,00004171;6,9
2021-11-23T00:00:00+00:00;ALTBEAR/USD;0,00004339;0,00004459;0,00003750;0,00003883;-11,74
2021-11-22T00:00:00+00:00;ALTBEAR/USD;0,00003855;0,00004459;0,00003825;0,00004339;11,15
2021-11-21T00:00:00+00:00;ALTBEAR/USD;0,00003555;0,00003872;0,00003546;0,00003855;7,78
2021-11-20T00:00:00+00:00;ALTBEAR/USD;0,00003879;0,00004371;0,00003547;0,00003555;-9,11
2021-11-19T00:00:00+00:00;ALTBEAR/USD;0,00004844;0,00005096;0,00003540;0,00003879;-24,88
2021-11-18T00:00:00+00:00;ALTBEAR/USD;0,00004011;0,00005167;0,00003811;0,00004844;17,2
2021-11-17T00:00:00+00:00;ALTBEAR/USD;0,00004085;0,00004697;0,00003947;0,00004011;-1,84
2021-11-16T00:00:00+00:00;ALTBEAR/USD;0,00003299;0,00004400;0,00003299;0,00004085;19,24
2021-11-15T00:00:00+00:00;ALTBEAR/USD;0,00003102;0,00003320;0,00002980;0,00003299;5,97
2021-11-14T00:00:00+00:00;ALTBEAR/USD;0,00003123;0,00003323;0,00003025;0,00003102;-0,68
2021-11-13T00:00:00+00:00;ALTBEAR/USD;0,00003263;0,00003363;0,00003047;0,00003123;-4,48
2021-11-12T00:00:00+00:00;ALTBEAR/USD;0,00003182;0,00003591;0,00003068;0,00003263;2,48
2021-11-11T00:00:00+00:00;ALTBEAR/USD;0,00003355;0,00003480;0,00002975;0,00003182;-5,44
2021-11-10T00:00:00+00:00;ALTBEAR/USD;0,00002938;0,00003714;0,00002670;0,00003355;12,43
2021-11-09T00:00:00+00:00;ALTBEAR/USD;0,00002967;0,00003500;0,00002746;0,00002938;-0,99
2021-11-08T00:00:00+00:00;ALTBEAR/USD;0,00003341;0,00003368;0,00002936;0,00002967;-12,61
2021-11-07T00:00:00+00:00;ALTBEAR/USD;0,00003540;0,00003620;0,00003241;0,00003341;-5,96
2021-11-06T00:00:00+00:00;ALTBEAR/USD;0,00003709;0,00004060;0,00003540;0,00003540;-4,77
2021-11-05T00:00:00+00:00;ALTBEAR/USD;0,00003832;0,00003984;0,00003570;0,00003709;-3,32
2021-11-04T00:00:00+00:00;ALTBEAR/USD;0,00003633;0,00004074;0,00003599;0,00003832;5,19
2021-11-03T00:00:00+00:00;ALTBEAR/USD;0,00003943;0,00004169;0,00003545;0,00003633;-8,53
2021-11-02T00:00:00+00:00;ALTBEAR/USD;0,00004311;0,00004460;0,00003889;0,00003943;-9,33
2021-11-01T00:00:00+00:00;ALTBEAR/USD;0,00004795;0,00005223;0,00004275;0,00004311;-11,23
2021-10-31T00:00:00+00:00;ALTBEAR/USD;0,00004819;0,00005236;0,00004609;0,00004795;-0,5
2021-10-30T00:00:00+00:00;ALTBEAR/USD;0,00004594;0,00005040;0,00004525;0,00004819;4,67
2021-10-29T00:00:00+00:00;ALTBEAR/USD;0,00005201;0,00005268;0,00004522;0,00004594;-13,21
2021-10-28T00:00:00+00:00;ALTBEAR/USD;0,00006532;0,00006637;0,00005021;0,00005201;-25,59
2021-10-27T00:00:00+00:00;ALTBEAR/USD;0,00005215;0,00006675;0,00004848;0,00006532;20,16
2021-10-26T00:00:00+00:00;ALTBEAR/USD;0,00005101;0,00005406;0,00004836;0,00005215;2,19
2021-10-25T00:00:00+00:00;ALTBEAR/USD;0,00005527;0,00005574;0,00005035;0,00005101;-8,35
2021-10-24T00:00:00+00:00;ALTBEAR/USD;0,00005140;0,00005810;0,00005130;0,00005527;7,0
2021-10-23T00:00:00+00:00;ALTBEAR/USD;0,00005497;0,00005665;0,00005130;0,00005140;-6,95
2021-10-22T00:00:00+00:00;ALTBEAR/USD;0,00005520;0,00005657;0,00004910;0,00005497;-0,42
2021-10-21T00:00:00+00:00;ALTBEAR/USD;0,00004976;0,00005570;0,00004142;0,00005520;9,86
2021-10-20T00:00:00+00:00;ALTBEAR/USD;0,00005875;0,00005998;0,00004891;0,00004976;-18,07
2021-10-19T00:00:00+00:00;ALTBEAR/USD;0,00006055;0,00006246;0,00005709;0,00005875;-3,06
2021-10-18T00:00:00+00:00;ALTBEAR/USD;0,00005966;0,00006357;0,00005772;0,00006055;1,47
2021-10-17T00:00:00+00:00;ALTBEAR/USD;0,00005904;0,00006606;0,00005705;0,00005966;1,04
2021-10-16T00:00:00+00:00;ALTBEAR/USD;0,00005615;0,00005982;0,00005342;0,00005904;4,89
2021-10-15T00:00:00+00:00;ALTBEAR/USD;0,00006036;0,00006527;0,00005480;0,00005615;-7,5
2021-10-14T00:00:00+00:00;ALTBEAR/USD;0,00006199;0,00006317;0,00005818;0,00006030;-2,8
2021-10-13T00:00:00+00:00;ALTBEAR/USD;0,00007426;0,00007898;0,00006069;0,00006199;-19,79
2021-10-12T00:00:00+00:00;ALTBEAR/USD;0,00007530;0,00008701;0,00007395;0,00007426;-1,4
2021-10-11T00:00:00+00:00;ALTBEAR/USD;0,00007808;0,00008003;0,00006720;0,00007530;-3,69
2021-10-10T00:00:00+00:00;ALTBEAR/USD;0,00006924;0,00007881;0,00006719;0,00007808;11,32
2021-10-09T00:00:00+00:00;ALTBEAR/USD;0,00007580;0,00007723;0,00006691;0,00006924;-9,47
2021-10-08T00:00:00+00:00;ALTBEAR/USD;0,00007167;0,00007725;0,00006743;0,00007580;5,45
2021-10-07T00:00:00+00:00;ALTBEAR/USD;0,00007465;0,00008085;0,00006632;0,00007167;-4,16
2021-10-06T00:00:00+00:00;ALTBEAR/USD;0,00007499;0,00008779;0,00007168;0,00007465;-0,46
2021-10-05T00:00:00+00:00;ALTBEAR/USD;0,00008300;0,00008396;0,00007373;0,00007499;-10,68
2021-10-04T00:00:00+00:00;ALTBEAR/USD;0,00007828;0,00008989;0,00007823;0,00008300;5,69
2021-10-03T00:00:00+00:00;ALTBEAR/USD;0,00008111;0,00008405;0,00007383;0,00007828;-3,62
2021-10-02T00:00:00+00:00;ALTBEAR/USD;0,00008304;0,00008780;0,00007432;0,00008084;-2,72
2021-10-01T00:00:00+00:00;ALTBEAR/USD;0,00010980;0,00011345;0,00008177;0,00008304;-32,23
2021-09-30T00:00:00+00:00;ALTBEAR/USD;0,00012800;0,00012925;0,00010810;0,00010980;-16,58
2021-09-29T00:00:00+00:00;ALTBEAR/USD;0,00014980;0,00015195;0,00011800;0,00012800;-17,03
2021-09-28T00:00:00+00:00;ALTBEAR/USD;0,00013500;0,00014985;0,00012760;0,00014980;9,88
2021-09-27T00:00:00+00:00;ALTBEAR/USD;0,00012225;0,00013520;0,00010990;0,00013500;9,44
2021-09-26T00:00:00+00:00;ALTBEAR/USD;0,00011795;0,00014405;0,00011465;0,00012225;3,52
2021-09-25T00:00:00+00:00;ALTBEAR/USD;0,00011645;0,00012685;0,00010940;0,00011795;1,27
2021-09-24T00:00:00+00:00;ALTBEAR/USD;0,00009949;0,00013740;0,00009898;0,00011645;14,56
2021-09-23T00:00:00+00:00;ALTBEAR/USD;0,00010800;0,00011655;0,00009940;0,00009949;-8,55
2021-09-22T00:00:00+00:00;ALTBEAR/USD;0,00016430;0,00016935;0,00010615;0,00010800;-52,13
2021-09-21T00:00:00+00:00;ALTBEAR/USD;0,00014190;0,00017525;0,00012015;0,00016430;13,63
2021-09-20T00:00:00+00:00;ALTBEAR/USD;0,00010605;0,00014985;0,00010470;0,00014190;25,26
2021-09-19T00:00:00+00:00;ALTBEAR/USD;0,00009766;0,00010918;0,00009651;0,00010605;7,91
2021-09-18T00:00:00+00:00;ALTBEAR/USD;0,00010234;0,00010635;0,00009155;0,00009766;-4,79
2021-09-17T00:00:00+00:00;ALTBEAR/USD;0,00009144;0,00010580;0,00008889;0,00010234;10,65
2021-09-16T00:00:00+00:00;ALTBEAR/USD;0,00008539;0,00009679;0,00008492;0,00009144;6,62
2021-09-15T00:00:00+00:00;ALTBEAR/USD;0,00009460;0,00009897;0,00008417;0,00008539;-10,79
2021-09-14T00:00:00+00:00;ALTBEAR/USD;0,00010635;0,00010905;0,00009460;0,00009460;-12,42
2021-09-13T00:00:00+00:00;ALTBEAR/USD;0,00009424;0,00011850;0,00009126;0,00010635;11,39
2021-09-12T00:00:00+00:00;ALTBEAR/USD;0,00010580;0,00011345;0,00008860;0,00009492;-11,46
2021-09-11T00:00:00+00:00;ALTBEAR/USD;0,00012540;0,00012670;0,00009785;0,00010580;-18,53
2021-09-10T00:00:00+00:00;ALTBEAR/USD;0,00010960;0,00013185;0,00009530;0,00012540;12,6
2021-09-09T00:00:00+00:00;ALTBEAR/USD;0,00011400;0,00012195;0,00009855;0,00010960;-4,01
2021-09-08T00:00:00+00:00;ALTBEAR/USD;0,00011325;0,00014460;0,00010335;0,00011400;0,66
2021-09-07T00:00:00+00:00;ALTBEAR/USD;0,00007779;0,00013659;0,00007579;0,00011325;31,31
2021-09-06T00:00:00+00:00;ALTBEAR/USD;0,00007610;0,00008314;0,00007307;0,00007779;2,17
2021-09-05T00:00:00+00:00;ALTBEAR/USD;0,00008513;0,00008850;0,00007534;0,00007610;-11,87
2021-09-04T00:00:00+00:00;ALTBEAR/USD;0,00008090;0,00008774;0,00007951;0,00008530;5,16
2021-09-03T00:00:00+00:00;ALTBEAR/USD;0,00008818;0,00009300;0,00007851;0,00008090;-9,0
2021-09-02T00:00:00+00:00;ALTBEAR/USD;0,00008850;0,00009123;0,00008250;0,00008818;-0,36
2021-09-01T00:00:00+00:00;ALTBEAR/USD;0,00010885;0,00011525;0,00008850;0,00008850;-22,99
2021-08-31T00:00:00+00:00;ALTBEAR/USD;0,00012575;0,00013005;0,00010415;0,00010885;-15,53
2021-08-30T00:00:00+00:00;ALTBEAR/USD;0,00011610;0,00012800;0,00011230;0,00012575;7,67
2021-08-29T00:00:00+00:00;ALTBEAR/USD;0,00011515;0,00012265;0,00010980;0,00011610;0,82
2021-08-28T00:00:00+00:00;ALTBEAR/USD;0,00010800;0,00011960;0,00010715;0,00011515;6,21
2021-08-27T00:00:00+00:00;ALTBEAR/USD;0,00014455;0,00015070;0,00010800;0,00010800;-33,84
2021-08-26T00:00:00+00:00;ALTBEAR/USD;0,00012175;0,00014840;0,00011550;0,00014455;15,77
2021-08-25T00:00:00+00:00;ALTBEAR/USD;0,00013220;0,00014165;0,00011760;0,00012175;-8,58
2021-08-24T00:00:00+00:00;ALTBEAR/USD;0,00011100;0,00014110;0,00010835;0,00013220;16,04
2021-08-23T00:00:00+00:00;ALTBEAR/USD;0,00013435;0,00013500;0,00010695;0,00011100;-21,04
2021-08-22T00:00:00+00:00;ALTBEAR/USD;0,00014635;0,00015205;0,00013055;0,00013435;-8,93
2021-08-21T00:00:00+00:00;ALTBEAR/USD;0,00013935;0,00015085;0,00013490;0,00014635;4,78
2021-08-20T00:00:00+00:00;ALTBEAR/USD;0,00015515;0,00016045;0,00013500;0,00013935;-11,34
2021-08-19T00:00:00+00:00;ALTBEAR/USD;0,00020690;0,00022325;0,00015515;0,00015515;-33,35
2021-08-18T00:00:00+00:00;ALTBEAR/USD;0,00022600;0,00024645;0,00018830;0,00020690;-9,23
2021-08-17T00:00:00+00:00;ALTBEAR/USD;0,00019570;0,00022825;0,00016985;0,00022600;13,41
2021-08-16T00:00:00+00:00;ALTBEAR/USD;0,00017915;0,00019840;0,00016720;0,00019570;8,46
2021-08-15T00:00:00+00:00;ALTBEAR/USD;0,00018435;0,00020575;0,00017645;0,00017915;-2,9
2021-08-14T00:00:00+00:00;ALTBEAR/USD;0,00019835;0,00021255;0,00017960;0,00018435;-7,59
2021-08-13T00:00:00+00:00;ALTBEAR/USD;0,00027960;0,00028470;0,00019730;0,00019835;-40,96
2021-08-12T00:00:00+00:00;ALTBEAR/USD;0,00026520;0,00031300;0,00023760;0,00027960;5,15
2021-08-11T00:00:00+00:00;ALTBEAR/USD;0,00032720;0,00032810;0,00023500;0,00026520;-23,38
2021-08-10T00:00:00+00:00;ALTBEAR/USD;0,00037300;0,00039340;0,00031560;0,00032720;-14,0
2021-08-09T00:00:00+00:00;ALTBEAR/USD;0,00043560;0,00047270;0,00036010;0,00037300;-16,78
2021-08-08T00:00:00+00:00;ALTBEAR/USD;0,00038170;0,00045050;0,00037110;0,00043560;12,37
2021-08-07T00:00:00+00:00;ALTBEAR/USD;0,00046410;0,00047100;0,00037270;0,00038170;-21,59
2021-08-06T00:00:00+00:00;ALTBEAR/USD;0,00049320;0,00052530;0,00044630;0,00046410;-6,27
2021-08-05T00:00:00+00:00;ALTBEAR/USD;0,00051600;0,00058570;0,00048600;0,00049320;-4,62
2021-08-04T00:00:00+00:00;ALTBEAR/USD;0,00058875;0,00062300;0,00049750;0,00051600;-14,1
2021-08-03T00:00:00+00:00;ALTBEAR/USD;0,00056875;0,00064200;0,00054675;0,00058875;3,4
2021-08-02T00:00:00+00:00;ALTBEAR/USD;0,00058350;0,00061125;0,00052900;0,00056875;-2,59
2021-08-01T00:00:00+00:00;ALTBEAR/USD;0,00058100;0,00060500;0,00049900;0,00058350;0,43
2021-07-31T00:00:00+00:00;ALTBEAR/USD;0,00061575;0,00064500;0,00056275;0,00058125;-5,94
2021-07-30T00:00:00+00:00;ALTBEAR/USD;0,00067075;0,00073925;0,00061550;0,00061575;-8,93
2021-07-29T00:00:00+00:00;ALTBEAR/USD;0,00071475;0,00076050;0,00065975;0,00067075;-6,56
2021-07-28T00:00:00+00:00;ALTBEAR/USD;0,00075750;0,00079675;0,00068100;0,00071475;-5,98
2021-07-27T00:00:00+00:00;ALTBEAR/USD;0,00083375;0,00090700;0,00072125;0,00075750;-10,07
2021-07-26T00:00:00+00:00;ALTBEAR/USD;0,00092825;0,00093525;0,00065850;0,00083375;-11,33
2021-07-25T00:00:00+00:00;ALTBEAR/USD;0,00093175;0,00101350;0,00092075;0,00092825;-0,38
2021-07-24T00:00:00+00:00;ALTBEAR/USD;0,00097950;0,00099550;0,00089125;0,00093175;-5,12
2021-07-23T00:00:00+00:00;ALTBEAR/USD;0,00106750;0,00116500;0,00097875;0,00097950;-8,98
2021-07-22T00:00:00+00:00;ALTBEAR/USD;0,00113400;0,00119250;0,00102900;0,00106750;-6,23
2021-07-21T00:00:00+00:00;ALTBEAR/USD;0,00159500;0,00166100;0,00103600;0,00113400;-40,65
2021-07-20T00:00:00+00:00;ALTBEAR/USD;0,00140000;0,00172950;0,00134200;0,00159500;12,23
2021-07-19T00:00:00+00:00;ALTBEAR/USD;0,00118900;0,00141100;0,00117150;0,00140000;15,07
2021-07-18T00:00:00+00:00;ALTBEAR/USD;0,00121550;0,00123000;0,00108450;0,00118900;-2,23
2021-07-17T00:00:00+00:00;ALTBEAR/USD;0,00122000;0,00129050;0,00115600;0,00121550;-0,37
2021-07-16T00:00:00+00:00;ALTBEAR/USD;0,00109650;0,00123400;0,00103800;0,00122000;10,12
2021-07-15T00:00:00+00:00;ALTBEAR/USD;0,00102950;0,00116025;0,00097075;0,00109650;6,11
2021-07-14T00:00:00+00:00;ALTBEAR/USD;0,00104750;0,00120025;0,00099100;0,00102950;-1,75
2021-07-13T00:00:00+00:00;ALTBEAR/USD;0,00095875;0,00107725;0,00094100;0,00104750;8,47
2021-07-12T00:00:00+00:00;ALTBEAR/USD;0,00088100;0,00099900;0,00082000;0,00095875;8,11
2021-07-11T00:00:00+00:00;ALTBEAR/USD;0,00091475;0,00094700;0,00084400;0,00088100;-3,83
2021-07-10T00:00:00+00:00;ALTBEAR/USD;0,00088075;0,00095375;0,00084400;0,00091475;3,72
2021-07-09T00:00:00+00:00;ALTBEAR/USD;0,00094900;0,00104125;0,00086100;0,00088075;-7,75
2021-07-08T00:00:00+00:00;ALTBEAR/USD;0,00080775;0,00098000;0,00080500;0,00094900;14,88
2021-07-07T00:00:00+00:00;ALTBEAR/USD;0,00081025;0,00083475;0,00073100;0,00080775;-0,31
2021-07-06T00:00:00+00:00;ALTBEAR/USD;0,00092025;0,00092200;0,00077700;0,00081025;-13,58
2021-07-05T00:00:00+00:00;ALTBEAR/USD;0,00081400;0,00097225;0,00081400;0,00092025;11,55
2021-07-04T00:00:00+00:00;ALTBEAR/USD;0,00091650;0,00096000;0,00074600;0,00081400;-12,59
2021-07-03T00:00:00+00:00;ALTBEAR/USD;0,00098775;0,00104075;0,00088100;0,00091650;-7,77
2021-07-02T00:00:00+00:00;ALTBEAR/USD;0,00103375;0,00114600;0,00098600;0,00098775;-4,66
2021-07-01T00:00:00+00:00;ALTBEAR/USD;0,00088275;0,00108225;0,00088275;0,00103375;14,61
2021-06-30T00:00:00+00:00;ALTBEAR/USD;0,00092350;0,00108400;0,00088100;0,00088275;-4,62
2021-06-29T00:00:00+00:00;ALTBEAR/USD;0,00109100;0,00109450;0,00082750;0,00092350;-18,14
2021-06-28T00:00:00+00:00;ALTBEAR/USD;0,00115650;0,00120100;0,00101750;0,00109100;-6,0
2021-06-27T00:00:00+00:00;ALTBEAR/USD;0,00138950;0,00147400;0,00114200;0,00115650;-20,15
2021-06-26T00:00:00+00:00;ALTBEAR/USD;0,00142250;0,00162200;0,00126800;0,00138950;-2,37
2021-06-25T00:00:00+00:00;ALTBEAR/USD;0,00113600;0,00144750;0,00106500;0,00142250;20,14
2021-06-24T00:00:00+00:00;ALTBEAR/USD;0,00133400;0,00150650;0,00105400;0,00113600;-17,43
2021-06-23T00:00:00+00:00;ALTBEAR/USD;0,00191650;0,00214700;0,00120950;0,00133400;-43,67
2021-06-22T00:00:00+00:00;ALTBEAR/USD;0,00187150;0,00241400;0,00146350;0,00191650;2,35
2021-06-21T00:00:00+00:00;ALTBEAR/USD;0,00119550;0,00188800;0,00117650;0,00187150;36,12
2021-06-20T00:00:00+00:00;ALTBEAR/USD;0,00130200;0,00155250;0,00116200;0,00119550;-8,91
2021-06-19T00:00:00+00:00;ALTBEAR/USD;0,00120400;0,00130200;0,00114300;0,00130200;7,53
2021-06-18T00:00:00+00:00;ALTBEAR/USD;0,00104825;0,00130850;0,00103675;0,00120300;12,86
2021-06-17T00:00:00+00:00;ALTBEAR/USD;0,00107000;0,00110800;0,00093700;0,00104825;-2,07
2021-06-16T00:00:00+00:00;ALTBEAR/USD;0,00092400;0,00108250;0,00090650;0,00107000;13,64
2021-06-15T00:00:00+00:00;ALTBEAR/USD;0,00087150;0,00094500;0,00083075;0,00092400;5,68
2021-06-14T00:00:00+00:00;ALTBEAR/USD;0,00096475;0,00104375;0,00087150;0,00087150;-10,7
2021-06-13T00:00:00+00:00;ALTBEAR/USD;0,00119650;0,00131350;0,00094275;0,00096475;-24,02
2021-06-12T00:00:00+00:00;ALTBEAR/USD;0,00122000;0,00140050;0,00115050;0,00119650;-1,96
2021-06-11T00:00:00+00:00;ALTBEAR/USD;0,00108150;0,00126325;0,00102250;0,00122000;11,35
2021-06-10T00:00:00+00:00;ALTBEAR/USD;0,00094425;0,00114125;0,00091925;0,00108150;12,69
2021-06-09T00:00:00+00:00;ALTBEAR/USD;0,00110700;0,00127950;0,00094000;0,00094425;-17,24
2021-06-08T00:00:00+00:00;ALTBEAR/USD;0,00109850;0,00143400;0,00103350;0,00110700;0,77
2021-06-07T00:00:00+00:00;ALTBEAR/USD;0,00089275;0,00111500;0,00079800;0,00109850;18,73
2021-06-06T00:00:00+00:00;ALTBEAR/USD;0,00094425;0,00095325;0,00086325;0,00089275;-5,77
2021-06-05T00:00:00+00:00;ALTBEAR/USD;0,00087350;0,00102425;0,00073625;0,00094425;7,49
2021-06-04T00:00:00+00:00;ALTBEAR/USD;0,00071325;0,00098025;0,00071325;0,00087350;18,35
2021-06-03T00:00:00+00:00;ALTBEAR/USD;0,00085600;0,00089725;0,00068200;0,00071325;-20,01
2021-06-02T00:00:00+00:00;ALTBEAR/USD;0,00102350;0,00108600;0,00079775;0,00085600;-19,57
2021-06-01T00:00:00+00:00;ALTBEAR/USD;0,00100000;0,00113825;0,00093125;0,00102350;2,3
2021-05-31T00:00:00+00:00;ALTBEAR/USD;0,00146250;0,00163700;0,00099000;0,00100000;-46,25
2021-05-30T00:00:00+00:00;ALTBEAR/USD;0,00187650;0,00210550;0,00124350;0,00146250;-28,31
2021-05-29T00:00:00+00:00;ALTBEAR/USD;0,00156000;0,00202100;0,00133750;0,00187650;16,87
2021-05-28T00:00:00+00:00;ALTBEAR/USD;0,00119050;0,00168900;0,00114450;0,00156000;23,69
2021-05-27T00:00:00+00:00;ALTBEAR/USD;0,00106100;0,00135600;0,00103500;0,00119050;10,88
2021-05-26T00:00:00+00:00;ALTBEAR/USD;0,00150200;0,00155100;0,00102150;0,00106100;-41,56
2021-05-25T00:00:00+00:00;ALTBEAR/USD;0,00149300;0,00192000;0,00121750;0,00150200;0,6
2021-05-24T00:00:00+00:00;ALTBEAR/USD;0,00336300;0,00363200;0,00148400;0,00149300;-125,25
2021-05-23T00:00:00+00:00;ALTBEAR/USD;0,00249900;0,00473800;0,00209800;0,00336300;25,69
2021-05-22T00:00:00+00:00;ALTBEAR/USD;0,00206450;0,00280250;0,00191600;0,00249900;17,39
2021-05-21T00:00:00+00:00;ALTBEAR/USD;0,00139200;0,00253400;0,00126000;0,00206450;32,57
2021-05-20T00:00:00+00:00;ALTBEAR/USD;0,00247500;0,00357100;0,00120000;0,00139200;-77,8
2021-05-19T00:00:00+00:00;ALTBEAR/USD;0,00124550;0,00308500;0,00117800;0,00247500;49,68
2021-05-18T00:00:00+00:00;ALTBEAR/USD;0,00139800;0,00144600;0,00110350;0,00124550;-12,24
2021-05-17T00:00:00+00:00;ALTBEAR/USD;0,00114450;0,00157350;0,00114250;0,00139800;18,13
2021-05-16T00:00:00+00:00;ALTBEAR/USD;0,00120300;0,00134425;0,00093275;0,00114450;-5,11
2021-05-15T00:00:00+00:00;ALTBEAR/USD;0,00108100;0,00122550;0,00101000;0,00120300;10,14
2021-05-14T00:00:00+00:00;ALTBEAR/USD;0,00135500;0,00138950;0,00106400;0,00108100;-25,35
2021-05-13T00:00:00+00:00;ALTBEAR/USD;0,00172000;0,00198200;0,00122900;0,00135500;-26,94
2021-05-12T00:00:00+00:00;ALTBEAR/USD;0,00121200;0,00173150;0,00109900;0,00172000;29,53
2021-05-11T00:00:00+00:00;ALTBEAR/USD;0,00158950;0,00175750;0,00121150;0,00121200;-31,15
2021-05-10T00:00:00+00:00;ALTBEAR/USD;0,00135600;0,00186550;0,00119250;0,00158950;14,69
2021-05-09T00:00:00+00:00;ALTBEAR/USD;0,00149650;0,00164750;0,00135350;0,00135600;-10,36
2021-05-08T00:00:00+00:00;ALTBEAR/USD;0,00160850;0,00165550;0,00146300;0,00149650;-7,48
2021-05-07T00:00:00+00:00;ALTBEAR/USD;0,00150900;0,00172700;0,00145050;0,00160850;6,19
2021-05-06T00:00:00+00:00;ALTBEAR/USD;0,00158350;0,00179600;0,00140000;0,00150900;-4,94
2021-05-05T00:00:00+00:00;ALTBEAR/USD;0,00258500;0,00263800;0,00157250;0,00158350;-63,25
2021-05-04T00:00:00+00:00;ALTBEAR/USD;0,00218700;0,00269800;0,00217300;0,00258500;15,4
2021-05-03T00:00:00+00:00;ALTBEAR/USD;0,00273600;0,00274200;0,00216850;0,00218700;-25,1
2021-05-02T00:00:00+00:00;ALTBEAR/USD;0,00259800;0,00292800;0,00259800;0,00273600;5,04
2021-05-01T00:00:00+00:00;ALTBEAR/USD;0,00275000;0,00288300;0,00259700;0,00259800;-5,85
2021-04-30T00:00:00+00:00;ALTBEAR/USD;0,00332600;0,00348300;0,00275000;0,00275000;-20,95
2021-04-29T00:00:00+00:00;ALTBEAR/USD;0,00355600;0,00377300;0,00311800;0,00332600;-6,92
2021-04-28T00:00:00+00:00;ALTBEAR/USD;0,00351200;0,00405700;0,00330200;0,00355600;1,24
2021-04-27T00:00:00+00:00;ALTBEAR/USD;0,00423400;0,00435300;0,00350000;0,00351200;-20,56
2021-04-26T00:00:00+00:00;ALTBEAR/USD;0,00632750;0,00641000;0,00423400;0,00423400;-49,44
2021-04-25T00:00:00+00:00;ALTBEAR/USD;0,00649500;0,00746000;0,00545750;0,00632750;-2,65
2021-04-24T00:00:00+00:00;ALTBEAR/USD;0,00544000;0,00670500;0,00543500;0,00649500;16,24
2021-04-23T00:00:00+00:00;ALTBEAR/USD;0,00541250;0,00798750;0,00512250;0,00544000;0,51
2021-04-22T00:00:00+00:00;ALTBEAR/USD;0,00512000;0,00582200;0,00398400;0,00541250;5,4
2021-04-21T00:00:00+00:00;ALTBEAR/USD;0,00453400;0,00530300;0,00428400;0,00512000;11,45
2021-04-20T00:00:00+00:00;ALTBEAR/USD;0,00593500;0,00709000;0,00442200;0,00453400;-30,9
2021-04-19T00:00:00+00:00;ALTBEAR/USD;0,00526600;0,00642000;0,00439750;0,00593500;11,27
2021-04-18T00:00:00+00:00;ALTBEAR/USD;0,00440800;0,00725400;0,00433000;0,00526600;16,29
2021-04-17T00:00:00+00:00;ALTBEAR/USD;0,00419400;0,00453200;0,00347600;0,00440800;4,85
2021-04-16T00:00:00+00:00;ALTBEAR/USD;0,00380100;0,00494400;0,00373500;0,00419400;9,37
2021-04-15T00:00:00+00:00;ALTBEAR/USD;0,00395000;0,00426000;0,00368600;0,00380100;-3,92
2021-04-14T00:00:00+00:00;ALTBEAR/USD;0,00418300;0,00484200;0,00345400;0,00395000;-5,9
2021-04-13T00:00:00+00:00;ALTBEAR/USD;0,00506700;0,00535000;0,00399700;0,00418300;-21,13
2021-04-12T00:00:00+00:00;ALTBEAR/USD;0,00600000;0,00604000;0,00471500;0,00506700;-18,41
2021-04-11T00:00:00+00:00;ALTBEAR/USD;0,00672500;0,00694500;0,00590500;0,00600000;-12,08
2021-04-10T00:00:00+00:00;ALTBEAR/USD;0,00845000;0,00856000;0,00669500;0,00672500;-25,65
2021-04-09T00:00:00+00:00;ALTBEAR/USD;0,00851750;0,00887000;0,00825750;0,00845000;-0,8
2021-04-08T00:00:00+00:00;ALTBEAR/USD;0,01075500;0,01097000;0,00848000;0,00851750;-26,27
2021-04-07T00:00:00+00:00;ALTBEAR/USD;0,00868500;0,01152750;0,00849750;0,01075500;19,25
2021-04-06T00:00:00+00:00;ALTBEAR/USD;0,00980000;0,01072750;0,00852250;0,00868500;-12,84
2021-04-05T00:00:00+00:00;ALTBEAR/USD;0,01250000;0,01332000;0,00977750;0,00980000;-27,55
2021-04-04T00:00:00+00:00;ALTBEAR/USD;0,01569500;0,01623000;0,01241500;0,01250000;-25,56
2021-04-03T00:00:00+00:00;ALTBEAR/USD;0,01393000;0,01572000;0,01239000;0,01569500;11,25
2021-04-02T00:00:00+00:00;ALTBEAR/USD;0,01607500;0,01619500;0,01389500;0,01393000;-15,4
2021-04-01T00:00:00+00:00;ALTBEAR/USD;0,01779000;0,01805000;0,01582500;0,01607500;-10,67
2021-03-31T00:00:00+00:00;ALTBEAR/USD;0,01945000;0,02199000;0,01777500;0,01779000;-9,33
2021-03-30T00:00:00+00:00;ALTBEAR/USD;0,02131000;0,02207500;0,01903500;0,01945000;-9,56
2021-03-29T00:00:00+00:00;ALTBEAR/USD;0,02420000;0,02491000;0,02082500;0,02131000;-13,56
2021-03-28T00:00:00+00:00;ALTBEAR/USD;0,02399000;0,02567000;0,02261000;0,02420000;0,87
2021-03-27T00:00:00+00:00;ALTBEAR/USD;0,02400000;0,02628000;0,02283000;0,02399000;-0,04
2021-03-26T00:00:00+00:00;ALTBEAR/USD;0,03260000;0,03261000;0,02400000;0,02400000;-35,83
2021-03-25T00:00:00+00:00;ALTBEAR/USD;0,03227000;0,03591000;0,02983000;0,03260000;1,01
2021-03-24T00:00:00+00:00;ALTBEAR/USD;0,02722000;0,03536000;0,02359000;0,03227000;15,65
2021-03-23T00:00:00+00:00;ALTBEAR/USD;0,02729000;0,02804000;0,02454000;0,02722000;-0,26
2021-03-22T00:00:00+00:00;ALTBEAR/USD;0,02427000;0,02759000;0,02269500;0,02729000;11,07
2021-03-21T00:00:00+00:00;ALTBEAR/USD;0,02353500;0,02582000;0,02252000;0,02427000;3,03
2021-03-20T00:00:00+00:00;ALTBEAR/USD;0,02270000;0,02367500;0,02108000;0,02353500;3,55
2021-03-19T00:00:00+00:00;ALTBEAR/USD;0,02507000;0,02702000;0,02160000;0,02270000;-10,44
2021-03-18T00:00:00+00:00;ALTBEAR/USD;0,02250000;0,02515500;0,02118500;0,02507000;10,25
2021-03-17T00:00:00+00:00;ALTBEAR/USD;0,02654000;0,02864000;0,02247000;0,02250000;-17,96
2021-03-16T00:00:00+00:00;ALTBEAR/USD;0,03161000;0,03607000;0,02654000;0,02654000;-19,1
2021-03-15T00:00:00+00:00;ALTBEAR/USD;0,02817000;0,03306000;0,02645000;0,03161000;10,88
2021-03-14T00:00:00+00:00;ALTBEAR/USD;0,02487000;0,02817000;0,02475000;0,02817000;11,71
2021-03-13T00:00:00+00:00;ALTBEAR/USD;0,03086000;0,03357000;0,02405000;0,02487000;-24,09
2021-03-12T00:00:00+00:00;ALTBEAR/USD;0,02695000;0,03308000;0,02664000;0,03086000;12,67
2021-03-11T00:00:00+00:00;ALTBEAR/USD;0,02741000;0,03002000;0,02482000;0,02695000;-1,71
2021-03-10T00:00:00+00:00;ALTBEAR/USD;0,02473000;0,02898000;0,02446000;0,02741000;9,78
2021-03-09T00:00:00+00:00;ALTBEAR/USD;0,03234000;0,03321000;0,02457000;0,02473000;-30,77
2021-03-08T00:00:00+00:00;ALTBEAR/USD;0,03373000;0,03723000;0,03222000;0,03234000;-4,3
2021-03-07T00:00:00+00:00;ALTBEAR/USD;0,03780000;0,03810000;0,03364000;0,03373000;-12,07
2021-03-06T00:00:00+00:00;ALTBEAR/USD;0,03870000;0,04290000;0,03702000;0,03780000;-2,38
2021-03-05T00:00:00+00:00;ALTBEAR/USD;0,03789000;0,04485000;0,03671000;0,03870000;2,09
2021-03-04T00:00:00+00:00;ALTBEAR/USD;0,03342000;0,04021000;0,03067000;0,03789000;11,8
2021-03-03T00:00:00+00:00;ALTBEAR/USD;0,03721000;0,03774000;0,02965000;0,03342000;-11,34
2021-03-02T00:00:00+00:00;ALTBEAR/USD;0,03451000;0,04050000;0,03247000;0,03721000;7,26
2021-03-01T00:00:00+00:00;ALTBEAR/USD;0,04531000;0,04664000;0,03363000;0,03451000;-31,3
2021-02-28T00:00:00+00:00;ALTBEAR/USD;0,04207000;0,05541000;0,04071000;0,04531000;7,15
2021-02-27T00:00:00+00:00;ALTBEAR/USD;0,04889000;0,04925000;0,03750000;0,04207000;-16,21
2021-02-26T00:00:00+00:00;ALTBEAR/USD;0,05298000;0,06572500;0,04212000;0,04889000;-8,37
2021-02-25T00:00:00+00:00;ALTBEAR/USD;0,04608000;0,05395000;0,03966000;0,05298000;13,02
2021-02-24T00:00:00+00:00;ALTBEAR/USD;0,05470000;0,06252500;0,03817000;0,04608000;-18,71
2021-02-23T00:00:00+00:00;ALTBEAR/USD;0,03920000;0,07232000;0,03882000;0,05470000;28,34
2021-02-22T00:00:00+00:00;ALTBEAR/USD;0,03321000;0,05491000;0,03291000;0,03920000;15,28
2021-02-21T00:00:00+00:00;ALTBEAR/USD;0,03858000;0,04006000;0,03148000;0,03321000;-16,17
2021-02-20T00:00:00+00:00;ALTBEAR/USD;0,03501000;0,04479000;0,03073000;0,03858000;9,25
2021-02-19T00:00:00+00:00;ALTBEAR/USD;0,05825000;0,06107500;0,03475000;0,03501000;-66,38
2021-02-18T00:00:00+00:00;ALTBEAR/USD;0,06275000;0,06347500;0,05572500;0,05825000;-7,73
2021-02-17T00:00:00+00:00;ALTBEAR/USD;0,07932500;0,08620000;0,06065000;0,06275000;-26,41
2021-02-16T00:00:00+00:00;ALTBEAR/USD;0,08170000;0,08800000;0,07127500;0,07932500;-2,99
2021-02-15T00:00:00+00:00;ALTBEAR/USD;0,07747500;0,10595000;0,07117500;0,08170000;5,17
2021-02-14T00:00:00+00:00;ALTBEAR/USD;0,07162500;0,08387500;0,06967500;0,07747500;7,55
2021-02-13T00:00:00+00:00;ALTBEAR/USD;0,07797500;0,09285000;0,07162500;0,07162500;-8,87
2021-02-12T00:00:00+00:00;ALTBEAR/USD;0,09922500;0,10855000;0,07690000;0,07797500;-27,25
2021-02-11T00:00:00+00:00;ALTBEAR/USD;0,10815000;0,11710000;0,09505000;0,09922500;-8,99
2021-02-10T00:00:00+00:00;ALTBEAR/USD;0,13905000;0,14180000;0,09900000;0,10815000;-28,57
2021-02-09T00:00:00+00:00;ALTBEAR/USD;0,17500000;0,17755000;0,13905000;0,13905000;-25,85
2021-02-08T00:00:00+00:00;ALTBEAR/USD;0,23750000;0,25490000;0,17410000;0,17500000;-35,71
2021-02-07T00:00:00+00:00;ALTBEAR/USD;0,22300000;0,28210000;0,21675000;0,23750000;6,11
2021-02-06T00:00:00+00:00;ALTBEAR/USD;0,23615000;0,26540000;0,21045000;0,22300000;-5,9
2021-02-05T00:00:00+00:00;ALTBEAR/USD;0,31730000;0,32220000;0,23330000;0,23615000;-34,36
2021-02-04T00:00:00+00:00;ALTBEAR/USD;0,30330000;0,35360000;0,29160000;0,31730000;4,41
2021-02-03T00:00:00+00:00;ALTBEAR/USD;0,40160000;0,40160000;0,30330000;0,30330000;-32,41
2021-02-02T00:00:00+00:00;ALTBEAR/USD;0,47330000;0,48710000;0,37910000;0,40160000;-17,85
2021-02-01T00:00:00+00:00;ALTBEAR/USD;0,52500000;0,56775000;0,38650000;0,47330000;-10,92
2021-01-31T00:00:00+00:00;ALTBEAR/USD;0,50590000;0,56820000;0,48930000;0,52500000;3,64
2021-01-30T00:00:00+00:00;ALTBEAR/USD;0,59850000;0,63825000;0,49275000;0,50590000;-18,3
2021-01-29T00:00:00+00:00;ALTBEAR/USD;0,65925000;0,71900000;0,51840000;0,59850000;-10,15
2021-01-28T00:00:00+00:00;ALTBEAR/USD;0,86400000;0,90300000;0,63175000;0,65925000;-31,06
2021-01-27T00:00:00+00:00;ALTBEAR/USD;0,68850000;0,92700000;0,68850000;0,86400000;20,31
2021-01-26T00:00:00+00:00;ALTBEAR/USD;0,70325000;0,82425000;0,66025000;0,68850000;-2,14
2021-01-25T00:00:00+00:00;ALTBEAR/USD;0,63750000;0,71875000;0,57475000;0,70325000;9,35
2021-01-24T00:00:00+00:00;ALTBEAR/USD;0,70200000;0,73050000;0,63350000;0,63750000;-10,12
2021-01-23T00:00:00+00:00;ALTBEAR/USD;0,75675000;0,79725000;0,67400000;0,70200000;-7,8
2021-01-22T00:00:00+00:00;ALTBEAR/USD;1,03700000;1,23600000;0,70025000;0,75675000;-37,03
2021-01-21T00:00:00+00:00;ALTBEAR/USD;0,73775000;1,09350000;0,72325000;1,03700000;28,86
2021-01-20T00:00:00+00:00;ALTBEAR/USD;0,77875000;0,96900000;0,72800000;0,73775000;-5,56
2021-01-19T00:00:00+00:00;ALTBEAR/USD;0,79050000;0,80500000;0,65600000;0,77875000;-1,51
2021-01-18T00:00:00+00:00;ALTBEAR/USD;0,80600000;0,85300000;0,76200000;0,79050000;-1,96
2021-01-17T00:00:00+00:00;ALTBEAR/USD;0,84075000;0,95850000;0,75925000;0,80600000;-4,31
2021-01-16T00:00:00+00:00;ALTBEAR/USD;1,12150000;1,12200000;0,73825000;0,84075000;-33,39
2021-01-15T00:00:00+00:00;ALTBEAR/USD;1,00000000;1,34875000;0,93400000;1,12150000;10,83
2021-01-14T00:00:00+00:00;ALTBEAR/USD;1,30300000;1,38150000;0,99800000;1,00000000;-30,3
2021-01-13T00:00:00+00:00;ALTBEAR/USD;1,93350000;2,12050000;1,29200000;1,30300000;-48,39
2021-01-12T00:00:00+00:00;ALTBEAR/USD;1,91800000;2,26850000;1,58200000;1,93350000;0,8
2021-01-11T00:00:00+00:00;ALTBEAR/USD;1,36750000;2,44950000;1,35300000;1,91800000;28,7
2021-01-10T00:00:00+00:00;ALTBEAR/USD;1,24150000;1,55550000;1,09050000;1,36750000;9,21
2021-01-09T00:00:00+00:00;ALTBEAR/USD;1,69300000;1,79800000;1,22500000;1,24150000;-36,37
2021-01-08T00:00:00+00:00;ALTBEAR/USD;1,61250000;2,08900000;1,48650000;1,69300000;4,75
2021-01-07T00:00:00+00:00;ALTBEAR/USD;1,62050000;1,82650000;1,31150000;1,61250000;-0,5
2021-01-06T00:00:00+00:00;ALTBEAR/USD;2,26900000;2,34300000;1,61400000;1,62050000;-40,02
2021-01-05T00:00:00+00:00;ALTBEAR/USD;2,54800000;2,84000000;2,13100000;2,26900000;-12,3
2021-01-04T00:00:00+00:00;ALTBEAR/USD;2,68700000;3,05150000;1,90300000;2,54800000;-5,46
2021-01-03T00:00:00+00:00;ALTBEAR/USD;4,40900000;4,46300000;2,52600000;2,68700000;-64,09
2021-01-02T00:00:00+00:00;ALTBEAR/USD;5,09700000;5,50500000;4,03100000;4,40900000;-15,6
2021-01-01T00:00:00+00:00;ALTBEAR/USD;5,10400000;5,46000000;4,60100000;5,09700000;-0,14
2020-12-31T00:00:00+00:00;ALTBEAR/USD;5,37500000;5,76250000;4,98750000;5,10400000;-5,31
2020-12-30T00:00:00+00:00;ALTBEAR/USD;5,26250000;5,71500000;5,20700000;5,37500000;2,09
2020-12-29T00:00:00+00:00;ALTBEAR/USD;5,45000000;6,56750000;5,24300000;5,26250000;-3,56
2020-12-28T00:00:00+00:00;ALTBEAR/USD;6,88000000;6,95000000;5,18600000;5,45000000;-26,24
2020-12-27T00:00:00+00:00;ALTBEAR/USD;6,97750000;7,87250000;6,44250000;6,88000000;-1,42
2020-12-26T00:00:00+00:00;ALTBEAR/USD;6,97000000;7,55750000;6,74250000;6,97750000;0,11
2020-12-25T00:00:00+00:00;ALTBEAR/USD;7,80500000;8,33500000;6,44250000;6,97000000;-11,98
2020-12-24T00:00:00+00:00;ALTBEAR/USD;12,16000000;13,88500000;7,65250000;7,80500000;-55,8
2020-12-23T00:00:00+00:00;ALTBEAR/USD;7,92250000;13,76000000;7,92250000;12,16000000;34,85
2020-12-22T00:00:00+00:00;ALTBEAR/USD;7,70000000;9,00000000;7,50500000;7,92250000;2,81
2020-12-21T00:00:00+00:00;ALTBEAR/USD;6,36500000;8,00000000;6,20500000;7,70000000;17,34
2020-12-20T00:00:00+00:00;ALTBEAR/USD;6,12000000;6,77500000;5,79000000;6,36500000;3,85
2020-12-19T00:00:00+00:00;ALTBEAR/USD;6,61000000;6,61000000;6,01000000;6,12000000;-8,01
2020-12-18T00:00:00+00:00;ALTBEAR/USD;7,26250000;7,26250000;6,28750000;6,61000000;-9,87
2020-12-17T00:00:00+00:00;ALTBEAR/USD;7,84000000;8,22250000;6,62750000;7,26250000;-7,95
2020-12-16T00:00:00+00:00;ALTBEAR/USD;10,91000000;11,45500000;7,82000000;7,84000000;-39,16
2020-12-15T00:00:00+00:00;ALTBEAR/USD;10,43500000;11,23000000;10,38000000;10,91000000;4,35
2020-12-14T00:00:00+00:00;ALTBEAR/USD;10,39500000;10,96500000;10,39000000;10,43500000;0,38
2020-12-13T00:00:00+00:00;ALTBEAR/USD;11,60000000;11,86500000;10,12500000;10,39500000;-11,59
2020-12-12T00:00:00+00:00;ALTBEAR/USD;12,20000000;12,66500000;11,60000000;11,60000000;-5,17
2020-12-11T00:00:00+00:00;ALTBEAR/USD;11,77500000;12,69500000;11,77500000;12,20000000;3,48
2020-12-10T00:00:00+00:00;ALTBEAR/USD;10,99000000;11,77500000;10,52000000;11,77500000;6,67
2020-12-09T00:00:00+00:00;ALTBEAR/USD;11,49000000;13,41500000;10,38000000;10,99000000;-4,55
2020-12-08T00:00:00+00:00;ALTBEAR/USD;9,85500000;11,87500000;9,78750000;11,49000000;14,23
2020-12-07T00:00:00+00:00;ALTBEAR/USD;9,36500000;10,27750000;9,30750000;9,85500000;4,97
2020-12-06T00:00:00+00:00;ALTBEAR/USD;9,91250000;10,51500000;9,00750000;9,36500000;-5,85
2020-12-05T00:00:00+00:00;ALTBEAR/USD;11,61000000;11,96000000;9,84750000;9,91250000;-17,12
2020-12-04T00:00:00+00:00;ALTBEAR/USD;9,11000000;11,92000000;9,02500000;11,61000000;21,53
2020-12-03T00:00:00+00:00;ALTBEAR/USD;9,42750000;9,94500000;8,73750000;9,11000000;-3,49
2020-12-02T00:00:00+00:00;ALTBEAR/USD;10,38250000;10,93000000;9,27000000;9,48500000;-9,46
2020-12-01T00:00:00+00:00;ALTBEAR/USD;8,68500000;11,25750000;8,14000000;10,38250000;16,35
2020-11-30T00:00:00+00:00;ALTBEAR/USD;11,36500000;11,59000000;8,62750000;8,68500000;-30,86
2020-11-29T00:00:00+00:00;ALTBEAR/USD;12,23000000;13,27000000;11,14500000;11,36500000;-7,61
2020-11-28T00:00:00+00:00;ALTBEAR/USD;15,51000000;16,03500000;11,46500000;12,23000000;-26,82
2020-11-27T00:00:00+00:00;ALTBEAR/USD;16,21500000;17,69500000;14,05500000;15,51000000;-4,55
2020-11-26T00:00:00+00:00;ALTBEAR/USD;11,60500000;18,60000000;10,73500000;16,21500000;28,43
2020-11-25T00:00:00+00:00;ALTBEAR/USD;9,28750000;12,32250000;9,00250000;11,60500000;19,97
2020-11-24T00:00:00+00:00;ALTBEAR/USD;11,54000000;11,96500000;7,83750000;9,28750000;-24,25
2020-11-23T00:00:00+00:00;ALTBEAR/USD;17,65000000;18,71000000;11,41000000;11,53500000;-53,01
2020-11-22T00:00:00+00:00;ALTBEAR/USD;16,64500000;20,77500000;15,24500000;17,65000000;5,69
2020-11-21T00:00:00+00:00;ALTBEAR/USD;27,51000000;28,12000000;16,36500000;16,64500000;-65,27
2020-11-20T00:00:00+00:00;ALTBEAR/USD;33,68000000;33,71000000;27,33000000;27,51000000;-22,43
2020-11-19T00:00:00+00:00;ALTBEAR/USD;35,30000000;37,71000000;32,75000000;33,71000000;-4,72
2020-11-18T00:00:00+00:00;ALTBEAR/USD;33,12000000;38,24000000;31,54000000;35,30000000;6,18
2020-11-17T00:00:00+00:00;ALTBEAR/USD;38,96000000;39,40000000;33,11000000;33,12000000;-17,63
2020-11-16T00:00:00+00:00;ALTBEAR/USD;46,57000000;47,15000000;38,17000000;38,96000000;-19,53
2020-11-15T00:00:00+00:00;ALTBEAR/USD;43,57000000;48,37000000;42,48000000;46,57000000;6,44
2020-11-14T00:00:00+00:00;ALTBEAR/USD;41,84000000;45,66000000;41,55000000;43,57000000;3,97
2020-11-13T00:00:00+00:00;ALTBEAR/USD;46,50000000;47,57000000;41,37000000;41,84000000;-11,14
2020-11-12T00:00:00+00:00;ALTBEAR/USD;45,78000000;48,48000000;44,55000000;46,50000000;1,55
2020-11-11T00:00:00+00:00;ALTBEAR/USD;47,29000000;47,58000000;43,41000000;45,78000000;-3,3
2020-11-10T00:00:00+00:00;ALTBEAR/USD;47,77000000;49,33000000;44,84000000;47,29000000;-1,02
2020-11-09T00:00:00+00:00;ALTBEAR/USD;46,27000000;51,17000000;44,54000000;47,77000000;3,14
2020-11-08T00:00:00+00:00;ALTBEAR/USD;52,85000000;54,40000000;44,04000000;46,27000000;-14,22
2020-11-07T00:00:00+00:00;ALTBEAR/USD;47,00000000;55,99000000;41,72000000;52,85000000;11,07
2020-11-06T00:00:00+00:00;ALTBEAR/USD;59,45000000;59,55000000;46,35000000;47,00000000;-26,49
2020-11-05T00:00:00+00:00;ALTBEAR/USD;67,90000000;68,80000000;58,02500000;59,45000000;-14,21
2020-11-04T00:00:00+00:00;ALTBEAR/USD;70,05000000;76,10000000;66,70000000;67,95000000;-3,09
2020-11-03T00:00:00+00:00;ALTBEAR/USD;68,20000000;78,90000000;67,90000000;70,05000000;2,64
2020-11-02T00:00:00+00:00;ALTBEAR/USD;61,37500000;69,70000000;58,80000000;68,20000000;10,01
2020-11-01T00:00:00+00:00;ALTBEAR/USD;64,82500000;65,82500000;61,37500000;61,37500000;-5,62
2020-10-31T00:00:00+00:00;ALTBEAR/USD;66,42500000;67,35000000;61,70000000;64,55000000;-2,9
2020-10-30T00:00:00+00:00;ALTBEAR/USD;63,15000000;71,30000000;60,97500000;66,42500000;4,93
2020-10-29T00:00:00+00:00;ALTBEAR/USD;60,35000000;66,22500000;58,25000000;63,15000000;4,43
2020-10-28T00:00:00+00:00;ALTBEAR/USD;55,47500000;62,25000000;53,00000000;60,35000000;8,08
2020-10-27T00:00:00+00:00;ALTBEAR/USD;58,27500000;58,85000000;51,80000000;55,47500000;-5,05
2020-10-26T00:00:00+00:00;ALTBEAR/USD;55,60000000;62,57500000;54,17500000;58,27500000;4,59
2020-10-25T00:00:00+00:00;ALTBEAR/USD;53,50000000;57,40000000;52,90000000;55,60000000;3,78
2020-10-24T00:00:00+00:00;ALTBEAR/USD;56,15000000;57,15000000;52,95000000;53,50000000;-4,95
2020-10-23T00:00:00+00:00;ALTBEAR/USD;55,32500000;59,55000000;53,40000000;56,15000000;1,47
2020-10-22T00:00:00+00:00;ALTBEAR/USD;62,45000000;62,45000000;52,55000000;55,32500000;-12,88
2020-10-21T00:00:00+00:00;ALTBEAR/USD;76,82500000;77,17500000;59,22500000;62,35000000;-23,22
2020-10-20T00:00:00+00:00;ALTBEAR/USD;71,70000000;77,65000000;70,32500000;76,82500000;6,67
2020-10-19T00:00:00+00:00;ALTBEAR/USD;72,57500000;75,05000000;69,57500000;71,70000000;-1,22
2020-10-18T00:00:00+00:00;ALTBEAR/USD;76,55000000;77,52500000;72,27500000;72,57500000;-5,48
2020-10-17T00:00:00+00:00;ALTBEAR/USD;76,00000000;77,77500000;74,72500000;76,55000000;0,72
2020-10-16T00:00:00+00:00;ALTBEAR/USD;69,32500000;79,07500000;67,62500000;76,00000000;8,78
2020-10-15T00:00:00+00:00;ALTBEAR/USD;69,60000000;72,37500000;67,52500000;69,32500000;-0,4
2020-10-14T00:00:00+00:00;ALTBEAR/USD;68,45000000;72,20000000;66,27500000;69,60000000;1,65
2020-10-13T00:00:00+00:00;ALTBEAR/USD;69,00000000;72,00000000;67,17500000;68,45000000;-0,8
2020-10-12T00:00:00+00:00;ALTBEAR/USD;73,10000000;76,07500000;65,65000000;69,00000000;-5,94
2020-10-11T00:00:00+00:00;ALTBEAR/USD;74,67500000;75,60000000;71,30000000;73,10000000;-2,15
2020-10-10T00:00:00+00:00;ALTBEAR/USD;77,25000000;77,62500000;70,20000000;74,67500000;-3,45
2020-10-09T00:00:00+00:00;ALTBEAR/USD;82,20000000;84,07500000;76,05000000;77,25000000;-6,41
2020-10-08T00:00:00+00:00;ALTBEAR/USD;87,60000000;93,20000000;81,85000000;82,20000000;-6,57
2020-10-07T00:00:00+00:00;ALTBEAR/USD;90,00000000;95,00000000;86,15000000;87,60000000;-2,74
2020-10-06T00:00:00+00:00;ALTBEAR/USD;85,32500000;93,80000000;79,97500000;90,00000000;5,19
2020-10-05T00:00:00+00:00;ALTBEAR/USD;85,90000000;88,07500000;83,45000000;85,32500000;-0,67
2020-10-04T00:00:00+00:00;ALTBEAR/USD;94,40000000;96,00000000;85,52500000;85,90000000;-9,9
2020-10-03T00:00:00+00:00;ALTBEAR/USD;96,30000000;96,92500000;91,90000000;94,40000000;-2,01
2020-10-02T00:00:00+00:00;ALTBEAR/USD;89,40000000;104,40000000;88,20000000;96,30000000;7,17
2020-10-01T00:00:00+00:00;ALTBEAR/USD;84,87500000;95,00000000;80,50000000;89,40000000;5,06
2020-09-30T00:00:00+00:00;ALTBEAR/USD;85,82500000;90,02500000;84,40000000;84,87500000;-1,12
2020-09-29T00:00:00+00:00;ALTBEAR/USD;91,90000000;92,50000000;85,20000000;85,82500000;-7,08
2020-09-28T00:00:00+00:00;ALTBEAR/USD;90,00000000;92,50000000;83,72500000;91,90000000;2,07
2020-09-27T00:00:00+00:00;ALTBEAR/USD;93,45000000;98,80000000;89,40000000;90,00000000;-3,83
2020-09-26T00:00:00+00:00;ALTBEAR/USD;98,80000000;102,05000000;92,50000000;93,45000000;-5,72
2020-09-25T00:00:00+00:00;ALTBEAR/USD;103,10000000;110,60000000;95,65000000;98,80000000;-4,35
2020-09-24T00:00:00+00:00;ALTBEAR/USD;128,10000000;131,20000000;101,30000000;103,10000000;-24,25
2020-09-23T00:00:00+00:00;ALTBEAR/USD;110,60000000;133,70000000;110,00000000;128,10000000;13,66
2020-09-22T00:00:00+00:00;ALTBEAR/USD;121,20000000;123,70000000;109,40000000;110,60000000;-9,58
2020-09-21T00:00:00+00:00;ALTBEAR/USD;98,80000000;126,20000000;95,92500000;121,20000000;18,48
2020-09-20T00:00:00+00:00;ALTBEAR/USD;90,70000000;103,27500000;90,70000000;98,80000000;8,2
2020-09-19T00:00:00+00:00;ALTBEAR/USD;90,70000000;94,02500000;87,60000000;90,70000000;0,0
2020-09-18T00:00:00+00:00;ALTBEAR/USD;90,00000000;95,37500000;86,67500000;90,70000000;0,77
2020-09-17T00:00:00+00:00;ALTBEAR/USD;98,45000000;98,80000000;86,52500000;90,00000000;-9,39
2020-09-16T00:00:00+00:00;ALTBEAR/USD;99,40000000;109,40000000;94,40000000;98,45000000;-0,96
2020-09-15T00:00:00+00:00;ALTBEAR/USD;93,20000000;100,72500000;88,20000000;99,40000000;6,24
2020-09-14T00:00:00+00:00;ALTBEAR/USD;98,80000000;105,60000000;87,32500000;93,20000000;-6,01
2020-09-13T00:00:00+00:00;ALTBEAR/USD;91,90000000;105,55000000;85,75000000;98,80000000;6,98
2020-09-12T00:00:00+00:00;ALTBEAR/USD;103,20000000;105,77500000;91,90000000;91,90000000;-12,3
2020-09-11T00:00:00+00:00;ALTBEAR/USD;106,90000000;116,20000000;102,50000000;103,20000000;-3,59
2020-09-10T00:00:00+00:00;ALTBEAR/USD;115,00000000;115,00000000;99,40000000;106,90000000;-7,58
2020-09-09T00:00:00+00:00;ALTBEAR/USD;123,85000000;130,00000000;109,15000000;115,00000000;-7,7
2020-09-08T00:00:00+00:00;ALTBEAR/USD;115,00000000;133,50000000;113,65000000;123,85000000;7,15
2020-09-07T00:00:00+00:00;ALTBEAR/USD;117,05000000;140,35000000;113,85000000;115,00000000;-1,78
2020-09-06T00:00:00+00:00;ALTBEAR/USD;134,60000000;148,40000000;111,90000000;117,05000000;-14,99
2020-09-05T00:00:00+00:00;ALTBEAR/USD;110,45000000;148,70000000;104,80000000;134,60000000;17,94
2020-09-04T00:00:00+00:00;ALTBEAR/USD;132,60000000;135,40000000;99,52500000;110,45000000;-20,05
2020-09-03T00:00:00+00:00;ALTBEAR/USD;91,12500000;135,85000000;87,60000000;132,60000000;31,28
2020-09-02T00:00:00+00:00;ALTBEAR/USD;74,70000000;99,90000000;72,20000000;91,12500000;18,02
2020-09-01T00:00:00+00:00;ALTBEAR/USD;93,95000000;98,00000000;71,30000000;74,70000000;-25,77
2020-08-31T00:00:00+00:00;ALTBEAR/USD;91,90000000;97,90000000;89,30000000;93,95000000;2,18
2020-08-30T00:00:00+00:00;ALTBEAR/USD;110,05000000;110,25000000;91,90000000;91,90000000;-19,75
2020-08-29T00:00:00+00:00;ALTBEAR/USD;110,80000000;114,20000000;105,60000000;110,05000000;-0,68
2020-08-28T00:00:00+00:00;ALTBEAR/USD;121,55000000;125,80000000;109,10000000;110,80000000;-9,7
2020-08-27T00:00:00+00:00;ALTBEAR/USD;113,40000000;131,75000000;108,50000000;121,55000000;6,71
2020-08-26T00:00:00+00:00;ALTBEAR/USD;115,85000000;118,80000000;108,35000000;113,40000000;-2,16
2020-08-25T00:00:00+00:00;ALTBEAR/USD;98,57500000;122,90000000;97,67500000;115,85000000;14,91
2020-08-24T00:00:00+00:00;ALTBEAR/USD;109,20000000;111,05000000;97,00000000;98,57500000;-10,78
2020-08-23T00:00:00+00:00;ALTBEAR/USD;106,65000000;115,15000000;104,95000000;109,20000000;2,34
2020-08-22T00:00:00+00:00;ALTBEAR/USD;112,50000000;120,30000000;105,80000000;107,25000000;-4,9
2020-08-21T00:00:00+00:00;ALTBEAR/USD;96,90000000;114,35000000;93,52500000;112,50000000;13,87
2020-08-20T00:00:00+00:00;ALTBEAR/USD;101,97500000;105,40000000;95,52500000;96,90000000;-5,24
2020-08-19T00:00:00+00:00;ALTBEAR/USD;91,10000000;109,95000000;87,25000000;101,97500000;10,66
2020-08-18T00:00:00+00:00;ALTBEAR/USD;82,52500000;92,72500000;79,35000000;91,10000000;9,41
2020-08-17T00:00:00+00:00;ALTBEAR/USD;85,90000000;91,92500000;76,05000000;82,52500000;-4,09
2020-08-16T00:00:00+00:00;ALTBEAR/USD;91,05000000;99,42500000;85,85000000;85,90000000;-6,0
2020-08-15T00:00:00+00:00;ALTBEAR/USD;96,20000000;98,07500000;86,75000000;91,05000000;-5,66
2020-08-14T00:00:00+00:00;ALTBEAR/USD;102,57500000;105,95000000;92,47500000;96,20000000;-6,63
2020-08-13T00:00:00+00:00;ALTBEAR/USD;123,50000000;135,10000000;101,62500000;102,57500000;-20,4
2020-08-12T00:00:00+00:00;ALTBEAR/USD;127,50000000;138,65000000;119,50000000;123,50000000;-3,24
2020-08-11T00:00:00+00:00;ALTBEAR/USD;109,05000000;136,30000000;104,60000000;127,50000000;14,47
2020-08-10T00:00:00+00:00;ALTBEAR/USD;115,75000000;116,10000000;106,15000000;109,05000000;-6,14
2020-08-09T00:00:00+00:00;ALTBEAR/USD;108,85000000;120,70000000;106,75000000;115,75000000;5,96
2020-08-08T00:00:00+00:00;ALTBEAR/USD;118,00000000;122,10000000;108,70000000;108,85000000;-8,41
2020-08-07T00:00:00+00:00;ALTBEAR/USD;106,65000000;132,30000000;99,90000000;118,00000000;9,62
2020-08-06T00:00:00+00:00;ALTBEAR/USD;108,35000000;114,25000000;101,35000000;106,65000000;-1,59
2020-08-05T00:00:00+00:00;ALTBEAR/USD;115,60000000;119,35000000;104,60000000;108,35000000;-6,69
2020-08-04T00:00:00+00:00;ALTBEAR/USD;110,85000000;123,05000000;101,85000000;115,60000000;4,11
2020-08-03T00:00:00+00:00;ALTBEAR/USD;132,85000000;136,40000000;103,35000000;110,85000000;-19,85
2020-08-02T00:00:00+00:00;ALTBEAR/USD;123,80000000;142,52500000;97,80000000;132,85000000;6,81
2020-08-01T00:00:00+00:00;ALTBEAR/USD;165,30000000;168,05000000;118,90000000;123,80000000;-33,52
2020-07-31T00:00:00+00:00;ALTBEAR/USD;185,85000000;193,05000000;164,00000000;165,30000000;-12,43
2020-07-30T00:00:00+00:00;ALTBEAR/USD;198,65000000;209,35000000;176,10000000;185,85000000;-6,89
2020-07-29T00:00:00+00:00;ALTBEAR/USD;203,65000000;207,00000000;187,60000000;198,65000000;-2,52
2020-07-28T00:00:00+00:00;ALTBEAR/USD;218,60000000;237,85000000;191,15000000;203,65000000;-7,34
2020-07-27T00:00:00+00:00;ALTBEAR/USD;263,80000000;274,40000000;202,00000000;218,60000000;-20,68
2020-07-26T00:00:00+00:00;ALTBEAR/USD;262,70000000;276,80000000;236,10000000;263,80000000;0,42
2020-07-25T00:00:00+00:00;ALTBEAR/USD;333,10000000;333,10000000;257,40000000;262,70000000;-26,8
2020-07-24T00:00:00+00:00;ALTBEAR/USD;326,60000000;353,40000000;317,90000000;333,10000000;1,95
2020-07-23T00:00:00+00:00;ALTBEAR/USD;342,40000000;353,70000000;313,70000000;326,60000000;-4,84
2020-07-22T00:00:00+00:00;ALTBEAR/USD;390,40000000;408,30000000;341,80000000;342,40000000;-14,02
2020-07-21T00:00:00+00:00;ALTBEAR/USD;434,70000000;437,00000000;379,80000000;390,40000000;-11,35
2020-07-20T00:00:00+00:00;ALTBEAR/USD;411,00000000;447,70000000;408,80000000;434,70000000;5,45
2020-07-19T00:00:00+00:00;ALTBEAR/USD;428,30000000;447,20000000;406,60000000;411,00000000;-4,21
2020-07-18T00:00:00+00:00;ALTBEAR/USD;445,50000000;449,90000000;417,40000000;428,30000000;-4,02
2020-07-17T00:00:00+00:00;ALTBEAR/USD;441,20000000;454,20000000;428,30000000;445,50000000;0,97
2020-07-16T00:00:00+00:00;ALTBEAR/USD;415,30000000;471,50000000;411,00000000;441,20000000;5,87
2020-07-15T00:00:00+00:00;ALTBEAR/USD;398,70000000;421,80000000;397,10000000;415,30000000;4,0
2020-07-14T00:00:00+00:00;ALTBEAR/USD;399,40000000;418,80000000;397,40000000;398,70000000;-0,18
2020-07-13T00:00:00+00:00;ALTBEAR/USD;380,50000000;424,30000000;366,30000000;399,40000000;4,73
2020-07-12T00:00:00+00:00;ALTBEAR/USD;392,90000000;404,10000000;367,10000000;380,50000000;-3,26
2020-07-11T00:00:00+00:00;ALTBEAR/USD;393,00000000;404,60000000;382,60000000;392,90000000;-0,03
2020-07-10T00:00:00+00:00;ALTBEAR/USD;386,10000000;418,60000000;386,10000000;393,00000000;1,76
2020-07-09T00:00:00+00:00;ALTBEAR/USD;363,30000000;404,00000000;353,30000000;386,10000000;5,91
2020-07-08T00:00:00+00:00;ALTBEAR/USD;422,50000000;429,80000000;357,40000000;363,30000000;-16,3
2020-07-07T00:00:00+00:00;ALTBEAR/USD;402,90000000;436,10000000;392,10000000;422,50000000;4,64
2020-07-06T00:00:00+00:00;ALTBEAR/USD;534,00000000;537,25000000;394,00000000;402,90000000;-32,54
2020-07-05T00:00:00+00:00;ALTBEAR/USD;519,00000000;569,50000000;516,00000000;534,00000000;2,81
2020-07-04T00:00:00+00:00;ALTBEAR/USD;547,00000000;550,00000000;511,00000000;519,00000000;-5,39
2020-07-03T00:00:00+00:00;ALTBEAR/USD;552,00000000;558,00000000;529,00000000;547,00000000;-0,91
2020-07-02T00:00:00+00:00;ALTBEAR/USD;524,00000000;576,40000000;519,00000000;552,00000000;5,07
2020-07-01T00:00:00+00:00;ALTBEAR/USD;547,00000000;560,00000000;511,00000000;524,00000000;-4,39
2020-06-30T00:00:00+00:00;ALTBEAR/USD;529,00000000;560,00000000;526,00000000;547,00000000;3,29
2020-06-29T00:00:00+00:00;ALTBEAR/USD;540,00000000;567,50000000;515,75000000;529,00000000;-2,08
2020-06-28T00:00:00+00:00;ALTBEAR/USD;577,75000000;597,00000000;521,50000000;540,00000000;-6,99
2020-06-27T00:00:00+00:00;ALTBEAR/USD;500,50000000;636,20000000;497,30000000;577,75000000;13,37
2020-06-26T00:00:00+00:00;ALTBEAR/USD;495,80000000;525,40000000;484,30000000;500,50000000;0,94
2020-06-25T00:00:00+00:00;ALTBEAR/USD;485,20000000;526,50000000;482,00000000;495,80000000;2,14
2020-06-24T00:00:00+00:00;ALTBEAR/USD;441,60000000;500,60000000;423,30000000;485,20000000;8,99
2020-06-23T00:00:00+00:00;ALTBEAR/USD;440,80000000;448,90000000;434,60000000;441,60000000;0,18
2020-06-22T00:00:00+00:00;ALTBEAR/USD;503,20000000;505,60000000;426,20000000;440,80000000;-14,16
2020-06-21T00:00:00+00:00;ALTBEAR/USD;489,30000000;506,10000000;484,40000000;503,20000000;2,76
2020-06-20T00:00:00+00:00;ALTBEAR/USD;497,30000000;516,30000000;486,30000000;489,30000000;-1,63
2020-06-19T00:00:00+00:00;ALTBEAR/USD;484,10000000;508,70000000;482,40000000;497,30000000;2,65
2020-06-18T00:00:00+00:00;ALTBEAR/USD;463,40000000;499,40000000;460,00000000;484,10000000;4,28
2020-06-17T00:00:00+00:00;ALTBEAR/USD;463,00000000;491,60000000;438,40000000;463,40000000;0,09
2020-06-16T00:00:00+00:00;ALTBEAR/USD;477,90000000;483,90000000;459,70000000;463,00000000;-3,22
2020-06-15T00:00:00+00:00;ALTBEAR/USD;465,00000000;545,50000000;462,00000000;477,90000000;2,7
2020-06-14T00:00:00+00:00;ALTBEAR/USD;439,70000000;477,20000000;438,90000000;465,00000000;5,44
2020-06-13T00:00:00+00:00;ALTBEAR/USD;444,10000000;456,40000000;436,90000000;439,70000000;-1,0
2020-06-12T00:00:00+00:00;ALTBEAR/USD;485,80000000;493,50000000;427,90000000;444,10000000;-9,39
2020-06-11T00:00:00+00:00;ALTBEAR/USD;396,20000000;507,40000000;389,50000000;485,80000000;18,44
2020-06-10T00:00:00+00:00;ALTBEAR/USD;409,90000000;414,60000000;385,30000000;396,20000000;-3,46
2020-06-09T00:00:00+00:00;ALTBEAR/USD;397,20000000;420,10000000;387,60000000;409,90000000;3,1
2020-06-08T00:00:00+00:00;ALTBEAR/USD;400,20000000;410,20000000;394,10000000;397,20000000;-0,76
2020-06-07T00:00:00+00:00;ALTBEAR/USD;400,60000000;435,50000000;393,30000000;400,20000000;-0,1
2020-06-06T00:00:00+00:00;ALTBEAR/USD;398,30000000;408,30000000;387,50000000;400,60000000;0,57
2020-06-05T00:00:00+00:00;ALTBEAR/USD;396,70000000;408,50000000;377,70000000;398,30000000;0,4
2020-06-04T00:00:00+00:00;ALTBEAR/USD;399,10000000;421,00000000;381,80000000;396,70000000;-0,6
2020-06-03T00:00:00+00:00;ALTBEAR/USD;413,40000000;432,60000000;395,40000000;399,10000000;-3,58
2020-06-02T00:00:00+00:00;ALTBEAR/USD;370,00000000;455,00000000;343,30000000;413,40000000;10,5
2020-06-01T00:00:00+00:00;ALTBEAR/USD;455,70000000;459,40000000;362,00000000;370,00000000;-23,16
2020-05-31T00:00:00+00:00;ALTBEAR/USD;399,40000000;462,40000000;397,30000000;455,70000000;12,35
2020-05-30T00:00:00+00:00;ALTBEAR/USD;506,10000000;514,10000000;395,00000000;399,40000000;-26,72
2020-05-29T00:00:00+00:00;ALTBEAR/USD;496,30000000;517,50000000;474,00000000;506,10000000;1,94
2020-05-28T00:00:00+00:00;ALTBEAR/USD;546,25000000;569,75000000;491,25000000;496,30000000;-10,06
2020-05-27T00:00:00+00:00;ALTBEAR/USD;600,75000000;603,75000000;545,50000000;546,25000000;-9,98
2020-05-26T00:00:00+00:00;ALTBEAR/USD;571,50000000;621,25000000;567,75000000;600,75000000;4,87
2020-05-25T00:00:00+00:00;ALTBEAR/USD;611,25000000;628,75000000;566,75000000;571,50000000;-6,96
2020-05-24T00:00:00+00:00;ALTBEAR/USD;550,75000000;611,25000000;530,75000000;611,25000000;9,9
2020-05-23T00:00:00+00:00;ALTBEAR/USD;540,50000000;561,25000000;523,50000000;550,75000000;1,86
2020-05-22T00:00:00+00:00;ALTBEAR/USD;609,50000000;629,25000000;526,75000000;540,50000000;-12,77
2020-05-21T00:00:00+00:00;ALTBEAR/USD;537,90000000;645,50000000;517,50000000;609,50000000;11,75
2020-05-20T00:00:00+00:00;ALTBEAR/USD;502,80000000;569,20000000;496,90000000;537,90000000;6,53
2020-05-19T00:00:00+00:00;ALTBEAR/USD;501,90000000;539,30000000;492,50000000;502,80000000;0,18
2020-05-18T00:00:00+00:00;ALTBEAR/USD;553,75000000;555,00000000;474,75000000;501,90000000;-10,33
2020-05-17T00:00:00+00:00;ALTBEAR/USD;581,00000000;587,50000000;527,75000000;553,75000000;-4,92
2020-05-16T00:00:00+00:00;ALTBEAR/USD;609,50000000;620,25000000;560,50000000;581,00000000;-4,91
2020-05-15T00:00:00+00:00;ALTBEAR/USD;559,50000000;632,50000000;553,50000000;609,50000000;8,2
2020-05-14T00:00:00+00:00;ALTBEAR/USD;588,00000000;614,00000000;539,25000000;559,50000000;-5,09
2020-05-13T00:00:00+00:00;ALTBEAR/USD;648,00000000;665,00000000;565,75000000;588,00000000;-10,2
2020-05-12T00:00:00+00:00;ALTBEAR/USD;677,00000000;690,75000000;620,50000000;648,00000000;-4,48
2020-05-11T00:00:00+00:00;ALTBEAR/USD;663,00000000;793,75000000;625,00000000;677,00000000;2,07
2020-05-10T00:00:00+00:00;ALTBEAR/USD;499,90000000;766,00000000;499,90000000;663,00000000;24,6
2020-05-09T00:00:00+00:00;ALTBEAR/USD;489,30000000;504,40000000;446,30000000;499,90000000;2,12
2020-05-08T00:00:00+00:00;ALTBEAR/USD;498,30000000;526,00000000;466,60000000;489,30000000;-1,84
2020-05-07T00:00:00+00:00;ALTBEAR/USD;597,00000000;616,75000000;479,50000000;498,30000000;-19,81
2020-05-06T00:00:00+00:00;ALTBEAR/USD;543,50000000;600,50000000;505,50000000;597,00000000;8,96
2020-05-05T00:00:00+00:00;ALTBEAR/USD;540,25000000;575,00000000;509,25000000;543,50000000;0,6
2020-05-04T00:00:00+00:00;ALTBEAR/USD;519,90000000;613,20000000;513,60000000;540,25000000;3,77
2020-05-03T00:00:00+00:00;ALTBEAR/USD;484,20000000;549,00000000;456,00000000;519,90000000;6,87
2020-05-02T00:00:00+00:00;ALTBEAR/USD;516,50000000;527,00000000;481,30000000;484,20000000;-6,67
2020-05-01T00:00:00+00:00;ALTBEAR/USD;552,50000000;553,00000000;478,75000000;516,50000000;-6,97
2020-04-30T00:00:00+00:00;ALTBEAR/USD;493,10000000;577,90000000;414,30000000;552,50000000;10,75
2020-04-29T00:00:00+00:00;ALTBEAR/USD;628,50000000;628,50000000;460,10000000;493,10000000;-27,46
2020-04-28T00:00:00+00:00;ALTBEAR/USD;670,00000000;700,75000000;611,00000000;628,50000000;-6,6
2020-04-27T00:00:00+00:00;ALTBEAR/USD;666,50000000;718,75000000;642,00000000;670,00000000;0,52
2020-04-26T00:00:00+00:00;ALTBEAR/USD;699,00000000;709,75000000;641,25000000;666,50000000;-4,88
2020-04-25T00:00:00+00:00;ALTBEAR/USD;717,25000000;740,75000000;645,25000000;699,00000000;-2,61
2020-04-24T00:00:00+00:00;ALTBEAR/USD;736,00000000;746,25000000;689,25000000;717,25000000;-2,61
2020-04-23T00:00:00+00:00;ALTBEAR/USD;782,00000000;826,25000000;655,50000000;736,00000000;-6,25
2020-04-22T00:00:00+00:00;ALTBEAR/USD;906,75000000;927,25000000;752,75000000;782,00000000;-15,95
2020-04-21T00:00:00+00:00;ALTBEAR/USD;927,25000000;955,75000000;877,50000000;906,75000000;-2,26
2020-04-20T00:00:00+00:00;ALTBEAR/USD;809,75000000;968,25000000;740,00000000;927,25000000;12,67
2020-04-19T00:00:00+00:00;ALTBEAR/USD;723,50000000;838,00000000;716,75000000;809,75000000;10,65
2020-04-18T00:00:00+00:00;ALTBEAR/USD;880,75000000;882,50000000;695,25000000;723,50000000;-21,73
2020-04-17T00:00:00+00:00;ALTBEAR/USD;856,00000000;910,50000000;834,25000000;880,75000000;2,81
2020-04-16T00:00:00+00:00;ALTBEAR/USD;1177,00000000;1293,00000000;811,50000000;856,00000000;-37,5
2020-04-15T00:00:00+00:00;ALTBEAR/USD;1050,50000000;1185,00000000;1012,00000000;1177,00000000;10,75
2020-04-14T00:00:00+00:00;ALTBEAR/USD;1074,50000000;1111,50000000;998,75000000;1050,50000000;-2,28
2020-04-13T00:00:00+00:00;ALTBEAR/USD;1023,75000000;1230,50000000;1023,75000000;1074,50000000;4,72
2020-04-12T00:00:00+00:00;ALTBEAR/USD;1061,50000000;1110,25000000;896,50000000;1023,75000000;-3,69
2020-04-11T00:00:00+00:00;ALTBEAR/USD;1082,00000000;1149,00000000;1004,00000000;1061,50000000;-1,93
2020-04-10T00:00:00+00:00;ALTBEAR/USD;863,25000000;1156,75000000;857,00000000;1082,00000000;20,22
2020-04-09T00:00:00+00:00;ALTBEAR/USD;815,00000000;919,00000000;784,25000000;863,25000000;5,59
2020-04-08T00:00:00+00:00;ALTBEAR/USD;1021,75000000;1037,75000000;783,00000000;815,00000000;-25,37
2020-04-07T00:00:00+00:00;ALTBEAR/USD;940,00000000;1075,75000000;861,25000000;1021,75000000;8,0
2020-04-06T00:00:00+00:00;ALTBEAR/USD;1456,50000000;1457,00000000;934,00000000;940,00000000;-54,95
2020-04-05T00:00:00+00:00;ALTBEAR/USD;1387,00000000;1520,50000000;1369,50000000;1456,50000000;4,77
2020-04-04T00:00:00+00:00;ALTBEAR/USD;1451,00000000;1516,50000000;1332,00000000;1387,00000000;-4,61
2020-04-03T00:00:00+00:00;ALTBEAR/USD;1532,50000000;1579,50000000;1342,00000000;1450,00000000;-5,69
2020-04-02T00:00:00+00:00;ALTBEAR/USD;1764,00000000;1782,00000000;1301,00000000;1532,50000000;-15,11
2020-04-01T00:00:00+00:00;ALTBEAR/USD;1872,50000000;2072,00000000;1729,00000000;1764,00000000;-6,15
2020-03-31T00:00:00+00:00;ALTBEAR/USD;1908,00000000;1976,50000000;1783,00000000;1872,50000000;-1,9
2020-03-30T00:00:00+00:00;ALTBEAR/USD;2438,00000000;2448,00000000;1758,50000000;1909,00000000;-27,71
2020-03-29T00:00:00+00:00;ALTBEAR/USD;2109,00000000;2442,00000000;2047,00000000;2438,00000000;13,49
2020-03-28T00:00:00+00:00;ALTBEAR/USD;2166,50000000;2423,50000000;1996,00000000;2109,00000000;-2,73
2020-03-27T00:00:00+00:00;ALTBEAR/USD;1880,50000000;2192,50000000;1775,00000000;2166,50000000;13,2
2020-03-26T00:00:00+00:00;ALTBEAR/USD;2087,00000000;2161,50000000;1863,50000000;1880,50000000;-10,98
2020-03-25T00:00:00+00:00;ALTBEAR/USD;1969,00000000;2249,50000000;1854,00000000;2085,50000000;5,59
2020-03-24T00:00:00+00:00;ALTBEAR/USD;2132,00000000;2196,00000000;1845,00000000;1962,50000000;-8,64
2020-03-23T00:00:00+00:00;ALTBEAR/USD;2945,00000000;3089,00000000;2007,50000000;2132,00000000;-38,13
2020-03-22T00:00:00+00:00;ALTBEAR/USD;2428,00000000;3024,00000000;2115,00000000;2938,00000000;17,36
2020-03-21T00:00:00+00:00;ALTBEAR/USD;2541,00000000;2857,00000000;2182,00000000;2429,00000000;-4,61
2020-03-20T00:00:00+00:00;ALTBEAR/USD;2534,00000000;3190,00000000;1795,00000000;2541,00000000;0,28
2020-03-19T00:00:00+00:00;ALTBEAR/USD;4522,00000000;4817,00000000;2246,00000000;2534,00000000;-78,45
2020-03-18T00:00:00+00:00;ALTBEAR/USD;4807,00000000;5594,00000000;4518,00000000;4522,00000000;-6,3
2020-03-17T00:00:00+00:00;ALTBEAR/USD;5870,00000000;6142,50000000;4410,00000000;4807,00000000;-22,11
2020-03-16T00:00:00+00:00;ALTBEAR/USD;4687,00000000;7277,00000000;4613,00000000;5870,00000000;20,15
2020-03-15T00:00:00+00:00;ALTBEAR/USD;5367,50000000;5560,00000000;3781,00000000;4687,00000000;-14,52
2020-03-14T00:00:00+00:00;ALTBEAR/USD;4454,00000000;5541,00000000;4223,00000000;5357,50000000;16,86
2020-03-13T00:00:00+00:00;ALTBEAR/USD;9052,50000000;14835,00000000;3945,00000000;4454,00000000;-103,24
2020-03-12T00:00:00+00:00;ALTBEAR/USD;3943,00000000;9380,00000000;3912,00000000;9027,50000000;56,32
2020-03-11T00:00:00+00:00;ALTBEAR/USD;3689,00000000;4667,00000000;3574,00000000;3943,00000000;6,44
2020-03-10T00:00:00+00:00;ALTBEAR/USD;3659,00000000;3981,00000000;3442,00000000;3692,00000000;0,89
2020-03-09T00:00:00+00:00;ALTBEAR/USD;3725,00000000;4320,00000000;3397,00000000;3659,00000000;-1,8
2020-03-08T00:00:00+00:00;ALTBEAR/USD;2500,00000000;3789,00000000;2500,00000000;3728,00000000;32,94
2020-03-07T00:00:00+00:00;ALTBEAR/USD;2206,50000000;2540,50000000;2157,00000000;2500,00000000;11,74
2020-03-06T00:00:00+00:00;ALTBEAR/USD;2556,00000000;2623,00000000;2203,50000000;2206,50000000;-15,84
2020-03-05T00:00:00+00:00;ALTBEAR/USD;2823,00000000;2823,00000000;2380,00000000;2556,00000000;-10,45
2020-03-04T00:00:00+00:00;ALTBEAR/USD;2767,00000000;3013,00000000;2641,00000000;2823,00000000;1,98
2020-03-03T00:00:00+00:00;ALTBEAR/USD;2537,00000000;2894,00000000;2534,00000000;2767,00000000;8,31
2020-03-02T00:00:00+00:00;ALTBEAR/USD;3213,00000000;3278,00000000;2484,00000000;2537,00000000;-26,65
2020-03-01T00:00:00+00:00;ALTBEAR/USD;3287,00000000;3439,00000000;2844,00000000;3213,00000000;-2,3
2020-02-29T00:00:00+00:00;ALTBEAR/USD;3003,00000000;3292,00000000;2792,00000000;3287,00000000;8,64
2020-02-28T00:00:00+00:00;ALTBEAR/USD;2880,00000000;3455,00000000;2676,00000000;3000,00000000;4,0
2020-02-27T00:00:00+00:00;ALTBEAR/USD;3100,00000000;3519,00000000;2506,00000000;2883,00000000;-7,53
2020-02-26T00:00:00+00:00;ALTBEAR/USD;2329,50000000;3346,50000000;2236,50000000;3102,00000000;24,9
2020-02-25T00:00:00+00:00;ALTBEAR/USD;1970,00000000;2382,00000000;1955,50000000;2329,50000000;15,43
2020-02-24T00:00:00+00:00;ALTBEAR/USD;1712,50000000;2147,00000000;1674,50000000;1970,00000000;13,07
2020-02-23T00:00:00+00:00;ALTBEAR/USD;2064,50000000;2068,50000000;1688,00000000;1712,50000000;-20,55
2020-02-22T00:00:00+00:00;ALTBEAR/USD;2014,00000000;2195,50000000;1984,00000000;2064,50000000;2,45
2020-02-21T00:00:00+00:00;ALTBEAR/USD;2185,00000000;2249,00000000;1895,00000000;2015,00000000;-8,44
2020-02-20T00:00:00+00:00;ALTBEAR/USD;2136,00000000;2464,00000000;1996,00000000;2185,00000000;2,24
2020-02-19T00:00:00+00:00;ALTBEAR/USD;1660,50000000;2178,50000000;1615,00000000;2136,00000000;22,26
2020-02-18T00:00:00+00:00;ALTBEAR/USD;1897,50000000;2142,50000000;1591,00000000;1661,00000000;-14,24
2020-02-17T00:00:00+00:00;ALTBEAR/USD;1998,00000000;2463,50000000;1890,00000000;1897,50000000;-5,3
2020-02-16T00:00:00+00:00;ALTBEAR/USD;1757,00000000;2438,00000000;1574,00000000;1998,00000000;12,06
2020-02-15T00:00:00+00:00;ALTBEAR/USD;1366,50000000;1846,50000000;1342,50000000;1757,00000000;22,23
2020-02-14T00:00:00+00:00;ALTBEAR/USD;1540,00000000;1656,50000000;1366,50000000;1366,50000000;-12,7
2020-02-13T00:00:00+00:00;ALTBEAR/USD;1546,00000000;1742,00000000;1403,00000000;1540,00000000;-0,39
2020-02-12T00:00:00+00:00;ALTBEAR/USD;1893,50000000;1893,50000000;1464,00000000;1547,50000000;-22,36
2020-02-11T00:00:00+00:00;ALTBEAR/USD;2201,50000000;2344,00000000;1852,00000000;1893,50000000;-16,27
2020-02-10T00:00:00+00:00;ALTBEAR/USD;2114,50000000;2382,00000000;2091,50000000;2201,50000000;3,95
2020-02-09T00:00:00+00:00;ALTBEAR/USD;2296,50000000;2340,00000000;1998,00000000;2114,00000000;-8,63
2020-02-08T00:00:00+00:00;ALTBEAR/USD;2458,00000000;2750,00000000;2148,00000000;2296,50000000;-7,03
2020-02-07T00:00:00+00:00;ALTBEAR/USD;2549,00000000;2586,00000000;2352,00000000;2456,00000000;-3,79
2020-02-06T00:00:00+00:00;ALTBEAR/USD;2733,00000000;2908,00000000;2469,00000000;2549,00000000;-7,22
2020-02-05T00:00:00+00:00;ALTBEAR/USD;3689,00000000;3716,00000000;2707,00000000;2731,00000000;-35,08
2020-02-04T00:00:00+00:00;ALTBEAR/USD;3602,00000000;3948,00000000;3480,00000000;3689,00000000;2,36
2020-02-03T00:00:00+00:00;ALTBEAR/USD;3652,00000000;3787,00000000;3257,00000000;3602,00000000;-1,39
2020-02-02T00:00:00+00:00;ALTBEAR/USD;3785,00000000;4063,00000000;3294,00000000;3652,00000000;-3,64
2020-02-01T00:00:00+00:00;ALTBEAR/USD;3968,00000000;4013,00000000;3586,00000000;3785,00000000;-4,83
2020-01-31T00:00:00+00:00;ALTBEAR/USD;3551,00000000;4259,00000000;3497,00000000;3968,00000000;10,51
2020-01-30T00:00:00+00:00;ALTBEAR/USD;4398,00000000;4651,00000000;3426,00000000;3551,00000000;-23,85
2020-01-29T00:00:00+00:00;ALTBEAR/USD;4219,00000000;4440,00000000;3925,00000000;4398,00000000;4,07
2020-01-28T00:00:00+00:00;ALTBEAR/USD;4655,00000000;4822,00000000;4124,00000000;4220,00000000;-10,31
2020-01-27T00:00:00+00:00;ALTBEAR/USD;5280,00000000;5280,00000000;4289,00000000;4655,00000000;-13,43
2020-01-26T00:00:00+00:00;ALTBEAR/USD;6362,50000000;6542,50000000;5267,50000000;5280,00000000;-20,5
2020-01-25T00:00:00+00:00;ALTBEAR/USD;6027,50000000;6630,00000000;6027,50000000;6365,00000000;5,3
2020-01-24T00:00:00+00:00;ALTBEAR/USD;6005,00000000;6922,50000000;5697,50000000;6027,50000000;0,37
2020-01-23T00:00:00+00:00;ALTBEAR/USD;5052,00000000;6357,00000000;5042,00000000;6005,00000000;15,87
2020-01-22T00:00:00+00:00;ALTBEAR/USD;4976,00000000;5271,00000000;4683,00000000;5049,00000000;1,45
2020-01-21T00:00:00+00:00;ALTBEAR/USD;5249,00000000;5460,00000000;4900,00000000;4980,00000000;-5,4
2020-01-20T00:00:00+00:00;ALTBEAR/USD;5377,50000000;5910,00000000;4925,00000000;5246,00000000;-2,51
2020-01-19T00:00:00+00:00;ALTBEAR/USD;5099,00000000;6085,00000000;4581,00000000;5377,50000000;5,18
2020-01-18T00:00:00+00:00;ALTBEAR/USD;4754,00000000;5371,00000000;4242,00000000;5099,00000000;6,77
2020-01-17T00:00:00+00:00;ALTBEAR/USD;5153,00000000;5354,00000000;4311,00000000;4754,00000000;-8,39
2020-01-16T00:00:00+00:00;ALTBEAR/USD;4921,00000000;5878,00000000;4802,00000000;5153,00000000;4,5
2020-01-15T00:00:00+00:00;ALTBEAR/USD;4234,00000000;5386,00000000;4035,00000000;4927,00000000;14,07
2020-01-14T00:00:00+00:00;ALTBEAR/USD;10875,00000000;10900,00000000;3818,00000000;4223,00000000;-157,52
2020-01-13T00:00:00+00:00;ALTBEAR/USD;10395,00000000;11385,00000000;10320,00000000;10875,00000000;4,41
2020-01-12T00:00:00+00:00;ALTBEAR/USD;11925,00000000;12275,00000000;10395,00000000;10395,00000000;-14,72
2020-01-11T00:00:00+00:00;ALTBEAR/USD;11075,00000000;12060,00000000;10635,00000000;11910,00000000;7,01
2020-01-10T00:00:00+00:00;ALTBEAR/USD;15360,00000000;16245,00000000;11000,00000000;11085,00000000;-38,57
2020-01-09T00:00:00+00:00;ALTBEAR/USD;14835,00000000;16085,00000000;14530,00000000;15370,00000000;3,48
2020-01-08T00:00:00+00:00;ALTBEAR/USD;14130,00000000;15705,00000000;12655,00000000;14845,00000000;4,82
2020-01-07T00:00:00+00:00;ALTBEAR/USD;13680,00000000;15285,00000000;13340,00000000;14130,00000000;3,18

