DATE/TIME;SYMBOL;OPEN;HIGH;LOW;CLOSE;EVOL % CLOSE/HIGH
2022-01-05T00:00:00+00:00;OKBBULL/USD;25,65000000;26,15000000;25,21000000;25,53000000;-0,47
2022-01-04T00:00:00+00:00;OKBBULL/USD;28,30000000;29,01000000;25,65000000;25,65000000;-10,33
2022-01-03T00:00:00+00:00;OKBBULL/USD;29,79000000;30,19000000;27,91000000;28,30000000;-5,27
2022-01-02T00:00:00+00:00;OKBBULL/USD;30,04000000;31,33000000;29,51000000;29,79000000;-0,84
2022-01-01T00:00:00+00:00;OKBBULL/USD;28,88000000;30,37000000;28,88000000;30,04000000;3,86
2021-12-31T00:00:00+00:00;OKBBULL/USD;26,93000000;31,97000000;26,93000000;28,88000000;6,75
2021-12-30T00:00:00+00:00;OKBBULL/USD;28,32000000;29,46000000;26,83000000;26,93000000;-5,16
2021-12-29T00:00:00+00:00;OKBBULL/USD;32,74000000;33,56000000;28,19000000;28,32000000;-15,61
2021-12-28T00:00:00+00:00;OKBBULL/USD;34,53000000;34,60000000;30,01000000;32,74000000;-5,47
2021-12-27T00:00:00+00:00;OKBBULL/USD;36,08000000;38,18000000;34,36000000;34,53000000;-4,49
2021-12-26T00:00:00+00:00;OKBBULL/USD;32,44000000;37,37000000;31,24000000;36,08000000;10,09
2021-12-25T00:00:00+00:00;OKBBULL/USD;33,08000000;34,54000000;30,79000000;32,44000000;-1,97
2021-12-24T00:00:00+00:00;OKBBULL/USD;37,32000000;38,72000000;32,49000000;33,08000000;-12,82
2021-12-23T00:00:00+00:00;OKBBULL/USD;40,55000000;40,55000000;35,42000000;37,32000000;-8,65
2021-12-22T00:00:00+00:00;OKBBULL/USD;40,87000000;46,01000000;40,46000000;40,55000000;-0,79
2021-12-21T00:00:00+00:00;OKBBULL/USD;40,39000000;41,94000000;39,00000000;40,87000000;1,17
2021-12-20T00:00:00+00:00;OKBBULL/USD;42,89000000;46,65000000;38,01000000;40,39000000;-6,19
2021-12-19T00:00:00+00:00;OKBBULL/USD;36,66000000;42,89000000;35,99000000;42,89000000;14,53
2021-12-18T00:00:00+00:00;OKBBULL/USD;37,99000000;38,53000000;35,20000000;36,66000000;-3,63
2021-12-17T00:00:00+00:00;OKBBULL/USD;36,34000000;44,77000000;30,76000000;37,99000000;4,34
2021-12-16T00:00:00+00:00;OKBBULL/USD;38,50000000;42,99000000;34,13000000;36,34000000;-5,94
2021-12-15T00:00:00+00:00;OKBBULL/USD;31,02000000;41,63000000;26,81000000;38,50000000;19,43
2021-12-14T00:00:00+00:00;OKBBULL/USD;26,97000000;32,92000000;24,03000000;31,02000000;13,06
2021-12-13T00:00:00+00:00;OKBBULL/USD;23,94000000;29,36000000;22,55000000;26,97000000;11,23
2021-12-12T00:00:00+00:00;OKBBULL/USD;22,99500000;26,04500000;22,26500000;23,94000000;3,95
2021-12-11T00:00:00+00:00;OKBBULL/USD;16,87500000;24,24000000;16,44500000;22,99500000;26,61
2021-12-10T00:00:00+00:00;OKBBULL/USD;21,89500000;22,77500000;16,73000000;16,87500000;-29,75
2021-12-09T00:00:00+00:00;OKBBULL/USD;26,90000000;27,19000000;20,17000000;21,89500000;-22,86
2021-12-08T00:00:00+00:00;OKBBULL/USD;28,58000000;29,88000000;22,68000000;26,90000000;-6,25
2021-12-07T00:00:00+00:00;OKBBULL/USD;23,08000000;29,00000000;22,10000000;28,58000000;19,24
2021-12-06T00:00:00+00:00;OKBBULL/USD;18,83000000;25,20000000;17,48000000;23,08000000;18,41
2021-12-05T00:00:00+00:00;OKBBULL/USD;20,11000000;21,20500000;14,79000000;18,83000000;-6,8
2021-12-04T00:00:00+00:00;OKBBULL/USD;30,93000000;31,45000000;13,19000000;20,11000000;-53,8
2021-12-03T00:00:00+00:00;OKBBULL/USD;34,09000000;43,94000000;24,57000000;30,93000000;-10,22
2021-12-02T00:00:00+00:00;OKBBULL/USD;26,90000000;40,58000000;26,90000000;34,09000000;21,09
2021-12-01T00:00:00+00:00;OKBBULL/USD;24,09000000;30,33000000;24,09000000;26,90000000;10,45
2021-11-30T00:00:00+00:00;OKBBULL/USD;24,49000000;28,42000000;20,69000000;24,09000000;-1,66
2021-11-29T00:00:00+00:00;OKBBULL/USD;21,88500000;27,11000000;21,59500000;24,49000000;10,64
2021-11-28T00:00:00+00:00;OKBBULL/USD;22,39000000;23,75000000;15,00000000;21,88500000;-2,31
2021-11-27T00:00:00+00:00;OKBBULL/USD;22,60000000;24,84000000;20,00000000;22,39000000;-0,94
2021-11-26T00:00:00+00:00;OKBBULL/USD;35,78000000;40,62000000;21,79000000;22,60000000;-58,32
2021-11-25T00:00:00+00:00;OKBBULL/USD;24,00000000;39,40000000;23,13000000;35,78000000;32,92
2021-11-24T00:00:00+00:00;OKBBULL/USD;27,66000000;28,02000000;23,13000000;24,00000000;-15,25
2021-11-23T00:00:00+00:00;OKBBULL/USD;24,89000000;28,00000000;24,52000000;27,66000000;10,01
2021-11-22T00:00:00+00:00;OKBBULL/USD;27,72000000;28,20000000;24,54000000;24,89000000;-11,37
2021-11-21T00:00:00+00:00;OKBBULL/USD;32,03000000;32,21000000;27,56000000;27,84000000;-15,05
2021-11-20T00:00:00+00:00;OKBBULL/USD;29,41000000;32,10000000;25,19000000;32,03000000;8,18
2021-11-19T00:00:00+00:00;OKBBULL/USD;26,65000000;29,63000000;25,00000000;29,33000000;9,14
2021-11-18T00:00:00+00:00;OKBBULL/USD;33,50000000;35,00000000;24,39000000;26,65000000;-25,7
2021-11-17T00:00:00+00:00;OKBBULL/USD;30,52000000;35,42000000;25,74000000;33,50000000;8,9
2021-11-16T00:00:00+00:00;OKBBULL/USD;36,53000000;36,72000000;24,57000000;30,52000000;-19,69
2021-11-15T00:00:00+00:00;OKBBULL/USD;39,39000000;41,55000000;36,22000000;36,53000000;-7,83
2021-11-14T00:00:00+00:00;OKBBULL/USD;39,20000000;40,63000000;35,92000000;39,39000000;0,48
2021-11-13T00:00:00+00:00;OKBBULL/USD;37,70000000;41,52000000;35,03000000;39,20000000;3,83
2021-11-12T00:00:00+00:00;OKBBULL/USD;44,58000000;46,34000000;30,25000000;37,70000000;-18,25
2021-11-11T00:00:00+00:00;OKBBULL/USD;42,17000000;50,06000000;40,12000000;44,58000000;5,41
2021-11-10T00:00:00+00:00;OKBBULL/USD;54,52500000;58,35000000;39,04000000;42,17000000;-29,3
2021-11-09T00:00:00+00:00;OKBBULL/USD;59,60000000;66,02500000;47,92500000;54,52500000;-9,31
2021-11-08T00:00:00+00:00;OKBBULL/USD;44,62000000;64,49000000;40,36000000;59,60000000;25,13
2021-11-07T00:00:00+00:00;OKBBULL/USD;35,71000000;53,44000000;32,67000000;44,62000000;19,97
2021-11-06T00:00:00+00:00;OKBBULL/USD;30,55000000;36,85000000;27,12000000;35,71000000;14,45
2021-11-05T00:00:00+00:00;OKBBULL/USD;23,36500000;32,43000000;22,16500000;30,55000000;23,52
2021-11-04T00:00:00+00:00;OKBBULL/USD;24,72000000;27,55000000;20,61000000;23,36500000;-5,8
2021-11-03T00:00:00+00:00;OKBBULL/USD;23,98000000;25,80000000;20,94000000;24,72000000;2,99
2021-11-02T00:00:00+00:00;OKBBULL/USD;25,30000000;26,07000000;21,63000000;23,98000000;-5,5
2021-11-01T00:00:00+00:00;OKBBULL/USD;21,71500000;25,68000000;18,61000000;25,30000000;14,17
2021-10-31T00:00:00+00:00;OKBBULL/USD;20,17500000;21,77000000;18,00000000;21,71500000;7,09
2021-10-30T00:00:00+00:00;OKBBULL/USD;22,11000000;22,73500000;19,10000000;20,17500000;-9,59
2021-10-29T00:00:00+00:00;OKBBULL/USD;23,34500000;27,86000000;21,59500000;22,11000000;-5,59
2021-10-28T00:00:00+00:00;OKBBULL/USD;22,22000000;27,88000000;21,28500000;23,34500000;4,82
2021-10-27T00:00:00+00:00;OKBBULL/USD;32,42000000;32,79000000;20,24000000;22,22000000;-45,9
2021-10-26T00:00:00+00:00;OKBBULL/USD;41,49000000;41,94000000;31,05000000;32,42000000;-27,98
2021-10-25T00:00:00+00:00;OKBBULL/USD;38,79000000;48,06000000;37,36000000;41,49000000;6,51
2021-10-24T00:00:00+00:00;OKBBULL/USD;46,81000000;48,27000000;35,00000000;38,79000000;-20,68
2021-10-23T00:00:00+00:00;OKBBULL/USD;54,50000000;56,05000000;40,25000000;46,81000000;-16,43
2021-10-22T00:00:00+00:00;OKBBULL/USD;34,22000000;55,31000000;31,32000000;54,50000000;37,21
2021-10-21T00:00:00+00:00;OKBBULL/USD;45,43000000;46,51000000;27,59000000;34,22000000;-32,76
2021-10-20T00:00:00+00:00;OKBBULL/USD;23,14000000;48,30000000;23,00000000;45,43000000;49,06
2021-10-19T00:00:00+00:00;OKBBULL/USD;14,53000000;23,64500000;14,25000000;23,14000000;37,21
2021-10-18T00:00:00+00:00;OKBBULL/USD;13,61500000;14,97000000;13,48500000;14,53000000;6,3
2021-10-17T00:00:00+00:00;OKBBULL/USD;13,63500000;14,45500000;13,30000000;13,61500000;-0,15
2021-10-16T00:00:00+00:00;OKBBULL/USD;15,59500000;15,79000000;13,50000000;13,63500000;-14,37
2021-10-15T00:00:00+00:00;OKBBULL/USD;14,61000000;15,89000000;13,64000000;15,59500000;6,32
2021-10-14T00:00:00+00:00;OKBBULL/USD;14,07500000;15,03500000;13,35000000;14,61000000;3,66
2021-10-13T00:00:00+00:00;OKBBULL/USD;13,66000000;16,33500000;9,86500000;14,07500000;2,95
2021-10-12T00:00:00+00:00;OKBBULL/USD;14,01000000;14,01000000;12,67500000;13,66000000;-2,56
2021-10-11T00:00:00+00:00;OKBBULL/USD;14,71000000;17,50000000;11,65500000;14,01000000;-5,0
2021-10-10T00:00:00+00:00;OKBBULL/USD;17,63000000;18,35500000;14,71000000;14,71000000;-19,85
2021-10-09T00:00:00+00:00;OKBBULL/USD;18,90000000;19,56500000;17,53000000;17,63000000;-7,2
2021-10-08T00:00:00+00:00;OKBBULL/USD;18,07500000;20,07000000;17,28000000;18,90000000;4,37
2021-10-07T00:00:00+00:00;OKBBULL/USD;16,48500000;20,48500000;15,40000000;18,07500000;8,8
2021-10-06T00:00:00+00:00;OKBBULL/USD;18,90500000;19,00000000;14,20000000;16,48500000;-14,68
2021-10-05T00:00:00+00:00;OKBBULL/USD;19,24000000;20,10500000;17,19500000;18,90500000;-1,77
2021-10-04T00:00:00+00:00;OKBBULL/USD;19,88500000;19,88500000;16,48000000;19,24000000;-3,35
2021-10-03T00:00:00+00:00;OKBBULL/USD;19,38000000;20,36500000;18,27500000;19,88500000;2,54
2021-10-02T00:00:00+00:00;OKBBULL/USD;17,54500000;21,10500000;16,11000000;19,38000000;9,47
2021-10-01T00:00:00+00:00;OKBBULL/USD;13,25000000;17,67000000;12,56500000;17,54500000;24,48
2021-09-30T00:00:00+00:00;OKBBULL/USD;14,35000000;15,27000000;11,80000000;13,25000000;-8,3
2021-09-29T00:00:00+00:00;OKBBULL/USD;12,56750000;15,43500000;11,77500000;14,35000000;12,42
2021-09-28T00:00:00+00:00;OKBBULL/USD;10,24000000;16,44000000;9,12000000;12,56750000;18,52
2021-09-27T00:00:00+00:00;OKBBULL/USD;6,99750000;11,52500000;6,84750000;10,24000000;31,67
2021-09-26T00:00:00+00:00;OKBBULL/USD;9,24500000;9,30000000;3,00000000;7,02750000;-31,55
2021-09-25T00:00:00+00:00;OKBBULL/USD;12,08500000;12,25500000;7,60000000;9,24500000;-30,72
2021-09-24T00:00:00+00:00;OKBBULL/USD;24,93000000;25,05000000;10,34500000;12,08500000;-106,29
2021-09-23T00:00:00+00:00;OKBBULL/USD;23,88000000;25,78000000;23,12000000;24,93000000;4,21
2021-09-22T00:00:00+00:00;OKBBULL/USD;22,02500000;24,73000000;20,86500000;23,88000000;7,77
2021-09-21T00:00:00+00:00;OKBBULL/USD;23,53000000;25,75500000;20,85500000;22,02500000;-6,83
2021-09-20T00:00:00+00:00;OKBBULL/USD;31,86000000;31,99000000;21,89000000;23,53000000;-35,4
2021-09-19T00:00:00+00:00;OKBBULL/USD;34,06000000;34,20000000;30,89000000;31,86000000;-6,91
2021-09-18T00:00:00+00:00;OKBBULL/USD;32,30000000;36,26000000;32,19000000;34,06000000;5,17
2021-09-17T00:00:00+00:00;OKBBULL/USD;33,50000000;34,78000000;31,35000000;32,30000000;-3,72
2021-09-16T00:00:00+00:00;OKBBULL/USD;36,18000000;37,16000000;32,08000000;33,50000000;-8,0
2021-09-15T00:00:00+00:00;OKBBULL/USD;33,00000000;36,31000000;31,89000000;36,18000000;8,79
2021-09-14T00:00:00+00:00;OKBBULL/USD;29,99000000;33,04000000;29,20000000;33,00000000;9,12
2021-09-13T00:00:00+00:00;OKBBULL/USD;33,58000000;35,15000000;27,08000000;29,99000000;-11,97
2021-09-12T00:00:00+00:00;OKBBULL/USD;30,75000000;34,66000000;29,58000000;33,58000000;8,43
2021-09-11T00:00:00+00:00;OKBBULL/USD;29,74000000;32,42000000;29,43000000;30,69000000;3,1
2021-09-10T00:00:00+00:00;OKBBULL/USD;33,05000000;35,40000000;28,79000000;29,74000000;-11,13
2021-09-09T00:00:00+00:00;OKBBULL/USD;34,63000000;36,74000000;32,99000000;33,05000000;-4,78
2021-09-08T00:00:00+00:00;OKBBULL/USD;37,03000000;38,33000000;27,34000000;34,63000000;-6,93
2021-09-07T00:00:00+00:00;OKBBULL/USD;70,10000000;70,97500000;26,67000000;37,03000000;-89,31
2021-09-06T00:00:00+00:00;OKBBULL/USD;68,80000000;76,87500000;66,20000000;70,10000000;1,85
2021-09-05T00:00:00+00:00;OKBBULL/USD;65,45000000;73,25000000;64,57500000;68,80000000;4,87
2021-09-04T00:00:00+00:00;OKBBULL/USD;62,67500000;71,55000000;59,62500000;65,45000000;4,24
2021-09-03T00:00:00+00:00;OKBBULL/USD;59,10000000;64,97500000;55,22500000;62,67500000;5,7
2021-09-02T00:00:00+00:00;OKBBULL/USD;66,72500000;68,82500000;54,62500000;59,10000000;-12,9
2021-09-01T00:00:00+00:00;OKBBULL/USD;50,78000000;73,10000000;47,22000000;66,72500000;23,9
2021-08-31T00:00:00+00:00;OKBBULL/USD;49,62000000;52,11000000;43,29000000;50,78000000;2,28
2021-08-30T00:00:00+00:00;OKBBULL/USD;49,63000000;51,34000000;47,73000000;49,62000000;-0,02
2021-08-29T00:00:00+00:00;OKBBULL/USD;51,33000000;53,20000000;48,58000000;49,63000000;-3,43
2021-08-28T00:00:00+00:00;OKBBULL/USD;54,44000000;54,80000000;50,12000000;51,33000000;-6,06
2021-08-27T00:00:00+00:00;OKBBULL/USD;49,89000000;55,27000000;48,42000000;54,44000000;8,36
2021-08-26T00:00:00+00:00;OKBBULL/USD;59,45000000;62,50000000;48,56000000;49,89000000;-19,16
2021-08-25T00:00:00+00:00;OKBBULL/USD;56,15000000;61,06000000;51,91000000;59,45000000;5,55
2021-08-24T00:00:00+00:00;OKBBULL/USD;64,17500000;64,57500000;54,82500000;56,15000000;-14,29
2021-08-23T00:00:00+00:00;OKBBULL/USD;58,90000000;66,82500000;58,32500000;64,17500000;8,22
2021-08-22T00:00:00+00:00;OKBBULL/USD;60,02500000;63,42500000;56,77500000;58,90000000;-1,91
2021-08-21T00:00:00+00:00;OKBBULL/USD;70,10000000;70,25000000;59,70000000;60,02500000;-16,78
2021-08-20T00:00:00+00:00;OKBBULL/USD;64,12500000;71,17500000;63,02500000;70,10000000;8,52
2021-08-19T00:00:00+00:00;OKBBULL/USD;56,00000000;68,47500000;50,97500000;64,12500000;12,67
2021-08-18T00:00:00+00:00;OKBBULL/USD;56,17500000;59,12500000;51,32500000;56,00000000;-0,31
2021-08-17T00:00:00+00:00;OKBBULL/USD;70,22500000;73,72500000;55,32500000;56,17500000;-25,01
2021-08-16T00:00:00+00:00;OKBBULL/USD;72,75000000;78,65000000;69,45000000;70,22500000;-3,6
2021-08-15T00:00:00+00:00;OKBBULL/USD;73,77500000;79,37500000;65,50000000;72,75000000;-1,41
2021-08-14T00:00:00+00:00;OKBBULL/USD;80,80000000;83,05000000;70,40000000;73,77500000;-9,52
2021-08-13T00:00:00+00:00;OKBBULL/USD;76,40000000;83,00000000;74,87500000;80,80000000;5,45
2021-08-12T00:00:00+00:00;OKBBULL/USD;82,27500000;87,65000000;68,92500000;76,40000000;-7,69
2021-08-11T00:00:00+00:00;OKBBULL/USD;86,57500000;91,42500000;82,17500000;82,27500000;-5,23
2021-08-10T00:00:00+00:00;OKBBULL/USD;90,05000000;90,82500000;78,72500000;86,57500000;-4,01
2021-08-09T00:00:00+00:00;OKBBULL/USD;71,60000000;90,50000000;64,02500000;90,05000000;20,49
2021-08-08T00:00:00+00:00;OKBBULL/USD;102,77500000;103,57500000;69,52500000;71,60000000;-43,54
2021-08-07T00:00:00+00:00;OKBBULL/USD;68,80000000;104,42500000;68,30000000;102,77500000;33,06
2021-08-06T00:00:00+00:00;OKBBULL/USD;59,35000000;72,32500000;56,32500000;68,80000000;13,74
2021-08-05T00:00:00+00:00;OKBBULL/USD;46,60000000;64,91000000;43,03000000;59,35000000;21,48
2021-08-04T00:00:00+00:00;OKBBULL/USD;38,20000000;50,42000000;36,39000000;46,60000000;18,03
2021-08-03T00:00:00+00:00;OKBBULL/USD;51,18000000;52,13000000;35,92000000;38,20000000;-33,98
2021-08-02T00:00:00+00:00;OKBBULL/USD;53,65000000;53,90000000;45,85000000;51,18000000;-4,83
2021-08-01T00:00:00+00:00;OKBBULL/USD;54,77500000;65,45000000;51,85000000;53,65000000;-2,1
2021-07-31T00:00:00+00:00;OKBBULL/USD;47,46000000;57,91000000;43,64000000;54,77500000;13,35
2021-07-30T00:00:00+00:00;OKBBULL/USD;44,71000000;50,83000000;41,59000000;47,46000000;5,79
2021-07-29T00:00:00+00:00;OKBBULL/USD;41,07000000;47,90000000;39,79000000;44,71000000;8,14
2021-07-28T00:00:00+00:00;OKBBULL/USD;44,22000000;52,29000000;37,50000000;41,07000000;-7,67
2021-07-27T00:00:00+00:00;OKBBULL/USD;30,42000000;46,17000000;27,62000000;44,22000000;31,21
2021-07-26T00:00:00+00:00;OKBBULL/USD;25,77000000;33,25000000;25,13000000;30,42000000;15,29
2021-07-25T00:00:00+00:00;OKBBULL/USD;22,30500000;26,80000000;18,84500000;25,77000000;13,45
2021-07-24T00:00:00+00:00;OKBBULL/USD;19,18500000;22,72000000;18,10000000;22,30500000;13,99
2021-07-23T00:00:00+00:00;OKBBULL/USD;16,56500000;19,27000000;14,12000000;19,18500000;13,66
2021-07-22T00:00:00+00:00;OKBBULL/USD;11,49500000;17,74500000;11,33000000;16,56500000;30,61
2021-07-21T00:00:00+00:00;OKBBULL/USD;8,34250000;11,81500000;7,94500000;11,49500000;27,42
2021-07-20T00:00:00+00:00;OKBBULL/USD;8,98750000;9,23750000;7,19750000;8,34250000;-7,73
2021-07-19T00:00:00+00:00;OKBBULL/USD;10,84000000;11,07500000;8,30500000;8,98750000;-20,61
2021-07-18T00:00:00+00:00;OKBBULL/USD;10,66500000;11,54500000;10,64500000;10,84000000;1,61
2021-07-17T00:00:00+00:00;OKBBULL/USD;11,23000000;11,51000000;10,60500000;10,66500000;-5,3
2021-07-16T00:00:00+00:00;OKBBULL/USD;11,49500000;11,64000000;10,11500000;11,23000000;-2,36
2021-07-15T00:00:00+00:00;OKBBULL/USD;11,97000000;12,54500000;10,30500000;11,49500000;-4,13
2021-07-14T00:00:00+00:00;OKBBULL/USD;10,83500000;12,93000000;9,14000000;11,97000000;9,48
2021-07-13T00:00:00+00:00;OKBBULL/USD;10,68750000;11,80750000;9,04250000;10,83500000;1,36
2021-07-12T00:00:00+00:00;OKBBULL/USD;8,28500000;11,21500000;8,01000000;10,68750000;22,48
2021-07-11T00:00:00+00:00;OKBBULL/USD;7,79000000;8,40000000;7,58750000;8,28500000;5,97
2021-07-10T00:00:00+00:00;OKBBULL/USD;8,42250000;8,74000000;7,61250000;7,79000000;-8,12
2021-07-09T00:00:00+00:00;OKBBULL/USD;8,47250000;8,80250000;7,52500000;8,42250000;-0,59
2021-07-08T00:00:00+00:00;OKBBULL/USD;9,74250000;9,74250000;8,22250000;8,47250000;-14,99
2021-07-07T00:00:00+00:00;OKBBULL/USD;9,94500000;10,56000000;9,54750000;9,74250000;-2,08
2021-07-06T00:00:00+00:00;OKBBULL/USD;9,48750000;10,66500000;9,22250000;9,94500000;4,6
2021-07-05T00:00:00+00:00;OKBBULL/USD;10,69500000;10,70000000;8,92750000;9,48750000;-12,73
2021-07-04T00:00:00+00:00;OKBBULL/USD;10,45750000;11,44000000;9,90750000;10,69500000;2,22
2021-07-03T00:00:00+00:00;OKBBULL/USD;9,71250000;11,54750000;9,23000000;10,45750000;7,12
2021-07-02T00:00:00+00:00;OKBBULL/USD;9,89250000;10,24500000;8,25000000;9,71250000;-1,85
2021-07-01T00:00:00+00:00;OKBBULL/USD;11,55500000;11,74500000;9,10500000;9,89250000;-16,81
2021-06-30T00:00:00+00:00;OKBBULL/USD;11,01500000;12,26750000;9,63500000;11,55500000;4,67
2021-06-29T00:00:00+00:00;OKBBULL/USD;9,65500000;12,38500000;9,54250000;11,01500000;12,35
2021-06-28T00:00:00+00:00;OKBBULL/USD;8,64000000;10,07000000;8,17250000;9,65500000;10,51
2021-06-27T00:00:00+00:00;OKBBULL/USD;8,01500000;8,69250000;7,67000000;8,64000000;7,23
2021-06-26T00:00:00+00:00;OKBBULL/USD;8,28500000;8,66000000;6,98500000;8,01500000;-3,37
2021-06-25T00:00:00+00:00;OKBBULL/USD;10,49000000;11,08750000;7,51250000;8,28500000;-26,61
2021-06-24T00:00:00+00:00;OKBBULL/USD;8,70500000;10,67250000;7,07000000;10,49000000;17,02
2021-06-23T00:00:00+00:00;OKBBULL/USD;6,67000000;9,53000000;6,10750000;8,70500000;23,38
2021-06-22T00:00:00+00:00;OKBBULL/USD;10,53000000;11,35250000;5,74750000;6,67000000;-57,87
2021-06-21T00:00:00+00:00;OKBBULL/USD;21,02500000;21,48000000;10,32000000;10,53000000;-99,67
2021-06-20T00:00:00+00:00;OKBBULL/USD;20,54000000;22,24000000;16,72500000;21,02500000;2,31
2021-06-19T00:00:00+00:00;OKBBULL/USD;22,86500000;23,30500000;20,41000000;20,54000000;-11,32
2021-06-18T00:00:00+00:00;OKBBULL/USD;24,02000000;24,42000000;20,83000000;22,86500000;-5,05
2021-06-17T00:00:00+00:00;OKBBULL/USD;25,35000000;28,15000000;21,54000000;24,02000000;-5,54
2021-06-16T00:00:00+00:00;OKBBULL/USD;32,36000000;32,42000000;24,24000000;25,38000000;-27,5
2021-06-15T00:00:00+00:00;OKBBULL/USD;32,30000000;34,45000000;29,51000000;32,36000000;0,19
2021-06-14T00:00:00+00:00;OKBBULL/USD;27,49500000;34,54000000;26,52000000;32,30000000;14,88
2021-06-13T00:00:00+00:00;OKBBULL/USD;23,62000000;28,53500000;21,79000000;27,49500000;14,09
2021-06-12T00:00:00+00:00;OKBBULL/USD;27,87000000;28,12000000;21,08000000;23,62000000;-17,99
2021-06-11T00:00:00+00:00;OKBBULL/USD;30,71000000;30,71000000;27,18000000;27,87000000;-10,19
2021-06-10T00:00:00+00:00;OKBBULL/USD;34,20000000;34,75000000;28,25000000;30,71000000;-11,36
2021-06-09T00:00:00+00:00;OKBBULL/USD;31,08000000;34,69000000;26,04000000;34,20000000;9,12
2021-06-08T00:00:00+00:00;OKBBULL/USD;36,45000000;38,21000000;23,70000000;31,08000000;-17,28
2021-06-07T00:00:00+00:00;OKBBULL/USD;51,11000000;55,15000000;35,00000000;36,45000000;-40,22
2021-06-06T00:00:00+00:00;OKBBULL/USD;50,46000000;53,53000000;48,77000000;51,11000000;1,27
2021-06-05T00:00:00+00:00;OKBBULL/USD;50,68000000;62,66000000;47,38000000;50,46000000;-0,44
2021-06-04T00:00:00+00:00;OKBBULL/USD;74,07500000;74,62500000;45,27000000;50,68000000;-46,16
2021-06-03T00:00:00+00:00;OKBBULL/USD;72,10000000;80,62500000;56,32500000;74,07500000;2,67
2021-06-02T00:00:00+00:00;OKBBULL/USD;35,77000000;75,10000000;33,60000000;72,10000000;50,39
2021-06-01T00:00:00+00:00;OKBBULL/USD;38,75000000;39,69000000;32,20000000;35,77000000;-8,33
2021-05-31T00:00:00+00:00;OKBBULL/USD;34,59000000;38,81000000;30,36000000;38,75000000;10,74
2021-05-30T00:00:00+00:00;OKBBULL/USD;33,12000000;36,54000000;26,83000000;34,59000000;4,25
2021-05-29T00:00:00+00:00;OKBBULL/USD;34,89000000;40,85000000;25,82000000;33,12000000;-5,34
2021-05-28T00:00:00+00:00;OKBBULL/USD;48,06000000;49,69000000;28,26000000;34,89000000;-37,75
2021-05-27T00:00:00+00:00;OKBBULL/USD;51,38000000;53,32000000;39,78000000;48,06000000;-6,91
2021-05-26T00:00:00+00:00;OKBBULL/USD;48,35000000;59,60000000;43,76000000;51,38000000;5,9
2021-05-25T00:00:00+00:00;OKBBULL/USD;58,16000000;61,10000000;35,10000000;48,35000000;-20,29
2021-05-24T00:00:00+00:00;OKBBULL/USD;33,58000000;58,16000000;30,76000000;58,16000000;42,26
2021-05-23T00:00:00+00:00;OKBBULL/USD;53,26000000;58,80000000;18,78500000;33,58000000;-58,61
2021-05-22T00:00:00+00:00;OKBBULL/USD;71,27500000;80,42500000;41,24000000;53,26000000;-33,82
2021-05-21T00:00:00+00:00;OKBBULL/USD;294,50000000;374,20000000;45,95000000;71,27500000;-313,19
2021-05-20T00:00:00+00:00;OKBBULL/USD;214,60000000;324,00000000;139,60000000;294,50000000;27,13
2021-05-19T00:00:00+00:00;OKBBULL/USD;1713,00000000;1766,50000000;100,00000000;214,60000000;-698,23
2021-05-18T00:00:00+00:00;OKBBULL/USD;1789,50000000;2260,50000000;1600,00000000;1713,00000000;-4,47
2021-05-17T00:00:00+00:00;OKBBULL/USD;2650,00000000;2667,00000000;1573,50000000;1789,50000000;-48,09
2021-05-16T00:00:00+00:00;OKBBULL/USD;3193,00000000;3572,00000000;2276,00000000;2650,00000000;-20,49
2021-05-15T00:00:00+00:00;OKBBULL/USD;3854,00000000;4032,00000000;2899,00000000;3193,00000000;-20,7
2021-05-14T00:00:00+00:00;OKBBULL/USD;4070,00000000;4446,00000000;3505,00000000;3854,00000000;-5,6
2021-05-13T00:00:00+00:00;OKBBULL/USD;3545,00000000;5227,00000000;3163,00000000;4070,00000000;12,9
2021-05-12T00:00:00+00:00;OKBBULL/USD;4073,00000000;6470,00000000;3433,00000000;3545,00000000;-14,89
2021-05-11T00:00:00+00:00;OKBBULL/USD;3462,00000000;5004,00000000;3021,00000000;4073,00000000;15,0
2021-05-10T00:00:00+00:00;OKBBULL/USD;3502,00000000;5530,00000000;2950,00000000;3462,00000000;-1,16
2021-05-09T00:00:00+00:00;OKBBULL/USD;3330,00000000;3570,00000000;2770,00000000;3502,00000000;4,91
2021-05-08T00:00:00+00:00;OKBBULL/USD;3640,00000000;4441,00000000;3329,00000000;3330,00000000;-9,31
2021-05-07T00:00:00+00:00;OKBBULL/USD;3612,00000000;4512,00000000;2900,00000000;3640,00000000;0,77
2021-05-06T00:00:00+00:00;OKBBULL/USD;5667,50000000;5875,00000000;2790,00000000;3612,00000000;-56,91
2021-05-05T00:00:00+00:00;OKBBULL/USD;5575,00000000;6465,00000000;5205,00000000;5667,50000000;1,63
2021-05-04T00:00:00+00:00;OKBBULL/USD;7312,50000000;7691,00000000;4960,00000000;5575,00000000;-31,17
2021-05-03T00:00:00+00:00;OKBBULL/USD;9645,00000000;10752,50000000;5815,00000000;7312,50000000;-31,9
2021-05-02T00:00:00+00:00;OKBBULL/USD;5575,00000000;9645,00000000;4032,50000000;9645,00000000;42,2
2021-05-01T00:00:00+00:00;OKBBULL/USD;2000,00000000;6470,00000000;1841,00000000;5575,00000000;64,13
2021-04-30T00:00:00+00:00;OKBBULL/USD;1680,50000000;2122,50000000;1680,50000000;2000,00000000;15,98
2021-04-29T00:00:00+00:00;OKBBULL/USD;1130,00000000;1680,50000000;1049,50000000;1680,50000000;32,76
2021-04-28T00:00:00+00:00;OKBBULL/USD;1236,50000000;1324,00000000;1030,00000000;1130,00000000;-9,42
2021-04-27T00:00:00+00:00;OKBBULL/USD;1178,00000000;1261,00000000;1135,50000000;1236,50000000;4,73
2021-04-26T00:00:00+00:00;OKBBULL/USD;988,00000000;1202,75000000;988,00000000;1178,00000000;16,13
2021-04-25T00:00:00+00:00;OKBBULL/USD;1044,50000000;1162,00000000;935,00000000;988,00000000;-5,72
2021-04-24T00:00:00+00:00;OKBBULL/USD;1025,00000000;1112,00000000;897,00000000;1044,50000000;1,87
2021-04-23T00:00:00+00:00;OKBBULL/USD;1033,00000000;1041,75000000;730,00000000;1025,00000000;-0,78
2021-04-22T00:00:00+00:00;OKBBULL/USD;1198,50000000;1406,50000000;1021,50000000;1033,00000000;-16,02
2021-04-21T00:00:00+00:00;OKBBULL/USD;1257,00000000;1484,00000000;1112,50000000;1198,50000000;-4,88
2021-04-20T00:00:00+00:00;OKBBULL/USD;960,75000000;1265,25000000;818,25000000;1257,00000000;23,57
2021-04-19T00:00:00+00:00;OKBBULL/USD;1346,00000000;1528,50000000;850,00000000;960,75000000;-40,1
2021-04-18T00:00:00+00:00;OKBBULL/USD;1670,00000000;1670,00000000;730,00000000;1346,00000000;-24,07
2021-04-17T00:00:00+00:00;OKBBULL/USD;1800,00000000;1985,00000000;1592,50000000;1670,00000000;-7,78
2021-04-16T00:00:00+00:00;OKBBULL/USD;2454,00000000;2470,00000000;1736,00000000;1800,00000000;-36,33
2021-04-15T00:00:00+00:00;OKBBULL/USD;2295,50000000;2631,50000000;2231,50000000;2454,00000000;6,46
2021-04-14T00:00:00+00:00;OKBBULL/USD;3015,00000000;3278,00000000;2000,00000000;2295,50000000;-31,34
2021-04-13T00:00:00+00:00;OKBBULL/USD;3595,00000000;3788,00000000;2607,00000000;3015,00000000;-19,24
2021-04-12T00:00:00+00:00;OKBBULL/USD;3367,00000000;4517,00000000;3015,00000000;3595,00000000;6,34
2021-04-11T00:00:00+00:00;OKBBULL/USD;2856,00000000;3367,00000000;2642,00000000;3367,00000000;15,18
2021-04-10T00:00:00+00:00;OKBBULL/USD;2357,00000000;3300,00000000;2357,00000000;2856,00000000;17,47
2021-04-09T00:00:00+00:00;OKBBULL/USD;2321,00000000;2418,00000000;2214,00000000;2357,00000000;1,53
2021-04-08T00:00:00+00:00;OKBBULL/USD;1977,00000000;2414,50000000;1940,50000000;2321,00000000;14,82
2021-04-07T00:00:00+00:00;OKBBULL/USD;2107,00000000;2551,00000000;1693,50000000;1977,00000000;-6,58
2021-04-06T00:00:00+00:00;OKBBULL/USD;1928,00000000;2283,00000000;1793,00000000;2107,00000000;8,5
2021-04-05T00:00:00+00:00;OKBBULL/USD;1689,50000000;2163,00000000;1478,00000000;1928,00000000;12,37
2021-04-04T00:00:00+00:00;OKBBULL/USD;1449,50000000;1700,00000000;1384,00000000;1689,50000000;14,21
2021-04-03T00:00:00+00:00;OKBBULL/USD;2042,50000000;2103,50000000;1387,00000000;1449,50000000;-40,91
2021-04-02T00:00:00+00:00;OKBBULL/USD;1975,50000000;2264,00000000;1935,00000000;2042,50000000;3,28
2021-04-01T00:00:00+00:00;OKBBULL/USD;1928,00000000;1975,50000000;1614,50000000;1975,50000000;2,4
2021-03-31T00:00:00+00:00;OKBBULL/USD;1735,00000000;2093,00000000;1397,00000000;1928,00000000;10,01
2021-03-30T00:00:00+00:00;OKBBULL/USD;1306,00000000;1817,50000000;1214,00000000;1735,00000000;24,73
2021-03-29T00:00:00+00:00;OKBBULL/USD;1033,25000000;1391,50000000;1013,75000000;1306,00000000;20,88
2021-03-28T00:00:00+00:00;OKBBULL/USD;869,75000000;1106,75000000;852,25000000;1033,25000000;15,82
2021-03-27T00:00:00+00:00;OKBBULL/USD;885,50000000;906,25000000;817,00000000;869,75000000;-1,81
2021-03-26T00:00:00+00:00;OKBBULL/USD;773,00000000;887,50000000;759,50000000;885,50000000;12,7
2021-03-25T00:00:00+00:00;OKBBULL/USD;940,50000000;940,50000000;752,25000000;773,00000000;-21,67
2021-03-24T00:00:00+00:00;OKBBULL/USD;1098,00000000;1340,50000000;918,50000000;940,50000000;-16,75
2021-03-23T00:00:00+00:00;OKBBULL/USD;1100,00000000;1275,00000000;1055,50000000;1098,00000000;-0,18
2021-03-22T00:00:00+00:00;OKBBULL/USD;1289,00000000;1305,50000000;1098,50000000;1100,00000000;-17,18
2021-03-21T00:00:00+00:00;OKBBULL/USD;1400,00000000;1407,00000000;1264,50000000;1289,00000000;-8,61
2021-03-20T00:00:00+00:00;OKBBULL/USD;1428,00000000;1481,50000000;1392,50000000;1400,00000000;-2,0
2021-03-19T00:00:00+00:00;OKBBULL/USD;1409,50000000;1474,00000000;1345,50000000;1428,00000000;1,3
2021-03-18T00:00:00+00:00;OKBBULL/USD;1472,00000000;1630,00000000;1401,50000000;1409,50000000;-4,43
2021-03-17T00:00:00+00:00;OKBBULL/USD;1504,50000000;1536,50000000;1305,50000000;1472,00000000;-2,21
2021-03-16T00:00:00+00:00;OKBBULL/USD;1531,50000000;1616,00000000;1370,50000000;1504,50000000;-1,79
2021-03-15T00:00:00+00:00;OKBBULL/USD;1901,50000000;1997,00000000;1302,50000000;1531,50000000;-24,16
2021-03-14T00:00:00+00:00;OKBBULL/USD;2060,50000000;2096,50000000;1866,00000000;1901,50000000;-8,36
2021-03-13T00:00:00+00:00;OKBBULL/USD;1950,50000000;2151,00000000;1807,50000000;2060,50000000;5,34
2021-03-12T00:00:00+00:00;OKBBULL/USD;2235,50000000;2249,00000000;1738,00000000;1950,50000000;-14,61
2021-03-11T00:00:00+00:00;OKBBULL/USD;2327,50000000;2374,50000000;1659,50000000;2235,50000000;-4,12
2021-03-10T00:00:00+00:00;OKBBULL/USD;3017,00000000;3017,00000000;2264,00000000;2327,50000000;-29,62
2021-03-09T00:00:00+00:00;OKBBULL/USD;2536,00000000;3017,00000000;2392,00000000;3017,00000000;15,94
2021-03-08T00:00:00+00:00;OKBBULL/USD;2868,00000000;2880,00000000;2159,00000000;2536,00000000;-13,09
2021-03-07T00:00:00+00:00;OKBBULL/USD;2657,00000000;2940,00000000;2656,00000000;2868,00000000;7,36
2021-03-06T00:00:00+00:00;OKBBULL/USD;2785,00000000;2986,00000000;2236,00000000;2657,00000000;-4,82
2021-03-05T00:00:00+00:00;OKBBULL/USD;2940,00000000;2940,00000000;2097,00000000;2785,00000000;-5,57
2021-03-04T00:00:00+00:00;OKBBULL/USD;2785,00000000;4270,00000000;2628,00000000;2940,00000000;5,27
2021-03-03T00:00:00+00:00;OKBBULL/USD;2720,00000000;3360,00000000;2622,00000000;2785,00000000;2,33
2021-03-02T00:00:00+00:00;OKBBULL/USD;3179,00000000;3200,00000000;2417,00000000;2720,00000000;-16,88
2021-03-01T00:00:00+00:00;OKBBULL/USD;2263,00000000;3546,50000000;2197,00000000;3179,00000000;28,81
2021-02-28T00:00:00+00:00;OKBBULL/USD;3766,00000000;3920,00000000;1833,00000000;2263,00000000;-66,42
2021-02-27T00:00:00+00:00;OKBBULL/USD;2785,00000000;4194,00000000;2785,00000000;3766,00000000;26,05
2021-02-26T00:00:00+00:00;OKBBULL/USD;3235,00000000;3235,00000000;2115,00000000;2785,00000000;-16,16
2021-02-25T00:00:00+00:00;OKBBULL/USD;4285,00000000;4928,00000000;3170,00000000;3235,00000000;-32,46
2021-02-24T00:00:00+00:00;OKBBULL/USD;3447,00000000;5286,00000000;2921,00000000;4285,00000000;19,56
2021-02-23T00:00:00+00:00;OKBBULL/USD;7357,50000000;7415,00000000;2052,00000000;3447,00000000;-113,45
2021-02-22T00:00:00+00:00;OKBBULL/USD;11380,00000000;12197,50000000;4713,00000000;7357,50000000;-54,67
2021-02-21T00:00:00+00:00;OKBBULL/USD;4157,00000000;12795,00000000;3978,00000000;11380,00000000;63,47
2021-02-20T00:00:00+00:00;OKBBULL/USD;9857,00000000;11040,00000000;3429,00000000;4157,00000000;-137,12
2021-02-19T00:00:00+00:00;OKBBULL/USD;3448,00000000;9955,00000000;3448,00000000;9857,00000000;65,02
2021-02-18T00:00:00+00:00;OKBBULL/USD;2877,00000000;3638,00000000;2485,00000000;3448,00000000;16,56
2021-02-17T00:00:00+00:00;OKBBULL/USD;1803,00000000;3005,50000000;1758,00000000;2877,00000000;37,33
2021-02-16T00:00:00+00:00;OKBBULL/USD;2001,00000000;2022,00000000;1763,00000000;1803,00000000;-10,98
2021-02-15T00:00:00+00:00;OKBBULL/USD;2449,00000000;2490,00000000;1595,00000000;2001,00000000;-22,39
2021-02-14T00:00:00+00:00;OKBBULL/USD;2646,00000000;2913,00000000;2404,00000000;2449,00000000;-8,04
2021-02-13T00:00:00+00:00;OKBBULL/USD;2789,00000000;2918,00000000;2440,00000000;2646,00000000;-5,4
2021-02-12T00:00:00+00:00;OKBBULL/USD;2361,00000000;2957,00000000;2361,00000000;2789,00000000;15,35
2021-02-11T00:00:00+00:00;OKBBULL/USD;3062,00000000;3081,00000000;2359,00000000;2361,00000000;-29,69
2021-02-10T00:00:00+00:00;OKBBULL/USD;2354,00000000;3827,50000000;2207,00000000;3062,00000000;23,12
2021-02-09T00:00:00+00:00;OKBBULL/USD;1199,00000000;2432,00000000;1199,00000000;2354,00000000;49,07
2021-02-08T00:00:00+00:00;OKBBULL/USD;1190,50000000;1224,00000000;1015,00000000;1199,00000000;0,71
2021-02-07T00:00:00+00:00;OKBBULL/USD;1401,50000000;1526,50000000;1151,00000000;1190,50000000;-17,72
2021-02-06T00:00:00+00:00;OKBBULL/USD;1402,00000000;1446,00000000;1203,50000000;1401,50000000;-0,04
2021-02-05T00:00:00+00:00;OKBBULL/USD;1135,00000000;1403,00000000;1112,50000000;1402,00000000;19,04
2021-02-04T00:00:00+00:00;OKBBULL/USD;1204,00000000;1221,50000000;1105,00000000;1135,00000000;-6,08
2021-02-03T00:00:00+00:00;OKBBULL/USD;1054,00000000;1206,00000000;1047,00000000;1204,00000000;12,46
2021-02-02T00:00:00+00:00;OKBBULL/USD;1000,00000000;1057,75000000;945,25000000;1054,00000000;5,12
2021-02-01T00:00:00+00:00;OKBBULL/USD;1003,75000000;1142,75000000;978,25000000;1000,00000000;-0,38
2021-01-31T00:00:00+00:00;OKBBULL/USD;852,00000000;1070,00000000;813,50000000;1003,75000000;15,12
2021-01-30T00:00:00+00:00;OKBBULL/USD;867,00000000;974,00000000;836,00000000;852,00000000;-1,76
2021-01-29T00:00:00+00:00;OKBBULL/USD;883,00000000;923,75000000;853,50000000;867,00000000;-1,85
2021-01-28T00:00:00+00:00;OKBBULL/USD;799,00000000;906,50000000;768,00000000;883,00000000;9,51
2021-01-27T00:00:00+00:00;OKBBULL/USD;972,25000000;985,50000000;766,75000000;799,00000000;-21,68
2021-01-26T00:00:00+00:00;OKBBULL/USD;1105,00000000;1105,00000000;909,00000000;972,25000000;-13,65
2021-01-25T00:00:00+00:00;OKBBULL/USD;1156,00000000;1192,50000000;1101,00000000;1105,00000000;-4,62
2021-01-24T00:00:00+00:00;OKBBULL/USD;1183,50000000;1200,50000000;1138,50000000;1156,00000000;-2,38
2021-01-23T00:00:00+00:00;OKBBULL/USD;1158,00000000;1244,00000000;1114,00000000;1183,50000000;2,15
2021-01-22T00:00:00+00:00;OKBBULL/USD;1244,00000000;1270,00000000;1062,50000000;1158,00000000;-7,43
2021-01-21T00:00:00+00:00;OKBBULL/USD;1535,50000000;1609,00000000;1223,00000000;1244,00000000;-23,43
2021-01-20T00:00:00+00:00;OKBBULL/USD;1355,50000000;1653,00000000;1185,50000000;1535,50000000;11,72
2021-01-19T00:00:00+00:00;OKBBULL/USD;1744,50000000;2007,50000000;1211,50000000;1355,50000000;-28,7
2021-01-18T00:00:00+00:00;OKBBULL/USD;1530,00000000;1921,00000000;1530,00000000;1744,50000000;12,3
2021-01-17T00:00:00+00:00;OKBBULL/USD;1367,00000000;1620,50000000;1306,50000000;1530,00000000;10,65
2021-01-16T00:00:00+00:00;OKBBULL/USD;1215,50000000;1538,00000000;1215,50000000;1367,00000000;11,08
2021-01-15T00:00:00+00:00;OKBBULL/USD;1450,00000000;1620,00000000;1073,00000000;1215,50000000;-19,29
2021-01-14T00:00:00+00:00;OKBBULL/USD;1570,50000000;1601,50000000;1422,50000000;1450,00000000;-8,31
2021-01-13T00:00:00+00:00;OKBBULL/USD;1489,00000000;1717,00000000;1321,50000000;1570,50000000;5,19
2021-01-12T00:00:00+00:00;OKBBULL/USD;1488,50000000;1501,00000000;1355,00000000;1489,00000000;0,03
2021-01-11T00:00:00+00:00;OKBBULL/USD;1972,00000000;1972,00000000;1122,00000000;1488,50000000;-32,48
2021-01-10T00:00:00+00:00;OKBBULL/USD;2165,00000000;2346,00000000;1972,00000000;1972,00000000;-9,79
2021-01-09T00:00:00+00:00;OKBBULL/USD;1900,50000000;2230,00000000;1897,00000000;2165,00000000;12,22
2021-01-08T00:00:00+00:00;OKBBULL/USD;2157,50000000;2157,50000000;1674,00000000;1900,50000000;-13,52
2021-01-07T00:00:00+00:00;OKBBULL/USD;2092,00000000;2514,00000000;2080,00000000;2157,50000000;3,04
2021-01-06T00:00:00+00:00;OKBBULL/USD;2151,00000000;2284,00000000;1982,50000000;2092,00000000;-2,82
2021-01-05T00:00:00+00:00;OKBBULL/USD;1893,00000000;2151,00000000;1893,00000000;2151,00000000;11,99
2021-01-04T00:00:00+00:00;OKBBULL/USD;2122,00000000;2441,50000000;1611,50000000;1893,00000000;-12,1
2021-01-03T00:00:00+00:00;OKBBULL/USD;2757,00000000;2900,00000000;2041,00000000;2122,00000000;-29,92
2021-01-02T00:00:00+00:00;OKBBULL/USD;4020,00000000;4365,00000000;2496,00000000;2757,00000000;-45,81
2021-01-01T00:00:00+00:00;OKBBULL/USD;2556,00000000;4041,00000000;2479,00000000;4020,00000000;36,42
2020-12-31T00:00:00+00:00;OKBBULL/USD;2387,00000000;2925,00000000;2077,00000000;2556,00000000;6,61
2020-12-30T00:00:00+00:00;OKBBULL/USD;2345,50000000;2428,00000000;2103,00000000;2387,00000000;1,74
2020-12-29T00:00:00+00:00;OKBBULL/USD;2303,00000000;2681,50000000;1711,00000000;2345,50000000;1,81
2020-12-28T00:00:00+00:00;OKBBULL/USD;1556,00000000;2303,00000000;1541,00000000;2303,00000000;32,44
2020-12-27T00:00:00+00:00;OKBBULL/USD;1285,00000000;1722,00000000;1285,00000000;1556,00000000;17,42
2020-12-26T00:00:00+00:00;OKBBULL/USD;1336,00000000;1397,00000000;1265,00000000;1285,00000000;-3,97
2020-12-25T00:00:00+00:00;OKBBULL/USD;1275,00000000;1367,00000000;1255,00000000;1336,00000000;4,57
2020-12-24T00:00:00+00:00;OKBBULL/USD;1224,00000000;1307,00000000;1131,50000000;1275,00000000;4,0
2020-12-23T00:00:00+00:00;OKBBULL/USD;1285,50000000;1387,00000000;1142,00000000;1224,00000000;-5,02
2020-12-22T00:00:00+00:00;OKBBULL/USD;1040,50000000;1428,00000000;1016,00000000;1285,50000000;19,06
2020-12-21T00:00:00+00:00;OKBBULL/USD;1265,00000000;1331,00000000;976,00000000;1040,50000000;-21,58
2020-12-20T00:00:00+00:00;OKBBULL/USD;1346,00000000;1367,00000000;1258,50000000;1265,00000000;-6,4
2020-12-19T00:00:00+00:00;OKBBULL/USD;1336,00000000;1397,00000000;1254,00000000;1346,00000000;0,74
2020-12-18T00:00:00+00:00;OKBBULL/USD;1231,00000000;1367,00000000;1163,00000000;1336,00000000;7,86
2020-12-17T00:00:00+00:00;OKBBULL/USD;1224,50000000;1277,50000000;1150,50000000;1231,00000000;0,53
2020-12-16T00:00:00+00:00;OKBBULL/USD;1178,50000000;1307,00000000;1084,00000000;1224,50000000;3,76
2020-12-15T00:00:00+00:00;OKBBULL/USD;1092,00000000;1240,00000000;1092,00000000;1178,50000000;7,34
2020-12-14T00:00:00+00:00;OKBBULL/USD;1103,50000000;1114,00000000;1052,00000000;1092,00000000;-1,05
2020-12-13T00:00:00+00:00;OKBBULL/USD;1052,00000000;1114,00000000;1050,00000000;1103,50000000;4,67
2020-12-12T00:00:00+00:00;OKBBULL/USD;1060,00000000;1126,25000000;1020,00000000;1052,00000000;-0,76
2020-12-11T00:00:00+00:00;OKBBULL/USD;884,00000000;1122,00000000;872,00000000;1060,00000000;16,6
2020-12-10T00:00:00+00:00;OKBBULL/USD;901,50000000;972,00000000;882,00000000;884,00000000;-1,98
2020-12-09T00:00:00+00:00;OKBBULL/USD;916,00000000;918,75000000;857,50000000;901,50000000;-1,61
2020-12-08T00:00:00+00:00;OKBBULL/USD;948,00000000;980,75000000;842,25000000;916,00000000;-3,49
2020-12-07T00:00:00+00:00;OKBBULL/USD;828,00000000;993,75000000;820,00000000;948,00000000;12,66
2020-12-06T00:00:00+00:00;OKBBULL/USD;856,50000000;883,00000000;817,00000000;828,00000000;-3,44
2020-12-05T00:00:00+00:00;OKBBULL/USD;834,00000000;882,25000000;819,50000000;856,50000000;2,63
2020-12-04T00:00:00+00:00;OKBBULL/USD;926,50000000;951,00000000;828,00000000;834,00000000;-11,09
2020-12-03T00:00:00+00:00;OKBBULL/USD;996,50000000;1000,50000000;919,75000000;926,50000000;-7,56
2020-12-02T00:00:00+00:00;OKBBULL/USD;942,50000000;1038,75000000;868,75000000;996,50000000;5,42
2020-12-01T00:00:00+00:00;OKBBULL/USD;1083,00000000;1136,00000000;911,00000000;942,50000000;-14,91
2020-11-30T00:00:00+00:00;OKBBULL/USD;985,50000000;1112,00000000;951,75000000;1083,00000000;9,0
2020-11-29T00:00:00+00:00;OKBBULL/USD;940,00000000;985,50000000;912,00000000;985,50000000;4,62
2020-11-28T00:00:00+00:00;OKBBULL/USD;880,25000000;968,75000000;869,00000000;940,00000000;6,36
2020-11-27T00:00:00+00:00;OKBBULL/USD;1050,75000000;1053,50000000;845,50000000;880,25000000;-19,37
2020-11-26T00:00:00+00:00;OKBBULL/USD;1307,00000000;1307,00000000;884,50000000;1050,75000000;-24,39
2020-11-25T00:00:00+00:00;OKBBULL/USD;1513,00000000;1515,50000000;1220,00000000;1307,00000000;-15,76
2020-11-24T00:00:00+00:00;OKBBULL/USD;1647,00000000;1760,00000000;1378,00000000;1513,00000000;-8,86
2020-11-23T00:00:00+00:00;OKBBULL/USD;1700,00000000;1940,00000000;1507,00000000;1647,00000000;-3,22
2020-11-22T00:00:00+00:00;OKBBULL/USD;1442,00000000;1735,00000000;1347,00000000;1700,00000000;15,18
2020-11-21T00:00:00+00:00;OKBBULL/USD;1414,00000000;1446,50000000;1299,00000000;1442,00000000;1,94
2020-11-20T00:00:00+00:00;OKBBULL/USD;1285,00000000;1449,00000000;1271,00000000;1414,00000000;9,12
2020-11-19T00:00:00+00:00;OKBBULL/USD;1071,50000000;1378,00000000;1042,00000000;1285,00000000;16,61
2020-11-18T00:00:00+00:00;OKBBULL/USD;781,50000000;1157,00000000;752,25000000;1071,50000000;27,06
2020-11-17T00:00:00+00:00;OKBBULL/USD;693,25000000;809,00000000;679,25000000;781,50000000;11,29
2020-11-16T00:00:00+00:00;OKBBULL/USD;694,50000000;729,25000000;680,00000000;693,25000000;-0,18
2020-11-15T00:00:00+00:00;OKBBULL/USD;741,75000000;745,00000000;681,50000000;694,50000000;-6,8
2020-11-14T00:00:00+00:00;OKBBULL/USD;776,75000000;776,75000000;687,00000000;741,75000000;-4,72
2020-11-13T00:00:00+00:00;OKBBULL/USD;753,75000000;808,75000000;746,00000000;776,75000000;2,96
2020-11-12T00:00:00+00:00;OKBBULL/USD;728,25000000;771,00000000;710,25000000;753,75000000;3,38
2020-11-11T00:00:00+00:00;OKBBULL/USD;678,75000000;744,00000000;671,75000000;728,25000000;6,8
2020-11-10T00:00:00+00:00;OKBBULL/USD;648,50000000;692,00000000;640,25000000;678,75000000;4,46
2020-11-09T00:00:00+00:00;OKBBULL/USD;656,50000000;682,25000000;611,75000000;648,50000000;-1,23
2020-11-08T00:00:00+00:00;OKBBULL/USD;639,75000000;664,25000000;612,00000000;656,50000000;2,55
2020-11-07T00:00:00+00:00;OKBBULL/USD;610,50000000;689,00000000;590,25000000;644,25000000;5,24
2020-11-06T00:00:00+00:00;OKBBULL/USD;549,50000000;689,75000000;522,75000000;610,50000000;9,99
2020-11-05T00:00:00+00:00;OKBBULL/USD;478,60000000;676,00000000;473,30000000;549,50000000;12,9
2020-11-04T00:00:00+00:00;OKBBULL/USD;436,90000000;514,20000000;390,60000000;478,60000000;8,71
2020-11-03T00:00:00+00:00;OKBBULL/USD;500,70000000;516,30000000;422,70000000;436,90000000;-14,6
2020-11-02T00:00:00+00:00;OKBBULL/USD;566,50000000;582,25000000;466,90000000;500,70000000;-13,14
2020-11-01T00:00:00+00:00;OKBBULL/USD;531,20000000;578,00000000;526,25000000;566,50000000;6,23
2020-10-31T00:00:00+00:00;OKBBULL/USD;515,00000000;561,30000000;438,20000000;531,20000000;3,05
2020-10-30T00:00:00+00:00;OKBBULL/USD;586,50000000;593,00000000;486,00000000;515,00000000;-13,88
2020-10-29T00:00:00+00:00;OKBBULL/USD;578,50000000;637,75000000;577,25000000;586,50000000;1,36
2020-10-28T00:00:00+00:00;OKBBULL/USD;598,00000000;600,75000000;527,75000000;578,50000000;-3,37
2020-10-27T00:00:00+00:00;OKBBULL/USD;578,00000000;616,25000000;573,00000000;598,00000000;3,34
2020-10-26T00:00:00+00:00;OKBBULL/USD;573,00000000;610,00000000;550,00000000;578,00000000;0,87
2020-10-25T00:00:00+00:00;OKBBULL/USD;551,75000000;621,25000000;525,00000000;573,00000000;3,71
2020-10-24T00:00:00+00:00;OKBBULL/USD;521,80000000;574,70000000;459,30000000;551,75000000;5,43
2020-10-23T00:00:00+00:00;OKBBULL/USD;682,00000000;695,00000000;433,00000000;521,80000000;-30,7
2020-10-22T00:00:00+00:00;OKBBULL/USD;735,00000000;753,75000000;675,75000000;682,00000000;-7,77
2020-10-21T00:00:00+00:00;OKBBULL/USD;630,25000000;852,00000000;630,25000000;735,00000000;14,25
2020-10-20T00:00:00+00:00;OKBBULL/USD;538,25000000;681,25000000;524,75000000;630,25000000;14,6
2020-10-19T00:00:00+00:00;OKBBULL/USD;607,25000000;610,25000000;446,50000000;538,25000000;-12,82
2020-10-18T00:00:00+00:00;OKBBULL/USD;483,60000000;666,30000000;359,30000000;607,25000000;20,36
2020-10-17T00:00:00+00:00;OKBBULL/USD;841,75000000;845,00000000;370,60000000;483,60000000;-74,06
2020-10-16T00:00:00+00:00;OKBBULL/USD;1292,00000000;1292,00000000;659,25000000;841,75000000;-53,49
2020-10-15T00:00:00+00:00;OKBBULL/USD;1407,00000000;1425,00000000;1228,00000000;1292,00000000;-8,9
2020-10-14T00:00:00+00:00;OKBBULL/USD;1444,50000000;1449,00000000;1342,00000000;1407,00000000;-2,67
2020-10-13T00:00:00+00:00;OKBBULL/USD;1483,00000000;1513,00000000;1422,50000000;1444,50000000;-2,67
2020-10-12T00:00:00+00:00;OKBBULL/USD;1467,00000000;1517,50000000;1406,50000000;1483,00000000;1,08
2020-10-11T00:00:00+00:00;OKBBULL/USD;1439,00000000;1470,50000000;1423,00000000;1467,00000000;1,91
2020-10-10T00:00:00+00:00;OKBBULL/USD;1619,00000000;1662,50000000;1424,00000000;1439,00000000;-12,51
2020-10-09T00:00:00+00:00;OKBBULL/USD;1475,50000000;1641,00000000;1439,00000000;1619,00000000;8,86
2020-10-08T00:00:00+00:00;OKBBULL/USD;1481,00000000;1503,50000000;1399,00000000;1475,50000000;-0,37
2020-10-07T00:00:00+00:00;OKBBULL/USD;1456,50000000;1484,00000000;1371,50000000;1481,00000000;1,65
2020-10-06T00:00:00+00:00;OKBBULL/USD;1561,50000000;1588,00000000;1429,00000000;1456,50000000;-7,21
2020-10-05T00:00:00+00:00;OKBBULL/USD;1501,00000000;1561,50000000;1501,00000000;1561,50000000;3,87
2020-10-04T00:00:00+00:00;OKBBULL/USD;1486,50000000;1514,50000000;1465,50000000;1501,00000000;0,97
2020-10-03T00:00:00+00:00;OKBBULL/USD;1480,50000000;1511,00000000;1470,50000000;1486,50000000;0,4
2020-10-02T00:00:00+00:00;OKBBULL/USD;1483,00000000;1551,00000000;1396,00000000;1480,50000000;-0,17
2020-10-01T00:00:00+00:00;OKBBULL/USD;1498,00000000;1646,50000000;1451,50000000;1483,00000000;-1,01
2020-09-30T00:00:00+00:00;OKBBULL/USD;1493,50000000;1502,00000000;1451,50000000;1498,00000000;0,3
2020-09-29T00:00:00+00:00;OKBBULL/USD;1452,50000000;1507,50000000;1427,50000000;1493,50000000;2,75
2020-09-28T00:00:00+00:00;OKBBULL/USD;1533,00000000;1577,00000000;1449,00000000;1452,50000000;-5,54
2020-09-27T00:00:00+00:00;OKBBULL/USD;1605,00000000;1610,50000000;1505,00000000;1533,00000000;-4,7
2020-09-26T00:00:00+00:00;OKBBULL/USD;1599,00000000;1637,00000000;1555,50000000;1605,00000000;0,37
2020-09-25T00:00:00+00:00;OKBBULL/USD;1557,00000000;1658,50000000;1484,50000000;1599,00000000;2,63
2020-09-24T00:00:00+00:00;OKBBULL/USD;1446,00000000;1656,50000000;1414,50000000;1557,00000000;7,13
2020-09-23T00:00:00+00:00;OKBBULL/USD;1427,50000000;1595,00000000;1410,50000000;1446,00000000;1,28
2020-09-22T00:00:00+00:00;OKBBULL/USD;1356,50000000;1457,00000000;1317,00000000;1427,50000000;4,97
2020-09-21T00:00:00+00:00;OKBBULL/USD;1598,00000000;1647,00000000;1280,00000000;1356,50000000;-17,8
2020-09-20T00:00:00+00:00;OKBBULL/USD;1556,50000000;1655,50000000;1466,00000000;1598,00000000;2,6
2020-09-19T00:00:00+00:00;OKBBULL/USD;1533,00000000;1581,00000000;1483,50000000;1556,50000000;1,51
2020-09-18T00:00:00+00:00;OKBBULL/USD;1518,00000000;1642,50000000;1446,00000000;1533,00000000;0,98
2020-09-17T00:00:00+00:00;OKBBULL/USD;1777,00000000;1819,00000000;1361,00000000;1518,00000000;-17,06
2020-09-16T00:00:00+00:00;OKBBULL/USD;1683,50000000;1806,50000000;1554,50000000;1777,00000000;5,26
2020-09-15T00:00:00+00:00;OKBBULL/USD;1883,50000000;1923,00000000;1546,00000000;1683,50000000;-11,88
2020-09-14T00:00:00+00:00;OKBBULL/USD;1936,00000000;1998,50000000;1719,00000000;1883,50000000;-2,79
2020-09-13T00:00:00+00:00;OKBBULL/USD;1318,50000000;2019,50000000;1299,50000000;1931,00000000;31,72
2020-09-12T00:00:00+00:00;OKBBULL/USD;1158,00000000;1328,00000000;1150,00000000;1318,50000000;12,17
2020-09-11T00:00:00+00:00;OKBBULL/USD;1192,50000000;1211,50000000;1098,00000000;1158,00000000;-2,98
2020-09-10T00:00:00+00:00;OKBBULL/USD;1106,50000000;1333,00000000;1106,50000000;1192,50000000;7,21
2020-09-09T00:00:00+00:00;OKBBULL/USD;1048,25000000;1142,50000000;1030,50000000;1106,50000000;5,26
2020-09-08T00:00:00+00:00;OKBBULL/USD;1168,00000000;1182,00000000;973,25000000;1048,25000000;-11,42
2020-09-07T00:00:00+00:00;OKBBULL/USD;1092,00000000;1241,50000000;953,00000000;1168,00000000;6,51
2020-09-06T00:00:00+00:00;OKBBULL/USD;872,25000000;1112,25000000;837,75000000;1092,00000000;20,12
2020-09-05T00:00:00+00:00;OKBBULL/USD;1036,75000000;1087,50000000;804,00000000;872,25000000;-18,86
2020-09-04T00:00:00+00:00;OKBBULL/USD;1013,75000000;1197,25000000;837,50000000;1036,75000000;2,22
2020-09-03T00:00:00+00:00;OKBBULL/USD;1482,50000000;1549,50000000;995,25000000;1013,75000000;-46,24
2020-09-02T00:00:00+00:00;OKBBULL/USD;1511,50000000;1630,50000000;1121,50000000;1482,50000000;-1,96
2020-09-01T00:00:00+00:00;OKBBULL/USD;1420,50000000;1659,00000000;1368,50000000;1511,50000000;6,02
2020-08-31T00:00:00+00:00;OKBBULL/USD;1334,00000000;1482,50000000;1275,50000000;1420,50000000;6,09
2020-08-30T00:00:00+00:00;OKBBULL/USD;1276,00000000;1375,50000000;1175,00000000;1334,00000000;4,35
2020-08-29T00:00:00+00:00;OKBBULL/USD;1339,00000000;1351,50000000;1259,00000000;1276,00000000;-4,94
2020-08-28T00:00:00+00:00;OKBBULL/USD;1293,00000000;1377,00000000;1276,00000000;1339,00000000;3,44
2020-08-27T00:00:00+00:00;OKBBULL/USD;1435,00000000;1437,00000000;1189,00000000;1293,00000000;-10,98
2020-08-26T00:00:00+00:00;OKBBULL/USD;1437,50000000;1632,00000000;1417,00000000;1435,00000000;-0,17
2020-08-25T00:00:00+00:00;OKBBULL/USD;1218,00000000;1558,00000000;1117,00000000;1437,50000000;15,27
2020-08-24T00:00:00+00:00;OKBBULL/USD;1189,00000000;1266,00000000;1168,50000000;1218,00000000;2,38
2020-08-23T00:00:00+00:00;OKBBULL/USD;1233,00000000;1240,50000000;1138,00000000;1189,00000000;-3,7
2020-08-22T00:00:00+00:00;OKBBULL/USD;1218,00000000;1233,00000000;1068,50000000;1233,00000000;1,22
2020-08-21T00:00:00+00:00;OKBBULL/USD;1429,00000000;1460,00000000;1218,00000000;1218,00000000;-17,32
2020-08-20T00:00:00+00:00;OKBBULL/USD;1294,00000000;1486,00000000;1273,00000000;1429,00000000;9,45
2020-08-19T00:00:00+00:00;OKBBULL/USD;1510,00000000;1553,50000000;1244,00000000;1294,00000000;-16,69
2020-08-18T00:00:00+00:00;OKBBULL/USD;1767,00000000;1800,00000000;1455,00000000;1510,00000000;-17,02
2020-08-17T00:00:00+00:00;OKBBULL/USD;1796,00000000;1841,50000000;1706,50000000;1767,00000000;-1,64
2020-08-16T00:00:00+00:00;OKBBULL/USD;1893,50000000;1933,00000000;1761,50000000;1796,00000000;-5,43
2020-08-15T00:00:00+00:00;OKBBULL/USD;1854,00000000;1927,50000000;1760,00000000;1893,50000000;2,09
2020-08-14T00:00:00+00:00;OKBBULL/USD;1608,50000000;1984,00000000;1487,50000000;1854,00000000;13,24
2020-08-13T00:00:00+00:00;OKBBULL/USD;1478,00000000;1616,00000000;1397,00000000;1608,50000000;8,11
2020-08-12T00:00:00+00:00;OKBBULL/USD;1522,00000000;1540,50000000;1451,50000000;1478,00000000;-2,98
2020-08-11T00:00:00+00:00;OKBBULL/USD;1785,00000000;1817,00000000;1430,00000000;1522,00000000;-17,28
2020-08-10T00:00:00+00:00;OKBBULL/USD;1763,50000000;1897,50000000;1762,00000000;1785,00000000;1,2
2020-08-09T00:00:00+00:00;OKBBULL/USD;1886,50000000;1928,00000000;1762,00000000;1763,50000000;-6,97
2020-08-08T00:00:00+00:00;OKBBULL/USD;1847,50000000;1908,00000000;1779,50000000;1886,50000000;2,07
2020-08-07T00:00:00+00:00;OKBBULL/USD;2039,50000000;2048,00000000;1756,00000000;1847,50000000;-10,39
2020-08-06T00:00:00+00:00;OKBBULL/USD;2078,00000000;2104,50000000;1984,50000000;2039,50000000;-1,89
2020-08-05T00:00:00+00:00;OKBBULL/USD;1961,50000000;2094,50000000;1914,50000000;2078,00000000;5,61
2020-08-04T00:00:00+00:00;OKBBULL/USD;1968,00000000;2250,00000000;1854,00000000;1961,50000000;-0,33
2020-08-03T00:00:00+00:00;OKBBULL/USD;1745,00000000;2109,50000000;1697,50000000;1968,00000000;11,33
2020-08-02T00:00:00+00:00;OKBBULL/USD;2394,00000000;2453,00000000;1714,00000000;1745,00000000;-37,19
2020-08-01T00:00:00+00:00;OKBBULL/USD;1978,00000000;2429,00000000;1978,00000000;2394,00000000;17,38
2020-07-31T00:00:00+00:00;OKBBULL/USD;1978,00000000;2016,50000000;1846,00000000;1978,00000000;0,0
2020-07-30T00:00:00+00:00;OKBBULL/USD;1951,00000000;2020,00000000;1817,00000000;1978,00000000;1,37
2020-07-29T00:00:00+00:00;OKBBULL/USD;2025,00000000;2085,00000000;1867,50000000;1951,00000000;-3,79
2020-07-28T00:00:00+00:00;OKBBULL/USD;2008,50000000;2214,00000000;1977,00000000;2025,00000000;0,81
2020-07-27T00:00:00+00:00;OKBBULL/USD;1880,00000000;2095,50000000;1784,00000000;2008,50000000;6,4
2020-07-26T00:00:00+00:00;OKBBULL/USD;1711,00000000;1981,50000000;1685,00000000;1880,00000000;8,99
2020-07-25T00:00:00+00:00;OKBBULL/USD;1570,00000000;1752,00000000;1570,00000000;1711,00000000;8,24
2020-07-24T00:00:00+00:00;OKBBULL/USD;1729,00000000;1733,00000000;1561,00000000;1570,00000000;-10,13
2020-07-23T00:00:00+00:00;OKBBULL/USD;1597,00000000;1804,50000000;1579,00000000;1729,00000000;7,63
2020-07-22T00:00:00+00:00;OKBBULL/USD;1458,50000000;1649,50000000;1428,00000000;1597,00000000;8,67
2020-07-21T00:00:00+00:00;OKBBULL/USD;1429,00000000;1475,00000000;1406,00000000;1458,50000000;2,02
2020-07-20T00:00:00+00:00;OKBBULL/USD;1408,00000000;1441,00000000;1389,00000000;1429,00000000;1,47
2020-07-19T00:00:00+00:00;OKBBULL/USD;1409,00000000;1423,50000000;1376,00000000;1408,00000000;-0,07
2020-07-18T00:00:00+00:00;OKBBULL/USD;1363,00000000;1428,00000000;1347,00000000;1409,00000000;3,26
2020-07-17T00:00:00+00:00;OKBBULL/USD;1389,00000000;1415,50000000;1317,00000000;1363,00000000;-1,91
2020-07-16T00:00:00+00:00;OKBBULL/USD;1402,00000000;1501,00000000;1304,00000000;1389,00000000;-0,94
2020-07-15T00:00:00+00:00;OKBBULL/USD;1336,00000000;1408,00000000;1323,00000000;1402,00000000;4,71
2020-07-14T00:00:00+00:00;OKBBULL/USD;1271,00000000;1438,00000000;1219,00000000;1336,00000000;4,87
2020-07-13T00:00:00+00:00;OKBBULL/USD;1299,00000000;1352,00000000;1245,00000000;1271,00000000;-2,2
2020-07-12T00:00:00+00:00;OKBBULL/USD;1274,00000000;1345,00000000;1258,00000000;1298,00000000;1,85
2020-07-11T00:00:00+00:00;OKBBULL/USD;1297,00000000;1329,00000000;1243,00000000;1274,00000000;-1,81
2020-07-10T00:00:00+00:00;OKBBULL/USD;1274,00000000;1306,00000000;1188,00000000;1297,00000000;1,77
2020-07-09T00:00:00+00:00;OKBBULL/USD;1392,00000000;1402,00000000;1259,00000000;1274,00000000;-9,26
2020-07-08T00:00:00+00:00;OKBBULL/USD;1310,00000000;1415,00000000;1304,00000000;1392,00000000;5,89
2020-07-07T00:00:00+00:00;OKBBULL/USD;1441,00000000;1441,00000000;1271,00000000;1310,00000000;-10,0
2020-07-06T00:00:00+00:00;OKBBULL/USD;1212,00000000;1441,50000000;1210,50000000;1441,00000000;15,89
2020-07-05T00:00:00+00:00;OKBBULL/USD;1274,00000000;1282,00000000;1172,00000000;1212,00000000;-5,12
2020-07-04T00:00:00+00:00;OKBBULL/USD;1282,00000000;1291,00000000;1252,00000000;1274,00000000;-0,63
2020-07-03T00:00:00+00:00;OKBBULL/USD;1290,00000000;1353,00000000;1278,00000000;1282,00000000;-0,62
2020-07-02T00:00:00+00:00;OKBBULL/USD;1408,00000000;1429,00000000;1243,00000000;1290,00000000;-9,15
2020-07-01T00:00:00+00:00;OKBBULL/USD;1398,00000000;1432,00000000;1356,00000000;1408,00000000;0,71
2020-06-30T00:00:00+00:00;OKBBULL/USD;1402,00000000;1420,00000000;1387,00000000;1398,00000000;-0,29
2020-06-29T00:00:00+00:00;OKBBULL/USD;1381,00000000;1429,50000000;1310,50000000;1402,00000000;1,5
2020-06-28T00:00:00+00:00;OKBBULL/USD;1317,50000000;1441,00000000;1294,00000000;1381,00000000;4,6
2020-06-27T00:00:00+00:00;OKBBULL/USD;1471,50000000;1512,50000000;1290,00000000;1317,50000000;-11,69
2020-06-26T00:00:00+00:00;OKBBULL/USD;1523,00000000;1531,00000000;1386,50000000;1471,50000000;-3,5
2020-06-25T00:00:00+00:00;OKBBULL/USD;1442,00000000;1560,00000000;1363,00000000;1523,00000000;5,32
2020-06-24T00:00:00+00:00;OKBBULL/USD;1471,50000000;1710,00000000;1372,50000000;1442,00000000;-2,05
2020-06-23T00:00:00+00:00;OKBBULL/USD;1565,00000000;1565,00000000;1418,50000000;1471,50000000;-6,35
2020-06-22T00:00:00+00:00;OKBBULL/USD;1198,00000000;1620,00000000;1169,00000000;1565,00000000;23,45
2020-06-21T00:00:00+00:00;OKBBULL/USD;1296,50000000;1313,00000000;1191,00000000;1198,00000000;-8,22
2020-06-20T00:00:00+00:00;OKBBULL/USD;1395,00000000;1399,00000000;1283,00000000;1296,50000000;-7,6
2020-06-19T00:00:00+00:00;OKBBULL/USD;1466,50000000;1466,50000000;1367,50000000;1395,00000000;-5,13
2020-06-18T00:00:00+00:00;OKBBULL/USD;1497,50000000;1504,50000000;1403,50000000;1466,50000000;-2,11
2020-06-17T00:00:00+00:00;OKBBULL/USD;1537,00000000;1539,50000000;1442,50000000;1497,50000000;-2,64
2020-06-16T00:00:00+00:00;OKBBULL/USD;1481,50000000;1560,50000000;1441,00000000;1537,00000000;3,61
2020-06-15T00:00:00+00:00;OKBBULL/USD;1520,50000000;1539,50000000;1333,50000000;1481,50000000;-2,63
2020-06-14T00:00:00+00:00;OKBBULL/USD;1626,00000000;1634,50000000;1502,00000000;1520,50000000;-6,94
2020-06-13T00:00:00+00:00;OKBBULL/USD;1618,50000000;1627,50000000;1569,00000000;1626,00000000;0,46
2020-06-12T00:00:00+00:00;OKBBULL/USD;1540,00000000;1640,50000000;1524,50000000;1618,50000000;4,85
2020-06-11T00:00:00+00:00;OKBBULL/USD;1811,50000000;1859,00000000;1457,00000000;1540,00000000;-17,63
2020-06-10T00:00:00+00:00;OKBBULL/USD;1860,00000000;1880,50000000;1724,00000000;1811,50000000;-2,68
2020-06-09T00:00:00+00:00;OKBBULL/USD;1879,00000000;1923,00000000;1751,00000000;1860,00000000;-1,02
2020-06-08T00:00:00+00:00;OKBBULL/USD;1927,00000000;1951,00000000;1835,00000000;1879,00000000;-2,55
2020-06-07T00:00:00+00:00;OKBBULL/USD;1861,50000000;2048,50000000;1756,50000000;1927,00000000;3,4
2020-06-06T00:00:00+00:00;OKBBULL/USD;1812,00000000;1874,00000000;1774,50000000;1861,50000000;2,66
2020-06-05T00:00:00+00:00;OKBBULL/USD;1722,50000000;1943,00000000;1696,00000000;1812,00000000;4,94
2020-06-04T00:00:00+00:00;OKBBULL/USD;1696,00000000;1765,50000000;1600,00000000;1722,50000000;1,54
2020-06-03T00:00:00+00:00;OKBBULL/USD;1645,50000000;1763,00000000;1607,50000000;1696,00000000;2,98
2020-06-02T00:00:00+00:00;OKBBULL/USD;1897,00000000;1959,50000000;1503,00000000;1645,50000000;-15,28
2020-06-01T00:00:00+00:00;OKBBULL/USD;1697,50000000;1929,00000000;1677,00000000;1897,00000000;10,52
2020-05-31T00:00:00+00:00;OKBBULL/USD;1913,50000000;1918,50000000;1669,00000000;1697,50000000;-12,72
2020-05-30T00:00:00+00:00;OKBBULL/USD;1769,50000000;1919,50000000;1702,00000000;1913,50000000;7,53
2020-05-29T00:00:00+00:00;OKBBULL/USD;1750,50000000;1849,50000000;1686,50000000;1769,50000000;1,07
2020-05-28T00:00:00+00:00;OKBBULL/USD;1579,50000000;1787,00000000;1501,50000000;1750,50000000;9,77
2020-05-27T00:00:00+00:00;OKBBULL/USD;1515,50000000;1595,00000000;1472,00000000;1579,50000000;4,05
2020-05-26T00:00:00+00:00;OKBBULL/USD;1592,00000000;1594,00000000;1459,00000000;1515,50000000;-5,05
2020-05-25T00:00:00+00:00;OKBBULL/USD;1446,50000000;1615,50000000;1422,50000000;1592,00000000;9,14
2020-05-24T00:00:00+00:00;OKBBULL/USD;1634,50000000;1698,50000000;1443,50000000;1446,50000000;-13,0
2020-05-23T00:00:00+00:00;OKBBULL/USD;1688,50000000;1771,50000000;1607,50000000;1634,50000000;-3,3
2020-05-22T00:00:00+00:00;OKBBULL/USD;1616,50000000;1715,00000000;1489,50000000;1688,50000000;4,26
2020-05-21T00:00:00+00:00;OKBBULL/USD;1842,50000000;1889,50000000;1422,50000000;1616,50000000;-13,98
2020-05-20T00:00:00+00:00;OKBBULL/USD;1829,50000000;1916,50000000;1758,50000000;1842,50000000;0,71
2020-05-19T00:00:00+00:00;OKBBULL/USD;1852,00000000;1868,00000000;1730,00000000;1829,50000000;-1,23
2020-05-18T00:00:00+00:00;OKBBULL/USD;1846,00000000;1973,00000000;1749,50000000;1852,00000000;0,32
2020-05-17T00:00:00+00:00;OKBBULL/USD;1790,00000000;1895,50000000;1747,50000000;1846,00000000;3,03
2020-05-16T00:00:00+00:00;OKBBULL/USD;1702,50000000;1837,50000000;1685,50000000;1790,00000000;4,89
2020-05-15T00:00:00+00:00;OKBBULL/USD;1941,50000000;1963,50000000;1687,00000000;1702,50000000;-14,04
2020-05-14T00:00:00+00:00;OKBBULL/USD;1703,00000000;1976,00000000;1671,00000000;1941,50000000;12,28
2020-05-13T00:00:00+00:00;OKBBULL/USD;1534,50000000;1749,00000000;1529,00000000;1703,00000000;9,89
2020-05-12T00:00:00+00:00;OKBBULL/USD;1440,00000000;1575,50000000;1432,50000000;1534,50000000;6,16
2020-05-11T00:00:00+00:00;OKBBULL/USD;1463,50000000;1513,00000000;1267,00000000;1440,00000000;-1,63
2020-05-10T00:00:00+00:00;OKBBULL/USD;1994,50000000;2010,50000000;1263,00000000;1463,50000000;-36,28
2020-05-09T00:00:00+00:00;OKBBULL/USD;2110,00000000;2146,50000000;1974,00000000;1994,50000000;-5,79
2020-05-08T00:00:00+00:00;OKBBULL/USD;2188,00000000;2410,50000000;2056,00000000;2110,00000000;-3,7
2020-05-07T00:00:00+00:00;OKBBULL/USD;1851,50000000;2226,50000000;1836,00000000;2188,00000000;15,38
2020-05-06T00:00:00+00:00;OKBBULL/USD;1944,50000000;2082,50000000;1813,50000000;1851,50000000;-5,02
2020-05-05T00:00:00+00:00;OKBBULL/USD;1986,50000000;2133,00000000;1852,50000000;1944,50000000;-2,16
2020-05-04T00:00:00+00:00;OKBBULL/USD;2072,50000000;2084,50000000;1830,00000000;1986,50000000;-4,33
2020-05-03T00:00:00+00:00;OKBBULL/USD;2362,50000000;2478,50000000;2032,00000000;2072,50000000;-13,99
2020-05-02T00:00:00+00:00;OKBBULL/USD;2163,00000000;2363,00000000;2147,50000000;2362,50000000;8,44
2020-05-01T00:00:00+00:00;OKBBULL/USD;2053,00000000;2300,00000000;2040,00000000;2163,00000000;5,09
2020-04-30T00:00:00+00:00;OKBBULL/USD;2164,00000000;2674,00000000;1993,00000000;2053,00000000;-5,41
2020-04-29T00:00:00+00:00;OKBBULL/USD;1643,00000000;2164,00000000;1642,50000000;2164,00000000;24,08
2020-04-28T00:00:00+00:00;OKBBULL/USD;1645,00000000;1662,50000000;1598,50000000;1643,00000000;-0,12
2020-04-27T00:00:00+00:00;OKBBULL/USD;1667,00000000;1711,50000000;1591,00000000;1645,00000000;-1,34
2020-04-26T00:00:00+00:00;OKBBULL/USD;1650,50000000;1720,00000000;1600,00000000;1667,00000000;0,99
2020-04-25T00:00:00+00:00;OKBBULL/USD;1676,00000000;1731,00000000;1608,00000000;1650,50000000;-1,54
2020-04-24T00:00:00+00:00;OKBBULL/USD;1687,50000000;1754,50000000;1615,50000000;1676,00000000;-0,69
2020-04-23T00:00:00+00:00;OKBBULL/USD;1509,50000000;1828,00000000;1484,00000000;1687,50000000;10,55
2020-04-22T00:00:00+00:00;OKBBULL/USD;1286,00000000;1598,00000000;1225,50000000;1509,50000000;14,81
2020-04-21T00:00:00+00:00;OKBBULL/USD;1307,00000000;1362,00000000;1176,50000000;1286,00000000;-1,63
2020-04-20T00:00:00+00:00;OKBBULL/USD;1537,50000000;1596,50000000;1302,00000000;1307,00000000;-17,64
2020-04-19T00:00:00+00:00;OKBBULL/USD;1659,50000000;1690,50000000;1516,00000000;1537,50000000;-7,93
2020-04-18T00:00:00+00:00;OKBBULL/USD;1499,00000000;1697,50000000;1495,50000000;1659,50000000;9,67
2020-04-17T00:00:00+00:00;OKBBULL/USD;1673,00000000;1684,50000000;1485,50000000;1499,00000000;-11,61
2020-04-16T00:00:00+00:00;OKBBULL/USD;1386,50000000;1684,50000000;1269,50000000;1673,00000000;17,12
2020-04-15T00:00:00+00:00;OKBBULL/USD;1569,50000000;1616,00000000;1379,00000000;1386,50000000;-13,2
2020-04-14T00:00:00+00:00;OKBBULL/USD;1519,00000000;1637,50000000;1516,50000000;1569,50000000;3,22
2020-04-13T00:00:00+00:00;OKBBULL/USD;1500,50000000;1577,50000000;1357,00000000;1519,00000000;1,22
2020-04-12T00:00:00+00:00;OKBBULL/USD;1459,00000000;1693,50000000;1400,50000000;1500,50000000;2,77
2020-04-11T00:00:00+00:00;OKBBULL/USD;1484,50000000;1621,00000000;1386,50000000;1459,00000000;-1,75
2020-04-10T00:00:00+00:00;OKBBULL/USD;1853,50000000;1881,50000000;1322,50000000;1484,50000000;-24,86
2020-04-09T00:00:00+00:00;OKBBULL/USD;1917,50000000;1986,00000000;1799,50000000;1855,50000000;-3,34
2020-04-08T00:00:00+00:00;OKBBULL/USD;1849,50000000;2091,00000000;1802,00000000;1917,50000000;3,55
2020-04-07T00:00:00+00:00;OKBBULL/USD;1794,00000000;2153,00000000;1741,00000000;1849,50000000;3,0
2020-04-06T00:00:00+00:00;OKBBULL/USD;1617,50000000;1802,00000000;1614,50000000;1794,00000000;9,84
2020-04-05T00:00:00+00:00;OKBBULL/USD;1653,00000000;1763,00000000;1523,00000000;1617,50000000;-2,19
2020-04-04T00:00:00+00:00;OKBBULL/USD;1437,50000000;1731,00000000;1411,50000000;1653,00000000;13,04
2020-04-03T00:00:00+00:00;OKBBULL/USD;1434,50000000;1550,50000000;1329,50000000;1437,50000000;0,21
2020-04-02T00:00:00+00:00;OKBBULL/USD;1344,00000000;1622,00000000;1262,50000000;1434,50000000;6,31
2020-04-01T00:00:00+00:00;OKBBULL/USD;1274,00000000;1368,00000000;1127,50000000;1344,00000000;5,21
2020-03-31T00:00:00+00:00;OKBBULL/USD;1146,00000000;1327,50000000;1143,00000000;1274,00000000;10,05
2020-03-30T00:00:00+00:00;OKBBULL/USD;944,00000000;1225,75000000;931,75000000;1146,00000000;17,63
2020-03-29T00:00:00+00:00;OKBBULL/USD;1171,50000000;1201,50000000;942,00000000;944,00000000;-24,1
2020-03-28T00:00:00+00:00;OKBBULL/USD;1183,50000000;1207,50000000;995,50000000;1171,50000000;-1,02
2020-03-27T00:00:00+00:00;OKBBULL/USD;1326,50000000;1424,00000000;1163,00000000;1183,50000000;-12,08
2020-03-26T00:00:00+00:00;OKBBULL/USD;1309,00000000;1353,00000000;1215,00000000;1326,50000000;1,32
2020-03-25T00:00:00+00:00;OKBBULL/USD;1391,00000000;1469,50000000;1245,50000000;1309,50000000;-6,22
2020-03-24T00:00:00+00:00;OKBBULL/USD;1308,00000000;1478,50000000;1284,50000000;1391,00000000;5,97
2020-03-23T00:00:00+00:00;OKBBULL/USD;1107,00000000;1418,00000000;1040,00000000;1325,50000000;16,48
2020-03-22T00:00:00+00:00;OKBBULL/USD;1487,50000000;1594,50000000;1055,00000000;1107,00000000;-34,37
2020-03-21T00:00:00+00:00;OKBBULL/USD;1508,50000000;1577,50000000;1157,50000000;1487,50000000;-1,41
2020-03-20T00:00:00+00:00;OKBBULL/USD;1324,50000000;1939,00000000;1164,00000000;1506,50000000;12,08
2020-03-19T00:00:00+00:00;OKBBULL/USD;903,00000000;1482,75000000;860,00000000;1324,50000000;31,82
2020-03-18T00:00:00+00:00;OKBBULL/USD;859,50000000;975,50000000;695,00000000;903,00000000;4,82
2020-03-17T00:00:00+00:00;OKBBULL/USD;756,00000000;953,75000000;728,00000000;859,50000000;12,04
2020-03-16T00:00:00+00:00;OKBBULL/USD;1052,00000000;1053,00000000;476,50000000;756,00000000;-39,15
2020-03-15T00:00:00+00:00;OKBBULL/USD;682,25000000;1152,50000000;668,00000000;1052,00000000;35,15
2020-03-14T00:00:00+00:00;OKBBULL/USD;702,25000000;820,75000000;632,75000000;684,75000000;-2,56
2020-03-13T00:00:00+00:00;OKBBULL/USD;639,75000000;1051,00000000;248,20000000;702,25000000;8,9
2020-03-12T00:00:00+00:00;OKBBULL/USD;4557,00000000;4598,00000000;571,25000000;639,75000000;-612,31
2020-03-11T00:00:00+00:00;OKBBULL/USD;4743,00000000;4911,00000000;3966,00000000;4563,00000000;-3,94
2020-03-10T00:00:00+00:00;OKBBULL/USD;4806,00000000;5165,00000000;4446,00000000;4743,00000000;-1,33
2020-03-09T00:00:00+00:00;OKBBULL/USD;5300,00000000;5597,50000000;3745,00000000;4806,00000000;-10,28
2020-03-08T00:00:00+00:00;OKBBULL/USD;8140,00000000;8182,50000000;5210,00000000;5300,00000000;-53,58
2020-03-07T00:00:00+00:00;OKBBULL/USD;9025,00000000;9290,00000000;8042,50000000;8140,00000000;-10,87
2020-03-06T00:00:00+00:00;OKBBULL/USD;8805,00000000;9235,00000000;8360,00000000;9025,00000000;2,44
2020-03-05T00:00:00+00:00;OKBBULL/USD;8507,50000000;9875,00000000;8212,50000000;8805,00000000;3,38
2020-03-04T00:00:00+00:00;OKBBULL/USD;8795,00000000;8982,50000000;7892,50000000;8500,00000000;-3,47
2020-03-03T00:00:00+00:00;OKBBULL/USD;10325,00000000;10325,00000000;8285,00000000;8795,00000000;-17,4
2020-03-02T00:00:00+00:00;OKBBULL/USD;8845,00000000;10615,00000000;8507,50000000;10317,50000000;14,27
2020-03-01T00:00:00+00:00;OKBBULL/USD;11020,00000000;11505,00000000;8080,00000000;8845,00000000;-24,59
2020-02-29T00:00:00+00:00;OKBBULL/USD;10222,50000000;14452,50000000;10222,50000000;11035,00000000;7,36
2020-02-28T00:00:00+00:00;OKBBULL/USD;9490,00000000;11110,00000000;8125,00000000;10222,50000000;7,17
2020-02-27T00:00:00+00:00;OKBBULL/USD;9845,00000000;10057,50000000;8192,50000000;9490,00000000;-3,74
2020-02-26T00:00:00+00:00;OKBBULL/USD;10815,00000000;11010,00000000;7355,00000000;9952,50000000;-8,67
2020-02-25T00:00:00+00:00;OKBBULL/USD;14395,00000000;14465,00000000;9870,00000000;10780,00000000;-33,53
2020-02-24T00:00:00+00:00;OKBBULL/USD;18000,00000000;18355,00000000;12450,00000000;14395,00000000;-25,04
2020-02-23T00:00:00+00:00;OKBBULL/USD;12775,00000000;18405,00000000;12710,00000000;18000,00000000;29,03
2020-02-22T00:00:00+00:00;OKBBULL/USD;20835,00000000;21605,00000000;11715,00000000;12775,00000000;-63,09
2020-02-21T00:00:00+00:00;OKBBULL/USD;20450,00000000;23120,00000000;19825,00000000;20835,00000000;1,85
2020-02-20T00:00:00+00:00;OKBBULL/USD;22935,00000000;25350,00000000;19390,00000000;20460,00000000;-12,1
2020-02-19T00:00:00+00:00;OKBBULL/USD;22515,00000000;30500,00000000;21555,00000000;22920,00000000;1,77
2020-02-18T00:00:00+00:00;OKBBULL/USD;21530,00000000;23460,00000000;18930,00000000;22515,00000000;4,37
2020-02-17T00:00:00+00:00;OKBBULL/USD;22970,00000000;23390,00000000;16725,00000000;21525,00000000;-6,71
2020-02-16T00:00:00+00:00;OKBBULL/USD;22565,00000000;30170,00000000;18210,00000000;22970,00000000;1,76
2020-02-15T00:00:00+00:00;OKBBULL/USD;20775,00000000;26645,00000000;17670,00000000;22720,00000000;8,56
2020-02-14T00:00:00+00:00;OKBBULL/USD;16785,00000000;20915,00000000;16410,00000000;20775,00000000;19,21
2020-02-13T00:00:00+00:00;OKBBULL/USD;16890,00000000;19555,00000000;14090,00000000;16785,00000000;-0,63
2020-02-12T00:00:00+00:00;OKBBULL/USD;14420,00000000;18525,00000000;12595,00000000;16890,00000000;14,62
2020-02-11T00:00:00+00:00;OKBBULL/USD;14810,00000000;17905,00000000;12500,00000000;14420,00000000;-2,7
2020-02-10T00:00:00+00:00;OKBBULL/USD;6717,50000000;15585,00000000;6550,00000000;14810,00000000;54,64
2020-02-09T00:00:00+00:00;OKBBULL/USD;6137,50000000;7100,00000000;6130,00000000;6717,50000000;8,63
2020-02-08T00:00:00+00:00;OKBBULL/USD;6230,00000000;6322,50000000;5282,50000000;6137,50000000;-1,51
2020-02-07T00:00:00+00:00;OKBBULL/USD;5807,50000000;6630,00000000;5532,50000000;6235,00000000;6,86
2020-02-06T00:00:00+00:00;OKBBULL/USD;4820,00000000;6200,00000000;4653,00000000;5807,50000000;17,0
2020-02-05T00:00:00+00:00;OKBBULL/USD;3962,00000000;5037,00000000;3934,00000000;4820,00000000;17,8
2020-02-04T00:00:00+00:00;OKBBULL/USD;4022,00000000;4086,00000000;3801,00000000;3962,00000000;-1,51
2020-02-03T00:00:00+00:00;OKBBULL/USD;3900,00000000;4206,00000000;3846,00000000;4022,00000000;3,03
2020-02-02T00:00:00+00:00;OKBBULL/USD;3953,00000000;4161,00000000;3713,00000000;3903,00000000;-1,28
2020-02-01T00:00:00+00:00;OKBBULL/USD;3698,00000000;4157,00000000;3688,00000000;3953,00000000;6,45
2020-01-31T00:00:00+00:00;OKBBULL/USD;3828,00000000;3991,00000000;3470,00000000;3698,00000000;-3,52
2020-01-30T00:00:00+00:00;OKBBULL/USD;3522,00000000;3863,00000000;3334,00000000;3828,00000000;7,99
2020-01-29T00:00:00+00:00;OKBBULL/USD;3280,00000000;3730,00000000;3231,00000000;3522,00000000;6,87
2020-01-28T00:00:00+00:00;OKBBULL/USD;2976,00000000;3329,00000000;2976,00000000;3272,00000000;9,05
2020-01-27T00:00:00+00:00;OKBBULL/USD;2736,00000000;3082,00000000;2713,00000000;2976,00000000;8,06
2020-01-26T00:00:00+00:00;OKBBULL/USD;2582,00000000;2783,00000000;2549,00000000;2736,00000000;5,63
2020-01-25T00:00:00+00:00;OKBBULL/USD;2803,00000000;2815,00000000;2549,00000000;2584,00000000;-8,48
2020-01-24T00:00:00+00:00;OKBBULL/USD;2549,00000000;2843,00000000;2548,00000000;2803,00000000;9,06
2020-01-23T00:00:00+00:00;OKBBULL/USD;3014,00000000;3016,00000000;2330,00000000;2549,00000000;-18,24
2020-01-22T00:00:00+00:00;OKBBULL/USD;3112,00000000;3231,00000000;2941,00000000;3014,00000000;-3,25
2020-01-21T00:00:00+00:00;OKBBULL/USD;3065,00000000;3249,00000000;2919,00000000;3112,00000000;1,51
2020-01-20T00:00:00+00:00;OKBBULL/USD;3190,00000000;3271,00000000;2989,00000000;3065,00000000;-4,08
2020-01-19T00:00:00+00:00;OKBBULL/USD;3076,00000000;3904,00000000;2768,00000000;3197,00000000;3,78
2020-01-18T00:00:00+00:00;OKBBULL/USD;3645,00000000;3956,00000000;3067,00000000;3076,00000000;-18,5
2020-01-17T00:00:00+00:00;OKBBULL/USD;3681,00000000;4082,00000000;3537,00000000;3645,00000000;-0,99
2020-01-16T00:00:00+00:00;OKBBULL/USD;4059,00000000;4114,00000000;3223,00000000;3670,00000000;-10,6
2020-01-15T00:00:00+00:00;OKBBULL/USD;3664,00000000;4984,00000000;3575,00000000;4056,00000000;9,66
2020-01-14T00:00:00+00:00;OKBBULL/USD;3128,00000000;3812,00000000;3107,00000000;3664,00000000;14,63
2020-01-13T00:00:00+00:00;OKBBULL/USD;3200,00000000;3230,00000000;3026,00000000;3126,00000000;-2,37
2020-01-12T00:00:00+00:00;OKBBULL/USD;3197,00000000;3268,00000000;3095,00000000;3200,00000000;0,09
2020-01-11T00:00:00+00:00;OKBBULL/USD;3203,00000000;3386,00000000;2967,00000000;3197,00000000;-0,19
2020-01-10T00:00:00+00:00;OKBBULL/USD;2996,00000000;3224,00000000;2729,00000000;3203,00000000;6,46
2020-01-09T00:00:00+00:00;OKBBULL/USD;2902,00000000;3126,00000000;2787,00000000;2996,00000000;3,14
2020-01-08T00:00:00+00:00;OKBBULL/USD;3201,00000000;3424,00000000;2894,00000000;2902,00000000;-10,3
2020-01-07T00:00:00+00:00;OKBBULL/USD;2911,00000000;3304,00000000;2911,00000000;3204,00000000;9,14

