DATE/TIME;SYMBOL;OPEN;HIGH;LOW;CLOSE;EVOL % CLOSE/HIGH
2022-01-05T00:00:00+00:00;ADABULL/USD;112,35000000;123,50000000;110,95000000;121,50000000;7,53
2022-01-04T00:00:00+00:00;ADABULL/USD;114,95000000;123,45000000;109,10000000;112,35000000;-2,31
2022-01-03T00:00:00+00:00;ADABULL/USD;131,55000000;132,20000000;112,40000000;114,95000000;-14,44
2022-01-02T00:00:00+00:00;ADABULL/USD;132,10000000;135,80000000;122,00000000;131,55000000;-0,42
2022-01-01T00:00:00+00:00;ADABULL/USD;114,00000000;132,35000000;113,45000000;132,10000000;13,7
2021-12-31T00:00:00+00:00;ADABULL/USD;128,45000000;144,70000000;106,60000000;114,00000000;-12,68
2021-12-30T00:00:00+00:00;ADABULL/USD;121,20000000;133,55000000;111,70000000;128,45000000;5,64
2021-12-29T00:00:00+00:00;ADABULL/USD;141,50000000;154,00000000;118,65000000;121,20000000;-16,75
2021-12-28T00:00:00+00:00;ADABULL/USD;183,95000000;192,05000000;135,25000000;141,50000000;-30,0
2021-12-27T00:00:00+00:00;ADABULL/USD;164,50000000;211,10000000;162,80000000;183,95000000;10,57
2021-12-26T00:00:00+00:00;ADABULL/USD;163,25000000;168,05000000;148,30000000;164,50000000;0,76
2021-12-25T00:00:00+00:00;ADABULL/USD;145,35000000;165,35000000;141,30000000;163,25000000;10,96
2021-12-24T00:00:00+00:00;ADABULL/USD;174,25000000;180,00000000;141,70000000;145,35000000;-19,88
2021-12-23T00:00:00+00:00;ADABULL/USD;131,20000000;178,80000000;124,85000000;174,25000000;24,71
2021-12-22T00:00:00+00:00;ADABULL/USD;118,05000000;142,50000000;116,90000000;131,20000000;10,02
2021-12-21T00:00:00+00:00;ADABULL/USD;106,90000000;120,40000000;104,40000000;118,05000000;9,45
2021-12-20T00:00:00+00:00;ADABULL/USD;108,55000000;112,90000000;97,50000000;106,90000000;-1,54
2021-12-19T00:00:00+00:00;ADABULL/USD;108,20000000;126,25000000;107,65000000;108,55000000;0,32
2021-12-18T00:00:00+00:00;ADABULL/USD;102,20000000;114,50000000;97,65000000;108,20000000;5,55
2021-12-17T00:00:00+00:00;ADABULL/USD;107,85000000;112,85000000;92,75000000;102,20000000;-5,53
2021-12-16T00:00:00+00:00;ADABULL/USD;129,20000000;135,10000000;106,90000000;107,85000000;-19,8
2021-12-15T00:00:00+00:00;ADABULL/USD;116,55000000;134,95000000;99,90000000;129,20000000;9,79
2021-12-14T00:00:00+00:00;ADABULL/USD;105,70000000;120,97500000;99,55000000;116,60000000;9,35
2021-12-13T00:00:00+00:00;ADABULL/USD;148,30000000;151,80000000;99,60000000;105,70000000;-40,3
2021-12-12T00:00:00+00:00;ADABULL/USD;150,10000000;170,00000000;139,15000000;148,30000000;-1,21
2021-12-11T00:00:00+00:00;ADABULL/USD;111,05000000;153,40000000;105,75000000;150,10000000;26,02
2021-12-10T00:00:00+00:00;ADABULL/USD;136,40000000;150,45000000;110,15000000;111,05000000;-22,83
2021-12-09T00:00:00+00:00;ADABULL/USD;177,40000000;182,00000000;136,10000000;136,40000000;-30,06
2021-12-08T00:00:00+00:00;ADABULL/USD;171,20000000;187,00000000;157,75000000;177,40000000;3,49
2021-12-07T00:00:00+00:00;ADABULL/USD;188,05000000;211,15000000;166,10000000;171,20000000;-9,84
2021-12-06T00:00:00+00:00;ADABULL/USD;171,00000000;196,35000000;126,35000000;188,05000000;9,07
2021-12-05T00:00:00+00:00;ADABULL/USD;190,30000000;195,05000000;135,00000000;171,00000000;-11,29
2021-12-04T00:00:00+00:00;ADABULL/USD;293,70000000;294,20000000;115,00000000;190,30000000;-54,34
2021-12-03T00:00:00+00:00;ADABULL/USD;415,80000000;421,60000000;274,00000000;293,70000000;-41,57
2021-12-02T00:00:00+00:00;ADABULL/USD;311,40000000;442,00000000;297,80000000;415,80000000;25,11
2021-12-01T00:00:00+00:00;ADABULL/USD;317,50000000;358,50000000;300,50000000;311,40000000;-1,96
2021-11-30T00:00:00+00:00;ADABULL/USD;350,00000000;375,10000000;307,20000000;317,50000000;-10,24
2021-11-29T00:00:00+00:00;ADABULL/USD;347,20000000;373,60000000;321,20000000;350,00000000;0,8
2021-11-28T00:00:00+00:00;ADABULL/USD;315,00000000;358,00000000;242,50000000;347,20000000;9,27
2021-11-27T00:00:00+00:00;ADABULL/USD;309,10000000;343,30000000;306,60000000;315,00000000;1,87
2021-11-26T00:00:00+00:00;ADABULL/USD;416,30000000;423,10000000;281,20000000;309,30000000;-34,59
2021-11-25T00:00:00+00:00;ADABULL/USD;406,60000000;499,70000000;374,10000000;416,30000000;2,33
2021-11-24T00:00:00+00:00;ADABULL/USD;478,30000000;479,60000000;345,00000000;406,60000000;-17,63
2021-11-23T00:00:00+00:00;ADABULL/USD;502,80000000;533,50000000;471,00000000;478,30000000;-5,12
2021-11-22T00:00:00+00:00;ADABULL/USD;557,50000000;561,00000000;484,25000000;502,80000000;-10,88
2021-11-21T00:00:00+00:00;ADABULL/USD;643,00000000;644,00000000;556,00000000;557,50000000;-15,34
2021-11-20T00:00:00+00:00;ADABULL/USD;589,40000000;675,25000000;585,25000000;643,00000000;8,34
2021-11-19T00:00:00+00:00;ADABULL/USD;523,00000000;616,60000000;492,70000000;589,40000000;11,27
2021-11-18T00:00:00+00:00;ADABULL/USD;610,00000000;638,00000000;437,50000000;523,00000000;-16,63
2021-11-17T00:00:00+00:00;ADABULL/USD;607,50000000;626,50000000;532,25000000;610,00000000;0,41
2021-11-16T00:00:00+00:00;ADABULL/USD;806,00000000;806,00000000;510,00000000;607,50000000;-32,67
2021-11-15T00:00:00+00:00;ADABULL/USD;834,00000000;900,00000000;797,75000000;806,00000000;-3,47
2021-11-14T00:00:00+00:00;ADABULL/USD;849,25000000;872,75000000;797,75000000;834,00000000;-1,83
2021-11-13T00:00:00+00:00;ADABULL/USD;846,00000000;887,00000000;815,25000000;849,25000000;0,38
2021-11-12T00:00:00+00:00;ADABULL/USD;885,50000000;913,75000000;777,75000000;846,00000000;-4,67
2021-11-11T00:00:00+00:00;ADABULL/USD;916,00000000;986,00000000;863,75000000;885,50000000;-3,44
2021-11-10T00:00:00+00:00;ADABULL/USD;1232,00000000;1337,50000000;758,75000000;916,00000000;-34,5
2021-11-09T00:00:00+00:00;ADABULL/USD;1035,50000000;1390,25000000;1002,75000000;1232,00000000;15,95
2021-11-08T00:00:00+00:00;ADABULL/USD;895,25000000;1052,25000000;877,75000000;1035,50000000;13,54
2021-11-07T00:00:00+00:00;ADABULL/USD;876,00000000;914,00000000;837,50000000;895,25000000;2,15
2021-11-06T00:00:00+00:00;ADABULL/USD;848,00000000;920,25000000;798,25000000;876,00000000;3,2
2021-11-05T00:00:00+00:00;ADABULL/USD;852,75000000;895,50000000;822,50000000;848,00000000;-0,56
2021-11-04T00:00:00+00:00;ADABULL/USD;971,00000000;1026,25000000;804,25000000;852,75000000;-13,87
2021-11-03T00:00:00+00:00;ADABULL/USD;851,00000000;1069,00000000;824,25000000;971,00000000;12,36
2021-11-02T00:00:00+00:00;ADABULL/USD;823,75000000;884,75000000;807,00000000;851,00000000;3,2
2021-11-01T00:00:00+00:00;ADABULL/USD;849,50000000;918,75000000;782,75000000;823,75000000;-3,13
2021-10-31T00:00:00+00:00;ADABULL/USD;838,50000000;933,75000000;790,50000000;849,50000000;1,29
2021-10-30T00:00:00+00:00;ADABULL/USD;924,25000000;928,25000000;801,75000000;838,50000000;-10,23
2021-10-29T00:00:00+00:00;ADABULL/USD;886,50000000;970,50000000;880,50000000;922,00000000;3,85
2021-10-28T00:00:00+00:00;ADABULL/USD;794,25000000;981,25000000;787,00000000;886,50000000;10,41
2021-10-27T00:00:00+00:00;ADABULL/USD;1172,50000000;1219,50000000;712,00000000;794,25000000;-47,62
2021-10-26T00:00:00+00:00;ADABULL/USD;1192,00000000;1289,50000000;1147,00000000;1172,50000000;-1,66
2021-10-25T00:00:00+00:00;ADABULL/USD;1155,50000000;1246,50000000;1144,50000000;1192,00000000;3,06
2021-10-24T00:00:00+00:00;ADABULL/USD;1239,00000000;1248,00000000;1088,00000000;1155,50000000;-7,23
2021-10-23T00:00:00+00:00;ADABULL/USD;1218,00000000;1252,50000000;1179,00000000;1239,00000000;1,69
2021-10-22T00:00:00+00:00;ADABULL/USD;1191,00000000;1313,50000000;1171,50000000;1218,00000000;2,22
2021-10-21T00:00:00+00:00;ADABULL/USD;1290,00000000;1481,50000000;1170,00000000;1191,00000000;-8,31
2021-10-20T00:00:00+00:00;ADABULL/USD;1162,50000000;1327,50000000;1127,50000000;1290,00000000;9,88
2021-10-19T00:00:00+00:00;ADABULL/USD;1195,00000000;1240,00000000;1133,50000000;1162,50000000;-2,8
2021-10-18T00:00:00+00:00;ADABULL/USD;1244,50000000;1280,00000000;1158,00000000;1195,00000000;-4,14
2021-10-17T00:00:00+00:00;ADABULL/USD;1293,50000000;1312,50000000;1139,00000000;1244,50000000;-3,94
2021-10-16T00:00:00+00:00;ADABULL/USD;1366,00000000;1420,50000000;1271,50000000;1293,50000000;-5,6
2021-10-15T00:00:00+00:00;ADABULL/USD;1286,50000000;1411,50000000;1223,00000000;1366,00000000;5,82
2021-10-14T00:00:00+00:00;ADABULL/USD;1321,00000000;1382,00000000;1262,00000000;1286,50000000;-2,68
2021-10-13T00:00:00+00:00;ADABULL/USD;1205,00000000;1337,50000000;1137,50000000;1321,00000000;8,78
2021-10-12T00:00:00+00:00;ADABULL/USD;1290,50000000;1298,50000000;1118,00000000;1205,00000000;-7,1
2021-10-11T00:00:00+00:00;ADABULL/USD;1330,50000000;1438,00000000;1200,00000000;1290,50000000;-3,1
2021-10-10T00:00:00+00:00;ADABULL/USD;1488,00000000;1503,50000000;1299,00000000;1330,50000000;-11,84
2021-10-09T00:00:00+00:00;ADABULL/USD;1432,00000000;1550,00000000;1401,00000000;1488,00000000;3,76
2021-10-08T00:00:00+00:00;ADABULL/USD;1516,00000000;1585,00000000;1395,50000000;1432,00000000;-5,87
2021-10-07T00:00:00+00:00;ADABULL/USD;1389,50000000;1700,00000000;1281,50000000;1516,00000000;8,34
2021-10-06T00:00:00+00:00;ADABULL/USD;1441,00000000;1472,50000000;1204,00000000;1389,50000000;-3,71
2021-10-05T00:00:00+00:00;ADABULL/USD;1357,00000000;1486,50000000;1330,00000000;1441,00000000;5,83
2021-10-04T00:00:00+00:00;ADABULL/USD;1484,00000000;1486,00000000;1274,50000000;1357,00000000;-9,36
2021-10-03T00:00:00+00:00;ADABULL/USD;1483,50000000;1596,00000000;1416,50000000;1484,00000000;0,03
2021-10-02T00:00:00+00:00;ADABULL/USD;1490,00000000;1623,50000000;1372,00000000;1483,50000000;-0,44
2021-10-01T00:00:00+00:00;ADABULL/USD;1247,00000000;1521,50000000;1202,00000000;1490,00000000;16,31
2021-09-30T00:00:00+00:00;ADABULL/USD;1161,00000000;1277,00000000;1137,50000000;1247,00000000;6,9
2021-09-29T00:00:00+00:00;ADABULL/USD;1114,00000000;1284,00000000;1086,50000000;1161,00000000;4,05
2021-09-28T00:00:00+00:00;ADABULL/USD;1286,00000000;1358,50000000;1099,00000000;1114,00000000;-15,44
2021-09-27T00:00:00+00:00;ADABULL/USD;1440,50000000;1576,00000000;1286,00000000;1286,00000000;-12,01
2021-09-26T00:00:00+00:00;ADABULL/USD;1636,50000000;1640,00000000;1305,00000000;1440,50000000;-13,61
2021-09-25T00:00:00+00:00;ADABULL/USD;1600,00000000;1973,00000000;1508,50000000;1636,50000000;2,23
2021-09-24T00:00:00+00:00;ADABULL/USD;1838,50000000;1876,50000000;1224,50000000;1600,00000000;-14,91
2021-09-23T00:00:00+00:00;ADABULL/USD;1677,00000000;1878,00000000;1503,50000000;1838,50000000;8,78
2021-09-22T00:00:00+00:00;ADABULL/USD;1189,50000000;1695,00000000;1143,00000000;1671,00000000;28,82
2021-09-21T00:00:00+00:00;ADABULL/USD;1382,50000000;1668,50000000;1052,00000000;1189,50000000;-16,23
2021-09-20T00:00:00+00:00;ADABULL/USD;1913,50000000;1938,00000000;1185,00000000;1382,50000000;-38,41
2021-09-19T00:00:00+00:00;ADABULL/USD;2165,50000000;2225,00000000;1858,50000000;1913,50000000;-13,17
2021-09-18T00:00:00+00:00;ADABULL/USD;2104,50000000;2337,00000000;2000,00000000;2165,50000000;2,82
2021-09-17T00:00:00+00:00;ADABULL/USD;2297,00000000;2363,00000000;2000,00000000;2104,50000000;-9,15
2021-09-16T00:00:00+00:00;ADABULL/USD;2572,00000000;2608,00000000;2177,00000000;2297,00000000;-11,97
2021-09-15T00:00:00+00:00;ADABULL/USD;2252,00000000;2786,00000000;2131,50000000;2572,00000000;12,44
2021-09-14T00:00:00+00:00;ADABULL/USD;2270,50000000;2358,00000000;2033,00000000;2252,00000000;-0,82
2021-09-13T00:00:00+00:00;ADABULL/USD;2881,00000000;2908,00000000;1965,00000000;2270,50000000;-26,89
2021-09-12T00:00:00+00:00;ADABULL/USD;3048,00000000;3570,00000000;2592,00000000;2881,00000000;-5,8
2021-09-11T00:00:00+00:00;ADABULL/USD;2293,50000000;3534,00000000;2260,00000000;3048,00000000;24,75
2021-09-10T00:00:00+00:00;ADABULL/USD;2746,00000000;2967,00000000;1922,00000000;2293,50000000;-19,73
2021-09-09T00:00:00+00:00;ADABULL/USD;2595,00000000;3068,00000000;2324,00000000;2746,00000000;5,5
2021-09-08T00:00:00+00:00;ADABULL/USD;2960,00000000;3136,00000000;1874,50000000;2595,00000000;-14,07
2021-09-07T00:00:00+00:00;ADABULL/USD;5857,50000000;6082,50000000;1650,00000000;2960,00000000;-97,89
2021-09-06T00:00:00+00:00;ADABULL/USD;6452,50000000;6522,50000000;5580,00000000;5857,50000000;-10,16
2021-09-05T00:00:00+00:00;ADABULL/USD;5907,50000000;6742,50000000;5842,50000000;6452,50000000;8,45
2021-09-04T00:00:00+00:00;ADABULL/USD;6867,50000000;6867,50000000;5685,00000000;5907,50000000;-16,25
2021-09-03T00:00:00+00:00;ADABULL/USD;6850,00000000;7450,00000000;6430,00000000;6867,50000000;0,25
2021-09-02T00:00:00+00:00;ADABULL/USD;6312,50000000;7847,50000000;6050,00000000;6850,00000000;7,85
2021-09-01T00:00:00+00:00;ADABULL/USD;5682,50000000;6522,50000000;5412,50000000;6312,50000000;9,98
2021-08-31T00:00:00+00:00;ADABULL/USD;5482,50000000;6367,50000000;5269,00000000;5685,00000000;3,56
2021-08-30T00:00:00+00:00;ADABULL/USD;6295,00000000;6500,00000000;5367,50000000;5482,50000000;-14,82
2021-08-29T00:00:00+00:00;ADABULL/USD;6265,00000000;6857,50000000;5439,00000000;6295,00000000;0,48
2021-08-28T00:00:00+00:00;ADABULL/USD;6995,00000000;7030,00000000;5785,00000000;6265,00000000;-11,65
2021-08-27T00:00:00+00:00;ADABULL/USD;4650,00000000;7012,50000000;4489,00000000;6995,00000000;33,52
2021-08-26T00:00:00+00:00;ADABULL/USD;6090,00000000;6385,00000000;4265,00000000;4650,00000000;-30,97
2021-08-25T00:00:00+00:00;ADABULL/USD;5950,00000000;6480,00000000;5212,00000000;6090,00000000;2,3
2021-08-24T00:00:00+00:00;ADABULL/USD;7460,00000000;7687,50000000;4950,00000000;5950,00000000;-25,38
2021-08-23T00:00:00+00:00;ADABULL/USD;6105,00000000;7862,50000000;5980,00000000;7460,00000000;18,16
2021-08-22T00:00:00+00:00;ADABULL/USD;4604,00000000;6199,00000000;4587,00000000;6105,00000000;24,59
2021-08-21T00:00:00+00:00;ADABULL/USD;4742,00000000;5155,00000000;4260,00000000;4604,00000000;-3,0
2021-08-20T00:00:00+00:00;ADABULL/USD;4724,00000000;5457,00000000;4327,00000000;4742,00000000;0,38
2021-08-19T00:00:00+00:00;ADABULL/USD;3169,00000000;4775,00000000;2870,00000000;4724,00000000;32,92
2021-08-18T00:00:00+00:00;ADABULL/USD;2456,00000000;3402,00000000;2271,00000000;3169,00000000;22,5
2021-08-17T00:00:00+00:00;ADABULL/USD;3113,00000000;3421,00000000;2392,00000000;2456,00000000;-26,75
2021-08-16T00:00:00+00:00;ADABULL/USD;3627,00000000;3767,00000000;2956,00000000;3113,00000000;-16,51
2021-08-15T00:00:00+00:00;ADABULL/USD;3757,00000000;4078,00000000;2977,00000000;3627,00000000;-3,58
2021-08-14T00:00:00+00:00;ADABULL/USD;3503,00000000;4076,00000000;3250,00000000;3757,00000000;6,76
2021-08-13T00:00:00+00:00;ADABULL/USD;2322,00000000;3554,00000000;2290,00000000;3503,00000000;33,71
2021-08-12T00:00:00+00:00;ADABULL/USD;2203,50000000;2475,00000000;1774,00000000;2322,00000000;5,1
2021-08-11T00:00:00+00:00;ADABULL/USD;1818,00000000;2529,50000000;1798,00000000;2203,50000000;17,49
2021-08-10T00:00:00+00:00;ADABULL/USD;1297,00000000;1884,00000000;1249,00000000;1818,00000000;28,66
2021-08-09T00:00:00+00:00;ADABULL/USD;1172,50000000;1352,00000000;1093,00000000;1297,00000000;9,6
2021-08-08T00:00:00+00:00;ADABULL/USD;1302,00000000;1354,00000000;1120,00000000;1172,50000000;-11,04
2021-08-07T00:00:00+00:00;ADABULL/USD;1130,50000000;1330,00000000;1114,50000000;1302,00000000;13,17
2021-08-06T00:00:00+00:00;ADABULL/USD;1096,00000000;1185,50000000;1036,00000000;1130,50000000;3,05
2021-08-05T00:00:00+00:00;ADABULL/USD;1071,50000000;1124,25000000;982,50000000;1096,00000000;2,24
2021-08-04T00:00:00+00:00;ADABULL/USD;1051,50000000;1106,50000000;946,00000000;1071,50000000;1,87
2021-08-03T00:00:00+00:00;ADABULL/USD;925,00000000;1077,25000000;828,00000000;1051,50000000;12,03
2021-08-02T00:00:00+00:00;ADABULL/USD;942,25000000;1013,50000000;899,25000000;925,00000000;-1,86
2021-08-01T00:00:00+00:00;ADABULL/USD;950,50000000;1096,00000000;907,75000000;942,25000000;-0,88
2021-07-31T00:00:00+00:00;ADABULL/USD;930,50000000;979,50000000;883,75000000;950,50000000;2,1
2021-07-30T00:00:00+00:00;ADABULL/USD;879,00000000;944,00000000;806,00000000;930,50000000;5,53
2021-07-29T00:00:00+00:00;ADABULL/USD;886,00000000;908,00000000;822,00000000;879,00000000;-0,8
2021-07-28T00:00:00+00:00;ADABULL/USD;873,00000000;952,25000000;826,00000000;886,00000000;1,47
2021-07-27T00:00:00+00:00;ADABULL/USD;822,50000000;939,25000000;742,75000000;873,00000000;5,78
2021-07-26T00:00:00+00:00;ADABULL/USD;773,00000000;1091,00000000;764,50000000;822,50000000;6,02
2021-07-25T00:00:00+00:00;ADABULL/USD;784,25000000;794,75000000;703,75000000;773,00000000;-1,46
2021-07-24T00:00:00+00:00;ADABULL/USD;737,25000000;813,25000000;719,00000000;784,25000000;5,99
2021-07-23T00:00:00+00:00;ADABULL/USD;697,00000000;737,50000000;627,50000000;737,25000000;5,46
2021-07-22T00:00:00+00:00;ADABULL/USD;669,50000000;736,75000000;638,25000000;697,00000000;3,95
2021-07-21T00:00:00+00:00;ADABULL/USD;503,40000000;743,50000000;478,90000000;667,25000000;24,56
2021-07-20T00:00:00+00:00;ADABULL/USD;611,50000000;633,00000000;447,25000000;503,40000000;-21,47
2021-07-19T00:00:00+00:00;ADABULL/USD;720,75000000;737,50000000;601,50000000;611,50000000;-17,87
2021-07-18T00:00:00+00:00;ADABULL/USD;699,25000000;782,25000000;695,00000000;720,75000000;2,98
2021-07-17T00:00:00+00:00;ADABULL/USD;699,25000000;743,00000000;662,00000000;699,25000000;0,0
2021-07-16T00:00:00+00:00;ADABULL/USD;805,75000000;841,25000000;690,50000000;699,25000000;-15,23
2021-07-15T00:00:00+00:00;ADABULL/USD;882,25000000;938,50000000;765,25000000;805,75000000;-9,49
2021-07-14T00:00:00+00:00;ADABULL/USD;890,00000000;935,25000000;747,75000000;882,25000000;-0,88
2021-07-13T00:00:00+00:00;ADABULL/USD;997,50000000;1015,00000000;855,00000000;890,00000000;-12,08
2021-07-12T00:00:00+00:00;ADABULL/USD;1082,00000000;1141,00000000;948,50000000;997,50000000;-8,47
2021-07-11T00:00:00+00:00;ADABULL/USD;1050,50000000;1125,00000000;1025,00000000;1082,00000000;2,91
2021-07-10T00:00:00+00:00;ADABULL/USD;1085,50000000;1124,50000000;1010,25000000;1050,50000000;-3,33
2021-07-09T00:00:00+00:00;ADABULL/USD;1038,50000000;1143,00000000;941,50000000;1085,50000000;4,33
2021-07-08T00:00:00+00:00;ADABULL/USD;1241,50000000;1242,00000000;1018,00000000;1038,50000000;-19,55
2021-07-07T00:00:00+00:00;ADABULL/USD;1272,00000000;1340,00000000;1229,00000000;1241,50000000;-2,46
2021-07-06T00:00:00+00:00;ADABULL/USD;1237,00000000;1378,00000000;1197,00000000;1272,00000000;2,75
2021-07-05T00:00:00+00:00;ADABULL/USD;1392,50000000;1392,50000000;1162,00000000;1237,00000000;-12,57
2021-07-04T00:00:00+00:00;ADABULL/USD;1248,50000000;1483,50000000;1185,00000000;1392,50000000;10,34
2021-07-03T00:00:00+00:00;ADABULL/USD;1219,00000000;1350,00000000;1121,00000000;1248,50000000;2,36
2021-07-02T00:00:00+00:00;ADABULL/USD;1065,00000000;1219,00000000;953,00000000;1219,00000000;12,63
2021-07-01T00:00:00+00:00;ADABULL/USD;1205,50000000;1209,00000000;990,00000000;1065,00000000;-13,19
2021-06-30T00:00:00+00:00;ADABULL/USD;1170,50000000;1238,00000000;947,00000000;1205,50000000;2,9
2021-06-29T00:00:00+00:00;ADABULL/USD;1061,00000000;1281,50000000;1043,00000000;1170,50000000;9,35
2021-06-28T00:00:00+00:00;ADABULL/USD;1090,50000000;1119,50000000;1008,00000000;1061,00000000;-2,78
2021-06-27T00:00:00+00:00;ADABULL/USD;910,00000000;1115,50000000;887,50000000;1090,50000000;16,55
2021-06-26T00:00:00+00:00;ADABULL/USD;913,75000000;993,00000000;792,00000000;910,00000000;-0,41
2021-06-25T00:00:00+00:00;ADABULL/USD;1205,50000000;1290,75000000;893,00000000;913,75000000;-31,93
2021-06-24T00:00:00+00:00;ADABULL/USD;955,00000000;1297,00000000;839,00000000;1205,50000000;20,78
2021-06-23T00:00:00+00:00;ADABULL/USD;767,00000000;1068,00000000;670,00000000;955,00000000;19,69
2021-06-22T00:00:00+00:00;ADABULL/USD;877,75000000;1068,50000000;512,50000000;767,00000000;-14,44
2021-06-21T00:00:00+00:00;ADABULL/USD;1702,50000000;1732,00000000;866,50000000;877,75000000;-93,96
2021-06-20T00:00:00+00:00;ADABULL/USD;1558,50000000;1807,00000000;1296,50000000;1702,50000000;8,46
2021-06-19T00:00:00+00:00;ADABULL/USD;1666,00000000;1747,00000000;1553,50000000;1558,50000000;-6,9
2021-06-18T00:00:00+00:00;ADABULL/USD;1915,50000000;1955,00000000;1507,00000000;1666,00000000;-14,98
2021-06-17T00:00:00+00:00;ADABULL/USD;1926,00000000;2134,00000000;1823,00000000;1915,50000000;-0,55
2021-06-16T00:00:00+00:00;ADABULL/USD;2230,00000000;2311,00000000;1885,00000000;1926,00000000;-15,78
2021-06-15T00:00:00+00:00;ADABULL/USD;2319,50000000;2470,00000000;2186,00000000;2230,00000000;-4,01
2021-06-14T00:00:00+00:00;ADABULL/USD;2254,00000000;2400,50000000;2020,00000000;2319,50000000;2,82
2021-06-13T00:00:00+00:00;ADABULL/USD;1928,50000000;2339,00000000;1632,00000000;2254,00000000;14,44
2021-06-12T00:00:00+00:00;ADABULL/USD;1789,00000000;1985,00000000;1491,00000000;1928,50000000;7,23
2021-06-11T00:00:00+00:00;ADABULL/USD;2200,00000000;2252,00000000;1717,00000000;1789,00000000;-22,97
2021-06-10T00:00:00+00:00;ADABULL/USD;2677,00000000;2725,00000000;2085,00000000;2200,00000000;-21,68
2021-06-09T00:00:00+00:00;ADABULL/USD;2480,00000000;2700,00000000;2014,00000000;2677,00000000;7,36
2021-06-08T00:00:00+00:00;ADABULL/USD;2384,00000000;2530,00000000;1642,00000000;2480,00000000;3,87
2021-06-07T00:00:00+00:00;ADABULL/USD;2977,00000000;3345,00000000;2314,00000000;2384,00000000;-24,87
2021-06-06T00:00:00+00:00;ADABULL/USD;2876,00000000;3131,00000000;2824,00000000;2977,00000000;3,39
2021-06-05T00:00:00+00:00;ADABULL/USD;3161,00000000;3555,00000000;2623,00000000;2876,00000000;-9,91
2021-06-04T00:00:00+00:00;ADABULL/USD;4201,00000000;4231,00000000;2640,00000000;3161,00000000;-32,9
2021-06-03T00:00:00+00:00;ADABULL/USD;3642,00000000;4487,00000000;3395,00000000;4201,00000000;13,31
2021-06-02T00:00:00+00:00;ADABULL/USD;3550,00000000;3972,00000000;3439,00000000;3642,00000000;2,53
2021-06-01T00:00:00+00:00;ADABULL/USD;3587,00000000;3820,00000000;3039,00000000;3550,00000000;-1,04
2021-05-31T00:00:00+00:00;ADABULL/USD;2749,00000000;3640,00000000;2487,00000000;3587,00000000;23,36
2021-05-30T00:00:00+00:00;ADABULL/USD;1999,00000000;3276,00000000;1765,50000000;2749,00000000;27,28
2021-05-29T00:00:00+00:00;ADABULL/USD;2656,00000000;2928,00000000;1742,50000000;1999,00000000;-32,87
2021-05-28T00:00:00+00:00;ADABULL/USD;3580,00000000;3684,00000000;2280,00000000;2656,00000000;-34,79
2021-05-27T00:00:00+00:00;ADABULL/USD;4547,00000000;4592,00000000;3250,00000000;3580,00000000;-27,01
2021-05-26T00:00:00+00:00;ADABULL/USD;3145,00000000;4885,00000000;3144,00000000;4547,00000000;30,83
2021-05-25T00:00:00+00:00;ADABULL/USD;3112,00000000;3702,00000000;2450,00000000;3145,00000000;1,05
2021-05-24T00:00:00+00:00;ADABULL/USD;2054,00000000;3349,00000000;1714,00000000;3112,00000000;34,0
2021-05-23T00:00:00+00:00;ADABULL/USD;3309,00000000;3810,00000000;1050,50000000;2054,00000000;-61,1
2021-05-22T00:00:00+00:00;ADABULL/USD;4188,00000000;4500,00000000;2711,00000000;3309,00000000;-26,56
2021-05-21T00:00:00+00:00;ADABULL/USD;7702,50000000;8368,00000000;2540,00000000;4188,00000000;-83,92
2021-05-20T00:00:00+00:00;ADABULL/USD;5442,00000000;8802,00000000;3678,00000000;7702,50000000;29,35
2021-05-19T00:00:00+00:00;ADABULL/USD;33180,00000000;34430,00000000;2667,50000000;5442,00000000;-509,7
2021-05-18T00:00:00+00:00;ADABULL/USD;34640,00000000;40580,00000000;31730,00000000;33180,00000000;-4,4
2021-05-17T00:00:00+00:00;ADABULL/USD;54220,00000000;55120,00000000;28780,00000000;34640,00000000;-56,52
2021-05-16T00:00:00+00:00;ADABULL/USD;45850,00000000;64260,00000000;35520,00000000;54220,00000000;15,44
2021-05-15T00:00:00+00:00;ADABULL/USD;37140,00000000;57000,00000000;34580,00000000;45850,00000000;19,0
2021-05-14T00:00:00+00:00;ADABULL/USD;33000,00000000;38810,00000000;27025,00000000;37140,00000000;11,15
2021-05-13T00:00:00+00:00;ADABULL/USD;20700,00000000;34760,00000000;16610,00000000;33000,00000000;37,27
2021-05-12T00:00:00+00:00;ADABULL/USD;31750,00000000;34590,00000000;19900,00000000;20700,00000000;-53,38
2021-05-11T00:00:00+00:00;ADABULL/USD;25970,00000000;32320,00000000;23700,00000000;31750,00000000;18,2
2021-05-10T00:00:00+00:00;ADABULL/USD;33030,00000000;36140,00000000;19790,00000000;25970,00000000;-27,19
2021-05-09T00:00:00+00:00;ADABULL/USD;26140,00000000;36030,00000000;23740,00000000;33030,00000000;20,86
2021-05-08T00:00:00+00:00;ADABULL/USD;27740,00000000;27740,00000000;23270,00000000;26140,00000000;-6,12
2021-05-07T00:00:00+00:00;ADABULL/USD;27940,00000000;32600,00000000;21860,00000000;27740,00000000;-0,72
2021-05-06T00:00:00+00:00;ADABULL/USD;21100,00000000;30090,00000000;18735,00000000;27940,00000000;24,48
2021-05-05T00:00:00+00:00;ADABULL/USD;14190,00000000;21520,00000000;13770,00000000;21100,00000000;32,75
2021-05-04T00:00:00+00:00;ADABULL/USD;17940,00000000;18140,00000000;13670,00000000;14190,00000000;-26,43
2021-05-03T00:00:00+00:00;ADABULL/USD;16650,00000000;18700,00000000;16370,00000000;17940,00000000;7,19
2021-05-02T00:00:00+00:00;ADABULL/USD;17690,00000000;17840,00000000;15395,00000000;16650,00000000;-6,25
2021-05-01T00:00:00+00:00;ADABULL/USD;17875,00000000;18435,00000000;16290,00000000;17690,00000000;-1,05
2021-04-30T00:00:00+00:00;ADABULL/USD;16160,00000000;18370,00000000;15400,00000000;17875,00000000;9,59
2021-04-29T00:00:00+00:00;ADABULL/USD;17330,00000000;20250,00000000;14600,00000000;16160,00000000;-7,24
2021-04-28T00:00:00+00:00;ADABULL/USD;16325,00000000;17905,00000000;13590,00000000;17330,00000000;5,8
2021-04-27T00:00:00+00:00;ADABULL/USD;14030,00000000;17190,00000000;13475,00000000;16325,00000000;14,06
2021-04-26T00:00:00+00:00;ADABULL/USD;9905,00000000;14430,00000000;9650,00000000;14030,00000000;29,4
2021-04-25T00:00:00+00:00;ADABULL/USD;10285,00000000;11500,00000000;8015,00000000;9905,00000000;-3,84
2021-04-24T00:00:00+00:00;ADABULL/USD;11970,00000000;13300,00000000;10075,00000000;10285,00000000;-16,38
2021-04-23T00:00:00+00:00;ADABULL/USD;13875,00000000;14565,00000000;6200,00000000;11970,00000000;-15,91
2021-04-22T00:00:00+00:00;ADABULL/USD;16385,00000000;19500,00000000;12815,00000000;13875,00000000;-18,09
2021-04-21T00:00:00+00:00;ADABULL/USD;19585,00000000;20470,00000000;16045,00000000;16385,00000000;-19,53
2021-04-20T00:00:00+00:00;ADABULL/USD;16620,00000000;20145,00000000;13560,00000000;19585,00000000;15,14
2021-04-19T00:00:00+00:00;ADABULL/USD;20730,00000000;23190,00000000;15400,00000000;16620,00000000;-24,73
2021-04-18T00:00:00+00:00;ADABULL/USD;33460,00000000;34350,00000000;11610,00000000;20730,00000000;-61,41
2021-04-17T00:00:00+00:00;ADABULL/USD;37280,00000000;40730,00000000;32600,00000000;33460,00000000;-11,42
2021-04-16T00:00:00+00:00;ADABULL/USD;43550,00000000;47460,00000000;30520,00000000;37280,00000000;-16,82
2021-04-15T00:00:00+00:00;ADABULL/USD;41710,00000000;45370,00000000;37490,00000000;43550,00000000;4,23
2021-04-14T00:00:00+00:00;ADABULL/USD;39680,00000000;51060,00000000;32000,00000000;41710,00000000;4,87
2021-04-13T00:00:00+00:00;ADABULL/USD;32560,00000000;41680,00000000;30050,00000000;39680,00000000;17,94
2021-04-12T00:00:00+00:00;ADABULL/USD;29510,00000000;35110,00000000;29050,00000000;32560,00000000;9,37
2021-04-11T00:00:00+00:00;ADABULL/USD;26490,00000000;31210,00000000;25490,00000000;29510,00000000;10,23
2021-04-10T00:00:00+00:00;ADABULL/USD;25780,00000000;29000,00000000;25060,00000000;26490,00000000;2,68
2021-04-09T00:00:00+00:00;ADABULL/USD;27140,00000000;27780,00000000;25330,00000000;25780,00000000;-5,28
2021-04-08T00:00:00+00:00;ADABULL/USD;24560,00000000;27610,00000000;24410,00000000;27140,00000000;9,51
2021-04-07T00:00:00+00:00;ADABULL/USD;30880,00000000;33180,00000000;23700,00000000;24560,00000000;-25,73
2021-04-06T00:00:00+00:00;ADABULL/USD;28380,00000000;37030,00000000;26900,00000000;30880,00000000;8,1
2021-04-05T00:00:00+00:00;ADABULL/USD;26470,00000000;29230,00000000;25110,00000000;28380,00000000;6,73
2021-04-04T00:00:00+00:00;ADABULL/USD;25680,00000000;27340,00000000;24800,00000000;26470,00000000;2,98
2021-04-03T00:00:00+00:00;ADABULL/USD;28090,00000000;31500,00000000;25410,00000000;25680,00000000;-9,38
2021-04-02T00:00:00+00:00;ADABULL/USD;27750,00000000;31950,00000000;27460,00000000;28090,00000000;1,21
2021-04-01T00:00:00+00:00;ADABULL/USD;28560,00000000;29440,00000000;27060,00000000;27750,00000000;-2,92
2021-03-31T00:00:00+00:00;ADABULL/USD;30320,00000000;30320,00000000;26040,00000000;28560,00000000;-6,16
2021-03-30T00:00:00+00:00;ADABULL/USD;29510,00000000;32220,00000000;28770,00000000;30320,00000000;2,67
2021-03-29T00:00:00+00:00;ADABULL/USD;28940,00000000;31710,00000000;28000,00000000;29510,00000000;1,93
2021-03-28T00:00:00+00:00;ADABULL/USD;28200,00000000;31100,00000000;27520,00000000;28940,00000000;2,56
2021-03-27T00:00:00+00:00;ADABULL/USD;31390,00000000;33120,00000000;26920,00000000;28200,00000000;-11,31
2021-03-26T00:00:00+00:00;ADABULL/USD;23730,00000000;36100,00000000;23570,00000000;31390,00000000;24,4
2021-03-25T00:00:00+00:00;ADABULL/USD;22145,00000000;27140,00000000;20630,00000000;23730,00000000;6,68
2021-03-24T00:00:00+00:00;ADABULL/USD;25510,00000000;28780,00000000;20400,00000000;22145,00000000;-15,2
2021-03-23T00:00:00+00:00;ADABULL/USD;24890,00000000;29400,00000000;23460,00000000;25510,00000000;2,43
2021-03-22T00:00:00+00:00;ADABULL/USD;32210,00000000;33800,00000000;21710,00000000;24890,00000000;-29,41
2021-03-21T00:00:00+00:00;ADABULL/USD;33320,00000000;36300,00000000;30000,00000000;32210,00000000;-3,45
2021-03-20T00:00:00+00:00;ADABULL/USD;42750,00000000;43820,00000000;33220,00000000;33320,00000000;-28,3
2021-03-19T00:00:00+00:00;ADABULL/USD;36920,00000000;46840,00000000;32730,00000000;42750,00000000;13,64
2021-03-18T00:00:00+00:00;ADABULL/USD;55100,00000000;66000,00000000;36275,00000000;36920,00000000;-49,24
2021-03-17T00:00:00+00:00;ADABULL/USD;41850,00000000;60000,00000000;37110,00000000;55100,00000000;24,05
2021-03-16T00:00:00+00:00;ADABULL/USD;26090,00000000;43710,00000000;23500,00000000;41760,00000000;37,52
2021-03-15T00:00:00+00:00;ADABULL/USD;27990,00000000;29280,00000000;23720,00000000;26090,00000000;-7,28
2021-03-14T00:00:00+00:00;ADABULL/USD;32400,00000000;32400,00000000;28000,00000000;28000,00000000;-15,71
2021-03-13T00:00:00+00:00;ADABULL/USD;27130,00000000;39020,00000000;23140,00000000;32400,00000000;16,27
2021-03-12T00:00:00+00:00;ADABULL/USD;36170,00000000;36640,00000000;26410,00000000;27130,00000000;-33,32
2021-03-11T00:00:00+00:00;ADABULL/USD;37020,00000000;37630,00000000;34740,00000000;36170,00000000;-2,35
2021-03-10T00:00:00+00:00;ADABULL/USD;44880,00000000;46110,00000000;35160,00000000;37020,00000000;-21,23
2021-03-09T00:00:00+00:00;ADABULL/USD;37100,00000000;47450,00000000;36560,00000000;44880,00000000;17,34
2021-03-08T00:00:00+00:00;ADABULL/USD;38360,00000000;43280,00000000;35930,00000000;37100,00000000;-3,4
2021-03-07T00:00:00+00:00;ADABULL/USD;38360,00000000;40070,00000000;36030,00000000;38360,00000000;0,0
2021-03-06T00:00:00+00:00;ADABULL/USD;41020,00000000;43460,00000000;33460,00000000;38360,00000000;-6,93
2021-03-05T00:00:00+00:00;ADABULL/USD;36730,00000000;44810,00000000;29320,00000000;41020,00000000;10,46
2021-03-04T00:00:00+00:00;ADABULL/USD;50710,00000000;53250,00000000;32650,00000000;36730,00000000;-38,06
2021-03-03T00:00:00+00:00;ADABULL/USD;51930,00000000;57500,00000000;50190,00000000;50710,00000000;-2,41
2021-03-02T00:00:00+00:00;ADABULL/USD;62775,00000000;63625,00000000;45950,00000000;51930,00000000;-20,88
2021-03-01T00:00:00+00:00;ADABULL/USD;65375,00000000;70925,00000000;53450,00000000;62775,00000000;-4,14
2021-02-28T00:00:00+00:00;ADABULL/USD;71125,00000000;73850,00000000;46000,00000000;65375,00000000;-8,8
2021-02-27T00:00:00+00:00;ADABULL/USD;59500,00000000;94500,00000000;57875,00000000;71125,00000000;16,34
2021-02-26T00:00:00+00:00;ADABULL/USD;40820,00000000;65725,00000000;31500,00000000;59500,00000000;31,39
2021-02-25T00:00:00+00:00;ADABULL/USD;38060,00000000;52270,00000000;34080,00000000;40820,00000000;6,76
2021-02-24T00:00:00+00:00;ADABULL/USD;29970,00000000;40750,00000000;24160,00000000;38060,00000000;21,26
2021-02-23T00:00:00+00:00;ADABULL/USD;51480,00000000;58250,00000000;18885,00000000;29970,00000000;-71,77
2021-02-22T00:00:00+00:00;ADABULL/USD;63500,00000000;64175,00000000;24830,00000000;51480,00000000;-23,35
2021-02-21T00:00:00+00:00;ADABULL/USD;65250,00000000;71875,00000000;58225,00000000;63500,00000000;-2,76
2021-02-20T00:00:00+00:00;ADABULL/USD;41270,00000000;76600,00000000;39310,00000000;65250,00000000;36,75
2021-02-19T00:00:00+00:00;ADABULL/USD;39310,00000000;43880,00000000;34580,00000000;41270,00000000;4,75
2021-02-18T00:00:00+00:00;ADABULL/USD;36960,00000000;45600,00000000;36960,00000000;39310,00000000;5,98
2021-02-17T00:00:00+00:00;ADABULL/USD;34340,00000000;38000,00000000;28680,00000000;36960,00000000;7,09
2021-02-16T00:00:00+00:00;ADABULL/USD;33030,00000000;38670,00000000;30085,00000000;34340,00000000;3,81
2021-02-15T00:00:00+00:00;ADABULL/USD;35830,00000000;38920,00000000;17380,00000000;33030,00000000;-8,48
2021-02-14T00:00:00+00:00;ADABULL/USD;46430,00000000;47410,00000000;30700,00000000;35830,00000000;-29,58
2021-02-13T00:00:00+00:00;ADABULL/USD;51480,00000000;56010,00000000;34180,00000000;46430,00000000;-10,88
2021-02-12T00:00:00+00:00;ADABULL/USD;51360,00000000;54830,00000000;41220,00000000;51480,00000000;0,23
2021-02-11T00:00:00+00:00;ADABULL/USD;52190,00000000;60140,00000000;41320,00000000;51360,00000000;-1,62
2021-02-10T00:00:00+00:00;ADABULL/USD;25800,00000000;53390,00000000;25800,00000000;52190,00000000;50,57
2021-02-09T00:00:00+00:00;ADABULL/USD;23060,00000000;26460,00000000;21710,00000000;25800,00000000;10,62
2021-02-08T00:00:00+00:00;ADABULL/USD;21900,00000000;27670,00000000;19120,00000000;23060,00000000;5,03
2021-02-07T00:00:00+00:00;ADABULL/USD;19090,00000000;25595,00000000;14500,00000000;21900,00000000;12,83
2021-02-06T00:00:00+00:00;ADABULL/USD;12625,00000000;21545,00000000;11260,00000000;19090,00000000;33,87
2021-02-05T00:00:00+00:00;ADABULL/USD;7525,00000000;13700,00000000;7400,00000000;12625,00000000;40,4
2021-02-04T00:00:00+00:00;ADABULL/USD;7697,50000000;8080,00000000;6000,00000000;7525,00000000;-2,29
2021-02-03T00:00:00+00:00;ADABULL/USD;6875,00000000;8000,00000000;6422,50000000;7697,50000000;10,69
2021-02-02T00:00:00+00:00;ADABULL/USD;6227,50000000;8197,50000000;5085,00000000;6875,00000000;9,42
2021-02-01T00:00:00+00:00;ADABULL/USD;4044,00000000;6675,00000000;3600,00000000;6227,50000000;35,06
2021-01-31T00:00:00+00:00;ADABULL/USD;4740,00000000;5218,00000000;3775,00000000;4044,00000000;-17,21
2021-01-30T00:00:00+00:00;ADABULL/USD;4195,00000000;5359,00000000;3802,00000000;4740,00000000;11,5
2021-01-29T00:00:00+00:00;ADABULL/USD;4084,00000000;4978,00000000;3595,00000000;4195,00000000;2,65
2021-01-28T00:00:00+00:00;ADABULL/USD;3100,00000000;4430,00000000;2900,00000000;4084,00000000;24,09
2021-01-27T00:00:00+00:00;ADABULL/USD;4484,00000000;4484,00000000;2900,00000000;3100,00000000;-44,65
2021-01-26T00:00:00+00:00;ADABULL/USD;4427,00000000;4737,00000000;3690,00000000;4484,00000000;1,27
2021-01-25T00:00:00+00:00;ADABULL/USD;4946,00000000;5300,00000000;4300,00000000;4427,00000000;-11,72
2021-01-24T00:00:00+00:00;ADABULL/USD;4578,00000000;5514,00000000;4247,00000000;4946,00000000;7,44
2021-01-23T00:00:00+00:00;ADABULL/USD;4801,00000000;5081,00000000;4269,00000000;4578,00000000;-4,87
2021-01-22T00:00:00+00:00;ADABULL/USD;3429,00000000;5081,00000000;2486,00000000;4801,00000000;28,58
2021-01-21T00:00:00+00:00;ADABULL/USD;7000,00000000;7132,50000000;3172,00000000;3429,00000000;-104,14
2021-01-20T00:00:00+00:00;ADABULL/USD;6530,00000000;7010,00000000;4610,00000000;7000,00000000;6,71
2021-01-19T00:00:00+00:00;ADABULL/USD;6815,00000000;7490,00000000;6292,50000000;6502,50000000;-4,81
2021-01-18T00:00:00+00:00;ADABULL/USD;7407,50000000;8257,50000000;6400,00000000;6815,00000000;-8,69
2021-01-17T00:00:00+00:00;ADABULL/USD;5972,50000000;8204,00000000;5555,00000000;7407,50000000;19,37
2021-01-16T00:00:00+00:00;ADABULL/USD;3995,00000000;6500,00000000;3928,00000000;5972,50000000;33,11
2021-01-15T00:00:00+00:00;ADABULL/USD;4395,00000000;5254,00000000;2972,00000000;3995,00000000;-10,01
2021-01-14T00:00:00+00:00;ADABULL/USD;4520,00000000;5204,00000000;3773,00000000;4395,00000000;-2,84
2021-01-13T00:00:00+00:00;ADABULL/USD;3551,00000000;4599,00000000;2988,00000000;4421,00000000;19,68
2021-01-12T00:00:00+00:00;ADABULL/USD;3138,00000000;4530,00000000;2675,00000000;3551,00000000;11,63
2021-01-11T00:00:00+00:00;ADABULL/USD;4980,00000000;5133,00000000;1793,00000000;3148,00000000;-58,2
2021-01-10T00:00:00+00:00;ADABULL/USD;6995,00000000;7587,50000000;3812,00000000;4980,00000000;-40,46
2021-01-09T00:00:00+00:00;ADABULL/USD;5547,50000000;7410,00000000;4967,50000000;6995,00000000;20,69
2021-01-08T00:00:00+00:00;ADABULL/USD;5817,50000000;6280,00000000;3600,00000000;5547,50000000;-4,87
2021-01-07T00:00:00+00:00;ADABULL/USD;8572,50000000;10295,00000000;4780,00000000;5817,50000000;-47,36
2021-01-06T00:00:00+00:00;ADABULL/USD;4577,00000000;9347,50000000;4358,00000000;8572,50000000;46,61
2021-01-05T00:00:00+00:00;ADABULL/USD;3224,00000000;4866,00000000;2400,00000000;4577,00000000;29,56
2021-01-04T00:00:00+00:00;ADABULL/USD;2515,00000000;3808,50000000;1997,00000000;3224,00000000;21,99
2021-01-03T00:00:00+00:00;ADABULL/USD;1719,50000000;2653,00000000;1584,50000000;2515,00000000;31,63
2021-01-02T00:00:00+00:00;ADABULL/USD;1661,00000000;1940,50000000;1455,50000000;1719,50000000;3,4
2021-01-01T00:00:00+00:00;ADABULL/USD;1848,00000000;1947,00000000;1503,00000000;1661,00000000;-11,26
2020-12-31T00:00:00+00:00;ADABULL/USD;1936,50000000;1993,00000000;1657,00000000;1848,00000000;-4,79
2020-12-30T00:00:00+00:00;ADABULL/USD;2207,00000000;2274,00000000;1619,00000000;1936,50000000;-13,97
2020-12-29T00:00:00+00:00;ADABULL/USD;1819,50000000;2372,00000000;1716,00000000;2207,00000000;17,56
2020-12-28T00:00:00+00:00;ADABULL/USD;1285,00000000;1908,50000000;1251,50000000;1819,50000000;29,38
2020-12-27T00:00:00+00:00;ADABULL/USD;1387,50000000;1600,50000000;1133,50000000;1285,00000000;-7,98
2020-12-26T00:00:00+00:00;ADABULL/USD;1386,00000000;1502,50000000;1163,00000000;1387,50000000;0,11
2020-12-25T00:00:00+00:00;ADABULL/USD;1278,00000000;1640,00000000;1199,00000000;1386,00000000;7,79
2020-12-24T00:00:00+00:00;ADABULL/USD;938,75000000;1301,00000000;831,25000000;1278,00000000;26,55
2020-12-23T00:00:00+00:00;ADABULL/USD;1508,50000000;1554,50000000;674,75000000;938,75000000;-60,69
2020-12-22T00:00:00+00:00;ADABULL/USD;1420,00000000;1634,00000000;1290,50000000;1508,50000000;5,87
2020-12-21T00:00:00+00:00;ADABULL/USD;1710,00000000;1830,00000000;1254,00000000;1420,00000000;-20,42
2020-12-20T00:00:00+00:00;ADABULL/USD;1796,50000000;1927,00000000;1530,50000000;1710,00000000;-5,06
2020-12-19T00:00:00+00:00;ADABULL/USD;1816,00000000;1990,00000000;1758,50000000;1796,50000000;-1,09
2020-12-18T00:00:00+00:00;ADABULL/USD;1788,50000000;1967,50000000;1631,00000000;1816,00000000;1,51
2020-12-17T00:00:00+00:00;ADABULL/USD;1973,00000000;2222,00000000;1701,00000000;1788,50000000;-10,32
2020-12-16T00:00:00+00:00;ADABULL/USD;1552,50000000;1973,00000000;1407,50000000;1973,00000000;21,31
2020-12-15T00:00:00+00:00;ADABULL/USD;1701,00000000;1745,00000000;1517,00000000;1552,50000000;-9,57
2020-12-14T00:00:00+00:00;ADABULL/USD;1563,00000000;1701,50000000;1442,00000000;1701,00000000;8,11
2020-12-13T00:00:00+00:00;ADABULL/USD;1305,00000000;1647,00000000;1275,50000000;1563,00000000;16,51
2020-12-12T00:00:00+00:00;ADABULL/USD;1184,50000000;1390,00000000;1172,50000000;1305,00000000;9,23
2020-12-11T00:00:00+00:00;ADABULL/USD;1249,50000000;1266,50000000;1062,00000000;1184,50000000;-5,49
2020-12-10T00:00:00+00:00;ADABULL/USD;1443,50000000;1449,00000000;1177,50000000;1249,50000000;-15,53
2020-12-09T00:00:00+00:00;ADABULL/USD;1251,50000000;1489,00000000;961,00000000;1443,50000000;13,3
2020-12-08T00:00:00+00:00;ADABULL/USD;1690,00000000;1733,50000000;1148,50000000;1251,50000000;-35,04
2020-12-07T00:00:00+00:00;ADABULL/USD;1848,50000000;1861,50000000;1597,00000000;1690,00000000;-9,38
2020-12-06T00:00:00+00:00;ADABULL/USD;1908,50000000;2002,00000000;1656,50000000;1848,50000000;-3,25
2020-12-05T00:00:00+00:00;ADABULL/USD;1547,50000000;1965,50000000;1487,50000000;1908,50000000;18,92
2020-12-04T00:00:00+00:00;ADABULL/USD;2205,50000000;2214,50000000;1473,00000000;1547,50000000;-42,52
2020-12-03T00:00:00+00:00;ADABULL/USD;1994,50000000;2363,00000000;1875,00000000;2205,50000000;9,57
2020-12-02T00:00:00+00:00;ADABULL/USD;1900,00000000;2055,00000000;1711,50000000;1994,50000000;4,74
2020-12-01T00:00:00+00:00;ADABULL/USD;2921,00000000;3031,00000000;1453,00000000;1900,00000000;-53,74
2020-11-30T00:00:00+00:00;ADABULL/USD;2675,00000000;3040,00000000;2359,00000000;2921,00000000;8,42
2020-11-29T00:00:00+00:00;ADABULL/USD;2592,00000000;2903,00000000;2208,00000000;2675,00000000;3,1
2020-11-28T00:00:00+00:00;ADABULL/USD;1745,00000000;2868,00000000;1648,00000000;2592,00000000;32,68
2020-11-27T00:00:00+00:00;ADABULL/USD;1621,00000000;1852,00000000;1373,00000000;1745,00000000;7,11
2020-11-26T00:00:00+00:00;ADABULL/USD;2618,00000000;2874,00000000;955,00000000;1621,00000000;-61,51
2020-11-25T00:00:00+00:00;ADABULL/USD;3521,00000000;4036,00000000;2254,00000000;2618,00000000;-34,49
2020-11-24T00:00:00+00:00;ADABULL/USD;2852,00000000;4461,00000000;2718,00000000;3521,00000000;19,0
2020-11-23T00:00:00+00:00;ADABULL/USD;2480,00000000;3086,00000000;2205,00000000;2852,00000000;13,04
2020-11-22T00:00:00+00:00;ADABULL/USD;1941,50000000;2779,00000000;1335,00000000;2480,00000000;21,71
2020-11-21T00:00:00+00:00;ADABULL/USD;1413,50000000;1969,50000000;1319,00000000;1941,50000000;27,2
2020-11-20T00:00:00+00:00;ADABULL/USD;1034,75000000;1425,00000000;1025,50000000;1414,00000000;26,82
2020-11-19T00:00:00+00:00;ADABULL/USD;1070,00000000;1104,50000000;999,00000000;1034,75000000;-3,41
2020-11-18T00:00:00+00:00;ADABULL/USD;1169,00000000;1229,50000000;927,50000000;1070,00000000;-9,25
2020-11-17T00:00:00+00:00;ADABULL/USD;1006,00000000;1248,00000000;1001,00000000;1169,00000000;13,94
2020-11-16T00:00:00+00:00;ADABULL/USD;919,00000000;1040,50000000;893,00000000;1006,00000000;8,65
2020-11-15T00:00:00+00:00;ADABULL/USD;1036,00000000;1057,00000000;862,00000000;919,00000000;-12,73
2020-11-14T00:00:00+00:00;ADABULL/USD;1110,50000000;1129,50000000;954,50000000;1036,00000000;-7,19
2020-11-13T00:00:00+00:00;ADABULL/USD;1047,00000000;1151,50000000;1040,00000000;1110,50000000;5,72
2020-11-12T00:00:00+00:00;ADABULL/USD;1103,00000000;1113,50000000;992,50000000;1047,00000000;-5,35
2020-11-11T00:00:00+00:00;ADABULL/USD;1100,00000000;1189,00000000;1090,00000000;1103,00000000;0,27
2020-11-10T00:00:00+00:00;ADABULL/USD;1094,50000000;1197,50000000;1033,50000000;1100,00000000;0,5
2020-11-09T00:00:00+00:00;ADABULL/USD;1130,00000000;1171,00000000;962,00000000;1094,50000000;-3,24
2020-11-08T00:00:00+00:00;ADABULL/USD;989,50000000;1184,00000000;944,75000000;1130,00000000;12,43
2020-11-07T00:00:00+00:00;ADABULL/USD;1277,00000000;1438,00000000;911,00000000;989,50000000;-29,06
2020-11-06T00:00:00+00:00;ADABULL/USD;942,75000000;1304,00000000;931,25000000;1277,00000000;26,17
2020-11-05T00:00:00+00:00;ADABULL/USD;889,00000000;962,25000000;793,50000000;942,75000000;5,7
2020-11-04T00:00:00+00:00;ADABULL/USD;838,00000000;904,75000000;785,50000000;889,00000000;5,74
2020-11-03T00:00:00+00:00;ADABULL/USD;805,50000000;847,25000000;685,75000000;838,00000000;3,88
2020-11-02T00:00:00+00:00;ADABULL/USD;987,00000000;1040,00000000;782,50000000;805,50000000;-22,53
2020-11-01T00:00:00+00:00;ADABULL/USD;841,50000000;995,25000000;831,25000000;987,00000000;14,74
2020-10-31T00:00:00+00:00;ADABULL/USD;857,25000000;918,50000000;820,75000000;841,50000000;-1,87
2020-10-30T00:00:00+00:00;ADABULL/USD;917,50000000;921,00000000;746,00000000;857,25000000;-7,03
2020-10-29T00:00:00+00:00;ADABULL/USD;1025,75000000;1081,00000000;899,75000000;922,00000000;-11,25
2020-10-28T00:00:00+00:00;ADABULL/USD;1151,00000000;1174,00000000;905,00000000;1025,75000000;-12,21
2020-10-27T00:00:00+00:00;ADABULL/USD;1173,00000000;1252,00000000;1129,50000000;1151,00000000;-1,91
2020-10-26T00:00:00+00:00;ADABULL/USD;1289,50000000;1329,50000000;1030,00000000;1173,00000000;-9,93
2020-10-25T00:00:00+00:00;ADABULL/USD;1357,50000000;1380,00000000;1283,50000000;1289,50000000;-5,27
2020-10-24T00:00:00+00:00;ADABULL/USD;1362,50000000;1427,00000000;1335,50000000;1357,50000000;-0,37
2020-10-23T00:00:00+00:00;ADABULL/USD;1469,50000000;1527,00000000;1250,00000000;1362,50000000;-7,85
2020-10-22T00:00:00+00:00;ADABULL/USD;1293,00000000;1550,00000000;1278,00000000;1469,50000000;12,01
2020-10-21T00:00:00+00:00;ADABULL/USD;1178,00000000;1389,00000000;1139,50000000;1293,00000000;8,89
2020-10-20T00:00:00+00:00;ADABULL/USD;1430,50000000;1434,00000000;1117,00000000;1178,00000000;-21,43
2020-10-19T00:00:00+00:00;ADABULL/USD;1389,00000000;1524,50000000;1330,00000000;1430,50000000;2,9
2020-10-18T00:00:00+00:00;ADABULL/USD;1326,00000000;1391,50000000;1302,00000000;1389,00000000;4,54
2020-10-17T00:00:00+00:00;ADABULL/USD;1268,50000000;1380,00000000;1235,00000000;1326,00000000;4,34
2020-10-16T00:00:00+00:00;ADABULL/USD;1367,50000000;1383,00000000;1191,50000000;1268,50000000;-7,8
2020-10-15T00:00:00+00:00;ADABULL/USD;1379,00000000;1402,50000000;1281,00000000;1367,50000000;-0,84
2020-10-14T00:00:00+00:00;ADABULL/USD;1466,50000000;1588,00000000;1312,00000000;1379,00000000;-6,35
2020-10-13T00:00:00+00:00;ADABULL/USD;1478,50000000;1671,00000000;1393,50000000;1466,50000000;-0,82
2020-10-12T00:00:00+00:00;ADABULL/USD;1366,00000000;1635,00000000;1206,50000000;1478,50000000;7,61
2020-10-11T00:00:00+00:00;ADABULL/USD;1320,00000000;1457,50000000;1287,00000000;1366,00000000;3,37
2020-10-10T00:00:00+00:00;ADABULL/USD;1195,00000000;1537,50000000;1195,00000000;1320,00000000;9,47
2020-10-09T00:00:00+00:00;ADABULL/USD;1030,50000000;1233,00000000;987,00000000;1195,00000000;13,77
2020-10-08T00:00:00+00:00;ADABULL/USD;956,75000000;1061,00000000;830,50000000;1030,50000000;7,16
2020-10-07T00:00:00+00:00;ADABULL/USD;932,00000000;975,00000000;824,50000000;956,75000000;2,59
2020-10-06T00:00:00+00:00;ADABULL/USD;1090,50000000;1122,00000000;881,00000000;932,00000000;-17,01
2020-10-05T00:00:00+00:00;ADABULL/USD;1067,00000000;1153,00000000;1033,50000000;1090,50000000;2,15
2020-10-04T00:00:00+00:00;ADABULL/USD;960,00000000;1110,00000000;924,75000000;1067,00000000;10,03
2020-10-03T00:00:00+00:00;ADABULL/USD;954,00000000;1024,00000000;928,50000000;960,00000000;0,62
2020-10-02T00:00:00+00:00;ADABULL/USD;1128,50000000;1208,00000000;853,00000000;954,00000000;-18,29
2020-10-01T00:00:00+00:00;ADABULL/USD;1257,00000000;1384,50000000;1021,00000000;1128,50000000;-11,39
2020-09-30T00:00:00+00:00;ADABULL/USD;1259,50000000;1273,50000000;1091,00000000;1257,00000000;-0,2
2020-09-29T00:00:00+00:00;ADABULL/USD;1234,50000000;1342,50000000;1126,50000000;1259,50000000;1,98
2020-09-28T00:00:00+00:00;ADABULL/USD;1273,50000000;1468,00000000;1210,50000000;1234,50000000;-3,16
2020-09-27T00:00:00+00:00;ADABULL/USD;1081,50000000;1318,50000000;1037,00000000;1271,00000000;14,91
2020-09-26T00:00:00+00:00;ADABULL/USD;1135,00000000;1236,00000000;967,00000000;1081,50000000;-4,95
2020-09-25T00:00:00+00:00;ADABULL/USD;747,75000000;1180,00000000;742,50000000;1135,00000000;34,12
2020-09-24T00:00:00+00:00;ADABULL/USD;613,75000000;770,50000000;582,25000000;749,00000000;18,06
2020-09-23T00:00:00+00:00;ADABULL/USD;743,00000000;774,00000000;580,50000000;613,75000000;-21,06
2020-09-22T00:00:00+00:00;ADABULL/USD;699,00000000;785,75000000;679,75000000;743,00000000;5,92
2020-09-21T00:00:00+00:00;ADABULL/USD;1040,50000000;1062,50000000;616,75000000;699,00000000;-48,86
2020-09-20T00:00:00+00:00;ADABULL/USD;1119,50000000;1141,50000000;975,00000000;1040,50000000;-7,59
2020-09-19T00:00:00+00:00;ADABULL/USD;1100,50000000;1179,50000000;1086,00000000;1119,50000000;1,7
2020-09-18T00:00:00+00:00;ADABULL/USD;1216,50000000;1226,50000000;1057,50000000;1100,50000000;-10,54
2020-09-17T00:00:00+00:00;ADABULL/USD;1131,00000000;1252,50000000;1102,50000000;1216,50000000;7,03
2020-09-16T00:00:00+00:00;ADABULL/USD;1182,50000000;1191,00000000;1058,50000000;1131,00000000;-4,55
2020-09-15T00:00:00+00:00;ADABULL/USD;1329,00000000;1387,00000000;1176,50000000;1182,50000000;-12,39
2020-09-14T00:00:00+00:00;ADABULL/USD;1269,50000000;1381,50000000;1194,00000000;1329,00000000;4,48
2020-09-13T00:00:00+00:00;ADABULL/USD;1389,00000000;1469,50000000;1163,50000000;1269,50000000;-9,41
2020-09-12T00:00:00+00:00;ADABULL/USD;1363,50000000;1415,00000000;1254,50000000;1389,00000000;1,84
2020-09-11T00:00:00+00:00;ADABULL/USD;1353,50000000;1380,00000000;1194,50000000;1363,50000000;0,73
2020-09-10T00:00:00+00:00;ADABULL/USD;1207,00000000;1450,50000000;1207,00000000;1353,50000000;10,82
2020-09-09T00:00:00+00:00;ADABULL/USD;1131,50000000;1301,00000000;1064,50000000;1208,50000000;6,37
2020-09-08T00:00:00+00:00;ADABULL/USD;1230,50000000;1363,50000000;1021,50000000;1131,50000000;-8,75
2020-09-07T00:00:00+00:00;ADABULL/USD;1203,00000000;1254,50000000;946,50000000;1230,50000000;2,23
2020-09-06T00:00:00+00:00;ADABULL/USD;1100,00000000;1327,50000000;940,00000000;1203,00000000;8,56
2020-09-05T00:00:00+00:00;ADABULL/USD;1677,00000000;1788,00000000;963,00000000;1100,00000000;-52,45
2020-09-04T00:00:00+00:00;ADABULL/USD;1370,00000000;1774,00000000;1256,00000000;1677,00000000;18,31
2020-09-03T00:00:00+00:00;ADABULL/USD;2637,00000000;2782,00000000;1265,50000000;1370,00000000;-92,48
2020-09-02T00:00:00+00:00;ADABULL/USD;3561,00000000;3725,00000000;2368,00000000;2637,00000000;-35,04
2020-09-01T00:00:00+00:00;ADABULL/USD;3408,00000000;3876,00000000;3130,00000000;3561,00000000;4,3
2020-08-31T00:00:00+00:00;ADABULL/USD;3015,00000000;3739,00000000;2673,00000000;3408,00000000;11,53
2020-08-30T00:00:00+00:00;ADABULL/USD;2948,00000000;3117,00000000;2747,00000000;3015,00000000;2,22
2020-08-29T00:00:00+00:00;ADABULL/USD;2479,00000000;3050,00000000;2380,00000000;2948,00000000;15,91
2020-08-28T00:00:00+00:00;ADABULL/USD;2350,00000000;2625,00000000;2270,50000000;2479,00000000;5,2
2020-08-27T00:00:00+00:00;ADABULL/USD;2907,00000000;3005,00000000;1955,00000000;2350,00000000;-23,7
2020-08-26T00:00:00+00:00;ADABULL/USD;2745,00000000;3170,00000000;2592,00000000;2907,00000000;5,57
2020-08-25T00:00:00+00:00;ADABULL/USD;3871,00000000;3899,00000000;2244,00000000;2745,00000000;-41,02
2020-08-24T00:00:00+00:00;ADABULL/USD;3704,00000000;4204,00000000;3566,00000000;3895,00000000;4,9
2020-08-23T00:00:00+00:00;ADABULL/USD;4072,00000000;4136,00000000;3500,00000000;3704,00000000;-9,94
2020-08-22T00:00:00+00:00;ADABULL/USD;3904,00000000;4160,00000000;3427,00000000;4072,00000000;4,13
2020-08-21T00:00:00+00:00;ADABULL/USD;5167,00000000;5176,00000000;3702,00000000;3904,00000000;-32,35
2020-08-20T00:00:00+00:00;ADABULL/USD;4715,00000000;5213,00000000;4310,00000000;5167,00000000;8,75
2020-08-19T00:00:00+00:00;ADABULL/USD;5597,50000000;5772,50000000;4310,00000000;4715,00000000;-18,72
2020-08-18T00:00:00+00:00;ADABULL/USD;6135,00000000;6585,00000000;5260,00000000;5597,50000000;-9,6
2020-08-17T00:00:00+00:00;ADABULL/USD;5950,00000000;6715,00000000;5797,50000000;6135,00000000;3,02
2020-08-16T00:00:00+00:00;ADABULL/USD;5957,50000000;6080,00000000;5420,00000000;5950,00000000;-0,13
2020-08-15T00:00:00+00:00;ADABULL/USD;5950,00000000;6400,00000000;5635,00000000;5957,50000000;0,13
2020-08-14T00:00:00+00:00;ADABULL/USD;6112,50000000;6335,00000000;5855,00000000;5950,00000000;-2,73
2020-08-13T00:00:00+00:00;ADABULL/USD;5802,50000000;6470,00000000;5200,00000000;6112,50000000;5,07
2020-08-12T00:00:00+00:00;ADABULL/USD;5842,50000000;5910,00000000;4142,50000000;5802,50000000;-0,69
2020-08-11T00:00:00+00:00;ADABULL/USD;6877,50000000;7047,50000000;5022,50000000;5842,50000000;-17,72
2020-08-10T00:00:00+00:00;ADABULL/USD;7170,00000000;7355,00000000;6545,00000000;6877,50000000;-4,25
2020-08-09T00:00:00+00:00;ADABULL/USD;7465,00000000;8275,00000000;6697,50000000;7170,00000000;-4,11
2020-08-08T00:00:00+00:00;ADABULL/USD;6415,00000000;7712,50000000;6180,00000000;7465,00000000;14,07
2020-08-07T00:00:00+00:00;ADABULL/USD;7267,50000000;7685,00000000;5357,50000000;6415,00000000;-13,29
2020-08-06T00:00:00+00:00;ADABULL/USD;7015,00000000;7470,00000000;6657,50000000;7267,50000000;3,47
2020-08-05T00:00:00+00:00;ADABULL/USD;7155,00000000;7435,00000000;6417,50000000;7015,00000000;-2,0
2020-08-04T00:00:00+00:00;ADABULL/USD;6370,00000000;7810,00000000;6160,00000000;7155,00000000;10,97
2020-08-03T00:00:00+00:00;ADABULL/USD;5905,00000000;6620,00000000;5680,00000000;6370,00000000;7,3
2020-08-02T00:00:00+00:00;ADABULL/USD;7835,00000000;8537,50000000;5175,00000000;5905,00000000;-32,68
2020-08-01T00:00:00+00:00;ADABULL/USD;7030,00000000;8270,00000000;6870,00000000;7835,00000000;10,27
2020-07-31T00:00:00+00:00;ADABULL/USD;7277,50000000;7397,50000000;6415,00000000;7030,00000000;-3,52
2020-07-30T00:00:00+00:00;ADABULL/USD;7150,00000000;7580,00000000;6630,00000000;7277,50000000;1,75
2020-07-29T00:00:00+00:00;ADABULL/USD;8887,50000000;9070,00000000;6807,50000000;7150,00000000;-24,3
2020-07-28T00:00:00+00:00;ADABULL/USD;7340,00000000;9205,00000000;6407,50000000;8887,50000000;17,41
2020-07-27T00:00:00+00:00;ADABULL/USD;9550,00000000;9877,50000000;6000,00000000;7340,00000000;-30,11
2020-07-26T00:00:00+00:00;ADABULL/USD;8702,50000000;10742,50000000;8355,00000000;9557,50000000;8,95
2020-07-25T00:00:00+00:00;ADABULL/USD;5700,00000000;9015,00000000;5700,00000000;8702,50000000;34,5
2020-07-24T00:00:00+00:00;ADABULL/USD;5980,00000000;6047,50000000;5492,50000000;5700,00000000;-4,91
2020-07-23T00:00:00+00:00;ADABULL/USD;5945,00000000;6332,50000000;5910,00000000;5975,00000000;0,5
2020-07-22T00:00:00+00:00;ADABULL/USD;5847,50000000;6060,00000000;5432,50000000;5945,00000000;1,64
2020-07-21T00:00:00+00:00;ADABULL/USD;5138,00000000;6072,00000000;5002,50000000;5847,50000000;12,13
2020-07-20T00:00:00+00:00;ADABULL/USD;6077,50000000;6092,50000000;4827,50000000;5138,00000000;-18,29
2020-07-19T00:00:00+00:00;ADABULL/USD;5862,50000000;6150,00000000;5662,50000000;6077,50000000;3,54
2020-07-18T00:00:00+00:00;ADABULL/USD;5800,00000000;6137,50000000;5230,00000000;5862,50000000;1,07
2020-07-17T00:00:00+00:00;ADABULL/USD;6327,50000000;6450,00000000;5685,00000000;5800,00000000;-9,09
2020-07-16T00:00:00+00:00;ADABULL/USD;7167,50000000;7600,00000000;4825,00000000;6327,50000000;-13,28
2020-07-15T00:00:00+00:00;ADABULL/USD;7457,50000000;7550,00000000;6600,00000000;7167,50000000;-4,05
2020-07-14T00:00:00+00:00;ADABULL/USD;6210,00000000;7850,00000000;5627,50000000;7457,50000000;16,73
2020-07-13T00:00:00+00:00;ADABULL/USD;6660,00000000;8062,50000000;5545,00000000;6210,00000000;-7,25
2020-07-12T00:00:00+00:00;ADABULL/USD;6380,00000000;6890,00000000;5512,50000000;6660,00000000;4,2
2020-07-11T00:00:00+00:00;ADABULL/USD;5437,50000000;6652,50000000;5388,00000000;6380,00000000;14,77
2020-07-10T00:00:00+00:00;ADABULL/USD;6727,50000000;6775,00000000;4528,00000000;5437,50000000;-23,72
2020-07-09T00:00:00+00:00;ADABULL/USD;7812,50000000;7812,50000000;5612,50000000;6727,50000000;-16,13
2020-07-08T00:00:00+00:00;ADABULL/USD;5942,50000000;9100,00000000;5537,50000000;7812,50000000;23,94
2020-07-07T00:00:00+00:00;ADABULL/USD;4367,00000000;6102,00000000;4088,00000000;5942,50000000;26,51
2020-07-06T00:00:00+00:00;ADABULL/USD;3579,00000000;4570,00000000;3488,00000000;4367,00000000;18,04
2020-07-05T00:00:00+00:00;ADABULL/USD;3766,00000000;3772,00000000;3140,00000000;3579,00000000;-5,22
2020-07-04T00:00:00+00:00;ADABULL/USD;3349,00000000;3851,00000000;3303,00000000;3766,00000000;11,07
2020-07-03T00:00:00+00:00;ADABULL/USD;3007,00000000;3930,00000000;2948,00000000;3349,00000000;10,21
2020-07-02T00:00:00+00:00;ADABULL/USD;3392,00000000;3404,00000000;2461,00000000;3007,00000000;-12,8
2020-07-01T00:00:00+00:00;ADABULL/USD;2257,00000000;3408,00000000;2206,50000000;3392,00000000;33,46
2020-06-30T00:00:00+00:00;ADABULL/USD;2307,00000000;2369,00000000;2155,50000000;2257,00000000;-2,22
2020-06-29T00:00:00+00:00;ADABULL/USD;2021,50000000;2342,50000000;2021,50000000;2307,00000000;12,38
2020-06-28T00:00:00+00:00;ADABULL/USD;1840,00000000;2085,00000000;1750,00000000;2021,50000000;8,98
2020-06-27T00:00:00+00:00;ADABULL/USD;2076,50000000;2114,00000000;1638,00000000;1837,00000000;-13,04
2020-06-26T00:00:00+00:00;ADABULL/USD;2156,50000000;2173,00000000;1998,50000000;2076,50000000;-3,85
2020-06-25T00:00:00+00:00;ADABULL/USD;2214,50000000;2300,50000000;1924,00000000;2156,50000000;-2,69
2020-06-24T00:00:00+00:00;ADABULL/USD;2251,00000000;2607,50000000;2035,00000000;2214,50000000;-1,65
2020-06-23T00:00:00+00:00;ADABULL/USD;2324,50000000;2377,00000000;2142,00000000;2251,00000000;-3,27
2020-06-22T00:00:00+00:00;ADABULL/USD;1913,00000000;2340,00000000;1909,50000000;2324,50000000;17,7
2020-06-21T00:00:00+00:00;ADABULL/USD;2010,00000000;2120,50000000;1909,50000000;1913,00000000;-5,07
2020-06-20T00:00:00+00:00;ADABULL/USD;2040,00000000;2057,00000000;1830,50000000;2010,00000000;-1,49
2020-06-19T00:00:00+00:00;ADABULL/USD;2188,50000000;2198,00000000;1926,00000000;2040,00000000;-7,28
2020-06-18T00:00:00+00:00;ADABULL/USD;2311,50000000;2387,00000000;2046,50000000;2188,50000000;-5,62
2020-06-17T00:00:00+00:00;ADABULL/USD;1985,50000000;2326,50000000;1846,50000000;2311,50000000;14,1
2020-06-16T00:00:00+00:00;ADABULL/USD;1911,00000000;2016,50000000;1807,50000000;1985,50000000;3,75
2020-06-15T00:00:00+00:00;ADABULL/USD;1803,00000000;2016,50000000;1300,00000000;1911,00000000;5,65
2020-06-14T00:00:00+00:00;ADABULL/USD;2003,00000000;2012,00000000;1729,50000000;1803,00000000;-11,09
2020-06-13T00:00:00+00:00;ADABULL/USD;2037,00000000;2043,50000000;1876,50000000;2003,00000000;-1,7
2020-06-12T00:00:00+00:00;ADABULL/USD;1754,50000000;2132,00000000;1730,50000000;2037,00000000;13,87
2020-06-11T00:00:00+00:00;ADABULL/USD;2541,00000000;2678,00000000;1650,00000000;1753,50000000;-44,91
2020-06-10T00:00:00+00:00;ADABULL/USD;2485,00000000;2570,00000000;2184,00000000;2541,00000000;2,2
2020-06-09T00:00:00+00:00;ADABULL/USD;2819,00000000;2841,00000000;2485,00000000;2485,00000000;-13,44
2020-06-08T00:00:00+00:00;ADABULL/USD;2810,00000000;2851,00000000;2633,00000000;2819,00000000;0,32
2020-06-07T00:00:00+00:00;ADABULL/USD;2761,00000000;3003,00000000;2439,00000000;2810,00000000;1,74
2020-06-06T00:00:00+00:00;ADABULL/USD;2684,00000000;2871,00000000;2644,00000000;2761,00000000;2,79
2020-06-05T00:00:00+00:00;ADABULL/USD;3068,00000000;3101,00000000;2549,00000000;2684,00000000;-14,31
2020-06-04T00:00:00+00:00;ADABULL/USD;2755,00000000;3208,00000000;2586,00000000;3068,00000000;10,2
2020-06-03T00:00:00+00:00;ADABULL/USD;2186,50000000;2784,50000000;2056,50000000;2755,00000000;20,64
2020-06-02T00:00:00+00:00;ADABULL/USD;2629,00000000;2762,00000000;1292,00000000;2186,50000000;-20,24
2020-06-01T00:00:00+00:00;ADABULL/USD;2039,50000000;2817,50000000;1989,50000000;2629,00000000;22,42
2020-05-31T00:00:00+00:00;ADABULL/USD;2290,00000000;3139,50000000;1895,00000000;2043,00000000;-12,09
2020-05-30T00:00:00+00:00;ADABULL/USD;1456,00000000;2331,50000000;1378,00000000;2292,00000000;36,47
2020-05-29T00:00:00+00:00;ADABULL/USD;1482,50000000;1592,00000000;1317,50000000;1456,00000000;-1,82
2020-05-28T00:00:00+00:00;ADABULL/USD;979,75000000;1626,25000000;955,75000000;1482,50000000;33,91
2020-05-27T00:00:00+00:00;ADABULL/USD;891,25000000;1004,25000000;874,00000000;979,75000000;9,03
2020-05-26T00:00:00+00:00;ADABULL/USD;908,25000000;921,00000000;816,25000000;891,25000000;-1,91
2020-05-25T00:00:00+00:00;ADABULL/USD;791,75000000;931,00000000;773,00000000;908,25000000;12,83
2020-05-24T00:00:00+00:00;ADABULL/USD;997,50000000;1059,25000000;791,00000000;791,75000000;-25,99
2020-05-23T00:00:00+00:00;ADABULL/USD;1045,00000000;1084,75000000;959,25000000;997,50000000;-4,76
2020-05-22T00:00:00+00:00;ADABULL/USD;861,25000000;1107,75000000;827,00000000;1045,00000000;17,58
2020-05-21T00:00:00+00:00;ADABULL/USD;1195,50000000;1236,00000000;779,00000000;861,25000000;-38,81
2020-05-20T00:00:00+00:00;ADABULL/USD;1199,50000000;1248,50000000;1028,50000000;1195,50000000;-0,33
2020-05-19T00:00:00+00:00;ADABULL/USD;1059,00000000;1212,00000000;963,50000000;1199,50000000;11,71
2020-05-18T00:00:00+00:00;ADABULL/USD;900,75000000;1099,00000000;900,75000000;1059,00000000;14,94
2020-05-17T00:00:00+00:00;ADABULL/USD;889,50000000;952,75000000;883,25000000;900,75000000;1,25
2020-05-16T00:00:00+00:00;ADABULL/USD;859,75000000;908,25000000;841,00000000;889,50000000;3,34
2020-05-15T00:00:00+00:00;ADABULL/USD;896,00000000;943,00000000;828,75000000;859,75000000;-4,22
2020-05-14T00:00:00+00:00;ADABULL/USD;919,25000000;944,75000000;863,25000000;896,00000000;-2,59
2020-05-13T00:00:00+00:00;ADABULL/USD;866,75000000;965,50000000;814,75000000;919,25000000;5,71
2020-05-12T00:00:00+00:00;ADABULL/USD;743,00000000;894,25000000;740,00000000;866,75000000;14,28
2020-05-11T00:00:00+00:00;ADABULL/USD;728,00000000;847,75000000;606,00000000;743,00000000;2,02
2020-05-10T00:00:00+00:00;ADABULL/USD;1017,50000000;1019,25000000;508,50000000;728,00000000;-39,77
2020-05-09T00:00:00+00:00;ADABULL/USD;1057,50000000;1117,00000000;1008,50000000;1017,50000000;-3,93
2020-05-08T00:00:00+00:00;ADABULL/USD;1015,50000000;1162,75000000;996,00000000;1057,50000000;3,97
2020-05-07T00:00:00+00:00;ADABULL/USD;886,75000000;1029,00000000;856,75000000;1015,50000000;12,68
2020-05-06T00:00:00+00:00;ADABULL/USD;916,25000000;1020,50000000;880,75000000;886,75000000;-3,33
2020-05-05T00:00:00+00:00;ADABULL/USD;920,00000000;984,25000000;881,00000000;916,25000000;-0,41
2020-05-04T00:00:00+00:00;ADABULL/USD;901,00000000;970,00000000;745,25000000;920,00000000;2,07
2020-05-03T00:00:00+00:00;ADABULL/USD;1029,75000000;1070,00000000;821,25000000;901,00000000;-14,29
2020-05-02T00:00:00+00:00;ADABULL/USD;1021,00000000;1058,00000000;938,75000000;1029,75000000;0,85
2020-05-01T00:00:00+00:00;ADABULL/USD;851,00000000;1075,75000000;847,75000000;1021,00000000;16,65
2020-04-30T00:00:00+00:00;ADABULL/USD;1106,00000000;1282,00000000;825,00000000;851,00000000;-29,96
2020-04-29T00:00:00+00:00;ADABULL/USD;848,50000000;1138,00000000;843,25000000;1106,00000000;23,28
2020-04-28T00:00:00+00:00;ADABULL/USD;829,00000000;949,50000000;800,50000000;848,50000000;2,3
2020-04-27T00:00:00+00:00;ADABULL/USD;795,25000000;884,75000000;707,50000000;829,00000000;4,07
2020-04-26T00:00:00+00:00;ADABULL/USD;629,50000000;804,50000000;615,00000000;795,25000000;20,84
2020-04-25T00:00:00+00:00;ADABULL/USD;609,25000000;691,75000000;587,00000000;629,50000000;3,22
2020-04-24T00:00:00+00:00;ADABULL/USD;578,25000000;703,25000000;578,25000000;609,25000000;5,09
2020-04-23T00:00:00+00:00;ADABULL/USD;426,70000000;641,00000000;424,90000000;578,25000000;26,21
2020-04-22T00:00:00+00:00;ADABULL/USD;366,30000000;427,50000000;359,70000000;426,70000000;14,16
2020-04-21T00:00:00+00:00;ADABULL/USD;346,50000000;378,40000000;338,40000000;366,30000000;5,41
2020-04-20T00:00:00+00:00;ADABULL/USD;390,10000000;429,20000000;340,50000000;346,50000000;-12,58
2020-04-19T00:00:00+00:00;ADABULL/USD;435,60000000;439,40000000;377,40000000;390,10000000;-11,66
2020-04-18T00:00:00+00:00;ADABULL/USD;363,10000000;442,90000000;359,70000000;435,60000000;16,64
2020-04-17T00:00:00+00:00;ADABULL/USD;369,20000000;376,80000000;355,50000000;363,10000000;-1,68
2020-04-16T00:00:00+00:00;ADABULL/USD;292,70000000;379,50000000;270,60000000;369,20000000;20,72
2020-04-15T00:00:00+00:00;ADABULL/USD;334,80000000;346,30000000;292,60000000;292,70000000;-14,38
2020-04-14T00:00:00+00:00;ADABULL/USD;331,40000000;351,00000000;323,30000000;334,80000000;1,02
2020-04-13T00:00:00+00:00;ADABULL/USD;345,40000000;348,50000000;297,70000000;331,40000000;-4,22
2020-04-12T00:00:00+00:00;ADABULL/USD;337,80000000;386,20000000;328,00000000;345,40000000;2,2
2020-04-11T00:00:00+00:00;ADABULL/USD;338,70000000;361,50000000;318,20000000;337,80000000;-0,27
2020-04-10T00:00:00+00:00;ADABULL/USD;442,60000000;444,30000000;300,40000000;338,70000000;-30,68
2020-04-09T00:00:00+00:00;ADABULL/USD;457,20000000;459,50000000;409,30000000;442,60000000;-3,3
2020-04-08T00:00:00+00:00;ADABULL/USD;410,00000000;464,00000000;409,50000000;457,20000000;10,32
2020-04-07T00:00:00+00:00;ADABULL/USD;438,40000000;473,80000000;388,40000000;408,60000000;-7,29
2020-04-06T00:00:00+00:00;ADABULL/USD;314,90000000;442,80000000;314,90000000;438,40000000;28,17
2020-04-05T00:00:00+00:00;ADABULL/USD;331,50000000;337,30000000;307,10000000;314,90000000;-5,27
2020-04-04T00:00:00+00:00;ADABULL/USD;329,90000000;341,70000000;316,00000000;331,50000000;0,48
2020-04-03T00:00:00+00:00;ADABULL/USD;315,00000000;344,60000000;308,50000000;329,90000000;4,52
2020-04-02T00:00:00+00:00;ADABULL/USD;289,60000000;358,90000000;288,10000000;315,00000000;8,06
2020-04-01T00:00:00+00:00;ADABULL/USD;276,40000000;289,80000000;250,60000000;289,60000000;4,56
2020-03-31T00:00:00+00:00;ADABULL/USD;257,80000000;281,50000000;248,70000000;276,40000000;6,73
2020-03-30T00:00:00+00:00;ADABULL/USD;217,70000000;271,30000000;216,10000000;257,80000000;15,55
2020-03-29T00:00:00+00:00;ADABULL/USD;263,20000000;271,10000000;216,80000000;217,70000000;-20,9
2020-03-28T00:00:00+00:00;ADABULL/USD;244,60000000;267,70000000;217,20000000;263,20000000;7,07
2020-03-27T00:00:00+00:00;ADABULL/USD;304,50000000;319,70000000;228,60000000;244,60000000;-24,49
2020-03-26T00:00:00+00:00;ADABULL/USD;260,70000000;306,70000000;260,30000000;304,50000000;14,38
2020-03-25T00:00:00+00:00;ADABULL/USD;282,40000000;288,40000000;246,90000000;260,70000000;-8,32
2020-03-24T00:00:00+00:00;ADABULL/USD;256,80000000;288,90000000;247,50000000;282,40000000;9,07
2020-03-23T00:00:00+00:00;ADABULL/USD;210,35000000;272,90000000;198,35000000;256,80000000;18,09
2020-03-22T00:00:00+00:00;ADABULL/USD;274,20000000;298,40000000;202,80000000;210,35000000;-30,35
2020-03-21T00:00:00+00:00;ADABULL/USD;272,30000000;306,60000000;232,50000000;274,40000000;0,77
2020-03-20T00:00:00+00:00;ADABULL/USD;326,20000000;437,90000000;202,20000000;272,30000000;-19,79
2020-03-19T00:00:00+00:00;ADABULL/USD;214,85000000;368,30000000;209,60000000;326,20000000;34,14
2020-03-18T00:00:00+00:00;ADABULL/USD;208,30000000;221,70000000;175,95000000;214,85000000;3,05
2020-03-17T00:00:00+00:00;ADABULL/USD;170,95000000;221,90000000;167,10000000;208,30000000;17,93
2020-03-16T00:00:00+00:00;ADABULL/USD;250,00000000;252,65000000;117,65000000;170,40000000;-46,71
2020-03-15T00:00:00+00:00;ADABULL/USD;220,35000000;304,15000000;211,05000000;250,00000000;11,86
2020-03-14T00:00:00+00:00;ADABULL/USD;305,90000000;318,40000000;205,50000000;220,65000000;-38,64
2020-03-13T00:00:00+00:00;ADABULL/USD;249,20000000;317,00000000;96,80000000;305,90000000;18,54
2020-03-12T00:00:00+00:00;ADABULL/USD;1920,00000000;1941,00000000;222,80000000;249,20000000;-670,47
2020-03-11T00:00:00+00:00;ADABULL/USD;2195,00000000;2249,00000000;1555,50000000;1920,00000000;-14,32
2020-03-10T00:00:00+00:00;ADABULL/USD;2216,00000000;2455,50000000;2036,50000000;2191,50000000;-1,12
2020-03-09T00:00:00+00:00;ADABULL/USD;2454,00000000;2624,00000000;1779,00000000;2216,00000000;-10,74
2020-03-08T00:00:00+00:00;ADABULL/USD;3857,00000000;3857,00000000;2385,00000000;2454,00000000;-57,17
2020-03-07T00:00:00+00:00;ADABULL/USD;4680,00000000;4719,00000000;3698,00000000;3857,00000000;-21,34
2020-03-06T00:00:00+00:00;ADABULL/USD;4502,00000000;4680,00000000;4203,00000000;4680,00000000;3,8
2020-03-05T00:00:00+00:00;ADABULL/USD;4004,00000000;4821,00000000;4004,00000000;4502,00000000;11,06
2020-03-04T00:00:00+00:00;ADABULL/USD;3937,00000000;4331,00000000;3783,00000000;4004,00000000;1,67
2020-03-03T00:00:00+00:00;ADABULL/USD;4076,00000000;4104,00000000;3638,00000000;3937,00000000;-3,53
2020-03-02T00:00:00+00:00;ADABULL/USD;3309,00000000;4193,00000000;3256,00000000;4076,00000000;18,82
2020-03-01T00:00:00+00:00;ADABULL/USD;3656,00000000;3938,00000000;3170,00000000;3309,00000000;-10,49
2020-02-29T00:00:00+00:00;ADABULL/USD;4135,00000000;4414,00000000;3652,00000000;3656,00000000;-13,1
2020-02-28T00:00:00+00:00;ADABULL/USD;4361,00000000;4747,00000000;3500,00000000;4135,00000000;-5,47
2020-02-27T00:00:00+00:00;ADABULL/USD;4205,00000000;4947,00000000;3468,00000000;4361,00000000;3,58
2020-02-26T00:00:00+00:00;ADABULL/USD;6600,00000000;6752,50000000;3514,00000000;4205,00000000;-56,96
2020-02-25T00:00:00+00:00;ADABULL/USD;7805,00000000;7867,50000000;6522,50000000;6600,00000000;-18,26
2020-02-24T00:00:00+00:00;ADABULL/USD;9047,50000000;9180,00000000;7102,50000000;7805,00000000;-15,92
2020-02-23T00:00:00+00:00;ADABULL/USD;7752,50000000;9217,50000000;7742,50000000;9047,50000000;14,31
2020-02-22T00:00:00+00:00;ADABULL/USD;7905,00000000;8040,00000000;7270,00000000;7752,50000000;-1,97
2020-02-21T00:00:00+00:00;ADABULL/USD;7737,50000000;8440,00000000;7482,50000000;7905,00000000;2,12
2020-02-20T00:00:00+00:00;ADABULL/USD;7417,50000000;7980,00000000;6717,50000000;7737,50000000;4,14
2020-02-19T00:00:00+00:00;ADABULL/USD;10100,00000000;10192,50000000;7252,50000000;7442,50000000;-35,71
2020-02-18T00:00:00+00:00;ADABULL/USD;8922,50000000;10525,00000000;7802,50000000;10105,00000000;11,7
2020-02-17T00:00:00+00:00;ADABULL/USD;9602,50000000;10135,00000000;6837,50000000;8922,50000000;-7,62
2020-02-16T00:00:00+00:00;ADABULL/USD;11820,00000000;13465,00000000;7760,00000000;9640,00000000;-22,61
2020-02-15T00:00:00+00:00;ADABULL/USD;16890,00000000;17395,00000000;10790,00000000;11835,00000000;-42,71
2020-02-14T00:00:00+00:00;ADABULL/USD;15685,00000000;17300,00000000;14515,00000000;16890,00000000;7,13
2020-02-13T00:00:00+00:00;ADABULL/USD;15645,00000000;18355,00000000;13620,00000000;15685,00000000;0,26
2020-02-12T00:00:00+00:00;ADABULL/USD;12870,00000000;16940,00000000;12785,00000000;15645,00000000;17,74
2020-02-11T00:00:00+00:00;ADABULL/USD;11000,00000000;12885,00000000;10260,00000000;12860,00000000;14,46
2020-02-10T00:00:00+00:00;ADABULL/USD;12030,00000000;12175,00000000;9990,00000000;11000,00000000;-9,36
2020-02-09T00:00:00+00:00;ADABULL/USD;11145,00000000;12410,00000000;11110,00000000;12030,00000000;7,36
2020-02-08T00:00:00+00:00;ADABULL/USD;11045,00000000;11835,00000000;9490,00000000;11145,00000000;0,9
2020-02-07T00:00:00+00:00;ADABULL/USD;11180,00000000;12670,00000000;10825,00000000;11045,00000000;-1,22
2020-02-06T00:00:00+00:00;ADABULL/USD;10990,00000000;11725,00000000;10150,00000000;11180,00000000;1,7
2020-02-05T00:00:00+00:00;ADABULL/USD;9180,00000000;11395,00000000;8982,50000000;10990,00000000;16,47
2020-02-04T00:00:00+00:00;ADABULL/USD;9775,00000000;10252,50000000;8235,00000000;9167,50000000;-6,63
2020-02-03T00:00:00+00:00;ADABULL/USD;9192,50000000;10195,00000000;8955,00000000;9775,00000000;5,96
2020-02-02T00:00:00+00:00;ADABULL/USD;9492,50000000;10762,50000000;8870,00000000;9185,00000000;-3,35
2020-02-01T00:00:00+00:00;ADABULL/USD;8437,50000000;10027,50000000;8055,00000000;9490,00000000;11,09
2020-01-31T00:00:00+00:00;ADABULL/USD;9670,00000000;9997,50000000;7520,00000000;8430,00000000;-14,71
2020-01-30T00:00:00+00:00;ADABULL/USD;8352,50000000;10170,00000000;7805,00000000;9665,00000000;13,58
2020-01-29T00:00:00+00:00;ADABULL/USD;8277,50000000;10410,00000000;8105,00000000;8365,00000000;1,05
2020-01-28T00:00:00+00:00;ADABULL/USD;6275,00000000;8900,00000000;6117,50000000;8312,50000000;24,51
2020-01-27T00:00:00+00:00;ADABULL/USD;5191,00000000;6677,00000000;4982,00000000;6282,50000000;17,37
2020-01-26T00:00:00+00:00;ADABULL/USD;4675,00000000;5190,00000000;4603,00000000;5190,00000000;9,92
2020-01-25T00:00:00+00:00;ADABULL/USD;5302,50000000;5380,00000000;4599,00000000;4675,00000000;-13,42
2020-01-24T00:00:00+00:00;ADABULL/USD;4751,00000000;5435,00000000;4117,00000000;5302,50000000;10,4
2020-01-23T00:00:00+00:00;ADABULL/USD;5685,00000000;5740,00000000;4332,50000000;4748,00000000;-19,73
2020-01-22T00:00:00+00:00;ADABULL/USD;5830,00000000;6012,50000000;5562,50000000;5685,00000000;-2,55
2020-01-21T00:00:00+00:00;ADABULL/USD;5074,00000000;6084,00000000;4976,00000000;5830,00000000;12,97
2020-01-20T00:00:00+00:00;ADABULL/USD;4492,00000000;5256,00000000;4489,00000000;5070,00000000;11,4
2020-01-19T00:00:00+00:00;ADABULL/USD;5575,00000000;5972,50000000;4237,50000000;4492,00000000;-24,11
2020-01-18T00:00:00+00:00;ADABULL/USD;5562,50000000;5907,50000000;4957,50000000;5575,00000000;0,22
2020-01-17T00:00:00+00:00;ADABULL/USD;4511,00000000;5894,00000000;4378,00000000;5570,00000000;19,01
2020-01-16T00:00:00+00:00;ADABULL/USD;4901,00000000;5095,00000000;4001,00000000;4508,00000000;-8,72
2020-01-15T00:00:00+00:00;ADABULL/USD;4554,00000000;5081,00000000;4050,00000000;4899,00000000;7,04
2020-01-14T00:00:00+00:00;ADABULL/USD;3280,00000000;4859,00000000;3267,00000000;4569,00000000;28,21
2020-01-13T00:00:00+00:00;ADABULL/USD;3593,00000000;3607,00000000;3248,00000000;3279,00000000;-9,58
2020-01-12T00:00:00+00:00;ADABULL/USD;3301,00000000;3597,00000000;3245,00000000;3577,00000000;7,72
2020-01-11T00:00:00+00:00;ADABULL/USD;3382,00000000;3590,00000000;3227,00000000;3309,00000000;-2,21
2020-01-10T00:00:00+00:00;ADABULL/USD;3175,00000000;3433,00000000;2786,00000000;3378,00000000;6,01
2020-01-09T00:00:00+00:00;ADABULL/USD;3208,00000000;3243,00000000;3023,00000000;3175,00000000;-1,04
2020-01-08T00:00:00+00:00;ADABULL/USD;3409,00000000;3878,00000000;3072,00000000;3208,00000000;-6,27
2020-01-07T00:00:00+00:00;ADABULL/USD;3530,00000000;3739,00000000;3263,00000000;3409,00000000;-3,55

