DATE/TIME;SYMBOL;OPEN;HIGH;LOW;CLOSE;EVOL % CLOSE/HIGH
2022-01-05T00:00:00+00:00;XRPBEAR/USD;0,00000013;0,00000013;0,00000013;0,00000013;0,0
2022-01-04T00:00:00+00:00;XRPBEAR/USD;0,00000013;0,00000013;0,00000012;0,00000013;0,0
2022-01-03T00:00:00+00:00;XRPBEAR/USD;0,00000012;0,00000013;0,00000012;0,00000013;7,69
2022-01-02T00:00:00+00:00;XRPBEAR/USD;0,00000013;0,00000013;0,00000011;0,00000012;-8,33
2022-01-01T00:00:00+00:00;XRPBEAR/USD;0,00000014;0,00000014;0,00000012;0,00000013;-7,69
2021-12-31T00:00:00+00:00;XRPBEAR/USD;0,00000014;0,00000015;0,00000012;0,00000014;0,0
2021-12-30T00:00:00+00:00;XRPBEAR/USD;0,00000014;0,00000014;0,00000012;0,00000014;0,0
2021-12-29T00:00:00+00:00;XRPBEAR/USD;0,00000012;0,00000014;0,00000012;0,00000014;14,29
2021-12-28T00:00:00+00:00;XRPBEAR/USD;0,00000010;0,00000012;0,00000010;0,00000012;16,67
2021-12-27T00:00:00+00:00;XRPBEAR/USD;0,00000010;0,00000011;0,00000009;0,00000010;0,0
2021-12-26T00:00:00+00:00;XRPBEAR/USD;0,00000010;0,00000011;0,00000010;0,00000010;0,0
2021-12-25T00:00:00+00:00;XRPBEAR/USD;0,00000011;0,00000011;0,00000009;0,00000010;-10,0
2021-12-24T00:00:00+00:00;XRPBEAR/USD;0,00000009;0,00000011;0,00000008;0,00000011;18,18
2021-12-23T00:00:00+00:00;XRPBEAR/USD;0,00000010;0,00000010;0,00000008;0,00000009;-11,11
2021-12-22T00:00:00+00:00;XRPBEAR/USD;0,00000010;0,00000011;0,00000009;0,00000010;0,0
2021-12-21T00:00:00+00:00;XRPBEAR/USD;0,00000013;0,00000014;0,00000009;0,00000010;-30,0
2021-12-20T00:00:00+00:00;XRPBEAR/USD;0,00000016;0,00000017;0,00000012;0,00000013;-23,08
2021-12-19T00:00:00+00:00;XRPBEAR/USD;0,00000017;0,00000017;0,00000015;0,00000016;-6,25
2021-12-18T00:00:00+00:00;XRPBEAR/USD;0,00000018;0,00000019;0,00000015;0,00000017;-5,88
2021-12-17T00:00:00+00:00;XRPBEAR/USD;0,00000017;0,00000019;0,00000017;0,00000018;5,56
2021-12-16T00:00:00+00:00;XRPBEAR/USD;0,00000016;0,00000017;0,00000016;0,00000017;5,88
2021-12-15T00:00:00+00:00;XRPBEAR/USD;0,00000017;0,00000020;0,00000016;0,00000016;-6,25
2021-12-14T00:00:00+00:00;XRPBEAR/USD;0,00000019;0,00000020;0,00000017;0,00000017;-11,76
2021-12-13T00:00:00+00:00;XRPBEAR/USD;0,00000016;0,00000022;0,00000016;0,00000019;15,79
2021-12-12T00:00:00+00:00;XRPBEAR/USD;0,00000016;0,00000018;0,00000015;0,00000016;0,0
2021-12-11T00:00:00+00:00;XRPBEAR/USD;0,00000019;0,00000020;0,00000016;0,00000016;-18,75
2021-12-10T00:00:00+00:00;XRPBEAR/USD;0,00000016;0,00000019;0,00000015;0,00000019;15,79
2021-12-09T00:00:00+00:00;XRPBEAR/USD;0,00000017;0,00000018;0,00000013;0,00000016;-6,25
2021-12-08T00:00:00+00:00;XRPBEAR/USD;0,00000020;0,00000022;0,00000016;0,00000017;-17,65
2021-12-07T00:00:00+00:00;XRPBEAR/USD;0,00000019;0,00000021;0,00000018;0,00000020;5,0
2021-12-06T00:00:00+00:00;XRPBEAR/USD;0,00000022;0,00000024;0,00000019;0,00000019;-15,79
2021-12-05T00:00:00+00:00;XRPBEAR/USD;0,00000017;0,00000023;0,00000017;0,00000022;22,73
2021-12-04T00:00:00+00:00;XRPBEAR/USD;0,00000013;0,00000021;0,00000013;0,00000017;23,53
2021-12-03T00:00:00+00:00;XRPBEAR/USD;0,00000012;0,00000016;0,00000012;0,00000013;7,69
2021-12-02T00:00:00+00:00;XRPBEAR/USD;0,00000013;0,00000013;0,00000012;0,00000012;-8,33
2021-12-01T00:00:00+00:00;XRPBEAR/USD;0,00000013;0,00000014;0,00000011;0,00000013;0,0
2021-11-30T00:00:00+00:00;XRPBEAR/USD;0,00000012;0,00000014;0,00000011;0,00000013;7,69
2021-11-29T00:00:00+00:00;XRPBEAR/USD;0,00000015;0,00000015;0,00000011;0,00000012;-25,0
2021-11-28T00:00:00+00:00;XRPBEAR/USD;0,00000015;0,00000017;0,00000014;0,00000015;0,0
2021-11-27T00:00:00+00:00;XRPBEAR/USD;0,00000014;0,00000015;0,00000012;0,00000015;6,67
2021-11-26T00:00:00+00:00;XRPBEAR/USD;0,00000013;0,00000017;0,00000012;0,00000014;7,14
2021-11-25T00:00:00+00:00;XRPBEAR/USD;0,00000011;0,00000014;0,00000010;0,00000013;15,38
2021-11-24T00:00:00+00:00;XRPBEAR/USD;0,00000011;0,00000013;0,00000011;0,00000011;0,0
2021-11-23T00:00:00+00:00;XRPBEAR/USD;0,00000012;0,00000012;0,00000011;0,00000011;-9,09
2021-11-22T00:00:00+00:00;XRPBEAR/USD;0,00000011;0,00000013;0,00000011;0,00000012;8,33
2021-11-21T00:00:00+00:00;XRPBEAR/USD;0,00000010;0,00000011;0,00000010;0,00000011;9,09
2021-11-20T00:00:00+00:00;XRPBEAR/USD;0,00000011;0,00000012;0,00000010;0,00000010;-10,0
2021-11-19T00:00:00+00:00;XRPBEAR/USD;0,00000011;0,00000013;0,00000010;0,00000011;0,0
2021-11-18T00:00:00+00:00;XRPBEAR/USD;0,00000011;0,00000013;0,00000009;0,00000011;0,0
2021-11-17T00:00:00+00:00;XRPBEAR/USD;0,00000011;0,00000012;0,00000011;0,00000011;0,0
2021-11-16T00:00:00+00:00;XRPBEAR/USD;0,00000009;0,00000012;0,00000009;0,00000011;18,18
2021-11-15T00:00:00+00:00;XRPBEAR/USD;0,00000009;0,00000009;0,00000008;0,00000009;0,0
2021-11-14T00:00:00+00:00;XRPBEAR/USD;0,00000009;0,00000009;0,00000009;0,00000009;0,0
2021-11-13T00:00:00+00:00;XRPBEAR/USD;0,00000008;0,00000009;0,00000008;0,00000009;11,11
2021-11-12T00:00:00+00:00;XRPBEAR/USD;0,00000008;0,00000009;0,00000008;0,00000008;0,0
2021-11-11T00:00:00+00:00;XRPBEAR/USD;0,00000009;0,00000009;0,00000007;0,00000008;-12,5
2021-11-10T00:00:00+00:00;XRPBEAR/USD;0,00000008;0,00000009;0,00000006;0,00000009;11,11
2021-11-09T00:00:00+00:00;XRPBEAR/USD;0,00000008;0,00000009;0,00000008;0,00000008;0,0
2021-11-08T00:00:00+00:00;XRPBEAR/USD;0,00000009;0,00000009;0,00000007;0,00000008;-12,5
2021-11-07T00:00:00+00:00;XRPBEAR/USD;0,00000011;0,00000011;0,00000009;0,00000009;-22,22
2021-11-06T00:00:00+00:00;XRPBEAR/USD;0,00000011;0,00000012;0,00000010;0,00000011;0,0
2021-11-05T00:00:00+00:00;XRPBEAR/USD;0,00000009;0,00000011;0,00000009;0,00000011;18,18
2021-11-04T00:00:00+00:00;XRPBEAR/USD;0,00000009;0,00000011;0,00000009;0,00000009;0,0
2021-11-03T00:00:00+00:00;XRPBEAR/USD;0,00000012;0,00000012;0,00000009;0,00000009;-33,33
2021-11-02T00:00:00+00:00;XRPBEAR/USD;0,00000014;0,00000014;0,00000012;0,00000012;-16,67
2021-11-01T00:00:00+00:00;XRPBEAR/USD;0,00000013;0,00000014;0,00000012;0,00000014;7,14
2021-10-31T00:00:00+00:00;XRPBEAR/USD;0,00000014;0,00000014;0,00000012;0,00000013;-7,69
2021-10-30T00:00:00+00:00;XRPBEAR/USD;0,00000014;0,00000015;0,00000013;0,00000014;0,0
2021-10-29T00:00:00+00:00;XRPBEAR/USD;0,00000014;0,00000015;0,00000014;0,00000014;0,0
2021-10-28T00:00:00+00:00;XRPBEAR/USD;0,00000018;0,00000019;0,00000014;0,00000014;-28,57
2021-10-27T00:00:00+00:00;XRPBEAR/USD;0,00000013;0,00000018;0,00000013;0,00000018;27,78
2021-10-26T00:00:00+00:00;XRPBEAR/USD;0,00000014;0,00000014;0,00000012;0,00000013;-7,69
2021-10-25T00:00:00+00:00;XRPBEAR/USD;0,00000015;0,00000015;0,00000013;0,00000014;-7,14
2021-10-24T00:00:00+00:00;XRPBEAR/USD;0,00000014;0,00000016;0,00000013;0,00000015;6,67
2021-10-23T00:00:00+00:00;XRPBEAR/USD;0,00000015;0,00000015;0,00000013;0,00000014;-7,14
2021-10-22T00:00:00+00:00;XRPBEAR/USD;0,00000014;0,00000015;0,00000013;0,00000015;6,67
2021-10-21T00:00:00+00:00;XRPBEAR/USD;0,00000012;0,00000015;0,00000010;0,00000014;14,29
2021-10-20T00:00:00+00:00;XRPBEAR/USD;0,00000015;0,00000015;0,00000012;0,00000012;-25,0
2021-10-19T00:00:00+00:00;XRPBEAR/USD;0,00000015;0,00000016;0,00000014;0,00000015;0,0
2021-10-18T00:00:00+00:00;XRPBEAR/USD;0,00000014;0,00000016;0,00000014;0,00000015;6,67
2021-10-17T00:00:00+00:00;XRPBEAR/USD;0,00000013;0,00000016;0,00000013;0,00000014;7,14
2021-10-16T00:00:00+00:00;XRPBEAR/USD;0,00000013;0,00000013;0,00000011;0,00000013;0,0
2021-10-15T00:00:00+00:00;XRPBEAR/USD;0,00000013;0,00000015;0,00000012;0,00000013;0,0
2021-10-14T00:00:00+00:00;XRPBEAR/USD;0,00000013;0,00000014;0,00000012;0,00000013;0,0
2021-10-13T00:00:00+00:00;XRPBEAR/USD;0,00000014;0,00000015;0,00000013;0,00000013;-7,69
2021-10-12T00:00:00+00:00;XRPBEAR/USD;0,00000013;0,00000016;0,00000013;0,00000014;7,14
2021-10-11T00:00:00+00:00;XRPBEAR/USD;0,00000013;0,00000014;0,00000012;0,00000013;0,0
2021-10-10T00:00:00+00:00;XRPBEAR/USD;0,00000012;0,00000013;0,00000010;0,00000013;7,69
2021-10-09T00:00:00+00:00;XRPBEAR/USD;0,00000017;0,00000017;0,00000011;0,00000012;-41,67
2021-10-08T00:00:00+00:00;XRPBEAR/USD;0,00000016;0,00000017;0,00000015;0,00000017;5,88
2021-10-07T00:00:00+00:00;XRPBEAR/USD;0,00000015;0,00000017;0,00000015;0,00000016;6,25
2021-10-06T00:00:00+00:00;XRPBEAR/USD;0,00000016;0,00000018;0,00000014;0,00000015;-6,67
2021-10-05T00:00:00+00:00;XRPBEAR/USD;0,00000017;0,00000018;0,00000014;0,00000016;-6,25
2021-10-04T00:00:00+00:00;XRPBEAR/USD;0,00000018;0,00000020;0,00000017;0,00000017;-5,88
2021-10-03T00:00:00+00:00;XRPBEAR/USD;0,00000019;0,00000019;0,00000016;0,00000018;-5,56
2021-10-02T00:00:00+00:00;XRPBEAR/USD;0,00000018;0,00000020;0,00000016;0,00000019;5,26
2021-10-01T00:00:00+00:00;XRPBEAR/USD;0,00000024;0,00000025;0,00000017;0,00000018;-33,33
2021-09-30T00:00:00+00:00;XRPBEAR/USD;0,00000027;0,00000027;0,00000024;0,00000024;-12,5
2021-09-29T00:00:00+00:00;XRPBEAR/USD;0,00000030;0,00000030;0,00000022;0,00000027;-11,11
2021-09-28T00:00:00+00:00;XRPBEAR/USD;0,00000027;0,00000030;0,00000026;0,00000030;10,0
2021-09-27T00:00:00+00:00;XRPBEAR/USD;0,00000026;0,00000028;0,00000023;0,00000027;3,7
2021-09-26T00:00:00+00:00;XRPBEAR/USD;0,00000026;0,00000031;0,00000024;0,00000026;0,0
2021-09-25T00:00:00+00:00;XRPBEAR/USD;0,00000027;0,00000029;0,00000025;0,00000026;-3,85
2021-09-24T00:00:00+00:00;XRPBEAR/USD;0,00000023;0,00000029;0,00000023;0,00000027;14,81
2021-09-23T00:00:00+00:00;XRPBEAR/USD;0,00000023;0,00000025;0,00000022;0,00000023;0,0
2021-09-22T00:00:00+00:00;XRPBEAR/USD;0,00000037;0,00000037;0,00000022;0,00000023;-60,87
2021-09-21T00:00:00+00:00;XRPBEAR/USD;0,00000031;0,00000038;0,00000027;0,00000037;16,22
2021-09-20T00:00:00+00:00;XRPBEAR/USD;0,00000023;0,00000033;0,00000023;0,00000031;25,81
2021-09-19T00:00:00+00:00;XRPBEAR/USD;0,00000021;0,00000023;0,00000021;0,00000023;8,7
2021-09-18T00:00:00+00:00;XRPBEAR/USD;0,00000022;0,00000023;0,00000020;0,00000021;-4,76
2021-09-17T00:00:00+00:00;XRPBEAR/USD;0,00000021;0,00000023;0,00000019;0,00000022;4,55
2021-09-16T00:00:00+00:00;XRPBEAR/USD;0,00000020;0,00000021;0,00000019;0,00000021;4,76
2021-09-15T00:00:00+00:00;XRPBEAR/USD;0,00000020;0,00000022;0,00000018;0,00000020;0,0
2021-09-14T00:00:00+00:00;XRPBEAR/USD;0,00000023;0,00000023;0,00000020;0,00000020;-15,0
2021-09-13T00:00:00+00:00;XRPBEAR/USD;0,00000020;0,00000025;0,00000020;0,00000023;13,04
2021-09-12T00:00:00+00:00;XRPBEAR/USD;0,00000022;0,00000024;0,00000020;0,00000020;-10,0
2021-09-11T00:00:00+00:00;XRPBEAR/USD;0,00000024;0,00000024;0,00000020;0,00000022;-9,09
2021-09-10T00:00:00+00:00;XRPBEAR/USD;0,00000026;0,00000026;0,00000017;0,00000024;-8,33
2021-09-09T00:00:00+00:00;XRPBEAR/USD;0,00000025;0,00000027;0,00000022;0,00000026;3,85
2021-09-08T00:00:00+00:00;XRPBEAR/USD;0,00000024;0,00000030;0,00000022;0,00000025;4,0
2021-09-07T00:00:00+00:00;XRPBEAR/USD;0,00000016;0,00000028;0,00000015;0,00000024;33,33
2021-09-06T00:00:00+00:00;XRPBEAR/USD;0,00000019;0,00000019;0,00000015;0,00000016;-18,75
2021-09-05T00:00:00+00:00;XRPBEAR/USD;0,00000021;0,00000022;0,00000019;0,00000019;-10,53
2021-09-04T00:00:00+00:00;XRPBEAR/USD;0,00000020;0,00000022;0,00000020;0,00000021;4,76
2021-09-03T00:00:00+00:00;XRPBEAR/USD;0,00000022;0,00000023;0,00000018;0,00000020;-10,0
2021-09-02T00:00:00+00:00;XRPBEAR/USD;0,00000023;0,00000024;0,00000020;0,00000022;-4,55
2021-09-01T00:00:00+00:00;XRPBEAR/USD;0,00000026;0,00000027;0,00000023;0,00000023;-13,04
2021-08-31T00:00:00+00:00;XRPBEAR/USD;0,00000034;0,00000034;0,00000021;0,00000026;-30,77
2021-08-30T00:00:00+00:00;XRPBEAR/USD;0,00000030;0,00000034;0,00000029;0,00000034;11,76
2021-08-29T00:00:00+00:00;XRPBEAR/USD;0,00000030;0,00000032;0,00000028;0,00000030;0,0
2021-08-28T00:00:00+00:00;XRPBEAR/USD;0,00000027;0,00000031;0,00000027;0,00000030;10,0
2021-08-27T00:00:00+00:00;XRPBEAR/USD;0,00000037;0,00000040;0,00000027;0,00000027;-37,04
2021-08-26T00:00:00+00:00;XRPBEAR/USD;0,00000031;0,00000038;0,00000030;0,00000037;16,22
2021-08-25T00:00:00+00:00;XRPBEAR/USD;0,00000032;0,00000035;0,00000030;0,00000031;-3,23
2021-08-24T00:00:00+00:00;XRPBEAR/USD;0,00000026;0,00000033;0,00000026;0,00000032;18,75
2021-08-23T00:00:00+00:00;XRPBEAR/USD;0,00000028;0,00000028;0,00000021;0,00000026;-7,69
2021-08-22T00:00:00+00:00;XRPBEAR/USD;0,00000028;0,00000031;0,00000026;0,00000028;0,0
2021-08-21T00:00:00+00:00;XRPBEAR/USD;0,00000026;0,00000029;0,00000025;0,00000028;7,14
2021-08-20T00:00:00+00:00;XRPBEAR/USD;0,00000028;0,00000030;0,00000024;0,00000026;-7,69
2021-08-19T00:00:00+00:00;XRPBEAR/USD;0,00000035;0,00000041;0,00000028;0,00000028;-25,0
2021-08-18T00:00:00+00:00;XRPBEAR/USD;0,00000042;0,00000046;0,00000032;0,00000035;-20,0
2021-08-17T00:00:00+00:00;XRPBEAR/USD;0,00000033;0,00000042;0,00000030;0,00000042;21,43
2021-08-16T00:00:00+00:00;XRPBEAR/USD;0,00000027;0,00000035;0,00000025;0,00000033;18,18
2021-08-15T00:00:00+00:00;XRPBEAR/USD;0,00000027;0,00000031;0,00000024;0,00000027;0,0
2021-08-14T00:00:00+00:00;XRPBEAR/USD;0,00000049;0,00000051;0,00000026;0,00000027;-81,48
2021-08-13T00:00:00+00:00;XRPBEAR/USD;0,00000074;0,00000077;0,00000047;0,00000049;-51,02
2021-08-12T00:00:00+00:00;XRPBEAR/USD;0,00000064;0,00000080;0,00000060;0,00000074;13,51
2021-08-11T00:00:00+00:00;XRPBEAR/USD;0,00000119;0,00000120;0,00000052;0,00000064;-85,94
2021-08-10T00:00:00+00:00;XRPBEAR/USD;0,00000139;0,00000148;0,00000116;0,00000119;-16,81
2021-08-09T00:00:00+00:00;XRPBEAR/USD;0,00000159;0,00000172;0,00000132;0,00000139;-14,39
2021-08-08T00:00:00+00:00;XRPBEAR/USD;0,00000140;0,00000163;0,00000129;0,00000159;11,95
2021-08-07T00:00:00+00:00;XRPBEAR/USD;0,00000189;0,00000193;0,00000140;0,00000140;-35,0
2021-08-06T00:00:00+00:00;XRPBEAR/USD;0,00000201;0,00000209;0,00000185;0,00000189;-6,35
2021-08-05T00:00:00+00:00;XRPBEAR/USD;0,00000205;0,00000231;0,00000199;0,00000201;-1,99
2021-08-04T00:00:00+00:00;XRPBEAR/USD;0,00000219;0,00000235;0,00000198;0,00000205;-6,83
2021-08-03T00:00:00+00:00;XRPBEAR/USD;0,00000199;0,00000230;0,00000197;0,00000219;9,13
2021-08-02T00:00:00+00:00;XRPBEAR/USD;0,00000219;0,00000226;0,00000178;0,00000199;-10,05
2021-08-01T00:00:00+00:00;XRPBEAR/USD;0,00000201;0,00000226;0,00000176;0,00000219;8,22
2021-07-31T00:00:00+00:00;XRPBEAR/USD;0,00000196;0,00000208;0,00000194;0,00000201;2,49
2021-07-30T00:00:00+00:00;XRPBEAR/USD;0,00000199;0,00000227;0,00000184;0,00000196;-1,53
2021-07-29T00:00:00+00:00;XRPBEAR/USD;0,00000215;0,00000245;0,00000187;0,00000199;-8,04
2021-07-28T00:00:00+00:00;XRPBEAR/USD;0,00000337;0,00000351;0,00000197;0,00000215;-56,74
2021-07-27T00:00:00+00:00;XRPBEAR/USD;0,00000369;0,00000388;0,00000324;0,00000337;-9,5
2021-07-26T00:00:00+00:00;XRPBEAR/USD;0,00000423;0,00000425;0,00000286;0,00000369;-14,63
2021-07-25T00:00:00+00:00;XRPBEAR/USD;0,00000419;0,00000451;0,00000413;0,00000423;0,95
2021-07-24T00:00:00+00:00;XRPBEAR/USD;0,00000417;0,00000431;0,00000394;0,00000419;0,48
2021-07-23T00:00:00+00:00;XRPBEAR/USD;0,00000459;0,00000490;0,00000416;0,00000417;-10,07
2021-07-22T00:00:00+00:00;XRPBEAR/USD;0,00000509;0,00000540;0,00000426;0,00000459;-10,89
2021-07-21T00:00:00+00:00;XRPBEAR/USD;0,00000665;0,00000698;0,00000480;0,00000509;-30,65
2021-07-20T00:00:00+00:00;XRPBEAR/USD;0,00000577;0,00000702;0,00000546;0,00000665;13,23
2021-07-19T00:00:00+00:00;XRPBEAR/USD;0,00000500;0,00000589;0,00000498;0,00000577;13,34
2021-07-18T00:00:00+00:00;XRPBEAR/USD;0,00000514;0,00000534;0,00000468;0,00000500;-2,8
2021-07-17T00:00:00+00:00;XRPBEAR/USD;0,00000495;0,00000538;0,00000481;0,00000514;3,7
2021-07-16T00:00:00+00:00;XRPBEAR/USD;0,00000476;0,00000501;0,00000433;0,00000495;3,84
2021-07-15T00:00:00+00:00;XRPBEAR/USD;0,00000436;0,00000495;0,00000422;0,00000476;8,4
2021-07-14T00:00:00+00:00;XRPBEAR/USD;0,00000437;0,00000501;0,00000425;0,00000436;-0,23
2021-07-13T00:00:00+00:00;XRPBEAR/USD;0,00000419;0,00000451;0,00000396;0,00000437;4,12
2021-07-12T00:00:00+00:00;XRPBEAR/USD;0,00000399;0,00000433;0,00000364;0,00000419;4,77
2021-07-11T00:00:00+00:00;XRPBEAR/USD;0,00000426;0,00000442;0,00000385;0,00000399;-6,77
2021-07-10T00:00:00+00:00;XRPBEAR/USD;0,00000402;0,00000444;0,00000382;0,00000426;5,63
2021-07-09T00:00:00+00:00;XRPBEAR/USD;0,00000436;0,00000494;0,00000388;0,00000402;-8,46
2021-07-08T00:00:00+00:00;XRPBEAR/USD;0,00000381;0,00000450;0,00000381;0,00000436;12,61
2021-07-07T00:00:00+00:00;XRPBEAR/USD;0,00000364;0,00000384;0,00000349;0,00000381;4,46
2021-07-06T00:00:00+00:00;XRPBEAR/USD;0,00000380;0,00000380;0,00000337;0,00000364;-4,4
2021-07-05T00:00:00+00:00;XRPBEAR/USD;0,00000316;0,00000393;0,00000316;0,00000380;16,84
2021-07-04T00:00:00+00:00;XRPBEAR/USD;0,00000358;0,00000364;0,00000300;0,00000316;-13,29
2021-07-03T00:00:00+00:00;XRPBEAR/USD;0,00000385;0,00000404;0,00000339;0,00000358;-7,54
2021-07-02T00:00:00+00:00;XRPBEAR/USD;0,00000382;0,00000424;0,00000368;0,00000385;0,78
2021-07-01T00:00:00+00:00;XRPBEAR/USD;0,00000317;0,00000397;0,00000317;0,00000382;17,02
2021-06-30T00:00:00+00:00;XRPBEAR/USD;0,00000317;0,00000391;0,00000303;0,00000317;0,0
2021-06-29T00:00:00+00:00;XRPBEAR/USD;0,00000430;0,00000430;0,00000282;0,00000317;-35,65
2021-06-28T00:00:00+00:00;XRPBEAR/USD;0,00000422;0,00000468;0,00000414;0,00000430;1,86
2021-06-27T00:00:00+00:00;XRPBEAR/USD;0,00000518;0,00000550;0,00000422;0,00000422;-22,75
2021-06-26T00:00:00+00:00;XRPBEAR/USD;0,00000519;0,00000589;0,00000470;0,00000518;-0,19
2021-06-25T00:00:00+00:00;XRPBEAR/USD;0,00000419;0,00000544;0,00000387;0,00000519;19,27
2021-06-24T00:00:00+00:00;XRPBEAR/USD;0,00000499;0,00000553;0,00000379;0,00000419;-19,09
2021-06-23T00:00:00+00:00;XRPBEAR/USD;0,00000890;0,00001000;0,00000450;0,00000499;-78,36
2021-06-22T00:00:00+00:00;XRPBEAR/USD;0,00000764;0,00001000;0,00000625;0,00000890;14,16
2021-06-21T00:00:00+00:00;XRPBEAR/USD;0,00000486;0,00000767;0,00000475;0,00000764;36,39
2021-06-20T00:00:00+00:00;XRPBEAR/USD;0,00000521;0,00000643;0,00000466;0,00000486;-7,2
2021-06-19T00:00:00+00:00;XRPBEAR/USD;0,00000457;0,00000521;0,00000440;0,00000521;12,28
2021-06-18T00:00:00+00:00;XRPBEAR/USD;0,00000393;0,00000488;0,00000389;0,00000457;14,0
2021-06-17T00:00:00+00:00;XRPBEAR/USD;0,00000401;0,00000412;0,00000363;0,00000393;-2,04
2021-06-16T00:00:00+00:00;XRPBEAR/USD;0,00000358;0,00000409;0,00000354;0,00000401;10,72
2021-06-15T00:00:00+00:00;XRPBEAR/USD;0,00000331;0,00000367;0,00000323;0,00000358;7,54
2021-06-14T00:00:00+00:00;XRPBEAR/USD;0,00000344;0,00000362;0,00000292;0,00000331;-3,93
2021-06-13T00:00:00+00:00;XRPBEAR/USD;0,00000418;0,00000439;0,00000339;0,00000344;-21,51
2021-06-12T00:00:00+00:00;XRPBEAR/USD;0,00000397;0,00000459;0,00000397;0,00000418;5,02
2021-06-11T00:00:00+00:00;XRPBEAR/USD;0,00000375;0,00000415;0,00000360;0,00000397;5,54
2021-06-10T00:00:00+00:00;XRPBEAR/USD;0,00000328;0,00000386;0,00000319;0,00000375;12,53
2021-06-09T00:00:00+00:00;XRPBEAR/USD;0,00000384;0,00000440;0,00000328;0,00000328;-17,07
2021-06-08T00:00:00+00:00;XRPBEAR/USD;0,00000405;0,00000507;0,00000371;0,00000384;-5,47
2021-06-07T00:00:00+00:00;XRPBEAR/USD;0,00000330;0,00000415;0,00000297;0,00000405;18,52
2021-06-06T00:00:00+00:00;XRPBEAR/USD;0,00000355;0,00000358;0,00000326;0,00000330;-7,58
2021-06-05T00:00:00+00:00;XRPBEAR/USD;0,00000314;0,00000378;0,00000280;0,00000355;11,55
2021-06-04T00:00:00+00:00;XRPBEAR/USD;0,00000258;0,00000347;0,00000257;0,00000314;17,83
2021-06-03T00:00:00+00:00;XRPBEAR/USD;0,00000274;0,00000283;0,00000231;0,00000258;-6,2
2021-06-02T00:00:00+00:00;XRPBEAR/USD;0,00000285;0,00000310;0,00000251;0,00000274;-4,01
2021-06-01T00:00:00+00:00;XRPBEAR/USD;0,00000262;0,00000306;0,00000221;0,00000285;8,07
2021-05-31T00:00:00+00:00;XRPBEAR/USD;0,00000426;0,00000464;0,00000255;0,00000262;-62,6
2021-05-30T00:00:00+00:00;XRPBEAR/USD;0,00000576;0,00000645;0,00000390;0,00000426;-35,21
2021-05-29T00:00:00+00:00;XRPBEAR/USD;0,00000477;0,00000641;0,00000412;0,00000576;17,19
2021-05-28T00:00:00+00:00;XRPBEAR/USD;0,00000390;0,00000542;0,00000377;0,00000477;18,24
2021-05-27T00:00:00+00:00;XRPBEAR/USD;0,00000335;0,00000424;0,00000329;0,00000390;14,1
2021-05-26T00:00:00+00:00;XRPBEAR/USD;0,00000422;0,00000432;0,00000301;0,00000335;-25,97
2021-05-25T00:00:00+00:00;XRPBEAR/USD;0,00000402;0,00000520;0,00000311;0,00000422;4,74
2021-05-24T00:00:00+00:00;XRPBEAR/USD;0,00000844;0,00000959;0,00000390;0,00000402;-109,95
2021-05-23T00:00:00+00:00;XRPBEAR/USD;0,00000695;0,00001136;0,00000527;0,00000843;17,56
2021-05-22T00:00:00+00:00;XRPBEAR/USD;0,00000512;0,00000819;0,00000502;0,00000695;26,33
2021-05-21T00:00:00+00:00;XRPBEAR/USD;0,00000365;0,00000649;0,00000340;0,00000512;28,71
2021-05-20T00:00:00+00:00;XRPBEAR/USD;0,00000533;0,00000830;0,00000303;0,00000365;-46,03
2021-05-19T00:00:00+00:00;XRPBEAR/USD;0,00000277;0,00000703;0,00000243;0,00000533;48,03
2021-05-18T00:00:00+00:00;XRPBEAR/USD;0,00000366;0,00000369;0,00000228;0,00000277;-32,13
2021-05-17T00:00:00+00:00;XRPBEAR/USD;0,00000401;0,00000512;0,00000317;0,00000366;-9,56
2021-05-16T00:00:00+00:00;XRPBEAR/USD;0,00000404;0,00000464;0,00000310;0,00000401;-0,75
2021-05-15T00:00:00+00:00;XRPBEAR/USD;0,00000495;0,00000581;0,00000334;0,00000404;-22,52
2021-05-14T00:00:00+00:00;XRPBEAR/USD;0,00000557;0,00000607;0,00000452;0,00000495;-12,53
2021-05-13T00:00:00+00:00;XRPBEAR/USD;0,00000802;0,00000851;0,00000521;0,00000557;-43,99
2021-05-12T00:00:00+00:00;XRPBEAR/USD;0,00000554;0,00000807;0,00000470;0,00000802;30,92
2021-05-11T00:00:00+00:00;XRPBEAR/USD;0,00000677;0,00000701;0,00000536;0,00000554;-22,2
2021-05-10T00:00:00+00:00;XRPBEAR/USD;0,00000525;0,00000830;0,00000432;0,00000677;22,45
2021-05-09T00:00:00+00:00;XRPBEAR/USD;0,00000489;0,00000638;0,00000461;0,00000525;6,86
2021-05-08T00:00:00+00:00;XRPBEAR/USD;0,00000475;0,00000513;0,00000436;0,00000489;2,86
2021-05-07T00:00:00+00:00;XRPBEAR/USD;0,00000462;0,00000536;0,00000380;0,00000475;2,74
2021-05-06T00:00:00+00:00;XRPBEAR/USD;0,00000484;0,00000511;0,00000360;0,00000462;-4,76
2021-05-05T00:00:00+00:00;XRPBEAR/USD;0,00000844;0,00000869;0,00000475;0,00000484;-74,38
2021-05-04T00:00:00+00:00;XRPBEAR/USD;0,00000618;0,00000904;0,00000618;0,00000844;26,78
2021-05-03T00:00:00+00:00;XRPBEAR/USD;0,00000619;0,00000668;0,00000535;0,00000618;-0,16
2021-05-02T00:00:00+00:00;XRPBEAR/USD;0,00000525;0,00000650;0,00000525;0,00000619;15,19
2021-05-01T00:00:00+00:00;XRPBEAR/USD;0,00000596;0,00000659;0,00000523;0,00000525;-13,52
2021-04-30T00:00:00+00:00;XRPBEAR/USD;0,00000937;0,00000976;0,00000550;0,00000596;-57,21
2021-04-29T00:00:00+00:00;XRPBEAR/USD;0,00001030;0,00001101;0,00000829;0,00000937;-9,93
2021-04-28T00:00:00+00:00;XRPBEAR/USD;0,00000941;0,00001188;0,00000860;0,00001030;8,64
2021-04-27T00:00:00+00:00;XRPBEAR/USD;0,00001077;0,00001127;0,00000835;0,00000941;-14,45
2021-04-26T00:00:00+00:00;XRPBEAR/USD;0,00002850;0,00002993;0,00001057;0,00001077;-164,62
2021-04-25T00:00:00+00:00;XRPBEAR/USD;0,00002996;0,00003410;0,00002120;0,00002850;-5,12
2021-04-24T00:00:00+00:00;XRPBEAR/USD;0,00002282;0,00003144;0,00002257;0,00002996;23,83
2021-04-23T00:00:00+00:00;XRPBEAR/USD;0,00002265;0,00003999;0,00002071;0,00002282;0,74
2021-04-22T00:00:00+00:00;XRPBEAR/USD;0,00001940;0,00002490;0,00001403;0,00002265;14,35
2021-04-21T00:00:00+00:00;XRPBEAR/USD;0,00001700;0,00002056;0,00001430;0,00001940;12,37
2021-04-20T00:00:00+00:00;XRPBEAR/USD;0,00002073;0,00002667;0,00001407;0,00001700;-21,94
2021-04-19T00:00:00+00:00;XRPBEAR/USD;0,00001884;0,00002275;0,00001390;0,00002073;9,12
2021-04-18T00:00:00+00:00;XRPBEAR/USD;0,00001497;0,00002732;0,00001400;0,00001884;20,54
2021-04-17T00:00:00+00:00;XRPBEAR/USD;0,00001506;0,00001580;0,00001040;0,00001497;-0,6
2021-04-16T00:00:00+00:00;XRPBEAR/USD;0,00001149;0,00001788;0,00001052;0,00001506;23,71
2021-04-15T00:00:00+00:00;XRPBEAR/USD;0,00001009;0,00001304;0,00000924;0,00001149;12,18
2021-04-14T00:00:00+00:00;XRPBEAR/USD;0,00001118;0,00001360;0,00000828;0,00001009;-10,8
2021-04-13T00:00:00+00:00;XRPBEAR/USD;0,00002269;0,00002473;0,00000957;0,00001118;-102,95
2021-04-12T00:00:00+00:00;XRPBEAR/USD;0,00002926;0,00003212;0,00002214;0,00002269;-28,96
2021-04-11T00:00:00+00:00;XRPBEAR/USD;0,00002963;0,00003193;0,00002229;0,00002926;-1,26
2021-04-10T00:00:00+00:00;XRPBEAR/USD;0,00008255;0,00008526;0,00002800;0,00002963;-178,6
2021-04-09T00:00:00+00:00;XRPBEAR/USD;0,00007417;0,00009013;0,00006836;0,00008255;10,15
2021-04-08T00:00:00+00:00;XRPBEAR/USD;0,00012080;0,00012605;0,00007096;0,00007417;-62,87
2021-04-07T00:00:00+00:00;XRPBEAR/USD;0,00008028;0,00013108;0,00007800;0,00012080;33,54
2021-04-06T00:00:00+00:00;XRPBEAR/USD;0,00015170;0,00020010;0,00007574;0,00008028;-88,96
2021-04-05T00:00:00+00:00;XRPBEAR/USD;0,00055425;0,00059000;0,00014115;0,00015170;-265,36
2021-04-04T00:00:00+00:00;XRPBEAR/USD;0,00076325;0,00077850;0,00055150;0,00055425;-37,71
2021-04-03T00:00:00+00:00;XRPBEAR/USD;0,00067300;0,00076400;0,00055850;0,00076325;11,82
2021-04-02T00:00:00+00:00;XRPBEAR/USD;0,00082000;0,00083500;0,00066225;0,00067300;-21,84
2021-04-01T00:00:00+00:00;XRPBEAR/USD;0,00082775;0,00090100;0,00071725;0,00082000;-0,95
2021-03-31T00:00:00+00:00;XRPBEAR/USD;0,00084050;0,00099100;0,00079500;0,00082775;-1,54
2021-03-30T00:00:00+00:00;XRPBEAR/USD;0,00083000;0,00086750;0,00074225;0,00084050;1,25
2021-03-29T00:00:00+00:00;XRPBEAR/USD;0,00092175;0,00093700;0,00081300;0,00083000;-11,05
2021-03-28T00:00:00+00:00;XRPBEAR/USD;0,00091800;0,00096300;0,00086900;0,00092175;0,41
2021-03-27T00:00:00+00:00;XRPBEAR/USD;0,00085600;0,00098050;0,00079500;0,00091800;6,75
2021-03-26T00:00:00+00:00;XRPBEAR/USD;0,00116000;0,00116000;0,00079425;0,00085600;-35,51
2021-03-25T00:00:00+00:00;XRPBEAR/USD;0,00144600;0,00165300;0,00106700;0,00116000;-24,66
2021-03-24T00:00:00+00:00;XRPBEAR/USD;0,00106500;0,00160800;0,00099100;0,00144600;26,35
2021-03-23T00:00:00+00:00;XRPBEAR/USD;0,00117050;0,00117050;0,00084400;0,00106500;-9,91
2021-03-22T00:00:00+00:00;XRPBEAR/USD;0,00146350;0,00157900;0,00087275;0,00117050;-25,03
2021-03-21T00:00:00+00:00;XRPBEAR/USD;0,00139250;0,00164550;0,00124050;0,00146350;4,85
2021-03-20T00:00:00+00:00;XRPBEAR/USD;0,00210800;0,00213150;0,00121600;0,00139250;-51,38
2021-03-19T00:00:00+00:00;XRPBEAR/USD;0,00209200;0,00222500;0,00202650;0,00210800;0,76
2021-03-18T00:00:00+00:00;XRPBEAR/USD;0,00207900;0,00212800;0,00180950;0,00209200;0,62
2021-03-17T00:00:00+00:00;XRPBEAR/USD;0,00221000;0,00227450;0,00188500;0,00207900;-6,3
2021-03-16T00:00:00+00:00;XRPBEAR/USD;0,00284200;0,00299700;0,00155400;0,00221000;-28,6
2021-03-15T00:00:00+00:00;XRPBEAR/USD;0,00277800;0,00305300;0,00258800;0,00284200;2,25
2021-03-14T00:00:00+00:00;XRPBEAR/USD;0,00243800;0,00279500;0,00239300;0,00277800;12,24
2021-03-13T00:00:00+00:00;XRPBEAR/USD;0,00287300;0,00298800;0,00234700;0,00243800;-17,84
2021-03-12T00:00:00+00:00;XRPBEAR/USD;0,00266800;0,00310000;0,00246300;0,00287300;7,14
2021-03-11T00:00:00+00:00;XRPBEAR/USD;0,00248600;0,00283000;0,00244200;0,00266800;6,82
2021-03-10T00:00:00+00:00;XRPBEAR/USD;0,00221150;0,00259250;0,00217100;0,00248600;11,04
2021-03-09T00:00:00+00:00;XRPBEAR/USD;0,00232500;0,00238200;0,00216900;0,00221150;-5,13
2021-03-08T00:00:00+00:00;XRPBEAR/USD;0,00249500;0,00266500;0,00210000;0,00232500;-7,31
2021-03-07T00:00:00+00:00;XRPBEAR/USD;0,00250300;0,00261100;0,00243200;0,00249500;-0,32
2021-03-06T00:00:00+00:00;XRPBEAR/USD;0,00262500;0,00274500;0,00239100;0,00250300;-4,87
2021-03-05T00:00:00+00:00;XRPBEAR/USD;0,00226900;0,00279250;0,00221850;0,00262500;13,56
2021-03-04T00:00:00+00:00;XRPBEAR/USD;0,00289500;0,00318300;0,00208900;0,00222300;-30,23
2021-03-03T00:00:00+00:00;XRPBEAR/USD;0,00335800;0,00343500;0,00259500;0,00289500;-15,99
2021-03-02T00:00:00+00:00;XRPBEAR/USD;0,00313700;0,00362000;0,00295100;0,00336200;6,69
2021-03-01T00:00:00+00:00;XRPBEAR/USD;0,00403500;0,00410300;0,00296400;0,00313700;-28,63
2021-02-28T00:00:00+00:00;XRPBEAR/USD;0,00351900;0,00455400;0,00348400;0,00403500;12,79
2021-02-27T00:00:00+00:00;XRPBEAR/USD;0,00397500;0,00398300;0,00307500;0,00351900;-12,96
2021-02-26T00:00:00+00:00;XRPBEAR/USD;0,00386800;0,00449000;0,00329800;0,00397500;2,69
2021-02-25T00:00:00+00:00;XRPBEAR/USD;0,00308700;0,00400800;0,00287500;0,00386800;20,19
2021-02-24T00:00:00+00:00;XRPBEAR/USD;0,00305900;0,00345600;0,00257800;0,00308700;0,91
2021-02-23T00:00:00+00:00;XRPBEAR/USD;0,00206200;0,00421850;0,00199950;0,00305900;32,59
2021-02-22T00:00:00+00:00;XRPBEAR/USD;0,00257500;0,00302500;0,00136300;0,00206200;-24,88
2021-02-21T00:00:00+00:00;XRPBEAR/USD;0,00324300;0,00338400;0,00232200;0,00257500;-25,94
2021-02-20T00:00:00+00:00;XRPBEAR/USD;0,00246400;0,00359800;0,00229100;0,00324300;24,02
2021-02-19T00:00:00+00:00;XRPBEAR/USD;0,00301200;0,00336000;0,00221900;0,00246400;-22,24
2021-02-18T00:00:00+00:00;XRPBEAR/USD;0,00298400;0,00314700;0,00259600;0,00301200;0,93
2021-02-17T00:00:00+00:00;XRPBEAR/USD;0,00331000;0,00382600;0,00261900;0,00298400;-10,92
2021-02-16T00:00:00+00:00;XRPBEAR/USD;0,00286600;0,00384100;0,00236200;0,00331000;13,41
2021-02-15T00:00:00+00:00;XRPBEAR/USD;0,00230200;0,00327150;0,00221500;0,00286600;19,68
2021-02-14T00:00:00+00:00;XRPBEAR/USD;0,00191600;0,00255900;0,00188250;0,00230200;16,77
2021-02-13T00:00:00+00:00;XRPBEAR/USD;0,00219500;0,00280250;0,00185350;0,00193800;-13,26
2021-02-12T00:00:00+00:00;XRPBEAR/USD;0,00365000;0,00378400;0,00207350;0,00219500;-66,29
2021-02-11T00:00:00+00:00;XRPBEAR/USD;0,00419000;0,00435300;0,00345200;0,00365000;-14,79
2021-02-10T00:00:00+00:00;XRPBEAR/USD;0,00542000;0,00564500;0,00344100;0,00419000;-29,36
2021-02-09T00:00:00+00:00;XRPBEAR/USD;0,00649500;0,00660750;0,00490300;0,00542000;-19,83
2021-02-08T00:00:00+00:00;XRPBEAR/USD;0,00887000;0,00917000;0,00580000;0,00649500;-36,57
2021-02-07T00:00:00+00:00;XRPBEAR/USD;0,00758750;0,01010500;0,00719250;0,00887000;14,46
2021-02-06T00:00:00+00:00;XRPBEAR/USD;0,00711500;0,00830250;0,00695000;0,00758750;6,23
2021-02-05T00:00:00+00:00;XRPBEAR/USD;0,00745750;0,00838250;0,00622250;0,00711500;-4,81
2021-02-04T00:00:00+00:00;XRPBEAR/USD;0,01156000;0,01315500;0,00593750;0,00745750;-55,01
2021-02-03T00:00:00+00:00;XRPBEAR/USD;0,01463500;0,01466500;0,01002500;0,01156000;-26,6
2021-02-02T00:00:00+00:00;XRPBEAR/USD;0,01590500;0,01929500;0,01102500;0,01463500;-8,68
2021-02-01T00:00:00+00:00;XRPBEAR/USD;0,02538000;0,03076000;0,00549000;0,01590500;-59,57
2021-01-31T00:00:00+00:00;XRPBEAR/USD;0,03871000;0,05266000;0,02317000;0,02538000;-52,52
2021-01-30T00:00:00+00:00;XRPBEAR/USD;0,22775000;0,22980000;0,02572000;0,03871000;-488,35
2021-01-29T00:00:00+00:00;XRPBEAR/USD;0,31020000;0,32630000;0,16195000;0,22775000;-36,2
2021-01-28T00:00:00+00:00;XRPBEAR/USD;0,37950000;0,39440000;0,29170000;0,31020000;-22,34
2021-01-27T00:00:00+00:00;XRPBEAR/USD;0,31680000;0,40280000;0,31680000;0,37950000;16,52
2021-01-26T00:00:00+00:00;XRPBEAR/USD;0,32080000;0,35480000;0,30810000;0,31680000;-1,26
2021-01-25T00:00:00+00:00;XRPBEAR/USD;0,29930000;0,32400000;0,26240000;0,32080000;6,7
2021-01-24T00:00:00+00:00;XRPBEAR/USD;0,30750000;0,31730000;0,28620000;0,29930000;-2,74
2021-01-23T00:00:00+00:00;XRPBEAR/USD;0,30420000;0,32610000;0,26660000;0,30750000;1,07
2021-01-22T00:00:00+00:00;XRPBEAR/USD;0,32240000;0,42380000;0,27940000;0,30420000;-5,98
2021-01-21T00:00:00+00:00;XRPBEAR/USD;0,25280000;0,34350000;0,22270000;0,32240000;21,59
2021-01-20T00:00:00+00:00;XRPBEAR/USD;0,25900000;0,29230000;0,20990000;0,25280000;-2,45
2021-01-19T00:00:00+00:00;XRPBEAR/USD;0,32010000;0,32240000;0,19540000;0,25900000;-23,59
2021-01-18T00:00:00+00:00;XRPBEAR/USD;0,34870000;0,36960000;0,30790000;0,32010000;-8,93
2021-01-17T00:00:00+00:00;XRPBEAR/USD;0,33960000;0,37840000;0,31690000;0,34870000;2,61
2021-01-16T00:00:00+00:00;XRPBEAR/USD;0,33440000;0,35300000;0,27680000;0,33960000;1,53
2021-01-15T00:00:00+00:00;XRPBEAR/USD;0,28880000;0,38940000;0,26650000;0,33440000;13,64
2021-01-14T00:00:00+00:00;XRPBEAR/USD;0,26600000;0,31880000;0,25210000;0,28880000;7,89
2021-01-13T00:00:00+00:00;XRPBEAR/USD;0,30830000;0,32990000;0,25270000;0,26600000;-15,9
2021-01-12T00:00:00+00:00;XRPBEAR/USD;0,33890000;0,36610000;0,26150000;0,30830000;-9,93
2021-01-11T00:00:00+00:00;XRPBEAR/USD;0,27240000;0,43800000;0,26940000;0,33890000;19,62
2021-01-10T00:00:00+00:00;XRPBEAR/USD;0,26880000;0,31530000;0,17380000;0,27240000;1,32
2021-01-09T00:00:00+00:00;XRPBEAR/USD;0,27830000;0,31710000;0,22970000;0,26880000;-3,53
2021-01-08T00:00:00+00:00;XRPBEAR/USD;0,28760000;0,34690000;0,22575000;0,27830000;-3,34
2021-01-07T00:00:00+00:00;XRPBEAR/USD;0,83050000;0,86100000;0,20640000;0,28760000;-188,77
2021-01-06T00:00:00+00:00;XRPBEAR/USD;1,27100000;1,33450000;0,64250000;0,83050000;-53,04
2021-01-05T00:00:00+00:00;XRPBEAR/USD;1,11050000;1,39200000;1,03350000;1,27100000;12,63
2021-01-04T00:00:00+00:00;XRPBEAR/USD;1,44150000;1,48150000;0,85700000;1,11050000;-29,81
2021-01-03T00:00:00+00:00;XRPBEAR/USD;1,60400000;1,71700000;1,24250000;1,44150000;-11,27
2021-01-02T00:00:00+00:00;XRPBEAR/USD;1,34300000;1,74400000;1,32150000;1,60400000;16,27
2021-01-01T00:00:00+00:00;XRPBEAR/USD;1,83500000;1,90300000;1,17750000;1,34300000;-36,63
2020-12-31T00:00:00+00:00;XRPBEAR/USD;2,17050000;2,34200000;1,60400000;1,83500000;-18,28
2020-12-30T00:00:00+00:00;XRPBEAR/USD;2,08500000;2,93750000;1,63500000;2,17050000;3,94
2020-12-29T00:00:00+00:00;XRPBEAR/USD;1,60750000;3,08350000;1,48850000;2,08500000;22,9
2020-12-28T00:00:00+00:00;XRPBEAR/USD;1,28200000;1,76600000;0,93575000;1,60750000;20,25
2020-12-27T00:00:00+00:00;XRPBEAR/USD;1,14850000;1,51050000;0,95500000;1,28200000;10,41
2020-12-26T00:00:00+00:00;XRPBEAR/USD;0,94425000;1,24000000;0,87700000;1,14850000;17,78
2020-12-25T00:00:00+00:00;XRPBEAR/USD;0,88200000;1,17275000;0,57925000;0,94425000;6,59
2020-12-24T00:00:00+00:00;XRPBEAR/USD;2,71900000;2,80800000;0,64475000;0,88200000;-208,28
2020-12-23T00:00:00+00:00;XRPBEAR/USD;1,19600000;3,08200000;1,18900000;2,71900000;56,01
2020-12-22T00:00:00+00:00;XRPBEAR/USD;0,85550000;1,41950000;0,82150000;1,19600000;28,47
2020-12-21T00:00:00+00:00;XRPBEAR/USD;0,69600000;0,91000000;0,63900000;0,85550000;18,64
2020-12-20T00:00:00+00:00;XRPBEAR/USD;0,62625000;0,78125000;0,59400000;0,69600000;10,02
2020-12-19T00:00:00+00:00;XRPBEAR/USD;0,60350000;0,65475000;0,54000000;0,62625000;3,63
2020-12-18T00:00:00+00:00;XRPBEAR/USD;0,65925000;0,74475000;0,52250000;0,60350000;-9,24
2020-12-17T00:00:00+00:00;XRPBEAR/USD;0,73150000;0,83800000;0,42625000;0,65925000;-10,96
2020-12-16T00:00:00+00:00;XRPBEAR/USD;1,44600000;1,71400000;0,71675000;0,73150000;-97,68
2020-12-15T00:00:00+00:00;XRPBEAR/USD;1,22900000;1,47500000;1,16000000;1,44600000;15,01
2020-12-14T00:00:00+00:00;XRPBEAR/USD;1,12200000;1,28000000;1,08800000;1,22900000;8,71
2020-12-13T00:00:00+00:00;XRPBEAR/USD;1,17250000;1,30500000;1,03000000;1,12200000;-4,5
2020-12-12T00:00:00+00:00;XRPBEAR/USD;1,16100000;1,27500000;0,93800000;1,17250000;0,98
2020-12-11T00:00:00+00:00;XRPBEAR/USD;0,92000000;1,16350000;0,87650000;1,16100000;20,76
2020-12-10T00:00:00+00:00;XRPBEAR/USD;0,86550000;0,99375000;0,84775000;0,92000000;5,92
2020-12-09T00:00:00+00:00;XRPBEAR/USD;1,02300000;1,31675000;0,77775000;0,86550000;-18,2
2020-12-08T00:00:00+00:00;XRPBEAR/USD;0,81825000;1,05275000;0,80900000;1,02300000;20,01
2020-12-07T00:00:00+00:00;XRPBEAR/USD;0,76625000;0,88400000;0,76025000;0,81825000;6,36
2020-12-06T00:00:00+00:00;XRPBEAR/USD;0,94850000;0,94900000;0,74375000;0,76625000;-23,78
2020-12-05T00:00:00+00:00;XRPBEAR/USD;1,15800000;1,18950000;0,89800000;0,94850000;-22,09
2020-12-04T00:00:00+00:00;XRPBEAR/USD;0,83825000;1,19700000;0,82550000;1,15800000;27,61
2020-12-03T00:00:00+00:00;XRPBEAR/USD;0,84225000;0,89625000;0,79575000;0,83825000;-0,48
2020-12-02T00:00:00+00:00;XRPBEAR/USD;0,94050000;1,00600000;0,81300000;0,84100000;-11,83
2020-12-01T00:00:00+00:00;XRPBEAR/USD;0,75325000;1,05000000;0,70000000;0,94050000;19,91
2020-11-30T00:00:00+00:00;XRPBEAR/USD;1,02550000;1,02650000;0,69525000;0,75325000;-36,14
2020-11-29T00:00:00+00:00;XRPBEAR/USD;0,93850000;1,12000000;0,88900000;1,02550000;8,48
2020-11-28T00:00:00+00:00;XRPBEAR/USD;1,38150000;1,53600000;0,85300000;0,93850000;-47,2
2020-11-27T00:00:00+00:00;XRPBEAR/USD;1,65650000;1,80000000;1,20000000;1,38150000;-19,91
2020-11-26T00:00:00+00:00;XRPBEAR/USD;1,13000000;2,14850000;1,00000000;1,65650000;31,78
2020-11-25T00:00:00+00:00;XRPBEAR/USD;0,88925000;1,34450000;0,78525000;1,13000000;21,31
2020-11-24T00:00:00+00:00;XRPBEAR/USD;1,43050000;1,66450000;0,63000000;0,88925000;-60,87
2020-11-23T00:00:00+00:00;XRPBEAR/USD;4,24900000;4,64700000;1,37200000;1,43050000;-197,03
2020-11-22T00:00:00+00:00;XRPBEAR/USD;3,92300000;5,11800000;3,13800000;4,24900000;7,67
2020-11-21T00:00:00+00:00;XRPBEAR/USD;12,70500000;12,71000000;3,80800000;3,92300000;-223,86
2020-11-20T00:00:00+00:00;XRPBEAR/USD;16,69000000;17,75500000;12,58000000;12,70500000;-31,37
2020-11-19T00:00:00+00:00;XRPBEAR/USD;18,62000000;20,35000000;16,08500000;16,69000000;-11,56
2020-11-18T00:00:00+00:00;XRPBEAR/USD;17,09500000;20,62500000;16,11000000;18,62000000;8,19
2020-11-17T00:00:00+00:00;XRPBEAR/USD;20,05500000;20,19500000;16,58000000;17,09500000;-17,32
2020-11-16T00:00:00+00:00;XRPBEAR/USD;25,16000000;25,74000000;19,75000000;20,05500000;-25,45
2020-11-15T00:00:00+00:00;XRPBEAR/USD;25,62000000;26,73500000;23,18500000;25,16000000;-1,83
2020-11-14T00:00:00+00:00;XRPBEAR/USD;26,33000000;27,57000000;22,93000000;25,62000000;-2,77
2020-11-13T00:00:00+00:00;XRPBEAR/USD;30,15000000;30,39000000;26,33000000;26,33000000;-14,51
2020-11-12T00:00:00+00:00;XRPBEAR/USD;29,68000000;30,89000000;29,03000000;30,15000000;1,56
2020-11-11T00:00:00+00:00;XRPBEAR/USD;30,56000000;30,89000000;28,35000000;29,68000000;-2,96
2020-11-10T00:00:00+00:00;XRPBEAR/USD;31,82000000;32,62000000;26,43000000;30,56000000;-4,12
2020-11-09T00:00:00+00:00;XRPBEAR/USD;30,70000000;33,46000000;29,76000000;31,82000000;3,52
2020-11-08T00:00:00+00:00;XRPBEAR/USD;32,75000000;33,03000000;29,38000000;30,70000000;-6,68
2020-11-07T00:00:00+00:00;XRPBEAR/USD;29,30000000;34,18000000;26,32000000;32,75000000;10,53
2020-11-06T00:00:00+00:00;XRPBEAR/USD;34,90000000;35,03000000;28,12000000;29,30000000;-19,11
2020-11-05T00:00:00+00:00;XRPBEAR/USD;38,71000000;38,88000000;34,10000000;34,90000000;-10,92
2020-11-04T00:00:00+00:00;XRPBEAR/USD;37,82000000;41,32000000;37,45000000;38,71000000;2,3
2020-11-03T00:00:00+00:00;XRPBEAR/USD;40,20000000;43,80000000;35,81000000;37,82000000;-6,29
2020-11-02T00:00:00+00:00;XRPBEAR/USD;38,12000000;41,29000000;35,79000000;40,20000000;5,17
2020-11-01T00:00:00+00:00;XRPBEAR/USD;38,10000000;39,59000000;37,31000000;38,12000000;0,05
2020-10-31T00:00:00+00:00;XRPBEAR/USD;38,54000000;39,16000000;36,39000000;38,10000000;-1,15
2020-10-30T00:00:00+00:00;XRPBEAR/USD;37,07000000;42,31000000;36,39000000;38,54000000;3,81
2020-10-29T00:00:00+00:00;XRPBEAR/USD;35,76000000;38,29000000;35,16000000;37,07000000;3,53
2020-10-28T00:00:00+00:00;XRPBEAR/USD;32,84000000;36,15000000;31,49000000;35,76000000;8,17
2020-10-27T00:00:00+00:00;XRPBEAR/USD;34,82000000;35,06000000;32,31000000;32,84000000;-6,03
2020-10-26T00:00:00+00:00;XRPBEAR/USD;32,98000000;36,76000000;30,66000000;34,82000000;5,28
2020-10-25T00:00:00+00:00;XRPBEAR/USD;31,88000000;33,76000000;31,48000000;32,98000000;3,34
2020-10-24T00:00:00+00:00;XRPBEAR/USD;32,28000000;33,24000000;31,24000000;31,88000000;-1,25
2020-10-23T00:00:00+00:00;XRPBEAR/USD;31,35000000;33,94000000;30,68000000;32,28000000;2,88
2020-10-22T00:00:00+00:00;XRPBEAR/USD;34,12000000;34,12000000;28,78000000;31,35000000;-8,84
2020-10-21T00:00:00+00:00;XRPBEAR/USD;37,86000000;38,10000000;32,17000000;34,12000000;-10,96
2020-10-20T00:00:00+00:00;XRPBEAR/USD;36,86000000;38,71000000;34,92000000;37,86000000;2,64
2020-10-19T00:00:00+00:00;XRPBEAR/USD;38,69000000;39,50000000;35,20000000;36,86000000;-4,96
2020-10-18T00:00:00+00:00;XRPBEAR/USD;39,46000000;39,55000000;37,99000000;38,69000000;-1,99
2020-10-17T00:00:00+00:00;XRPBEAR/USD;39,68000000;40,28000000;38,27000000;39,46000000;-0,56
2020-10-16T00:00:00+00:00;XRPBEAR/USD;37,19000000;40,78000000;36,23000000;39,68000000;6,28
2020-10-15T00:00:00+00:00;XRPBEAR/USD;35,79000000;38,26000000;35,25000000;37,19000000;3,76
2020-10-14T00:00:00+00:00;XRPBEAR/USD;32,93000000;36,92000000;32,18000000;35,79000000;7,99
2020-10-13T00:00:00+00:00;XRPBEAR/USD;33,04000000;34,33000000;31,61000000;32,93000000;-0,33
2020-10-12T00:00:00+00:00;XRPBEAR/USD;33,26000000;35,71000000;32,18000000;33,04000000;-0,67
2020-10-11T00:00:00+00:00;XRPBEAR/USD;33,64000000;33,86000000;32,08000000;33,26000000;-1,14
2020-10-10T00:00:00+00:00;XRPBEAR/USD;34,13000000;34,15000000;31,17000000;33,64000000;-1,46
2020-10-09T00:00:00+00:00;XRPBEAR/USD;34,71000000;35,36000000;32,58000000;34,13000000;-1,7
2020-10-08T00:00:00+00:00;XRPBEAR/USD;35,97000000;38,60000000;34,14000000;34,71000000;-3,63
2020-10-07T00:00:00+00:00;XRPBEAR/USD;37,36000000;39,45000000;34,73000000;35,97000000;-3,86
2020-10-06T00:00:00+00:00;XRPBEAR/USD;35,44000000;39,51000000;31,75000000;37,36000000;5,14
2020-10-05T00:00:00+00:00;XRPBEAR/USD;36,43000000;37,04000000;33,70000000;35,44000000;-2,79
2020-10-04T00:00:00+00:00;XRPBEAR/USD;45,27000000;45,96000000;35,55000000;36,43000000;-24,27
2020-10-03T00:00:00+00:00;XRPBEAR/USD;44,87000000;45,41000000;44,19000000;45,27000000;0,88
2020-10-02T00:00:00+00:00;XRPBEAR/USD;42,50000000;47,60000000;41,95000000;44,87000000;5,28
2020-10-01T00:00:00+00:00;XRPBEAR/USD;40,59000000;44,69000000;39,34000000;42,50000000;4,49
2020-09-30T00:00:00+00:00;XRPBEAR/USD;40,04000000;42,69000000;40,03000000;40,59000000;1,36
2020-09-29T00:00:00+00:00;XRPBEAR/USD;41,10000000;42,35000000;38,26000000;40,04000000;-2,65
2020-09-28T00:00:00+00:00;XRPBEAR/USD;40,00000000;41,55000000;37,67000000;41,10000000;2,68
2020-09-27T00:00:00+00:00;XRPBEAR/USD;40,89000000;42,89000000;39,42000000;40,00000000;-2,23
2020-09-26T00:00:00+00:00;XRPBEAR/USD;41,17000000;42,79000000;38,99000000;40,89000000;-0,68
2020-09-25T00:00:00+00:00;XRPBEAR/USD;46,82500000;48,14000000;39,32000000;41,17000000;-13,74
2020-09-24T00:00:00+00:00;XRPBEAR/USD;55,97500000;57,05000000;46,05000000;46,82500000;-19,54
2020-09-23T00:00:00+00:00;XRPBEAR/USD;48,85000000;56,48000000;47,44000000;55,97500000;12,73
2020-09-22T00:00:00+00:00;XRPBEAR/USD;50,39000000;51,18000000;47,88000000;48,85000000;-3,15
2020-09-21T00:00:00+00:00;XRPBEAR/USD;42,47000000;51,31000000;41,52000000;50,39000000;15,72
2020-09-20T00:00:00+00:00;XRPBEAR/USD;40,09000000;44,27000000;40,09000000;42,47000000;5,6
2020-09-19T00:00:00+00:00;XRPBEAR/USD;40,42000000;41,83000000;38,43000000;40,09000000;-0,82
2020-09-18T00:00:00+00:00;XRPBEAR/USD;39,78000000;42,26000000;38,17000000;40,42000000;1,58
2020-09-17T00:00:00+00:00;XRPBEAR/USD;42,40000000;42,61000000;36,53000000;39,78000000;-6,59
2020-09-16T00:00:00+00:00;XRPBEAR/USD;44,76000000;49,56000000;40,24000000;42,35000000;-5,69
2020-09-15T00:00:00+00:00;XRPBEAR/USD;43,31000000;45,05000000;41,51000000;44,76000000;3,24
2020-09-14T00:00:00+00:00;XRPBEAR/USD;45,72000000;47,23000000;41,94000000;43,31000000;-5,56
2020-09-13T00:00:00+00:00;XRPBEAR/USD;42,90000000;47,89000000;39,89000000;45,72000000;6,17
2020-09-12T00:00:00+00:00;XRPBEAR/USD;45,57000000;46,92000000;42,20000000;42,90000000;-6,22
2020-09-11T00:00:00+00:00;XRPBEAR/USD;45,40000000;48,72000000;44,76000000;45,57000000;0,37
2020-09-10T00:00:00+00:00;XRPBEAR/USD;47,84000000;48,00000000;42,19000000;45,40000000;-5,37
2020-09-09T00:00:00+00:00;XRPBEAR/USD;49,59000000;51,71000000;45,65000000;47,84000000;-3,66
2020-09-08T00:00:00+00:00;XRPBEAR/USD;46,41000000;52,55000000;45,66000000;49,59000000;6,41
2020-09-07T00:00:00+00:00;XRPBEAR/USD;48,04000000;53,71000000;46,17000000;46,41000000;-3,51
2020-09-06T00:00:00+00:00;XRPBEAR/USD;50,40000000;54,69000000;45,87000000;48,04000000;-4,91
2020-09-05T00:00:00+00:00;XRPBEAR/USD;41,99000000;53,24000000;39,40000000;50,40000000;16,69
2020-09-04T00:00:00+00:00;XRPBEAR/USD;49,37000000;51,33000000;36,93000000;41,99000000;-17,58
2020-09-03T00:00:00+00:00;XRPBEAR/USD;36,85000000;50,91000000;36,26000000;49,37000000;25,36
2020-09-02T00:00:00+00:00;XRPBEAR/USD;31,25000000;41,07000000;28,03000000;36,85000000;15,2
2020-09-01T00:00:00+00:00;XRPBEAR/USD;36,53000000;38,80000000;29,71000000;31,25000000;-16,9
2020-08-31T00:00:00+00:00;XRPBEAR/USD;36,12000000;37,62000000;35,25000000;36,53000000;1,12
2020-08-30T00:00:00+00:00;XRPBEAR/USD;40,02000000;40,02000000;35,69000000;36,12000000;-10,8
2020-08-29T00:00:00+00:00;XRPBEAR/USD;41,35000000;42,21000000;38,72000000;40,02000000;-3,32
2020-08-28T00:00:00+00:00;XRPBEAR/USD;45,59000000;47,47000000;40,66000000;41,35000000;-10,25
2020-08-27T00:00:00+00:00;XRPBEAR/USD;40,17000000;49,81000000;39,28000000;45,59000000;11,89
2020-08-26T00:00:00+00:00;XRPBEAR/USD;40,46000000;41,22000000;38,36000000;40,17000000;-0,72
2020-08-25T00:00:00+00:00;XRPBEAR/USD;36,10000000;42,85000000;35,60000000;40,46000000;10,78
2020-08-24T00:00:00+00:00;XRPBEAR/USD;37,43000000;38,33000000;34,66000000;36,10000000;-3,68
2020-08-23T00:00:00+00:00;XRPBEAR/USD;37,28000000;40,28000000;36,25000000;37,43000000;0,4
2020-08-22T00:00:00+00:00;XRPBEAR/USD;40,57000000;42,71000000;37,03000000;37,28000000;-8,83
2020-08-21T00:00:00+00:00;XRPBEAR/USD;35,73000000;41,34000000;34,52000000;40,57000000;11,93
2020-08-20T00:00:00+00:00;XRPBEAR/USD;36,78000000;38,47000000;34,87000000;35,73000000;-2,94
2020-08-19T00:00:00+00:00;XRPBEAR/USD;32,59000000;40,18000000;31,42000000;36,78000000;11,39
2020-08-18T00:00:00+00:00;XRPBEAR/USD;28,74000000;33,78000000;27,19000000;32,59000000;11,81
2020-08-17T00:00:00+00:00;XRPBEAR/USD;33,33000000;35,41000000;25,97000000;28,74000000;-15,97
2020-08-16T00:00:00+00:00;XRPBEAR/USD;35,00000000;37,53000000;33,12000000;33,33000000;-5,01
2020-08-15T00:00:00+00:00;XRPBEAR/USD;34,57000000;37,01000000;32,78000000;35,00000000;1,23
2020-08-14T00:00:00+00:00;XRPBEAR/USD;37,88000000;38,77000000;32,22000000;34,57000000;-9,57
2020-08-13T00:00:00+00:00;XRPBEAR/USD;43,74000000;48,09000000;37,36000000;37,88000000;-15,47
2020-08-12T00:00:00+00:00;XRPBEAR/USD;43,54000000;47,72000000;41,86000000;43,74000000;0,46
2020-08-11T00:00:00+00:00;XRPBEAR/USD;39,06000000;48,81000000;34,00000000;43,54000000;10,29
2020-08-10T00:00:00+00:00;XRPBEAR/USD;41,88000000;42,32000000;36,43000000;39,06000000;-7,22
2020-08-09T00:00:00+00:00;XRPBEAR/USD;39,12000000;44,12000000;37,90000000;41,88000000;6,59
2020-08-08T00:00:00+00:00;XRPBEAR/USD;39,65000000;41,06000000;37,39000000;39,12000000;-1,35
2020-08-07T00:00:00+00:00;XRPBEAR/USD;36,22000000;45,06000000;33,79000000;39,65000000;8,65
2020-08-06T00:00:00+00:00;XRPBEAR/USD;36,47000000;38,26000000;33,49000000;36,22000000;-0,69
2020-08-05T00:00:00+00:00;XRPBEAR/USD;37,03000000;40,43000000;34,42000000;36,47000000;-1,54
2020-08-04T00:00:00+00:00;XRPBEAR/USD;34,12000000;40,10000000;31,07000000;37,03000000;7,86
2020-08-03T00:00:00+00:00;XRPBEAR/USD;44,52000000;45,44000000;30,75000000;34,12000000;-30,48
2020-08-02T00:00:00+00:00;XRPBEAR/USD;45,77000000;49,40000000;31,00000000;44,52000000;-2,81
2020-08-01T00:00:00+00:00;XRPBEAR/USD;68,97500000;71,50000000;42,47000000;45,77000000;-50,7
2020-07-31T00:00:00+00:00;XRPBEAR/USD;84,42500000;86,85000000;68,32500000;68,97500000;-22,4
2020-07-30T00:00:00+00:00;XRPBEAR/USD;85,35000000;94,50000000;78,87500000;84,42500000;-1,1
2020-07-29T00:00:00+00:00;XRPBEAR/USD;103,12500000;104,42500000;78,77500000;85,35000000;-20,83
2020-07-28T00:00:00+00:00;XRPBEAR/USD;111,95000000;122,65000000;97,25000000;103,12500000;-8,56
2020-07-27T00:00:00+00:00;XRPBEAR/USD;128,60000000;139,80000000;103,85000000;111,95000000;-14,87
2020-07-26T00:00:00+00:00;XRPBEAR/USD;129,70000000;132,65000000;111,10000000;128,60000000;-0,86
2020-07-25T00:00:00+00:00;XRPBEAR/USD;156,00000000;156,50000000;124,85000000;129,70000000;-20,28
2020-07-24T00:00:00+00:00;XRPBEAR/USD;146,70000000;159,80000000;146,00000000;156,00000000;5,96
2020-07-23T00:00:00+00:00;XRPBEAR/USD;156,70000000;164,40000000;141,90000000;146,70000000;-6,82
2020-07-22T00:00:00+00:00;XRPBEAR/USD;168,20000000;177,00000000;155,00000000;156,70000000;-7,34
2020-07-21T00:00:00+00:00;XRPBEAR/USD;181,60000000;183,50000000;164,25000000;168,20000000;-7,97
2020-07-20T00:00:00+00:00;XRPBEAR/USD;168,85000000;188,30000000;168,15000000;181,60000000;7,02
2020-07-19T00:00:00+00:00;XRPBEAR/USD;168,90000000;178,60000000;163,25000000;168,85000000;-0,03
2020-07-18T00:00:00+00:00;XRPBEAR/USD;184,10000000;185,50000000;162,95000000;168,90000000;-9,0
2020-07-17T00:00:00+00:00;XRPBEAR/USD;184,65000000;193,55000000;174,50000000;184,10000000;-0,3
2020-07-16T00:00:00+00:00;XRPBEAR/USD;177,20000000;199,95000000;176,80000000;184,65000000;4,03
2020-07-15T00:00:00+00:00;XRPBEAR/USD;172,10000000;179,15000000;170,55000000;177,20000000;2,88
2020-07-14T00:00:00+00:00;XRPBEAR/USD;173,65000000;182,90000000;171,10000000;172,10000000;-0,9
2020-07-13T00:00:00+00:00;XRPBEAR/USD;167,35000000;188,30000000;154,50000000;173,65000000;3,63
2020-07-12T00:00:00+00:00;XRPBEAR/USD;166,95000000;175,40000000;160,50000000;167,35000000;0,24
2020-07-11T00:00:00+00:00;XRPBEAR/USD;172,80000000;175,05000000;158,05000000;166,95000000;-3,5
2020-07-10T00:00:00+00:00;XRPBEAR/USD;164,05000000;188,15000000;164,05000000;172,80000000;5,06
2020-07-09T00:00:00+00:00;XRPBEAR/USD;157,25000000;176,10000000;142,75000000;164,05000000;4,15
2020-07-08T00:00:00+00:00;XRPBEAR/USD;224,20000000;228,60000000;154,25000000;157,25000000;-42,58
2020-07-07T00:00:00+00:00;XRPBEAR/USD;211,20000000;231,50000000;209,05000000;224,20000000;5,8
2020-07-06T00:00:00+00:00;XRPBEAR/USD;264,30000000;266,10000000;210,15000000;211,20000000;-25,14
2020-07-05T00:00:00+00:00;XRPBEAR/USD;260,40000000;278,30000000;256,70000000;264,30000000;1,48
2020-07-04T00:00:00+00:00;XRPBEAR/USD;268,20000000;269,80000000;253,30000000;260,40000000;-3,0
2020-07-03T00:00:00+00:00;XRPBEAR/USD;275,30000000;277,10000000;258,10000000;268,20000000;-2,65
2020-07-02T00:00:00+00:00;XRPBEAR/USD;267,40000000;287,00000000;264,80000000;275,30000000;2,87
2020-07-01T00:00:00+00:00;XRPBEAR/USD;273,40000000;281,00000000;260,40000000;267,40000000;-2,24
2020-06-30T00:00:00+00:00;XRPBEAR/USD;265,30000000;275,90000000;264,00000000;273,40000000;2,96
2020-06-29T00:00:00+00:00;XRPBEAR/USD;267,90000000;276,50000000;256,80000000;265,30000000;-0,98
2020-06-28T00:00:00+00:00;XRPBEAR/USD;277,60000000;286,90000000;254,90000000;267,90000000;-3,62
2020-06-27T00:00:00+00:00;XRPBEAR/USD;247,40000000;303,20000000;244,20000000;277,60000000;10,88
2020-06-26T00:00:00+00:00;XRPBEAR/USD;252,10000000;264,80000000;230,90000000;247,40000000;-1,9
2020-06-25T00:00:00+00:00;XRPBEAR/USD;245,90000000;265,40000000;244,00000000;252,10000000;2,46
2020-06-24T00:00:00+00:00;XRPBEAR/USD;225,80000000;254,00000000;221,95000000;245,90000000;8,17
2020-06-23T00:00:00+00:00;XRPBEAR/USD;224,55000000;228,25000000;220,80000000;225,80000000;0,55
2020-06-22T00:00:00+00:00;XRPBEAR/USD;239,60000000;239,80000000;221,20000000;224,55000000;-6,7
2020-06-21T00:00:00+00:00;XRPBEAR/USD;231,35000000;240,00000000;229,80000000;239,60000000;3,44
2020-06-20T00:00:00+00:00;XRPBEAR/USD;236,10000000;243,20000000;228,80000000;231,35000000;-2,05
2020-06-19T00:00:00+00:00;XRPBEAR/USD;226,00000000;237,80000000;224,70000000;236,10000000;4,28
2020-06-18T00:00:00+00:00;XRPBEAR/USD;215,70000000;231,40000000;215,40000000;226,00000000;4,56
2020-06-17T00:00:00+00:00;XRPBEAR/USD;218,00000000;230,45000000;197,15000000;215,70000000;-1,07
2020-06-16T00:00:00+00:00;XRPBEAR/USD;218,55000000;225,45000000;211,75000000;218,00000000;-0,25
2020-06-15T00:00:00+00:00;XRPBEAR/USD;226,05000000;255,45000000;214,90000000;218,55000000;-3,43
2020-06-14T00:00:00+00:00;XRPBEAR/USD;218,60000000;231,20000000;218,25000000;226,05000000;3,3
2020-06-13T00:00:00+00:00;XRPBEAR/USD;217,50000000;223,80000000;214,55000000;218,60000000;0,5
2020-06-12T00:00:00+00:00;XRPBEAR/USD;236,90000000;240,90000000;210,05000000;217,50000000;-8,92
2020-06-11T00:00:00+00:00;XRPBEAR/USD;195,30000000;250,85000000;192,70000000;236,90000000;17,56
2020-06-10T00:00:00+00:00;XRPBEAR/USD;198,40000000;206,90000000;191,00000000;195,30000000;-1,59
2020-06-09T00:00:00+00:00;XRPBEAR/USD;191,05000000;202,90000000;188,50000000;198,40000000;3,7
2020-06-08T00:00:00+00:00;XRPBEAR/USD;193,40000000;199,10000000;190,75000000;191,05000000;-1,23
2020-06-07T00:00:00+00:00;XRPBEAR/USD;192,60000000;207,50000000;189,75000000;193,40000000;0,41
2020-06-06T00:00:00+00:00;XRPBEAR/USD;195,80000000;200,50000000;190,50000000;192,60000000;-1,66
2020-06-05T00:00:00+00:00;XRPBEAR/USD;191,05000000;199,55000000;187,45000000;195,80000000;2,43
2020-06-04T00:00:00+00:00;XRPBEAR/USD;191,85000000;202,30000000;184,10000000;191,05000000;-0,42
2020-06-03T00:00:00+00:00;XRPBEAR/USD;195,60000000;201,60000000;190,65000000;191,85000000;-1,95
2020-06-02T00:00:00+00:00;XRPBEAR/USD;173,45000000;216,30000000;166,10000000;195,60000000;11,32
2020-06-01T00:00:00+00:00;XRPBEAR/USD;203,95000000;206,70000000;170,00000000;173,45000000;-17,58
2020-05-31T00:00:00+00:00;XRPBEAR/USD;189,05000000;208,80000000;172,25000000;203,95000000;7,31
2020-05-30T00:00:00+00:00;XRPBEAR/USD;222,55000000;227,05000000;187,75000000;189,05000000;-17,72
2020-05-29T00:00:00+00:00;XRPBEAR/USD;213,05000000;225,25000000;204,95000000;222,55000000;4,27
2020-05-28T00:00:00+00:00;XRPBEAR/USD;222,55000000;232,00000000;211,20000000;213,05000000;-4,46
2020-05-27T00:00:00+00:00;XRPBEAR/USD;237,80000000;238,00000000;213,90000000;222,55000000;-6,85
2020-05-26T00:00:00+00:00;XRPBEAR/USD;230,85000000;246,10000000;227,85000000;237,80000000;2,92
2020-05-25T00:00:00+00:00;XRPBEAR/USD;246,60000000;256,30000000;226,90000000;230,85000000;-6,82
2020-05-24T00:00:00+00:00;XRPBEAR/USD;224,80000000;247,15000000;216,50000000;246,60000000;8,84
2020-05-23T00:00:00+00:00;XRPBEAR/USD;221,20000000;227,15000000;214,40000000;224,80000000;1,6
2020-05-22T00:00:00+00:00;XRPBEAR/USD;244,30000000;252,10000000;213,30000000;221,20000000;-10,44
2020-05-21T00:00:00+00:00;XRPBEAR/USD;220,50000000;260,95000000;215,85000000;244,30000000;9,74
2020-05-20T00:00:00+00:00;XRPBEAR/USD;210,40000000;233,05000000;206,60000000;220,50000000;4,58
2020-05-19T00:00:00+00:00;XRPBEAR/USD;209,25000000;222,55000000;205,40000000;210,40000000;0,55
2020-05-18T00:00:00+00:00;XRPBEAR/USD;223,00000000;223,00000000;199,90000000;209,25000000;-6,57
2020-05-17T00:00:00+00:00;XRPBEAR/USD;227,80000000;231,00000000;210,35000000;223,00000000;-2,15
2020-05-16T00:00:00+00:00;XRPBEAR/USD;235,60000000;239,35000000;220,25000000;227,80000000;-3,42
2020-05-15T00:00:00+00:00;XRPBEAR/USD;217,05000000;243,75000000;214,90000000;235,60000000;7,87
2020-05-14T00:00:00+00:00;XRPBEAR/USD;224,10000000;234,80000000;209,00000000;217,05000000;-3,25
2020-05-13T00:00:00+00:00;XRPBEAR/USD;242,50000000;246,80000000;216,50000000;224,10000000;-8,21
2020-05-12T00:00:00+00:00;XRPBEAR/USD;261,00000000;264,90000000;231,90000000;242,50000000;-7,63
2020-05-11T00:00:00+00:00;XRPBEAR/USD;243,80000000;289,50000000;232,80000000;261,00000000;6,59
2020-05-10T00:00:00+00:00;XRPBEAR/USD;192,95000000;300,15000000;192,95000000;243,80000000;20,86
2020-05-09T00:00:00+00:00;XRPBEAR/USD;186,80000000;194,55000000;170,05000000;192,95000000;3,19
2020-05-08T00:00:00+00:00;XRPBEAR/USD;186,70000000;197,25000000;177,35000000;186,80000000;0,05
2020-05-07T00:00:00+00:00;XRPBEAR/USD;208,45000000;214,65000000;180,00000000;186,70000000;-11,65
2020-05-06T00:00:00+00:00;XRPBEAR/USD;195,65000000;212,10000000;179,75000000;208,45000000;6,14
2020-05-05T00:00:00+00:00;XRPBEAR/USD;192,15000000;204,60000000;181,60000000;195,65000000;1,79
2020-05-04T00:00:00+00:00;XRPBEAR/USD;188,80000000;219,65000000;186,30000000;192,15000000;1,74
2020-05-03T00:00:00+00:00;XRPBEAR/USD;178,60000000;198,25000000;171,55000000;188,80000000;5,4
2020-05-02T00:00:00+00:00;XRPBEAR/USD;194,00000000;199,95000000;173,35000000;178,60000000;-8,62
2020-05-01T00:00:00+00:00;XRPBEAR/USD;214,00000000;214,30000000;175,30000000;194,00000000;-10,31
2020-04-30T00:00:00+00:00;XRPBEAR/USD;177,00000000;220,60000000;155,70000000;214,00000000;17,29
2020-04-29T00:00:00+00:00;XRPBEAR/USD;217,20000000;218,35000000;166,80000000;177,00000000;-22,71
2020-04-28T00:00:00+00:00;XRPBEAR/USD;288,30000000;300,10000000;205,95000000;217,20000000;-32,73
2020-04-27T00:00:00+00:00;XRPBEAR/USD;295,20000000;302,50000000;279,40000000;288,30000000;-2,39
2020-04-26T00:00:00+00:00;XRPBEAR/USD;306,50000000;314,90000000;289,00000000;295,20000000;-3,83
2020-04-25T00:00:00+00:00;XRPBEAR/USD;311,10000000;317,80000000;289,10000000;306,50000000;-1,5
2020-04-24T00:00:00+00:00;XRPBEAR/USD;314,90000000;315,70000000;292,10000000;311,10000000;-1,22
2020-04-23T00:00:00+00:00;XRPBEAR/USD;338,40000000;350,90000000;277,20000000;314,90000000;-7,46
2020-04-22T00:00:00+00:00;XRPBEAR/USD;367,10000000;374,00000000;329,20000000;338,60000000;-8,42
2020-04-21T00:00:00+00:00;XRPBEAR/USD;379,10000000;381,40000000;348,80000000;367,10000000;-3,27
2020-04-20T00:00:00+00:00;XRPBEAR/USD;339,50000000;398,00000000;309,20000000;379,10000000;10,45
2020-04-19T00:00:00+00:00;XRPBEAR/USD;311,10000000;346,20000000;306,50000000;339,50000000;8,37
2020-04-18T00:00:00+00:00;XRPBEAR/USD;347,40000000;348,00000000;301,70000000;311,10000000;-11,67
2020-04-17T00:00:00+00:00;XRPBEAR/USD;339,20000000;359,90000000;330,90000000;347,40000000;2,36
2020-04-16T00:00:00+00:00;XRPBEAR/USD;416,20000000;459,70000000;325,00000000;339,20000000;-22,7
2020-04-15T00:00:00+00:00;XRPBEAR/USD;381,90000000;418,70000000;358,00000000;416,20000000;8,24
2020-04-14T00:00:00+00:00;XRPBEAR/USD;372,40000000;398,00000000;365,10000000;381,90000000;2,49
2020-04-13T00:00:00+00:00;XRPBEAR/USD;364,80000000;420,50000000;363,80000000;372,40000000;2,04
2020-04-12T00:00:00+00:00;XRPBEAR/USD;372,90000000;383,70000000;328,10000000;364,80000000;-2,22
2020-04-11T00:00:00+00:00;XRPBEAR/USD;379,70000000;392,50000000;350,40000000;372,90000000;-1,82
2020-04-10T00:00:00+00:00;XRPBEAR/USD;326,60000000;410,80000000;323,70000000;379,70000000;13,98
2020-04-09T00:00:00+00:00;XRPBEAR/USD;311,60000000;347,40000000;308,60000000;326,50000000;4,56
2020-04-08T00:00:00+00:00;XRPBEAR/USD;366,50000000;370,90000000;307,40000000;311,60000000;-17,62
2020-04-07T00:00:00+00:00;XRPBEAR/USD;336,40000000;380,80000000;302,40000000;366,50000000;8,21
2020-04-06T00:00:00+00:00;XRPBEAR/USD;479,40000000;480,90000000;336,40000000;336,50000000;-42,47
2020-04-05T00:00:00+00:00;XRPBEAR/USD;461,40000000;499,20000000;456,70000000;479,40000000;3,75
2020-04-04T00:00:00+00:00;XRPBEAR/USD;478,60000000;492,80000000;445,00000000;461,40000000;-3,73
2020-04-03T00:00:00+00:00;XRPBEAR/USD;490,80000000;509,00000000;453,90000000;478,60000000;-2,55
2020-04-02T00:00:00+00:00;XRPBEAR/USD;517,50000000;524,00000000;418,70000000;490,80000000;-5,44
2020-04-01T00:00:00+00:00;XRPBEAR/USD;533,20000000;584,75000000;509,00000000;517,50000000;-3,03
2020-03-31T00:00:00+00:00;XRPBEAR/USD;561,50000000;567,00000000;492,00000000;532,90000000;-5,37
2020-03-30T00:00:00+00:00;XRPBEAR/USD;681,50000000;684,00000000;517,25000000;561,50000000;-21,37
2020-03-29T00:00:00+00:00;XRPBEAR/USD;562,50000000;688,25000000;544,00000000;681,50000000;17,46
2020-03-28T00:00:00+00:00;XRPBEAR/USD;601,00000000;666,50000000;514,75000000;562,50000000;-6,84
2020-03-27T00:00:00+00:00;XRPBEAR/USD;569,00000000;632,50000000;466,25000000;601,00000000;5,32
2020-03-26T00:00:00+00:00;XRPBEAR/USD;776,50000000;796,50000000;556,00000000;569,00000000;-36,47
2020-03-25T00:00:00+00:00;XRPBEAR/USD;768,00000000;847,75000000;723,00000000;776,50000000;1,09
2020-03-24T00:00:00+00:00;XRPBEAR/USD;834,50000000;847,25000000;748,25000000;768,00000000;-8,66
2020-03-23T00:00:00+00:00;XRPBEAR/USD;1110,50000000;1161,50000000;781,75000000;834,50000000;-33,07
2020-03-22T00:00:00+00:00;XRPBEAR/USD;933,75000000;1139,00000000;865,25000000;1110,50000000;15,92
2020-03-21T00:00:00+00:00;XRPBEAR/USD;966,75000000;1054,00000000;862,25000000;932,50000000;-3,67
2020-03-20T00:00:00+00:00;XRPBEAR/USD;837,25000000;1149,50000000;682,00000000;966,75000000;13,4
2020-03-19T00:00:00+00:00;XRPBEAR/USD;1281,00000000;1350,00000000;725,25000000;837,25000000;-53,0
2020-03-18T00:00:00+00:00;XRPBEAR/USD;1294,00000000;1473,50000000;1235,50000000;1281,00000000;-1,01
2020-03-17T00:00:00+00:00;XRPBEAR/USD;1549,00000000;1583,00000000;1174,00000000;1294,00000000;-19,71
2020-03-16T00:00:00+00:00;XRPBEAR/USD;1242,00000000;1897,50000000;1240,00000000;1549,00000000;19,82
2020-03-15T00:00:00+00:00;XRPBEAR/USD;1500,50000000;1535,00000000;982,00000000;1242,00000000;-20,81
2020-03-14T00:00:00+00:00;XRPBEAR/USD;1194,50000000;1549,00000000;1162,00000000;1500,50000000;20,39
2020-03-13T00:00:00+00:00;XRPBEAR/USD;2078,50000000;3650,50000000;1051,50000000;1194,50000000;-74,01
2020-03-12T00:00:00+00:00;XRPBEAR/USD;1012,75000000;2208,00000000;992,25000000;2083,00000000;51,38
2020-03-11T00:00:00+00:00;XRPBEAR/USD;960,50000000;1133,25000000;933,50000000;1012,75000000;5,16
2020-03-10T00:00:00+00:00;XRPBEAR/USD;986,75000000;1045,00000000;902,75000000;960,50000000;-2,73
2020-03-09T00:00:00+00:00;XRPBEAR/USD;1065,25000000;1164,50000000;956,00000000;986,75000000;-7,96
2020-03-08T00:00:00+00:00;XRPBEAR/USD;750,50000000;1119,00000000;750,00000000;1066,25000000;29,61
2020-03-07T00:00:00+00:00;XRPBEAR/USD;676,50000000;759,75000000;674,00000000;750,00000000;9,8
2020-03-06T00:00:00+00:00;XRPBEAR/USD;725,75000000;735,00000000;664,50000000;676,50000000;-7,28
2020-03-05T00:00:00+00:00;XRPBEAR/USD;772,00000000;772,00000000;688,50000000;725,00000000;-6,48
2020-03-04T00:00:00+00:00;XRPBEAR/USD;774,25000000;817,75000000;731,75000000;772,00000000;-0,29
2020-03-03T00:00:00+00:00;XRPBEAR/USD;719,50000000;812,25000000;714,50000000;774,25000000;7,07
2020-03-02T00:00:00+00:00;XRPBEAR/USD;867,75000000;880,75000000;702,75000000;719,50000000;-20,6
2020-03-01T00:00:00+00:00;XRPBEAR/USD;838,50000000;895,75000000;765,75000000;867,75000000;3,37
2020-02-29T00:00:00+00:00;XRPBEAR/USD;757,25000000;840,75000000;705,25000000;837,75000000;9,61
2020-02-28T00:00:00+00:00;XRPBEAR/USD;738,00000000;835,25000000;688,25000000;756,75000000;2,48
2020-02-27T00:00:00+00:00;XRPBEAR/USD;874,50000000;928,50000000;663,50000000;738,00000000;-18,5
2020-02-26T00:00:00+00:00;XRPBEAR/USD;684,75000000;927,75000000;659,25000000;876,00000000;21,83
2020-02-25T00:00:00+00:00;XRPBEAR/USD;566,25000000;692,00000000;563,00000000;684,75000000;17,31
2020-02-24T00:00:00+00:00;XRPBEAR/USD;492,20000000;598,25000000;484,80000000;566,25000000;13,08
2020-02-23T00:00:00+00:00;XRPBEAR/USD;536,25000000;536,25000000;479,50000000;492,20000000;-8,95
2020-02-22T00:00:00+00:00;XRPBEAR/USD;536,75000000;562,25000000;515,25000000;536,25000000;-0,09
2020-02-21T00:00:00+00:00;XRPBEAR/USD;554,00000000;577,25000000;506,75000000;536,75000000;-3,21
2020-02-20T00:00:00+00:00;XRPBEAR/USD;533,30000000;612,40000000;492,30000000;554,00000000;3,74
2020-02-19T00:00:00+00:00;XRPBEAR/USD;423,50000000;546,20000000;388,10000000;532,90000000;20,53
2020-02-18T00:00:00+00:00;XRPBEAR/USD;483,10000000;543,40000000;405,10000000;423,50000000;-14,07
2020-02-17T00:00:00+00:00;XRPBEAR/USD;454,00000000;563,75000000;442,90000000;483,40000000;6,08
2020-02-16T00:00:00+00:00;XRPBEAR/USD;398,70000000;549,80000000;351,30000000;454,00000000;12,18
2020-02-15T00:00:00+00:00;XRPBEAR/USD;312,50000000;433,10000000;283,60000000;398,50000000;21,58
2020-02-14T00:00:00+00:00;XRPBEAR/USD;338,80000000;389,90000000;303,70000000;312,50000000;-8,42
2020-02-13T00:00:00+00:00;XRPBEAR/USD;429,50000000;430,90000000;297,70000000;338,80000000;-26,77
2020-02-12T00:00:00+00:00;XRPBEAR/USD;559,50000000;559,50000000;408,50000000;429,50000000;-30,27
2020-02-11T00:00:00+00:00;XRPBEAR/USD;610,50000000;652,50000000;544,00000000;559,00000000;-9,21
2020-02-10T00:00:00+00:00;XRPBEAR/USD;553,75000000;643,00000000;550,25000000;610,50000000;9,3
2020-02-09T00:00:00+00:00;XRPBEAR/USD;587,50000000;592,75000000;513,00000000;553,75000000;-6,09
2020-02-08T00:00:00+00:00;XRPBEAR/USD;573,25000000;669,50000000;557,50000000;586,50000000;2,26
2020-02-07T00:00:00+00:00;XRPBEAR/USD;547,75000000;581,75000000;520,75000000;573,25000000;4,45
2020-02-06T00:00:00+00:00;XRPBEAR/USD;573,50000000;622,00000000;516,00000000;547,75000000;-4,7
2020-02-05T00:00:00+00:00;XRPBEAR/USD;660,50000000;660,50000000;550,25000000;573,50000000;-15,17
2020-02-04T00:00:00+00:00;XRPBEAR/USD;764,50000000;827,75000000;626,00000000;660,50000000;-15,75
2020-02-03T00:00:00+00:00;XRPBEAR/USD;795,00000000;834,00000000;711,00000000;764,50000000;-3,99
2020-02-02T00:00:00+00:00;XRPBEAR/USD;921,75000000;979,75000000;706,25000000;795,00000000;-15,94
2020-02-01T00:00:00+00:00;XRPBEAR/USD;940,00000000;968,75000000;897,75000000;921,75000000;-1,98
2020-01-31T00:00:00+00:00;XRPBEAR/USD;886,00000000;995,50000000;873,50000000;940,00000000;5,74
2020-01-30T00:00:00+00:00;XRPBEAR/USD;987,50000000;1042,25000000;849,25000000;886,00000000;-11,46
2020-01-29T00:00:00+00:00;XRPBEAR/USD;936,75000000;996,00000000;907,75000000;987,50000000;5,14
2020-01-28T00:00:00+00:00;XRPBEAR/USD;1053,25000000;1053,25000000;912,00000000;936,00000000;-12,53
2020-01-27T00:00:00+00:00;XRPBEAR/USD;1043,50000000;1108,00000000;1011,25000000;1053,25000000;0,93
2020-01-26T00:00:00+00:00;XRPBEAR/USD;1245,50000000;1280,00000000;1034,00000000;1043,50000000;-19,36
2020-01-25T00:00:00+00:00;XRPBEAR/USD;1198,00000000;1288,00000000;1192,50000000;1245,50000000;3,81
2020-01-24T00:00:00+00:00;XRPBEAR/USD;1148,50000000;1325,00000000;1142,00000000;1198,00000000;4,13
2020-01-23T00:00:00+00:00;XRPBEAR/USD;1000,00000000;1202,00000000;1000,00000000;1149,50000000;13,01
2020-01-22T00:00:00+00:00;XRPBEAR/USD;995,25000000;1038,00000000;967,50000000;1000,00000000;0,48
2020-01-21T00:00:00+00:00;XRPBEAR/USD;1049,75000000;1073,25000000;932,25000000;996,00000000;-5,4
2020-01-20T00:00:00+00:00;XRPBEAR/USD;1010,00000000;1153,00000000;1004,75000000;1049,75000000;3,79
2020-01-19T00:00:00+00:00;XRPBEAR/USD;918,50000000;1088,50000000;826,25000000;1009,50000000;9,01
2020-01-18T00:00:00+00:00;XRPBEAR/USD;1013,75000000;1104,75000000;818,00000000;918,50000000;-10,37
2020-01-17T00:00:00+00:00;XRPBEAR/USD;1160,50000000;1195,50000000;930,00000000;1013,75000000;-14,48
2020-01-16T00:00:00+00:00;XRPBEAR/USD;1091,50000000;1242,50000000;1074,50000000;1160,50000000;5,95
2020-01-15T00:00:00+00:00;XRPBEAR/USD;1074,50000000;1195,50000000;951,00000000;1091,50000000;1,56
2020-01-14T00:00:00+00:00;XRPBEAR/USD;1583,00000000;1599,00000000;941,75000000;1071,00000000;-47,81
2020-01-13T00:00:00+00:00;XRPBEAR/USD;1503,50000000;1614,50000000;1497,50000000;1583,00000000;5,02
2020-01-12T00:00:00+00:00;XRPBEAR/USD;1593,00000000;1630,00000000;1467,00000000;1505,50000000;-5,81
2020-01-11T00:00:00+00:00;XRPBEAR/USD;1565,50000000;1652,00000000;1401,50000000;1593,00000000;1,73
2020-01-10T00:00:00+00:00;XRPBEAR/USD;1791,00000000;1885,00000000;1561,00000000;1565,50000000;-14,4
2020-01-09T00:00:00+00:00;XRPBEAR/USD;1701,50000000;1857,00000000;1668,50000000;1791,00000000;5,0
2020-01-08T00:00:00+00:00;XRPBEAR/USD;1568,00000000;1793,50000000;1475,00000000;1701,50000000;7,85
2020-01-07T00:00:00+00:00;XRPBEAR/USD;1400,50000000;1681,00000000;1351,00000000;1568,00000000;10,68

