DATE/TIME;SYMBOL;OPEN;HIGH;LOW;CLOSE;EVOL % CLOSE/HIGH
2022-01-05T00:00:00+00:00;BNB/USD;506,70900000;515,85700000;505,42500000;514,08400000;1,43
2022-01-04T00:00:00+00:00;BNB/USD;511,80900000;519,93500000;502,22900000;506,70900000;-1,01
2022-01-03T00:00:00+00:00;BNB/USD;531,09600000;532,71800000;510,20000000;511,80900000;-3,77
2022-01-02T00:00:00+00:00;BNB/USD;527,46900000;533,96400000;518,27100000;531,09700000;0,68
2022-01-01T00:00:00+00:00;BNB/USD;511,36400000;528,07200000;511,36400000;527,46900000;3,05
2021-12-31T00:00:00+00:00;BNB/USD;518,47300000;528,33200000;506,12000000;511,36400000;-1,39
2021-12-30T00:00:00+00:00;BNB/USD;514,45300000;527,70200000;508,39600000;518,47300000;0,78
2021-12-29T00:00:00+00:00;BNB/USD;534,27300000;540,60100000;510,91200000;514,45300000;-3,85
2021-12-28T00:00:00+00:00;BNB/USD;563,80000000;563,80000000;528,33800000;534,23500000;-5,53
2021-12-27T00:00:00+00:00;BNB/USD;546,67100000;571,98800000;543,40000000;563,80000000;3,04
2021-12-26T00:00:00+00:00;BNB/USD;547,73900000;549,20000000;536,26400000;546,68100000;-0,19
2021-12-25T00:00:00+00:00;BNB/USD;542,28800000;550,79800000;539,57500000;547,73900000;1,0
2021-12-24T00:00:00+00:00;BNB/USD;549,14800000;554,58000000;537,26600000;542,27700000;-1,27
2021-12-23T00:00:00+00:00;BNB/USD;533,63300000;552,60000000;524,51100000;549,04300000;2,81
2021-12-22T00:00:00+00:00;BNB/USD;528,69100000;545,06200000;527,60100000;533,63300000;0,93
2021-12-21T00:00:00+00:00;BNB/USD;524,02200000;535,71400000;514,82600000;528,69100000;0,88
2021-12-20T00:00:00+00:00;BNB/USD;529,98700000;534,87500000;506,40000000;524,02200000;-1,14
2021-12-19T00:00:00+00:00;BNB/USD;534,09200000;544,76600000;527,66000000;529,98700000;-0,77
2021-12-18T00:00:00+00:00;BNB/USD;525,84600000;538,08900000;516,85400000;534,09200000;1,54
2021-12-17T00:00:00+00:00;BNB/USD;526,09100000;536,00000000;511,13900000;525,84600000;-0,05
2021-12-16T00:00:00+00:00;BNB/USD;541,32700000;545,49000000;524,99900000;526,09100000;-2,9
2021-12-15T00:00:00+00:00;BNB/USD;528,33600000;547,04300000;501,88300000;541,32700000;2,4
2021-12-14T00:00:00+00:00;BNB/USD;521,01200000;535,91600000;510,34100000;528,33600000;1,39
2021-12-13T00:00:00+00:00;BNB/USD;570,60000000;572,40100000;511,23400000;521,03800000;-9,51
2021-12-12T00:00:00+00:00;BNB/USD;564,44200000;574,96200000;559,63400000;570,60000000;1,08
2021-12-11T00:00:00+00:00;BNB/USD;553,40000000;573,20100000;542,61100000;564,44200000;1,96
2021-12-10T00:00:00+00:00;BNB/USD;570,58800000;595,26200000;551,30000000;553,40000000;-3,11
2021-12-09T00:00:00+00:00;BNB/USD;608,24300000;617,96300000;568,12600000;570,58800000;-6,6
2021-12-08T00:00:00+00:00;BNB/USD;579,00100000;608,40000000;567,74300000;608,24300000;4,81
2021-12-07T00:00:00+00:00;BNB/USD;587,97000000;593,68100000;572,70000000;579,00100000;-1,55
2021-12-06T00:00:00+00:00;BNB/USD;558,09700000;593,00000000;533,59000000;587,97000000;5,08
2021-12-05T00:00:00+00:00;BNB/USD;569,10800000;582,63400000;542,07800000;558,09700000;-1,97
2021-12-04T00:00:00+00:00;BNB/USD;595,71600000;596,18200000;493,24900000;569,10800000;-4,68
2021-12-03T00:00:00+00:00;BNB/USD;620,40400000;628,33300000;575,06800000;595,71600000;-4,14
2021-12-02T00:00:00+00:00;BNB/USD;627,89300000;631,63500000;606,07500000;620,40400000;-1,21
2021-12-01T00:00:00+00:00;BNB/USD;622,77700000;650,36700000;619,03600000;627,89300000;0,81
2021-11-30T00:00:00+00:00;BNB/USD;624,17600000;635,34400000;604,00000000;622,77700000;-0,22
2021-11-29T00:00:00+00:00;BNB/USD;611,76500000;629,55900000;602,19900000;624,17600000;1,99
2021-11-28T00:00:00+00:00;BNB/USD;600,25200000;613,21300000;572,49400000;611,76500000;1,88
2021-11-27T00:00:00+00:00;BNB/USD;587,39700000;621,39800000;583,92600000;600,25200000;2,14
2021-11-26T00:00:00+00:00;BNB/USD;639,58700000;658,97800000;561,56800000;587,48900000;-8,87
2021-11-25T00:00:00+00:00;BNB/USD;590,50100000;647,47600000;587,55200000;639,58700000;7,67
2021-11-24T00:00:00+00:00;BNB/USD;591,24100000;594,31700000;577,00000000;590,50100000;-0,13
2021-11-23T00:00:00+00:00;BNB/USD;559,85400000;605,19900000;558,55000000;591,24100000;5,31
2021-11-22T00:00:00+00:00;BNB/USD;584,70500000;585,79900000;554,39900000;559,85400000;-4,44
2021-11-21T00:00:00+00:00;BNB/USD;604,96500000;605,76800000;580,40500000;584,65700000;-3,47
2021-11-20T00:00:00+00:00;BNB/USD;581,49900000;605,20200000;572,81000000;604,93500000;3,87
2021-11-19T00:00:00+00:00;BNB/USD;531,97200000;585,92500000;524,31000000;581,49900000;8,52
2021-11-18T00:00:00+00:00;BNB/USD;578,21600000;588,35200000;516,72400000;531,97200000;-8,69
2021-11-17T00:00:00+00:00;BNB/USD;589,20000000;593,07800000;554,11600000;578,21500000;-1,9
2021-11-16T00:00:00+00:00;BNB/USD;634,20000000;635,49900000;573,00000000;589,20000000;-7,64
2021-11-15T00:00:00+00:00;BNB/USD;651,23900000;660,00000000;630,81900000;634,20000000;-2,69
2021-11-14T00:00:00+00:00;BNB/USD;649,83200000;660,89000000;635,19900000;651,20700000;0,21
2021-11-13T00:00:00+00:00;BNB/USD;627,00000000;655,23700000;619,99900000;649,83200000;3,51
2021-11-12T00:00:00+00:00;BNB/USD;628,86000000;634,61900000;603,57700000;627,00000000;-0,3
2021-11-11T00:00:00+00:00;BNB/USD;614,50000000;635,38500000;605,94700000;628,86000000;2,28
2021-11-10T00:00:00+00:00;BNB/USD;635,11400000;662,91500000;574,22200000;614,53200000;-3,35
2021-11-09T00:00:00+00:00;BNB/USD;654,03000000;656,99900000;632,21300000;635,11400000;-2,98
2021-11-08T00:00:00+00:00;BNB/USD;650,04000000;655,93200000;632,13500000;654,03000000;0,61
2021-11-07T00:00:00+00:00;BNB/USD;637,92000000;669,64000000;631,05600000;650,03800000;1,86
2021-11-06T00:00:00+00:00;BNB/USD;607,83100000;637,92000000;595,77700000;637,92000000;4,72
2021-11-05T00:00:00+00:00;BNB/USD;559,44800000;616,20200000;555,02700000;607,83100000;7,96
2021-11-04T00:00:00+00:00;BNB/USD;568,76400000;569,11300000;544,42900000;559,44800000;-1,67
2021-11-03T00:00:00+00:00;BNB/USD;554,94400000;570,93600000;538,07400000;568,76400000;2,43
2021-11-02T00:00:00+00:00;BNB/USD;551,70100000;564,49100000;537,99900000;554,94400000;0,58
2021-11-01T00:00:00+00:00;BNB/USD;524,90100000;552,24700000;511,39900000;551,69900000;4,86
2021-10-31T00:00:00+00:00;BNB/USD;528,79900000;535,42900000;509,49100000;524,90000000;-0,74
2021-10-30T00:00:00+00:00;BNB/USD;530,21600000;540,73600000;510,79300000;528,79900000;-0,27
2021-10-29T00:00:00+00:00;BNB/USD;492,30100000;533,80000000;488,14800000;530,21600000;7,15
2021-10-28T00:00:00+00:00;BNB/USD;448,72300000;494,95400000;446,64100000;492,30100000;8,85
2021-10-27T00:00:00+00:00;BNB/USD;478,09500000;486,40000000;438,38000000;448,66100000;-6,56
2021-10-26T00:00:00+00:00;BNB/USD;485,00000000;489,56600000;473,63100000;478,09500000;-1,44
2021-10-25T00:00:00+00:00;BNB/USD;475,77300000;488,49900000;474,84500000;485,00000000;1,9
2021-10-24T00:00:00+00:00;BNB/USD;485,48000000;486,37100000;468,00100000;475,77300000;-2,04
2021-10-23T00:00:00+00:00;BNB/USD;479,10700000;485,51000000;472,59300000;485,48000000;1,31
2021-10-22T00:00:00+00:00;BNB/USD;471,14800000;498,25400000;471,07700000;479,11600000;1,66
2021-10-21T00:00:00+00:00;BNB/USD;501,42500000;505,06100000;397,13400000;471,14800000;-6,43
2021-10-20T00:00:00+00:00;BNB/USD;488,01800000;505,99800000;478,85100000;501,42500000;2,67
2021-10-19T00:00:00+00:00;BNB/USD;485,00000000;497,84500000;480,67200000;488,01800000;0,62
2021-10-18T00:00:00+00:00;BNB/USD;470,97700000;487,33200000;466,40300000;485,00000000;2,89
2021-10-17T00:00:00+00:00;BNB/USD;466,00000000;472,49900000;454,31200000;470,97700000;1,06
2021-10-16T00:00:00+00:00;BNB/USD;474,23200000;484,53700000;460,10600000;466,00000000;-1,77
2021-10-15T00:00:00+00:00;BNB/USD;472,84100000;477,78400000;452,22000000;474,23200000;0,29
2021-10-14T00:00:00+00:00;BNB/USD;470,63400000;482,69200000;461,20000000;472,84100000;0,47
2021-10-13T00:00:00+00:00;BNB/USD;444,44800000;471,80000000;432,91900000;470,63400000;5,56
2021-10-12T00:00:00+00:00;BNB/USD;413,34300000;444,73000000;392,44600000;444,44800000;7,0
2021-10-11T00:00:00+00:00;BNB/USD;404,23100000;423,97400000;400,40000000;413,34300000;2,2
2021-10-10T00:00:00+00:00;BNB/USD;422,05600000;422,28000000;402,55100000;404,23100000;-4,41
2021-10-09T00:00:00+00:00;BNB/USD;419,76100000;426,04900000;416,33300000;422,05600000;0,54
2021-10-08T00:00:00+00:00;BNB/USD;438,48100000;441,75800000;416,34400000;419,76100000;-4,46
2021-10-07T00:00:00+00:00;BNB/USD;435,19000000;450,40000000;423,85700000;438,48100000;0,75
2021-10-06T00:00:00+00:00;BNB/USD;442,46300000;442,85700000;415,16800000;435,19000000;-1,67
2021-10-05T00:00:00+00:00;BNB/USD;426,60000000;444,34200000;424,35500000;442,46300000;3,59
2021-10-04T00:00:00+00:00;BNB/USD;430,63300000;430,87000000;411,40000000;426,60000000;-0,95
2021-10-03T00:00:00+00:00;BNB/USD;427,34100000;437,14500000;422,10500000;430,63300000;0,76
2021-10-02T00:00:00+00:00;BNB/USD;421,63000000;438,42400000;411,00000000;427,34100000;1,34
2021-10-01T00:00:00+00:00;BNB/USD;387,49300000;423,52100000;381,40000000;421,63000000;8,1
2021-09-30T00:00:00+00:00;BNB/USD;367,42100000;388,62400000;366,19100000;387,49300000;5,18
2021-09-29T00:00:00+00:00;BNB/USD;333,16400000;375,27200000;331,48900000;367,42100000;9,32
2021-09-28T00:00:00+00:00;BNB/USD;335,71900000;344,59400000;330,00000000;333,16400000;-0,77
2021-09-27T00:00:00+00:00;BNB/USD;344,05000000;357,60000000;335,48300000;335,71900000;-2,48
2021-09-26T00:00:00+00:00;BNB/USD;349,80000000;352,73100000;319,83900000;344,05000000;-1,67
2021-09-25T00:00:00+00:00;BNB/USD;355,22900000;360,94600000;343,92500000;349,80000000;-1,55
2021-09-24T00:00:00+00:00;BNB/USD;383,80000000;385,47400000;333,85500000;355,22900000;-8,04
2021-09-23T00:00:00+00:00;BNB/USD;379,05100000;384,78000000;369,28600000;383,80000000;1,24
2021-09-22T00:00:00+00:00;BNB/USD;344,25600000;380,00000000;342,31300000;379,05100000;9,18
2021-09-21T00:00:00+00:00;BNB/USD;363,96000000;375,62900000;336,78800000;344,25600000;-5,72
2021-09-20T00:00:00+00:00;BNB/USD;408,60000000;409,80000000;353,73800000;363,96000000;-12,27
2021-09-19T00:00:00+00:00;BNB/USD;410,69300000;419,03200000;402,94500000;408,60000000;-0,51
2021-09-18T00:00:00+00:00;BNB/USD;406,70000000;419,79100000;401,50800000;410,67300000;0,97
2021-09-17T00:00:00+00:00;BNB/USD;424,28700000;425,96900000;400,53000000;406,58900000;-4,35
2021-09-16T00:00:00+00:00;BNB/USD;431,33900000;433,20000000;415,72500000;424,28700000;-1,66
2021-09-15T00:00:00+00:00;BNB/USD;414,66800000;436,64600000;410,35400000;431,33900000;3,86
2021-09-14T00:00:00+00:00;BNB/USD;399,09500000;414,77500000;395,99800000;414,69100000;3,76
2021-09-13T00:00:00+00:00;BNB/USD;416,59600000;419,76900000;383,55300000;399,09500000;-4,39
2021-09-12T00:00:00+00:00;BNB/USD;405,02100000;421,73400000;397,78600000;416,60100000;2,78
2021-09-11T00:00:00+00:00;BNB/USD;401,32900000;415,20600000;399,63900000;405,00000000;0,91
2021-09-10T00:00:00+00:00;BNB/USD;421,40000000;439,51700000;393,59200000;401,30900000;-5,01
2021-09-09T00:00:00+00:00;BNB/USD;415,02100000;436,20000000;403,69200000;421,40000000;1,51
2021-09-08T00:00:00+00:00;BNB/USD;418,29200000;425,35000000;382,76400000;415,02100000;-0,79
2021-09-07T00:00:00+00:00;BNB/USD;496,20300000;505,00000000;344,10000000;418,29200000;-18,63
2021-09-06T00:00:00+00:00;BNB/USD;505,51700000;509,47400000;488,00000000;496,20300000;-1,88
2021-09-05T00:00:00+00:00;BNB/USD;498,00000000;505,78700000;488,85000000;505,51700000;1,49
2021-09-04T00:00:00+00:00;BNB/USD;488,60000000;510,61200000;485,42000000;498,00000000;1,89
2021-09-03T00:00:00+00:00;BNB/USD;483,83400000;494,79000000;473,50100000;488,60000000;0,98
2021-09-02T00:00:00+00:00;BNB/USD;489,68100000;504,98400000;478,15900000;483,83400000;-1,21
2021-09-01T00:00:00+00:00;BNB/USD;464,27400000;490,65600000;455,40000000;489,68100000;5,19
2021-08-31T00:00:00+00:00;BNB/USD;460,14700000;477,62200000;452,27100000;464,27400000;0,89
2021-08-30T00:00:00+00:00;BNB/USD;480,01000000;481,00000000;457,39200000;460,14700000;-4,32
2021-08-29T00:00:00+00:00;BNB/USD;486,45400000;495,98400000;475,99700000;480,00900000;-1,34
2021-08-28T00:00:00+00:00;BNB/USD;494,57900000;496,80000000;482,78400000;486,45400000;-1,67
2021-08-27T00:00:00+00:00;BNB/USD;478,13800000;495,16100000;467,26600000;494,54300000;3,32
2021-08-26T00:00:00+00:00;BNB/USD;503,35600000;519,08400000;471,18500000;478,13800000;-5,27
2021-08-25T00:00:00+00:00;BNB/USD;471,61000000;507,38200000;469,72500000;503,35600000;6,31
2021-08-24T00:00:00+00:00;BNB/USD;499,33300000;504,48300000;461,21400000;471,61000000;-5,88
2021-08-23T00:00:00+00:00;BNB/USD;448,92700000;509,98600000;446,47700000;499,33300000;10,09
2021-08-22T00:00:00+00:00;BNB/USD;449,09600000;458,55900000;438,03800000;448,92700000;-0,04
2021-08-21T00:00:00+00:00;BNB/USD;455,20000000;460,47000000;444,98400000;449,09600000;-1,36
2021-08-20T00:00:00+00:00;BNB/USD;431,10200000;458,20200000;421,81200000;455,20000000;5,29
2021-08-19T00:00:00+00:00;BNB/USD;396,21300000;431,67900000;390,90900000;431,10200000;8,09
2021-08-18T00:00:00+00:00;BNB/USD;401,64100000;412,31300000;385,11900000;396,21300000;-1,37
2021-08-17T00:00:00+00:00;BNB/USD;415,85400000;435,96800000;398,29100000;401,64100000;-3,54
2021-08-16T00:00:00+00:00;BNB/USD;414,35800000;437,34300000;411,15800000;415,85400000;0,36
2021-08-15T00:00:00+00:00;BNB/USD;409,00000000;415,22400000;396,67300000;414,35800000;1,29
2021-08-14T00:00:00+00:00;BNB/USD;411,35700000;419,27700000;400,40000000;409,00000000;-0,58
2021-08-13T00:00:00+00:00;BNB/USD;385,83000000;411,73900000;383,06200000;411,35700000;6,21
2021-08-12T00:00:00+00:00;BNB/USD;391,05400000;406,51400000;372,01100000;385,83000000;-1,35
2021-08-11T00:00:00+00:00;BNB/USD;372,12500000;408,76100000;371,35600000;391,05400000;4,84
2021-08-10T00:00:00+00:00;BNB/USD;354,60100000;376,55000000;349,17600000;372,12500000;4,71
2021-08-09T00:00:00+00:00;BNB/USD;341,99500000;358,09600000;333,31300000;354,60100000;3,55
2021-08-08T00:00:00+00:00;BNB/USD;356,48300000;360,11400000;337,21200000;341,99500000;-4,24
2021-08-07T00:00:00+00:00;BNB/USD;342,48000000;359,74100000;340,62000000;356,48300000;3,93
2021-08-06T00:00:00+00:00;BNB/USD;338,11800000;347,42100000;331,30000000;342,47900000;1,27
2021-08-05T00:00:00+00:00;BNB/USD;334,81500000;340,31600000;323,36600000;338,11800000;0,98
2021-08-04T00:00:00+00:00;BNB/USD;323,32200000;337,21500000;319,77000000;334,81500000;3,43
2021-08-03T00:00:00+00:00;BNB/USD;330,66500000;334,78300000;317,18100000;323,32200000;-2,27
2021-08-02T00:00:00+00:00;BNB/USD;332,80700000;338,19100000;326,39200000;330,66500000;-0,65
2021-08-01T00:00:00+00:00;BNB/USD;332,80700000;348,19200000;329,06000000;332,78300000;-0,01
2021-07-31T00:00:00+00:00;BNB/USD;322,84700000;338,74000000;317,59200000;332,80700000;2,99
2021-07-30T00:00:00+00:00;BNB/USD;317,13600000;325,87600000;306,28300000;322,92400000;1,79
2021-07-29T00:00:00+00:00;BNB/USD;313,76500000;320,20300000;308,55900000;317,13600000;1,06
2021-07-28T00:00:00+00:00;BNB/USD;313,62100000;318,76100000;308,05000000;313,76500000;0,05
2021-07-27T00:00:00+00:00;BNB/USD;303,87300000;318,43900000;297,89800000;313,62100000;3,11
2021-07-26T00:00:00+00:00;BNB/USD;302,85800000;328,60800000;301,19600000;303,87300000;0,33
2021-07-25T00:00:00+00:00;BNB/USD;301,81100000;304,36100000;292,78000000;302,85800000;0,35
2021-07-24T00:00:00+00:00;BNB/USD;299,45200000;308,03600000;295,80400000;301,81100000;0,78
2021-07-23T00:00:00+00:00;BNB/USD;293,39100000;301,41600000;281,51500000;299,47500000;2,03
2021-07-22T00:00:00+00:00;BNB/USD;293,19300000;298,70300000;287,60000000;293,39100000;0,07
2021-07-21T00:00:00+00:00;BNB/USD;264,55400000;298,90800000;261,08200000;293,19300000;9,77
2021-07-20T00:00:00+00:00;BNB/USD;280,42100000;283,38000000;254,44500000;264,55400000;-6,0
2021-07-19T00:00:00+00:00;BNB/USD;302,15800000;303,75000000;278,69000000;280,42100000;-7,75
2021-07-18T00:00:00+00:00;BNB/USD;300,61700000;309,25600000;299,20100000;302,15800000;0,51
2021-07-17T00:00:00+00:00;BNB/USD;303,16500000;306,99200000;295,12700000;300,60000000;-0,85
2021-07-16T00:00:00+00:00;BNB/USD;315,80800000;323,46800000;301,78500000;303,16500000;-4,17
2021-07-15T00:00:00+00:00;BNB/USD;309,40000000;324,36100000;301,58200000;315,80800000;2,03
2021-07-14T00:00:00+00:00;BNB/USD;309,00000000;313,41800000;290,42200000;309,40000000;0,13
2021-07-13T00:00:00+00:00;BNB/USD;316,00000000;318,20000000;305,29800000;309,00000000;-2,27
2021-07-12T00:00:00+00:00;BNB/USD;322,08200000;334,36200000;308,70700000;316,00000000;-1,92
2021-07-11T00:00:00+00:00;BNB/USD;316,09000000;326,78500000;312,43900000;322,08200000;1,86
2021-07-10T00:00:00+00:00;BNB/USD;317,08900000;321,58400000;310,78700000;316,09000000;-0,32
2021-07-09T00:00:00+00:00;BNB/USD;310,22600000;319,72300000;301,82200000;317,08900000;2,16
2021-07-08T00:00:00+00:00;BNB/USD;327,92900000;328,43900000;304,66200000;310,22600000;-5,71
2021-07-07T00:00:00+00:00;BNB/USD;320,32300000;339,92100000;318,57100000;327,92900000;2,32
2021-07-06T00:00:00+00:00;BNB/USD;302,20000000;322,79900000;301,99500000;320,32300000;5,66
2021-07-05T00:00:00+00:00;BNB/USD;307,80000000;307,82300000;292,40000000;302,20000000;-1,85
2021-07-04T00:00:00+00:00;BNB/USD;298,28900000;315,00000000;292,83500000;307,80000000;3,09
2021-07-03T00:00:00+00:00;BNB/USD;287,20700000;303,25700000;283,02000000;298,28900000;3,72
2021-07-02T00:00:00+00:00;BNB/USD;287,65500000;290,71600000;276,32100000;287,20700000;-0,16
2021-07-01T00:00:00+00:00;BNB/USD;303,74000000;303,95700000;280,82700000;287,71900000;-5,57
2021-06-30T00:00:00+00:00;BNB/USD;300,92700000;304,94000000;281,53000000;303,73100000;0,92
2021-06-29T00:00:00+00:00;BNB/USD;290,06800000;315,68100000;289,39300000;300,92700000;3,61
2021-06-28T00:00:00+00:00;BNB/USD;290,92600000;299,57000000;283,95300000;290,06700000;-0,3
2021-06-27T00:00:00+00:00;BNB/USD;279,62900000;291,67300000;269,68200000;290,92000000;3,88
2021-06-26T00:00:00+00:00;BNB/USD;280,88400000;290,21200000;264,16800000;279,62900000;-0,45
2021-06-25T00:00:00+00:00;BNB/USD;308,60100000;314,83300000;275,29000000;280,88400000;-9,87
2021-06-24T00:00:00+00:00;BNB/USD;296,10900000;316,52900000;281,60000000;308,60100000;4,05
2021-06-23T00:00:00+00:00;BNB/USD;261,92700000;309,80100000;251,39600000;296,10900000;11,54
2021-06-22T00:00:00+00:00;BNB/USD;270,72400000;291,02000000;225,43000000;261,92700000;-3,36
2021-06-21T00:00:00+00:00;BNB/USD;339,01600000;342,13900000;268,62200000;270,72400000;-25,23
2021-06-20T00:00:00+00:00;BNB/USD;334,04000000;340,55600000;310,20400000;339,01600000;1,47
2021-06-19T00:00:00+00:00;BNB/USD;337,14200000;345,36900000;331,14400000;334,04000000;-0,93
2021-06-18T00:00:00+00:00;BNB/USD;352,83500000;357,28900000;327,41500000;337,14200000;-4,65
2021-06-17T00:00:00+00:00;BNB/USD;347,33700000;362,45000000;346,00000000;352,83500000;1,56
2021-06-16T00:00:00+00:00;BNB/USD;366,66600000;366,88500000;343,45600000;347,33700000;-5,56
2021-06-15T00:00:00+00:00;BNB/USD;370,20100000;379,65100000;363,34100000;366,66600000;-0,96
2021-06-14T00:00:00+00:00;BNB/USD;365,86000000;377,40000000;355,12900000;370,20100000;1,17
2021-06-13T00:00:00+00:00;BNB/USD;343,79100000;369,19500000;330,41700000;365,86000000;6,03
2021-06-12T00:00:00+00:00;BNB/USD;345,70600000;349,09100000;325,46400000;343,79100000;-0,56
2021-06-11T00:00:00+00:00;BNB/USD;351,98900000;366,26500000;340,81600000;345,70600000;-1,82
2021-06-10T00:00:00+00:00;BNB/USD;375,51000000;377,44800000;344,38700000;351,89200000;-6,71
2021-06-09T00:00:00+00:00;BNB/USD;352,72500000;378,43600000;333,59100000;375,51000000;6,07
2021-06-08T00:00:00+00:00;BNB/USD;357,98500000;366,26400000;319,34000000;352,72500000;-1,49
2021-06-07T00:00:00+00:00;BNB/USD;393,69900000;407,34400000;353,76200000;357,98500000;-9,98
2021-06-06T00:00:00+00:00;BNB/USD;390,09100000;400,13700000;381,63200000;393,69900000;0,92
2021-06-05T00:00:00+00:00;BNB/USD;390,80600000;426,13900000;373,74800000;390,09100000;-0,18
2021-06-04T00:00:00+00:00;BNB/USD;428,51400000;429,60000000;365,46200000;390,80500000;-9,65
2021-06-03T00:00:00+00:00;BNB/USD;401,22000000;432,64200000;391,37100000;428,51400000;6,37
2021-06-02T00:00:00+00:00;BNB/USD;362,24100000;418,53000000;350,65000000;401,22000000;9,72
2021-06-01T00:00:00+00:00;BNB/USD;353,43600000;364,56400000;339,77500000;362,24100000;2,43
2021-05-31T00:00:00+00:00;BNB/USD;325,83700000;356,13700000;308,01000000;353,43600000;7,81
2021-05-30T00:00:00+00:00;BNB/USD;304,99400000;338,31100000;291,59600000;325,83700000;6,4
2021-05-29T00:00:00+00:00;BNB/USD;329,02400000;347,28200000;295,78100000;304,83600000;-7,93
2021-05-28T00:00:00+00:00;BNB/USD;370,11000000;373,79700000;313,43100000;329,02400000;-12,49
2021-05-27T00:00:00+00:00;BNB/USD;379,46700000;387,80000000;340,81600000;370,11000000;-2,53
2021-05-26T00:00:00+00:00;BNB/USD;343,55600000;388,62700000;336,95600000;379,46700000;9,46
2021-05-25T00:00:00+00:00;BNB/USD;345,91800000;376,36100000;307,41500000;343,55600000;-0,69
2021-05-24T00:00:00+00:00;BNB/USD;260,91600000;350,33100000;258,37000000;345,91800000;24,57
2021-05-23T00:00:00+00:00;BNB/USD;299,94300000;313,47300000;211,08800000;260,91600000;-14,96
2021-05-22T00:00:00+00:00;BNB/USD;326,38200000;336,00000000;285,10000000;299,94300000;-8,81
2021-05-21T00:00:00+00:00;BNB/USD;391,78700000;416,05900000;274,47100000;326,38200000;-20,04
2021-05-20T00:00:00+00:00;BNB/USD;334,74200000;423,87500000;285,00000000;391,78700000;14,56
2021-05-19T00:00:00+00:00;BNB/USD;508,68200000;516,66600000;270,86600000;334,74200000;-51,96
2021-05-18T00:00:00+00:00;BNB/USD;512,58200000;534,00000000;495,75900000;508,68200000;-0,77
2021-05-17T00:00:00+00:00;BNB/USD;564,64300000;564,64300000;484,61300000;512,03900000;-10,27
2021-05-16T00:00:00+00:00;BNB/USD;563,26500000;607,26500000;534,51300000;564,15600000;0,16
2021-05-15T00:00:00+00:00;BNB/USD;603,46900000;611,36900000;560,30700000;563,26500000;-7,14
2021-05-14T00:00:00+00:00;BNB/USD;570,60000000;614,99700000;565,91800000;603,46900000;5,45
2021-05-13T00:00:00+00:00;BNB/USD;594,88800000;633,80100000;528,47700000;570,60000000;-4,26
2021-05-12T00:00:00+00:00;BNB/USD;672,20000000;685,88800000;583,56100000;594,88800000;-13,0
2021-05-11T00:00:00+00:00;BNB/USD;630,98100000;674,19900000;621,92300000;672,20000000;6,13
2021-05-10T00:00:00+00:00;BNB/USD;662,60000000;693,56700000;585,02000000;630,98100000;-5,01
2021-05-09T00:00:00+00:00;BNB/USD;646,58900000;678,78500000;630,02600000;662,60000000;2,42
2021-05-08T00:00:00+00:00;BNB/USD;624,70900000;658,90700000;619,19900000;646,58900000;3,38
2021-05-07T00:00:00+00:00;BNB/USD;634,12800000;644,99800000;610,82700000;624,70900000;-1,51
2021-05-06T00:00:00+00:00;BNB/USD;651,60000000;654,28400000;619,89400000;634,12800000;-2,76
2021-05-05T00:00:00+00:00;BNB/USD;609,11500000;657,12700000;604,28100000;651,60000000;6,52
2021-05-04T00:00:00+00:00;BNB/USD;676,53000000;678,41900000;598,00000000;609,11500000;-11,07
2021-05-03T00:00:00+00:00;BNB/USD;622,60000000;680,87400000;622,45500000;676,53000000;7,97
2021-05-02T00:00:00+00:00;BNB/USD;620,59700000;629,40100000;595,32000000;622,60000000;0,32
2021-05-01T00:00:00+00:00;BNB/USD;623,08800000;644,96600000;609,70100000;620,59700000;-0,4
2021-04-30T00:00:00+00:00;BNB/USD;599,66900000;629,19900000;585,65800000;623,08800000;3,76
2021-04-29T00:00:00+00:00;BNB/USD;562,80000000;615,81500000;552,99800000;599,66900000;6,15
2021-04-28T00:00:00+00:00;BNB/USD;569,67600000;580,00000000;540,01000000;562,80000000;-1,22
2021-04-27T00:00:00+00:00;BNB/USD;535,00000000;579,43700000;525,20500000;569,67600000;6,09
2021-04-26T00:00:00+00:00;BNB/USD;506,23100000;550,62100000;502,67000000;535,00000000;5,38
2021-04-25T00:00:00+00:00;BNB/USD;496,79900000;518,14400000;478,83400000;506,23100000;1,86
2021-04-24T00:00:00+00:00;BNB/USD;526,95800000;529,49500000;483,45700000;496,79900000;-6,07
2021-04-23T00:00:00+00:00;BNB/USD;504,87500000;530,84300000;448,88400000;526,95800000;4,19
2021-04-22T00:00:00+00:00;BNB/USD;544,06200000;583,38500000;478,90400000;504,87500000;-7,76
2021-04-21T00:00:00+00:00;BNB/USD;588,80200000;613,60100000;535,79900000;544,06200000;-8,22
2021-04-20T00:00:00+00:00;BNB/USD;504,21600000;591,40100000;473,72400000;588,80200000;14,37
2021-04-19T00:00:00+00:00;BNB/USD;482,19900000;540,17200000;468,40000000;504,21600000;4,37
2021-04-18T00:00:00+00:00;BNB/USD;515,17500000;520,37600000;427,77400000;482,19900000;-6,84
2021-04-17T00:00:00+00:00;BNB/USD;509,07500000;548,40000000;506,40100000;515,17500000;1,18
2021-04-16T00:00:00+00:00;BNB/USD;542,19900000;548,23800000;488,00000000;509,07500000;-6,51
2021-04-15T00:00:00+00:00;BNB/USD;549,08900000;557,19700000;533,73200000;542,19900000;-1,27
2021-04-14T00:00:00+00:00;BNB/USD;551,05000000;591,40100000;514,74600000;549,08900000;-0,36
2021-04-13T00:00:00+00:00;BNB/USD;596,70400000;602,36700000;530,87500000;551,05000000;-8,28
2021-04-12T00:00:00+00:00;BNB/USD;525,79200000;637,69500000;515,48000000;596,70400000;11,88
2021-04-11T00:00:00+00:00;BNB/USD;471,21600000;528,80000000;458,10300000;525,79200000;10,38
2021-04-10T00:00:00+00:00;BNB/USD;453,80000000;487,27100000;449,83300000;471,21600000;3,7
2021-04-09T00:00:00+00:00;BNB/USD;418,40000000;453,80000000;404,66400000;453,80000000;7,8
2021-04-08T00:00:00+00:00;BNB/USD;375,20000000;422,27800000;371,47500000;418,40000000;10,33
2021-04-07T00:00:00+00:00;BNB/USD;403,15400000;414,04300000;356,35000000;375,20000000;-7,45
2021-04-06T00:00:00+00:00;BNB/USD;367,75600000;412,00000000;364,00100000;403,15400000;8,78
2021-04-05T00:00:00+00:00;BNB/USD;349,34700000;380,08300000;335,20300000;367,66900000;4,98
2021-04-04T00:00:00+00:00;BNB/USD;322,03800000;352,57200000;315,69400000;349,34700000;7,82
2021-04-03T00:00:00+00:00;BNB/USD;338,58400000;349,18500000;315,56800000;322,03800000;-5,14
2021-04-02T00:00:00+00:00;BNB/USD;335,08400000;357,36900000;326,00000000;338,58400000;1,03
2021-04-01T00:00:00+00:00;BNB/USD;302,62700000;339,14000000;300,80000000;335,08400000;9,69
2021-03-31T00:00:00+00:00;BNB/USD;311,66800000;317,62500000;285,29000000;302,62700000;-2,99
2021-03-30T00:00:00+00:00;BNB/USD;275,29700000;311,87600000;271,32600000;311,66800000;11,67
2021-03-29T00:00:00+00:00;BNB/USD;268,60000000;277,99900000;264,39500000;275,29700000;2,43
2021-03-28T00:00:00+00:00;BNB/USD;269,55300000;281,23900000;261,17400000;268,60000000;-0,35
2021-03-27T00:00:00+00:00;BNB/USD;255,06500000;276,33200000;249,71000000;269,55300000;5,37
2021-03-26T00:00:00+00:00;BNB/USD;234,12100000;255,10200000;234,09500000;255,06500000;8,21
2021-03-25T00:00:00+00:00;BNB/USD;248,62100000;249,81700000;224,64500000;234,12100000;-6,19
2021-03-24T00:00:00+00:00;BNB/USD;255,53600000;268,64200000;240,33600000;248,62100000;-2,78
2021-03-23T00:00:00+00:00;BNB/USD;254,92100000;262,91300000;252,18600000;255,53600000;0,24
2021-03-22T00:00:00+00:00;BNB/USD;264,81700000;277,15600000;253,25100000;254,92100000;-3,88
2021-03-21T00:00:00+00:00;BNB/USD;264,29900000;268,04600000;257,08700000;264,81700000;0,2
2021-03-20T00:00:00+00:00;BNB/USD;263,15100000;274,52100000;261,64700000;264,29900000;0,43
2021-03-19T00:00:00+00:00;BNB/USD;261,39900000;269,18100000;254,98700000;263,15100000;0,67
2021-03-18T00:00:00+00:00;BNB/USD;270,00000000;277,61200000;257,29500000;261,39900000;-3,29
2021-03-17T00:00:00+00:00;BNB/USD;258,31500000;271,91300000;248,44000000;270,00000000;4,33
2021-03-16T00:00:00+00:00;BNB/USD;254,20300000;259,59100000;240,51100000;258,31500000;1,59
2021-03-15T00:00:00+00:00;BNB/USD;263,00100000;267,36800000;249,14500000;254,20300000;-3,46
2021-03-14T00:00:00+00:00;BNB/USD;276,36500000;276,66000000;263,00000000;263,00100000;-5,08
2021-03-13T00:00:00+00:00;BNB/USD;263,25500000;283,98400000;255,56000000;276,36500000;4,74
2021-03-12T00:00:00+00:00;BNB/USD;290,08400000;290,61200000;245,26900000;263,25500000;-10,19
2021-03-11T00:00:00+00:00;BNB/USD;278,10200000;315,27100000;272,44900000;290,08400000;4,13
2021-03-10T00:00:00+00:00;BNB/USD;293,32900000;295,67500000;264,74200000;278,10200000;-5,48
2021-03-09T00:00:00+00:00;BNB/USD;240,44400000;297,35900000;235,86700000;293,32900000;18,03
2021-03-08T00:00:00+00:00;BNB/USD;239,92800000;242,85700000;229,03400000;240,44400000;0,21
2021-03-07T00:00:00+00:00;BNB/USD;226,34900000;243,86900000;225,00000000;239,92800000;5,66
2021-03-06T00:00:00+00:00;BNB/USD;225,25900000;232,25000000;219,45000000;226,34900000;0,48
2021-03-05T00:00:00+00:00;BNB/USD;229,43500000;231,82500000;215,61000000;225,29000000;-1,84
2021-03-04T00:00:00+00:00;BNB/USD;240,74700000;249,85300000;225,61000000;229,62900000;-4,84
2021-03-03T00:00:00+00:00;BNB/USD;239,82600000;254,98800000;236,59100000;240,74700000;0,38
2021-03-02T00:00:00+00:00;BNB/USD;255,11400000;265,08900000;227,34600000;239,82600000;-6,37
2021-03-01T00:00:00+00:00;BNB/USD;210,41700000;260,34300000;209,61800000;255,11400000;17,52
2021-02-28T00:00:00+00:00;BNB/USD;225,65300000;229,18800000;195,04400000;210,41700000;-7,24
2021-02-27T00:00:00+00:00;BNB/USD;221,69700000;237,55100000;219,28100000;225,65300000;1,75
2021-02-26T00:00:00+00:00;BNB/USD;234,58300000;239,17100000;209,57000000;221,69700000;-5,81
2021-02-25T00:00:00+00:00;BNB/USD;254,27700000;265,20600000;231,42800000;234,85600000;-8,27
2021-02-24T00:00:00+00:00;BNB/USD;231,59600000;280,96100000;213,12900000;254,27700000;8,92
2021-02-23T00:00:00+00:00;BNB/USD;267,40000000;269,28900000;186,00000000;231,59600000;-15,46
2021-02-22T00:00:00+00:00;BNB/USD;294,91400000;295,86100000;218,87700000;267,40000000;-10,29
2021-02-21T00:00:00+00:00;BNB/USD;253,46900000;309,00000000;250,33000000;294,91400000;14,05
2021-02-20T00:00:00+00:00;BNB/USD;333,21600000;334,99900000;223,41400000;253,46900000;-31,46
2021-02-19T00:00:00+00:00;BNB/USD;195,37100000;347,19700000;195,11100000;333,21600000;41,37
2021-02-18T00:00:00+00:00;BNB/USD;165,74900000;200,00000000;163,01800000;195,37100000;15,16
2021-02-17T00:00:00+00:00;BNB/USD;130,18500000;175,91500000;126,99700000;165,75100000;21,46
2021-02-16T00:00:00+00:00;BNB/USD;129,86000000;133,49500000;126,37500000;130,18500000;0,25
2021-02-15T00:00:00+00:00;BNB/USD;136,06100000;139,60100000;118,80000000;129,86000000;-4,78
2021-02-14T00:00:00+00:00;BNB/USD;133,29900000;139,23400000;128,60300000;136,06100000;2,03
2021-02-13T00:00:00+00:00;BNB/USD;136,88500000;138,93400000;125,11800000;133,29900000;-2,69
2021-02-12T00:00:00+00:00;BNB/USD;123,93000000;141,32600000;121,16500000;136,88500000;9,46
2021-02-11T00:00:00+00:00;BNB/USD;128,84300000;132,55900000;118,00000000;123,93000000;-3,96
2021-02-10T00:00:00+00:00;BNB/USD;107,57200000;148,18800000;107,48100000;128,84300000;16,51
2021-02-09T00:00:00+00:00;BNB/USD;79,82000000;115,91200000;78,31500000;107,67000000;25,87
2021-02-08T00:00:00+00:00;BNB/USD;68,45900000;79,99100000;67,78900000;79,82000000;14,23
2021-02-07T00:00:00+00:00;BNB/USD;72,86500000;74,83500000;64,33400000;68,45900000;-6,44
2021-02-06T00:00:00+00:00;BNB/USD;67,75800000;75,57700000;61,76500000;72,86500000;7,01
2021-02-05T00:00:00+00:00;BNB/USD;56,08900000;68,73600000;56,07500000;67,75800000;17,22
2021-02-04T00:00:00+00:00;BNB/USD;52,24500000;57,12200000;51,40300000;56,08900000;6,85
2021-02-03T00:00:00+00:00;BNB/USD;51,04600000;52,73300000;49,90200000;52,24500000;2,29
2021-02-02T00:00:00+00:00;BNB/USD;51,43800000;52,97700000;49,39600000;51,04600000;-0,77
2021-02-01T00:00:00+00:00;BNB/USD;44,39600000;52,43800000;43,51100000;51,43800000;13,69
2021-01-31T00:00:00+00:00;BNB/USD;44,83300000;45,86900000;43,39300000;44,39600000;-0,98
2021-01-30T00:00:00+00:00;BNB/USD;42,87100000;45,16200000;42,65000000;44,83300000;4,38
2021-01-29T00:00:00+00:00;BNB/USD;42,62900000;44,08100000;41,92200000;42,87100000;0,56
2021-01-28T00:00:00+00:00;BNB/USD;41,00000000;43,17800000;40,43400000;42,62900000;3,82
2021-01-27T00:00:00+00:00;BNB/USD;41,83700000;42,09100000;39,69200000;41,00000000;-2,04
2021-01-26T00:00:00+00:00;BNB/USD;41,85500000;42,53500000;39,85100000;41,83700000;-0,04
2021-01-25T00:00:00+00:00;BNB/USD;41,87800000;43,43800000;40,57100000;41,85500000;-0,05
2021-01-24T00:00:00+00:00;BNB/USD;40,97300000;42,20700000;40,38700000;41,87800000;2,16
2021-01-23T00:00:00+00:00;BNB/USD;40,91200000;41,87100000;39,56600000;40,97300000;0,15
2021-01-22T00:00:00+00:00;BNB/USD;38,56600000;41,47500000;36,88000000;40,91200000;5,73
2021-01-21T00:00:00+00:00;BNB/USD;42,60000000;42,65300000;38,21500000;38,56600000;-10,46
2021-01-20T00:00:00+00:00;BNB/USD;42,61000000;42,80800000;40,29400000;42,60000000;-0,02
2021-01-19T00:00:00+00:00;BNB/USD;45,38800000;47,23400000;41,74500000;42,61000000;-6,52
2021-01-18T00:00:00+00:00;BNB/USD;45,86800000;46,87600000;44,09400000;45,38800000;-1,06
2021-01-17T00:00:00+00:00;BNB/USD;43,11900000;46,73700000;40,96700000;45,86800000;5,99
2021-01-16T00:00:00+00:00;BNB/USD;40,91400000;44,09400000;40,66800000;43,11900000;5,11
2021-01-15T00:00:00+00:00;BNB/USD;41,83400000;42,52800000;38,70900000;40,91400000;-2,25
2021-01-14T00:00:00+00:00;BNB/USD;40,18200000;41,99600000;39,61500000;41,83400000;3,95
2021-01-13T00:00:00+00:00;BNB/USD;38,23200000;40,48500000;37,02200000;40,18200000;4,85
2021-01-12T00:00:00+00:00;BNB/USD;38,21900000;40,04300000;37,13000000;38,23200000;0,03
2021-01-11T00:00:00+00:00;BNB/USD;42,42500000;42,47700000;34,98700000;38,21900000;-11,0
2021-01-10T00:00:00+00:00;BNB/USD;43,98400000;45,24300000;39,76300000;42,42500000;-3,67
2021-01-09T00:00:00+00:00;BNB/USD;42,36700000;44,17900000;41,57500000;43,98400000;3,68
2021-01-08T00:00:00+00:00;BNB/USD;43,65800000;43,67000000;40,41600000;42,36700000;-3,05
2021-01-07T00:00:00+00:00;BNB/USD;42,30400000;44,55800000;41,49700000;43,65800000;3,1
2021-01-06T00:00:00+00:00;BNB/USD;41,88900000;42,36800000;40,56500000;42,30400000;0,98
2021-01-05T00:00:00+00:00;BNB/USD;41,11300000;41,88900000;38,85000000;41,88900000;1,85
2021-01-04T00:00:00+00:00;BNB/USD;41,28100000;43,41100000;38,08900000;41,11300000;-0,41
2021-01-03T00:00:00+00:00;BNB/USD;38,27900000;41,74500000;37,78800000;41,28100000;7,27
2021-01-02T00:00:00+00:00;BNB/USD;37,84100000;38,92300000;36,90400000;38,27900000;1,14
2021-01-01T00:00:00+00:00;BNB/USD;37,42200000;39,02500000;37,04800000;37,84100000;1,11
2020-12-31T00:00:00+00:00;BNB/USD;38,14500000;38,19100000;36,72100000;37,42200000;-1,93
2020-12-30T00:00:00+00:00;BNB/USD;39,08900000;39,27900000;36,86400000;38,14500000;-2,47
2020-12-29T00:00:00+00:00;BNB/USD;35,89200000;39,62400000;35,28400000;39,08900000;8,18
2020-12-28T00:00:00+00:00;BNB/USD;33,60800000;36,09900000;33,34000000;35,89200000;6,36
2020-12-27T00:00:00+00:00;BNB/USD;33,59900000;34,98000000;31,92600000;33,60800000;0,03
2020-12-26T00:00:00+00:00;BNB/USD;33,17200000;34,00200000;32,55800000;33,59900000;1,27
2020-12-25T00:00:00+00:00;BNB/USD;32,50900000;33,47200000;31,75500000;33,17200000;2,0
2020-12-24T00:00:00+00:00;BNB/USD;31,18000000;32,76600000;30,37300000;32,50900000;4,09
2020-12-23T00:00:00+00:00;BNB/USD;33,53300000;34,44600000;29,88000000;31,18000000;-7,55
2020-12-22T00:00:00+00:00;BNB/USD;32,10300000;33,79100000;30,51000000;33,53300000;4,26
2020-12-21T00:00:00+00:00;BNB/USD;34,27300000;35,62300000;31,52800000;32,10300000;-6,76
2020-12-20T00:00:00+00:00;BNB/USD;33,29600000;35,66400000;32,66200000;34,29200000;2,9
2020-12-19T00:00:00+00:00;BNB/USD;30,99900000;34,24800000;30,95400000;33,29600000;6,9
2020-12-18T00:00:00+00:00;BNB/USD;30,25300000;31,18500000;29,65200000;30,99900000;2,41
2020-12-17T00:00:00+00:00;BNB/USD;30,56400000;31,52000000;29,76300000;30,25300000;-1,03
2020-12-16T00:00:00+00:00;BNB/USD;29,53500000;30,65400000;29,02500000;30,56400000;3,37
2020-12-15T00:00:00+00:00;BNB/USD;30,00300000;30,34800000;29,34700000;29,53500000;-1,58
2020-12-14T00:00:00+00:00;BNB/USD;29,13200000;30,17000000;28,68700000;30,00300000;2,9
2020-12-13T00:00:00+00:00;BNB/USD;28,16100000;29,23500000;28,06000000;29,13200000;3,33
2020-12-12T00:00:00+00:00;BNB/USD;27,35700000;28,23700000;27,29300000;28,16100000;2,86
2020-12-11T00:00:00+00:00;BNB/USD;27,67100000;27,75100000;26,73900000;27,35700000;-1,15
2020-12-10T00:00:00+00:00;BNB/USD;28,14200000;28,24500000;27,40200000;27,67100000;-1,7
2020-12-09T00:00:00+00:00;BNB/USD;27,66900000;28,36700000;26,93400000;28,14200000;1,68
2020-12-08T00:00:00+00:00;BNB/USD;29,36800000;29,48300000;27,45300000;27,66900000;-6,14
2020-12-07T00:00:00+00:00;BNB/USD;29,49000000;29,64700000;29,09300000;29,36800000;-0,42
2020-12-06T00:00:00+00:00;BNB/USD;29,72900000;30,14600000;29,08100000;29,49000000;-0,81
2020-12-05T00:00:00+00:00;BNB/USD;29,02500000;30,06500000;28,66700000;29,72900000;2,37
2020-12-04T00:00:00+00:00;BNB/USD;30,70900000;31,12600000;28,82900000;29,02500000;-5,8
2020-12-03T00:00:00+00:00;BNB/USD;30,29100000;30,82700000;29,92700000;30,70900000;1,36
2020-12-02T00:00:00+00:00;BNB/USD;30,18700000;30,90800000;29,58400000;30,29100000;0,34
2020-12-01T00:00:00+00:00;BNB/USD;31,48400000;31,90600000;29,22000000;30,18700000;-4,3
2020-11-30T00:00:00+00:00;BNB/USD;30,14300000;31,59600000;29,77600000;31,48400000;4,26
2020-11-29T00:00:00+00:00;BNB/USD;29,17200000;30,46500000;28,92300000;30,14300000;3,22
2020-11-28T00:00:00+00:00;BNB/USD;28,43600000;29,65300000;27,95700000;29,17200000;2,52
2020-11-27T00:00:00+00:00;BNB/USD;28,23300000;28,74600000;27,24400000;28,43600000;0,71
2020-11-26T00:00:00+00:00;BNB/USD;31,30000000;31,75000000;26,45800000;28,23300000;-10,86
2020-11-25T00:00:00+00:00;BNB/USD;33,93900000;35,40800000;30,59400000;31,30000000;-8,43
2020-11-24T00:00:00+00:00;BNB/USD;31,00100000;35,16500000;30,84800000;33,93900000;8,66
2020-11-23T00:00:00+00:00;BNB/USD;30,05400000;31,09000000;29,85400000;31,00100000;3,05
2020-11-22T00:00:00+00:00;BNB/USD;30,49800000;31,15600000;28,96300000;30,05400000;-1,48
2020-11-21T00:00:00+00:00;BNB/USD;28,96900000;30,84500000;28,33800000;30,49800000;5,01
2020-11-20T00:00:00+00:00;BNB/USD;28,15100000;29,34000000;28,09600000;28,96900000;2,82
2020-11-19T00:00:00+00:00;BNB/USD;28,10300000;28,36900000;27,66200000;28,15100000;0,17
2020-11-18T00:00:00+00:00;BNB/USD;28,59000000;28,79700000;27,53200000;28,10300000;-1,73
2020-11-17T00:00:00+00:00;BNB/USD;27,97200000;28,76400000;27,96300000;28,59000000;2,16
2020-11-16T00:00:00+00:00;BNB/USD;27,68000000;28,22500000;27,49300000;27,97200000;1,04
2020-11-15T00:00:00+00:00;BNB/USD;27,95700000;28,23000000;27,12100000;27,68000000;-1,0
2020-11-14T00:00:00+00:00;BNB/USD;28,21400000;28,21400000;27,41500000;27,95700000;-0,92
2020-11-13T00:00:00+00:00;BNB/USD;27,69500000;28,53300000;27,57600000;28,21400000;1,84
2020-11-12T00:00:00+00:00;BNB/USD;27,99800000;28,16300000;27,36000000;27,69500000;-1,09
2020-11-11T00:00:00+00:00;BNB/USD;28,21200000;28,58000000;27,84100000;27,99800000;-0,76
2020-11-10T00:00:00+00:00;BNB/USD;28,08900000;28,50500000;27,70600000;28,21200000;0,44
2020-11-09T00:00:00+00:00;BNB/USD;28,39600000;28,98200000;27,38600000;28,08900000;-1,09
2020-11-08T00:00:00+00:00;BNB/USD;27,74700000;28,70300000;27,51100000;28,39600000;2,29
2020-11-07T00:00:00+00:00;BNB/USD;29,07100000;29,87300000;26,88000000;27,74700000;-4,77
2020-11-06T00:00:00+00:00;BNB/USD;27,72300000;29,47700000;27,72300000;29,07100000;4,64
2020-11-05T00:00:00+00:00;BNB/USD;27,00600000;27,91900000;26,71200000;27,72300000;2,59
2020-11-04T00:00:00+00:00;BNB/USD;26,90000000;27,01100000;26,00600000;27,00600000;0,39
2020-11-03T00:00:00+00:00;BNB/USD;27,85300000;27,85500000;25,86300000;26,90000000;-3,54
2020-11-02T00:00:00+00:00;BNB/USD;28,54200000;29,29300000;27,83700000;27,85300000;-2,47
2020-11-01T00:00:00+00:00;BNB/USD;28,51100000;28,69600000;28,10500000;28,54200000;0,11
2020-10-31T00:00:00+00:00;BNB/USD;28,53000000;28,89500000;28,15400000;28,51100000;-0,07
2020-10-30T00:00:00+00:00;BNB/USD;29,88800000;30,26900000;27,55900000;28,53000000;-4,76
2020-10-29T00:00:00+00:00;BNB/USD;30,37700000;30,43500000;29,53800000;29,88800000;-1,64
2020-10-28T00:00:00+00:00;BNB/USD;31,55800000;31,95800000;29,79900000;30,37700000;-3,89
2020-10-27T00:00:00+00:00;BNB/USD;31,12900000;32,42100000;31,00700000;31,55800000;1,36
2020-10-26T00:00:00+00:00;BNB/USD;30,19400000;31,40700000;30,00600000;31,12900000;3,0
2020-10-25T00:00:00+00:00;BNB/USD;30,68300000;31,00600000;29,95100000;30,19400000;-1,62
2020-10-24T00:00:00+00:00;BNB/USD;30,67800000;30,90100000;30,49000000;30,68300000;0,02
2020-10-23T00:00:00+00:00;BNB/USD;30,68100000;31,19000000;30,10400000;30,67800000;-0,01
2020-10-22T00:00:00+00:00;BNB/USD;29,81100000;31,29300000;29,76000000;30,68100000;2,84
2020-10-21T00:00:00+00:00;BNB/USD;28,85100000;30,45600000;28,70000000;29,81100000;3,22
2020-10-20T00:00:00+00:00;BNB/USD;29,93300000;30,11200000;28,53500000;28,85100000;-3,75
2020-10-19T00:00:00+00:00;BNB/USD;30,70200000;30,71600000;29,79400000;29,93300000;-2,57
2020-10-18T00:00:00+00:00;BNB/USD;30,25900000;31,07800000;30,20900000;30,70200000;1,44
2020-10-17T00:00:00+00:00;BNB/USD;30,07100000;30,55100000;29,73700000;30,25900000;0,62
2020-10-16T00:00:00+00:00;BNB/USD;31,36200000;32,01500000;29,64300000;30,07100000;-4,29
2020-10-15T00:00:00+00:00;BNB/USD;30,87300000;31,68800000;30,43700000;31,36200000;1,56
2020-10-14T00:00:00+00:00;BNB/USD;30,75200000;31,35600000;30,42100000;30,87300000;0,39
2020-10-13T00:00:00+00:00;BNB/USD;30,68600000;31,75700000;30,27200000;30,75200000;0,21
2020-10-12T00:00:00+00:00;BNB/USD;28,55100000;31,10500000;28,46900000;30,68600000;6,96
2020-10-11T00:00:00+00:00;BNB/USD;28,42100000;28,71400000;27,91800000;28,55100000;0,46
2020-10-10T00:00:00+00:00;BNB/USD;28,40300000;29,24800000;28,10400000;28,42100000;0,06
2020-10-09T00:00:00+00:00;BNB/USD;27,72000000;28,53700000;27,49400000;28,40300000;2,4
2020-10-08T00:00:00+00:00;BNB/USD;27,69200000;27,81100000;26,52800000;27,72000000;0,1
2020-10-07T00:00:00+00:00;BNB/USD;27,71000000;27,87800000;26,87700000;27,69200000;-0,07
2020-10-06T00:00:00+00:00;BNB/USD;28,62300000;29,00700000;27,26100000;27,71000000;-3,29
2020-10-05T00:00:00+00:00;BNB/USD;28,98100000;29,24500000;28,12200000;28,62300000;-1,25
2020-10-04T00:00:00+00:00;BNB/USD;28,22500000;29,14600000;28,02200000;28,98100000;2,61
2020-10-03T00:00:00+00:00;BNB/USD;27,33500000;28,37200000;27,11200000;28,22500000;3,15
2020-10-02T00:00:00+00:00;BNB/USD;27,47500000;28,19200000;25,73900000;27,33500000;-0,51
2020-10-01T00:00:00+00:00;BNB/USD;29,28700000;29,34400000;26,25000000;27,47500000;-6,6
2020-09-30T00:00:00+00:00;BNB/USD;28,84700000;29,56500000;27,90300000;29,28700000;1,5
2020-09-29T00:00:00+00:00;BNB/USD;26,95200000;28,96400000;26,86700000;28,84700000;6,57
2020-09-28T00:00:00+00:00;BNB/USD;26,23400000;27,69800000;25,85400000;26,95200000;2,66
2020-09-27T00:00:00+00:00;BNB/USD;26,18800000;26,88800000;25,54200000;26,23400000;0,18
2020-09-26T00:00:00+00:00;BNB/USD;24,68600000;26,45600000;24,51600000;26,18800000;5,74
2020-09-25T00:00:00+00:00;BNB/USD;24,58300000;25,06400000;23,77700000;24,68600000;0,42
2020-09-24T00:00:00+00:00;BNB/USD;22,82200000;24,68100000;22,59300000;24,58300000;7,16
2020-09-23T00:00:00+00:00;BNB/USD;24,03300000;24,31900000;22,47600000;22,82200000;-5,31
2020-09-22T00:00:00+00:00;BNB/USD;23,10900000;24,55800000;22,71300000;24,03300000;3,84
2020-09-21T00:00:00+00:00;BNB/USD;26,32600000;26,66000000;22,27300000;23,10900000;-13,92
2020-09-20T00:00:00+00:00;BNB/USD;27,18200000;27,30400000;25,14800000;26,32600000;-3,25
2020-09-19T00:00:00+00:00;BNB/USD;27,64200000;27,96100000;26,69200000;27,18200000;-1,69
2020-09-18T00:00:00+00:00;BNB/USD;27,06800000;28,74600000;26,63400000;27,64200000;2,08
2020-09-17T00:00:00+00:00;BNB/USD;27,85700000;28,80700000;26,11800000;27,06800000;-2,91
2020-09-16T00:00:00+00:00;BNB/USD;27,10900000;28,43500000;25,87900000;27,85700000;2,69
2020-09-15T00:00:00+00:00;BNB/USD;31,24200000;31,26300000;26,76500000;27,10900000;-15,25
2020-09-14T00:00:00+00:00;BNB/USD;31,16500000;33,38300000;29,09000000;31,24200000;0,25
2020-09-13T00:00:00+00:00;BNB/USD;28,52900000;32,38700000;28,10000000;31,16700000;8,46
2020-09-12T00:00:00+00:00;BNB/USD;25,41000000;28,52900000;25,40000000;28,52900000;10,93
2020-09-11T00:00:00+00:00;BNB/USD;24,54000000;25,68900000;23,10000000;25,41000000;3,42
2020-09-10T00:00:00+00:00;BNB/USD;24,48500000;25,59500000;24,11900000;24,54000000;0,22
2020-09-09T00:00:00+00:00;BNB/USD;23,26300000;24,54300000;22,43500000;24,48500000;4,99
2020-09-08T00:00:00+00:00;BNB/USD;22,43100000;23,40800000;21,28900000;23,26300000;3,58
2020-09-07T00:00:00+00:00;BNB/USD;23,16300000;23,52900000;20,07500000;22,43100000;-3,26
2020-09-06T00:00:00+00:00;BNB/USD;19,46200000;23,43100000;18,55200000;23,16300000;15,98
2020-09-05T00:00:00+00:00;BNB/USD;20,98700000;21,49900000;18,01600000;19,46200000;-7,84
2020-09-04T00:00:00+00:00;BNB/USD;20,45700000;21,83600000;19,40000000;20,98700000;2,53
2020-09-03T00:00:00+00:00;BNB/USD;24,72300000;25,55000000;20,19200000;20,45700000;-20,85
2020-09-02T00:00:00+00:00;BNB/USD;24,72900000;25,81200000;23,18200000;24,72300000;-0,02
2020-09-01T00:00:00+00:00;BNB/USD;23,13600000;25,43600000;22,86000000;24,72900000;6,44
2020-08-31T00:00:00+00:00;BNB/USD;23,61300000;23,90400000;22,98500000;23,13600000;-2,06
2020-08-30T00:00:00+00:00;BNB/USD;22,95800000;23,81100000;22,91600000;23,61300000;2,77
2020-08-29T00:00:00+00:00;BNB/USD;23,09500000;23,50200000;22,78100000;22,95800000;-0,6
2020-08-28T00:00:00+00:00;BNB/USD;23,09300000;23,55700000;22,65500000;23,09500000;0,01
2020-08-27T00:00:00+00:00;BNB/USD;22,21000000;23,12200000;21,82800000;23,09300000;3,82
2020-08-26T00:00:00+00:00;BNB/USD;21,41500000;22,47200000;21,28800000;22,21000000;3,58
2020-08-25T00:00:00+00:00;BNB/USD;22,60500000;22,62700000;21,00000000;21,41500000;-5,56
2020-08-24T00:00:00+00:00;BNB/USD;21,85100000;22,97200000;21,69800000;22,60500000;3,34
2020-08-23T00:00:00+00:00;BNB/USD;22,20600000;22,22900000;21,57700000;21,85100000;-1,62
2020-08-22T00:00:00+00:00;BNB/USD;22,06600000;22,24600000;21,29000000;22,20600000;0,63
2020-08-21T00:00:00+00:00;BNB/USD;23,09300000;23,30500000;21,73000000;22,06600000;-4,65
2020-08-20T00:00:00+00:00;BNB/USD;22,36900000;23,31800000;22,04800000;23,09300000;3,14
2020-08-19T00:00:00+00:00;BNB/USD;23,01400000;23,24600000;21,87200000;22,36900000;-2,88
2020-08-18T00:00:00+00:00;BNB/USD;23,54400000;23,77800000;22,42900000;23,01400000;-2,3
2020-08-17T00:00:00+00:00;BNB/USD;23,51600000;23,93500000;23,00700000;23,54400000;0,12
2020-08-16T00:00:00+00:00;BNB/USD;23,08400000;23,76900000;22,74100000;23,51600000;1,84
2020-08-15T00:00:00+00:00;BNB/USD;23,12800000;23,78700000;22,78100000;23,08400000;-0,19
2020-08-14T00:00:00+00:00;BNB/USD;21,79000000;23,30700000;21,31200000;23,12800000;5,79
2020-08-13T00:00:00+00:00;BNB/USD;21,51300000;21,86200000;20,67000000;21,79000000;1,27
2020-08-12T00:00:00+00:00;BNB/USD;21,25400000;21,96900000;20,57300000;21,51300000;1,2
2020-08-11T00:00:00+00:00;BNB/USD;22,63500000;22,72100000;20,68200000;21,25400000;-6,5
2020-08-10T00:00:00+00:00;BNB/USD;22,43500000;22,80200000;22,05900000;22,63500000;0,88
2020-08-09T00:00:00+00:00;BNB/USD;22,92000000;22,92000000;22,06800000;22,43500000;-2,16
2020-08-08T00:00:00+00:00;BNB/USD;22,34000000;22,92000000;21,88200000;22,92000000;2,53
2020-08-07T00:00:00+00:00;BNB/USD;22,74600000;22,97700000;21,50100000;22,34000000;-1,82
2020-08-06T00:00:00+00:00;BNB/USD;23,28900000;23,30900000;22,56700000;22,74600000;-2,39
2020-08-05T00:00:00+00:00;BNB/USD;22,30800000;23,52500000;22,07700000;23,28900000;4,21
2020-08-04T00:00:00+00:00;BNB/USD;22,05900000;22,45400000;21,45700000;22,30800000;1,12
2020-08-03T00:00:00+00:00;BNB/USD;20,98500000;22,49000000;20,70400000;22,05900000;4,87
2020-08-02T00:00:00+00:00;BNB/USD;21,62600000;22,17400000;19,81000000;20,98500000;-3,05
2020-08-01T00:00:00+00:00;BNB/USD;20,69200000;21,75400000;20,61600000;21,62600000;4,32
2020-07-31T00:00:00+00:00;BNB/USD;20,01100000;20,84900000;19,94700000;20,69200000;3,29
2020-07-30T00:00:00+00:00;BNB/USD;19,89800000;20,10900000;19,51100000;20,01100000;0,56
2020-07-29T00:00:00+00:00;BNB/USD;20,17800000;20,39700000;19,80700000;19,89800000;-1,41
2020-07-28T00:00:00+00:00;BNB/USD;19,79600000;20,68800000;19,47300000;20,17800000;1,89
2020-07-27T00:00:00+00:00;BNB/USD;19,56300000;20,22100000;18,41300000;19,79600000;1,18
2020-07-26T00:00:00+00:00;BNB/USD;19,83200000;20,30700000;19,28800000;19,56300000;-1,38
2020-07-25T00:00:00+00:00;BNB/USD;19,19700000;20,05400000;19,18400000;19,83200000;3,2
2020-07-24T00:00:00+00:00;BNB/USD;18,77300000;19,56800000;18,23000000;19,19700000;2,21
2020-07-23T00:00:00+00:00;BNB/USD;18,11200000;18,77700000;18,08500000;18,77300000;3,52
2020-07-22T00:00:00+00:00;BNB/USD;17,72900000;18,12800000;17,45100000;18,11200000;2,11
2020-07-21T00:00:00+00:00;BNB/USD;17,48000000;17,98600000;17,41700000;17,72900000;1,4
2020-07-20T00:00:00+00:00;BNB/USD;18,01400000;18,32400000;17,26800000;17,48000000;-3,05
2020-07-19T00:00:00+00:00;BNB/USD;17,15100000;18,09100000;16,89700000;18,01400000;4,79
2020-07-18T00:00:00+00:00;BNB/USD;17,07400000;17,31900000;16,83600000;17,15100000;0,45
2020-07-17T00:00:00+00:00;BNB/USD;17,14900000;17,45500000;16,95900000;17,07400000;-0,44
2020-07-16T00:00:00+00:00;BNB/USD;17,60200000;17,73200000;16,54200000;17,14900000;-2,64
2020-07-15T00:00:00+00:00;BNB/USD;18,08400000;18,13300000;17,43300000;17,60200000;-2,74
2020-07-14T00:00:00+00:00;BNB/USD;18,39800000;18,73200000;17,89900000;18,08400000;-1,74
2020-07-13T00:00:00+00:00;BNB/USD;18,30000000;18,99100000;17,75000000;18,39800000;0,53
2020-07-12T00:00:00+00:00;BNB/USD;17,61600000;18,58700000;17,61200000;18,30000000;3,74
2020-07-11T00:00:00+00:00;BNB/USD;17,29600000;17,66700000;17,03900000;17,61600000;1,82
2020-07-10T00:00:00+00:00;BNB/USD;16,82000000;17,33500000;16,44400000;17,29600000;2,75
2020-07-09T00:00:00+00:00;BNB/USD;17,26600000;17,48800000;16,48300000;16,82000000;-2,65
2020-07-08T00:00:00+00:00;BNB/USD;16,78500000;17,44800000;16,60100000;17,26600000;2,79
2020-07-07T00:00:00+00:00;BNB/USD;16,31300000;16,85700000;16,03900000;16,78500000;2,81
2020-07-06T00:00:00+00:00;BNB/USD;15,49600000;16,33400000;15,46200000;16,31300000;5,01
2020-07-05T00:00:00+00:00;BNB/USD;15,55200000;15,59600000;15,13100000;15,49600000;-0,36
2020-07-04T00:00:00+00:00;BNB/USD;15,28700000;15,62600000;15,23800000;15,55200000;1,7
2020-07-03T00:00:00+00:00;BNB/USD;15,36400000;15,46700000;15,26800000;15,28700000;-0,5
2020-07-02T00:00:00+00:00;BNB/USD;15,82200000;15,96100000;15,08300000;15,36400000;-2,98
2020-07-01T00:00:00+00:00;BNB/USD;15,39800000;15,87900000;15,33900000;15,82200000;2,68
2020-06-30T00:00:00+00:00;BNB/USD;15,46100000;15,52500000;15,25300000;15,39800000;-0,41
2020-06-29T00:00:00+00:00;BNB/USD;15,36700000;15,57600000;15,19600000;15,46100000;0,61
2020-06-28T00:00:00+00:00;BNB/USD;15,11900000;15,47500000;14,90400000;15,36700000;1,61
2020-06-27T00:00:00+00:00;BNB/USD;15,76200000;15,84000000;14,80000000;15,11900000;-4,25
2020-06-26T00:00:00+00:00;BNB/USD;15,89200000;15,96700000;15,55200000;15,76200000;-0,82
2020-06-25T00:00:00+00:00;BNB/USD;15,97400000;16,05600000;15,46300000;15,89200000;-0,52
2020-06-24T00:00:00+00:00;BNB/USD;16,37300000;16,63700000;15,92700000;15,97400000;-2,5
2020-06-23T00:00:00+00:00;BNB/USD;16,49900000;16,53900000;16,26600000;16,37300000;-0,77
2020-06-22T00:00:00+00:00;BNB/USD;15,95600000;16,54800000;15,94100000;16,49900000;3,29
2020-06-21T00:00:00+00:00;BNB/USD;16,06000000;16,30200000;15,91700000;15,95600000;-0,65
2020-06-20T00:00:00+00:00;BNB/USD;15,93700000;16,06300000;15,70000000;16,06000000;0,77
2020-06-19T00:00:00+00:00;BNB/USD;16,14900000;16,25700000;15,88900000;15,93700000;-1,33
2020-06-18T00:00:00+00:00;BNB/USD;16,37200000;16,50700000;15,87800000;16,14900000;-1,38
2020-06-17T00:00:00+00:00;BNB/USD;16,43400000;16,61500000;15,96900000;16,37200000;-0,38
2020-06-16T00:00:00+00:00;BNB/USD;16,39100000;16,64200000;16,16400000;16,43400000;0,26
2020-06-15T00:00:00+00:00;BNB/USD;16,55900000;16,56100000;15,49100000;16,39100000;-1,02
2020-06-14T00:00:00+00:00;BNB/USD;16,80400000;16,82500000;16,39900000;16,55900000;-1,48
2020-06-13T00:00:00+00:00;BNB/USD;16,62400000;16,81300000;16,49100000;16,80400000;1,07
2020-06-12T00:00:00+00:00;BNB/USD;16,21200000;16,79300000;16,08700000;16,62400000;2,48
2020-06-11T00:00:00+00:00;BNB/USD;17,40700000;17,52900000;15,90100000;16,21200000;-7,37
2020-06-10T00:00:00+00:00;BNB/USD;17,38700000;17,62400000;17,18800000;17,40700000;0,11
2020-06-09T00:00:00+00:00;BNB/USD;17,44200000;17,51600000;17,04800000;17,38700000;-0,32
2020-06-08T00:00:00+00:00;BNB/USD;17,41100000;17,56100000;17,27800000;17,44200000;0,18
2020-06-07T00:00:00+00:00;BNB/USD;17,55900000;17,61800000;16,86300000;17,41100000;-0,85
2020-06-06T00:00:00+00:00;BNB/USD;17,66800000;17,77100000;17,49900000;17,55900000;-0,62
2020-06-05T00:00:00+00:00;BNB/USD;17,52500000;17,87900000;17,45700000;17,66800000;0,81
2020-06-04T00:00:00+00:00;BNB/USD;17,59000000;17,63800000;17,09100000;17,52500000;-0,37
2020-06-03T00:00:00+00:00;BNB/USD;17,28100000;17,61600000;17,00600000;17,59000000;1,76
2020-06-02T00:00:00+00:00;BNB/USD;17,92200000;18,17500000;16,69300000;17,28100000;-3,71
2020-06-01T00:00:00+00:00;BNB/USD;17,06500000;18,17000000;16,97900000;17,92200000;4,78
2020-05-31T00:00:00+00:00;BNB/USD;17,73500000;18,16000000;16,85700000;17,06500000;-3,93
2020-05-30T00:00:00+00:00;BNB/USD;17,00400000;17,77100000;16,94000000;17,73500000;4,12
2020-05-29T00:00:00+00:00;BNB/USD;17,06500000;17,17500000;16,65100000;17,00400000;-0,36
2020-05-28T00:00:00+00:00;BNB/USD;16,46300000;17,15100000;16,40000000;17,06500000;3,53
2020-05-27T00:00:00+00:00;BNB/USD;16,21500000;16,52000000;16,16800000;16,46300000;1,51
2020-05-26T00:00:00+00:00;BNB/USD;16,37800000;16,48400000;15,96200000;16,21500000;-1,01
2020-05-25T00:00:00+00:00;BNB/USD;15,94000000;16,41000000;15,80100000;16,37800000;2,67
2020-05-24T00:00:00+00:00;BNB/USD;16,48000000;16,77000000;15,94000000;15,94000000;-3,39
2020-05-23T00:00:00+00:00;BNB/USD;16,58400000;16,84000000;16,34000000;16,48000000;-0,63
2020-05-22T00:00:00+00:00;BNB/USD;16,05900000;16,90100000;15,91900000;16,58400000;3,17
2020-05-21T00:00:00+00:00;BNB/USD;16,89100000;17,04300000;15,70800000;16,05900000;-5,18
2020-05-20T00:00:00+00:00;BNB/USD;17,21800000;17,31800000;16,49200000;16,89100000;-1,94
2020-05-19T00:00:00+00:00;BNB/USD;16,62100000;17,23300000;16,28900000;17,21800000;3,47
2020-05-18T00:00:00+00:00;BNB/USD;16,28200000;16,83900000;16,25800000;16,62100000;2,04
2020-05-17T00:00:00+00:00;BNB/USD;16,06100000;16,50900000;16,00000000;16,28200000;1,36
2020-05-16T00:00:00+00:00;BNB/USD;15,68500000;16,22700000;15,56900000;16,06100000;2,34
2020-05-15T00:00:00+00:00;BNB/USD;16,38500000;16,46200000;15,56500000;15,68500000;-4,46
2020-05-14T00:00:00+00:00;BNB/USD;16,20900000;16,70300000;16,05000000;16,38500000;1,07
2020-05-13T00:00:00+00:00;BNB/USD;15,79300000;16,36300000;15,70600000;16,20900000;2,57
2020-05-12T00:00:00+00:00;BNB/USD;15,09500000;16,25900000;14,98100000;15,79300000;4,42
2020-05-11T00:00:00+00:00;BNB/USD;15,34800000;15,55100000;14,05900000;15,09500000;-1,68
2020-05-10T00:00:00+00:00;BNB/USD;16,75900000;16,77500000;13,81300000;15,34800000;-9,19
2020-05-09T00:00:00+00:00;BNB/USD;17,14300000;17,49900000;16,75900000;16,75900000;-2,29
2020-05-08T00:00:00+00:00;BNB/USD;17,01900000;17,42500000;16,85100000;17,14700000;0,75
2020-05-07T00:00:00+00:00;BNB/USD;16,39600000;17,26300000;16,13400000;17,01900000;3,66
2020-05-06T00:00:00+00:00;BNB/USD;16,89800000;17,17500000;16,35800000;16,39600000;-3,06
2020-05-05T00:00:00+00:00;BNB/USD;17,02900000;17,31900000;16,62500000;16,89800000;-0,78
2020-05-04T00:00:00+00:00;BNB/USD;17,10400000;17,31800000;16,29300000;17,02900000;-0,44
2020-05-03T00:00:00+00:00;BNB/USD;17,54000000;17,81800000;16,87800000;17,10400000;-2,55
2020-05-02T00:00:00+00:00;BNB/USD;17,46900000;17,59600000;17,30300000;17,54000000;0,4
2020-05-01T00:00:00+00:00;BNB/USD;16,97400000;17,86300000;16,95900000;17,46900000;2,83
2020-04-30T00:00:00+00:00;BNB/USD;17,38800000;18,17900000;16,47400000;16,97400000;-2,44
2020-04-29T00:00:00+00:00;BNB/USD;16,36300000;17,56700000;16,32700000;17,38800000;5,89
2020-04-28T00:00:00+00:00;BNB/USD;16,43300000;16,49500000;16,15900000;16,36600000;-0,41
2020-04-27T00:00:00+00:00;BNB/USD;16,37000000;16,57000000;16,06700000;16,43300000;0,38
2020-04-26T00:00:00+00:00;BNB/USD;16,22100000;16,44900000;16,04300000;16,37000000;0,91
2020-04-25T00:00:00+00:00;BNB/USD;15,92800000;16,44300000;15,77800000;16,22100000;1,81
2020-04-24T00:00:00+00:00;BNB/USD;16,04600000;16,27800000;15,69400000;15,92800000;-0,74
2020-04-23T00:00:00+00:00;BNB/USD;15,67700000;16,52300000;15,42600000;16,04600000;2,3
2020-04-22T00:00:00+00:00;BNB/USD;15,13800000;15,83100000;14,94100000;15,67700000;3,44
2020-04-21T00:00:00+00:00;BNB/USD;14,98800000;15,44000000;14,74300000;15,13800000;0,99
2020-04-20T00:00:00+00:00;BNB/USD;16,06600000;16,45400000;14,86000000;14,99800000;-7,12
2020-04-19T00:00:00+00:00;BNB/USD;16,61800000;16,67600000;15,86700000;16,06600000;-3,44
2020-04-18T00:00:00+00:00;BNB/USD;15,65100000;16,83200000;15,64000000;16,61800000;5,82
2020-04-17T00:00:00+00:00;BNB/USD;15,74500000;15,92800000;15,26100000;15,65100000;-0,6
2020-04-16T00:00:00+00:00;BNB/USD;14,57500000;15,78400000;14,12600000;15,74500000;7,43
2020-04-15T00:00:00+00:00;BNB/USD;15,60200000;15,84200000;14,52300000;14,57500000;-7,05
2020-04-14T00:00:00+00:00;BNB/USD;15,05000000;15,98500000;14,80800000;15,60200000;3,54
2020-04-13T00:00:00+00:00;BNB/USD;14,27000000;15,10300000;13,66500000;15,05000000;5,18
2020-04-12T00:00:00+00:00;BNB/USD;13,81800000;14,85900000;13,66700000;14,27000000;3,17
2020-04-11T00:00:00+00:00;BNB/USD;13,71300000;14,08000000;13,55000000;13,81800000;0,76
2020-04-10T00:00:00+00:00;BNB/USD;15,01800000;15,06300000;13,46900000;13,71300000;-9,52
2020-04-09T00:00:00+00:00;BNB/USD;15,10500000;15,21400000;14,63600000;15,01800000;-0,58
2020-04-08T00:00:00+00:00;BNB/USD;14,69700000;15,34000000;14,53200000;15,10500000;2,7
2020-04-07T00:00:00+00:00;BNB/USD;15,18100000;15,48400000;14,24500000;14,69700000;-3,29
2020-04-06T00:00:00+00:00;BNB/USD;13,69800000;15,19800000;13,64900000;15,18100000;9,77
2020-04-05T00:00:00+00:00;BNB/USD;13,77000000;13,96500000;13,41300000;13,69800000;-0,53
2020-04-04T00:00:00+00:00;BNB/USD;13,35900000;14,07800000;13,17000000;13,77000000;2,98
2020-04-03T00:00:00+00:00;BNB/USD;13,02500000;13,57400000;12,92100000;13,36100000;2,51
2020-04-02T00:00:00+00:00;BNB/USD;12,74600000;13,74000000;12,57800000;13,02100000;2,11
2020-04-01T00:00:00+00:00;BNB/USD;12,56400000;12,76700000;11,99800000;12,73500000;1,34
2020-03-31T00:00:00+00:00;BNB/USD;12,15100000;12,72300000;12,12200000;12,56400000;3,29
2020-03-30T00:00:00+00:00;BNB/USD;11,28500000;12,44100000;11,24300000;12,15100000;7,13
2020-03-29T00:00:00+00:00;BNB/USD;12,18100000;12,24600000;11,23400000;11,28500000;-7,94
2020-03-28T00:00:00+00:00;BNB/USD;12,35500000;12,41300000;11,66300000;12,18100000;-1,43
2020-03-27T00:00:00+00:00;BNB/USD;13,23300000;13,42300000;12,04100000;12,35500000;-7,11
2020-03-26T00:00:00+00:00;BNB/USD;12,32400000;13,28800000;12,18500000;13,23300000;6,87
2020-03-25T00:00:00+00:00;BNB/USD;12,42900000;12,75000000;12,09500000;12,32400000;-0,85
2020-03-24T00:00:00+00:00;BNB/USD;12,20800000;12,59200000;11,95700000;12,42900000;1,78
2020-03-23T00:00:00+00:00;BNB/USD;11,16600000;12,60900000;10,81700000;12,21100000;8,56
2020-03-22T00:00:00+00:00;BNB/USD;12,09900000;12,48700000;11,05300000;11,16600000;-8,36
2020-03-21T00:00:00+00:00;BNB/USD;11,90300000;12,46100000;11,29200000;12,09900000;1,62
2020-03-20T00:00:00+00:00;BNB/USD;12,30100000;13,69900000;10,35600000;11,90300000;-3,34
2020-03-19T00:00:00+00:00;BNB/USD;10,40400000;12,72100000;10,26000000;12,30100000;15,42
2020-03-18T00:00:00+00:00;BNB/USD;10,27500000;10,46600000;9,70400000;10,40400000;1,24
2020-03-17T00:00:00+00:00;BNB/USD;9,41400000;10,54200000;9,35700000;10,27500000;8,38
2020-03-16T00:00:00+00:00;BNB/USD;10,35700000;10,35700000;8,41500000;9,41400000;-10,02
2020-03-15T00:00:00+00:00;BNB/USD;10,11900000;11,35200000;9,95900000;10,35700000;2,3
2020-03-14T00:00:00+00:00;BNB/USD;11,06100000;11,30000000;9,87700000;10,11900000;-9,31
2020-03-13T00:00:00+00:00;BNB/USD;9,33500000;11,68900000;6,50100000;11,06100000;15,6
2020-03-12T00:00:00+00:00;BNB/USD;16,55500000;16,60200000;8,99700000;9,37200000;-76,64
2020-03-11T00:00:00+00:00;BNB/USD;16,85100000;17,10700000;15,43800000;16,55500000;-1,79
2020-03-10T00:00:00+00:00;BNB/USD;16,56900000;17,47300000;16,34000000;16,84700000;1,65
2020-03-09T00:00:00+00:00;BNB/USD;16,86700000;17,47000000;15,60100000;16,56900000;-1,8
2020-03-08T00:00:00+00:00;BNB/USD;20,22600000;20,23800000;16,76800000;16,86700000;-19,91
2020-03-07T00:00:00+00:00;BNB/USD;21,37000000;21,47800000;19,76900000;20,22600000;-5,66
2020-03-06T00:00:00+00:00;BNB/USD;20,74700000;21,75600000;20,69000000;21,37000000;2,92
2020-03-05T00:00:00+00:00;BNB/USD;19,94000000;21,45400000;19,93000000;20,75200000;3,91
2020-03-04T00:00:00+00:00;BNB/USD;19,64000000;20,25600000;19,54900000;19,94000000;1,5
2020-03-03T00:00:00+00:00;BNB/USD;19,91200000;20,38500000;19,31100000;19,64000000;-1,38
2020-03-02T00:00:00+00:00;BNB/USD;18,85100000;20,07700000;18,73600000;19,91200000;5,33
2020-03-01T00:00:00+00:00;BNB/USD;19,22700000;19,86400000;18,48400000;18,87300000;-1,88
2020-02-29T00:00:00+00:00;BNB/USD;19,00000000;20,27400000;18,82000000;19,22700000;1,18
2020-02-28T00:00:00+00:00;BNB/USD;19,13300000;19,72400000;17,87100000;19,01600000;-0,62
2020-02-27T00:00:00+00:00;BNB/USD;18,70900000;19,62900000;17,70800000;19,13300000;2,22
2020-02-26T00:00:00+00:00;BNB/USD;20,30000000;20,48500000;17,84300000;18,68400000;-8,65
2020-02-25T00:00:00+00:00;BNB/USD;22,06100000;22,06100000;20,07400000;20,30000000;-8,67
2020-02-24T00:00:00+00:00;BNB/USD;22,90600000;23,29600000;21,45500000;22,06100000;-3,83
2020-02-23T00:00:00+00:00;BNB/USD;21,95100000;22,99800000;21,93300000;22,90600000;4,17
2020-02-22T00:00:00+00:00;BNB/USD;22,17600000;22,31100000;21,17500000;21,95100000;-1,03
2020-02-21T00:00:00+00:00;BNB/USD;22,13900000;22,86900000;21,81400000;22,17600000;0,17
2020-02-20T00:00:00+00:00;BNB/USD;22,38700000;22,70200000;21,04900000;22,15500000;-1,05
2020-02-19T00:00:00+00:00;BNB/USD;24,12800000;24,33800000;21,40000000;22,39200000;-7,75
2020-02-18T00:00:00+00:00;BNB/USD;23,44600000;24,56000000;22,78300000;24,12800000;2,83
2020-02-17T00:00:00+00:00;BNB/USD;23,29000000;23,57400000;21,54400000;23,44500000;0,66
2020-02-16T00:00:00+00:00;BNB/USD;24,23000000;25,25000000;21,73600000;23,29000000;-4,04
2020-02-15T00:00:00+00:00;BNB/USD;26,37300000;26,47100000;23,44000000;24,23000000;-8,84
2020-02-14T00:00:00+00:00;BNB/USD;25,42500000;26,54300000;24,96300000;26,37100000;3,59
2020-02-13T00:00:00+00:00;BNB/USD;26,49400000;27,28900000;24,57600000;25,42100000;-4,22
2020-02-12T00:00:00+00:00;BNB/USD;25,76200000;26,97400000;25,42800000;26,49400000;2,76
2020-02-11T00:00:00+00:00;BNB/USD;25,11200000;25,81100000;24,12700000;25,75100000;2,48
2020-02-10T00:00:00+00:00;BNB/USD;24,32900000;25,80600000;23,16600000;25,07500000;2,98
2020-02-09T00:00:00+00:00;BNB/USD;21,79600000;24,36800000;21,61300000;24,33800000;10,44
2020-02-08T00:00:00+00:00;BNB/USD;22,04700000;22,17100000;20,88800000;21,79700000;-1,15
2020-02-07T00:00:00+00:00;BNB/USD;20,62900000;22,51000000;20,50100000;22,05700000;6,47
2020-02-06T00:00:00+00:00;BNB/USD;19,25000000;20,84300000;19,02400000;20,63700000;6,72
2020-02-05T00:00:00+00:00;BNB/USD;18,12000000;19,50300000;18,10300000;19,25000000;5,87
2020-02-04T00:00:00+00:00;BNB/USD;18,42200000;18,59700000;17,85300000;18,12000000;-1,67
2020-02-03T00:00:00+00:00;BNB/USD;18,43400000;18,99700000;18,14500000;18,42200000;-0,07
2020-02-02T00:00:00+00:00;BNB/USD;18,27300000;18,80000000;17,80100000;18,43600000;0,88
2020-02-01T00:00:00+00:00;BNB/USD;18,19900000;18,55600000;18,04100000;18,25300000;0,3
2020-01-31T00:00:00+00:00;BNB/USD;18,57400000;18,86800000;17,74000000;18,18600000;-2,13
2020-01-30T00:00:00+00:00;BNB/USD;17,86400000;18,72400000;17,62900000;18,57000000;3,8
2020-01-29T00:00:00+00:00;BNB/USD;18,04100000;18,42300000;17,80500000;17,85500000;-1,04
2020-01-28T00:00:00+00:00;BNB/USD;17,63500000;18,14000000;17,44500000;18,09100000;2,52
2020-01-27T00:00:00+00:00;BNB/USD;17,44600000;17,86700000;17,20000000;17,64800000;1,14
2020-01-26T00:00:00+00:00;BNB/USD;16,90400000;17,45700000;16,81300000;17,44600000;3,11
2020-01-25T00:00:00+00:00;BNB/USD;17,07400000;17,10500000;16,55400000;16,90500000;-1,0
2020-01-24T00:00:00+00:00;BNB/USD;17,03300000;17,39700000;16,42800000;17,10300000;0,41
2020-01-23T00:00:00+00:00;BNB/USD;17,77300000;17,77300000;16,70700000;17,02200000;-4,41
2020-01-22T00:00:00+00:00;BNB/USD;18,08200000;18,38900000;17,55700000;17,77300000;-1,74
2020-01-21T00:00:00+00:00;BNB/USD;17,29400000;18,16500000;17,20900000;18,08200000;4,36
2020-01-20T00:00:00+00:00;BNB/USD;17,34100000;17,53500000;16,80900000;17,29400000;-0,27
2020-01-19T00:00:00+00:00;BNB/USD;17,79500000;18,47500000;16,68700000;17,34100000;-2,62
2020-01-18T00:00:00+00:00;BNB/USD;18,05800000;18,32400000;17,76600000;17,79500000;-1,48
2020-01-17T00:00:00+00:00;BNB/USD;17,02400000;18,44900000;17,02400000;18,05800000;5,73
2020-01-16T00:00:00+00:00;BNB/USD;17,67500000;17,69000000;16,35100000;17,02400000;-3,82
2020-01-15T00:00:00+00:00;BNB/USD;16,66000000;18,07100000;16,28000000;17,67500000;5,74
2020-01-14T00:00:00+00:00;BNB/USD;15,15700000;16,94400000;15,15700000;16,66000000;9,02
2020-01-13T00:00:00+00:00;BNB/USD;15,34700000;15,35600000;14,98100000;15,15700000;-1,25
2020-01-12T00:00:00+00:00;BNB/USD;14,98000000;15,45600000;14,98000000;15,34700000;2,39
2020-01-11T00:00:00+00:00;BNB/USD;15,10000000;15,36200000;14,74300000;14,98000000;-0,8
2020-01-10T00:00:00+00:00;BNB/USD;14,38700000;15,11200000;14,11500000;15,10000000;4,72
2020-01-09T00:00:00+00:00;BNB/USD;14,52500000;14,57900000;14,19500000;14,38600000;-0,97
2020-01-08T00:00:00+00:00;BNB/USD;15,00900000;15,29700000;14,18700000;14,52500000;-3,33
2020-01-07T00:00:00+00:00;BNB/USD;14,95800000;15,17700000;14,46000000;15,01900000;0,41

