DATE/TIME;SYMBOL;OPEN;HIGH;LOW;CLOSE;EVOL % CLOSE/HIGH
2022-01-05T00:00:00+00:00;MIDBULL/USD;56,75000000;59,62500000;56,22500000;59,02500000;3,85
2022-01-04T00:00:00+00:00;MIDBULL/USD;58,72500000;61,97500000;55,05000000;56,75000000;-3,48
2022-01-03T00:00:00+00:00;MIDBULL/USD;59,62500000;60,80000000;55,30000000;58,72500000;-1,53
2022-01-02T00:00:00+00:00;MIDBULL/USD;58,50000000;60,52500000;55,70000000;59,62500000;1,89
2022-01-01T00:00:00+00:00;MIDBULL/USD;52,07000000;58,50000000;52,00000000;58,50000000;10,99
2021-12-31T00:00:00+00:00;MIDBULL/USD;58,37500000;58,37500000;49,21000000;52,07000000;-12,11
2021-12-30T00:00:00+00:00;MIDBULL/USD;49,18000000;58,37500000;46,99000000;58,37500000;15,75
2021-12-29T00:00:00+00:00;MIDBULL/USD;53,57500000;56,25000000;48,42500000;49,18000000;-8,94
2021-12-28T00:00:00+00:00;MIDBULL/USD;68,22500000;68,32500000;52,45000000;53,57500000;-27,34
2021-12-27T00:00:00+00:00;MIDBULL/USD;68,47500000;74,35000000;68,12500000;68,22500000;-0,37
2021-12-26T00:00:00+00:00;MIDBULL/USD;66,22500000;69,57500000;60,70000000;68,47500000;3,29
2021-12-25T00:00:00+00:00;MIDBULL/USD;62,12500000;67,55000000;61,30000000;66,22500000;6,19
2021-12-24T00:00:00+00:00;MIDBULL/USD;63,02500000;69,10000000;58,80000000;62,12500000;-1,45
2021-12-23T00:00:00+00:00;MIDBULL/USD;53,47500000;67,65000000;52,17500000;63,02500000;15,15
2021-12-22T00:00:00+00:00;MIDBULL/USD;49,75000000;55,76000000;48,90000000;53,47500000;6,97
2021-12-21T00:00:00+00:00;MIDBULL/USD;44,67000000;50,07000000;44,16000000;49,75000000;10,21
2021-12-20T00:00:00+00:00;MIDBULL/USD;46,21000000;47,12000000;40,18000000;44,67000000;-3,45
2021-12-19T00:00:00+00:00;MIDBULL/USD;47,74000000;49,81000000;45,47000000;46,21000000;-3,31
2021-12-18T00:00:00+00:00;MIDBULL/USD;45,02000000;48,78000000;43,18000000;47,74000000;5,7
2021-12-17T00:00:00+00:00;MIDBULL/USD;46,18000000;47,80000000;39,96000000;45,02000000;-2,58
2021-12-16T00:00:00+00:00;MIDBULL/USD;49,77000000;52,96000000;45,90000000;46,18000000;-7,77
2021-12-15T00:00:00+00:00;MIDBULL/USD;48,12000000;51,61000000;39,47000000;49,77000000;3,32
2021-12-14T00:00:00+00:00;MIDBULL/USD;39,86000000;51,10000000;38,49000000;48,12000000;17,17
2021-12-13T00:00:00+00:00;MIDBULL/USD;53,60000000;54,17500000;36,41000000;39,86000000;-34,47
2021-12-12T00:00:00+00:00;MIDBULL/USD;51,83000000;55,20000000;48,74000000;53,60000000;3,3
2021-12-11T00:00:00+00:00;MIDBULL/USD;44,55000000;52,22000000;43,00000000;51,83000000;14,05
2021-12-10T00:00:00+00:00;MIDBULL/USD;50,60000000;54,84000000;44,20000000;44,55000000;-13,58
2021-12-09T00:00:00+00:00;MIDBULL/USD;66,02500000;67,62500000;50,40000000;50,60000000;-30,48
2021-12-08T00:00:00+00:00;MIDBULL/USD;62,32500000;67,02500000;57,42500000;66,02500000;5,6
2021-12-07T00:00:00+00:00;MIDBULL/USD;60,07500000;65,97500000;59,77500000;62,32500000;3,61
2021-12-06T00:00:00+00:00;MIDBULL/USD;53,26000000;61,65000000;41,77500000;60,07500000;11,34
2021-12-05T00:00:00+00:00;MIDBULL/USD;61,42500000;63,35000000;46,45000000;53,26000000;-15,33
2021-12-04T00:00:00+00:00;MIDBULL/USD;124,50000000;125,35000000;37,21000000;61,42500000;-102,69
2021-12-03T00:00:00+00:00;MIDBULL/USD;142,70000000;154,55000000;111,00000000;124,50000000;-14,62
2021-12-02T00:00:00+00:00;MIDBULL/USD;140,15000000;148,25000000;130,70000000;142,70000000;1,79
2021-12-01T00:00:00+00:00;MIDBULL/USD;145,55000000;156,25000000;136,40000000;140,15000000;-3,85
2021-11-30T00:00:00+00:00;MIDBULL/USD;148,95000000;160,05000000;135,05000000;145,55000000;-2,34
2021-11-29T00:00:00+00:00;MIDBULL/USD;139,40000000;157,10000000;135,05000000;148,95000000;6,41
2021-11-28T00:00:00+00:00;MIDBULL/USD;135,25000000;140,25000000;108,40000000;139,40000000;2,98
2021-11-27T00:00:00+00:00;MIDBULL/USD;124,65000000;144,55000000;124,60000000;135,25000000;7,84
2021-11-26T00:00:00+00:00;MIDBULL/USD;183,05000000;183,75000000;112,15000000;124,65000000;-46,85
2021-11-25T00:00:00+00:00;MIDBULL/USD;171,05000000;186,70000000;168,05000000;183,05000000;6,56
2021-11-24T00:00:00+00:00;MIDBULL/USD;183,85000000;185,05000000;155,75000000;171,05000000;-7,48
2021-11-23T00:00:00+00:00;MIDBULL/USD;162,25000000;185,50000000;154,60000000;183,85000000;11,75
2021-11-22T00:00:00+00:00;MIDBULL/USD;172,90000000;178,35000000;152,50000000;162,25000000;-6,56
2021-11-21T00:00:00+00:00;MIDBULL/USD;166,40000000;184,10000000;157,45000000;172,90000000;3,76
2021-11-20T00:00:00+00:00;MIDBULL/USD;159,30000000;167,05000000;145,00000000;166,40000000;4,27
2021-11-19T00:00:00+00:00;MIDBULL/USD;133,85000000;159,50000000;128,25000000;159,30000000;15,98
2021-11-18T00:00:00+00:00;MIDBULL/USD;168,70000000;176,20000000;119,15000000;133,85000000;-26,04
2021-11-17T00:00:00+00:00;MIDBULL/USD;156,10000000;170,25000000;138,95000000;168,70000000;7,47
2021-11-16T00:00:00+00:00;MIDBULL/USD;200,55000000;200,55000000;127,75000000;156,10000000;-28,48
2021-11-15T00:00:00+00:00;MIDBULL/USD;209,80000000;226,85000000;199,00000000;200,55000000;-4,61
2021-11-14T00:00:00+00:00;MIDBULL/USD;204,75000000;210,00000000;195,20000000;209,80000000;2,41
2021-11-13T00:00:00+00:00;MIDBULL/USD;197,60000000;209,00000000;191,80000000;204,75000000;3,49
2021-11-12T00:00:00+00:00;MIDBULL/USD;210,60000000;216,85000000;176,00000000;197,60000000;-6,58
2021-11-11T00:00:00+00:00;MIDBULL/USD;197,95000000;217,80000000;191,30000000;210,60000000;6,01
2021-11-10T00:00:00+00:00;MIDBULL/USD;247,70000000;260,50000000;178,10000000;197,95000000;-25,13
2021-11-09T00:00:00+00:00;MIDBULL/USD;256,60000000;262,30000000;240,10000000;247,70000000;-3,59
2021-11-08T00:00:00+00:00;MIDBULL/USD;217,35000000;258,30000000;216,35000000;256,60000000;15,3
2021-11-07T00:00:00+00:00;MIDBULL/USD;210,30000000;221,15000000;207,25000000;217,35000000;3,24
2021-11-06T00:00:00+00:00;MIDBULL/USD;212,25000000;215,10000000;184,45000000;210,30000000;-0,93
2021-11-05T00:00:00+00:00;MIDBULL/USD;204,65000000;221,15000000;194,55000000;212,25000000;3,58
2021-11-04T00:00:00+00:00;MIDBULL/USD;209,65000000;211,00000000;186,25000000;204,65000000;-2,44
2021-11-03T00:00:00+00:00;MIDBULL/USD;207,90000000;211,05000000;187,25000000;209,65000000;0,83
2021-11-02T00:00:00+00:00;MIDBULL/USD;195,75000000;210,15000000;189,85000000;207,90000000;5,84
2021-11-01T00:00:00+00:00;MIDBULL/USD;196,80000000;201,40000000;171,30000000;195,75000000;-0,54
2021-10-31T00:00:00+00:00;MIDBULL/USD;182,95000000;198,20000000;167,60000000;196,80000000;7,04
2021-10-30T00:00:00+00:00;MIDBULL/USD;202,35000000;202,35000000;170,00000000;182,95000000;-10,6
2021-10-29T00:00:00+00:00;MIDBULL/USD;195,85000000;208,00000000;187,45000000;202,35000000;3,21
2021-10-28T00:00:00+00:00;MIDBULL/USD;148,60000000;215,65000000;145,05000000;195,85000000;24,13
2021-10-27T00:00:00+00:00;MIDBULL/USD;209,60000000;216,90000000;143,15000000;148,60000000;-41,05
2021-10-26T00:00:00+00:00;MIDBULL/USD;212,95000000;228,15000000;202,30000000;209,60000000;-1,6
2021-10-25T00:00:00+00:00;MIDBULL/USD;210,30000000;215,85000000;203,05000000;212,95000000;1,24
2021-10-24T00:00:00+00:00;MIDBULL/USD;203,95000000;212,20000000;186,15000000;210,30000000;3,02
2021-10-23T00:00:00+00:00;MIDBULL/USD;195,30000000;203,95000000;191,00000000;203,95000000;4,24
2021-10-22T00:00:00+00:00;MIDBULL/USD;184,80000000;205,25000000;183,30000000;195,30000000;5,38
2021-10-21T00:00:00+00:00;MIDBULL/USD;202,15000000;214,40000000;173,60000000;184,80000000;-9,39
2021-10-20T00:00:00+00:00;MIDBULL/USD;172,20000000;205,45000000;168,45000000;202,15000000;14,82
2021-10-19T00:00:00+00:00;MIDBULL/USD;163,75000000;172,60000000;159,50000000;172,20000000;4,91
2021-10-18T00:00:00+00:00;MIDBULL/USD;162,40000000;176,25000000;160,75000000;163,75000000;0,82
2021-10-17T00:00:00+00:00;MIDBULL/USD;168,10000000;171,00000000;146,60000000;162,40000000;-3,51
2021-10-16T00:00:00+00:00;MIDBULL/USD;165,15000000;181,95000000;164,95000000;168,10000000;1,75
2021-10-15T00:00:00+00:00;MIDBULL/USD;164,80000000;173,25000000;149,70000000;165,15000000;0,21
2021-10-14T00:00:00+00:00;MIDBULL/USD;162,95000000;175,55000000;162,05000000;164,80000000;1,12
2021-10-13T00:00:00+00:00;MIDBULL/USD;149,70000000;163,95000000;141,95000000;162,95000000;8,13
2021-10-12T00:00:00+00:00;MIDBULL/USD;155,75000000;155,75000000;129,50000000;149,70000000;-4,04
2021-10-11T00:00:00+00:00;MIDBULL/USD;153,25000000;172,90000000;145,55000000;156,00000000;1,76
2021-10-10T00:00:00+00:00;MIDBULL/USD;185,00000000;187,40000000;150,00000000;153,25000000;-20,72
2021-10-09T00:00:00+00:00;MIDBULL/USD;175,30000000;191,30000000;170,70000000;185,00000000;5,24
2021-10-08T00:00:00+00:00;MIDBULL/USD;176,85000000;189,30000000;172,00000000;175,30000000;-0,88
2021-10-07T00:00:00+00:00;MIDBULL/USD;182,75000000;187,85000000;163,50000000;176,85000000;-3,34
2021-10-06T00:00:00+00:00;MIDBULL/USD;182,35000000;191,90000000;151,45000000;182,75000000;0,22
2021-10-05T00:00:00+00:00;MIDBULL/USD;170,50000000;184,15000000;164,05000000;182,35000000;6,5
2021-10-04T00:00:00+00:00;MIDBULL/USD;165,75000000;172,15000000;146,10000000;170,50000000;2,79
2021-10-03T00:00:00+00:00;MIDBULL/USD;157,25000000;172,90000000;152,80000000;165,55000000;5,01
2021-10-02T00:00:00+00:00;MIDBULL/USD;150,65000000;169,85000000;141,90000000;157,25000000;4,2
2021-10-01T00:00:00+00:00;MIDBULL/USD;120,15000000;151,00000000;117,80000000;150,65000000;20,25
2021-09-30T00:00:00+00:00;MIDBULL/USD;105,27500000;120,20000000;103,70000000;120,15000000;12,38
2021-09-29T00:00:00+00:00;MIDBULL/USD;98,65000000;114,40000000;96,52500000;105,27500000;6,29
2021-09-28T00:00:00+00:00;MIDBULL/USD;110,20000000;115,60000000;97,70000000;98,65000000;-11,71
2021-09-27T00:00:00+00:00;MIDBULL/USD;121,65000000;132,60000000;110,20000000;110,20000000;-10,39
2021-09-26T00:00:00+00:00;MIDBULL/USD;122,40000000;129,85000000;93,40000000;121,65000000;-0,62
2021-09-25T00:00:00+00:00;MIDBULL/USD;128,65000000;132,85000000;114,60000000;122,40000000;-5,11
2021-09-24T00:00:00+00:00;MIDBULL/USD;168,65000000;171,80000000;106,05000000;128,65000000;-31,09
2021-09-23T00:00:00+00:00;MIDBULL/USD;158,30000000;171,30000000;149,55000000;168,65000000;6,14
2021-09-22T00:00:00+00:00;MIDBULL/USD;113,80000000;158,35000000;110,80000000;158,30000000;28,11
2021-09-21T00:00:00+00:00;MIDBULL/USD;137,65000000;155,05000000;107,00000000;113,80000000;-20,96
2021-09-20T00:00:00+00:00;MIDBULL/USD;221,25000000;222,40000000;129,40000000;137,15000000;-61,32
2021-09-19T00:00:00+00:00;MIDBULL/USD;236,25000000;237,20000000;211,30000000;221,25000000;-6,78
2021-09-18T00:00:00+00:00;MIDBULL/USD;222,20000000;242,00000000;214,25000000;236,25000000;5,95
2021-09-17T00:00:00+00:00;MIDBULL/USD;245,40000000;257,10000000;214,40000000;222,20000000;-10,44
2021-09-16T00:00:00+00:00;MIDBULL/USD;261,40000000;262,60000000;223,60000000;245,40000000;-6,52
2021-09-15T00:00:00+00:00;MIDBULL/USD;241,40000000;261,40000000;235,70000000;261,40000000;7,65
2021-09-14T00:00:00+00:00;MIDBULL/USD;218,55000000;241,40000000;213,90000000;241,40000000;9,47
2021-09-13T00:00:00+00:00;MIDBULL/USD;247,30000000;253,80000000;183,80000000;218,55000000;-13,15
2021-09-12T00:00:00+00:00;MIDBULL/USD;214,70000000;251,90000000;204,15000000;247,30000000;13,18
2021-09-11T00:00:00+00:00;MIDBULL/USD;209,40000000;231,30000000;208,25000000;214,70000000;2,47
2021-09-10T00:00:00+00:00;MIDBULL/USD;241,40000000;265,50000000;191,65000000;209,40000000;-15,28
2021-09-09T00:00:00+00:00;MIDBULL/USD;220,90000000;258,05000000;213,50000000;241,40000000;8,49
2021-09-08T00:00:00+00:00;MIDBULL/USD;217,20000000;233,70000000;165,20000000;220,90000000;1,67
2021-09-07T00:00:00+00:00;MIDBULL/USD;443,20000000;450,60000000;161,60000000;217,20000000;-104,05
2021-09-06T00:00:00+00:00;MIDBULL/USD;441,20000000;473,50000000;406,20000000;443,20000000;0,45
2021-09-05T00:00:00+00:00;MIDBULL/USD;385,50000000;441,20000000;370,60000000;441,20000000;12,62
2021-09-04T00:00:00+00:00;MIDBULL/USD;364,50000000;398,30000000;360,50000000;385,50000000;5,45
2021-09-03T00:00:00+00:00;MIDBULL/USD;356,40000000;380,80000000;332,10000000;364,50000000;2,22
2021-09-02T00:00:00+00:00;MIDBULL/USD;357,00000000;383,50000000;351,50000000;356,40000000;-0,17
2021-09-01T00:00:00+00:00;MIDBULL/USD;291,80000000;357,00000000;273,10000000;357,00000000;18,26
2021-08-31T00:00:00+00:00;MIDBULL/USD;266,90000000;306,90000000;259,60000000;291,80000000;8,53
2021-08-30T00:00:00+00:00;MIDBULL/USD;295,10000000;302,40000000;261,10000000;266,90000000;-10,57
2021-08-29T00:00:00+00:00;MIDBULL/USD;302,10000000;318,50000000;282,20000000;295,10000000;-2,37
2021-08-28T00:00:00+00:00;MIDBULL/USD;318,40000000;323,60000000;288,40000000;301,80000000;-5,5
2021-08-27T00:00:00+00:00;MIDBULL/USD;258,60000000;318,40000000;245,60000000;318,40000000;18,78
2021-08-26T00:00:00+00:00;MIDBULL/USD;336,00000000;343,00000000;247,40000000;258,60000000;-29,93
2021-08-25T00:00:00+00:00;MIDBULL/USD;328,00000000;336,00000000;282,10000000;336,00000000;2,38
2021-08-24T00:00:00+00:00;MIDBULL/USD;396,80000000;401,10000000;299,90000000;328,00000000;-20,98
2021-08-23T00:00:00+00:00;MIDBULL/USD;374,70000000;414,10000000;371,30000000;396,80000000;5,57
2021-08-22T00:00:00+00:00;MIDBULL/USD;368,20000000;390,20000000;335,50000000;374,70000000;1,73
2021-08-21T00:00:00+00:00;MIDBULL/USD;384,00000000;394,70000000;355,20000000;368,20000000;-4,29
2021-08-20T00:00:00+00:00;MIDBULL/USD;348,90000000;393,50000000;344,60000000;384,00000000;9,14
2021-08-19T00:00:00+00:00;MIDBULL/USD;301,40000000;348,90000000;276,40000000;348,90000000;13,61
2021-08-18T00:00:00+00:00;MIDBULL/USD;291,80000000;336,80000000;253,60000000;301,40000000;3,19
2021-08-17T00:00:00+00:00;MIDBULL/USD;356,60000000;402,00000000;283,50000000;291,80000000;-22,21
2021-08-16T00:00:00+00:00;MIDBULL/USD;411,40000000;448,60000000;348,10000000;356,60000000;-15,37
2021-08-15T00:00:00+00:00;MIDBULL/USD;351,10000000;415,00000000;315,50000000;411,40000000;14,66
2021-08-14T00:00:00+00:00;MIDBULL/USD;333,20000000;355,60000000;298,70000000;351,10000000;5,1
2021-08-13T00:00:00+00:00;MIDBULL/USD;262,80000000;333,20000000;258,20000000;333,20000000;21,13
2021-08-12T00:00:00+00:00;MIDBULL/USD;282,00000000;327,90000000;234,50000000;262,80000000;-7,31
2021-08-11T00:00:00+00:00;MIDBULL/USD;260,40000000;316,50000000;260,00000000;282,00000000;7,66
2021-08-10T00:00:00+00:00;MIDBULL/USD;252,70000000;268,80000000;235,20000000;260,40000000;2,96
2021-08-09T00:00:00+00:00;MIDBULL/USD;218,10000000;264,65000000;198,15000000;252,70000000;13,69
2021-08-08T00:00:00+00:00;MIDBULL/USD;267,25000000;288,40000000;206,70000000;218,10000000;-22,54
2021-08-07T00:00:00+00:00;MIDBULL/USD;198,20000000;268,10000000;193,85000000;267,25000000;25,84
2021-08-06T00:00:00+00:00;MIDBULL/USD;184,20000000;204,65000000;173,80000000;198,20000000;7,06
2021-08-05T00:00:00+00:00;MIDBULL/USD;170,65000000;184,50000000;154,95000000;184,20000000;7,36
2021-08-04T00:00:00+00:00;MIDBULL/USD;149,85000000;172,70000000;143,40000000;170,65000000;12,19
2021-08-03T00:00:00+00:00;MIDBULL/USD;165,65000000;171,10000000;142,25000000;149,85000000;-10,54
2021-08-02T00:00:00+00:00;MIDBULL/USD;164,50000000;176,85000000;157,15000000;165,65000000;0,69
2021-08-01T00:00:00+00:00;MIDBULL/USD;176,00000000;195,50000000;161,65000000;164,50000000;-6,99
2021-07-31T00:00:00+00:00;MIDBULL/USD;166,75000000;180,45000000;161,80000000;176,00000000;5,26
2021-07-30T00:00:00+00:00;MIDBULL/USD;153,45000000;166,75000000;137,30000000;166,75000000;7,98
2021-07-29T00:00:00+00:00;MIDBULL/USD;146,35000000;154,75000000;140,45000000;153,45000000;4,63
2021-07-28T00:00:00+00:00;MIDBULL/USD;144,45000000;154,15000000;137,15000000;146,35000000;1,3
2021-07-27T00:00:00+00:00;MIDBULL/USD;131,60000000;147,20000000;119,15000000;144,45000000;8,9
2021-07-26T00:00:00+00:00;MIDBULL/USD;123,05000000;167,60000000;122,45000000;131,60000000;6,5
2021-07-25T00:00:00+00:00;MIDBULL/USD;120,35000000;124,00000000;109,95000000;123,05000000;2,19
2021-07-24T00:00:00+00:00;MIDBULL/USD;114,60000000;127,40000000;112,15000000;120,35000000;4,78
2021-07-23T00:00:00+00:00;MIDBULL/USD;106,00000000;114,75000000;95,45000000;114,60000000;7,5
2021-07-22T00:00:00+00:00;MIDBULL/USD;94,97500000;106,67500000;91,32500000;106,00000000;10,4
2021-07-21T00:00:00+00:00;MIDBULL/USD;74,50000000;109,12500000;70,42500000;94,97500000;21,56
2021-07-20T00:00:00+00:00;MIDBULL/USD;81,77500000;84,07500000;66,02500000;74,50000000;-9,77
2021-07-19T00:00:00+00:00;MIDBULL/USD;96,37500000;97,72500000;79,82500000;81,77500000;-17,85
2021-07-18T00:00:00+00:00;MIDBULL/USD;98,72500000;109,07500000;94,15000000;96,37500000;-2,44
2021-07-17T00:00:00+00:00;MIDBULL/USD;91,30000000;108,62500000;87,72500000;98,72500000;7,52
2021-07-16T00:00:00+00:00;MIDBULL/USD;104,00000000;111,45000000;90,90000000;91,30000000;-13,91
2021-07-15T00:00:00+00:00;MIDBULL/USD;120,45000000;125,50000000;96,60000000;104,00000000;-15,82
2021-07-14T00:00:00+00:00;MIDBULL/USD;122,80000000;126,50000000;102,95000000;120,45000000;-1,95
2021-07-13T00:00:00+00:00;MIDBULL/USD;136,15000000;136,15000000;119,20000000;122,80000000;-10,87
2021-07-12T00:00:00+00:00;MIDBULL/USD;149,30000000;157,40000000;129,10000000;136,15000000;-9,66
2021-07-11T00:00:00+00:00;MIDBULL/USD;142,20000000;153,70000000;135,85000000;149,30000000;4,76
2021-07-10T00:00:00+00:00;MIDBULL/USD;148,65000000;157,90000000;133,00000000;142,20000000;-4,54
2021-07-09T00:00:00+00:00;MIDBULL/USD;132,65000000;151,95000000;116,60000000;148,65000000;10,76
2021-07-08T00:00:00+00:00;MIDBULL/USD;166,00000000;166,25000000;126,20000000;132,50000000;-25,28
2021-07-07T00:00:00+00:00;MIDBULL/USD;172,75000000;184,50000000;164,50000000;166,00000000;-4,07
2021-07-06T00:00:00+00:00;MIDBULL/USD;160,15000000;185,40000000;160,15000000;172,75000000;7,29
2021-07-05T00:00:00+00:00;MIDBULL/USD;176,40000000;176,40000000;145,80000000;160,15000000;-10,15
2021-07-04T00:00:00+00:00;MIDBULL/USD;165,40000000;185,05000000;157,20000000;176,40000000;6,24
2021-07-03T00:00:00+00:00;MIDBULL/USD;156,10000000;169,20000000;150,20000000;165,40000000;5,62
2021-07-02T00:00:00+00:00;MIDBULL/USD;152,05000000;156,70000000;136,55000000;156,10000000;2,59
2021-07-01T00:00:00+00:00;MIDBULL/USD;177,85000000;178,25000000;143,50000000;152,05000000;-16,97
2021-06-30T00:00:00+00:00;MIDBULL/USD;174,60000000;182,00000000;139,75000000;177,85000000;1,83
2021-06-29T00:00:00+00:00;MIDBULL/USD;153,40000000;191,75000000;150,85000000;174,60000000;12,14
2021-06-28T00:00:00+00:00;MIDBULL/USD;145,00000000;158,85000000;134,85000000;153,40000000;5,48
2021-06-27T00:00:00+00:00;MIDBULL/USD;121,90000000;145,55000000;116,70000000;145,00000000;15,93
2021-06-26T00:00:00+00:00;MIDBULL/USD;116,45000000;130,65000000;100,65000000;121,90000000;4,47
2021-06-25T00:00:00+00:00;MIDBULL/USD;164,25000000;183,70000000;110,55000000;116,45000000;-41,05
2021-06-24T00:00:00+00:00;MIDBULL/USD;137,10000000;167,85000000;117,25000000;164,25000000;16,53
2021-06-23T00:00:00+00:00;MIDBULL/USD;99,15000000;153,55000000;88,37500000;137,10000000;27,68
2021-06-22T00:00:00+00:00;MIDBULL/USD;109,40000000;142,05000000;70,02500000;99,15000000;-10,34
2021-06-21T00:00:00+00:00;MIDBULL/USD;306,70000000;308,20000000;101,35000000;109,40000000;-180,35
2021-06-20T00:00:00+00:00;MIDBULL/USD;303,40000000;318,90000000;232,70000000;306,70000000;1,08
2021-06-19T00:00:00+00:00;MIDBULL/USD;319,70000000;339,90000000;301,50000000;303,40000000;-5,37
2021-06-18T00:00:00+00:00;MIDBULL/USD;384,80000000;386,20000000;288,10000000;319,70000000;-20,36
2021-06-17T00:00:00+00:00;MIDBULL/USD;382,00000000;419,20000000;370,10000000;384,80000000;0,73
2021-06-16T00:00:00+00:00;MIDBULL/USD;439,10000000;443,30000000;376,90000000;382,00000000;-14,95
2021-06-15T00:00:00+00:00;MIDBULL/USD;459,40000000;477,00000000;423,00000000;439,10000000;-4,62
2021-06-14T00:00:00+00:00;MIDBULL/USD;438,20000000;479,00000000;414,80000000;459,40000000;4,61
2021-06-13T00:00:00+00:00;MIDBULL/USD;370,40000000;446,70000000;349,00000000;438,20000000;15,47
2021-06-12T00:00:00+00:00;MIDBULL/USD;389,10000000;393,40000000;324,90000000;370,40000000;-5,05
2021-06-11T00:00:00+00:00;MIDBULL/USD;442,10000000;452,20000000;374,10000000;389,10000000;-13,62
2021-06-10T00:00:00+00:00;MIDBULL/USD;524,75000000;533,25000000;422,10000000;442,10000000;-18,69
2021-06-09T00:00:00+00:00;MIDBULL/USD;461,40000000;529,50000000;394,10000000;524,75000000;12,07
2021-06-08T00:00:00+00:00;MIDBULL/USD;471,40000000;497,30000000;321,60000000;461,40000000;-2,17
2021-06-07T00:00:00+00:00;MIDBULL/USD;654,25000000;702,50000000;461,40000000;471,40000000;-38,79
2021-06-06T00:00:00+00:00;MIDBULL/USD;631,75000000;667,25000000;619,50000000;654,25000000;3,44
2021-06-05T00:00:00+00:00;MIDBULL/USD;676,25000000;772,50000000;581,50000000;631,75000000;-7,04
2021-06-04T00:00:00+00:00;MIDBULL/USD;896,75000000;902,75000000;577,00000000;676,25000000;-32,61
2021-06-03T00:00:00+00:00;MIDBULL/USD;880,00000000;970,50000000;814,75000000;896,75000000;1,87
2021-06-02T00:00:00+00:00;MIDBULL/USD;690,50000000;911,50000000;630,25000000;880,00000000;21,53
2021-06-01T00:00:00+00:00;MIDBULL/USD;623,25000000;714,25000000;536,00000000;690,50000000;9,74
2021-05-31T00:00:00+00:00;MIDBULL/USD;496,00000000;625,90000000;444,60000000;623,25000000;20,42
2021-05-30T00:00:00+00:00;MIDBULL/USD;447,70000000;532,60000000;383,90000000;496,00000000;9,74
2021-05-29T00:00:00+00:00;MIDBULL/USD;526,25000000;587,50000000;383,40000000;447,70000000;-17,55
2021-05-28T00:00:00+00:00;MIDBULL/USD;730,75000000;745,50000000;464,80000000;526,25000000;-38,86
2021-05-27T00:00:00+00:00;MIDBULL/USD;837,25000000;839,00000000;640,25000000;730,75000000;-14,57
2021-05-26T00:00:00+00:00;MIDBULL/USD;713,25000000;878,00000000;675,25000000;837,25000000;14,81
2021-05-25T00:00:00+00:00;MIDBULL/USD;749,50000000;844,75000000;536,00000000;713,25000000;-5,08
2021-05-24T00:00:00+00:00;MIDBULL/USD;444,30000000;754,50000000;411,50000000;749,50000000;40,72
2021-05-23T00:00:00+00:00;MIDBULL/USD;742,50000000;798,00000000;235,00000000;444,30000000;-67,12
2021-05-22T00:00:00+00:00;MIDBULL/USD;963,25000000;981,50000000;622,50000000;742,50000000;-29,73
2021-05-21T00:00:00+00:00;MIDBULL/USD;1801,00000000;1924,50000000;650,25000000;963,25000000;-86,97
2021-05-20T00:00:00+00:00;MIDBULL/USD;1330,50000000;1963,75000000;890,50000000;1801,00000000;26,12
2021-05-19T00:00:00+00:00;MIDBULL/USD;9140,00000000;9355,00000000;792,00000000;1330,50000000;-586,96
2021-05-18T00:00:00+00:00;MIDBULL/USD;8922,50000000;10552,50000000;8592,50000000;9140,00000000;2,38
2021-05-17T00:00:00+00:00;MIDBULL/USD;11715,00000000;11715,00000000;7750,00000000;8922,50000000;-31,3
2021-05-16T00:00:00+00:00;MIDBULL/USD;11700,00000000;13945,00000000;8900,00000000;11715,00000000;0,13
2021-05-15T00:00:00+00:00;MIDBULL/USD;14960,00000000;15160,00000000;11225,00000000;11700,00000000;-27,86
2021-05-14T00:00:00+00:00;MIDBULL/USD;11935,00000000;15695,00000000;11930,00000000;14960,00000000;20,22
2021-05-13T00:00:00+00:00;MIDBULL/USD;9565,00000000;12282,50000000;8115,00000000;11935,00000000;19,86
2021-05-12T00:00:00+00:00;MIDBULL/USD;16865,00000000;17975,00000000;9430,00000000;9445,00000000;-78,56
2021-05-11T00:00:00+00:00;MIDBULL/USD;13335,00000000;16870,00000000;12630,00000000;16865,00000000;20,93
2021-05-10T00:00:00+00:00;MIDBULL/USD;19945,00000000;20900,00000000;11340,00000000;13335,00000000;-49,57
2021-05-09T00:00:00+00:00;MIDBULL/USD;23940,00000000;26260,00000000;13955,00000000;19945,00000000;-20,03
2021-05-08T00:00:00+00:00;MIDBULL/USD;25970,00000000;28650,00000000;21730,00000000;23860,00000000;-8,84
2021-05-07T00:00:00+00:00;MIDBULL/USD;22250,00000000;26650,00000000;20245,00000000;25970,00000000;14,32
2021-05-06T00:00:00+00:00;MIDBULL/USD;24410,00000000;24530,00000000;18640,00000000;22250,00000000;-9,71
2021-05-05T00:00:00+00:00;MIDBULL/USD;16605,00000000;24410,00000000;16505,00000000;24410,00000000;31,97
2021-05-04T00:00:00+00:00;MIDBULL/USD;16530,00000000;20000,00000000;13025,00000000;16605,00000000;0,45
2021-05-03T00:00:00+00:00;MIDBULL/USD;13970,00000000;16660,00000000;13960,00000000;16530,00000000;15,49
2021-05-02T00:00:00+00:00;MIDBULL/USD;14030,00000000;14650,00000000;11960,00000000;13970,00000000;-0,43
2021-05-01T00:00:00+00:00;MIDBULL/USD;11205,00000000;14065,00000000;10850,00000000;14030,00000000;20,14
2021-04-30T00:00:00+00:00;MIDBULL/USD;9287,50000000;11230,00000000;9010,00000000;11205,00000000;17,11
2021-04-29T00:00:00+00:00;MIDBULL/USD;9842,50000000;9850,00000000;8577,50000000;9287,50000000;-5,98
2021-04-28T00:00:00+00:00;MIDBULL/USD;8882,50000000;10030,00000000;7907,50000000;9842,50000000;9,75
2021-04-27T00:00:00+00:00;MIDBULL/USD;7787,50000000;9152,50000000;7585,00000000;8882,50000000;12,33
2021-04-26T00:00:00+00:00;MIDBULL/USD;5750,00000000;7802,50000000;5617,50000000;7787,50000000;26,16
2021-04-25T00:00:00+00:00;MIDBULL/USD;6065,00000000;6902,50000000;4755,00000000;5750,00000000;-5,48
2021-04-24T00:00:00+00:00;MIDBULL/USD;6607,50000000;7125,00000000;5620,00000000;6065,00000000;-8,94
2021-04-23T00:00:00+00:00;MIDBULL/USD;7755,00000000;7902,50000000;4011,00000000;6607,50000000;-17,37
2021-04-22T00:00:00+00:00;MIDBULL/USD;10660,00000000;11200,00000000;7000,00000000;7755,00000000;-37,46
2021-04-21T00:00:00+00:00;MIDBULL/USD;12500,00000000;12735,00000000;10270,00000000;10660,00000000;-17,26
2021-04-20T00:00:00+00:00;MIDBULL/USD;13405,00000000;13795,00000000;10420,00000000;12500,00000000;-7,24
2021-04-19T00:00:00+00:00;MIDBULL/USD;12825,00000000;15395,00000000;11465,00000000;13405,00000000;4,33
2021-04-18T00:00:00+00:00;MIDBULL/USD;14705,00000000;14835,00000000;6580,00000000;12825,00000000;-14,66
2021-04-17T00:00:00+00:00;MIDBULL/USD;18945,00000000;19625,00000000;13285,00000000;14705,00000000;-28,83
2021-04-16T00:00:00+00:00;MIDBULL/USD;11900,00000000;19390,00000000;11900,00000000;18945,00000000;37,19
2021-04-15T00:00:00+00:00;MIDBULL/USD;9147,50000000;12025,00000000;9120,00000000;11900,00000000;23,13
2021-04-14T00:00:00+00:00;MIDBULL/USD;8250,00000000;9940,00000000;7895,00000000;9147,50000000;9,81
2021-04-13T00:00:00+00:00;MIDBULL/USD;6837,50000000;8250,00000000;6697,50000000;8250,00000000;17,12
2021-04-12T00:00:00+00:00;MIDBULL/USD;6915,00000000;7087,50000000;6235,00000000;6837,50000000;-1,13
2021-04-11T00:00:00+00:00;MIDBULL/USD;6212,50000000;7030,00000000;6212,50000000;6915,00000000;10,16
2021-04-10T00:00:00+00:00;MIDBULL/USD;5505,00000000;6310,00000000;5495,00000000;6212,50000000;11,39
2021-04-09T00:00:00+00:00;MIDBULL/USD;5335,00000000;5767,50000000;5135,00000000;5505,00000000;3,09
2021-04-08T00:00:00+00:00;MIDBULL/USD;4490,00000000;5354,00000000;4356,00000000;5335,00000000;15,84
2021-04-07T00:00:00+00:00;MIDBULL/USD;5975,00000000;6152,50000000;4042,50000000;4490,00000000;-33,07
2021-04-06T00:00:00+00:00;MIDBULL/USD;5405,00000000;5992,50000000;5060,00000000;5975,00000000;9,54
2021-04-05T00:00:00+00:00;MIDBULL/USD;4501,00000000;5405,00000000;4212,00000000;5405,00000000;16,73
2021-04-04T00:00:00+00:00;MIDBULL/USD;3873,00000000;4516,00000000;3760,00000000;4501,00000000;13,95
2021-04-03T00:00:00+00:00;MIDBULL/USD;4705,00000000;4972,00000000;3873,00000000;3873,00000000;-21,48
2021-04-02T00:00:00+00:00;MIDBULL/USD;4246,00000000;4738,00000000;4206,00000000;4705,00000000;9,76
2021-04-01T00:00:00+00:00;MIDBULL/USD;3885,00000000;4257,00000000;3885,00000000;4246,00000000;8,5
2021-03-31T00:00:00+00:00;MIDBULL/USD;3797,00000000;3905,00000000;3300,00000000;3885,00000000;2,27
2021-03-30T00:00:00+00:00;MIDBULL/USD;3661,00000000;3892,00000000;3600,00000000;3797,00000000;3,58
2021-03-29T00:00:00+00:00;MIDBULL/USD;3246,00000000;3724,00000000;3158,00000000;3661,00000000;11,34
2021-03-28T00:00:00+00:00;MIDBULL/USD;3087,00000000;3332,00000000;3030,00000000;3246,00000000;4,9
2021-03-27T00:00:00+00:00;MIDBULL/USD;3122,00000000;3191,00000000;2871,00000000;3087,00000000;-1,13
2021-03-26T00:00:00+00:00;MIDBULL/USD;2585,00000000;3122,00000000;2579,00000000;3122,00000000;17,2
2021-03-25T00:00:00+00:00;MIDBULL/USD;2711,00000000;2810,00000000;2357,00000000;2585,00000000;-4,87
2021-03-24T00:00:00+00:00;MIDBULL/USD;3314,00000000;3736,00000000;2510,00000000;2711,00000000;-22,24
2021-03-23T00:00:00+00:00;MIDBULL/USD;3320,00000000;3569,00000000;3111,00000000;3314,00000000;-0,18
2021-03-22T00:00:00+00:00;MIDBULL/USD;3725,00000000;3955,00000000;3230,00000000;3320,00000000;-12,2
2021-03-21T00:00:00+00:00;MIDBULL/USD;3814,00000000;3922,00000000;3477,00000000;3725,00000000;-2,39
2021-03-20T00:00:00+00:00;MIDBULL/USD;3814,00000000;4192,00000000;3781,00000000;3814,00000000;0,0
2021-03-19T00:00:00+00:00;MIDBULL/USD;3566,00000000;3986,00000000;3297,00000000;3814,00000000;6,5
2021-03-18T00:00:00+00:00;MIDBULL/USD;3642,00000000;3943,00000000;3499,00000000;3566,00000000;-2,13
2021-03-17T00:00:00+00:00;MIDBULL/USD;3381,00000000;3642,00000000;3015,00000000;3642,00000000;7,17
2021-03-16T00:00:00+00:00;MIDBULL/USD;3141,00000000;3381,00000000;2756,00000000;3381,00000000;7,1
2021-03-15T00:00:00+00:00;MIDBULL/USD;3161,00000000;3391,00000000;2738,00000000;3141,00000000;-0,64
2021-03-14T00:00:00+00:00;MIDBULL/USD;3647,00000000;3712,00000000;3161,00000000;3161,00000000;-15,37
2021-03-13T00:00:00+00:00;MIDBULL/USD;3135,00000000;3714,00000000;2910,00000000;3647,00000000;14,04
2021-03-12T00:00:00+00:00;MIDBULL/USD;3742,00000000;3776,00000000;2937,00000000;3135,00000000;-19,36
2021-03-11T00:00:00+00:00;MIDBULL/USD;3672,00000000;3837,00000000;3251,00000000;3742,00000000;1,87
2021-03-10T00:00:00+00:00;MIDBULL/USD;4329,00000000;4417,00000000;3474,00000000;3672,00000000;-17,89
2021-03-09T00:00:00+00:00;MIDBULL/USD;3939,00000000;4337,00000000;3791,00000000;4329,00000000;9,01
2021-03-08T00:00:00+00:00;MIDBULL/USD;3672,00000000;3943,00000000;3343,00000000;3939,00000000;6,78
2021-03-07T00:00:00+00:00;MIDBULL/USD;3268,00000000;3705,00000000;3268,00000000;3672,00000000;11,0
2021-03-06T00:00:00+00:00;MIDBULL/USD;3122,00000000;3361,00000000;2921,00000000;3268,00000000;4,47
2021-03-05T00:00:00+00:00;MIDBULL/USD;3189,00000000;3243,00000000;2650,00000000;3122,00000000;-2,15
2021-03-04T00:00:00+00:00;MIDBULL/USD;3492,00000000;3722,00000000;2927,00000000;3189,00000000;-9,5
2021-03-03T00:00:00+00:00;MIDBULL/USD;3147,00000000;3737,00000000;3096,00000000;3492,00000000;9,88
2021-03-02T00:00:00+00:00;MIDBULL/USD;3077,00000000;3485,00000000;2824,00000000;3147,00000000;2,22
2021-03-01T00:00:00+00:00;MIDBULL/USD;2489,00000000;3080,00000000;2468,00000000;3077,00000000;19,11
2021-02-28T00:00:00+00:00;MIDBULL/USD;3061,00000000;3095,00000000;2010,00000000;2489,00000000;-22,98
2021-02-27T00:00:00+00:00;MIDBULL/USD;2728,00000000;3308,00000000;2718,00000000;3061,00000000;10,88
2021-02-26T00:00:00+00:00;MIDBULL/USD;2897,00000000;3166,00000000;2216,00000000;2728,00000000;-6,2
2021-02-25T00:00:00+00:00;MIDBULL/USD;3614,00000000;3976,00000000;2821,00000000;2897,00000000;-24,75
2021-02-24T00:00:00+00:00;MIDBULL/USD;3282,00000000;4223,00000000;2900,00000000;3614,00000000;9,19
2021-02-23T00:00:00+00:00;MIDBULL/USD;5943,00000000;5943,00000000;2199,00000000;3282,00000000;-81,08
2021-02-22T00:00:00+00:00;MIDBULL/USD;8430,00000000;8740,00000000;3800,00000000;5943,00000000;-41,85
2021-02-21T00:00:00+00:00;MIDBULL/USD;7107,50000000;8697,50000000;6927,50000000;8430,00000000;15,69
2021-02-20T00:00:00+00:00;MIDBULL/USD;8090,00000000;9252,50000000;6277,50000000;7107,50000000;-13,82
2021-02-19T00:00:00+00:00;MIDBULL/USD;6680,00000000;8090,00000000;6167,50000000;8090,00000000;17,43
2021-02-18T00:00:00+00:00;MIDBULL/USD;5980,00000000;6807,50000000;5977,50000000;6680,00000000;10,48
2021-02-17T00:00:00+00:00;MIDBULL/USD;5347,50000000;6120,00000000;4702,50000000;5980,00000000;10,58
2021-02-16T00:00:00+00:00;MIDBULL/USD;5480,00000000;6232,50000000;4962,50000000;5347,50000000;-2,48
2021-02-15T00:00:00+00:00;MIDBULL/USD;6547,50000000;6700,00000000;4017,50000000;5480,00000000;-19,48
2021-02-14T00:00:00+00:00;MIDBULL/USD;7920,00000000;8065,00000000;5850,00000000;6547,50000000;-20,96
2021-02-13T00:00:00+00:00;MIDBULL/USD;7290,00000000;8122,50000000;6467,50000000;7920,00000000;7,95
2021-02-12T00:00:00+00:00;MIDBULL/USD;5915,00000000;7340,00000000;5545,00000000;7290,00000000;18,86
2021-02-11T00:00:00+00:00;MIDBULL/USD;4897,00000000;6070,00000000;4710,00000000;5915,00000000;17,21
2021-02-10T00:00:00+00:00;MIDBULL/USD;4369,00000000;5271,00000000;4019,00000000;4897,00000000;10,78
2021-02-09T00:00:00+00:00;MIDBULL/USD;3824,00000000;4411,00000000;3711,00000000;4369,00000000;12,47
2021-02-08T00:00:00+00:00;MIDBULL/USD;3365,00000000;3997,00000000;3123,00000000;3824,00000000;12,0
2021-02-07T00:00:00+00:00;MIDBULL/USD;2974,00000000;3387,00000000;2596,00000000;3365,00000000;11,62
2021-02-06T00:00:00+00:00;MIDBULL/USD;3003,00000000;3063,00000000;2425,00000000;2974,00000000;-0,98
2021-02-05T00:00:00+00:00;MIDBULL/USD;2390,00000000;3003,00000000;2339,00000000;3003,00000000;20,41
2021-02-04T00:00:00+00:00;MIDBULL/USD;2094,50000000;2467,50000000;2049,50000000;2390,00000000;12,36
2021-02-03T00:00:00+00:00;MIDBULL/USD;1778,50000000;2094,50000000;1770,50000000;2094,50000000;15,09
2021-02-02T00:00:00+00:00;MIDBULL/USD;1742,50000000;1801,00000000;1640,50000000;1778,50000000;2,02
2021-02-01T00:00:00+00:00;MIDBULL/USD;1563,00000000;1755,00000000;1460,50000000;1742,50000000;10,3
2021-01-31T00:00:00+00:00;MIDBULL/USD;1583,00000000;1636,00000000;1391,00000000;1563,00000000;-1,28
2021-01-30T00:00:00+00:00;MIDBULL/USD;1635,00000000;1711,00000000;1306,50000000;1583,00000000;-3,28
2021-01-29T00:00:00+00:00;MIDBULL/USD;1415,00000000;1961,00000000;1415,00000000;1635,00000000;13,46
2021-01-28T00:00:00+00:00;MIDBULL/USD;980,00000000;1415,00000000;929,50000000;1415,00000000;30,74
2021-01-27T00:00:00+00:00;MIDBULL/USD;1160,50000000;1164,00000000;822,75000000;980,00000000;-18,42
2021-01-26T00:00:00+00:00;MIDBULL/USD;1082,00000000;1209,50000000;955,00000000;1160,50000000;6,76
2021-01-25T00:00:00+00:00;MIDBULL/USD;1200,50000000;1298,00000000;1046,00000000;1082,00000000;-10,95
2021-01-24T00:00:00+00:00;MIDBULL/USD;1070,00000000;1221,00000000;1046,00000000;1200,50000000;10,87
2021-01-23T00:00:00+00:00;MIDBULL/USD;1017,00000000;1119,75000000;978,75000000;1070,00000000;4,95
2021-01-22T00:00:00+00:00;MIDBULL/USD;821,25000000;1076,25000000;663,50000000;1017,00000000;19,25
2021-01-21T00:00:00+00:00;MIDBULL/USD;1385,00000000;1395,00000000;791,50000000;821,25000000;-68,65
2021-01-20T00:00:00+00:00;MIDBULL/USD;1403,00000000;1442,50000000;1083,00000000;1385,00000000;-1,3
2021-01-19T00:00:00+00:00;MIDBULL/USD;1496,00000000;1591,00000000;1369,00000000;1403,00000000;-6,63
2021-01-18T00:00:00+00:00;MIDBULL/USD;1355,50000000;1503,00000000;1262,50000000;1496,00000000;9,39
2021-01-17T00:00:00+00:00;MIDBULL/USD;1297,00000000;1411,00000000;1126,00000000;1355,50000000;4,32
2021-01-16T00:00:00+00:00;MIDBULL/USD;1158,00000000;1447,50000000;1155,00000000;1297,00000000;10,72
2021-01-15T00:00:00+00:00;MIDBULL/USD;1193,50000000;1272,50000000;905,50000000;1158,00000000;-3,07
2021-01-14T00:00:00+00:00;MIDBULL/USD;1139,50000000;1266,50000000;1070,50000000;1193,50000000;4,52
2021-01-13T00:00:00+00:00;MIDBULL/USD;954,00000000;1140,50000000;876,00000000;1139,50000000;16,28
2021-01-12T00:00:00+00:00;MIDBULL/USD;940,50000000;1134,50000000;824,25000000;954,00000000;1,42
2021-01-11T00:00:00+00:00;MIDBULL/USD;1630,50000000;1630,50000000;649,00000000;940,50000000;-73,37
2021-01-10T00:00:00+00:00;MIDBULL/USD;1667,00000000;1931,50000000;1182,00000000;1630,50000000;-2,24
2021-01-09T00:00:00+00:00;MIDBULL/USD;1282,00000000;1680,00000000;1184,00000000;1667,00000000;23,1
2021-01-08T00:00:00+00:00;MIDBULL/USD;1368,00000000;1452,50000000;991,50000000;1282,00000000;-6,71
2021-01-07T00:00:00+00:00;MIDBULL/USD;1531,00000000;1684,50000000;1147,00000000;1368,00000000;-11,92
2021-01-06T00:00:00+00:00;MIDBULL/USD;1027,50000000;1531,00000000;1000,00000000;1531,00000000;32,89
2021-01-05T00:00:00+00:00;MIDBULL/USD;900,00000000;1081,00000000;757,00000000;1027,50000000;12,41
2021-01-04T00:00:00+00:00;MIDBULL/USD;845,00000000;1014,50000000;491,50000000;900,00000000;6,11
2021-01-03T00:00:00+00:00;MIDBULL/USD;744,75000000;849,00000000;697,75000000;845,00000000;11,86
2021-01-02T00:00:00+00:00;MIDBULL/USD;723,75000000;795,50000000;664,00000000;744,75000000;2,82
2021-01-01T00:00:00+00:00;MIDBULL/USD;696,75000000;795,50000000;679,25000000;723,75000000;3,73
2020-12-31T00:00:00+00:00;MIDBULL/USD;675,00000000;696,75000000;608,50000000;696,75000000;3,12
2020-12-30T00:00:00+00:00;MIDBULL/USD;705,50000000;720,00000000;654,00000000;675,00000000;-4,52
2020-12-29T00:00:00+00:00;MIDBULL/USD;747,00000000;762,50000000;613,00000000;705,50000000;-5,88
2020-12-28T00:00:00+00:00;MIDBULL/USD;690,00000000;772,00000000;681,75000000;747,00000000;7,63
2020-12-27T00:00:00+00:00;MIDBULL/USD;664,50000000;749,00000000;567,00000000;690,00000000;3,7
2020-12-26T00:00:00+00:00;MIDBULL/USD;674,25000000;707,00000000;639,25000000;664,50000000;-1,47
2020-12-25T00:00:00+00:00;MIDBULL/USD;682,50000000;759,00000000;645,25000000;674,25000000;-1,22
2020-12-24T00:00:00+00:00;MIDBULL/USD;569,75000000;694,25000000;490,75000000;682,50000000;16,52
2020-12-23T00:00:00+00:00;MIDBULL/USD;824,50000000;844,50000000;485,25000000;569,75000000;-44,71
2020-12-22T00:00:00+00:00;MIDBULL/USD;787,00000000;854,75000000;695,00000000;824,50000000;4,55
2020-12-21T00:00:00+00:00;MIDBULL/USD;903,75000000;971,25000000;725,75000000;787,00000000;-14,83
2020-12-20T00:00:00+00:00;MIDBULL/USD;991,25000000;1013,50000000;884,25000000;903,75000000;-9,68
2020-12-19T00:00:00+00:00;MIDBULL/USD;973,00000000;1054,00000000;971,75000000;991,25000000;1,84
2020-12-18T00:00:00+00:00;MIDBULL/USD;976,50000000;1000,25000000;872,75000000;973,00000000;-0,36
2020-12-17T00:00:00+00:00;MIDBULL/USD;939,75000000;1063,75000000;881,25000000;976,50000000;3,76
2020-12-16T00:00:00+00:00;MIDBULL/USD;816,50000000;939,75000000;764,75000000;939,75000000;13,12
2020-12-15T00:00:00+00:00;MIDBULL/USD;815,50000000;840,00000000;792,00000000;816,50000000;0,12
2020-12-14T00:00:00+00:00;MIDBULL/USD;828,25000000;830,00000000;772,75000000;815,50000000;-1,56
2020-12-13T00:00:00+00:00;MIDBULL/USD;744,75000000;830,00000000;737,50000000;828,25000000;10,08
2020-12-12T00:00:00+00:00;MIDBULL/USD;655,25000000;763,25000000;655,00000000;744,75000000;12,02
2020-12-11T00:00:00+00:00;MIDBULL/USD;693,50000000;703,25000000;599,50000000;655,25000000;-5,84
2020-12-10T00:00:00+00:00;MIDBULL/USD;752,75000000;755,00000000;675,00000000;693,50000000;-8,54
2020-12-09T00:00:00+00:00;MIDBULL/USD;706,50000000;761,75000000;597,75000000;752,75000000;6,14
2020-12-08T00:00:00+00:00;MIDBULL/USD;877,50000000;877,50000000;692,75000000;706,50000000;-24,2
2020-12-07T00:00:00+00:00;MIDBULL/USD;897,00000000;912,00000000;841,25000000;877,50000000;-2,22
2020-12-06T00:00:00+00:00;MIDBULL/USD;908,25000000;935,25000000;825,75000000;897,00000000;-1,25
2020-12-05T00:00:00+00:00;MIDBULL/USD;808,75000000;909,00000000;777,00000000;908,25000000;10,96
2020-12-04T00:00:00+00:00;MIDBULL/USD;966,25000000;1007,00000000;788,75000000;808,75000000;-19,47
2020-12-03T00:00:00+00:00;MIDBULL/USD;913,25000000;977,25000000;892,00000000;966,25000000;5,49
2020-12-02T00:00:00+00:00;MIDBULL/USD;822,50000000;926,75000000;796,50000000;913,25000000;9,94
2020-12-01T00:00:00+00:00;MIDBULL/USD;982,25000000;1038,50000000;773,50000000;822,50000000;-19,42
2020-11-30T00:00:00+00:00;MIDBULL/USD;852,50000000;1006,50000000;852,50000000;982,25000000;13,21
2020-11-29T00:00:00+00:00;MIDBULL/USD;875,25000000;881,50000000;805,00000000;852,50000000;-2,67
2020-11-28T00:00:00+00:00;MIDBULL/USD;748,25000000;904,75000000;720,50000000;875,25000000;14,51
2020-11-27T00:00:00+00:00;MIDBULL/USD;765,25000000;765,25000000;668,00000000;748,25000000;-2,27
2020-11-26T00:00:00+00:00;MIDBULL/USD;1070,50000000;1123,50000000;609,00000000;765,25000000;-39,89
2020-11-25T00:00:00+00:00;MIDBULL/USD;1208,00000000;1387,50000000;1014,50000000;1070,50000000;-12,84
2020-11-24T00:00:00+00:00;MIDBULL/USD;971,25000000;1272,25000000;961,75000000;1208,00000000;19,6
2020-11-23T00:00:00+00:00;MIDBULL/USD;801,75000000;974,00000000;756,00000000;971,25000000;17,45
2020-11-22T00:00:00+00:00;MIDBULL/USD;883,00000000;915,00000000;673,25000000;801,75000000;-10,13
2020-11-21T00:00:00+00:00;MIDBULL/USD;708,25000000;888,00000000;708,25000000;883,00000000;19,79
2020-11-20T00:00:00+00:00;MIDBULL/USD;625,50000000;722,50000000;619,25000000;708,25000000;11,68
2020-11-19T00:00:00+00:00;MIDBULL/USD;620,00000000;655,75000000;584,25000000;625,50000000;0,88
2020-11-18T00:00:00+00:00;MIDBULL/USD;662,50000000;681,75000000;559,00000000;620,00000000;-6,85
2020-11-17T00:00:00+00:00;MIDBULL/USD;591,00000000;666,00000000;590,50000000;662,50000000;10,79
2020-11-16T00:00:00+00:00;MIDBULL/USD;549,75000000;596,75000000;537,25000000;591,00000000;6,98
2020-11-15T00:00:00+00:00;MIDBULL/USD;572,00000000;598,50000000;522,75000000;549,75000000;-4,05
2020-11-14T00:00:00+00:00;MIDBULL/USD;599,75000000;599,75000000;538,75000000;572,00000000;-4,85
2020-11-13T00:00:00+00:00;MIDBULL/USD;530,25000000;599,75000000;525,00000000;599,75000000;11,59
2020-11-12T00:00:00+00:00;MIDBULL/USD;547,75000000;572,50000000;511,25000000;530,25000000;-3,3
2020-11-11T00:00:00+00:00;MIDBULL/USD;563,25000000;582,25000000;546,25000000;547,75000000;-2,83
2020-11-10T00:00:00+00:00;MIDBULL/USD;508,30000000;570,25000000;507,40000000;563,25000000;9,76
2020-11-09T00:00:00+00:00;MIDBULL/USD;553,50000000;558,75000000;468,00000000;508,30000000;-8,89
2020-11-08T00:00:00+00:00;MIDBULL/USD;474,60000000;554,50000000;472,60000000;553,50000000;14,25
2020-11-07T00:00:00+00:00;MIDBULL/USD;535,25000000;608,75000000;450,00000000;474,60000000;-12,78
2020-11-06T00:00:00+00:00;MIDBULL/USD;451,10000000;536,25000000;439,00000000;535,25000000;15,72
2020-11-05T00:00:00+00:00;MIDBULL/USD;392,80000000;455,30000000;381,80000000;451,10000000;12,92
2020-11-04T00:00:00+00:00;MIDBULL/USD;413,40000000;413,80000000;367,60000000;392,80000000;-5,24
2020-11-03T00:00:00+00:00;MIDBULL/USD;440,30000000;446,00000000;382,40000000;413,40000000;-6,51
2020-11-02T00:00:00+00:00;MIDBULL/USD;488,90000000;509,30000000;430,20000000;440,30000000;-11,04
2020-11-01T00:00:00+00:00;MIDBULL/USD;471,10000000;490,80000000;462,70000000;488,90000000;3,64
2020-10-31T00:00:00+00:00;MIDBULL/USD;464,00000000;493,60000000;458,20000000;471,10000000;1,51
2020-10-30T00:00:00+00:00;MIDBULL/USD;496,30000000;517,00000000;427,60000000;464,00000000;-6,96
2020-10-29T00:00:00+00:00;MIDBULL/USD;528,10000000;536,00000000;481,25000000;496,30000000;-6,41
2020-10-28T00:00:00+00:00;MIDBULL/USD;605,25000000;627,00000000;500,50000000;528,10000000;-14,61
2020-10-27T00:00:00+00:00;MIDBULL/USD;598,50000000;636,00000000;594,00000000;605,25000000;1,12
2020-10-26T00:00:00+00:00;MIDBULL/USD;636,25000000;666,00000000;566,00000000;598,50000000;-6,31
2020-10-25T00:00:00+00:00;MIDBULL/USD;660,00000000;679,50000000;632,50000000;636,25000000;-3,73
2020-10-24T00:00:00+00:00;MIDBULL/USD;633,25000000;668,00000000;626,50000000;660,00000000;4,05
2020-10-23T00:00:00+00:00;MIDBULL/USD;662,50000000;664,75000000;602,25000000;633,25000000;-4,62
2020-10-22T00:00:00+00:00;MIDBULL/USD;604,75000000;680,75000000;603,00000000;662,50000000;8,72
2020-10-21T00:00:00+00:00;MIDBULL/USD;537,50000000;636,00000000;533,25000000;604,75000000;11,12
2020-10-20T00:00:00+00:00;MIDBULL/USD;625,75000000;630,75000000;537,00000000;537,50000000;-16,42
2020-10-19T00:00:00+00:00;MIDBULL/USD;622,00000000;644,00000000;588,75000000;625,75000000;0,6
2020-10-18T00:00:00+00:00;MIDBULL/USD;596,00000000;622,00000000;594,25000000;622,00000000;4,18
2020-10-17T00:00:00+00:00;MIDBULL/USD;594,75000000;612,25000000;584,00000000;596,00000000;0,21
2020-10-16T00:00:00+00:00;MIDBULL/USD;656,50000000;664,50000000;570,50000000;594,75000000;-10,38
2020-10-15T00:00:00+00:00;MIDBULL/USD;682,25000000;694,00000000;630,00000000;656,50000000;-3,92
2020-10-14T00:00:00+00:00;MIDBULL/USD;717,00000000;742,75000000;658,00000000;682,25000000;-5,09
2020-10-13T00:00:00+00:00;MIDBULL/USD;767,25000000;777,25000000;704,75000000;717,00000000;-7,01
2020-10-12T00:00:00+00:00;MIDBULL/USD;719,00000000;806,75000000;701,25000000;767,25000000;6,29
2020-10-11T00:00:00+00:00;MIDBULL/USD;685,75000000;737,25000000;674,75000000;719,00000000;4,62
2020-10-10T00:00:00+00:00;MIDBULL/USD;671,00000000;720,25000000;670,50000000;685,75000000;2,15
2020-10-09T00:00:00+00:00;MIDBULL/USD;602,25000000;671,00000000;580,00000000;671,00000000;10,25
2020-10-08T00:00:00+00:00;MIDBULL/USD;565,00000000;605,75000000;523,25000000;602,25000000;6,19
2020-10-07T00:00:00+00:00;MIDBULL/USD;553,75000000;570,00000000;516,75000000;565,00000000;1,99
2020-10-06T00:00:00+00:00;MIDBULL/USD;633,25000000;636,25000000;543,00000000;553,75000000;-14,36
2020-10-05T00:00:00+00:00;MIDBULL/USD;620,25000000;635,25000000;602,25000000;633,25000000;2,05
2020-10-04T00:00:00+00:00;MIDBULL/USD;583,25000000;621,00000000;570,75000000;620,25000000;5,97
2020-10-03T00:00:00+00:00;MIDBULL/USD;588,00000000;606,50000000;576,50000000;583,25000000;-0,81
2020-10-02T00:00:00+00:00;MIDBULL/USD;627,25000000;648,50000000;530,75000000;588,00000000;-6,68
2020-10-01T00:00:00+00:00;MIDBULL/USD;671,75000000;727,75000000;611,75000000;627,25000000;-7,09
2020-09-30T00:00:00+00:00;MIDBULL/USD;669,75000000;679,00000000;628,75000000;671,75000000;0,3
2020-09-29T00:00:00+00:00;MIDBULL/USD;659,50000000;672,00000000;614,75000000;669,75000000;1,53
2020-09-28T00:00:00+00:00;MIDBULL/USD;674,75000000;712,25000000;654,25000000;659,50000000;-2,31
2020-09-27T00:00:00+00:00;MIDBULL/USD;651,75000000;677,75000000;622,25000000;674,75000000;3,41
2020-09-26T00:00:00+00:00;MIDBULL/USD;651,00000000;682,00000000;634,25000000;651,75000000;0,12
2020-09-25T00:00:00+00:00;MIDBULL/USD;578,00000000;672,50000000;563,50000000;651,00000000;11,21
2020-09-24T00:00:00+00:00;MIDBULL/USD;467,80000000;590,20000000;452,70000000;578,00000000;19,07
2020-09-23T00:00:00+00:00;MIDBULL/USD;542,00000000;553,25000000;454,50000000;467,80000000;-15,86
2020-09-22T00:00:00+00:00;MIDBULL/USD;524,00000000;552,90000000;505,75000000;542,00000000;3,32
2020-09-21T00:00:00+00:00;MIDBULL/USD;683,00000000;704,50000000;496,00000000;524,00000000;-30,34
2020-09-20T00:00:00+00:00;MIDBULL/USD;749,50000000;757,25000000;661,25000000;683,00000000;-9,74
2020-09-19T00:00:00+00:00;MIDBULL/USD;731,25000000;764,00000000;726,75000000;749,50000000;2,43
2020-09-18T00:00:00+00:00;MIDBULL/USD;755,25000000;796,00000000;724,25000000;731,25000000;-3,28
2020-09-17T00:00:00+00:00;MIDBULL/USD;724,50000000;765,25000000;700,50000000;755,25000000;4,07
2020-09-16T00:00:00+00:00;MIDBULL/USD;727,50000000;749,25000000;678,25000000;724,50000000;-0,41
2020-09-15T00:00:00+00:00;MIDBULL/USD;832,75000000;844,75000000;721,75000000;727,50000000;-14,47
2020-09-14T00:00:00+00:00;MIDBULL/USD;774,00000000;853,50000000;750,00000000;832,75000000;7,05
2020-09-13T00:00:00+00:00;MIDBULL/USD;849,00000000;887,00000000;741,00000000;774,00000000;-9,69
2020-09-12T00:00:00+00:00;MIDBULL/USD;803,75000000;850,25000000;784,75000000;849,00000000;5,33
2020-09-11T00:00:00+00:00;MIDBULL/USD;768,00000000;811,50000000;708,50000000;803,75000000;4,45
2020-09-10T00:00:00+00:00;MIDBULL/USD;721,75000000;816,25000000;718,25000000;768,00000000;6,02
2020-09-09T00:00:00+00:00;MIDBULL/USD;676,25000000;756,25000000;649,75000000;721,75000000;6,3
2020-09-08T00:00:00+00:00;MIDBULL/USD;711,00000000;743,75000000;617,75000000;676,25000000;-5,14
2020-09-07T00:00:00+00:00;MIDBULL/USD;708,50000000;718,25000000;557,50000000;711,00000000;0,35
2020-09-06T00:00:00+00:00;MIDBULL/USD;578,50000000;723,50000000;523,75000000;708,50000000;18,35
2020-09-05T00:00:00+00:00;MIDBULL/USD;842,75000000;871,75000000;508,50000000;578,50000000;-45,68
2020-09-04T00:00:00+00:00;MIDBULL/USD;749,50000000;881,00000000;724,00000000;842,75000000;11,06
2020-09-03T00:00:00+00:00;MIDBULL/USD;1326,00000000;1344,50000000;748,25000000;749,50000000;-76,92
2020-09-02T00:00:00+00:00;MIDBULL/USD;1592,50000000;1604,00000000;1147,50000000;1326,00000000;-20,1
2020-09-01T00:00:00+00:00;MIDBULL/USD;1442,00000000;1629,50000000;1375,50000000;1592,50000000;9,45
2020-08-31T00:00:00+00:00;MIDBULL/USD;1459,50000000;1520,00000000;1381,50000000;1442,00000000;-1,21
2020-08-30T00:00:00+00:00;MIDBULL/USD;1393,50000000;1510,00000000;1379,00000000;1459,50000000;4,52
2020-08-29T00:00:00+00:00;MIDBULL/USD;1250,50000000;1415,00000000;1223,00000000;1393,50000000;10,26
2020-08-28T00:00:00+00:00;MIDBULL/USD;1121,50000000;1260,00000000;1096,00000000;1250,50000000;10,32
2020-08-27T00:00:00+00:00;MIDBULL/USD;1272,00000000;1289,50000000;1025,50000000;1121,50000000;-13,42
2020-08-26T00:00:00+00:00;MIDBULL/USD;1220,50000000;1326,00000000;1179,50000000;1272,00000000;4,05
2020-08-25T00:00:00+00:00;MIDBULL/USD;1416,50000000;1427,50000000;1087,50000000;1220,50000000;-16,06
2020-08-24T00:00:00+00:00;MIDBULL/USD;1381,50000000;1496,00000000;1364,50000000;1416,50000000;2,47
2020-08-23T00:00:00+00:00;MIDBULL/USD;1398,50000000;1432,00000000;1270,00000000;1381,50000000;-1,23
2020-08-22T00:00:00+00:00;MIDBULL/USD;1210,00000000;1418,50000000;1141,00000000;1398,50000000;13,48
2020-08-21T00:00:00+00:00;MIDBULL/USD;1567,50000000;1596,50000000;1203,00000000;1210,00000000;-29,55
2020-08-20T00:00:00+00:00;MIDBULL/USD;1370,50000000;1571,50000000;1345,50000000;1567,50000000;12,57
2020-08-19T00:00:00+00:00;MIDBULL/USD;1528,50000000;1592,00000000;1292,00000000;1370,50000000;-11,53
2020-08-18T00:00:00+00:00;MIDBULL/USD;1744,50000000;1833,00000000;1455,50000000;1528,50000000;-14,13
2020-08-17T00:00:00+00:00;MIDBULL/USD;1795,00000000;1942,00000000;1736,00000000;1744,50000000;-2,89
2020-08-16T00:00:00+00:00;MIDBULL/USD;1726,00000000;1810,00000000;1615,50000000;1795,00000000;3,84
2020-08-15T00:00:00+00:00;MIDBULL/USD;1581,50000000;1776,50000000;1525,50000000;1726,00000000;8,37
2020-08-14T00:00:00+00:00;MIDBULL/USD;1529,00000000;1620,00000000;1478,00000000;1581,50000000;3,32
2020-08-13T00:00:00+00:00;MIDBULL/USD;1448,00000000;1552,50000000;1332,00000000;1529,00000000;5,3
2020-08-12T00:00:00+00:00;MIDBULL/USD;1251,00000000;1450,50000000;1108,50000000;1448,00000000;13,6
2020-08-11T00:00:00+00:00;MIDBULL/USD;1462,00000000;1476,00000000;1116,00000000;1251,00000000;-16,87
2020-08-10T00:00:00+00:00;MIDBULL/USD;1417,00000000;1462,00000000;1302,00000000;1462,00000000;3,08
2020-08-09T00:00:00+00:00;MIDBULL/USD;1305,00000000;1430,50000000;1284,50000000;1417,00000000;7,9
2020-08-08T00:00:00+00:00;MIDBULL/USD;1094,50000000;1327,00000000;1080,50000000;1305,00000000;16,13
2020-08-07T00:00:00+00:00;MIDBULL/USD;1181,00000000;1214,00000000;995,00000000;1094,50000000;-7,9
2020-08-06T00:00:00+00:00;MIDBULL/USD;1118,00000000;1210,50000000;1098,00000000;1181,00000000;5,33
2020-08-05T00:00:00+00:00;MIDBULL/USD;1129,75000000;1139,00000000;1077,50000000;1118,00000000;-1,05
2020-08-04T00:00:00+00:00;MIDBULL/USD;1048,25000000;1129,75000000;1038,00000000;1129,75000000;7,21
2020-08-03T00:00:00+00:00;MIDBULL/USD;929,75000000;1063,50000000;907,50000000;1048,25000000;11,3
2020-08-02T00:00:00+00:00;MIDBULL/USD;1271,00000000;1342,50000000;708,00000000;929,75000000;-36,7
2020-08-01T00:00:00+00:00;MIDBULL/USD;1052,25000000;1271,00000000;1045,00000000;1271,00000000;17,21
2020-07-31T00:00:00+00:00;MIDBULL/USD;1039,50000000;1052,25000000;1007,25000000;1052,25000000;1,21
2020-07-30T00:00:00+00:00;MIDBULL/USD;1000,00000000;1063,00000000;952,00000000;1039,50000000;3,8
2020-07-29T00:00:00+00:00;MIDBULL/USD;1059,75000000;1070,75000000;981,25000000;1000,00000000;-5,98
2020-07-28T00:00:00+00:00;MIDBULL/USD;985,75000000;1066,75000000;946,50000000;1059,75000000;6,98
2020-07-27T00:00:00+00:00;MIDBULL/USD;1042,50000000;1055,50000000;848,75000000;985,75000000;-5,76
2020-07-26T00:00:00+00:00;MIDBULL/USD;1033,00000000;1165,00000000;990,00000000;1042,50000000;0,91
2020-07-25T00:00:00+00:00;MIDBULL/USD;895,00000000;1033,00000000;885,00000000;1033,00000000;13,36
2020-07-24T00:00:00+00:00;MIDBULL/USD;952,00000000;952,75000000;892,25000000;895,00000000;-6,37
2020-07-23T00:00:00+00:00;MIDBULL/USD;926,00000000;981,25000000;922,25000000;952,00000000;2,73
2020-07-22T00:00:00+00:00;MIDBULL/USD;884,25000000;929,00000000;839,50000000;926,00000000;4,51
2020-07-21T00:00:00+00:00;MIDBULL/USD;805,25000000;885,50000000;798,25000000;884,25000000;8,93
2020-07-20T00:00:00+00:00;MIDBULL/USD;900,50000000;916,75000000;800,00000000;805,25000000;-11,83
2020-07-19T00:00:00+00:00;MIDBULL/USD;895,25000000;913,25000000;857,25000000;899,25000000;0,44
2020-07-18T00:00:00+00:00;MIDBULL/USD;904,25000000;917,00000000;856,75000000;895,25000000;-1,01
2020-07-17T00:00:00+00:00;MIDBULL/USD;876,75000000;924,00000000;860,50000000;904,25000000;3,04
2020-07-16T00:00:00+00:00;MIDBULL/USD;914,75000000;945,25000000;787,25000000;876,75000000;-4,33
2020-07-15T00:00:00+00:00;MIDBULL/USD;892,00000000;917,50000000;852,50000000;914,75000000;2,49
2020-07-14T00:00:00+00:00;MIDBULL/USD;815,50000000;892,50000000;763,25000000;892,00000000;8,58
2020-07-13T00:00:00+00:00;MIDBULL/USD;842,25000000;939,25000000;795,75000000;815,50000000;-3,28
2020-07-12T00:00:00+00:00;MIDBULL/USD;812,00000000;843,50000000;769,25000000;842,25000000;3,59
2020-07-11T00:00:00+00:00;MIDBULL/USD;755,00000000;820,00000000;751,00000000;812,00000000;7,02
2020-07-10T00:00:00+00:00;MIDBULL/USD;786,00000000;786,00000000;675,00000000;755,00000000;-4,11
2020-07-09T00:00:00+00:00;MIDBULL/USD;821,75000000;832,50000000;725,00000000;786,00000000;-4,55
2020-07-08T00:00:00+00:00;MIDBULL/USD;666,75000000;821,75000000;658,25000000;821,75000000;18,86
2020-07-07T00:00:00+00:00;MIDBULL/USD;609,75000000;667,00000000;598,75000000;666,75000000;8,55
2020-07-06T00:00:00+00:00;MIDBULL/USD;517,10000000;617,70000000;514,40000000;609,75000000;15,19
2020-07-05T00:00:00+00:00;MIDBULL/USD;519,90000000;526,80000000;480,90000000;517,10000000;-0,54
2020-07-04T00:00:00+00:00;MIDBULL/USD;483,10000000;524,60000000;480,10000000;519,90000000;7,08
2020-07-03T00:00:00+00:00;MIDBULL/USD;481,50000000;508,70000000;480,10000000;483,10000000;0,33
2020-07-02T00:00:00+00:00;MIDBULL/USD;501,60000000;513,50000000;452,50000000;481,50000000;-4,17
2020-07-01T00:00:00+00:00;MIDBULL/USD;462,10000000;504,00000000;453,40000000;501,60000000;7,87
2020-06-30T00:00:00+00:00;MIDBULL/USD;461,70000000;470,60000000;447,10000000;462,10000000;0,09
2020-06-29T00:00:00+00:00;MIDBULL/USD;435,10000000;467,50000000;428,50000000;461,70000000;5,76
2020-06-28T00:00:00+00:00;MIDBULL/USD;400,30000000;443,20000000;392,10000000;435,10000000;8,0
2020-06-27T00:00:00+00:00;MIDBULL/USD;462,40000000;464,40000000;376,40000000;400,30000000;-15,51
2020-06-26T00:00:00+00:00;MIDBULL/USD;476,40000000;479,30000000;443,90000000;462,40000000;-3,03
2020-06-25T00:00:00+00:00;MIDBULL/USD;482,10000000;483,90000000;430,50000000;476,40000000;-1,2
2020-06-24T00:00:00+00:00;MIDBULL/USD;523,00000000;549,70000000;459,80000000;482,10000000;-8,48
2020-06-23T00:00:00+00:00;MIDBULL/USD;509,10000000;530,80000000;489,80000000;523,00000000;2,66
2020-06-22T00:00:00+00:00;MIDBULL/USD;441,20000000;516,50000000;291,00000000;509,10000000;13,34
2020-06-21T00:00:00+00:00;MIDBULL/USD;444,40000000;455,00000000;439,60000000;441,20000000;-0,73
2020-06-20T00:00:00+00:00;MIDBULL/USD;446,70000000;447,70000000;418,80000000;444,40000000;-0,52
2020-06-19T00:00:00+00:00;MIDBULL/USD;457,50000000;458,50000000;431,80000000;446,70000000;-2,42
2020-06-18T00:00:00+00:00;MIDBULL/USD;472,70000000;477,30000000;442,70000000;457,50000000;-3,32
2020-06-17T00:00:00+00:00;MIDBULL/USD;460,20000000;484,70000000;435,50000000;472,70000000;2,64
2020-06-16T00:00:00+00:00;MIDBULL/USD;444,10000000;461,80000000;438,30000000;460,20000000;3,5
2020-06-15T00:00:00+00:00;MIDBULL/USD;444,90000000;458,80000000;364,00000000;444,10000000;-0,18
2020-06-14T00:00:00+00:00;MIDBULL/USD;493,90000000;499,40000000;438,70000000;444,90000000;-11,01
2020-06-13T00:00:00+00:00;MIDBULL/USD;491,20000000;496,40000000;471,60000000;493,90000000;0,55
2020-06-12T00:00:00+00:00;MIDBULL/USD;448,10000000;506,20000000;440,10000000;491,20000000;8,77
2020-06-11T00:00:00+00:00;MIDBULL/USD;597,25000000;615,00000000;423,50000000;448,10000000;-33,28
2020-06-10T00:00:00+00:00;MIDBULL/USD;591,00000000;605,50000000;555,00000000;597,25000000;1,05
2020-06-09T00:00:00+00:00;MIDBULL/USD;592,25000000;605,00000000;558,75000000;591,00000000;-0,21
2020-06-08T00:00:00+00:00;MIDBULL/USD;572,25000000;595,75000000;313,25000000;592,25000000;3,38
2020-06-07T00:00:00+00:00;MIDBULL/USD;576,50000000;597,50000000;524,25000000;572,25000000;-0,74
2020-06-06T00:00:00+00:00;MIDBULL/USD;564,25000000;583,75000000;548,50000000;576,50000000;2,12
2020-06-05T00:00:00+00:00;MIDBULL/USD;575,75000000;600,75000000;560,00000000;565,00000000;-1,9
2020-06-04T00:00:00+00:00;MIDBULL/USD;568,00000000;598,00000000;538,00000000;575,75000000;1,35
2020-06-03T00:00:00+00:00;MIDBULL/USD;515,80000000;574,40000000;502,60000000;568,00000000;9,19
2020-06-02T00:00:00+00:00;MIDBULL/USD;557,20000000;595,50000000;458,50000000;515,80000000;-8,03
2020-06-01T00:00:00+00:00;MIDBULL/USD;458,90000000;581,90000000;455,60000000;557,20000000;17,64
2020-05-31T00:00:00+00:00;MIDBULL/USD;514,70000000;550,50000000;451,90000000;458,90000000;-12,16
2020-05-30T00:00:00+00:00;MIDBULL/USD;424,90000000;519,90000000;417,40000000;514,70000000;17,45
2020-05-29T00:00:00+00:00;MIDBULL/USD;432,50000000;443,50000000;414,00000000;424,90000000;-1,79
2020-05-28T00:00:00+00:00;MIDBULL/USD;378,70000000;440,90000000;368,90000000;432,50000000;12,44
2020-05-27T00:00:00+00:00;MIDBULL/USD;364,30000000;395,30000000;358,10000000;378,70000000;3,8
2020-05-26T00:00:00+00:00;MIDBULL/USD;381,40000000;383,40000000;345,90000000;364,30000000;-4,69
2020-05-25T00:00:00+00:00;MIDBULL/USD;347,80000000;381,50000000;336,60000000;381,40000000;8,81
2020-05-24T00:00:00+00:00;MIDBULL/USD;393,50000000;411,10000000;345,10000000;347,80000000;-13,14
2020-05-23T00:00:00+00:00;MIDBULL/USD;401,30000000;414,90000000;383,50000000;393,50000000;-1,98
2020-05-22T00:00:00+00:00;MIDBULL/USD;349,50000000;406,50000000;342,50000000;401,30000000;12,91
2020-05-21T00:00:00+00:00;MIDBULL/USD;412,90000000;428,50000000;321,40000000;349,50000000;-18,14
2020-05-20T00:00:00+00:00;MIDBULL/USD;417,30000000;432,10000000;380,50000000;412,90000000;-1,07
2020-05-19T00:00:00+00:00;MIDBULL/USD;411,30000000;418,80000000;377,40000000;417,30000000;1,44
2020-05-18T00:00:00+00:00;MIDBULL/USD;386,40000000;423,10000000;386,40000000;411,30000000;6,05
2020-05-17T00:00:00+00:00;MIDBULL/USD;373,40000000;406,40000000;371,10000000;386,40000000;3,36
2020-05-16T00:00:00+00:00;MIDBULL/USD;356,70000000;379,20000000;346,80000000;373,40000000;4,47
2020-05-15T00:00:00+00:00;MIDBULL/USD;386,10000000;390,20000000;341,40000000;356,70000000;-8,24
2020-05-14T00:00:00+00:00;MIDBULL/USD;373,80000000;398,70000000;362,10000000;386,10000000;3,19
2020-05-13T00:00:00+00:00;MIDBULL/USD;354,00000000;386,40000000;348,40000000;373,80000000;5,3
2020-05-12T00:00:00+00:00;MIDBULL/USD;311,50000000;364,40000000;308,30000000;354,00000000;12,01
2020-05-11T00:00:00+00:00;MIDBULL/USD;342,10000000;357,30000000;270,70000000;311,50000000;-9,82
2020-05-10T00:00:00+00:00;MIDBULL/USD;464,50000000;469,20000000;271,60000000;342,10000000;-35,78
2020-05-09T00:00:00+00:00;MIDBULL/USD;476,00000000;501,80000000;462,50000000;464,50000000;-2,48
2020-05-08T00:00:00+00:00;MIDBULL/USD;449,30000000;494,90000000;433,10000000;476,00000000;5,61
2020-05-07T00:00:00+00:00;MIDBULL/USD;400,20000000;459,60000000;384,50000000;449,30000000;10,93
2020-05-06T00:00:00+00:00;MIDBULL/USD;430,50000000;460,60000000;392,90000000;400,20000000;-7,57
2020-05-05T00:00:00+00:00;MIDBULL/USD;437,30000000;465,10000000;413,00000000;430,50000000;-1,58
2020-05-04T00:00:00+00:00;MIDBULL/USD;446,70000000;451,20000000;373,40000000;437,30000000;-2,15
2020-05-03T00:00:00+00:00;MIDBULL/USD;483,60000000;507,70000000;425,50000000;446,70000000;-8,26
2020-05-02T00:00:00+00:00;MIDBULL/USD;452,80000000;487,80000000;446,70000000;483,60000000;6,37
2020-05-01T00:00:00+00:00;MIDBULL/USD;427,40000000;491,40000000;426,10000000;452,40000000;5,53
2020-04-30T00:00:00+00:00;MIDBULL/USD;493,80000000;555,50000000;404,10000000;427,40000000;-15,54
2020-04-29T00:00:00+00:00;MIDBULL/USD;418,00000000;510,70000000;416,50000000;493,80000000;15,35
2020-04-28T00:00:00+00:00;MIDBULL/USD;406,60000000;426,50000000;393,40000000;418,00000000;2,73
2020-04-27T00:00:00+00:00;MIDBULL/USD;408,40000000;422,10000000;369,90000000;406,60000000;-0,44
2020-04-26T00:00:00+00:00;MIDBULL/USD;390,60000000;412,40000000;377,50000000;408,40000000;4,36
2020-04-25T00:00:00+00:00;MIDBULL/USD;372,00000000;418,40000000;356,40000000;390,60000000;4,76
2020-04-24T00:00:00+00:00;MIDBULL/USD;347,80000000;387,00000000;342,60000000;372,00000000;6,51
2020-04-23T00:00:00+00:00;MIDBULL/USD;308,20000000;377,40000000;302,10000000;347,80000000;11,39
2020-04-22T00:00:00+00:00;MIDBULL/USD;270,50000000;314,20000000;265,40000000;308,20000000;12,23
2020-04-21T00:00:00+00:00;MIDBULL/USD;266,20000000;276,00000000;256,90000000;270,50000000;1,59
2020-04-20T00:00:00+00:00;MIDBULL/USD;303,60000000;322,40000000;256,10000000;266,60000000;-13,88
2020-04-19T00:00:00+00:00;MIDBULL/USD;325,50000000;328,90000000;291,50000000;303,60000000;-7,21
2020-04-18T00:00:00+00:00;MIDBULL/USD;283,20000000;333,10000000;283,20000000;325,50000000;13,0
2020-04-17T00:00:00+00:00;MIDBULL/USD;297,40000000;301,30000000;280,00000000;283,20000000;-5,01
2020-04-16T00:00:00+00:00;MIDBULL/USD;244,90000000;303,95000000;224,20000000;297,40000000;17,65
2020-04-15T00:00:00+00:00;MIDBULL/USD;264,20000000;277,10000000;244,20000000;244,90000000;-7,88
2020-04-14T00:00:00+00:00;MIDBULL/USD;263,00000000;280,20000000;256,20000000;264,20000000;0,45
2020-04-13T00:00:00+00:00;MIDBULL/USD;273,50000000;273,50000000;240,80000000;263,00000000;-3,99
2020-04-12T00:00:00+00:00;MIDBULL/USD;265,80000000;304,10000000;252,60000000;273,50000000;2,82
2020-04-11T00:00:00+00:00;MIDBULL/USD;256,80000000;278,90000000;250,30000000;265,80000000;3,39
2020-04-10T00:00:00+00:00;MIDBULL/USD;327,50000000;328,60000000;227,40000000;256,80000000;-27,53
2020-04-09T00:00:00+00:00;MIDBULL/USD;328,50000000;333,00000000;303,40000000;327,50000000;-0,31
2020-04-08T00:00:00+00:00;MIDBULL/USD;287,30000000;330,40000000;281,60000000;328,50000000;12,54
2020-04-07T00:00:00+00:00;MIDBULL/USD;295,10000000;328,40000000;270,10000000;287,30000000;-2,71
2020-04-06T00:00:00+00:00;MIDBULL/USD;228,40000000;296,90000000;228,40000000;294,70000000;22,5
2020-04-05T00:00:00+00:00;MIDBULL/USD;229,70000000;235,15000000;219,50000000;228,40000000;-0,57
2020-04-04T00:00:00+00:00;MIDBULL/USD;217,60000000;240,25000000;212,15000000;229,70000000;5,27
2020-04-03T00:00:00+00:00;MIDBULL/USD;215,65000000;234,25000000;206,55000000;217,60000000;0,9
2020-04-02T00:00:00+00:00;MIDBULL/USD;202,90000000;245,65000000;198,20000000;215,65000000;5,91
2020-04-01T00:00:00+00:00;MIDBULL/USD;197,90000000;209,20000000;176,65000000;202,45000000;2,25
2020-03-31T00:00:00+00:00;MIDBULL/USD;187,40000000;202,10000000;184,15000000;197,90000000;5,31
2020-03-30T00:00:00+00:00;MIDBULL/USD;154,85000000;198,70000000;153,20000000;187,40000000;17,37
2020-03-29T00:00:00+00:00;MIDBULL/USD;183,05000000;186,40000000;154,60000000;154,75000000;-18,29
2020-03-28T00:00:00+00:00;MIDBULL/USD;185,90000000;186,85000000;162,00000000;183,05000000;-1,56
2020-03-27T00:00:00+00:00;MIDBULL/USD;216,20000000;227,50000000;182,85000000;185,90000000;-16,3
2020-03-26T00:00:00+00:00;MIDBULL/USD;197,70000000;217,35000000;194,30000000;216,20000000;8,56
2020-03-25T00:00:00+00:00;MIDBULL/USD;208,25000000;222,85000000;185,20000000;197,70000000;-5,34
2020-03-24T00:00:00+00:00;MIDBULL/USD;189,70000000;214,05000000;183,00000000;208,25000000;8,91
2020-03-23T00:00:00+00:00;MIDBULL/USD;146,85000000;200,70000000;136,90000000;189,70000000;22,59
2020-03-22T00:00:00+00:00;MIDBULL/USD;197,45000000;218,75000000;141,35000000;147,20000000;-34,14
2020-03-21T00:00:00+00:00;MIDBULL/USD;192,10000000;215,30000000;164,60000000;197,45000000;2,71
2020-03-20T00:00:00+00:00;MIDBULL/USD;214,05000000;286,45000000;142,40000000;191,75000000;-11,63
2020-03-19T00:00:00+00:00;MIDBULL/USD;153,35000000;240,40000000;146,20000000;214,20000000;28,41
2020-03-18T00:00:00+00:00;MIDBULL/USD;139,60000000;153,35000000;116,30000000;153,35000000;8,97
2020-03-17T00:00:00+00:00;MIDBULL/USD;119,50000000;152,25000000;114,30000000;139,60000000;14,4
2020-03-16T00:00:00+00:00;MIDBULL/USD;174,95000000;175,20000000;82,20000000;119,50000000;-46,4
2020-03-15T00:00:00+00:00;MIDBULL/USD;158,10000000;213,95000000;152,00000000;174,85000000;9,58
2020-03-14T00:00:00+00:00;MIDBULL/USD;196,55000000;204,80000000;149,10000000;158,10000000;-24,32
2020-03-13T00:00:00+00:00;MIDBULL/USD;150,20000000;214,07500000;60,07500000;196,70000000;23,64
2020-03-12T00:00:00+00:00;MIDBULL/USD;1099,50000000;1112,50000000;136,35000000;153,25000000;-617,46
2020-03-11T00:00:00+00:00;MIDBULL/USD;1214,00000000;1251,00000000;901,00000000;1099,50000000;-10,41
2020-03-10T00:00:00+00:00;MIDBULL/USD;1203,00000000;1312,00000000;1111,50000000;1218,00000000;1,23
2020-03-09T00:00:00+00:00;MIDBULL/USD;1187,50000000;1293,50000000;962,00000000;1202,50000000;1,25
2020-03-08T00:00:00+00:00;MIDBULL/USD;1963,50000000;1963,50000000;1164,50000000;1188,50000000;-65,21
2020-03-07T00:00:00+00:00;MIDBULL/USD;2306,50000000;2325,00000000;1939,00000000;1963,50000000;-17,47
2020-03-06T00:00:00+00:00;MIDBULL/USD;2177,00000000;2333,00000000;2139,50000000;2306,50000000;5,61
2020-03-05T00:00:00+00:00;MIDBULL/USD;2027,50000000;2343,00000000;2026,50000000;2179,00000000;6,95
2020-03-04T00:00:00+00:00;MIDBULL/USD;2036,50000000;2147,50000000;1936,50000000;2027,50000000;-0,44
2020-03-03T00:00:00+00:00;MIDBULL/USD;2040,00000000;2061,00000000;1879,50000000;2036,50000000;-0,17
2020-03-02T00:00:00+00:00;MIDBULL/USD;1651,00000000;2101,50000000;1624,50000000;2040,00000000;19,07
2020-03-01T00:00:00+00:00;MIDBULL/USD;1640,50000000;1856,50000000;1552,50000000;1651,00000000;0,64
2020-02-29T00:00:00+00:00;MIDBULL/USD;1786,50000000;1899,00000000;1638,00000000;1641,50000000;-8,83
2020-02-28T00:00:00+00:00;MIDBULL/USD;1843,50000000;1975,50000000;1519,50000000;1786,50000000;-3,19
2020-02-27T00:00:00+00:00;MIDBULL/USD;1699,00000000;2046,50000000;1448,00000000;1843,50000000;7,84
2020-02-26T00:00:00+00:00;MIDBULL/USD;2497,00000000;2526,00000000;1471,00000000;1699,00000000;-46,97
2020-02-25T00:00:00+00:00;MIDBULL/USD;3029,00000000;3040,00000000;2410,00000000;2497,00000000;-21,31
2020-02-24T00:00:00+00:00;MIDBULL/USD;3634,00000000;3676,00000000;2716,00000000;3029,00000000;-19,97
2020-02-23T00:00:00+00:00;MIDBULL/USD;3240,00000000;3734,00000000;3240,00000000;3640,00000000;10,99
2020-02-22T00:00:00+00:00;MIDBULL/USD;3380,00000000;3431,00000000;3145,00000000;3240,00000000;-4,32
2020-02-21T00:00:00+00:00;MIDBULL/USD;3132,00000000;3596,00000000;3061,00000000;3380,00000000;7,34
2020-02-20T00:00:00+00:00;MIDBULL/USD;3213,00000000;3356,00000000;2767,00000000;3132,00000000;-2,59
2020-02-19T00:00:00+00:00;MIDBULL/USD;4372,00000000;4537,00000000;2900,00000000;3217,00000000;-35,9
2020-02-18T00:00:00+00:00;MIDBULL/USD;3856,00000000;4547,00000000;3471,00000000;4372,00000000;11,8
2020-02-17T00:00:00+00:00;MIDBULL/USD;4006,00000000;4031,00000000;2919,00000000;3853,00000000;-3,97
2020-02-16T00:00:00+00:00;MIDBULL/USD;4876,00000000;5320,00000000;3226,00000000;4011,00000000;-21,57
2020-02-15T00:00:00+00:00;MIDBULL/USD;6992,50000000;7075,00000000;4490,00000000;4876,00000000;-43,41
2020-02-14T00:00:00+00:00;MIDBULL/USD;6212,50000000;7000,00000000;5825,00000000;6992,50000000;11,15
2020-02-13T00:00:00+00:00;MIDBULL/USD;6472,50000000;7107,50000000;5662,50000000;6212,50000000;-4,19
2020-02-12T00:00:00+00:00;MIDBULL/USD;5802,50000000;6695,00000000;5802,50000000;6472,50000000;10,35
2020-02-11T00:00:00+00:00;MIDBULL/USD;5014,00000000;5856,00000000;4748,00000000;5802,50000000;13,59
2020-02-10T00:00:00+00:00;MIDBULL/USD;5224,00000000;5295,00000000;4575,00000000;5014,00000000;-4,19
2020-02-09T00:00:00+00:00;MIDBULL/USD;4778,00000000;5279,00000000;4733,00000000;5224,00000000;8,54
2020-02-08T00:00:00+00:00;MIDBULL/USD;4686,00000000;4946,00000000;4049,00000000;4778,00000000;1,93
2020-02-07T00:00:00+00:00;MIDBULL/USD;4616,00000000;4901,00000000;4533,00000000;4686,00000000;1,49
2020-02-06T00:00:00+00:00;MIDBULL/USD;4525,00000000;4967,00000000;4305,00000000;4616,00000000;1,97
2020-02-05T00:00:00+00:00;MIDBULL/USD;3794,00000000;4694,00000000;3773,00000000;4525,00000000;16,15
2020-02-04T00:00:00+00:00;MIDBULL/USD;3920,00000000;4042,00000000;3466,00000000;3794,00000000;-3,32
2020-02-03T00:00:00+00:00;MIDBULL/USD;3747,00000000;4125,00000000;3691,00000000;3923,00000000;4,49
2020-02-02T00:00:00+00:00;MIDBULL/USD;3653,00000000;3965,00000000;3391,00000000;3747,00000000;2,51
2020-02-01T00:00:00+00:00;MIDBULL/USD;3467,00000000;3742,00000000;3359,00000000;3653,00000000;5,09
2020-01-31T00:00:00+00:00;MIDBULL/USD;3853,00000000;3893,00000000;3082,00000000;3464,00000000;-11,23
2020-01-30T00:00:00+00:00;MIDBULL/USD;3614,00000000;3934,00000000;3369,00000000;3853,00000000;6,2
2020-01-29T00:00:00+00:00;MIDBULL/USD;3314,00000000;3800,00000000;3248,00000000;3614,00000000;8,3
2020-01-28T00:00:00+00:00;MIDBULL/USD;2856,00000000;3393,00000000;2836,00000000;3314,00000000;13,82
2020-01-27T00:00:00+00:00;MIDBULL/USD;2465,00000000;3013,00000000;2465,00000000;2856,00000000;13,69
2020-01-26T00:00:00+00:00;MIDBULL/USD;2113,00000000;2481,50000000;2058,50000000;2465,00000000;14,28
2020-01-25T00:00:00+00:00;MIDBULL/USD;2217,50000000;2220,00000000;2010,00000000;2113,00000000;-4,95
2020-01-24T00:00:00+00:00;MIDBULL/USD;2195,50000000;2318,00000000;1895,50000000;2217,50000000;0,99
2020-01-23T00:00:00+00:00;MIDBULL/USD;2706,00000000;2719,00000000;2053,00000000;2197,00000000;-23,17
2020-01-22T00:00:00+00:00;MIDBULL/USD;2670,00000000;2864,00000000;2626,00000000;2706,00000000;1,33
2020-01-21T00:00:00+00:00;MIDBULL/USD;2582,00000000;2704,00000000;2462,00000000;2670,00000000;3,3
2020-01-20T00:00:00+00:00;MIDBULL/USD;2390,00000000;2742,00000000;2221,00000000;2582,00000000;7,44
2020-01-19T00:00:00+00:00;MIDBULL/USD;2602,00000000;2876,00000000;2101,00000000;2390,00000000;-8,87
2020-01-18T00:00:00+00:00;MIDBULL/USD;3094,00000000;3146,00000000;2566,00000000;2604,00000000;-18,82
2020-01-17T00:00:00+00:00;MIDBULL/USD;2533,00000000;3622,00000000;2416,00000000;3100,00000000;18,29
2020-01-16T00:00:00+00:00;MIDBULL/USD;2539,00000000;2564,00000000;1995,00000000;2533,00000000;-0,24
2020-01-15T00:00:00+00:00;MIDBULL/USD;1931,50000000;2576,00000000;1880,00000000;2539,00000000;23,93
2020-01-14T00:00:00+00:00;MIDBULL/USD;1357,00000000;1968,50000000;1357,00000000;1938,50000000;30,0
2020-01-13T00:00:00+00:00;MIDBULL/USD;1401,50000000;1404,50000000;1278,50000000;1357,00000000;-3,28
2020-01-12T00:00:00+00:00;MIDBULL/USD;1341,00000000;1415,00000000;1305,00000000;1401,50000000;4,32
2020-01-11T00:00:00+00:00;MIDBULL/USD;1276,50000000;1450,50000000;1244,00000000;1342,50000000;4,92
2020-01-10T00:00:00+00:00;MIDBULL/USD;1125,50000000;1280,00000000;1049,00000000;1276,50000000;11,83
2020-01-09T00:00:00+00:00;MIDBULL/USD;1138,50000000;1167,00000000;1078,50000000;1125,50000000;-1,16
2020-01-08T00:00:00+00:00;MIDBULL/USD;1164,00000000;1237,50000000;1071,00000000;1138,50000000;-2,24
2020-01-07T00:00:00+00:00;MIDBULL/USD;1175,50000000;1242,00000000;1073,50000000;1164,00000000;-0,99

