DATE/TIME;SYMBOL;OPEN;HIGH;LOW;CLOSE;EVOL % CLOSE/HIGH
2022-01-05T00:00:00+00:00;ETHHEDGE/USD;13,97200000;14,05600000;13,76200000;13,87900000;-0,67
2022-01-04T00:00:00+00:00;ETHHEDGE/USD;14,10300000;14,25600000;13,60400000;13,99500000;-0,77
2022-01-03T00:00:00+00:00;ETHHEDGE/USD;13,85600000;14,37600000;13,78900000;14,10300000;1,75
2022-01-02T00:00:00+00:00;ETHHEDGE/USD;14,08700000;14,25800000;13,71400000;13,85600000;-1,67
2022-01-01T00:00:00+00:00;ETHHEDGE/USD;14,42500000;14,44300000;14,04900000;14,08700000;-2,4
2021-12-31T00:00:00+00:00;ETHHEDGE/USD;14,52800000;14,64300000;13,93500000;14,42500000;-0,71
2021-12-30T00:00:00+00:00;ETHHEDGE/USD;14,66800000;14,80300000;14,08300000;14,52800000;-0,96
2021-12-29T00:00:00+00:00;ETHHEDGE/USD;14,03300000;14,72400000;13,91300000;14,66800000;4,33
2021-12-28T00:00:00+00:00;ETHHEDGE/USD;13,21500000;14,15600000;13,20300000;14,03300000;5,83
2021-12-27T00:00:00+00:00;ETHHEDGE/USD;13,14500000;13,26300000;12,96300000;13,21500000;0,53
2021-12-26T00:00:00+00:00;ETHHEDGE/USD;13,07200000;13,33400000;13,02900000;13,14500000;0,56
2021-12-25T00:00:00+00:00;ETHHEDGE/USD;13,21900000;13,30700000;12,90400000;13,07200000;-1,12
2021-12-24T00:00:00+00:00;ETHHEDGE/USD;12,99500000;13,31000000;12,93700000;13,21900000;1,69
2021-12-23T00:00:00+00:00;ETHHEDGE/USD;13,44000000;13,74200000;12,89200000;12,99500000;-3,42
2021-12-22T00:00:00+00:00;ETHHEDGE/USD;13,36700000;13,58800000;13,15600000;13,44000000;0,54
2021-12-21T00:00:00+00:00;ETHHEDGE/USD;13,60900000;13,69100000;13,19300000;13,36700000;-1,81
2021-12-20T00:00:00+00:00;ETHHEDGE/USD;13,65100000;14,25200000;13,48300000;13,61300000;-0,28
2021-12-19T00:00:00+00:00;ETHHEDGE/USD;13,56600000;13,78400000;13,33800000;13,65100000;0,62
2021-12-18T00:00:00+00:00;ETHHEDGE/USD;13,83200000;14,24600000;13,41600000;13,56600000;-1,96
2021-12-17T00:00:00+00:00;ETHHEDGE/USD;13,59100000;14,46000000;13,46800000;13,83200000;1,74
2021-12-16T00:00:00+00:00;ETHHEDGE/USD;13,39900000;13,59100000;13,08100000;13,59100000;1,41
2021-12-15T00:00:00+00:00;ETHHEDGE/USD;13,94700000;14,71100000;13,12800000;13,39900000;-4,09
2021-12-14T00:00:00+00:00;ETHHEDGE/USD;14,29200000;14,60600000;13,89800000;13,94700000;-2,47
2021-12-13T00:00:00+00:00;ETHHEDGE/USD;13,17700000;14,61100000;13,13300000;14,29200000;7,8
2021-12-12T00:00:00+00:00;ETHHEDGE/USD;13,35800000;13,63600000;13,02600000;13,17700000;-1,37
2021-12-11T00:00:00+00:00;ETHHEDGE/USD;13,97700000;14,19800000;13,28900000;13,35800000;-4,63
2021-12-10T00:00:00+00:00;ETHHEDGE/USD;13,35500000;14,01400000;12,95000000;13,97700000;4,45
2021-12-09T00:00:00+00:00;ETHHEDGE/USD;12,42200000;13,40300000;12,26800000;13,35500000;6,99
2021-12-08T00:00:00+00:00;ETHHEDGE/USD;12,76500000;13,01700000;12,36200000;12,42200000;-2,76
2021-12-07T00:00:00+00:00;ETHHEDGE/USD;12,70100000;12,93500000;12,46100000;12,76500000;0,5
2021-12-06T00:00:00+00:00;ETHHEDGE/USD;13,21300000;14,01500000;12,62800000;12,70100000;-4,03
2021-12-05T00:00:00+00:00;ETHHEDGE/USD;13,63700000;13,91900000;12,96000000;13,21300000;-3,21
2021-12-04T00:00:00+00:00;ETHHEDGE/USD;13,15000000;15,16900000;13,05700000;13,63700000;3,57
2021-12-03T00:00:00+00:00;ETHHEDGE/USD;12,30000000;13,50000000;11,97300000;13,15000000;6,46
2021-12-02T00:00:00+00:00;ETHHEDGE/USD;12,18400000;12,53100000;12,00300000;12,30000000;0,94
2021-12-01T00:00:00+00:00;ETHHEDGE/USD;11,98200000;12,28100000;11,61500000;12,18400000;1,66
2021-11-30T00:00:00+00:00;ETHHEDGE/USD;12,52500000;12,78500000;11,67900000;11,98200000;-4,53
2021-11-29T00:00:00+00:00;ETHHEDGE/USD;13,07400000;13,07400000;12,48900000;12,52500000;-4,38
2021-11-28T00:00:00+00:00;ETHHEDGE/USD;13,72300000;14,03600000;12,97500000;13,07400000;-4,96
2021-11-27T00:00:00+00:00;ETHHEDGE/USD;13,80300000;13,88500000;13,36900000;13,75600000;-0,34
2021-11-26T00:00:00+00:00;ETHHEDGE/USD;12,50700000;14,18100000;12,46500000;13,80300000;9,39
2021-11-25T00:00:00+00:00;ETHHEDGE/USD;13,41500000;13,50000000;12,45200000;12,50700000;-7,26
2021-11-24T00:00:00+00:00;ETHHEDGE/USD;13,17500000;13,60700000;12,98100000;13,41500000;1,79
2021-11-23T00:00:00+00:00;ETHHEDGE/USD;13,98100000;14,07300000;12,97000000;13,17500000;-6,12
2021-11-22T00:00:00+00:00;ETHHEDGE/USD;13,42300000;14,19300000;13,33600000;13,98100000;3,99
2021-11-21T00:00:00+00:00;ETHHEDGE/USD;12,99500000;13,49300000;12,97400000;13,44300000;3,33
2021-11-20T00:00:00+00:00;ETHHEDGE/USD;13,40100000;13,64900000;12,94100000;12,97400000;-3,29
2021-11-19T00:00:00+00:00;ETHHEDGE/USD;14,50600000;14,58800000;13,34300000;13,40100000;-8,25
2021-11-18T00:00:00+00:00;ETHHEDGE/USD;13,56800000;14,58800000;13,40200000;14,50600000;6,47
2021-11-17T00:00:00+00:00;ETHHEDGE/USD;13,82700000;14,26400000;13,52100000;13,56800000;-1,91
2021-11-16T00:00:00+00:00;ETHHEDGE/USD;12,80100000;14,06200000;12,79800000;13,82700000;7,42
2021-11-15T00:00:00+00:00;ETHHEDGE/USD;12,62100000;12,86700000;12,25600000;12,80100000;1,41
2021-11-14T00:00:00+00:00;ETHHEDGE/USD;12,57800000;12,94000000;12,46300000;12,62100000;0,34
2021-11-13T00:00:00+00:00;ETHHEDGE/USD;12,53500000;12,75400000;12,31700000;12,57800000;0,34
2021-11-12T00:00:00+00:00;ETHHEDGE/USD;12,41800000;12,95200000;12,16700000;12,53500000;0,93
2021-11-11T00:00:00+00:00;ETHHEDGE/USD;12,62200000;12,77500000;12,23500000;12,41800000;-1,64
2021-11-10T00:00:00+00:00;ETHHEDGE/USD;12,36800000;13,04100000;12,04600000;12,62200000;2,01
2021-11-09T00:00:00+00:00;ETHHEDGE/USD;12,17800000;12,42900000;12,12000000;12,36800000;1,54
2021-11-08T00:00:00+00:00;ETHHEDGE/USD;12,73200000;12,76500000;12,14500000;12,17800000;-4,55
2021-11-07T00:00:00+00:00;ETHHEDGE/USD;13,00900000;13,02800000;12,65300000;12,73200000;-2,18
2021-11-06T00:00:00+00:00;ETHHEDGE/USD;13,08900000;13,54200000;12,95900000;13,00900000;-0,61
2021-11-05T00:00:00+00:00;ETHHEDGE/USD;12,97100000;13,21000000;12,83800000;13,08900000;0,9
2021-11-04T00:00:00+00:00;ETHHEDGE/USD;12,73400000;13,28600000;12,72400000;12,97100000;1,83
2021-11-03T00:00:00+00:00;ETHHEDGE/USD;12,81100000;13,16600000;12,63100000;12,73400000;-0,6
2021-11-02T00:00:00+00:00;ETHHEDGE/USD;13,65100000;13,75000000;12,75700000;12,81100000;-6,56
2021-11-01T00:00:00+00:00;ETHHEDGE/USD;13,76600000;14,17800000;13,45500000;13,65100000;-0,84
2021-10-31T00:00:00+00:00;ETHHEDGE/USD;13,65900000;14,12300000;13,41900000;13,76600000;0,78
2021-10-30T00:00:00+00:00;ETHHEDGE/USD;13,37700000;13,85300000;13,32100000;13,65900000;2,06
2021-10-29T00:00:00+00:00;ETHHEDGE/USD;13,78700000;13,85100000;13,22200000;13,37700000;-3,06
2021-10-28T00:00:00+00:00;ETHHEDGE/USD;15,15400000;15,27700000;13,76000000;13,78700000;-9,92
2021-10-27T00:00:00+00:00;ETHHEDGE/USD;14,48200000;15,18300000;13,78700000;15,15400000;4,43
2021-10-26T00:00:00+00:00;ETHHEDGE/USD;14,11500000;14,56800000;13,90200000;14,48200000;2,53
2021-10-25T00:00:00+00:00;ETHHEDGE/USD;14,65700000;14,73800000;14,07900000;14,11500000;-3,84
2021-10-24T00:00:00+00:00;ETHHEDGE/USD;14,36600000;15,03000000;14,26200000;14,65700000;1,99
2021-10-23T00:00:00+00:00;ETHHEDGE/USD;15,05100000;18,22300000;14,11500000;14,36600000;-4,77
2021-10-22T00:00:00+00:00;ETHHEDGE/USD;14,73800000;15,33700000;14,35400000;15,05100000;2,08
2021-10-21T00:00:00+00:00;ETHHEDGE/USD;14,35700000;14,82500000;13,10900000;14,73800000;2,59
2021-10-20T00:00:00+00:00;ETHHEDGE/USD;15,52500000;15,66900000;14,34900000;14,35700000;-8,14
2021-10-19T00:00:00+00:00;ETHHEDGE/USD;16,02750000;16,10250000;15,47500000;15,52500000;-3,24
2021-10-18T00:00:00+00:00;ETHHEDGE/USD;15,65800000;16,33700000;15,46400000;16,02750000;2,31
2021-10-17T00:00:00+00:00;ETHHEDGE/USD;15,72900000;16,39500000;15,36200000;15,65800000;-0,45
2021-10-16T00:00:00+00:00;ETHHEDGE/USD;15,52200000;15,81300000;15,15300000;15,72900000;1,32
2021-10-15T00:00:00+00:00;ETHHEDGE/USD;15,90250000;16,08000000;15,41800000;15,52200000;-2,45
2021-10-14T00:00:00+00:00;ETHHEDGE/USD;16,73000000;16,78750000;15,72500000;15,90250000;-5,2
2021-10-13T00:00:00+00:00;ETHHEDGE/USD;17,27750000;17,68500000;16,70250000;16,73500000;-3,24
2021-10-12T00:00:00+00:00;ETHHEDGE/USD;17,11250000;17,70000000;17,02250000;17,26750000;0,9
2021-10-11T00:00:00+00:00;ETHHEDGE/USD;17,69250000;17,88750000;16,60000000;17,11250000;-3,39
2021-10-10T00:00:00+00:00;ETHHEDGE/USD;16,97500000;17,74500000;16,82250000;17,69250000;4,06
2021-10-09T00:00:00+00:00;ETHHEDGE/USD;17,05250000;17,11750000;16,68500000;16,97500000;-0,46
2021-10-08T00:00:00+00:00;ETHHEDGE/USD;16,92000000;17,13000000;16,49250000;17,05250000;0,78
2021-10-07T00:00:00+00:00;ETHHEDGE/USD;16,95250000;17,43000000;16,58500000;16,92000000;-0,19
2021-10-06T00:00:00+00:00;ETHHEDGE/USD;17,20250000;18,04750000;16,69250000;16,95250000;-1,47
2021-10-05T00:00:00+00:00;ETHHEDGE/USD;17,94750000;18,02500000;17,11000000;17,22000000;-4,22
2021-10-04T00:00:00+00:00;ETHHEDGE/USD;17,77750000;18,46750000;17,67000000;17,94750000;0,95
2021-10-03T00:00:00+00:00;ETHHEDGE/USD;17,91250000;18,12500000;17,40750000;17,77750000;-0,76
2021-10-02T00:00:00+00:00;ETHHEDGE/USD;18,32250000;18,62750000;17,47500000;17,88250000;-2,46
2021-10-01T00:00:00+00:00;ETHHEDGE/USD;20,47500000;20,64000000;18,18500000;18,32250000;-11,75
2021-09-30T00:00:00+00:00;ETHHEDGE/USD;21,66250000;21,81000000;20,12000000;20,47500000;-5,8
2021-09-29T00:00:00+00:00;ETHHEDGE/USD;22,01250000;22,15250000;20,86500000;21,66250000;-1,62
2021-09-28T00:00:00+00:00;ETHHEDGE/USD;21,08500000;22,09250000;20,79250000;22,01250000;4,21
2021-09-27T00:00:00+00:00;ETHHEDGE/USD;20,22750000;21,12000000;19,54750000;21,08500000;4,07
2021-09-26T00:00:00+00:00;ETHHEDGE/USD;21,19000000;22,56750000;19,84000000;20,22750000;-4,76
2021-09-25T00:00:00+00:00;ETHHEDGE/USD;21,17750000;22,03000000;20,90500000;21,19000000;0,06
2021-09-24T00:00:00+00:00;ETHHEDGE/USD;19,82250000;22,33750000;19,74000000;21,17750000;6,4
2021-09-23T00:00:00+00:00;ETHHEDGE/USD;20,33250000;20,58000000;19,66750000;19,82250000;-2,57
2021-09-22T00:00:00+00:00;ETHHEDGE/USD;22,93750000;23,10500000;20,23500000;20,35000000;-12,71
2021-09-21T00:00:00+00:00;ETHHEDGE/USD;21,43750000;23,64000000;20,50000000;22,93750000;6,54
2021-09-20T00:00:00+00:00;ETHHEDGE/USD;19,38000000;21,78500000;19,29750000;21,43750000;9,6
2021-09-19T00:00:00+00:00;ETHHEDGE/USD;18,80500000;19,61500000;18,68500000;19,38000000;2,97
2021-09-18T00:00:00+00:00;ETHHEDGE/USD;19,00000000;19,12750000;18,21250000;18,80500000;-1,04
2021-09-17T00:00:00+00:00;ETHHEDGE/USD;18,09250000;19,22750000;17,93000000;19,00000000;4,78
2021-09-16T00:00:00+00:00;ETHHEDGE/USD;17,91000000;18,52750000;17,60250000;18,12000000;1,16
2021-09-15T00:00:00+00:00;ETHHEDGE/USD;18,93250000;19,27500000;17,91000000;17,91000000;-5,71
2021-09-14T00:00:00+00:00;ETHHEDGE/USD;19,81500000;19,87500000;18,91750000;18,94500000;-4,59
2021-09-13T00:00:00+00:00;ETHHEDGE/USD;19,10500000;20,71750000;18,83750000;19,81500000;3,58
2021-09-12T00:00:00+00:00;ETHHEDGE/USD;19,97500000;20,20750000;18,73250000;19,14250000;-4,35
2021-09-11T00:00:00+00:00;ETHHEDGE/USD;20,32750000;20,42250000;19,48750000;19,97500000;-1,76
2021-09-10T00:00:00+00:00;ETHHEDGE/USD;19,14250000;20,72000000;18,59750000;20,32750000;5,83
2021-09-09T00:00:00+00:00;ETHHEDGE/USD;18,73000000;19,32000000;18,40000000;19,14250000;2,15
2021-09-08T00:00:00+00:00;ETHHEDGE/USD;19,20000000;20,33250000;18,42000000;18,73000000;-2,51
2021-09-07T00:00:00+00:00;ETHHEDGE/USD;17,00750000;20,78750000;16,89250000;19,20000000;11,42
2021-09-06T00:00:00+00:00;ETHHEDGE/USD;16,88250000;17,24750000;16,79500000;17,00750000;0,73
2021-09-05T00:00:00+00:00;ETHHEDGE/USD;17,18500000;17,39500000;16,73000000;16,88250000;-1,79
2021-09-04T00:00:00+00:00;ETHHEDGE/USD;16,96250000;17,39250000;16,79000000;17,18500000;1,29
2021-09-03T00:00:00+00:00;ETHHEDGE/USD;17,59250000;17,97500000;16,49500000;16,96250000;-3,71
2021-09-02T00:00:00+00:00;ETHHEDGE/USD;17,44250000;17,90000000;17,37000000;17,59250000;0,85
2021-09-01T00:00:00+00:00;ETHHEDGE/USD;19,74750000;20,02000000;17,35000000;17,44250000;-13,21
2021-08-31T00:00:00+00:00;ETHHEDGE/USD;21,02750000;21,31500000;19,45500000;19,74750000;-6,48
2021-08-30T00:00:00+00:00;ETHHEDGE/USD;21,10500000;21,61000000;20,28500000;21,02750000;-0,37
2021-08-29T00:00:00+00:00;ETHHEDGE/USD;20,90250000;21,54500000;20,67500000;21,10500000;0,96
2021-08-28T00:00:00+00:00;ETHHEDGE/USD;20,76000000;21,16750000;20,68000000;20,90250000;0,68
2021-08-27T00:00:00+00:00;ETHHEDGE/USD;22,01750000;22,27750000;20,70000000;20,78750000;-5,92
2021-08-26T00:00:00+00:00;ETHHEDGE/USD;21,20500000;22,31250000;21,02250000;22,01750000;3,69
2021-08-25T00:00:00+00:00;ETHHEDGE/USD;21,58000000;22,17500000;21,03750000;21,20500000;-1,77
2021-08-24T00:00:00+00:00;ETHHEDGE/USD;20,62750000;21,67000000;20,37500000;21,58000000;4,41
2021-08-23T00:00:00+00:00;ETHHEDGE/USD;21,16750000;21,24500000;20,25250000;20,60000000;-2,75
2021-08-22T00:00:00+00:00;ETHHEDGE/USD;21,22750000;21,89000000;20,92250000;21,16750000;-0,28
2021-08-21T00:00:00+00:00;ETHHEDGE/USD;20,89000000;21,36750000;20,69750000;21,22750000;1,59
2021-08-20T00:00:00+00:00;ETHHEDGE/USD;21,57000000;21,67500000;20,74500000;20,89000000;-3,26
2021-08-19T00:00:00+00:00;ETHHEDGE/USD;22,73500000;23,24250000;21,51000000;21,57000000;-5,4
2021-08-18T00:00:00+00:00;ETHHEDGE/USD;22,84750000;23,30250000;22,01250000;22,73500000;-0,49
2021-08-17T00:00:00+00:00;ETHHEDGE/USD;21,76750000;22,99250000;20,87750000;22,84750000;4,73
2021-08-16T00:00:00+00:00;ETHHEDGE/USD;20,88750000;21,98250000;20,68250000;21,76750000;4,04
2021-08-15T00:00:00+00:00;ETHHEDGE/USD;21,22500000;22,17000000;20,78250000;20,88750000;-1,62
2021-08-14T00:00:00+00:00;ETHHEDGE/USD;20,78000000;21,55750000;20,74500000;21,16250000;1,81
2021-08-13T00:00:00+00:00;ETHHEDGE/USD;22,90000000;23,23000000;20,74750000;20,78000000;-10,2
2021-08-12T00:00:00+00:00;ETHHEDGE/USD;22,03250000;23,32250000;21,46500000;22,88250000;3,71
2021-08-11T00:00:00+00:00;ETHHEDGE/USD;22,16250000;22,35000000;21,27250000;22,03250000;-0,59
2021-08-10T00:00:00+00:00;ETHHEDGE/USD;22,00250000;22,85500000;21,53250000;22,16250000;0,72
2021-08-09T00:00:00+00:00;ETHHEDGE/USD;23,22750000;24,08500000;21,84250000;22,00250000;-5,57
2021-08-08T00:00:00+00:00;ETHHEDGE/USD;22,14500000;23,64000000;21,93500000;23,22750000;4,66
2021-08-07T00:00:00+00:00;ETHHEDGE/USD;24,45250000;24,71000000;22,02000000;22,14500000;-10,42
2021-08-06T00:00:00+00:00;ETHHEDGE/USD;24,99250000;25,93500000;23,93250000;24,45250000;-2,21
2021-08-05T00:00:00+00:00;ETHHEDGE/USD;25,99750000;27,81500000;24,83250000;24,99250000;-4,02
2021-08-04T00:00:00+00:00;ETHHEDGE/USD;28,51750000;28,98000000;25,44500000;25,99750000;-9,69
2021-08-03T00:00:00+00:00;ETHHEDGE/USD;27,35250000;29,12000000;27,14250000;28,51750000;4,09
2021-08-02T00:00:00+00:00;ETHHEDGE/USD;27,83500000;28,48000000;26,76500000;27,35250000;-1,76
2021-08-01T00:00:00+00:00;ETHHEDGE/USD;28,35000000;28,43000000;26,38500000;27,97500000;-1,34
2021-07-31T00:00:00+00:00;ETHHEDGE/USD;29,09000000;29,53000000;27,97000000;28,35000000;-2,61
2021-07-30T00:00:00+00:00;ETHHEDGE/USD;30,06500000;30,86000000;28,95250000;29,09000000;-3,35
2021-07-29T00:00:00+00:00;ETHHEDGE/USD;31,30000000;31,62250000;29,84500000;30,06500000;-4,11
2021-07-28T00:00:00+00:00;ETHHEDGE/USD;31,23250000;31,93750000;30,60000000;31,30000000;0,22
2021-07-27T00:00:00+00:00;ETHHEDGE/USD;32,17500000;33,34000000;30,96500000;31,27500000;-2,88
2021-07-26T00:00:00+00:00;ETHHEDGE/USD;32,88500000;33,23000000;29,18500000;32,17500000;-2,21
2021-07-25T00:00:00+00:00;ETHHEDGE/USD;32,98500000;34,08500000;32,73500000;32,88500000;-0,3
2021-07-24T00:00:00+00:00;ETHHEDGE/USD;33,97000000;34,41000000;32,73000000;32,98500000;-2,99
2021-07-23T00:00:00+00:00;ETHHEDGE/USD;35,73500000;36,14000000;33,77500000;33,97000000;-5,2
2021-07-22T00:00:00+00:00;ETHHEDGE/USD;36,29500000;38,49500000;35,35000000;35,73500000;-1,57
2021-07-21T00:00:00+00:00;ETHHEDGE/USD;41,10000000;41,75500000;35,65000000;36,29500000;-13,24
2021-07-20T00:00:00+00:00;ETHHEDGE/USD;40,33500000;42,53500000;39,84000000;41,10000000;1,86
2021-07-19T00:00:00+00:00;ETHHEDGE/USD;38,86500000;40,64500000;38,32500000;40,40500000;3,81
2021-07-18T00:00:00+00:00;ETHHEDGE/USD;38,78000000;39,48000000;36,81500000;38,86500000;0,22
2021-07-17T00:00:00+00:00;ETHHEDGE/USD;39,16500000;39,83000000;38,30000000;38,78000000;-0,99
2021-07-16T00:00:00+00:00;ETHHEDGE/USD;38,46500000;39,75500000;37,46000000;39,16500000;1,79
2021-07-15T00:00:00+00:00;ETHHEDGE/USD;37,04500000;39,07000000;36,15500000;38,46500000;3,69
2021-07-14T00:00:00+00:00;ETHHEDGE/USD;38,10500000;39,58000000;36,55500000;37,04500000;-2,86
2021-07-13T00:00:00+00:00;ETHHEDGE/USD;36,42000000;38,54000000;36,10500000;38,05000000;4,28
2021-07-12T00:00:00+00:00;ETHHEDGE/USD;34,73000000;36,88000000;34,26500000;36,42000000;4,64
2021-07-11T00:00:00+00:00;ETHHEDGE/USD;35,29000000;35,73500000;34,16500000;34,73000000;-1,61
2021-07-10T00:00:00+00:00;ETHHEDGE/USD;34,65000000;35,82500000;33,91500000;35,29000000;1,81
2021-07-09T00:00:00+00:00;ETHHEDGE/USD;35,18500000;36,35000000;34,01000000;34,65000000;-1,54
2021-07-08T00:00:00+00:00;ETHHEDGE/USD;32,40000000;35,62500000;32,23500000;35,18500000;7,92
2021-07-07T00:00:00+00:00;ETHHEDGE/USD;32,39500000;32,75500000;31,16500000;32,40000000;0,02
2021-07-06T00:00:00+00:00;ETHHEDGE/USD;34,30500000;34,38500000;31,95500000;32,39500000;-5,9
2021-07-05T00:00:00+00:00;ETHHEDGE/USD;32,48500000;34,94000000;32,32500000;34,30500000;5,31
2021-07-04T00:00:00+00:00;ETHHEDGE/USD;34,06000000;34,58000000;31,58500000;32,48500000;-4,85
2021-07-03T00:00:00+00:00;ETHHEDGE/USD;35,28500000;35,88500000;33,85500000;34,06000000;-3,6
2021-07-02T00:00:00+00:00;ETHHEDGE/USD;36,14000000;37,60000000;35,15500000;35,28500000;-2,42
2021-07-01T00:00:00+00:00;ETHHEDGE/USD;33,54500000;36,54500000;33,53000000;36,14000000;7,18
2021-06-30T00:00:00+00:00;ETHHEDGE/USD;35,42000000;36,67000000;33,46000000;33,58000000;-5,48
2021-06-29T00:00:00+00:00;ETHHEDGE/USD;36,87000000;37,05000000;34,06000000;35,37000000;-4,24
2021-06-28T00:00:00+00:00;ETHHEDGE/USD;39,00500000;39,32500000;35,77500000;36,82000000;-5,93
2021-06-27T00:00:00+00:00;ETHHEDGE/USD;42,59500000;43,08500000;38,90500000;39,00500000;-9,2
2021-06-26T00:00:00+00:00;ETHHEDGE/USD;43,03000000;45,28500000;42,07000000;42,66500000;-0,86
2021-06-25T00:00:00+00:00;ETHHEDGE/USD;39,58000000;43,51500000;38,97500000;43,03000000;8,02
2021-06-24T00:00:00+00:00;ETHHEDGE/USD;40,03500000;41,71000000;38,67000000;39,45000000;-1,48
2021-06-23T00:00:00+00:00;ETHHEDGE/USD;42,03000000;43,26500000;38,36000000;40,03500000;-4,98
2021-06-22T00:00:00+00:00;ETHHEDGE/USD;41,90500000;45,85500000;39,50500000;42,03000000;0,3
2021-06-21T00:00:00+00:00;ETHHEDGE/USD;36,34000000;42,24500000;35,99500000;41,90500000;13,28
2021-06-20T00:00:00+00:00;ETHHEDGE/USD;37,66000000;39,82000000;35,73500000;36,34000000;-3,63
2021-06-19T00:00:00+00:00;ETHHEDGE/USD;36,72000000;37,78500000;35,87500000;37,66000000;2,5
2021-06-18T00:00:00+00:00;ETHHEDGE/USD;34,70000000;38,01000000;34,56500000;36,72000000;5,5
2021-06-17T00:00:00+00:00;ETHHEDGE/USD;34,71000000;35,63500000;32,81500000;34,70000000;-0,03
2021-06-16T00:00:00+00:00;ETHHEDGE/USD;32,49500000;34,99000000;32,38000000;34,71000000;6,38
2021-06-15T00:00:00+00:00;ETHHEDGE/USD;32,12000000;32,93000000;31,31000000;32,38500000;0,82
2021-06-14T00:00:00+00:00;ETHHEDGE/USD;33,04000000;33,56000000;31,72000000;32,12000000;-2,86
2021-06-13T00:00:00+00:00;ETHHEDGE/USD;35,05000000;36,00000000;32,47000000;33,09500000;-5,91
2021-06-12T00:00:00+00:00;ETHHEDGE/USD;35,41500000;36,79000000;33,96000000;35,05000000;-1,04
2021-06-11T00:00:00+00:00;ETHHEDGE/USD;33,83000000;35,84000000;33,42500000;35,41500000;4,48
2021-06-10T00:00:00+00:00;ETHHEDGE/USD;32,03500000;34,32000000;31,97500000;33,88000000;5,45
2021-06-09T00:00:00+00:00;ETHHEDGE/USD;33,57000000;34,81000000;31,97000000;32,03500000;-4,79
2021-06-08T00:00:00+00:00;ETHHEDGE/USD;32,36000000;35,89000000;30,66000000;33,57000000;3,6
2021-06-07T00:00:00+00:00;ETHHEDGE/USD;31,07750000;32,65250000;29,59750000;32,36000000;3,96
2021-06-06T00:00:00+00:00;ETHHEDGE/USD;32,22000000;32,41000000;30,72500000;31,07750000;-3,68
2021-06-05T00:00:00+00:00;ETHHEDGE/USD;31,51000000;33,07000000;29,95750000;32,22000000;2,2
2021-06-04T00:00:00+00:00;ETHHEDGE/USD;29,81500000;32,86500000;29,72500000;31,51000000;5,38
2021-06-03T00:00:00+00:00;ETHHEDGE/USD;31,44750000;32,01000000;29,37000000;29,81500000;-5,48
2021-06-02T00:00:00+00:00;ETHHEDGE/USD;32,39000000;33,37500000;30,36000000;31,44750000;-3,0
2021-06-01T00:00:00+00:00;ETHHEDGE/USD;31,55250000;33,62000000;31,16500000;32,39000000;2,59
2021-05-31T00:00:00+00:00;ETHHEDGE/USD;36,30500000;38,14000000;31,42000000;31,60750000;-14,86
2021-05-30T00:00:00+00:00;ETHHEDGE/USD;38,55500000;40,02500000;35,04000000;36,30500000;-6,2
2021-05-29T00:00:00+00:00;ETHHEDGE/USD;36,32000000;39,44500000;34,10500000;38,55500000;5,8
2021-05-28T00:00:00+00:00;ETHHEDGE/USD;32,43000000;37,42000000;32,10000000;36,32000000;10,71
2021-05-27T00:00:00+00:00;ETHHEDGE/USD;31,00000000;33,59000000;30,91000000;32,37000000;4,23
2021-05-26T00:00:00+00:00;ETHHEDGE/USD;33,25000000;33,78500000;30,66000000;30,93250000;-7,49
2021-05-25T00:00:00+00:00;ETHHEDGE/USD;34,06000000;37,25000000;32,65000000;33,24500000;-2,45
2021-05-24T00:00:00+00:00;ETHHEDGE/USD;43,89000000;44,30500000;33,60500000;34,06000000;-28,86
2021-05-23T00:00:00+00:00;ETHHEDGE/USD;40,51000000;50,45000000;38,92000000;43,89000000;7,7
2021-05-22T00:00:00+00:00;ETHHEDGE/USD;38,49000000;42,71000000;37,53500000;40,43000000;4,8
2021-05-21T00:00:00+00:00;ETHHEDGE/USD;34,30000000;42,20500000;32,32500000;38,49000000;10,89
2021-05-20T00:00:00+00:00;ETHHEDGE/USD;39,44500000;44,12000000;31,79000000;34,30000000;-15,0
2021-05-19T00:00:00+00:00;ETHHEDGE/USD;30,94750000;43,32500000;30,36000000;39,50500000;21,66
2021-05-18T00:00:00+00:00;ETHHEDGE/USD;31,95500000;32,22500000;29,05500000;30,87750000;-3,49
2021-05-17T00:00:00+00:00;ETHHEDGE/USD;29,38250000;33,24250000;29,37750000;31,95000000;8,04
2021-05-16T00:00:00+00:00;ETHHEDGE/USD;28,84000000;31,26750000;27,05500000;29,38250000;1,85
2021-05-15T00:00:00+00:00;ETHHEDGE/USD;26,23750000;29,01000000;25,78500000;28,84000000;9,02
2021-05-14T00:00:00+00:00;ETHHEDGE/USD;29,03250000;29,22500000;25,44000000;26,23750000;-10,65
2021-05-13T00:00:00+00:00;ETHHEDGE/USD;28,43250000;30,39750000;26,48750000;29,03250000;2,07
2021-05-12T00:00:00+00:00;ETHHEDGE/USD;26,22500000;28,91250000;24,98750000;28,43250000;7,76
2021-05-11T00:00:00+00:00;ETHHEDGE/USD;27,86500000;28,98000000;26,18250000;26,22500000;-6,25
2021-05-10T00:00:00+00:00;ETHHEDGE/USD;28,02000000;29,55500000;25,95000000;27,86500000;-0,56
2021-05-09T00:00:00+00:00;ETHHEDGE/USD;28,07000000;29,36250000;27,53500000;28,02000000;-0,18
2021-05-08T00:00:00+00:00;ETHHEDGE/USD;31,98500000;32,25000000;27,58000000;28,07000000;-13,95
2021-05-07T00:00:00+00:00;ETHHEDGE/USD;31,86000000;33,14500000;31,01000000;31,98500000;0,39
2021-05-06T00:00:00+00:00;ETHHEDGE/USD;31,57000000;32,89000000;30,80500000;31,91000000;1,07
2021-05-05T00:00:00+00:00;ETHHEDGE/USD;34,73500000;35,03500000;31,36500000;31,57000000;-10,03
2021-05-04T00:00:00+00:00;ETHHEDGE/USD;32,92000000;35,32000000;31,99000000;34,73500000;5,23
2021-05-03T00:00:00+00:00;ETHHEDGE/USD;39,10500000;39,18000000;32,66500000;33,00500000;-18,48
2021-05-02T00:00:00+00:00;ETHHEDGE/USD;39,20000000;40,36000000;38,63000000;39,10500000;-0,24
2021-05-01T00:00:00+00:00;ETHHEDGE/USD;41,75000000;42,16000000;38,97000000;39,14000000;-6,67
2021-04-30T00:00:00+00:00;ETHHEDGE/USD;41,97000000;42,66000000;41,34000000;41,75000000;-0,53
2021-04-29T00:00:00+00:00;ETHHEDGE/USD;42,12000000;43,32000000;41,33500000;41,97000000;-0,36
2021-04-28T00:00:00+00:00;ETHHEDGE/USD;43,49500000;45,04500000;41,87500000;42,38500000;-2,62
2021-04-27T00:00:00+00:00;ETHHEDGE/USD;45,82000000;46,64000000;43,15000000;43,40000000;-5,58
2021-04-26T00:00:00+00:00;ETHHEDGE/USD;50,47000000;50,66000000;45,60000000;45,82000000;-10,15
2021-04-25T00:00:00+00:00;ETHHEDGE/USD;52,81000000;54,15500000;49,55000000;50,47000000;-4,64
2021-04-24T00:00:00+00:00;ETHHEDGE/USD;49,80500000;54,20500000;49,80500000;52,81000000;5,69
2021-04-23T00:00:00+00:00;ETHHEDGE/USD;49,03500000;54,96500000;48,17500000;49,80500000;1,55
2021-04-22T00:00:00+00:00;ETHHEDGE/USD;49,83500000;50,89000000;43,92000000;49,03500000;-1,63
2021-04-21T00:00:00+00:00;ETHHEDGE/USD;50,49500000;52,40500000;47,48000000;49,83500000;-1,32
2021-04-20T00:00:00+00:00;ETHHEDGE/USD;54,71500000;57,44000000;50,04500000;50,49500000;-8,36
2021-04-19T00:00:00+00:00;ETHHEDGE/USD;53,02500000;56,63000000;51,88000000;54,72500000;3,11
2021-04-18T00:00:00+00:00;ETHHEDGE/USD;51,08000000;59,50500000;49,39500000;53,02500000;3,67
2021-04-17T00:00:00+00:00;ETHHEDGE/USD;48,98000000;51,25500000;47,57500000;51,08000000;4,11
2021-04-16T00:00:00+00:00;ETHHEDGE/USD;47,41000000;51,22500000;46,59500000;49,05500000;3,35
2021-04-15T00:00:00+00:00;ETHHEDGE/USD;48,91000000;49,47000000;46,61000000;47,41000000;-3,16
2021-04-14T00:00:00+00:00;ETHHEDGE/USD;51,80000000;52,09500000;48,52000000;48,91000000;-5,91
2021-04-13T00:00:00+00:00;ETHHEDGE/USD;55,87500000;55,99000000;51,22500000;51,71500000;-8,04
2021-04-12T00:00:00+00:00;ETHHEDGE/USD;55,52000000;56,84500000;54,08500000;55,96000000;0,79
2021-04-11T00:00:00+00:00;ETHHEDGE/USD;55,72500000;56,38000000;55,06000000;55,43500000;-0,52
2021-04-10T00:00:00+00:00;ETHHEDGE/USD;57,75000000;57,94000000;53,71000000;55,82000000;-3,46
2021-04-09T00:00:00+00:00;ETHHEDGE/USD;57,23000000;58,05500000;56,58500000;57,72000000;0,85
2021-04-08T00:00:00+00:00;ETHHEDGE/USD;60,80500000;61,16000000;57,03500000;57,23000000;-6,25
2021-04-07T00:00:00+00:00;ETHHEDGE/USD;56,75000000;61,45000000;56,17500000;60,69500000;6,5
2021-04-06T00:00:00+00:00;ETHHEDGE/USD;56,79000000;58,41500000;55,39000000;56,75000000;-0,07
2021-04-05T00:00:00+00:00;ETHHEDGE/USD;57,45000000;59,58500000;55,94000000;56,79000000;-1,16
2021-04-04T00:00:00+00:00;ETHHEDGE/USD;59,33000000;60,16000000;56,98500000;57,45000000;-3,27
2021-04-03T00:00:00+00:00;ETHHEDGE/USD;56,17500000;59,62000000;55,94500000;59,44500000;5,5
2021-04-02T00:00:00+00:00;ETHHEDGE/USD;61,03500000;61,76000000;55,75500000;56,17500000;-8,65
2021-04-01T00:00:00+00:00;ETHHEDGE/USD;62,69500000;63,54500000;60,59000000;61,03500000;-2,72
2021-03-31T00:00:00+00:00;ETHHEDGE/USD;65,37000000;67,59000000;61,51000000;62,69500000;-4,27
2021-03-30T00:00:00+00:00;ETHHEDGE/USD;66,10000000;67,18500000;64,58000000;65,37000000;-1,12
2021-03-29T00:00:00+00:00;ETHHEDGE/USD;71,54000000;72,01000000;65,17500000;66,10000000;-8,23
2021-03-28T00:00:00+00:00;ETHHEDGE/USD;70,62000000;72,65000000;69,98000000;71,63000000;1,41
2021-03-27T00:00:00+00:00;ETHHEDGE/USD;71,29000000;72,36500000;69,72500000;70,53000000;-1,08
2021-03-26T00:00:00+00:00;ETHHEDGE/USD;76,54000000;76,54000000;71,13000000;71,29000000;-7,36
2021-03-25T00:00:00+00:00;ETHHEDGE/USD;76,55000000;78,34000000;74,75000000;76,38000000;-0,22
2021-03-24T00:00:00+00:00;ETHHEDGE/USD;73,02000000;78,28000000;69,85000000;76,55000000;4,61
2021-03-23T00:00:00+00:00;ETHHEDGE/USD;72,62000000;73,62000000;70,68000000;73,02000000;0,55
2021-03-22T00:00:00+00:00;ETHHEDGE/USD;68,43000000;73,33000000;67,47500000;72,62000000;5,77
2021-03-21T00:00:00+00:00;ETHHEDGE/USD;67,46000000;69,64500000;66,96500000;68,43000000;1,42
2021-03-20T00:00:00+00:00;ETHHEDGE/USD;67,54500000;68,32500000;65,09500000;67,46000000;-0,13
2021-03-19T00:00:00+00:00;ETHHEDGE/USD;68,52500000;70,40000000;66,16500000;67,54500000;-1,45
2021-03-18T00:00:00+00:00;ETHHEDGE/USD;67,10000000;69,47000000;65,99500000;68,86500000;2,56
2021-03-17T00:00:00+00:00;ETHHEDGE/USD;67,70500000;70,03000000;66,37000000;67,10000000;-0,9
2021-03-16T00:00:00+00:00;ETHHEDGE/USD;68,29500000;71,22500000;67,17000000;67,70500000;-0,87
2021-03-15T00:00:00+00:00;ETHHEDGE/USD;66,11500000;69,93000000;64,28000000;68,29500000;3,19
2021-03-14T00:00:00+00:00;ETHHEDGE/USD;63,46000000;66,18000000;63,16500000;65,86000000;3,64
2021-03-13T00:00:00+00:00;ETHHEDGE/USD;69,53000000;71,23500000;62,65000000;63,46000000;-9,57
2021-03-12T00:00:00+00:00;ETHHEDGE/USD;67,45500000;71,36500000;66,68500000;69,53000000;2,98
2021-03-11T00:00:00+00:00;ETHHEDGE/USD;68,61500000;71,39500000;66,63000000;67,45500000;-1,72
2021-03-10T00:00:00+00:00;ETHHEDGE/USD;66,06500000;69,88000000;65,69500000;68,61500000;3,72
2021-03-09T00:00:00+00:00;ETHHEDGE/USD;67,44500000;68,47000000;65,94000000;66,06500000;-2,09
2021-03-08T00:00:00+00:00;ETHHEDGE/USD;71,89000000;74,16000000;66,97500000;67,47500000;-6,54
2021-03-07T00:00:00+00:00;ETHHEDGE/USD;75,06000000;76,00000000;71,45000000;71,89000000;-4,41
2021-03-06T00:00:00+00:00;ETHHEDGE/USD;81,83000000;83,96000000;74,10000000;75,06000000;-9,02
2021-03-05T00:00:00+00:00;ETHHEDGE/USD;81,33000000;86,13000000;80,55000000;81,83000000;0,61
2021-03-04T00:00:00+00:00;ETHHEDGE/USD;79,41000000;82,88000000;76,71000000;81,33000000;2,36
2021-03-03T00:00:00+00:00;ETHHEDGE/USD;84,28000000;84,81000000;74,57000000;79,41000000;-6,13
2021-03-02T00:00:00+00:00;ETHHEDGE/USD;80,27000000;85,76000000;78,18000000;84,28000000;4,76
2021-03-01T00:00:00+00:00;ETHHEDGE/USD;90,03000000;90,22000000;79,83000000;80,27000000;-12,16
2021-02-28T00:00:00+00:00;ETHHEDGE/USD;87,11000000;97,16000000;85,93000000;90,03000000;3,24
2021-02-27T00:00:00+00:00;ETHHEDGE/USD;88,27000000;89,18000000;82,83000000;87,11000000;-1,33
2021-02-26T00:00:00+00:00;ETHHEDGE/USD;85,71000000;90,51000000;81,15000000;88,27000000;2,9
2021-02-25T00:00:00+00:00;ETHHEDGE/USD;79,10000000;87,05000000;76,66000000;85,71000000;7,71
2021-02-24T00:00:00+00:00;ETHHEDGE/USD;81,59000000;85,42000000;74,22000000;79,10000000;-3,15
2021-02-23T00:00:00+00:00;ETHHEDGE/USD;73,55000000;89,96000000;73,15000000;81,52000000;9,78
2021-02-22T00:00:00+00:00;ETHHEDGE/USD;67,59000000;80,53000000;67,27000000;73,55000000;8,1
2021-02-21T00:00:00+00:00;ETHHEDGE/USD;68,62500000;69,44000000;66,10000000;67,59000000;-1,53
2021-02-20T00:00:00+00:00;ETHHEDGE/USD;66,78500000;71,82500000;63,86500000;68,62500000;2,68
2021-02-19T00:00:00+00:00;ETHHEDGE/USD;67,20000000;68,98000000;66,07000000;66,78500000;-0,62
2021-02-18T00:00:00+00:00;ETHHEDGE/USD;70,48000000;70,75000000;66,81000000;67,20000000;-4,88
2021-02-17T00:00:00+00:00;ETHHEDGE/USD;73,20000000;75,21000000;70,01000000;70,48000000;-3,86
2021-02-16T00:00:00+00:00;ETHHEDGE/USD;73,10000000;75,50000000;71,14000000;73,20000000;0,14
2021-02-15T00:00:00+00:00;ETHHEDGE/USD;72,06000000;77,54000000;70,83000000;72,86000000;1,1
2021-02-14T00:00:00+00:00;ETHHEDGE/USD;71,83000000;72,95000000;70,11000000;72,06000000;0,32
2021-02-13T00:00:00+00:00;ETHHEDGE/USD;70,45000000;73,52500000;69,20000000;71,83000000;1,92
2021-02-12T00:00:00+00:00;ETHHEDGE/USD;72,71000000;74,69000000;69,42000000;70,45000000;-3,21
2021-02-11T00:00:00+00:00;ETHHEDGE/USD;74,60000000;76,36000000;71,19000000;72,71000000;-2,6
2021-02-10T00:00:00+00:00;ETHHEDGE/USD;73,36000000;77,14000000;70,39000000;74,60000000;1,66
2021-02-09T00:00:00+00:00;ETHHEDGE/USD;73,88000000;75,67000000;70,92000000;73,52000000;-0,49
2021-02-08T00:00:00+00:00;ETHHEDGE/USD;80,99000000;83,40000000;72,44000000;73,88000000;-9,62
2021-02-07T00:00:00+00:00;ETHHEDGE/USD;77,91000000;86,74000000;77,34000000;80,99000000;3,8
2021-02-06T00:00:00+00:00;ETHHEDGE/USD;76,40000000;79,50000000;75,05000000;78,08000000;2,15
2021-02-05T00:00:00+00:00;ETHHEDGE/USD;82,21000000;82,67000000;73,98000000;76,40000000;-7,6
2021-02-04T00:00:00+00:00;ETHHEDGE/USD;79,07000000;84,07000000;77,50000000;82,21000000;3,82
2021-02-03T00:00:00+00:00;ETHHEDGE/USD;87,44000000;87,95000000;78,77000000;79,08000000;-10,57
2021-02-02T00:00:00+00:00;ETHHEDGE/USD;97,55000000;98,32000000;85,25000000;87,44000000;-11,56
2021-02-01T00:00:00+00:00;ETHHEDGE/USD;102,53000000;105,76000000;97,31000000;97,55000000;-5,11
2021-01-31T00:00:00+00:00;ETHHEDGE/USD;97,92000000;104,70000000;97,48000000;102,53000000;4,5
2021-01-30T00:00:00+00:00;ETHHEDGE/USD;97,55000000;101,38000000;95,62000000;97,92000000;0,38
2021-01-29T00:00:00+00:00;ETHHEDGE/USD;101,22000000;104,48000000;92,81000000;97,55000000;-3,76
2021-01-28T00:00:00+00:00;ETHHEDGE/USD;109,05000000;111,13000000;98,62000000;101,22000000;-7,74
2021-01-27T00:00:00+00:00;ETHHEDGE/USD;100,07000000;111,48000000;99,40000000;108,57000000;7,83
2021-01-26T00:00:00+00:00;ETHHEDGE/USD;103,64000000;109,64000000;99,16000000;100,07000000;-3,57
2021-01-25T00:00:00+00:00;ETHHEDGE/USD;98,55000000;105,64000000;92,28000000;103,64000000;4,91
2021-01-24T00:00:00+00:00;ETHHEDGE/USD;112,97000000;114,10000000;97,78000000;98,55000000;-14,63
2021-01-23T00:00:00+00:00;ETHHEDGE/USD;113,14000000;116,43000000;109,35000000;112,95000000;-0,17
2021-01-22T00:00:00+00:00;ETHHEDGE/USD;128,61000000;136,46000000;109,70000000;113,14000000;-13,67
2021-01-21T00:00:00+00:00;ETHHEDGE/USD;107,89000000;130,70000000;107,02000000;127,68000000;15,5
2021-01-20T00:00:00+00:00;ETHHEDGE/USD;108,80000000;119,14000000;105,30000000;108,14000000;-0,61
2021-01-19T00:00:00+00:00;ETHHEDGE/USD;119,03000000;119,45000000;101,80000000;108,02000000;-10,19
2021-01-18T00:00:00+00:00;ETHHEDGE/USD;120,88000000;125,82000000;118,08000000;119,03000000;-1,55
2021-01-17T00:00:00+00:00;ETHHEDGE/USD;121,14000000;127,37000000;117,17000000;120,48000000;-0,55
2021-01-16T00:00:00+00:00;ETHHEDGE/USD;127,69000000;129,53000000;114,20000000;120,70000000;-5,79
2021-01-15T00:00:00+00:00;ETHHEDGE/USD;121,61000000;136,99000000;118,68000000;127,69000000;4,76
2021-01-14T00:00:00+00:00;ETHHEDGE/USD;133,18000000;137,67000000;119,40000000;121,61000000;-9,51
2021-01-13T00:00:00+00:00;ETHHEDGE/USD;143,78000000;152,97000000;132,09000000;133,75000000;-7,5
2021-01-12T00:00:00+00:00;ETHHEDGE/USD;139,59000000;149,72000000;131,11000000;143,78000000;2,91
2021-01-11T00:00:00+00:00;ETHHEDGE/USD;122,44000000;156,35000000;121,98000000;139,59000000;12,29
2021-01-10T00:00:00+00:00;ETHHEDGE/USD;120,29000000;130,14000000;113,40000000;122,44000000;1,76
2021-01-09T00:00:00+00:00;ETHHEDGE/USD;127,25000000;131,33000000;117,12000000;120,29000000;-5,79
2021-01-08T00:00:00+00:00;ETHHEDGE/USD;125,45000000;142,03000000;120,47000000;127,25000000;1,41
2021-01-07T00:00:00+00:00;ETHHEDGE/USD;127,11000000;133,04000000;118,54000000;125,45000000;-1,32
2021-01-06T00:00:00+00:00;ETHHEDGE/USD;139,97000000;145,96000000;126,51000000;127,11000000;-10,12
2021-01-05T00:00:00+00:00;ETHHEDGE/USD;148,41000000;157,54000000;135,57000000;139,97000000;-6,03
2021-01-04T00:00:00+00:00;ETHHEDGE/USD;161,52500000;166,30000000;133,09000000;148,41000000;-8,84
2021-01-03T00:00:00+00:00;ETHHEDGE/USD;213,82500000;215,17500000;156,12000000;161,52500000;-32,38
2021-01-02T00:00:00+00:00;ETHHEDGE/USD;227,40000000;231,20000000;208,42500000;213,92500000;-6,3
2021-01-01T00:00:00+00:00;ETHHEDGE/USD;225,32500000;231,20000000;220,72500000;227,40000000;0,91
2020-12-31T00:00:00+00:00;ETHHEDGE/USD;220,12500000;229,37500000;219,10000000;225,32500000;2,31
2020-12-30T00:00:00+00:00;ETHHEDGE/USD;226,57500000;231,02500000;218,17500000;220,12500000;-2,93
2020-12-29T00:00:00+00:00;ETHHEDGE/USD;226,40000000;239,50000000;223,47500000;226,57500000;0,08
2020-12-28T00:00:00+00:00;ETHHEDGE/USD;242,47500000;243,97500000;220,45000000;226,40000000;-7,1
2020-12-27T00:00:00+00:00;ETHHEDGE/USD;261,62500000;266,32500000;229,22500000;242,47500000;-7,9
2020-12-26T00:00:00+00:00;ETHHEDGE/USD;266,32500000;270,72500000;254,72500000;261,62500000;-1,8
2020-12-25T00:00:00+00:00;ETHHEDGE/USD;272,77500000;288,55000000;262,35000000;266,32500000;-2,42
2020-12-24T00:00:00+00:00;ETHHEDGE/USD;286,00000000;295,70000000;270,95000000;272,77500000;-4,85
2020-12-23T00:00:00+00:00;ETHHEDGE/USD;264,72500000;300,05000000;263,60000000;286,00000000;7,44
2020-12-22T00:00:00+00:00;ETHHEDGE/USD;277,70000000;286,72500000;263,95000000;264,72500000;-4,9
2020-12-21T00:00:00+00:00;ETHHEDGE/USD;264,87500000;282,67500000;258,45000000;277,27500000;4,47
2020-12-20T00:00:00+00:00;ETHHEDGE/USD;256,85000000;271,55000000;255,27500000;264,87500000;3,03
2020-12-19T00:00:00+00:00;ETHHEDGE/USD;258,32500000;261,17500000;251,32500000;256,85000000;-0,57
2020-12-18T00:00:00+00:00;ETHHEDGE/USD;262,22500000;267,70000000;253,45000000;258,32500000;-1,51
2020-12-17T00:00:00+00:00;ETHHEDGE/USD;264,62500000;268,95000000;248,12500000;262,15000000;-0,94
2020-12-16T00:00:00+00:00;ETHHEDGE/USD;288,12500000;292,10000000;263,57500000;264,62500000;-8,88
2020-12-15T00:00:00+00:00;ETHHEDGE/USD;289,45000000;292,97500000;283,67500000;288,55000000;-0,31
2020-12-14T00:00:00+00:00;ETHHEDGE/USD;286,90000000;294,52500000;286,55000000;289,30000000;0,83
2020-12-13T00:00:00+00:00;ETHHEDGE/USD;298,85000000;301,20000000;284,60000000;286,90000000;-4,17
2020-12-12T00:00:00+00:00;ETHHEDGE/USD;311,25000000;313,12500000;295,72500000;298,82500000;-4,16
2020-12-11T00:00:00+00:00;ETHHEDGE/USD;304,40000000;317,27500000;302,72500000;311,25000000;2,2
2020-12-10T00:00:00+00:00;ETHHEDGE/USD;297,42500000;310,00000000;295,80000000;304,40000000;2,29
2020-12-09T00:00:00+00:00;ETHHEDGE/USD;306,92500000;321,05000000;294,52500000;297,42500000;-3,19
2020-12-08T00:00:00+00:00;ETHHEDGE/USD;289,12500000;310,50000000;286,75000000;306,92500000;5,8
2020-12-07T00:00:00+00:00;ETHHEDGE/USD;284,77500000;292,97500000;283,87500000;289,12500000;1,5
2020-12-06T00:00:00+00:00;ETHHEDGE/USD;287,50000000;293,55000000;281,57500000;284,77500000;-0,96
2020-12-05T00:00:00+00:00;ETHHEDGE/USD;302,47500000;306,27500000;286,80000000;287,50000000;-5,21
2020-12-04T00:00:00+00:00;ETHHEDGE/USD;280,07500000;304,12500000;277,22500000;302,47500000;7,41
2020-12-03T00:00:00+00:00;ETHHEDGE/USD;288,67500000;295,02500000;276,65000000;280,07500000;-3,07
2020-12-02T00:00:00+00:00;ETHHEDGE/USD;295,62500000;300,75000000;284,45000000;288,67500000;-2,41
2020-12-01T00:00:00+00:00;ETHHEDGE/USD;281,40000000;305,70000000;271,87500000;295,62500000;4,81
2020-11-30T00:00:00+00:00;ETHHEDGE/USD;303,10000000;305,67500000;280,80000000;281,40000000;-7,71
2020-11-29T00:00:00+00:00;ETHHEDGE/USD;326,20000000;330,45000000;301,85000000;303,10000000;-7,62
2020-11-28T00:00:00+00:00;ETHHEDGE/USD;337,80000000;345,35000000;318,80000000;326,20000000;-3,56
2020-11-27T00:00:00+00:00;ETHHEDGE/USD;336,50000000;353,95000000;330,30000000;337,80000000;0,38
2020-11-26T00:00:00+00:00;ETHHEDGE/USD;309,12500000;357,65000000;305,27500000;336,50000000;8,14
2020-11-25T00:00:00+00:00;ETHHEDGE/USD;292,12500000;316,42500000;290,67500000;309,12500000;5,5
2020-11-24T00:00:00+00:00;ETHHEDGE/USD;290,55000000;299,55000000;283,17500000;292,12500000;0,54
2020-11-23T00:00:00+00:00;ETHHEDGE/USD;317,07500000;322,87500000;288,75000000;290,12500000;-9,29
2020-11-22T00:00:00+00:00;ETHHEDGE/USD;321,80000000;348,15000000;304,25000000;317,07500000;-1,49
2020-11-21T00:00:00+00:00;ETHHEDGE/USD;350,35000000;355,30000000;320,50000000;321,80000000;-8,87
2020-11-20T00:00:00+00:00;ETHHEDGE/USD;381,55000000;383,15000000;346,90000000;350,55000000;-8,84
2020-11-19T00:00:00+00:00;ETHHEDGE/USD;375,70000000;386,75000000;373,70000000;381,55000000;1,53
2020-11-18T00:00:00+00:00;ETHHEDGE/USD;372,75000000;403,50000000;361,90000000;376,45000000;0,98
2020-11-17T00:00:00+00:00;ETHHEDGE/USD;391,55000000;391,95000000;369,85000000;372,30000000;-5,17
2020-11-16T00:00:00+00:00;ETHHEDGE/USD;402,30000000;405,00000000;385,75000000;391,55000000;-2,75
2020-11-15T00:00:00+00:00;ETHHEDGE/USD;391,25000000;409,05000000;387,65000000;402,30000000;2,75
2020-11-14T00:00:00+00:00;ETHHEDGE/USD;378,90000000;398,45000000;377,90000000;391,55000000;3,23
2020-11-13T00:00:00+00:00;ETHHEDGE/USD;390,70000000;396,20000000;377,50000000;378,90000000;-3,11
2020-11-12T00:00:00+00:00;ETHHEDGE/USD;390,20000000;401,75000000;383,75000000;390,70000000;0,13
2020-11-11T00:00:00+00:00;ETHHEDGE/USD;401,90000000;402,70000000;377,95000000;390,20000000;-3,0
2020-11-10T00:00:00+00:00;ETHHEDGE/USD;406,25000000;411,75000000;396,75000000;401,30000000;-1,23
2020-11-09T00:00:00+00:00;ETHHEDGE/USD;398,50000000;415,90000000;393,55000000;406,90000000;2,06
2020-11-08T00:00:00+00:00;ETHHEDGE/USD;415,75000000;419,05000000;391,95000000;397,95000000;-4,47
2020-11-07T00:00:00+00:00;ETHHEDGE/USD;398,60000000;425,80000000;387,05000000;416,40000000;4,27
2020-11-06T00:00:00+00:00;ETHHEDGE/USD;439,80000000;442,35000000;395,45000000;398,60000000;-10,34
2020-11-05T00:00:00+00:00;ETHHEDGE/USD;454,35000000;461,65000000;434,85000000;439,80000000;-3,31
2020-11-04T00:00:00+00:00;ETHHEDGE/USD;473,30000000;486,30000000;448,05000000;454,35000000;-4,17
2020-11-03T00:00:00+00:00;ETHHEDGE/USD;479,30000000;495,70000000;470,10000000;473,30000000;-1,27
2020-11-02T00:00:00+00:00;ETHHEDGE/USD;464,30000000;485,40000000;454,45000000;478,60000000;2,99
2020-11-01T00:00:00+00:00;ETHHEDGE/USD;477,20000000;478,95000000;462,50000000;464,30000000;-2,78
2020-10-31T00:00:00+00:00;ETHHEDGE/USD;482,30000000;488,75000000;467,00000000;477,20000000;-1,07
2020-10-30T00:00:00+00:00;ETHHEDGE/USD;477,00000000;505,85000000;470,00000000;482,30000000;1,1
2020-10-29T00:00:00+00:00;ETHHEDGE/USD;475,10000000;485,80000000;467,85000000;477,00000000;0,4
2020-10-28T00:00:00+00:00;ETHHEDGE/USD;458,70000000;486,60000000;451,05000000;475,10000000;3,45
2020-10-27T00:00:00+00:00;ETHHEDGE/USD;472,05000000;475,85000000;449,50000000;458,70000000;-2,91
2020-10-26T00:00:00+00:00;ETHHEDGE/USD;456,25000000;484,10000000;450,05000000;472,05000000;3,35
2020-10-25T00:00:00+00:00;ETHHEDGE/USD;450,05000000;466,55000000;443,20000000;456,55000000;1,42
2020-10-24T00:00:00+00:00;ETHHEDGE/USD;453,20000000;457,75000000;443,95000000;449,45000000;-0,83
2020-10-23T00:00:00+00:00;ETHHEDGE/USD;447,55000000;462,40000000;441,70000000;453,20000000;1,25
2020-10-22T00:00:00+00:00;ETHHEDGE/USD;475,15000000;479,25000000;439,20000000;447,55000000;-6,17
2020-10-21T00:00:00+00:00;ETHHEDGE/USD;505,85000000;507,20000000;460,55000000;475,15000000;-6,46
2020-10-20T00:00:00+00:00;ETHHEDGE/USD;493,00000000;511,15000000;490,20000000;505,85000000;2,54
2020-10-19T00:00:00+00:00;ETHHEDGE/USD;494,05000000;500,85000000;485,95000000;493,00000000;-0,21
2020-10-18T00:00:00+00:00;ETHHEDGE/USD;507,25000000;509,50000000;493,50000000;494,55000000;-2,57
2020-10-17T00:00:00+00:00;ETHHEDGE/USD;511,10000000;514,95000000;495,40000000;507,25000000;-0,76
2020-10-16T00:00:00+00:00;ETHHEDGE/USD;496,35000000;518,45000000;493,45000000;511,85000000;3,03
2020-10-15T00:00:00+00:00;ETHHEDGE/USD;494,70000000;506,60000000;491,90000000;496,35000000;0,33
2020-10-14T00:00:00+00:00;ETHHEDGE/USD;491,85000000;502,20000000;483,60000000;494,70000000;0,58
2020-10-13T00:00:00+00:00;ETHHEDGE/USD;485,20000000;500,80000000;482,15000000;491,85000000;1,35
2020-10-12T00:00:00+00:00;ETHHEDGE/USD;502,15000000;514,40000000;474,25000000;485,20000000;-3,49
2020-10-11T00:00:00+00:00;ETHHEDGE/USD;506,80000000;509,45000000;497,75000000;502,15000000;-0,93
2020-10-10T00:00:00+00:00;ETHHEDGE/USD;515,55000000;517,55000000;496,00000000;506,80000000;-1,73
2020-10-09T00:00:00+00:00;ETHHEDGE/USD;537,35000000;546,90000000;510,40000000;515,55000000;-4,23
2020-10-08T00:00:00+00:00;ETHHEDGE/USD;551,75000000;564,25000000;533,70000000;537,35000000;-2,68
2020-10-07T00:00:00+00:00;ETHHEDGE/USD;553,95000000;566,50000000;549,00000000;551,75000000;-0,4
2020-10-06T00:00:00+00:00;ETHHEDGE/USD;535,80000000;560,70000000;533,25000000;553,95000000;3,28
2020-10-05T00:00:00+00:00;ETHHEDGE/USD;538,10000000;546,00000000;532,60000000;535,80000000;-0,43
2020-10-04T00:00:00+00:00;ETHHEDGE/USD;547,50000000;551,20000000;534,15000000;538,10000000;-1,75
2020-10-03T00:00:00+00:00;ETHHEDGE/USD;549,75000000;552,10000000;540,25000000;547,50000000;-0,41
2020-10-02T00:00:00+00:00;ETHHEDGE/USD;539,85000000;566,50000000;536,45000000;549,75000000;1,8
2020-10-01T00:00:00+00:00;ETHHEDGE/USD;528,00000000;550,30000000;514,55000000;539,85000000;2,2
2020-09-30T00:00:00+00:00;ETHHEDGE/USD;527,90000000;541,05000000;523,80000000;528,00000000;0,02
2020-09-29T00:00:00+00:00;ETHHEDGE/USD;538,05000000;543,65000000;523,55000000;528,55000000;-1,8
2020-09-28T00:00:00+00:00;ETHHEDGE/USD;533,75000000;541,80000000;517,75000000;538,05000000;0,8
2020-09-27T00:00:00+00:00;ETHHEDGE/USD;539,15000000;550,55000000;525,80000000;533,75000000;-1,01
2020-09-26T00:00:00+00:00;ETHHEDGE/USD;542,40000000;553,80000000;534,70000000;539,15000000;-0,6
2020-09-25T00:00:00+00:00;ETHHEDGE/USD;547,60000000;564,40000000;532,25000000;542,40000000;-0,96
2020-09-24T00:00:00+00:00;ETHHEDGE/USD;601,60000000;607,90000000;539,30000000;547,60000000;-9,86
2020-09-23T00:00:00+00:00;ETHHEDGE/USD;562,25000000;613,00000000;560,50000000;601,60000000;6,54
2020-09-22T00:00:00+00:00;ETHHEDGE/USD;569,85000000;577,30000000;556,60000000;562,25000000;-1,35
2020-09-21T00:00:00+00:00;ETHHEDGE/USD;527,10000000;583,50000000;519,05000000;569,85000000;7,5
2020-09-20T00:00:00+00:00;ETHHEDGE/USD;508,90000000;534,85000000;508,00000000;527,10000000;3,45
2020-09-19T00:00:00+00:00;ETHHEDGE/USD;510,75000000;520,40000000;504,20000000;508,30000000;-0,48
2020-09-18T00:00:00+00:00;ETHHEDGE/USD;505,15000000;522,00000000;500,60000000;510,75000000;1,1
2020-09-17T00:00:00+00:00;ETHHEDGE/USD;540,40000000;543,25000000;497,95000000;505,15000000;-6,98
2020-09-16T00:00:00+00:00;ETHHEDGE/USD;541,65000000;555,70000000;528,90000000;540,40000000;-0,23
2020-09-15T00:00:00+00:00;ETHHEDGE/USD;524,70000000;544,30000000;516,70000000;541,65000000;3,13
2020-09-14T00:00:00+00:00;ETHHEDGE/USD;541,80000000;557,30000000;514,15000000;524,70000000;-3,26
2020-09-13T00:00:00+00:00;ETHHEDGE/USD;512,95000000;563,20000000;508,75000000;541,80000000;5,32
2020-09-12T00:00:00+00:00;ETHHEDGE/USD;533,40000000;545,95000000;511,80000000;512,95000000;-3,99
2020-09-11T00:00:00+00:00;ETHHEDGE/USD;542,45000000;561,40000000;530,85000000;533,40000000;-1,7
2020-09-10T00:00:00+00:00;ETHHEDGE/USD;571,00000000;572,35000000;526,85000000;542,85000000;-5,19
2020-09-09T00:00:00+00:00;ETHHEDGE/USD;595,70000000;606,05000000;555,10000000;571,00000000;-4,33
2020-09-08T00:00:00+00:00;ETHHEDGE/USD;569,65000000;613,90000000;563,70000000;595,70000000;4,37
2020-09-07T00:00:00+00:00;ETHHEDGE/USD;571,25000000;617,80000000;561,15000000;569,65000000;-0,28
2020-09-06T00:00:00+00:00;ETHHEDGE/USD;604,50000000;636,90000000;557,05000000;571,25000000;-5,82
2020-09-05T00:00:00+00:00;ETHHEDGE/USD;535,15000000;641,95000000;521,20000000;604,50000000;11,47
2020-09-04T00:00:00+00:00;ETHHEDGE/USD;536,60000000;574,00000000;512,90000000;535,15000000;-0,27
2020-09-03T00:00:00+00:00;ETHHEDGE/USD;478,30000000;549,90000000;465,20000000;536,60000000;10,86
2020-09-02T00:00:00+00:00;ETHHEDGE/USD;445,00000000;496,15000000;438,65000000;478,55000000;7,01
2020-09-01T00:00:00+00:00;ETHHEDGE/USD;492,15000000;497,05000000;429,40000000;444,90000000;-10,62
2020-08-31T00:00:00+00:00;ETHHEDGE/USD;497,80000000;509,50000000;485,40000000;492,15000000;-1,15
2020-08-30T00:00:00+00:00;ETHHEDGE/USD;539,10000000;539,65000000;495,95000000;497,80000000;-8,3
2020-08-29T00:00:00+00:00;ETHHEDGE/USD;542,90000000;549,15000000;528,80000000;539,10000000;-0,7
2020-08-28T00:00:00+00:00;ETHHEDGE/USD;558,95000000;565,00000000;538,80000000;542,90000000;-2,96
2020-08-27T00:00:00+00:00;ETHHEDGE/USD;556,65000000;577,35000000;540,50000000;560,25000000;0,64
2020-08-26T00:00:00+00:00;ETHHEDGE/USD;560,55000000;568,85000000;544,55000000;556,65000000;-0,7
2020-08-25T00:00:00+00:00;ETHHEDGE/USD;528,60000000;578,35000000;527,20000000;560,55000000;5,7
2020-08-24T00:00:00+00:00;ETHHEDGE/USD;553,60000000;558,30000000;525,95000000;528,60000000;-4,73
2020-08-23T00:00:00+00:00;ETHHEDGE/USD;547,00000000;564,40000000;544,10000000;553,60000000;1,19
2020-08-22T00:00:00+00:00;ETHHEDGE/USD;556,95000000;568,55000000;544,75000000;547,00000000;-1,82
2020-08-21T00:00:00+00:00;ETHHEDGE/USD;522,15000000;560,85000000;518,15000000;556,95000000;6,25
2020-08-20T00:00:00+00:00;ETHHEDGE/USD;532,20000000;539,40000000;518,55000000;522,15000000;-1,92
2020-08-19T00:00:00+00:00;ETHHEDGE/USD;515,45000000;549,45000000;509,10000000;532,20000000;3,15
2020-08-18T00:00:00+00:00;ETHHEDGE/USD;502,90000000;523,80000000;498,00000000;515,45000000;2,43
2020-08-17T00:00:00+00:00;ETHHEDGE/USD;499,50000000;515,55000000;484,25000000;502,90000000;0,68
2020-08-16T00:00:00+00:00;ETHHEDGE/USD;500,40000000;524,35000000;495,60000000;499,50000000;-0,18
2020-08-15T00:00:00+00:00;ETHHEDGE/USD;493,85000000;504,95000000;488,40000000;500,40000000;1,31
2020-08-14T00:00:00+00:00;ETHHEDGE/USD;509,65000000;570,05000000;486,75000000;493,85000000;-3,2
2020-08-13T00:00:00+00:00;ETHHEDGE/USD;565,75000000;580,75000000;500,20000000;509,65000000;-11,01
2020-08-12T00:00:00+00:00;ETHHEDGE/USD;578,45000000;597,00000000;561,55000000;565,75000000;-2,24
2020-08-11T00:00:00+00:00;ETHHEDGE/USD;554,80000000;595,00000000;550,00000000;578,45000000;4,09
2020-08-10T00:00:00+00:00;ETHHEDGE/USD;561,25000000;571,95000000;546,95000000;554,80000000;-1,16
2020-08-09T00:00:00+00:00;ETHHEDGE/USD;550,95000000;576,70000000;547,15000000;562,05000000;1,97
2020-08-08T00:00:00+00:00;ETHHEDGE/USD;577,95000000;583,10000000;550,95000000;550,95000000;-4,9
2020-08-07T00:00:00+00:00;ETHHEDGE/USD;556,85000000;601,55000000;551,85000000;577,95000000;3,65
2020-08-06T00:00:00+00:00;ETHHEDGE/USD;549,55000000;560,00000000;544,35000000;556,85000000;1,31
2020-08-05T00:00:00+00:00;ETHHEDGE/USD;564,30000000;584,75000000;539,20000000;549,55000000;-2,68
2020-08-04T00:00:00+00:00;ETHHEDGE/USD;569,45000000;578,10000000;544,30000000;564,30000000;-0,91
2020-08-03T00:00:00+00:00;ETHHEDGE/USD;590,90000000;598,05000000;549,90000000;569,45000000;-3,77
2020-08-02T00:00:00+00:00;ETHHEDGE/USD;568,35000000;645,05000000;526,05000000;590,90000000;3,82
2020-08-01T00:00:00+00:00;ETHHEDGE/USD;643,65000000;649,50000000;556,50000000;568,35000000;-13,25
2020-07-31T00:00:00+00:00;ETHHEDGE/USD;666,05000000;679,45000000;637,75000000;643,65000000;-3,48
2020-07-30T00:00:00+00:00;ETHHEDGE/USD;704,15000000;710,65000000;650,05000000;666,05000000;-5,72
2020-07-29T00:00:00+00:00;ETHHEDGE/USD;704,85000000;714,95000000;687,00000000;704,15000000;-0,1
2020-07-28T00:00:00+00:00;ETHHEDGE/USD;692,80000000;727,20000000;681,65000000;704,85000000;1,71
2020-07-27T00:00:00+00:00;ETHHEDGE/USD;719,10000000;720,25000000;665,95000000;692,80000000;-3,8
2020-07-26T00:00:00+00:00;ETHHEDGE/USD;732,50000000;745,10000000;694,80000000;719,10000000;-1,86
2020-07-25T00:00:00+00:00;ETHHEDGE/USD;806,40000000;806,40000000;721,00000000;732,50000000;-10,09
2020-07-24T00:00:00+00:00;ETHHEDGE/USD;816,90000000;837,80000000;781,60000000;806,40000000;-1,3
2020-07-23T00:00:00+00:00;ETHHEDGE/USD;853,30000000;865,90000000;801,90000000;816,90000000;-4,46
2020-07-22T00:00:00+00:00;ETHHEDGE/USD;923,70000000;941,20000000;835,80000000;853,30000000;-8,25
2020-07-21T00:00:00+00:00;ETHHEDGE/USD;963,60000000;969,40000000;918,10000000;923,70000000;-4,32
2020-07-20T00:00:00+00:00;ETHHEDGE/USD;951,30000000;970,50000000;947,10000000;963,60000000;1,28
2020-07-19T00:00:00+00:00;ETHHEDGE/USD;965,10000000;980,60000000;946,90000000;951,30000000;-1,45
2020-07-18T00:00:00+00:00;ETHHEDGE/USD;978,00000000;985,00000000;959,00000000;965,10000000;-1,34
2020-07-17T00:00:00+00:00;ETHHEDGE/USD;974,60000000;985,00000000;968,80000000;978,00000000;0,35
2020-07-16T00:00:00+00:00;ETHHEDGE/USD;953,90000000;987,70000000;950,20000000;974,60000000;2,12
2020-07-15T00:00:00+00:00;ETHHEDGE/USD;944,00000000;959,80000000;941,10000000;953,90000000;1,04
2020-07-14T00:00:00+00:00;ETHHEDGE/USD;948,30000000;959,50000000;938,60000000;944,00000000;-0,46
2020-07-13T00:00:00+00:00;ETHHEDGE/USD;935,60000000;958,00000000;926,50000000;948,30000000;1,34
2020-07-12T00:00:00+00:00;ETHHEDGE/USD;950,00000000;960,40000000;930,90000000;936,80000000;-1,41
2020-07-11T00:00:00+00:00;ETHHEDGE/USD;943,30000000;957,10000000;941,10000000;950,00000000;0,71
2020-07-10T00:00:00+00:00;ETHHEDGE/USD;940,20000000;963,30000000;939,10000000;943,30000000;0,33
2020-07-09T00:00:00+00:00;ETHHEDGE/USD;920,70000000;954,20000000;918,40000000;940,20000000;2,07
2020-07-08T00:00:00+00:00;ETHHEDGE/USD;951,80000000;956,60000000;911,50000000;920,70000000;-3,38
2020-07-07T00:00:00+00:00;ETHHEDGE/USD;942,10000000;968,80000000;933,00000000;951,80000000;1,02
2020-07-06T00:00:00+00:00;ETHHEDGE/USD;1002,50000000;1005,30000000;939,50000000;942,10000000;-6,41
2020-07-05T00:00:00+00:00;ETHHEDGE/USD;996,90000000;1020,60000000;993,10000000;1002,50000000;0,56
2020-07-04T00:00:00+00:00;ETHHEDGE/USD;1016,00000000;1017,80000000;989,10000000;996,90000000;-1,92
2020-07-03T00:00:00+00:00;ETHHEDGE/USD;1010,70000000;1018,50000000;1001,70000000;1016,00000000;0,52
2020-07-02T00:00:00+00:00;ETHHEDGE/USD;991,00000000;1025,20000000;986,30000000;1010,70000000;1,95
2020-07-01T00:00:00+00:00;ETHHEDGE/USD;1014,50000000;1021,30000000;982,20000000;991,00000000;-2,37
2020-06-30T00:00:00+00:00;ETHHEDGE/USD;1005,60000000;1026,80000000;1000,50000000;1014,50000000;0,88
2020-06-29T00:00:00+00:00;ETHHEDGE/USD;1017,00000000;1034,50000000;995,50000000;1005,90000000;-1,1
2020-06-28T00:00:00+00:00;ETHHEDGE/USD;1036,50000000;1051,20000000;1002,20000000;1016,80000000;-1,94
2020-06-27T00:00:00+00:00;ETHHEDGE/USD;999,30000000;1061,70000000;990,20000000;1036,50000000;3,59
2020-06-26T00:00:00+00:00;ETHHEDGE/USD;987,10000000;1007,90000000;978,70000000;999,30000000;1,22
2020-06-25T00:00:00+00:00;ETHHEDGE/USD;978,60000000;1009,80000000;962,40000000;987,10000000;0,86
2020-06-24T00:00:00+00:00;ETHHEDGE/USD;947,00000000;994,10000000;921,90000000;978,60000000;3,23
2020-06-23T00:00:00+00:00;ETHHEDGE/USD;947,10000000;956,90000000;939,30000000;947,00000000;-0,01
2020-06-22T00:00:00+00:00;ETHHEDGE/USD;1016,20000000;1018,60000000;930,00000000;947,10000000;-7,3
2020-06-21T00:00:00+00:00;ETHHEDGE/USD;1012,00000000;1020,90000000;1000,40000000;1016,20000000;0,41
2020-06-20T00:00:00+00:00;ETHHEDGE/USD;1012,60000000;1030,60000000;1003,00000000;1012,00000000;-0,06
2020-06-19T00:00:00+00:00;ETHHEDGE/USD;1002,70000000;1032,90000000;998,40000000;1012,60000000;0,98
2020-06-18T00:00:00+00:00;ETHHEDGE/USD;991,50000000;1017,30000000;986,70000000;1002,70000000;1,12
2020-06-17T00:00:00+00:00;ETHHEDGE/USD;985,00000000;1017,40000000;976,10000000;991,50000000;0,66
2020-06-16T00:00:00+00:00;ETHHEDGE/USD;1003,80000000;1015,50000000;981,30000000;985,00000000;-1,91
2020-06-15T00:00:00+00:00;ETHHEDGE/USD;998,50000000;1058,30000000;991,90000000;1003,80000000;0,53
2020-06-14T00:00:00+00:00;ETHHEDGE/USD;973,90000000;1007,00000000;972,20000000;998,50000000;2,46
2020-06-13T00:00:00+00:00;ETHHEDGE/USD;975,20000000;989,10000000;970,30000000;973,90000000;-0,13
2020-06-12T00:00:00+00:00;ETHHEDGE/USD;1007,20000000;1016,30000000;968,00000000;975,20000000;-3,28
2020-06-11T00:00:00+00:00;ETHHEDGE/USD;940,80000000;1026,10000000;932,40000000;1007,20000000;6,59
2020-06-10T00:00:00+00:00;ETHHEDGE/USD;957,30000000;972,10000000;930,30000000;940,80000000;-1,75
2020-06-09T00:00:00+00:00;ETHHEDGE/USD;947,40000000;978,90000000;932,90000000;957,30000000;1,03
2020-06-08T00:00:00+00:00;ETHHEDGE/USD;953,60000000;968,80000000;941,70000000;947,40000000;-0,65
2020-06-07T00:00:00+00:00;ETHHEDGE/USD;964,10000000;993,60000000;951,10000000;953,60000000;-1,1
2020-06-06T00:00:00+00:00;ETHHEDGE/USD;972,60000000;981,30000000;953,10000000;964,10000000;-0,88
2020-06-05T00:00:00+00:00;ETHHEDGE/USD;959,10000000;977,20000000;940,30000000;972,60000000;1,39
2020-06-04T00:00:00+00:00;ETHHEDGE/USD;953,30000000;986,10000000;944,90000000;959,10000000;0,6
2020-06-03T00:00:00+00:00;ETHHEDGE/USD;983,00000000;1003,40000000;950,70000000;953,30000000;-3,12
2020-06-02T00:00:00+00:00;ETHHEDGE/USD;939,10000000;1039,90000000;921,60000000;983,00000000;4,47
2020-06-01T00:00:00+00:00;ETHHEDGE/USD;1017,40000000;1022,50000000;928,00000000;939,10000000;-8,34
2020-05-31T00:00:00+00:00;ETHHEDGE/USD;967,80000000;1025,80000000;961,90000000;1017,40000000;4,88
2020-05-30T00:00:00+00:00;ETHHEDGE/USD;1082,70000000;1091,40000000;951,90000000;967,80000000;-11,87
2020-05-29T00:00:00+00:00;ETHHEDGE/USD;1083,30000000;1096,90000000;1060,90000000;1082,70000000;-0,06
2020-05-28T00:00:00+00:00;ETHHEDGE/USD;1150,20000000;1171,20000000;1081,60000000;1083,30000000;-6,18
2020-05-27T00:00:00+00:00;ETHHEDGE/USD;1195,10000000;1196,00000000;1146,60000000;1150,20000000;-3,9
2020-05-26T00:00:00+00:00;ETHHEDGE/USD;1176,60000000;1219,20000000;1163,30000000;1195,10000000;1,55
2020-05-25T00:00:00+00:00;ETHHEDGE/USD;1203,20000000;1214,20000000;1162,10000000;1176,60000000;-2,26
2020-05-24T00:00:00+00:00;ETHHEDGE/USD;1165,40000000;1206,40000000;1138,80000000;1203,20000000;3,14
2020-05-23T00:00:00+00:00;ETHHEDGE/USD;1162,50000000;1176,90000000;1139,70000000;1165,40000000;0,25
2020-05-22T00:00:00+00:00;ETHHEDGE/USD;1217,30000000;1231,30000000;1151,10000000;1162,50000000;-4,71
2020-05-21T00:00:00+00:00;ETHHEDGE/USD;1155,00000000;1257,30000000;1141,10000000;1217,80000000;5,16
2020-05-20T00:00:00+00:00;ETHHEDGE/USD;1129,90000000;1178,70000000;1124,90000000;1155,00000000;2,17
2020-05-19T00:00:00+00:00;ETHHEDGE/USD;1129,90000000;1156,60000000;1122,10000000;1129,90000000;0,0
2020-05-18T00:00:00+00:00;ETHHEDGE/USD;1173,80000000;1174,40000000;1115,60000000;1129,90000000;-3,89
2020-05-17T00:00:00+00:00;ETHHEDGE/USD;1212,70000000;1218,10000000;1154,40000000;1173,80000000;-3,31
2020-05-16T00:00:00+00:00;ETHHEDGE/USD;1249,80000000;1258,30000000;1194,10000000;1212,70000000;-3,06
2020-05-15T00:00:00+00:00;ETHHEDGE/USD;1201,70000000;1269,50000000;1195,40000000;1249,80000000;3,85
2020-05-14T00:00:00+00:00;ETHHEDGE/USD;1222,50000000;1248,50000000;1182,50000000;1201,70000000;-1,73
2020-05-13T00:00:00+00:00;ETHHEDGE/USD;1292,20000000;1300,80000000;1213,30000000;1222,50000000;-5,7
2020-05-12T00:00:00+00:00;ETHHEDGE/USD;1320,80000000;1322,50000000;1275,30000000;1292,20000000;-2,21
2020-05-11T00:00:00+00:00;ETHHEDGE/USD;1308,00000000;1392,30000000;1269,30000000;1320,80000000;0,97
2020-05-10T00:00:00+00:00;ETHHEDGE/USD;1181,20000000;1360,70000000;1180,90000000;1308,00000000;9,69
2020-05-09T00:00:00+00:00;ETHHEDGE/USD;1175,60000000;1191,00000000;1155,30000000;1181,20000000;0,47
2020-05-08T00:00:00+00:00;ETHHEDGE/USD;1169,30000000;1198,60000000;1143,70000000;1175,60000000;0,54
2020-05-07T00:00:00+00:00;ETHHEDGE/USD;1256,70000000;1270,60000000;1150,90000000;1169,30000000;-7,47
2020-05-06T00:00:00+00:00;ETHHEDGE/USD;1217,30000000;1262,10000000;1184,30000000;1256,70000000;3,14
2020-05-05T00:00:00+00:00;ETHHEDGE/USD;1209,60000000;1243,20000000;1180,20000000;1217,30000000;0,63
2020-05-04T00:00:00+00:00;ETHHEDGE/USD;1192,20000000;1277,40000000;1187,70000000;1209,60000000;1,44
2020-05-03T00:00:00+00:00;ETHHEDGE/USD;1170,40000000;1220,10000000;1139,90000000;1193,60000000;1,94
2020-05-02T00:00:00+00:00;ETHHEDGE/USD;1177,90000000;1192,40000000;1160,70000000;1170,40000000;-0,64
2020-05-01T00:00:00+00:00;ETHHEDGE/USD;1212,60000000;1213,10000000;1147,00000000;1177,90000000;-2,95
2020-04-30T00:00:00+00:00;ETHHEDGE/USD;1162,80000000;1237,00000000;1097,10000000;1212,60000000;4,11
2020-04-29T00:00:00+00:00;ETHHEDGE/USD;1285,50000000;1285,50000000;1137,40000000;1162,80000000;-10,55
2020-04-28T00:00:00+00:00;ETHHEDGE/USD;1285,70000000;1311,50000000;1277,00000000;1285,50000000;-0,02
2020-04-27T00:00:00+00:00;ETHHEDGE/USD;1280,50000000;1330,10000000;1269,50000000;1285,70000000;0,4
2020-04-26T00:00:00+00:00;ETHHEDGE/USD;1303,40000000;1315,80000000;1264,90000000;1280,50000000;-1,79
2020-04-25T00:00:00+00:00;ETHHEDGE/USD;1350,90000000;1363,70000000;1272,90000000;1303,40000000;-3,64
2020-04-24T00:00:00+00:00;ETHHEDGE/USD;1366,50000000;1372,10000000;1334,60000000;1350,90000000;-1,15
2020-04-23T00:00:00+00:00;ETHHEDGE/USD;1387,00000000;1423,00000000;1301,80000000;1366,50000000;-1,5
2020-04-22T00:00:00+00:00;ETHHEDGE/USD;1494,20000000;1501,40000000;1376,90000000;1387,00000000;-7,73
2020-04-21T00:00:00+00:00;ETHHEDGE/USD;1499,10000000;1516,30000000;1459,60000000;1494,20000000;-0,33
2020-04-20T00:00:00+00:00;ETHHEDGE/USD;1423,00000000;1527,80000000;1368,20000000;1499,10000000;5,08
2020-04-19T00:00:00+00:00;ETHHEDGE/USD;1370,20000000;1449,80000000;1363,30000000;1423,00000000;3,71
2020-04-18T00:00:00+00:00;ETHHEDGE/USD;1520,70000000;1521,70000000;1351,80000000;1370,20000000;-10,98
2020-04-17T00:00:00+00:00;ETHHEDGE/USD;1506,70000000;1542,30000000;1483,60000000;1520,70000000;0,92
2020-04-16T00:00:00+00:00;ETHHEDGE/USD;1739,75000000;1786,75000000;1484,20000000;1506,70000000;-15,47
2020-04-15T00:00:00+00:00;ETHHEDGE/USD;1679,25000000;1748,25000000;1646,50000000;1739,75000000;3,48
2020-04-14T00:00:00+00:00;ETHHEDGE/USD;1699,75000000;1709,75000000;1641,75000000;1679,25000000;-1,22
2020-04-13T00:00:00+00:00;ETHHEDGE/USD;1678,75000000;1776,50000000;1671,75000000;1699,75000000;1,24
2020-04-12T00:00:00+00:00;ETHHEDGE/USD;1683,00000000;1717,75000000;1610,00000000;1678,75000000;-0,25
2020-04-11T00:00:00+00:00;ETHHEDGE/USD;1690,75000000;1730,75000000;1652,75000000;1683,50000000;-0,43
2020-04-10T00:00:00+00:00;ETHHEDGE/USD;1582,40000000;1743,25000000;1577,25000000;1690,75000000;6,41
2020-04-09T00:00:00+00:00;ETHHEDGE/USD;1549,40000000;1624,10000000;1547,20000000;1582,40000000;2,09
2020-04-08T00:00:00+00:00;ETHHEDGE/USD;1636,25000000;1645,25000000;1536,75000000;1549,40000000;-5,61
2020-04-07T00:00:00+00:00;ETHHEDGE/USD;1573,75000000;1658,70000000;1527,90000000;1636,25000000;3,82
2020-04-06T00:00:00+00:00;ETHHEDGE/USD;1938,00000000;1938,25000000;1568,50000000;1573,75000000;-23,15
2020-04-05T00:00:00+00:00;ETHHEDGE/USD;1918,75000000;1964,75000000;1898,00000000;1938,00000000;0,99
2020-04-04T00:00:00+00:00;ETHHEDGE/USD;1965,25000000;1994,25000000;1891,75000000;1918,75000000;-2,42
2020-04-03T00:00:00+00:00;ETHHEDGE/USD;1965,00000000;2011,00000000;1889,50000000;1965,25000000;0,01
2020-04-02T00:00:00+00:00;ETHHEDGE/USD;2047,25000000;2098,00000000;1802,25000000;1965,00000000;-4,19
2020-04-01T00:00:00+00:00;ETHHEDGE/USD;2099,75000000;2162,50000000;2028,25000000;2047,25000000;-2,56
2020-03-31T00:00:00+00:00;ETHHEDGE/USD;2108,50000000;2138,00000000;2061,25000000;2098,50000000;-0,48
2020-03-30T00:00:00+00:00;ETHHEDGE/USD;2257,75000000;2264,25000000;2055,25000000;2108,50000000;-7,08
2020-03-29T00:00:00+00:00;ETHHEDGE/USD;2150,25000000;2265,50000000;2136,75000000;2257,75000000;4,76
2020-03-28T00:00:00+00:00;ETHHEDGE/USD;2159,00000000;2262,25000000;2117,50000000;2148,75000000;-0,48
2020-03-27T00:00:00+00:00;ETHHEDGE/USD;2052,75000000;2179,00000000;2007,75000000;2159,00000000;4,92
2020-03-26T00:00:00+00:00;ETHHEDGE/USD;2098,75000000;2134,75000000;2033,50000000;2052,75000000;-2,24
2020-03-25T00:00:00+00:00;ETHHEDGE/USD;2063,50000000;2153,50000000;2005,25000000;2100,75000000;1,77
2020-03-24T00:00:00+00:00;ETHHEDGE/USD;2106,75000000;2157,00000000;1988,00000000;2063,50000000;-2,1
2020-03-23T00:00:00+00:00;ETHHEDGE/USD;2388,00000000;2443,75000000;2080,75000000;2105,50000000;-13,42
2020-03-22T00:00:00+00:00;ETHHEDGE/USD;2219,25000000;2411,25000000;2139,25000000;2388,00000000;7,07
2020-03-21T00:00:00+00:00;ETHHEDGE/USD;2207,00000000;2530,00000000;2140,75000000;2219,25000000;0,55
2020-03-20T00:00:00+00:00;ETHHEDGE/USD;2163,25000000;2574,25000000;1901,25000000;2207,50000000;2,0
2020-03-19T00:00:00+00:00;ETHHEDGE/USD;2577,25000000;2629,75000000;2059,25000000;2163,00000000;-19,15
2020-03-18T00:00:00+00:00;ETHHEDGE/USD;2636,50000000;2764,00000000;2568,50000000;2577,25000000;-2,3
2020-03-17T00:00:00+00:00;ETHHEDGE/USD;2767,75000000;2810,75000000;2517,50000000;2636,50000000;-4,98
2020-03-16T00:00:00+00:00;ETHHEDGE/USD;2504,25000000;2984,50000000;2499,50000000;2768,50000000;9,54
2020-03-15T00:00:00+00:00;ETHHEDGE/USD;2529,00000000;2578,50000000;2299,50000000;2504,25000000;-0,99
2020-03-14T00:00:00+00:00;ETHHEDGE/USD;2320,50000000;2551,50000000;2312,00000000;2529,00000000;8,24
2020-03-13T00:00:00+00:00;ETHHEDGE/USD;3040,25000000;3689,75000000;2164,25000000;2319,75000000;-31,06
2020-03-12T00:00:00+00:00;ETHHEDGE/USD;2093,75000000;3113,50000000;2084,25000000;3039,00000000;31,1
2020-03-11T00:00:00+00:00;ETHHEDGE/USD;2031,75000000;2227,75000000;2006,00000000;2093,75000000;2,96
2020-03-10T00:00:00+00:00;ETHHEDGE/USD;2006,50000000;2080,50000000;1972,75000000;2032,00000000;1,25
2020-03-09T00:00:00+00:00;ETHHEDGE/USD;2027,75000000;2130,00000000;1946,25000000;2006,25000000;-1,07
2020-03-08T00:00:00+00:00;ETHHEDGE/USD;1746,50000000;2059,50000000;1746,50000000;2026,50000000;13,82
2020-03-07T00:00:00+00:00;ETHHEDGE/USD;1690,50000000;1753,75000000;1643,25000000;1746,50000000;3,21
2020-03-06T00:00:00+00:00;ETHHEDGE/USD;1826,25000000;1835,00000000;1686,00000000;1690,50000000;-8,03
2020-03-05T00:00:00+00:00;ETHHEDGE/USD;1856,50000000;1856,50000000;1778,00000000;1826,25000000;-1,66
2020-03-04T00:00:00+00:00;ETHHEDGE/USD;1861,25000000;1892,00000000;1821,25000000;1856,50000000;-0,26
2020-03-03T00:00:00+00:00;ETHHEDGE/USD;1797,50000000;1890,25000000;1792,75000000;1861,25000000;3,43
2020-03-02T00:00:00+00:00;ETHHEDGE/USD;1926,75000000;1943,50000000;1775,75000000;1798,50000000;-7,13
2020-03-01T00:00:00+00:00;ETHHEDGE/USD;1923,50000000;1973,50000000;1836,00000000;1926,75000000;0,17
2020-02-29T00:00:00+00:00;ETHHEDGE/USD;1841,25000000;1927,00000000;1792,75000000;1924,00000000;4,3
2020-02-28T00:00:00+00:00;ETHHEDGE/USD;1835,00000000;1947,25000000;1779,25000000;1841,25000000;0,34
2020-02-27T00:00:00+00:00;ETHHEDGE/USD;1866,00000000;1981,25000000;1744,50000000;1835,00000000;-1,69
2020-02-26T00:00:00+00:00;ETHHEDGE/USD;1704,50000000;1924,50000000;1679,25000000;1869,00000000;8,8
2020-02-25T00:00:00+00:00;ETHHEDGE/USD;1587,50000000;1716,75000000;1584,00000000;1702,25000000;6,74
2020-02-24T00:00:00+00:00;ETHHEDGE/USD;1534,00000000;1636,30000000;1516,70000000;1587,75000000;3,39
2020-02-23T00:00:00+00:00;ETHHEDGE/USD;1611,00000000;1614,00000000;1526,50000000;1534,00000000;-5,02
2020-02-22T00:00:00+00:00;ETHHEDGE/USD;1588,00000000;1642,00000000;1579,75000000;1611,00000000;1,43
2020-02-21T00:00:00+00:00;ETHHEDGE/USD;1638,50000000;1658,75000000;1569,50000000;1588,25000000;-3,16
2020-02-20T00:00:00+00:00;ETHHEDGE/USD;1632,25000000;1713,25000000;1598,00000000;1639,00000000;0,41
2020-02-19T00:00:00+00:00;ETHHEDGE/USD;1496,10000000;1659,70000000;1479,90000000;1632,25000000;8,34
2020-02-18T00:00:00+00:00;ETHHEDGE/USD;1584,25000000;1638,00000000;1477,75000000;1496,40000000;-5,87
2020-02-17T00:00:00+00:00;ETHHEDGE/USD;1636,50000000;1738,25000000;1579,50000000;1584,25000000;-3,3
2020-02-16T00:00:00+00:00;ETHHEDGE/USD;1599,00000000;1762,50000000;1544,75000000;1635,50000000;2,23
2020-02-15T00:00:00+00:00;ETHHEDGE/USD;1487,00000000;1615,00000000;1468,10000000;1599,00000000;7,0
2020-02-14T00:00:00+00:00;ETHHEDGE/USD;1585,75000000;1633,50000000;1478,25000000;1486,50000000;-6,68
2020-02-13T00:00:00+00:00;ETHHEDGE/USD;1595,50000000;1657,75000000;1525,75000000;1585,50000000;-0,63
2020-02-12T00:00:00+00:00;ETHHEDGE/USD;1823,75000000;1823,75000000;1538,70000000;1595,50000000;-14,31
2020-02-11T00:00:00+00:00;ETHHEDGE/USD;1950,00000000;1993,75000000;1808,75000000;1823,75000000;-6,92
2020-02-10T00:00:00+00:00;ETHHEDGE/USD;1899,00000000;1995,75000000;1890,50000000;1949,50000000;2,59
2020-02-09T00:00:00+00:00;ETHHEDGE/USD;1942,50000000;1944,50000000;1877,25000000;1899,00000000;-2,29
2020-02-08T00:00:00+00:00;ETHHEDGE/USD;1940,75000000;2027,50000000;1901,50000000;1942,50000000;0,09
2020-02-07T00:00:00+00:00;ETHHEDGE/USD;2035,75000000;2035,75000000;1929,25000000;1940,75000000;-4,9
2020-02-06T00:00:00+00:00;ETHHEDGE/USD;2125,25000000;2154,25000000;2001,25000000;2035,75000000;-4,4
2020-02-05T00:00:00+00:00;ETHHEDGE/USD;2315,50000000;2323,00000000;2079,00000000;2126,25000000;-8,9
2020-02-04T00:00:00+00:00;ETHHEDGE/USD;2295,00000000;2357,75000000;2272,50000000;2315,50000000;0,89
2020-02-03T00:00:00+00:00;ETHHEDGE/USD;2309,75000000;2332,25000000;2225,50000000;2295,00000000;-0,64
2020-02-02T00:00:00+00:00;ETHHEDGE/USD;2366,00000000;2427,50000000;2240,75000000;2309,75000000;-2,44
2020-02-01T00:00:00+00:00;ETHHEDGE/USD;2417,50000000;2473,50000000;2353,75000000;2366,00000000;-2,18
2020-01-31T00:00:00+00:00;ETHHEDGE/USD;2349,00000000;2473,50000000;2336,25000000;2417,50000000;2,83
2020-01-30T00:00:00+00:00;ETHHEDGE/USD;2508,50000000;2550,75000000;2315,75000000;2349,75000000;-6,76
2020-01-29T00:00:00+00:00;ETHHEDGE/USD;2472,00000000;2514,00000000;2435,25000000;2508,75000000;1,46
2020-01-28T00:00:00+00:00;ETHHEDGE/USD;2559,25000000;2560,00000000;2464,50000000;2472,00000000;-3,53
2020-01-27T00:00:00+00:00;ETHHEDGE/USD;2589,00000000;2627,25000000;2530,25000000;2559,25000000;-1,16
2020-01-26T00:00:00+00:00;ETHHEDGE/USD;2716,75000000;2731,25000000;2587,25000000;2589,00000000;-4,93
2020-01-25T00:00:00+00:00;ETHHEDGE/USD;2676,50000000;2756,75000000;2676,50000000;2716,00000000;1,45
2020-01-24T00:00:00+00:00;ETHHEDGE/USD;2673,75000000;2790,50000000;2641,75000000;2676,50000000;0,1
2020-01-23T00:00:00+00:00;ETHHEDGE/USD;2593,00000000;2730,00000000;2589,25000000;2674,50000000;3,05
2020-01-22T00:00:00+00:00;ETHHEDGE/USD;2572,50000000;2621,25000000;2545,25000000;2593,00000000;0,79
2020-01-21T00:00:00+00:00;ETHHEDGE/USD;2611,75000000;2638,25000000;2566,25000000;2573,00000000;-1,51
2020-01-20T00:00:00+00:00;ETHHEDGE/USD;2605,75000000;2691,75000000;2573,00000000;2611,75000000;0,23
2020-01-19T00:00:00+00:00;ETHHEDGE/USD;2503,25000000;2672,25000000;2451,25000000;2605,75000000;3,93
2020-01-18T00:00:00+00:00;ETHHEDGE/USD;2570,00000000;2636,00000000;2425,00000000;2503,25000000;-2,67
2020-01-17T00:00:00+00:00;ETHHEDGE/USD;2650,25000000;2682,75000000;2495,25000000;2569,50000000;-3,14
2020-01-16T00:00:00+00:00;ETHHEDGE/USD;2612,75000000;2732,25000000;2596,50000000;2650,75000000;1,43
2020-01-15T00:00:00+00:00;ETHHEDGE/USD;2622,75000000;2728,50000000;2528,50000000;2612,00000000;-0,41
2020-01-14T00:00:00+00:00;ETHHEDGE/USD;3088,25000000;3097,00000000;2537,00000000;2621,00000000;-17,83
2020-01-13T00:00:00+00:00;ETHHEDGE/USD;3029,00000000;3117,75000000;3019,00000000;3088,25000000;1,92
2020-01-12T00:00:00+00:00;ETHHEDGE/USD;3117,00000000;3127,50000000;3029,00000000;3029,00000000;-2,91
2020-01-11T00:00:00+00:00;ETHHEDGE/USD;3063,25000000;3122,75000000;2998,50000000;3116,25000000;1,7
2020-01-10T00:00:00+00:00;ETHHEDGE/USD;3226,50000000;3278,00000000;3059,50000000;3062,75000000;-5,35
2020-01-09T00:00:00+00:00;ETHHEDGE/USD;3161,75000000;3278,50000000;3148,00000000;3226,50000000;2,01
2020-01-08T00:00:00+00:00;ETHHEDGE/USD;3116,50000000;3237,50000000;3007,50000000;3162,75000000;1,46
2020-01-07T00:00:00+00:00;ETHHEDGE/USD;3090,50000000;3194,75000000;3069,00000000;3115,00000000;0,79

