DATE/TIME;SYMBOL;OPEN;HIGH;LOW;CLOSE;EVOL % CLOSE/HIGH
2022-01-05T00:00:00+00:00;EOSBEAR/USD;0,00001292;0,00001304;0,00001223;0,00001242;-4,03
2022-01-04T00:00:00+00:00;EOSBEAR/USD;0,00001272;0,00001322;0,00001195;0,00001292;1,55
2022-01-03T00:00:00+00:00;EOSBEAR/USD;0,00001206;0,00001325;0,00001205;0,00001272;5,19
2022-01-02T00:00:00+00:00;EOSBEAR/USD;0,00001328;0,00001342;0,00001177;0,00001206;-10,12
2022-01-01T00:00:00+00:00;EOSBEAR/USD;0,00001496;0,00001496;0,00001328;0,00001328;-12,65
2021-12-31T00:00:00+00:00;EOSBEAR/USD;0,00001469;0,00001577;0,00001353;0,00001496;1,8
2021-12-30T00:00:00+00:00;EOSBEAR/USD;0,00001520;0,00001616;0,00001392;0,00001469;-3,47
2021-12-29T00:00:00+00:00;EOSBEAR/USD;0,00001392;0,00001539;0,00001285;0,00001520;8,42
2021-12-28T00:00:00+00:00;EOSBEAR/USD;0,00001127;0,00001411;0,00001125;0,00001392;19,04
2021-12-27T00:00:00+00:00;EOSBEAR/USD;0,00001124;0,00001149;0,00001032;0,00001127;0,27
2021-12-26T00:00:00+00:00;EOSBEAR/USD;0,00001112;0,00001200;0,00001110;0,00001124;1,07
2021-12-25T00:00:00+00:00;EOSBEAR/USD;0,00001157;0,00001165;0,00001082;0,00001112;-4,05
2021-12-24T00:00:00+00:00;EOSBEAR/USD;0,00001052;0,00001165;0,00001035;0,00001159;9,23
2021-12-23T00:00:00+00:00;EOSBEAR/USD;0,00001210;0,00001240;0,00001021;0,00001052;-15,02
2021-12-22T00:00:00+00:00;EOSBEAR/USD;0,00001247;0,00001265;0,00001123;0,00001210;-3,06
2021-12-21T00:00:00+00:00;EOSBEAR/USD;0,00001413;0,00001431;0,00001199;0,00001247;-13,31
2021-12-20T00:00:00+00:00;EOSBEAR/USD;0,00001414;0,00001542;0,00001225;0,00001413;-0,07
2021-12-19T00:00:00+00:00;EOSBEAR/USD;0,00001351;0,00001432;0,00001280;0,00001414;4,46
2021-12-18T00:00:00+00:00;EOSBEAR/USD;0,00001480;0,00001536;0,00001273;0,00001351;-9,55
2021-12-17T00:00:00+00:00;EOSBEAR/USD;0,00001413;0,00001610;0,00001339;0,00001480;4,53
2021-12-16T00:00:00+00:00;EOSBEAR/USD;0,00001232;0,00001421;0,00001200;0,00001413;12,81
2021-12-15T00:00:00+00:00;EOSBEAR/USD;0,00001257;0,00001494;0,00001100;0,00001232;-2,03
2021-12-14T00:00:00+00:00;EOSBEAR/USD;0,00001694;0,00001763;0,00001177;0,00001257;-34,77
2021-12-13T00:00:00+00:00;EOSBEAR/USD;0,00001392;0,00001795;0,00001336;0,00001694;17,83
2021-12-12T00:00:00+00:00;EOSBEAR/USD;0,00001301;0,00001501;0,00001206;0,00001392;6,54
2021-12-11T00:00:00+00:00;EOSBEAR/USD;0,00001980;0,00002093;0,00001137;0,00001301;-52,19
2021-12-10T00:00:00+00:00;EOSBEAR/USD;0,00001709;0,00002006;0,00001550;0,00001980;13,69
2021-12-09T00:00:00+00:00;EOSBEAR/USD;0,00001264;0,00001716;0,00001206;0,00001709;26,04
2021-12-08T00:00:00+00:00;EOSBEAR/USD;0,00002103;0,00002310;0,00001045;0,00001259;-67,04
2021-12-07T00:00:00+00:00;EOSBEAR/USD;0,00002051;0,00002177;0,00001949;0,00002103;2,47
2021-12-06T00:00:00+00:00;EOSBEAR/USD;0,00002690;0,00003210;0,00002000;0,00002051;-31,16
2021-12-05T00:00:00+00:00;EOSBEAR/USD;0,00002573;0,00002837;0,00002573;0,00002690;4,35
2021-12-04T00:00:00+00:00;EOSBEAR/USD;0,00001506;0,00003099;0,00001506;0,00002573;41,47
2021-12-03T00:00:00+00:00;EOSBEAR/USD;0,00001407;0,00001569;0,00001291;0,00001506;6,57
2021-12-02T00:00:00+00:00;EOSBEAR/USD;0,00001373;0,00001487;0,00001373;0,00001407;2,42
2021-12-01T00:00:00+00:00;EOSBEAR/USD;0,00001372;0,00001416;0,00001275;0,00001373;0,07
2021-11-30T00:00:00+00:00;EOSBEAR/USD;0,00001352;0,00001506;0,00001228;0,00001372;1,46
2021-11-29T00:00:00+00:00;EOSBEAR/USD;0,00001464;0,00001498;0,00001296;0,00001352;-8,28
2021-11-28T00:00:00+00:00;EOSBEAR/USD;0,00001454;0,00001700;0,00001450;0,00001464;0,68
2021-11-27T00:00:00+00:00;EOSBEAR/USD;0,00001514;0,00001552;0,00001450;0,00001454;-4,13
2021-11-26T00:00:00+00:00;EOSBEAR/USD;0,00001198;0,00001600;0,00001198;0,00001514;20,87
2021-11-25T00:00:00+00:00;EOSBEAR/USD;0,00001396;0,00001396;0,00001186;0,00001198;-16,53
2021-11-24T00:00:00+00:00;EOSBEAR/USD;0,00001238;0,00001396;0,00001231;0,00001396;11,32
2021-11-23T00:00:00+00:00;EOSBEAR/USD;0,00001350;0,00001409;0,00001238;0,00001238;-9,05
2021-11-22T00:00:00+00:00;EOSBEAR/USD;0,00001237;0,00001405;0,00001221;0,00001350;8,37
2021-11-21T00:00:00+00:00;EOSBEAR/USD;0,00001172;0,00001248;0,00001141;0,00001237;5,25
2021-11-20T00:00:00+00:00;EOSBEAR/USD;0,00001221;0,00001293;0,00001165;0,00001172;-4,18
2021-11-19T00:00:00+00:00;EOSBEAR/USD;0,00001423;0,00001457;0,00001177;0,00001221;-16,54
2021-11-18T00:00:00+00:00;EOSBEAR/USD;0,00001202;0,00001535;0,00001142;0,00001423;15,53
2021-11-17T00:00:00+00:00;EOSBEAR/USD;0,00001224;0,00001347;0,00001167;0,00001202;-1,83
2021-11-16T00:00:00+00:00;EOSBEAR/USD;0,00000942;0,00001346;0,00000933;0,00001224;23,04
2021-11-15T00:00:00+00:00;EOSBEAR/USD;0,00000872;0,00000959;0,00000801;0,00000942;7,43
2021-11-14T00:00:00+00:00;EOSBEAR/USD;0,00000837;0,00000926;0,00000805;0,00000872;4,01
2021-11-13T00:00:00+00:00;EOSBEAR/USD;0,00000935;0,00000955;0,00000812;0,00000837;-11,71
2021-11-12T00:00:00+00:00;EOSBEAR/USD;0,00000882;0,00001019;0,00000797;0,00000935;5,67
2021-11-11T00:00:00+00:00;EOSBEAR/USD;0,00000944;0,00000957;0,00000832;0,00000882;-7,03
2021-11-10T00:00:00+00:00;EOSBEAR/USD;0,00000788;0,00001038;0,00000711;0,00000944;16,53
2021-11-09T00:00:00+00:00;EOSBEAR/USD;0,00001000;0,00001000;0,00000713;0,00000788;-26,9
2021-11-08T00:00:00+00:00;EOSBEAR/USD;0,00001200;0,00001201;0,00000978;0,00001000;-20,0
2021-11-07T00:00:00+00:00;EOSBEAR/USD;0,00001342;0,00001352;0,00001200;0,00001200;-11,83
2021-11-06T00:00:00+00:00;EOSBEAR/USD;0,00001292;0,00001487;0,00001254;0,00001342;3,73
2021-11-05T00:00:00+00:00;EOSBEAR/USD;0,00001258;0,00001316;0,00001214;0,00001292;2,63
2021-11-04T00:00:00+00:00;EOSBEAR/USD;0,00001124;0,00001319;0,00001100;0,00001258;10,65
2021-11-03T00:00:00+00:00;EOSBEAR/USD;0,00001140;0,00001258;0,00001017;0,00001124;-1,42
2021-11-02T00:00:00+00:00;EOSBEAR/USD;0,00001187;0,00001215;0,00001069;0,00001140;-4,12
2021-11-01T00:00:00+00:00;EOSBEAR/USD;0,00001174;0,00001301;0,00001127;0,00001187;1,1
2021-10-31T00:00:00+00:00;EOSBEAR/USD;0,00001324;0,00001347;0,00001076;0,00001174;-12,78
2021-10-30T00:00:00+00:00;EOSBEAR/USD;0,00001318;0,00001410;0,00001295;0,00001324;0,45
2021-10-29T00:00:00+00:00;EOSBEAR/USD;0,00001385;0,00001406;0,00001271;0,00001318;-5,08
2021-10-28T00:00:00+00:00;EOSBEAR/USD;0,00001705;0,00001726;0,00001315;0,00001385;-23,1
2021-10-27T00:00:00+00:00;EOSBEAR/USD;0,00001251;0,00001785;0,00001057;0,00001705;26,63
2021-10-26T00:00:00+00:00;EOSBEAR/USD;0,00001183;0,00001290;0,00001087;0,00001251;5,44
2021-10-25T00:00:00+00:00;EOSBEAR/USD;0,00001246;0,00001254;0,00001159;0,00001183;-5,33
2021-10-24T00:00:00+00:00;EOSBEAR/USD;0,00001313;0,00001315;0,00001034;0,00001246;-5,38
2021-10-23T00:00:00+00:00;EOSBEAR/USD;0,00001407;0,00001432;0,00001294;0,00001313;-7,16
2021-10-22T00:00:00+00:00;EOSBEAR/USD;0,00001355;0,00001455;0,00001267;0,00001407;3,7
2021-10-21T00:00:00+00:00;EOSBEAR/USD;0,00001226;0,00001394;0,00001112;0,00001355;9,52
2021-10-20T00:00:00+00:00;EOSBEAR/USD;0,00001624;0,00001631;0,00001192;0,00001226;-32,46
2021-10-19T00:00:00+00:00;EOSBEAR/USD;0,00001650;0,00001697;0,00001556;0,00001624;-1,6
2021-10-18T00:00:00+00:00;EOSBEAR/USD;0,00001664;0,00001720;0,00001482;0,00001650;-0,85
2021-10-17T00:00:00+00:00;EOSBEAR/USD;0,00001487;0,00001803;0,00001481;0,00001664;10,64
2021-10-16T00:00:00+00:00;EOSBEAR/USD;0,00001429;0,00001528;0,00001376;0,00001487;3,9
2021-10-15T00:00:00+00:00;EOSBEAR/USD;0,00001446;0,00001603;0,00001355;0,00001429;-1,19
2021-10-14T00:00:00+00:00;EOSBEAR/USD;0,00001479;0,00001502;0,00001359;0,00001442;-2,57
2021-10-13T00:00:00+00:00;EOSBEAR/USD;0,00001590;0,00001702;0,00001468;0,00001479;-7,51
2021-10-12T00:00:00+00:00;EOSBEAR/USD;0,00001533;0,00001800;0,00001533;0,00001590;3,58
2021-10-11T00:00:00+00:00;EOSBEAR/USD;0,00001504;0,00001645;0,00001320;0,00001533;1,89
2021-10-10T00:00:00+00:00;EOSBEAR/USD;0,00001204;0,00001516;0,00001198;0,00001504;19,95
2021-10-09T00:00:00+00:00;EOSBEAR/USD;0,00001549;0,00001569;0,00001157;0,00001204;-28,65
2021-10-08T00:00:00+00:00;EOSBEAR/USD;0,00001476;0,00001623;0,00001367;0,00001549;4,71
2021-10-07T00:00:00+00:00;EOSBEAR/USD;0,00001433;0,00001607;0,00001366;0,00001476;2,91
2021-10-06T00:00:00+00:00;EOSBEAR/USD;0,00001450;0,00001773;0,00001298;0,00001433;-1,19
2021-10-05T00:00:00+00:00;EOSBEAR/USD;0,00001592;0,00001642;0,00001399;0,00001450;-9,79
2021-10-04T00:00:00+00:00;EOSBEAR/USD;0,00001546;0,00001832;0,00001469;0,00001592;2,89
2021-10-03T00:00:00+00:00;EOSBEAR/USD;0,00001996;0,00002102;0,00001337;0,00001546;-29,11
2021-10-02T00:00:00+00:00;EOSBEAR/USD;0,00002070;0,00002168;0,00001794;0,00001996;-3,71
2021-10-01T00:00:00+00:00;EOSBEAR/USD;0,00002747;0,00002773;0,00002049;0,00002070;-32,71
2021-09-30T00:00:00+00:00;EOSBEAR/USD;0,00003293;0,00003303;0,00002740;0,00002747;-19,88
2021-09-29T00:00:00+00:00;EOSBEAR/USD;0,00003446;0,00003532;0,00002924;0,00003293;-4,65
2021-09-28T00:00:00+00:00;EOSBEAR/USD;0,00003056;0,00003480;0,00002916;0,00003446;11,32
2021-09-27T00:00:00+00:00;EOSBEAR/USD;0,00002753;0,00003067;0,00002491;0,00003056;9,91
2021-09-26T00:00:00+00:00;EOSBEAR/USD;0,00002712;0,00003390;0,00002466;0,00002753;1,49
2021-09-25T00:00:00+00:00;EOSBEAR/USD;0,00002642;0,00002885;0,00002546;0,00002712;2,58
2021-09-24T00:00:00+00:00;EOSBEAR/USD;0,00002166;0,00003011;0,00002145;0,00002642;18,02
2021-09-23T00:00:00+00:00;EOSBEAR/USD;0,00002277;0,00002431;0,00002143;0,00002166;-5,12
2021-09-22T00:00:00+00:00;EOSBEAR/USD;0,00003272;0,00003389;0,00002273;0,00002277;-43,7
2021-09-21T00:00:00+00:00;EOSBEAR/USD;0,00002660;0,00003400;0,00002443;0,00003272;18,7
2021-09-20T00:00:00+00:00;EOSBEAR/USD;0,00001845;0,00002725;0,00001841;0,00002660;30,64
2021-09-19T00:00:00+00:00;EOSBEAR/USD;0,00001401;0,00001874;0,00001386;0,00001845;24,07
2021-09-18T00:00:00+00:00;EOSBEAR/USD;0,00001618;0,00001745;0,00001383;0,00001403;-15,32
2021-09-17T00:00:00+00:00;EOSBEAR/USD;0,00001921;0,00002000;0,00001403;0,00001618;-18,73
2021-09-16T00:00:00+00:00;EOSBEAR/USD;0,00001828;0,00002041;0,00001744;0,00001921;4,84
2021-09-15T00:00:00+00:00;EOSBEAR/USD;0,00002151;0,00002245;0,00001766;0,00001828;-17,67
2021-09-14T00:00:00+00:00;EOSBEAR/USD;0,00002339;0,00002365;0,00002130;0,00002151;-8,74
2021-09-13T00:00:00+00:00;EOSBEAR/USD;0,00002149;0,00002604;0,00002077;0,00002339;8,12
2021-09-12T00:00:00+00:00;EOSBEAR/USD;0,00002467;0,00002621;0,00002054;0,00002149;-14,8
2021-09-11T00:00:00+00:00;EOSBEAR/USD;0,00002681;0,00002727;0,00002287;0,00002467;-8,67
2021-09-10T00:00:00+00:00;EOSBEAR/USD;0,00002321;0,00002800;0,00001990;0,00002681;13,43
2021-09-09T00:00:00+00:00;EOSBEAR/USD;0,00002392;0,00002498;0,00002124;0,00002321;-3,06
2021-09-08T00:00:00+00:00;EOSBEAR/USD;0,00002236;0,00002829;0,00002125;0,00002392;6,52
2021-09-07T00:00:00+00:00;EOSBEAR/USD;0,00001352;0,00002536;0,00001319;0,00002236;39,53
2021-09-06T00:00:00+00:00;EOSBEAR/USD;0,00001291;0,00001509;0,00001237;0,00001352;4,51
2021-09-05T00:00:00+00:00;EOSBEAR/USD;0,00001822;0,00001967;0,00001282;0,00001291;-41,13
2021-09-04T00:00:00+00:00;EOSBEAR/USD;0,00001857;0,00001956;0,00001656;0,00001822;-1,92
2021-09-03T00:00:00+00:00;EOSBEAR/USD;0,00002374;0,00002556;0,00001794;0,00001857;-27,84
2021-09-02T00:00:00+00:00;EOSBEAR/USD;0,00002309;0,00002487;0,00002222;0,00002374;2,74
2021-09-01T00:00:00+00:00;EOSBEAR/USD;0,00002788;0,00002979;0,00002287;0,00002309;-20,74
2021-08-31T00:00:00+00:00;EOSBEAR/USD;0,00003225;0,00003330;0,00002664;0,00002788;-15,67
2021-08-30T00:00:00+00:00;EOSBEAR/USD;0,00002797;0,00003250;0,00002759;0,00003225;13,27
2021-08-29T00:00:00+00:00;EOSBEAR/USD;0,00002918;0,00002964;0,00002516;0,00002797;-4,33
2021-08-28T00:00:00+00:00;EOSBEAR/USD;0,00002799;0,00003100;0,00002757;0,00002918;4,08
2021-08-27T00:00:00+00:00;EOSBEAR/USD;0,00003502;0,00003746;0,00002777;0,00002777;-26,11
2021-08-26T00:00:00+00:00;EOSBEAR/USD;0,00002760;0,00003566;0,00002680;0,00003502;21,19
2021-08-25T00:00:00+00:00;EOSBEAR/USD;0,00003016;0,00003278;0,00002684;0,00002760;-9,28
2021-08-24T00:00:00+00:00;EOSBEAR/USD;0,00002338;0,00003153;0,00002242;0,00003016;22,48
2021-08-23T00:00:00+00:00;EOSBEAR/USD;0,00002590;0,00002657;0,00002207;0,00002338;-10,78
2021-08-22T00:00:00+00:00;EOSBEAR/USD;0,00002649;0,00002886;0,00002422;0,00002590;-2,28
2021-08-21T00:00:00+00:00;EOSBEAR/USD;0,00002536;0,00002779;0,00002294;0,00002649;4,27
2021-08-20T00:00:00+00:00;EOSBEAR/USD;0,00002884;0,00002983;0,00002527;0,00002536;-13,72
2021-08-19T00:00:00+00:00;EOSBEAR/USD;0,00003429;0,00003800;0,00002884;0,00002884;-18,9
2021-08-18T00:00:00+00:00;EOSBEAR/USD;0,00003265;0,00003847;0,00003104;0,00003429;4,78
2021-08-17T00:00:00+00:00;EOSBEAR/USD;0,00002604;0,00003333;0,00002404;0,00003265;20,25
2021-08-16T00:00:00+00:00;EOSBEAR/USD;0,00002421;0,00002684;0,00002118;0,00002604;7,03
2021-08-15T00:00:00+00:00;EOSBEAR/USD;0,00002697;0,00003201;0,00002412;0,00002421;-11,4
2021-08-14T00:00:00+00:00;EOSBEAR/USD;0,00003400;0,00003556;0,00002630;0,00002697;-26,07
2021-08-13T00:00:00+00:00;EOSBEAR/USD;0,00004788;0,00004919;0,00003393;0,00003400;-40,82
2021-08-12T00:00:00+00:00;EOSBEAR/USD;0,00004499;0,00005098;0,00003616;0,00004788;6,04
2021-08-11T00:00:00+00:00;EOSBEAR/USD;0,00005191;0,00005222;0,00003996;0,00004499;-15,38
2021-08-10T00:00:00+00:00;EOSBEAR/USD;0,00005478;0,00005854;0,00004841;0,00005191;-5,53
2021-08-09T00:00:00+00:00;EOSBEAR/USD;0,00006535;0,00007086;0,00005328;0,00005478;-19,3
2021-08-08T00:00:00+00:00;EOSBEAR/USD;0,00005485;0,00006694;0,00005225;0,00006535;16,07
2021-08-07T00:00:00+00:00;EOSBEAR/USD;0,00006765;0,00006900;0,00005304;0,00005485;-23,34
2021-08-06T00:00:00+00:00;EOSBEAR/USD;0,00007417;0,00007862;0,00006636;0,00006765;-9,64
2021-08-05T00:00:00+00:00;EOSBEAR/USD;0,00007841;0,00008749;0,00007343;0,00007417;-5,72
2021-08-04T00:00:00+00:00;EOSBEAR/USD;0,00008480;0,00009024;0,00007684;0,00007841;-8,15
2021-08-03T00:00:00+00:00;EOSBEAR/USD;0,00008348;0,00009341;0,00008011;0,00008480;1,56
2021-08-02T00:00:00+00:00;EOSBEAR/USD;0,00009040;0,00009232;0,00007556;0,00008348;-8,29
2021-08-01T00:00:00+00:00;EOSBEAR/USD;0,00008043;0,00009422;0,00007212;0,00009040;11,03
2021-07-31T00:00:00+00:00;EOSBEAR/USD;0,00008225;0,00008536;0,00007454;0,00008043;-2,26
2021-07-30T00:00:00+00:00;EOSBEAR/USD;0,00008840;0,00009979;0,00008193;0,00008225;-7,48
2021-07-29T00:00:00+00:00;EOSBEAR/USD;0,00009218;0,00009927;0,00008760;0,00008840;-4,28
2021-07-28T00:00:00+00:00;EOSBEAR/USD;0,00010870;0,00011255;0,00008577;0,00009218;-17,92
2021-07-27T00:00:00+00:00;EOSBEAR/USD;0,00011425;0,00012085;0,00010585;0,00010870;-5,11
2021-07-26T00:00:00+00:00;EOSBEAR/USD;0,00012245;0,00012385;0,00009257;0,00011425;-7,18
2021-07-25T00:00:00+00:00;EOSBEAR/USD;0,00012205;0,00013270;0,00011940;0,00012245;0,33
2021-07-24T00:00:00+00:00;EOSBEAR/USD;0,00012565;0,00012620;0,00011380;0,00012205;-2,95
2021-07-23T00:00:00+00:00;EOSBEAR/USD;0,00013265;0,00014425;0,00012380;0,00012565;-5,57
2021-07-22T00:00:00+00:00;EOSBEAR/USD;0,00014175;0,00014885;0,00013180;0,00013265;-6,86
2021-07-21T00:00:00+00:00;EOSBEAR/USD;0,00017920;0,00018695;0,00013335;0,00014175;-26,42
2021-07-20T00:00:00+00:00;EOSBEAR/USD;0,00015515;0,00019235;0,00014205;0,00017920;13,42
2021-07-19T00:00:00+00:00;EOSBEAR/USD;0,00013395;0,00015735;0,00012940;0,00015515;13,66
2021-07-18T00:00:00+00:00;EOSBEAR/USD;0,00013090;0,00013890;0,00011915;0,00013395;2,28
2021-07-17T00:00:00+00:00;EOSBEAR/USD;0,00013095;0,00013760;0,00011855;0,00013090;-0,04
2021-07-16T00:00:00+00:00;EOSBEAR/USD;0,00013145;0,00014480;0,00011455;0,00013095;-0,38
2021-07-15T00:00:00+00:00;EOSBEAR/USD;0,00011820;0,00013800;0,00010700;0,00013145;10,08
2021-07-14T00:00:00+00:00;EOSBEAR/USD;0,00010968;0,00013400;0,00010695;0,00011820;7,21
2021-07-13T00:00:00+00:00;EOSBEAR/USD;0,00009077;0,00011559;0,00008928;0,00010968;17,24
2021-07-12T00:00:00+00:00;EOSBEAR/USD;0,00010209;0,00010370;0,00008042;0,00009077;-12,47
2021-07-11T00:00:00+00:00;EOSBEAR/USD;0,00011060;0,00012120;0,00009470;0,00010209;-8,34
2021-07-10T00:00:00+00:00;EOSBEAR/USD;0,00009553;0,00011631;0,00008191;0,00011060;13,63
2021-07-09T00:00:00+00:00;EOSBEAR/USD;0,00016700;0,00018415;0,00008870;0,00009553;-74,81
2021-07-08T00:00:00+00:00;EOSBEAR/USD;0,00014005;0,00017115;0,00013785;0,00016700;16,14
2021-07-07T00:00:00+00:00;EOSBEAR/USD;0,00013410;0,00014100;0,00012470;0,00014005;4,25
2021-07-06T00:00:00+00:00;EOSBEAR/USD;0,00014195;0,00014475;0,00012150;0,00013410;-5,85
2021-07-05T00:00:00+00:00;EOSBEAR/USD;0,00012140;0,00014610;0,00012000;0,00014195;14,48
2021-07-04T00:00:00+00:00;EOSBEAR/USD;0,00012070;0,00012825;0,00010895;0,00011990;-0,67
2021-07-03T00:00:00+00:00;EOSBEAR/USD;0,00013355;0,00013935;0,00011945;0,00012070;-10,65
2021-07-02T00:00:00+00:00;EOSBEAR/USD;0,00013250;0,00015055;0,00012550;0,00013355;0,79
2021-07-01T00:00:00+00:00;EOSBEAR/USD;0,00011500;0,00013875;0,00010935;0,00013250;13,21
2021-06-30T00:00:00+00:00;EOSBEAR/USD;0,00011665;0,00013950;0,00010145;0,00011500;-1,43
2021-06-29T00:00:00+00:00;EOSBEAR/USD;0,00014820;0,00014995;0,00010225;0,00011665;-27,05
2021-06-28T00:00:00+00:00;EOSBEAR/USD;0,00015830;0,00016580;0,00013795;0,00014820;-6,82
2021-06-27T00:00:00+00:00;EOSBEAR/USD;0,00019035;0,00020460;0,00015815;0,00015830;-20,25
2021-06-26T00:00:00+00:00;EOSBEAR/USD;0,00019920;0,00022555;0,00017640;0,00019035;-4,65
2021-06-25T00:00:00+00:00;EOSBEAR/USD;0,00015505;0,00019920;0,00014325;0,00019895;22,07
2021-06-24T00:00:00+00:00;EOSBEAR/USD;0,00019660;0,00021500;0,00015440;0,00015505;-26,8
2021-06-23T00:00:00+00:00;EOSBEAR/USD;0,00026050;0,00028050;0,00017415;0,00019660;-32,5
2021-06-22T00:00:00+00:00;EOSBEAR/USD;0,00025110;0,00030775;0,00019590;0,00026050;3,61
2021-06-21T00:00:00+00:00;EOSBEAR/USD;0,00015120;0,00025110;0,00015000;0,00025110;39,78
2021-06-20T00:00:00+00:00;EOSBEAR/USD;0,00015495;0,00019225;0,00014905;0,00015120;-2,48
2021-06-19T00:00:00+00:00;EOSBEAR/USD;0,00014745;0,00015540;0,00013355;0,00015495;4,84
2021-06-18T00:00:00+00:00;EOSBEAR/USD;0,00012330;0,00015790;0,00012230;0,00014745;16,38
2021-06-17T00:00:00+00:00;EOSBEAR/USD;0,00012275;0,00013115;0,00010700;0,00012330;0,45
2021-06-16T00:00:00+00:00;EOSBEAR/USD;0,00010446;0,00012515;0,00010125;0,00012275;14,9
2021-06-15T00:00:00+00:00;EOSBEAR/USD;0,00009872;0,00010735;0,00009290;0,00010446;5,49
2021-06-14T00:00:00+00:00;EOSBEAR/USD;0,00011255;0,00011920;0,00009715;0,00009875;-13,97
2021-06-13T00:00:00+00:00;EOSBEAR/USD;0,00013315;0,00014785;0,00011155;0,00011255;-18,3
2021-06-12T00:00:00+00:00;EOSBEAR/USD;0,00012990;0,00015365;0,00012840;0,00013315;2,44
2021-06-11T00:00:00+00:00;EOSBEAR/USD;0,00012770;0,00013940;0,00010380;0,00012990;1,69
2021-06-10T00:00:00+00:00;EOSBEAR/USD;0,00011185;0,00013470;0,00010350;0,00012770;12,41
2021-06-09T00:00:00+00:00;EOSBEAR/USD;0,00013520;0,00015485;0,00010645;0,00011185;-20,88
2021-06-08T00:00:00+00:00;EOSBEAR/USD;0,00012545;0,00017215;0,00011995;0,00013520;7,21
2021-06-07T00:00:00+00:00;EOSBEAR/USD;0,00009360;0,00012780;0,00008791;0,00012545;25,39
2021-06-06T00:00:00+00:00;EOSBEAR/USD;0,00009671;0,00009918;0,00008860;0,00009360;-3,32
2021-06-05T00:00:00+00:00;EOSBEAR/USD;0,00008729;0,00010285;0,00007771;0,00009671;9,74
2021-06-04T00:00:00+00:00;EOSBEAR/USD;0,00006987;0,00009450;0,00006957;0,00008729;19,96
2021-06-03T00:00:00+00:00;EOSBEAR/USD;0,00007549;0,00008065;0,00006464;0,00006987;-8,04
2021-06-02T00:00:00+00:00;EOSBEAR/USD;0,00007838;0,00008480;0,00006987;0,00007549;-3,83
2021-06-01T00:00:00+00:00;EOSBEAR/USD;0,00006907;0,00008460;0,00006554;0,00007838;11,88
2021-05-31T00:00:00+00:00;EOSBEAR/USD;0,00009582;0,00010919;0,00006810;0,00006898;-38,91
2021-05-30T00:00:00+00:00;EOSBEAR/USD;0,00010300;0,00012650;0,00008420;0,00009582;-7,49
2021-05-29T00:00:00+00:00;EOSBEAR/USD;0,00010369;0,00011175;0,00007514;0,00010300;-0,67
2021-05-28T00:00:00+00:00;EOSBEAR/USD;0,00007589;0,00011351;0,00007321;0,00010369;26,81
2021-05-27T00:00:00+00:00;EOSBEAR/USD;0,00010670;0,00012090;0,00005918;0,00007589;-40,6
2021-05-26T00:00:00+00:00;EOSBEAR/USD;0,00016645;0,00017390;0,00010485;0,00010670;-56,0
2021-05-25T00:00:00+00:00;EOSBEAR/USD;0,00018060;0,00021060;0,00014420;0,00016645;-8,5
2021-05-24T00:00:00+00:00;EOSBEAR/USD;0,00044940;0,00048680;0,00018000;0,00018060;-148,84
2021-05-23T00:00:00+00:00;EOSBEAR/USD;0,00029940;0,00058720;0,00025950;0,00044940;33,38
2021-05-22T00:00:00+00:00;EOSBEAR/USD;0,00025190;0,00032190;0,00022980;0,00029940;15,87
2021-05-21T00:00:00+00:00;EOSBEAR/USD;0,00017155;0,00029140;0,00015080;0,00025190;31,9
2021-05-20T00:00:00+00:00;EOSBEAR/USD;0,00028400;0,00038520;0,00014545;0,00017155;-65,55
2021-05-19T00:00:00+00:00;EOSBEAR/USD;0,00013210;0,00033060;0,00012540;0,00028400;53,49
2021-05-18T00:00:00+00:00;EOSBEAR/USD;0,00014790;0,00015050;0,00010630;0,00013210;-11,96
2021-05-17T00:00:00+00:00;EOSBEAR/USD;0,00011431;0,00016255;0,00011431;0,00014790;22,71
2021-05-16T00:00:00+00:00;EOSBEAR/USD;0,00011890;0,00013158;0,00008580;0,00011431;-4,02
2021-05-15T00:00:00+00:00;EOSBEAR/USD;0,00009302;0,00011935;0,00007605;0,00011890;21,77
2021-05-14T00:00:00+00:00;EOSBEAR/USD;0,00011305;0,00011410;0,00008313;0,00009302;-21,53
2021-05-13T00:00:00+00:00;EOSBEAR/USD;0,00014505;0,00015667;0,00008810;0,00011305;-28,31
2021-05-12T00:00:00+00:00;EOSBEAR/USD;0,00007848;0,00014710;0,00007149;0,00014445;45,67
2021-05-11T00:00:00+00:00;EOSBEAR/USD;0,00037440;0,00043260;0,00007730;0,00007848;-377,06
2021-05-10T00:00:00+00:00;EOSBEAR/USD;0,00027970;0,00044800;0,00023970;0,00037440;25,29
2021-05-09T00:00:00+00:00;EOSBEAR/USD;0,00030500;0,00036500;0,00023710;0,00027970;-9,05
2021-05-08T00:00:00+00:00;EOSBEAR/USD;0,00032160;0,00035420;0,00024530;0,00030500;-5,44
2021-05-07T00:00:00+00:00;EOSBEAR/USD;0,00028360;0,00036100;0,00017710;0,00032160;11,82
2021-05-06T00:00:00+00:00;EOSBEAR/USD;0,00076875;0,00079500;0,00020640;0,00028360;-171,07
2021-05-05T00:00:00+00:00;EOSBEAR/USD;0,00241800;0,00253600;0,00074900;0,00076875;-214,54
2021-05-04T00:00:00+00:00;EOSBEAR/USD;0,00202700;0,00249650;0,00181000;0,00241800;16,17
2021-05-03T00:00:00+00:00;EOSBEAR/USD;0,00230850;0,00231450;0,00194600;0,00202700;-13,89
2021-05-02T00:00:00+00:00;EOSBEAR/USD;0,00221400;0,00261450;0,00214300;0,00230850;4,09
2021-05-01T00:00:00+00:00;EOSBEAR/USD;0,00242100;0,00257100;0,00218000;0,00221400;-9,35
2021-04-30T00:00:00+00:00;EOSBEAR/USD;0,00327200;0,00343700;0,00240100;0,00242100;-35,15
2021-04-29T00:00:00+00:00;EOSBEAR/USD;0,00316800;0,00367300;0,00301700;0,00327200;3,18
2021-04-28T00:00:00+00:00;EOSBEAR/USD;0,00304000;0,00353700;0,00278200;0,00316800;4,04
2021-04-27T00:00:00+00:00;EOSBEAR/USD;0,00335300;0,00355400;0,00294700;0,00304000;-10,3
2021-04-26T00:00:00+00:00;EOSBEAR/USD;0,00599750;0,00611500;0,00329300;0,00335100;-78,98
2021-04-25T00:00:00+00:00;EOSBEAR/USD;0,00597500;0,00688700;0,00469700;0,00599750;0,38
2021-04-24T00:00:00+00:00;EOSBEAR/USD;0,00475500;0,00611700;0,00474000;0,00597500;20,42
2021-04-23T00:00:00+00:00;EOSBEAR/USD;0,00413400;0,00703000;0,00385400;0,00475500;13,06
2021-04-22T00:00:00+00:00;EOSBEAR/USD;0,00371700;0,00445700;0,00288500;0,00413400;10,09
2021-04-21T00:00:00+00:00;EOSBEAR/USD;0,00326100;0,00383800;0,00300100;0,00371700;12,27
2021-04-20T00:00:00+00:00;EOSBEAR/USD;0,00335400;0,00416800;0,00298400;0,00326100;-2,85
2021-04-19T00:00:00+00:00;EOSBEAR/USD;0,00264400;0,00348300;0,00239200;0,00335400;21,17
2021-04-18T00:00:00+00:00;EOSBEAR/USD;0,00220550;0,00377950;0,00209400;0,00263500;16,3
2021-04-17T00:00:00+00:00;EOSBEAR/USD;0,00176400;0,00231750;0,00158800;0,00220550;20,02
2021-04-16T00:00:00+00:00;EOSBEAR/USD;0,00228500;0,00295250;0,00162900;0,00176050;-29,79
2021-04-15T00:00:00+00:00;EOSBEAR/USD;0,00246800;0,00281100;0,00224600;0,00228500;-8,01
2021-04-14T00:00:00+00:00;EOSBEAR/USD;0,00285700;0,00296950;0,00210900;0,00246800;-15,76
2021-04-13T00:00:00+00:00;EOSBEAR/USD;0,00450400;0,00461400;0,00267400;0,00285700;-57,65
2021-04-12T00:00:00+00:00;EOSBEAR/USD;0,00402500;0,00483400;0,00380400;0,00450400;10,63
2021-04-11T00:00:00+00:00;EOSBEAR/USD;0,00444900;0,00451300;0,00353000;0,00402500;-10,53
2021-04-10T00:00:00+00:00;EOSBEAR/USD;0,00546000;0,00561000;0,00413400;0,00444900;-22,72
2021-04-09T00:00:00+00:00;EOSBEAR/USD;0,00494200;0,00574600;0,00458600;0,00540750;8,61
2021-04-08T00:00:00+00:00;EOSBEAR/USD;0,00673400;0,00693250;0,00488750;0,00494200;-36,26
2021-04-07T00:00:00+00:00;EOSBEAR/USD;0,00494100;0,00704700;0,00407600;0,00672500;26,53
2021-04-06T00:00:00+00:00;EOSBEAR/USD;0,00484200;0,00584800;0,00398400;0,00494100;2,0
2021-04-05T00:00:00+00:00;EOSBEAR/USD;0,00603000;0,00730000;0,00403300;0,00484200;-24,54
2021-04-04T00:00:00+00:00;EOSBEAR/USD;0,01031500;0,01056000;0,00602250;0,00603000;-71,06
2021-04-03T00:00:00+00:00;EOSBEAR/USD;0,00749500;0,01094500;0,00661750;0,01031500;27,34
2021-04-02T00:00:00+00:00;EOSBEAR/USD;0,01071000;0,01197500;0,00711000;0,00749500;-42,9
2021-04-01T00:00:00+00:00;EOSBEAR/USD;0,01871500;0,01964000;0,00891000;0,01071000;-74,74
2021-03-31T00:00:00+00:00;EOSBEAR/USD;0,02625000;0,03134000;0,01741000;0,01871500;-40,26
2021-03-30T00:00:00+00:00;EOSBEAR/USD;0,02737000;0,02870000;0,02505000;0,02625000;-4,27
2021-03-29T00:00:00+00:00;EOSBEAR/USD;0,03121000;0,03210000;0,02659000;0,02737000;-14,03
2021-03-28T00:00:00+00:00;EOSBEAR/USD;0,03143000;0,03285000;0,02886000;0,03121000;-0,7
2021-03-27T00:00:00+00:00;EOSBEAR/USD;0,02959000;0,03363000;0,02920000;0,03143000;5,85
2021-03-26T00:00:00+00:00;EOSBEAR/USD;0,04609000;0,04620000;0,02950000;0,02959000;-55,76
2021-03-25T00:00:00+00:00;EOSBEAR/USD;0,04611000;0,05164000;0,04237000;0,04609000;-0,04
2021-03-24T00:00:00+00:00;EOSBEAR/USD;0,03569000;0,05234000;0,03015000;0,04611000;22,6
2021-03-23T00:00:00+00:00;EOSBEAR/USD;0,03592000;0,03696000;0,03101000;0,03569000;-0,64
2021-03-22T00:00:00+00:00;EOSBEAR/USD;0,03373000;0,03750000;0,02942000;0,03582000;5,83
2021-03-21T00:00:00+00:00;EOSBEAR/USD;0,03020000;0,03458000;0,02826000;0,03373000;10,47
2021-03-20T00:00:00+00:00;EOSBEAR/USD;0,03561000;0,03600000;0,02682000;0,03020000;-17,91
2021-03-19T00:00:00+00:00;EOSBEAR/USD;0,03543000;0,03845000;0,03250000;0,03561000;0,51
2021-03-18T00:00:00+00:00;EOSBEAR/USD;0,03689000;0,03766000;0,03059000;0,03541000;-4,18
2021-03-17T00:00:00+00:00;EOSBEAR/USD;0,03741000;0,04305000;0,03672000;0,03689000;-1,41
2021-03-16T00:00:00+00:00;EOSBEAR/USD;0,04632000;0,05158000;0,03539000;0,03741000;-23,82
2021-03-15T00:00:00+00:00;EOSBEAR/USD;0,04280000;0,04915000;0,03910000;0,04632000;7,6
2021-03-14T00:00:00+00:00;EOSBEAR/USD;0,03462000;0,04283000;0,03240000;0,04280000;19,11
2021-03-13T00:00:00+00:00;EOSBEAR/USD;0,05415000;0,05812500;0,03238000;0,03462000;-56,41
2021-03-12T00:00:00+00:00;EOSBEAR/USD;0,04788000;0,05766000;0,04635000;0,05415000;11,58
2021-03-11T00:00:00+00:00;EOSBEAR/USD;0,04635000;0,05253000;0,04437000;0,04788000;3,2
2021-03-10T00:00:00+00:00;EOSBEAR/USD;0,04094000;0,04885000;0,04052000;0,04635000;11,67
2021-03-09T00:00:00+00:00;EOSBEAR/USD;0,05165000;0,05378000;0,04078000;0,04094000;-26,16
2021-03-08T00:00:00+00:00;EOSBEAR/USD;0,05455000;0,05857500;0,05080000;0,05165000;-5,61
2021-03-07T00:00:00+00:00;EOSBEAR/USD;0,06000000;0,06015000;0,05417500;0,05455000;-9,99
2021-03-06T00:00:00+00:00;EOSBEAR/USD;0,06130000;0,06590000;0,05760000;0,06000000;-2,17
2021-03-05T00:00:00+00:00;EOSBEAR/USD;0,05892500;0,06785000;0,05872500;0,06130000;3,87
2021-03-04T00:00:00+00:00;EOSBEAR/USD;0,05537500;0,06360000;0,05145000;0,05892500;6,02
2021-03-03T00:00:00+00:00;EOSBEAR/USD;0,06537500;0,06632500;0,04618000;0,05537500;-18,06
2021-03-02T00:00:00+00:00;EOSBEAR/USD;0,06335000;0,07030000;0,05700000;0,06530000;2,99
2021-03-01T00:00:00+00:00;EOSBEAR/USD;0,07920000;0,08042500;0,06085000;0,06335000;-25,02
2021-02-28T00:00:00+00:00;EOSBEAR/USD;0,06812500;0,09222500;0,06652500;0,07920000;13,98
2021-02-27T00:00:00+00:00;EOSBEAR/USD;0,07880000;0,07952500;0,06002500;0,06812500;-15,67
2021-02-26T00:00:00+00:00;EOSBEAR/USD;0,07205000;0,08707500;0,06470000;0,07910000;8,91
2021-02-25T00:00:00+00:00;EOSBEAR/USD;0,06175000;0,07402500;0,05155000;0,07205000;14,3
2021-02-24T00:00:00+00:00;EOSBEAR/USD;0,06762500;0,07585000;0,05262500;0,06175000;-9,51
2021-02-23T00:00:00+00:00;EOSBEAR/USD;0,04386000;0,08820000;0,04334000;0,06762500;35,14
2021-02-22T00:00:00+00:00;EOSBEAR/USD;0,03513000;0,05406000;0,03129000;0,04386000;19,9
2021-02-21T00:00:00+00:00;EOSBEAR/USD;0,04286000;0,04516000;0,03000000;0,03513000;-22,0
2021-02-20T00:00:00+00:00;EOSBEAR/USD;0,03491000;0,04883000;0,03050000;0,04286000;18,55
2021-02-19T00:00:00+00:00;EOSBEAR/USD;0,04579000;0,05049000;0,03176000;0,03493000;-31,09
2021-02-18T00:00:00+00:00;EOSBEAR/USD;0,04497000;0,04983000;0,04086000;0,04569000;1,58
2021-02-17T00:00:00+00:00;EOSBEAR/USD;0,05148000;0,05855000;0,04354000;0,04502000;-14,35
2021-02-16T00:00:00+00:00;EOSBEAR/USD;0,04967000;0,05877000;0,04100000;0,05148000;3,52
2021-02-15T00:00:00+00:00;EOSBEAR/USD;0,04051000;0,06162000;0,03686000;0,04967000;18,44
2021-02-14T00:00:00+00:00;EOSBEAR/USD;0,03230000;0,04419000;0,03098000;0,04051000;20,27
2021-02-13T00:00:00+00:00;EOSBEAR/USD;0,05505000;0,06267500;0,03225000;0,03230000;-70,43
2021-02-12T00:00:00+00:00;EOSBEAR/USD;0,06197500;0,07482500;0,05165000;0,05505000;-12,58
2021-02-11T00:00:00+00:00;EOSBEAR/USD;0,08830000;0,09525000;0,05710000;0,06197500;-42,48
2021-02-10T00:00:00+00:00;EOSBEAR/USD;0,09090000;0,10700000;0,06872500;0,08830000;-2,94
2021-02-09T00:00:00+00:00;EOSBEAR/USD;0,15370000;0,16555000;0,08192500;0,09090000;-69,09
2021-02-08T00:00:00+00:00;EOSBEAR/USD;0,17675000;0,19105000;0,15295000;0,15390000;-14,85
2021-02-07T00:00:00+00:00;EOSBEAR/USD;0,22510000;0,26465000;0,15465000;0,17675000;-27,36
2021-02-06T00:00:00+00:00;EOSBEAR/USD;0,20710000;0,23945000;0,20540000;0,22600000;8,36
2021-02-05T00:00:00+00:00;EOSBEAR/USD;0,28230000;0,28550000;0,19595000;0,20710000;-36,31
2021-02-04T00:00:00+00:00;EOSBEAR/USD;0,27050000;0,29110000;0,24980000;0,28230000;4,18
2021-02-03T00:00:00+00:00;EOSBEAR/USD;0,29050000;0,29510000;0,24980000;0,27050000;-7,39
2021-02-02T00:00:00+00:00;EOSBEAR/USD;0,27360000;0,30020000;0,26950000;0,29050000;5,82
2021-02-01T00:00:00+00:00;EOSBEAR/USD;0,32390000;0,32710000;0,21870000;0,27360000;-18,38
2021-01-31T00:00:00+00:00;EOSBEAR/USD;0,32510000;0,36160000;0,27420000;0,32390000;-0,37
2021-01-30T00:00:00+00:00;EOSBEAR/USD;0,43720000;0,45560000;0,28090000;0,32510000;-34,48
2021-01-29T00:00:00+00:00;EOSBEAR/USD;0,44310000;0,47010000;0,35070000;0,43720000;-1,35
2021-01-28T00:00:00+00:00;EOSBEAR/USD;0,58825000;0,60150000;0,40140000;0,44310000;-32,76
2021-01-27T00:00:00+00:00;EOSBEAR/USD;0,51310000;0,60825000;0,51310000;0,58825000;12,78
2021-01-26T00:00:00+00:00;EOSBEAR/USD;0,50130000;0,55460000;0,48750000;0,51310000;2,3
2021-01-25T00:00:00+00:00;EOSBEAR/USD;0,46520000;0,51050000;0,43980000;0,50110000;7,16
2021-01-24T00:00:00+00:00;EOSBEAR/USD;0,47130000;0,50320000;0,43500000;0,46500000;-1,35
2021-01-23T00:00:00+00:00;EOSBEAR/USD;0,51670000;0,54450000;0,42680000;0,47130000;-9,63
2021-01-22T00:00:00+00:00;EOSBEAR/USD;0,57600000;0,64900000;0,48375000;0,51670000;-11,48
2021-01-21T00:00:00+00:00;EOSBEAR/USD;0,46020000;0,60200000;0,45870000;0,57600000;20,1
2021-01-20T00:00:00+00:00;EOSBEAR/USD;0,45370000;0,51720000;0,43830000;0,46020000;1,41
2021-01-19T00:00:00+00:00;EOSBEAR/USD;0,44210000;0,45570000;0,39070000;0,45370000;2,56
2021-01-18T00:00:00+00:00;EOSBEAR/USD;0,46630000;0,49600000;0,43230000;0,44210000;-5,47
2021-01-17T00:00:00+00:00;EOSBEAR/USD;0,45740000;0,50710000;0,44650000;0,46630000;1,91
2021-01-16T00:00:00+00:00;EOSBEAR/USD;0,46830000;0,49200000;0,40530000;0,45720000;-2,43
2021-01-15T00:00:00+00:00;EOSBEAR/USD;0,44180000;0,55400000;0,38420000;0,46830000;5,66
2021-01-14T00:00:00+00:00;EOSBEAR/USD;0,46220000;0,49320000;0,42050000;0,44180000;-4,62
2021-01-13T00:00:00+00:00;EOSBEAR/USD;0,57975000;0,62450000;0,45400000;0,46220000;-25,43
2021-01-12T00:00:00+00:00;EOSBEAR/USD;0,53600000;0,61550000;0,47000000;0,57975000;7,55
2021-01-11T00:00:00+00:00;EOSBEAR/USD;0,38780000;0,64950000;0,38780000;0,53600000;27,65
2021-01-10T00:00:00+00:00;EOSBEAR/USD;0,27630000;0,43560000;0,21210000;0,38780000;28,75
2021-01-09T00:00:00+00:00;EOSBEAR/USD;0,46720000;0,50530000;0,24770000;0,27630000;-69,09
2021-01-08T00:00:00+00:00;EOSBEAR/USD;0,42720000;0,54190000;0,40700000;0,46720000;8,56
2021-01-07T00:00:00+00:00;EOSBEAR/USD;0,36700000;0,47380000;0,34350000;0,42720000;14,09
2021-01-06T00:00:00+00:00;EOSBEAR/USD;0,62075000;0,64675000;0,33820000;0,36700000;-69,14
2021-01-05T00:00:00+00:00;EOSBEAR/USD;0,67525000;0,73825000;0,58175000;0,62075000;-8,78
2021-01-04T00:00:00+00:00;EOSBEAR/USD;0,72050000;0,79075000;0,49500000;0,67525000;-6,7
2021-01-03T00:00:00+00:00;EOSBEAR/USD;0,89350000;0,94700000;0,68350000;0,72050000;-24,01
2021-01-02T00:00:00+00:00;EOSBEAR/USD;0,88525000;0,95875000;0,79875000;0,89350000;0,92
2021-01-01T00:00:00+00:00;EOSBEAR/USD;0,93450000;0,95675000;0,78350000;0,88525000;-5,56
2020-12-31T00:00:00+00:00;EOSBEAR/USD;0,91400000;1,01625000;0,86750000;0,93450000;2,19
2020-12-30T00:00:00+00:00;EOSBEAR/USD;0,88925000;0,98750000;0,85775000;0,91400000;2,71
2020-12-29T00:00:00+00:00;EOSBEAR/USD;0,77950000;1,00400000;0,75650000;0,88925000;12,34
2020-12-28T00:00:00+00:00;EOSBEAR/USD;0,81675000;0,84350000;0,66200000;0,77950000;-4,78
2020-12-27T00:00:00+00:00;EOSBEAR/USD;0,96200000;1,09675000;0,69225000;0,81675000;-17,78
2020-12-26T00:00:00+00:00;EOSBEAR/USD;0,90050000;1,03625000;0,87150000;0,96200000;6,39
2020-12-25T00:00:00+00:00;EOSBEAR/USD;0,90225000;1,01800000;0,82550000;0,90050000;-0,19
2020-12-24T00:00:00+00:00;EOSBEAR/USD;1,54650000;1,61650000;0,88000000;0,90225000;-71,4
2020-12-23T00:00:00+00:00;EOSBEAR/USD;0,95250000;1,87400000;0,93875000;1,54650000;38,41
2020-12-22T00:00:00+00:00;EOSBEAR/USD;0,92075000;1,07025000;0,90150000;0,95250000;3,33
2020-12-21T00:00:00+00:00;EOSBEAR/USD;0,76800000;0,94125000;0,65900000;0,92075000;16,59
2020-12-20T00:00:00+00:00;EOSBEAR/USD;0,86025000;0,90150000;0,64400000;0,76800000;-12,01
2020-12-19T00:00:00+00:00;EOSBEAR/USD;0,85375000;0,87300000;0,80700000;0,86025000;0,76
2020-12-18T00:00:00+00:00;EOSBEAR/USD;0,86850000;0,90800000;0,79175000;0,85375000;-1,73
2020-12-17T00:00:00+00:00;EOSBEAR/USD;0,81850000;0,90525000;0,70800000;0,86850000;5,76
2020-12-16T00:00:00+00:00;EOSBEAR/USD;1,08350000;1,13350000;0,81300000;0,81850000;-32,38
2020-12-15T00:00:00+00:00;EOSBEAR/USD;1,10150000;1,14700000;1,04200000;1,08350000;-1,66
2020-12-14T00:00:00+00:00;EOSBEAR/USD;1,09600000;1,15250000;1,08800000;1,10150000;0,5
2020-12-13T00:00:00+00:00;EOSBEAR/USD;1,20750000;1,21800000;1,03700000;1,09600000;-10,17
2020-12-12T00:00:00+00:00;EOSBEAR/USD;1,30900000;1,32600000;1,18000000;1,20750000;-8,41
2020-12-11T00:00:00+00:00;EOSBEAR/USD;1,24900000;1,37350000;1,24150000;1,30900000;4,58
2020-12-10T00:00:00+00:00;EOSBEAR/USD;1,15950000;1,29200000;1,15750000;1,24900000;7,17
2020-12-09T00:00:00+00:00;EOSBEAR/USD;1,17600000;1,34400000;1,12850000;1,15950000;-1,42
2020-12-08T00:00:00+00:00;EOSBEAR/USD;1,01625000;1,22500000;1,00725000;1,17600000;13,58
2020-12-07T00:00:00+00:00;EOSBEAR/USD;0,97050000;1,05625000;0,96175000;1,01625000;4,5
2020-12-06T00:00:00+00:00;EOSBEAR/USD;0,96050000;1,04950000;0,93225000;0,97050000;1,03
2020-12-05T00:00:00+00:00;EOSBEAR/USD;1,16050000;1,18650000;0,95675000;0,96050000;-20,82
2020-12-04T00:00:00+00:00;EOSBEAR/USD;0,93950000;1,20225000;0,87850000;1,16050000;19,04
2020-12-03T00:00:00+00:00;EOSBEAR/USD;0,95925000;0,99975000;0,88875000;0,93950000;-2,1
2020-12-02T00:00:00+00:00;EOSBEAR/USD;1,02900000;1,05375000;0,93200000;0,95925000;-7,27
2020-12-01T00:00:00+00:00;EOSBEAR/USD;0,83050000;1,10000000;0,77150000;1,02900000;19,29
2020-11-30T00:00:00+00:00;EOSBEAR/USD;1,06450000;1,09675000;0,81375000;0,83050000;-28,18
2020-11-29T00:00:00+00:00;EOSBEAR/USD;1,10250000;1,20050000;0,99550000;1,06450000;-3,57
2020-11-28T00:00:00+00:00;EOSBEAR/USD;1,29850000;1,35500000;1,03250000;1,10250000;-17,78
2020-11-27T00:00:00+00:00;EOSBEAR/USD;1,22150000;1,42100000;1,10050000;1,29850000;5,93
2020-11-26T00:00:00+00:00;EOSBEAR/USD;0,84300000;1,36900000;0,75925000;1,22150000;30,99
2020-11-25T00:00:00+00:00;EOSBEAR/USD;0,79975000;0,94000000;0,62550000;0,84300000;5,13
2020-11-24T00:00:00+00:00;EOSBEAR/USD;0,98250000;1,02350000;0,68350000;0,79975000;-22,85
2020-11-23T00:00:00+00:00;EOSBEAR/USD;1,35650000;1,44500000;0,97150000;0,98250000;-38,07
2020-11-22T00:00:00+00:00;EOSBEAR/USD;1,16650000;1,52800000;1,09550000;1,35650000;14,01
2020-11-21T00:00:00+00:00;EOSBEAR/USD;1,95800000;2,11900000;1,14500000;1,16650000;-67,85
2020-11-20T00:00:00+00:00;EOSBEAR/USD;2,36300000;2,38100000;1,85900000;1,95800000;-20,68
2020-11-19T00:00:00+00:00;EOSBEAR/USD;2,36500000;2,55500000;2,20100000;2,36300000;-0,08
2020-11-18T00:00:00+00:00;EOSBEAR/USD;2,17100000;2,76650000;2,13150000;2,36500000;8,2
2020-11-17T00:00:00+00:00;EOSBEAR/USD;2,58700000;2,60800000;2,08800000;2,17100000;-19,16
2020-11-16T00:00:00+00:00;EOSBEAR/USD;2,89600000;2,92700000;2,53100000;2,58700000;-11,94
2020-11-15T00:00:00+00:00;EOSBEAR/USD;2,76900000;2,98300000;2,73800000;2,89600000;4,39
2020-11-14T00:00:00+00:00;EOSBEAR/USD;2,57900000;2,87800000;2,55400000;2,76900000;6,86
2020-11-13T00:00:00+00:00;EOSBEAR/USD;3,12600000;3,15200000;2,48000000;2,57900000;-21,21
2020-11-12T00:00:00+00:00;EOSBEAR/USD;3,00400000;3,22600000;2,98900000;3,12600000;3,9
2020-11-11T00:00:00+00:00;EOSBEAR/USD;2,99400000;3,01400000;2,86100000;3,00400000;0,33
2020-11-10T00:00:00+00:00;EOSBEAR/USD;3,00500000;3,06700000;2,90000000;2,99400000;-0,37
2020-11-09T00:00:00+00:00;EOSBEAR/USD;2,86200000;3,13000000;2,79200000;3,00500000;4,76
2020-11-08T00:00:00+00:00;EOSBEAR/USD;3,00500000;3,04400000;2,76900000;2,86200000;-5,0
2020-11-07T00:00:00+00:00;EOSBEAR/USD;2,87600000;3,17800000;2,57100000;3,00500000;4,29
2020-11-06T00:00:00+00:00;EOSBEAR/USD;3,24000000;3,25500000;2,84600000;2,87600000;-12,66
2020-11-05T00:00:00+00:00;EOSBEAR/USD;3,68700000;3,68700000;3,06400000;3,24000000;-13,8
2020-11-04T00:00:00+00:00;EOSBEAR/USD;3,62000000;3,95200000;3,58300000;3,68700000;1,82
2020-11-03T00:00:00+00:00;EOSBEAR/USD;3,34200000;4,19100000;3,31300000;3,62000000;7,68
2020-11-02T00:00:00+00:00;EOSBEAR/USD;3,03900000;3,43200000;2,94900000;3,34200000;9,07
2020-11-01T00:00:00+00:00;EOSBEAR/USD;3,00400000;3,25400000;2,96400000;3,03900000;1,15
2020-10-31T00:00:00+00:00;EOSBEAR/USD;3,10000000;3,12700000;2,88800000;3,00400000;-3,2
2020-10-30T00:00:00+00:00;EOSBEAR/USD;2,68400000;3,41100000;2,66700000;3,10000000;13,42
2020-10-29T00:00:00+00:00;EOSBEAR/USD;2,63300000;2,79700000;2,57200000;2,68400000;1,9
2020-10-28T00:00:00+00:00;EOSBEAR/USD;2,58800000;2,72900000;2,35800000;2,63300000;1,71
2020-10-27T00:00:00+00:00;EOSBEAR/USD;2,70400000;2,71000000;2,50700000;2,58800000;-4,48
2020-10-26T00:00:00+00:00;EOSBEAR/USD;2,49300000;2,81100000;2,38300000;2,70400000;7,8
2020-10-25T00:00:00+00:00;EOSBEAR/USD;2,63700000;2,75500000;2,40900000;2,49300000;-5,78
2020-10-24T00:00:00+00:00;EOSBEAR/USD;2,68200000;2,75800000;2,60300000;2,63700000;-1,71
2020-10-23T00:00:00+00:00;EOSBEAR/USD;2,59800000;2,80000000;2,55800000;2,68200000;3,13
2020-10-22T00:00:00+00:00;EOSBEAR/USD;2,79000000;2,79300000;2,49100000;2,59800000;-7,39
2020-10-21T00:00:00+00:00;EOSBEAR/USD;3,11000000;3,11400000;2,62000000;2,78900000;-11,51
2020-10-20T00:00:00+00:00;EOSBEAR/USD;2,91600000;3,19000000;2,90600000;3,11000000;6,24
2020-10-19T00:00:00+00:00;EOSBEAR/USD;3,04400000;3,10600000;2,81600000;2,91600000;-4,39
2020-10-18T00:00:00+00:00;EOSBEAR/USD;3,13400000;3,14400000;3,00700000;3,04400000;-2,96
2020-10-17T00:00:00+00:00;EOSBEAR/USD;3,07200000;3,18400000;3,04100000;3,13400000;1,98
2020-10-16T00:00:00+00:00;EOSBEAR/USD;2,88100000;3,22600000;2,83800000;3,07200000;6,22
2020-10-15T00:00:00+00:00;EOSBEAR/USD;2,85000000;2,92000000;2,78000000;2,88100000;1,08
2020-10-14T00:00:00+00:00;EOSBEAR/USD;2,74500000;2,92200000;2,71000000;2,85000000;3,68
2020-10-13T00:00:00+00:00;EOSBEAR/USD;2,73600000;2,83100000;2,66800000;2,74500000;0,33
2020-10-12T00:00:00+00:00;EOSBEAR/USD;2,68600000;2,82900000;2,62000000;2,73600000;1,83
2020-10-11T00:00:00+00:00;EOSBEAR/USD;2,73300000;2,79700000;2,60200000;2,68600000;-1,75
2020-10-10T00:00:00+00:00;EOSBEAR/USD;2,72700000;2,74500000;2,49200000;2,73300000;0,22
2020-10-09T00:00:00+00:00;EOSBEAR/USD;2,84400000;2,92500000;2,68600000;2,72700000;-4,29
2020-10-08T00:00:00+00:00;EOSBEAR/USD;2,73500000;3,16500000;2,70500000;2,84400000;3,83
2020-10-07T00:00:00+00:00;EOSBEAR/USD;2,59700000;2,87200000;2,53200000;2,73500000;5,05
2020-10-06T00:00:00+00:00;EOSBEAR/USD;3,40800000;3,56400000;2,00750000;2,59700000;-31,23
2020-10-05T00:00:00+00:00;EOSBEAR/USD;3,43000000;3,54600000;3,35600000;3,40800000;-0,65
2020-10-04T00:00:00+00:00;EOSBEAR/USD;3,60700000;3,66500000;3,37800000;3,43000000;-5,16
2020-10-03T00:00:00+00:00;EOSBEAR/USD;3,62500000;3,67400000;3,51400000;3,60700000;-0,5
2020-10-02T00:00:00+00:00;EOSBEAR/USD;3,36700000;3,86300000;3,32000000;3,62500000;7,12
2020-10-01T00:00:00+00:00;EOSBEAR/USD;3,22100000;3,56800000;3,06600000;3,36700000;4,34
2020-09-30T00:00:00+00:00;EOSBEAR/USD;3,14000000;3,30400000;3,14000000;3,22300000;2,58
2020-09-29T00:00:00+00:00;EOSBEAR/USD;3,30200000;3,31700000;3,13800000;3,14000000;-5,16
2020-09-28T00:00:00+00:00;EOSBEAR/USD;3,18900000;3,32600000;3,03000000;3,30200000;3,42
2020-09-27T00:00:00+00:00;EOSBEAR/USD;3,27500000;3,41400000;3,14800000;3,18900000;-2,7
2020-09-26T00:00:00+00:00;EOSBEAR/USD;3,35700000;3,50000000;3,12300000;3,27500000;-2,5
2020-09-25T00:00:00+00:00;EOSBEAR/USD;3,39600000;3,68100000;3,29200000;3,35700000;-1,16
2020-09-24T00:00:00+00:00;EOSBEAR/USD;3,86600000;3,92600000;3,34200000;3,39600000;-13,84
2020-09-23T00:00:00+00:00;EOSBEAR/USD;3,35900000;4,07100000;3,32600000;3,86600000;13,11
2020-09-22T00:00:00+00:00;EOSBEAR/USD;3,66900000;3,71500000;3,30300000;3,35900000;-9,23
2020-09-21T00:00:00+00:00;EOSBEAR/USD;3,09000000;3,71700000;3,02100000;3,66900000;15,78
2020-09-20T00:00:00+00:00;EOSBEAR/USD;2,98100000;3,23000000;2,98100000;3,09000000;3,53
2020-09-19T00:00:00+00:00;EOSBEAR/USD;3,01900000;3,04400000;2,86100000;2,98100000;-1,27
2020-09-18T00:00:00+00:00;EOSBEAR/USD;2,86300000;3,13500000;2,83400000;3,01900000;5,17
2020-09-17T00:00:00+00:00;EOSBEAR/USD;2,94000000;2,97800000;2,74600000;2,86300000;-2,69
2020-09-16T00:00:00+00:00;EOSBEAR/USD;2,98200000;3,35400000;2,83000000;2,94000000;-1,43
2020-09-15T00:00:00+00:00;EOSBEAR/USD;2,89100000;2,98800000;2,72800000;2,98200000;3,05
2020-09-14T00:00:00+00:00;EOSBEAR/USD;2,91500000;3,02400000;2,78900000;2,89100000;-0,83
2020-09-13T00:00:00+00:00;EOSBEAR/USD;2,66500000;3,05100000;2,61900000;2,91500000;8,58
2020-09-12T00:00:00+00:00;EOSBEAR/USD;2,73000000;2,85200000;2,60600000;2,66500000;-2,44
2020-09-11T00:00:00+00:00;EOSBEAR/USD;2,75100000;2,91700000;2,62500000;2,73000000;-0,77
2020-09-10T00:00:00+00:00;EOSBEAR/USD;2,82400000;2,86000000;2,55600000;2,75100000;-2,65
2020-09-09T00:00:00+00:00;EOSBEAR/USD;2,79300000;2,97900000;2,64900000;2,82400000;1,1
2020-09-08T00:00:00+00:00;EOSBEAR/USD;2,55300000;3,02700000;2,53500000;2,79300000;8,59
2020-09-07T00:00:00+00:00;EOSBEAR/USD;2,42700000;3,02600000;2,33800000;2,55300000;4,94
2020-09-06T00:00:00+00:00;EOSBEAR/USD;2,35000000;2,64300000;2,13200000;2,42700000;3,17
2020-09-05T00:00:00+00:00;EOSBEAR/USD;2,21900000;2,72350000;1,87850000;2,35000000;5,57
2020-09-04T00:00:00+00:00;EOSBEAR/USD;3,74700000;3,84600000;1,79450000;2,21900000;-68,86
2020-09-03T00:00:00+00:00;EOSBEAR/USD;2,54800000;4,01200000;2,40100000;3,74700000;32,0
2020-09-02T00:00:00+00:00;EOSBEAR/USD;1,93400000;2,94950000;1,89250000;2,54800000;24,1
2020-09-01T00:00:00+00:00;EOSBEAR/USD;2,51900000;2,64800000;1,79550000;1,93200000;-30,38
2020-08-31T00:00:00+00:00;EOSBEAR/USD;2,40200000;2,54600000;2,33100000;2,51900000;4,64
2020-08-30T00:00:00+00:00;EOSBEAR/USD;2,74600000;2,74600000;2,38500000;2,40200000;-14,32
2020-08-29T00:00:00+00:00;EOSBEAR/USD;2,77900000;2,85000000;2,54800000;2,74600000;-1,2
2020-08-28T00:00:00+00:00;EOSBEAR/USD;3,29100000;3,40300000;2,63300000;2,77900000;-18,42
2020-08-27T00:00:00+00:00;EOSBEAR/USD;2,87700000;3,64200000;2,80500000;3,29100000;12,58
2020-08-26T00:00:00+00:00;EOSBEAR/USD;2,87500000;3,03800000;2,75300000;2,87700000;0,07
2020-08-25T00:00:00+00:00;EOSBEAR/USD;2,32650000;3,25100000;2,30800000;2,87500000;19,08
2020-08-24T00:00:00+00:00;EOSBEAR/USD;2,46700000;2,54100000;2,24600000;2,32650000;-6,04
2020-08-23T00:00:00+00:00;EOSBEAR/USD;2,37500000;2,66100000;2,33200000;2,46700000;3,73
2020-08-22T00:00:00+00:00;EOSBEAR/USD;2,65400000;2,85500000;2,34800000;2,37400000;-11,79
2020-08-21T00:00:00+00:00;EOSBEAR/USD;2,26600000;2,74000000;1,91650000;2,65400000;14,62
2020-08-20T00:00:00+00:00;EOSBEAR/USD;2,47200000;2,47200000;2,24000000;2,26600000;-9,09
2020-08-19T00:00:00+00:00;EOSBEAR/USD;2,07700000;2,72850000;1,98800000;2,47200000;15,98
2020-08-18T00:00:00+00:00;EOSBEAR/USD;1,78350000;2,14750000;1,72350000;2,07700000;14,13
2020-08-17T00:00:00+00:00;EOSBEAR/USD;1,64650000;1,90800000;1,60800000;1,78350000;7,68
2020-08-16T00:00:00+00:00;EOSBEAR/USD;1,86600000;2,20000000;1,56900000;1,64650000;-13,33
2020-08-15T00:00:00+00:00;EOSBEAR/USD;2,97600000;2,97800000;1,68800000;1,86600000;-59,49
2020-08-14T00:00:00+00:00;EOSBEAR/USD;3,36900000;3,50100000;2,88700000;2,97600000;-13,21
2020-08-13T00:00:00+00:00;EOSBEAR/USD;3,77900000;4,19300000;3,34300000;3,36900000;-12,17
2020-08-12T00:00:00+00:00;EOSBEAR/USD;3,88000000;4,27700000;3,70400000;3,77900000;-2,67
2020-08-11T00:00:00+00:00;EOSBEAR/USD;3,18000000;4,25700000;3,02200000;3,88000000;18,04
2020-08-10T00:00:00+00:00;EOSBEAR/USD;3,99600000;4,05400000;3,02600000;3,18000000;-25,66
2020-08-09T00:00:00+00:00;EOSBEAR/USD;3,86900000;4,34400000;3,78900000;3,99600000;3,18
2020-08-08T00:00:00+00:00;EOSBEAR/USD;4,10700000;4,22000000;3,77200000;3,86900000;-6,15
2020-08-07T00:00:00+00:00;EOSBEAR/USD;3,77700000;4,93000000;3,21200000;4,10700000;8,04
2020-08-06T00:00:00+00:00;EOSBEAR/USD;3,89700000;4,10100000;3,48000000;3,77700000;-3,18
2020-08-05T00:00:00+00:00;EOSBEAR/USD;3,95700000;4,07300000;3,71000000;3,89700000;-1,54
2020-08-04T00:00:00+00:00;EOSBEAR/USD;3,91600000;4,23100000;3,68900000;3,95700000;1,04
2020-08-03T00:00:00+00:00;EOSBEAR/USD;4,41000000;4,51400000;3,56500000;3,91600000;-12,61
2020-08-02T00:00:00+00:00;EOSBEAR/USD;3,28000000;4,62000000;2,73300000;4,41000000;25,62
2020-08-01T00:00:00+00:00;EOSBEAR/USD;4,13500000;4,20300000;3,22000000;3,28000000;-26,07
2020-07-31T00:00:00+00:00;EOSBEAR/USD;4,28800000;4,44900000;3,93700000;4,13500000;-3,7
2020-07-30T00:00:00+00:00;EOSBEAR/USD;4,37300000;4,68200000;4,06700000;4,28800000;-1,98
2020-07-29T00:00:00+00:00;EOSBEAR/USD;4,46400000;4,67000000;3,82400000;4,37300000;-2,08
2020-07-28T00:00:00+00:00;EOSBEAR/USD;5,35750000;5,74900000;4,15000000;4,46400000;-20,02
2020-07-27T00:00:00+00:00;EOSBEAR/USD;6,40250000;6,84250000;4,93100000;5,35750000;-19,51
2020-07-26T00:00:00+00:00;EOSBEAR/USD;6,26750000;6,56750000;5,74250000;6,40250000;2,11
2020-07-25T00:00:00+00:00;EOSBEAR/USD;7,38250000;7,39500000;6,12500000;6,26750000;-17,79
2020-07-24T00:00:00+00:00;EOSBEAR/USD;6,92250000;7,56750000;6,91250000;7,38250000;6,23
2020-07-23T00:00:00+00:00;EOSBEAR/USD;6,88250000;7,12250000;6,66000000;6,92250000;0,58
2020-07-22T00:00:00+00:00;EOSBEAR/USD;7,19000000;7,54500000;6,81750000;6,88250000;-4,47
2020-07-21T00:00:00+00:00;EOSBEAR/USD;7,75250000;7,79000000;7,11750000;7,19000000;-7,82
2020-07-20T00:00:00+00:00;EOSBEAR/USD;7,58250000;7,96250000;7,34250000;7,75250000;2,19
2020-07-19T00:00:00+00:00;EOSBEAR/USD;8,36500000;8,71500000;7,33250000;7,58250000;-10,32
2020-07-18T00:00:00+00:00;EOSBEAR/USD;8,44750000;8,59750000;8,22000000;8,36500000;-0,99
2020-07-17T00:00:00+00:00;EOSBEAR/USD;8,43000000;8,67250000;8,21250000;8,44750000;0,21
2020-07-16T00:00:00+00:00;EOSBEAR/USD;8,08250000;9,03500000;7,87000000;8,43000000;4,12
2020-07-15T00:00:00+00:00;EOSBEAR/USD;7,82500000;8,32000000;7,77000000;8,08250000;3,19
2020-07-14T00:00:00+00:00;EOSBEAR/USD;7,91250000;8,31750000;7,69000000;7,82500000;-1,12
2020-07-13T00:00:00+00:00;EOSBEAR/USD;7,33000000;8,80250000;7,11750000;7,91250000;7,36
2020-07-12T00:00:00+00:00;EOSBEAR/USD;7,31750000;7,72250000;7,00750000;7,33000000;0,17
2020-07-11T00:00:00+00:00;EOSBEAR/USD;7,30500000;7,55500000;7,16500000;7,31750000;0,17
2020-07-10T00:00:00+00:00;EOSBEAR/USD;7,07750000;7,67250000;7,07500000;7,30500000;3,11
2020-07-09T00:00:00+00:00;EOSBEAR/USD;6,84500000;7,59750000;6,47750000;7,07750000;3,29
2020-07-08T00:00:00+00:00;EOSBEAR/USD;7,96750000;8,10750000;6,64500000;6,84500000;-16,4
2020-07-07T00:00:00+00:00;EOSBEAR/USD;7,49250000;8,26500000;7,33250000;7,96750000;5,96
2020-07-06T00:00:00+00:00;EOSBEAR/USD;9,84500000;9,92250000;7,22250000;7,49250000;-31,4
2020-07-05T00:00:00+00:00;EOSBEAR/USD;9,28500000;10,75000000;9,13750000;9,84500000;5,69
2020-07-04T00:00:00+00:00;EOSBEAR/USD;9,81500000;9,89750000;8,88500000;9,28500000;-5,71
2020-07-03T00:00:00+00:00;EOSBEAR/USD;10,63500000;10,72500000;9,38000000;9,81250000;-8,38
2020-07-02T00:00:00+00:00;EOSBEAR/USD;10,40500000;11,35000000;10,25750000;10,63500000;2,16
2020-07-01T00:00:00+00:00;EOSBEAR/USD;10,57000000;10,72000000;10,06500000;10,40500000;-1,59
2020-06-30T00:00:00+00:00;EOSBEAR/USD;10,38500000;10,90000000;10,32500000;10,57000000;1,75
2020-06-29T00:00:00+00:00;EOSBEAR/USD;10,61000000;11,16000000;9,99500000;10,38500000;-2,17
2020-06-28T00:00:00+00:00;EOSBEAR/USD;11,17000000;11,50000000;10,12000000;10,61000000;-5,28
2020-06-27T00:00:00+00:00;EOSBEAR/USD;9,40500000;12,78000000;9,39000000;11,17000000;15,8
2020-06-26T00:00:00+00:00;EOSBEAR/USD;9,44500000;10,43750000;9,11250000;9,40500000;-0,43
2020-06-25T00:00:00+00:00;EOSBEAR/USD;9,21250000;9,91750000;8,89750000;9,44500000;2,46
2020-06-24T00:00:00+00:00;EOSBEAR/USD;8,47750000;9,60750000;8,22250000;9,21250000;7,98
2020-06-23T00:00:00+00:00;EOSBEAR/USD;8,33250000;8,58250000;8,22000000;8,47750000;1,71
2020-06-22T00:00:00+00:00;EOSBEAR/USD;9,10500000;9,15750000;8,15500000;8,33250000;-9,27
2020-06-21T00:00:00+00:00;EOSBEAR/USD;8,88750000;9,15500000;8,71500000;9,10500000;2,39
2020-06-20T00:00:00+00:00;EOSBEAR/USD;8,97250000;9,90750000;8,68500000;8,88750000;-0,96
2020-06-19T00:00:00+00:00;EOSBEAR/USD;8,86750000;9,21250000;8,72250000;8,97250000;1,17
2020-06-18T00:00:00+00:00;EOSBEAR/USD;8,51000000;9,23250000;8,46750000;8,86750000;4,03
2020-06-17T00:00:00+00:00;EOSBEAR/USD;8,68000000;9,01250000;8,15250000;8,51000000;-2,0
2020-06-16T00:00:00+00:00;EOSBEAR/USD;8,87500000;8,97500000;8,53500000;8,68000000;-2,25
2020-06-15T00:00:00+00:00;EOSBEAR/USD;8,51250000;9,92750000;8,51000000;8,87500000;4,08
2020-06-14T00:00:00+00:00;EOSBEAR/USD;8,14500000;8,88000000;8,13250000;8,51250000;4,32
2020-06-13T00:00:00+00:00;EOSBEAR/USD;8,20750000;8,60000000;8,03250000;8,14500000;-0,77
2020-06-12T00:00:00+00:00;EOSBEAR/USD;9,19250000;9,42500000;7,93500000;8,20750000;-12,0
2020-06-11T00:00:00+00:00;EOSBEAR/USD;7,28000000;9,92000000;7,14750000;9,19250000;20,81
2020-06-10T00:00:00+00:00;EOSBEAR/USD;7,27000000;7,63750000;7,06000000;7,28000000;0,14
2020-06-09T00:00:00+00:00;EOSBEAR/USD;7,01750000;7,72000000;6,92500000;7,27000000;3,47
2020-06-08T00:00:00+00:00;EOSBEAR/USD;6,87500000;7,25500000;6,79500000;7,01750000;2,03
2020-06-07T00:00:00+00:00;EOSBEAR/USD;6,93250000;7,41250000;6,73250000;6,87500000;-0,84
2020-06-06T00:00:00+00:00;EOSBEAR/USD;6,80250000;7,08500000;6,58500000;6,93250000;1,88
2020-06-05T00:00:00+00:00;EOSBEAR/USD;7,55500000;7,67750000;6,37750000;6,80250000;-11,06
2020-06-04T00:00:00+00:00;EOSBEAR/USD;7,76250000;8,05250000;7,35000000;7,55500000;-2,75
2020-06-03T00:00:00+00:00;EOSBEAR/USD;7,99250000;8,31250000;7,68500000;7,76250000;-2,96
2020-06-02T00:00:00+00:00;EOSBEAR/USD;6,83000000;8,79500000;6,36000000;7,99250000;14,54
2020-06-01T00:00:00+00:00;EOSBEAR/USD;8,34750000;8,41250000;6,77500000;6,83000000;-22,22
2020-05-31T00:00:00+00:00;EOSBEAR/USD;7,50500000;8,54250000;7,50500000;8,34750000;10,09
2020-05-30T00:00:00+00:00;EOSBEAR/USD;9,15000000;9,28750000;7,45750000;7,50500000;-21,92
2020-05-29T00:00:00+00:00;EOSBEAR/USD;9,15500000;9,34750000;8,55500000;9,15000000;-0,05
2020-05-28T00:00:00+00:00;EOSBEAR/USD;9,61250000;10,19250000;9,06750000;9,15500000;-5,0
2020-05-27T00:00:00+00:00;EOSBEAR/USD;10,46750000;10,48500000;9,56000000;9,61250000;-8,89
2020-05-26T00:00:00+00:00;EOSBEAR/USD;10,17250000;11,00000000;10,07750000;10,46750000;2,82
2020-05-25T00:00:00+00:00;EOSBEAR/USD;10,72750000;11,15000000;9,94500000;10,17250000;-5,46
2020-05-24T00:00:00+00:00;EOSBEAR/USD;9,86000000;10,75250000;9,35500000;10,72750000;8,09
2020-05-23T00:00:00+00:00;EOSBEAR/USD;9,58250000;10,09250000;9,27250000;9,86000000;2,81
2020-05-22T00:00:00+00:00;EOSBEAR/USD;11,64000000;11,93000000;9,12750000;9,58250000;-21,47
2020-05-21T00:00:00+00:00;EOSBEAR/USD;10,04750000;12,29750000;9,87000000;11,64000000;13,68
2020-05-20T00:00:00+00:00;EOSBEAR/USD;9,46250000;10,87000000;9,19750000;10,04750000;5,82
2020-05-19T00:00:00+00:00;EOSBEAR/USD;9,29250000;10,30500000;9,29250000;9,46250000;1,8
2020-05-18T00:00:00+00:00;EOSBEAR/USD;9,86250000;9,95750000;8,43000000;9,29250000;-6,13
2020-05-17T00:00:00+00:00;EOSBEAR/USD;9,62750000;10,10000000;9,24000000;9,86250000;2,38
2020-05-16T00:00:00+00:00;EOSBEAR/USD;10,26500000;10,42250000;9,03250000;9,62750000;-6,62
2020-05-15T00:00:00+00:00;EOSBEAR/USD;9,83250000;10,83000000;9,39500000;10,26500000;4,21
2020-05-14T00:00:00+00:00;EOSBEAR/USD;11,13000000;11,83500000;9,50000000;9,83250000;-13,2
2020-05-13T00:00:00+00:00;EOSBEAR/USD;12,52000000;12,72500000;10,66000000;11,13000000;-12,49
2020-05-12T00:00:00+00:00;EOSBEAR/USD;13,12000000;13,19000000;12,09500000;12,52000000;-4,79
2020-05-11T00:00:00+00:00;EOSBEAR/USD;12,51000000;15,05500000;11,77500000;13,12000000;4,65
2020-05-10T00:00:00+00:00;EOSBEAR/USD;9,33000000;14,61500000;9,30000000;12,51000000;25,42
2020-05-09T00:00:00+00:00;EOSBEAR/USD;9,29000000;9,45500000;8,47250000;9,32750000;0,4
2020-05-08T00:00:00+00:00;EOSBEAR/USD;9,18500000;9,75500000;8,56750000;9,29000000;1,13
2020-05-07T00:00:00+00:00;EOSBEAR/USD;10,79000000;11,53000000;8,83250000;9,18500000;-17,47
2020-05-06T00:00:00+00:00;EOSBEAR/USD;9,55250000;11,12250000;9,06750000;10,79000000;11,47
2020-05-05T00:00:00+00:00;EOSBEAR/USD;9,55750000;10,13750000;8,98500000;9,55250000;-0,05
2020-05-04T00:00:00+00:00;EOSBEAR/USD;8,92250000;10,85000000;8,87250000;9,55750000;6,64
2020-05-03T00:00:00+00:00;EOSBEAR/USD;8,04250000;9,50750000;7,48750000;8,92250000;9,86
2020-05-02T00:00:00+00:00;EOSBEAR/USD;8,62000000;8,81750000;7,97500000;8,04250000;-7,18
2020-05-01T00:00:00+00:00;EOSBEAR/USD;9,12750000;9,14750000;8,12500000;8,62000000;-5,89
2020-04-30T00:00:00+00:00;EOSBEAR/USD;7,71000000;9,69500000;6,86250000;9,12750000;15,53
2020-04-29T00:00:00+00:00;EOSBEAR/USD;10,25500000;10,31500000;7,01000000;7,71000000;-33,01
2020-04-28T00:00:00+00:00;EOSBEAR/USD;10,50000000;11,04000000;10,14500000;10,25500000;-2,39
2020-04-27T00:00:00+00:00;EOSBEAR/USD;10,62000000;11,22750000;9,72500000;10,50000000;-1,14
2020-04-26T00:00:00+00:00;EOSBEAR/USD;11,01500000;11,39000000;10,04500000;10,62000000;-3,72
2020-04-25T00:00:00+00:00;EOSBEAR/USD;10,99500000;11,48500000;9,79000000;11,01500000;0,18
2020-04-24T00:00:00+00:00;EOSBEAR/USD;11,32500000;11,53500000;10,60000000;10,99500000;-3,0
2020-04-23T00:00:00+00:00;EOSBEAR/USD;12,08500000;12,67500000;10,28000000;11,32500000;-6,71
2020-04-22T00:00:00+00:00;EOSBEAR/USD;13,73000000;13,99500000;11,63000000;12,08500000;-13,61
2020-04-21T00:00:00+00:00;EOSBEAR/USD;14,08500000;14,49500000;13,01500000;13,73000000;-2,59
2020-04-20T00:00:00+00:00;EOSBEAR/USD;12,75500000;15,12500000;11,29000000;14,08500000;9,44
2020-04-19T00:00:00+00:00;EOSBEAR/USD;11,19000000;13,50000000;11,09500000;12,75500000;12,27
2020-04-18T00:00:00+00:00;EOSBEAR/USD;12,82000000;12,85000000;10,67500000;11,19000000;-14,57
2020-04-17T00:00:00+00:00;EOSBEAR/USD;12,26000000;13,34000000;12,05500000;12,82000000;4,37
2020-04-16T00:00:00+00:00;EOSBEAR/USD;18,13500000;19,67000000;11,48500000;12,26000000;-47,92
2020-04-15T00:00:00+00:00;EOSBEAR/USD;16,78500000;18,34500000;16,05500000;18,13500000;7,44
2020-04-14T00:00:00+00:00;EOSBEAR/USD;17,33000000;17,84000000;16,01500000;16,78500000;-3,25
2020-04-13T00:00:00+00:00;EOSBEAR/USD;16,21500000;19,33500000;16,13500000;17,32500000;6,41
2020-04-12T00:00:00+00:00;EOSBEAR/USD;16,10000000;17,03000000;14,50500000;16,21500000;0,71
2020-04-11T00:00:00+00:00;EOSBEAR/USD;16,39000000;17,72000000;15,35000000;16,10000000;-1,8
2020-04-10T00:00:00+00:00;EOSBEAR/USD;13,07000000;17,53500000;12,78000000;16,39500000;20,28
2020-04-09T00:00:00+00:00;EOSBEAR/USD;12,75000000;13,70000000;12,59000000;13,07000000;2,45
2020-04-08T00:00:00+00:00;EOSBEAR/USD;14,82000000;15,54000000;12,04000000;12,75000000;-16,24
2020-04-07T00:00:00+00:00;EOSBEAR/USD;13,05000000;15,96000000;12,11000000;14,82000000;11,94
2020-04-06T00:00:00+00:00;EOSBEAR/USD;22,90500000;22,95000000;12,88000000;13,05000000;-75,52
2020-04-05T00:00:00+00:00;EOSBEAR/USD;22,70000000;23,89500000;21,72500000;22,90500000;0,9
2020-04-04T00:00:00+00:00;EOSBEAR/USD;23,54500000;24,94000000;21,21000000;22,70000000;-3,72
2020-04-03T00:00:00+00:00;EOSBEAR/USD;25,07000000;25,70000000;21,85000000;23,54500000;-6,48
2020-04-02T00:00:00+00:00;EOSBEAR/USD;28,16000000;28,16000000;19,59000000;25,07000000;-12,33
2020-04-01T00:00:00+00:00;EOSBEAR/USD;30,19000000;34,00000000;26,71000000;28,17000000;-7,17
2020-03-31T00:00:00+00:00;EOSBEAR/USD;29,45000000;31,24000000;28,53000000;30,19000000;2,45
2020-03-30T00:00:00+00:00;EOSBEAR/USD;35,97000000;36,23000000;27,57000000;29,49000000;-21,97
2020-03-29T00:00:00+00:00;EOSBEAR/USD;32,45000000;36,79000000;31,66000000;36,02000000;9,91
2020-03-28T00:00:00+00:00;EOSBEAR/USD;33,41000000;37,84000000;30,61000000;32,45000000;-2,96
2020-03-27T00:00:00+00:00;EOSBEAR/USD;28,65000000;35,12000000;26,85000000;33,37000000;14,14
2020-03-26T00:00:00+00:00;EOSBEAR/USD;29,65000000;30,96000000;28,05000000;28,65000000;-3,49
2020-03-25T00:00:00+00:00;EOSBEAR/USD;28,00000000;32,17000000;27,00000000;29,65000000;5,56
2020-03-24T00:00:00+00:00;EOSBEAR/USD;30,43000000;30,80000000;26,75000000;28,00000000;-8,68
2020-03-23T00:00:00+00:00;EOSBEAR/USD;40,03000000;43,40000000;28,35000000;30,40000000;-31,68
2020-03-22T00:00:00+00:00;EOSBEAR/USD;33,90000000;41,05000000;28,52000000;40,03000000;15,31
2020-03-21T00:00:00+00:00;EOSBEAR/USD;39,22000000;43,85000000;30,57000000;33,91000000;-15,66
2020-03-20T00:00:00+00:00;EOSBEAR/USD;38,39000000;50,25000000;27,39000000;39,22000000;2,12
2020-03-19T00:00:00+00:00;EOSBEAR/USD;62,50000000;64,55000000;32,70000000;38,37000000;-62,89
2020-03-18T00:00:00+00:00;EOSBEAR/USD;65,50000000;75,60000000;61,72500000;62,37500000;-5,01
2020-03-17T00:00:00+00:00;EOSBEAR/USD;77,80000000;80,75000000;59,90000000;65,40000000;-18,96
2020-03-16T00:00:00+00:00;EOSBEAR/USD;63,40000000;95,90000000;62,67500000;77,72500000;18,43
2020-03-15T00:00:00+00:00;EOSBEAR/USD;74,50000000;76,52500000;54,12500000;63,40000000;-17,51
2020-03-14T00:00:00+00:00;EOSBEAR/USD;61,20000000;76,82500000;58,95000000;74,52500000;17,88
2020-03-13T00:00:00+00:00;EOSBEAR/USD;107,90000000;184,70000000;52,92500000;61,00000000;-76,89
2020-03-12T00:00:00+00:00;EOSBEAR/USD;47,50000000;112,07500000;46,81000000;108,02500000;56,03
2020-03-11T00:00:00+00:00;EOSBEAR/USD;46,68000000;57,41000000;44,85000000;47,50000000;1,73
2020-03-10T00:00:00+00:00;EOSBEAR/USD;46,88000000;50,38000000;42,95000000;46,68000000;-0,43
2020-03-09T00:00:00+00:00;EOSBEAR/USD;47,62000000;56,80000000;42,05000000;46,88000000;-1,58
2020-03-08T00:00:00+00:00;EOSBEAR/USD;31,65000000;49,18000000;31,65000000;47,62000000;33,54
2020-03-07T00:00:00+00:00;EOSBEAR/USD;27,41000000;32,13000000;27,16000000;31,65000000;13,4
2020-03-06T00:00:00+00:00;EOSBEAR/USD;29,25000000;30,24000000;27,05000000;27,41000000;-6,71
2020-03-05T00:00:00+00:00;EOSBEAR/USD;33,93000000;33,93000000;27,17000000;29,21000000;-16,16
2020-03-04T00:00:00+00:00;EOSBEAR/USD;33,01000000;35,75000000;31,73000000;33,93000000;2,71
2020-03-03T00:00:00+00:00;EOSBEAR/USD;30,63000000;34,59000000;30,57000000;33,01000000;7,21
2020-03-02T00:00:00+00:00;EOSBEAR/USD;37,17000000;37,93000000;29,51000000;30,65000000;-21,27
2020-03-01T00:00:00+00:00;EOSBEAR/USD;36,75000000;40,00000000;32,61000000;37,17000000;1,13
2020-02-29T00:00:00+00:00;EOSBEAR/USD;36,24000000;36,90000000;31,86000000;36,71000000;1,28
2020-02-28T00:00:00+00:00;EOSBEAR/USD;33,32000000;40,96000000;31,52000000;36,21000000;7,98
2020-02-27T00:00:00+00:00;EOSBEAR/USD;36,09000000;40,23000000;29,71000000;33,32000000;-8,31
2020-02-26T00:00:00+00:00;EOSBEAR/USD;25,83000000;40,15000000;25,18000000;36,12000000;28,49
2020-02-25T00:00:00+00:00;EOSBEAR/USD;24,73000000;29,13000000;22,77000000;25,81000000;4,18
2020-02-24T00:00:00+00:00;EOSBEAR/USD;20,80000000;27,76000000;20,41000000;24,73000000;15,89
2020-02-23T00:00:00+00:00;EOSBEAR/USD;26,39000000;26,61000000;20,40500000;20,80000000;-26,88
2020-02-22T00:00:00+00:00;EOSBEAR/USD;27,09000000;28,83000000;25,07000000;26,39000000;-2,65
2020-02-21T00:00:00+00:00;EOSBEAR/USD;28,19000000;29,21000000;24,34000000;27,09000000;-4,06
2020-02-20T00:00:00+00:00;EOSBEAR/USD;29,10000000;32,79000000;27,04000000;28,19000000;-3,23
2020-02-19T00:00:00+00:00;EOSBEAR/USD;20,64000000;32,30500000;20,30000000;29,08000000;29,02
2020-02-18T00:00:00+00:00;EOSBEAR/USD;24,31000000;25,99000000;19,58000000;20,64000000;-17,78
2020-02-17T00:00:00+00:00;EOSBEAR/USD;23,77000000;29,34000000;23,40000000;24,33000000;2,3
2020-02-16T00:00:00+00:00;EOSBEAR/USD;19,42000000;28,06500000;17,84000000;23,77000000;18,3
2020-02-15T00:00:00+00:00;EOSBEAR/USD;14,13500000;21,14500000;14,01500000;19,42000000;27,21
2020-02-14T00:00:00+00:00;EOSBEAR/USD;14,25500000;15,27000000;13,61000000;14,13500000;-0,85
2020-02-13T00:00:00+00:00;EOSBEAR/USD;14,25000000;15,59000000;12,96000000;14,25500000;0,04
2020-02-12T00:00:00+00:00;EOSBEAR/USD;14,82500000;14,87500000;13,18000000;14,25500000;-4,0
2020-02-11T00:00:00+00:00;EOSBEAR/USD;18,87000000;19,98000000;14,34500000;14,82500000;-27,28
2020-02-10T00:00:00+00:00;EOSBEAR/USD;17,68000000;20,28000000;17,33500000;18,87000000;6,31
2020-02-09T00:00:00+00:00;EOSBEAR/USD;20,68500000;20,68500000;17,13000000;17,68000000;-17,0
2020-02-08T00:00:00+00:00;EOSBEAR/USD;23,32500000;25,74000000;19,48000000;20,68500000;-12,76
2020-02-07T00:00:00+00:00;EOSBEAR/USD;23,15500000;24,44000000;21,70500000;23,31000000;0,66
2020-02-06T00:00:00+00:00;EOSBEAR/USD;23,88000000;25,49000000;22,02000000;23,15500000;-3,13
2020-02-05T00:00:00+00:00;EOSBEAR/USD;30,70000000;31,74000000;23,12000000;23,88000000;-28,56
2020-02-04T00:00:00+00:00;EOSBEAR/USD;30,81000000;33,82000000;29,78000000;30,70000000;-0,36
2020-02-03T00:00:00+00:00;EOSBEAR/USD;30,53000000;32,14000000;26,92000000;30,82000000;0,94
2020-02-02T00:00:00+00:00;EOSBEAR/USD;31,78000000;34,07000000;27,64000000;30,53000000;-4,09
2020-02-01T00:00:00+00:00;EOSBEAR/USD;32,07000000;33,54000000;29,02000000;31,78000000;-0,91
2020-01-31T00:00:00+00:00;EOSBEAR/USD;28,18000000;34,30000000;27,42000000;32,02000000;11,99
2020-01-30T00:00:00+00:00;EOSBEAR/USD;37,98000000;40,07000000;26,70000000;28,16000000;-34,87
2020-01-29T00:00:00+00:00;EOSBEAR/USD;35,84000000;38,19000000;33,97000000;37,98000000;5,63
2020-01-28T00:00:00+00:00;EOSBEAR/USD;38,08000000;40,24000000;33,53000000;35,84000000;-6,25
2020-01-27T00:00:00+00:00;EOSBEAR/USD;50,71000000;50,91000000;35,39000000;38,08000000;-33,17
2020-01-26T00:00:00+00:00;EOSBEAR/USD;60,00000000;62,40000000;50,07000000;50,71000000;-18,32
2020-01-25T00:00:00+00:00;EOSBEAR/USD;53,77500000;60,25000000;53,77500000;59,92500000;10,26
2020-01-24T00:00:00+00:00;EOSBEAR/USD;57,05000000;66,80000000;50,38000000;53,77500000;-6,09
2020-01-23T00:00:00+00:00;EOSBEAR/USD;53,27500000;60,25000000;53,17500000;57,05000000;6,62
2020-01-22T00:00:00+00:00;EOSBEAR/USD;53,12500000;56,05000000;49,70000000;53,27500000;0,28
2020-01-21T00:00:00+00:00;EOSBEAR/USD;54,62500000;57,52500000;51,52500000;53,20000000;-2,68
2020-01-20T00:00:00+00:00;EOSBEAR/USD;54,62500000;59,87500000;50,75000000;54,62500000;0,0
2020-01-19T00:00:00+00:00;EOSBEAR/USD;47,36000000;60,74000000;42,30000000;54,62500000;13,3
2020-01-18T00:00:00+00:00;EOSBEAR/USD;43,86000000;50,51000000;40,29000000;47,36000000;7,39
2020-01-17T00:00:00+00:00;EOSBEAR/USD;46,19000000;50,06000000;37,99000000;43,55000000;-6,06
2020-01-16T00:00:00+00:00;EOSBEAR/USD;48,18000000;56,39000000;42,95000000;46,19000000;-4,31
2020-01-15T00:00:00+00:00;EOSBEAR/USD;46,27000000;55,35000000;41,32000000;48,18000000;3,96
2020-01-14T00:00:00+00:00;EOSBEAR/USD;100,07500000;100,22500000;39,31000000;46,05000000;-117,32
2020-01-13T00:00:00+00:00;EOSBEAR/USD;91,60000000;104,02500000;91,42500000;100,07500000;8,47
2020-01-12T00:00:00+00:00;EOSBEAR/USD;116,65000000;122,65000000;90,77500000;91,17500000;-27,94
2020-01-11T00:00:00+00:00;EOSBEAR/USD;117,25000000;123,00000000;100,60000000;116,55000000;-0,6
2020-01-10T00:00:00+00:00;EOSBEAR/USD;155,60000000;171,60000000;115,45000000;117,35000000;-32,59
2020-01-09T00:00:00+00:00;EOSBEAR/USD;151,10000000;163,65000000;146,90000000;155,60000000;2,89
2020-01-08T00:00:00+00:00;EOSBEAR/USD;139,75000000;159,35000000;123,85000000;151,10000000;7,51
2020-01-07T00:00:00+00:00;EOSBEAR/USD;139,40000000;153,10000000;135,15000000;139,75000000;0,25

