DATE/TIME;SYMBOL;OPEN;HIGH;LOW;CLOSE;EVOL % CLOSE/HIGH
2022-01-05T00:00:00+00:00;USDTBEAR/USD;3390,00000000;3390,00000000;3390,00000000;3390,00000000;0,0
2022-01-04T00:00:00+00:00;USDTBEAR/USD;3390,00000000;3390,00000000;3390,00000000;3390,00000000;0,0
2022-01-03T00:00:00+00:00;USDTBEAR/USD;3390,00000000;3390,00000000;3390,00000000;3390,00000000;0,0
2022-01-02T00:00:00+00:00;USDTBEAR/USD;3390,00000000;3390,00000000;3390,00000000;3390,00000000;0,0
2022-01-01T00:00:00+00:00;USDTBEAR/USD;3390,00000000;3391,00000000;3390,00000000;3390,00000000;0,0
2021-12-31T00:00:00+00:00;USDTBEAR/USD;3390,00000000;3390,00000000;3390,00000000;3390,00000000;0,0
2021-12-30T00:00:00+00:00;USDTBEAR/USD;3390,00000000;3391,00000000;3390,00000000;3390,00000000;0,0
2021-12-29T00:00:00+00:00;USDTBEAR/USD;3392,00000000;3394,00000000;3390,00000000;3390,00000000;-0,06
2021-12-28T00:00:00+00:00;USDTBEAR/USD;3392,00000000;3393,00000000;3390,00000000;3392,00000000;0,0
2021-12-27T00:00:00+00:00;USDTBEAR/USD;3422,00000000;3422,00000000;3390,00000000;3392,00000000;-0,88
2021-12-26T00:00:00+00:00;USDTBEAR/USD;3421,00000000;3429,00000000;3417,00000000;3422,00000000;0,03
2021-12-25T00:00:00+00:00;USDTBEAR/USD;3424,00000000;3429,00000000;3419,00000000;3421,00000000;-0,09
2021-12-24T00:00:00+00:00;USDTBEAR/USD;3424,00000000;3429,00000000;3421,00000000;3424,00000000;0,0
2021-12-23T00:00:00+00:00;USDTBEAR/USD;3428,00000000;3436,00000000;3423,00000000;3424,00000000;-0,12
2021-12-22T00:00:00+00:00;USDTBEAR/USD;3428,00000000;3436,00000000;3425,00000000;3428,00000000;0,0
2021-12-21T00:00:00+00:00;USDTBEAR/USD;3431,00000000;3436,00000000;3427,00000000;3428,00000000;-0,09
2021-12-20T00:00:00+00:00;USDTBEAR/USD;3431,00000000;3436,00000000;3428,00000000;3431,00000000;0,0
2021-12-19T00:00:00+00:00;USDTBEAR/USD;3432,00000000;3436,00000000;3431,00000000;3431,00000000;-0,03
2021-12-18T00:00:00+00:00;USDTBEAR/USD;3434,00000000;3436,00000000;3432,00000000;3432,00000000;-0,06
2021-12-17T00:00:00+00:00;USDTBEAR/USD;3436,00000000;3436,00000000;3431,00000000;3434,00000000;-0,06
2021-12-16T00:00:00+00:00;USDTBEAR/USD;3436,00000000;3436,00000000;3432,00000000;3436,00000000;0,0
2021-12-15T00:00:00+00:00;USDTBEAR/USD;3399,00000000;3436,00000000;3399,00000000;3436,00000000;1,08
2021-12-14T00:00:00+00:00;USDTBEAR/USD;3399,00000000;3405,00000000;3399,00000000;3399,00000000;0,0
2021-12-13T00:00:00+00:00;USDTBEAR/USD;3439,00000000;3447,00000000;3399,00000000;3399,00000000;-1,18
2021-12-12T00:00:00+00:00;USDTBEAR/USD;3444,00000000;3447,00000000;3437,00000000;3439,00000000;-0,15
2021-12-11T00:00:00+00:00;USDTBEAR/USD;3447,00000000;3447,00000000;3444,00000000;3444,00000000;-0,09
2021-12-10T00:00:00+00:00;USDTBEAR/USD;3446,00000000;3447,00000000;3444,00000000;3447,00000000;0,03
2021-12-09T00:00:00+00:00;USDTBEAR/USD;3442,00000000;3447,00000000;3440,00000000;3446,00000000;0,12
2021-12-08T00:00:00+00:00;USDTBEAR/USD;3447,00000000;3447,00000000;3440,00000000;3442,00000000;-0,15
2021-12-07T00:00:00+00:00;USDTBEAR/USD;3452,00000000;3477,00000000;3444,00000000;3447,00000000;-0,15
2021-12-06T00:00:00+00:00;USDTBEAR/USD;3454,00000000;3477,00000000;3448,00000000;3452,00000000;-0,06
2021-12-05T00:00:00+00:00;USDTBEAR/USD;3477,00000000;3477,00000000;3451,00000000;3454,00000000;-0,67
2021-12-04T00:00:00+00:00;USDTBEAR/USD;3477,00000000;3477,00000000;3477,00000000;3477,00000000;0,0
2021-12-03T00:00:00+00:00;USDTBEAR/USD;3465,00000000;3477,00000000;3458,00000000;3477,00000000;0,35
2021-12-02T00:00:00+00:00;USDTBEAR/USD;3473,00000000;3477,00000000;3463,00000000;3465,00000000;-0,23
2021-12-01T00:00:00+00:00;USDTBEAR/USD;3475,00000000;3477,00000000;3473,00000000;3473,00000000;-0,06
2021-11-30T00:00:00+00:00;USDTBEAR/USD;3440,00000000;3477,00000000;3440,00000000;3475,00000000;1,01
2021-11-29T00:00:00+00:00;USDTBEAR/USD;3440,00000000;3440,00000000;3440,00000000;3440,00000000;0,0
2021-11-28T00:00:00+00:00;USDTBEAR/USD;3440,00000000;3440,00000000;3440,00000000;3440,00000000;0,0
2021-11-27T00:00:00+00:00;USDTBEAR/USD;3440,00000000;3440,00000000;3440,00000000;3440,00000000;0,0
2021-11-26T00:00:00+00:00;USDTBEAR/USD;3515,00000000;3525,00000000;3440,00000000;3440,00000000;-2,18
2021-11-25T00:00:00+00:00;USDTBEAR/USD;3527,00000000;3527,00000000;3511,00000000;3515,00000000;-0,34
2021-11-24T00:00:00+00:00;USDTBEAR/USD;3438,00000000;3527,00000000;3438,00000000;3527,00000000;2,52
2021-11-23T00:00:00+00:00;USDTBEAR/USD;3438,00000000;3440,00000000;3438,00000000;3438,00000000;0,0
2021-11-22T00:00:00+00:00;USDTBEAR/USD;3439,00000000;3439,00000000;3424,00000000;3438,00000000;-0,03
2021-11-21T00:00:00+00:00;USDTBEAR/USD;3443,00000000;3444,00000000;3424,00000000;3439,00000000;-0,12
2021-11-20T00:00:00+00:00;USDTBEAR/USD;3443,00000000;3446,00000000;3408,00000000;3443,00000000;0,0
2021-11-19T00:00:00+00:00;USDTBEAR/USD;3494,00000000;3532,00000000;3408,00000000;3443,00000000;-1,48
2021-11-18T00:00:00+00:00;USDTBEAR/USD;3492,00000000;3496,00000000;3489,00000000;3494,00000000;0,06
2021-11-17T00:00:00+00:00;USDTBEAR/USD;3494,00000000;3496,00000000;3492,00000000;3492,00000000;-0,06
2021-11-16T00:00:00+00:00;USDTBEAR/USD;3463,00000000;3496,00000000;3458,00000000;3494,00000000;0,89
2021-11-15T00:00:00+00:00;USDTBEAR/USD;3499,00000000;3504,00000000;3463,00000000;3463,00000000;-1,04
2021-11-14T00:00:00+00:00;USDTBEAR/USD;3500,00000000;3504,00000000;3497,00000000;3499,00000000;-0,03
2021-11-13T00:00:00+00:00;USDTBEAR/USD;3504,00000000;3504,00000000;3499,00000000;3500,00000000;-0,11
2021-11-12T00:00:00+00:00;USDTBEAR/USD;3504,00000000;3504,00000000;3498,00000000;3504,00000000;0,0
2021-11-11T00:00:00+00:00;USDTBEAR/USD;3471,00000000;3511,00000000;3471,00000000;3504,00000000;0,94
2021-11-10T00:00:00+00:00;USDTBEAR/USD;3476,00000000;3477,00000000;3471,00000000;3471,00000000;-0,14
2021-11-09T00:00:00+00:00;USDTBEAR/USD;3472,00000000;3477,00000000;3471,00000000;3476,00000000;0,12
2021-11-08T00:00:00+00:00;USDTBEAR/USD;3506,00000000;3507,00000000;3471,00000000;3472,00000000;-0,98
2021-11-07T00:00:00+00:00;USDTBEAR/USD;3507,00000000;3520,00000000;3474,00000000;3506,00000000;-0,03
2021-11-06T00:00:00+00:00;USDTBEAR/USD;3516,00000000;3520,00000000;3507,00000000;3507,00000000;-0,26
2021-11-05T00:00:00+00:00;USDTBEAR/USD;3486,00000000;3520,00000000;3486,00000000;3516,00000000;0,85
2021-11-04T00:00:00+00:00;USDTBEAR/USD;3489,00000000;3493,00000000;3486,00000000;3486,00000000;-0,09
2021-11-03T00:00:00+00:00;USDTBEAR/USD;3515,00000000;3555,00000000;3486,00000000;3489,00000000;-0,75
2021-11-02T00:00:00+00:00;USDTBEAR/USD;3515,00000000;3515,00000000;3515,00000000;3515,00000000;0,0
2021-11-01T00:00:00+00:00;USDTBEAR/USD;3515,00000000;3515,00000000;3515,00000000;3515,00000000;0,0
2021-10-31T00:00:00+00:00;USDTBEAR/USD;3515,00000000;3515,00000000;3515,00000000;3515,00000000;0,0
2021-10-30T00:00:00+00:00;USDTBEAR/USD;3515,00000000;3515,00000000;3515,00000000;3515,00000000;0,0
2021-10-29T00:00:00+00:00;USDTBEAR/USD;3515,00000000;3515,00000000;3515,00000000;3515,00000000;0,0
2021-10-28T00:00:00+00:00;USDTBEAR/USD;3515,00000000;3515,00000000;3515,00000000;3515,00000000;0,0
2021-10-27T00:00:00+00:00;USDTBEAR/USD;3515,00000000;3515,00000000;3515,00000000;3515,00000000;0,0
2021-10-26T00:00:00+00:00;USDTBEAR/USD;3515,00000000;3519,00000000;3515,00000000;3515,00000000;0,0
2021-10-25T00:00:00+00:00;USDTBEAR/USD;3516,00000000;3540,00000000;3515,00000000;3515,00000000;-0,03
2021-10-24T00:00:00+00:00;USDTBEAR/USD;3516,00000000;3516,00000000;3516,00000000;3516,00000000;0,0
2021-10-23T00:00:00+00:00;USDTBEAR/USD;3522,00000000;3563,00000000;3489,00000000;3516,00000000;-0,17
2021-10-22T00:00:00+00:00;USDTBEAR/USD;3513,00000000;3523,00000000;3489,00000000;3522,00000000;0,26
2021-10-21T00:00:00+00:00;USDTBEAR/USD;3526,00000000;3526,00000000;3489,00000000;3513,00000000;-0,37
2021-10-20T00:00:00+00:00;USDTBEAR/USD;3526,00000000;3528,00000000;3526,00000000;3526,00000000;0,0
2021-10-19T00:00:00+00:00;USDTBEAR/USD;3526,00000000;3528,00000000;3526,00000000;3526,00000000;0,0
2021-10-18T00:00:00+00:00;USDTBEAR/USD;3528,00000000;3566,00000000;3525,00000000;3526,00000000;-0,06
2021-10-17T00:00:00+00:00;USDTBEAR/USD;3530,00000000;3530,00000000;3528,00000000;3528,00000000;-0,06
2021-10-16T00:00:00+00:00;USDTBEAR/USD;3528,00000000;3531,00000000;3528,00000000;3530,00000000;0,06
2021-10-15T00:00:00+00:00;USDTBEAR/USD;3529,00000000;3532,00000000;3528,00000000;3528,00000000;-0,03
2021-10-14T00:00:00+00:00;USDTBEAR/USD;3561,00000000;3565,00000000;3528,00000000;3529,00000000;-0,91
2021-10-13T00:00:00+00:00;USDTBEAR/USD;3533,00000000;3562,00000000;3530,00000000;3561,00000000;0,79
2021-10-12T00:00:00+00:00;USDTBEAR/USD;3534,00000000;3536,00000000;3530,00000000;3533,00000000;-0,03
2021-10-11T00:00:00+00:00;USDTBEAR/USD;3535,00000000;3535,00000000;3530,00000000;3534,00000000;-0,03
2021-10-10T00:00:00+00:00;USDTBEAR/USD;3536,00000000;3536,00000000;3534,00000000;3535,00000000;-0,03
2021-10-09T00:00:00+00:00;USDTBEAR/USD;3566,00000000;3569,00000000;3534,00000000;3536,00000000;-0,85
2021-10-08T00:00:00+00:00;USDTBEAR/USD;3565,00000000;3569,00000000;3563,00000000;3566,00000000;0,03
2021-10-07T00:00:00+00:00;USDTBEAR/USD;3568,00000000;3569,00000000;3563,00000000;3565,00000000;-0,08
2021-10-06T00:00:00+00:00;USDTBEAR/USD;3539,00000000;3569,00000000;3534,00000000;3568,00000000;0,81
2021-10-05T00:00:00+00:00;USDTBEAR/USD;3536,00000000;3542,00000000;3534,00000000;3539,00000000;0,08
2021-10-04T00:00:00+00:00;USDTBEAR/USD;3572,00000000;3572,00000000;3534,00000000;3536,00000000;-1,02
2021-10-03T00:00:00+00:00;USDTBEAR/USD;3572,00000000;3572,00000000;3568,00000000;3572,00000000;0,0
2021-10-02T00:00:00+00:00;USDTBEAR/USD;3575,00000000;3584,00000000;3569,00000000;3572,00000000;-0,08
2021-10-01T00:00:00+00:00;USDTBEAR/USD;3579,00000000;3584,00000000;3572,00000000;3575,00000000;-0,11
2021-09-30T00:00:00+00:00;USDTBEAR/USD;3584,00000000;3584,00000000;3577,00000000;3579,00000000;-0,14
2021-09-29T00:00:00+00:00;USDTBEAR/USD;3584,00000000;3584,00000000;3581,00000000;3584,00000000;0,0
2021-09-28T00:00:00+00:00;USDTBEAR/USD;3582,00000000;3584,00000000;3579,00000000;3584,00000000;0,06
2021-09-27T00:00:00+00:00;USDTBEAR/USD;3585,00000000;3595,00000000;3578,00000000;3582,00000000;-0,08
2021-09-26T00:00:00+00:00;USDTBEAR/USD;3585,00000000;3597,00000000;3581,00000000;3585,00000000;0,0
2021-09-25T00:00:00+00:00;USDTBEAR/USD;3593,00000000;3597,00000000;3585,00000000;3585,00000000;-0,22
2021-09-24T00:00:00+00:00;USDTBEAR/USD;3588,00000000;3603,00000000;3584,00000000;3593,00000000;0,14
2021-09-23T00:00:00+00:00;USDTBEAR/USD;3598,00000000;3603,00000000;3586,00000000;3588,00000000;-0,28
2021-09-22T00:00:00+00:00;USDTBEAR/USD;3574,00000000;3603,00000000;3574,00000000;3598,00000000;0,67
2021-09-21T00:00:00+00:00;USDTBEAR/USD;3574,00000000;3574,00000000;3574,00000000;3574,00000000;0,0
2021-09-20T00:00:00+00:00;USDTBEAR/USD;3574,00000000;3574,00000000;3574,00000000;3574,00000000;0,0
2021-09-19T00:00:00+00:00;USDTBEAR/USD;3574,00000000;3574,00000000;3574,00000000;3574,00000000;0,0
2021-09-18T00:00:00+00:00;USDTBEAR/USD;3574,00000000;3574,00000000;3574,00000000;3574,00000000;0,0
2021-09-17T00:00:00+00:00;USDTBEAR/USD;3574,00000000;3574,00000000;3574,00000000;3574,00000000;0,0
2021-09-16T00:00:00+00:00;USDTBEAR/USD;3604,00000000;3605,00000000;3574,00000000;3574,00000000;-0,84
2021-09-15T00:00:00+00:00;USDTBEAR/USD;3591,00000000;3605,00000000;3591,00000000;3604,00000000;0,36
2021-09-14T00:00:00+00:00;USDTBEAR/USD;3591,00000000;3591,00000000;3591,00000000;3591,00000000;0,0
2021-09-13T00:00:00+00:00;USDTBEAR/USD;3591,00000000;3591,00000000;3591,00000000;3591,00000000;0,0
2021-09-12T00:00:00+00:00;USDTBEAR/USD;3591,00000000;3591,00000000;3591,00000000;3591,00000000;0,0
2021-09-11T00:00:00+00:00;USDTBEAR/USD;3591,00000000;3593,00000000;3591,00000000;3591,00000000;0,0
2021-09-10T00:00:00+00:00;USDTBEAR/USD;3626,00000000;3626,00000000;3591,00000000;3591,00000000;-0,97
2021-09-09T00:00:00+00:00;USDTBEAR/USD;3638,00000000;3639,00000000;3624,00000000;3626,00000000;-0,33
2021-09-08T00:00:00+00:00;USDTBEAR/USD;3628,00000000;3639,00000000;3588,00000000;3638,00000000;0,27
2021-09-07T00:00:00+00:00;USDTBEAR/USD;3628,00000000;3639,00000000;3623,00000000;3628,00000000;0,0
2021-09-06T00:00:00+00:00;USDTBEAR/USD;3628,00000000;3654,00000000;3623,00000000;3628,00000000;0,0
2021-09-05T00:00:00+00:00;USDTBEAR/USD;3631,00000000;3646,00000000;3625,00000000;3628,00000000;-0,08
2021-09-04T00:00:00+00:00;USDTBEAR/USD;3635,00000000;3654,00000000;3628,00000000;3631,00000000;-0,11
2021-09-03T00:00:00+00:00;USDTBEAR/USD;3635,00000000;3648,00000000;3632,00000000;3635,00000000;0,0
2021-09-02T00:00:00+00:00;USDTBEAR/USD;3639,00000000;3654,00000000;3632,00000000;3635,00000000;-0,11
2021-09-01T00:00:00+00:00;USDTBEAR/USD;3646,00000000;3654,00000000;3636,00000000;3639,00000000;-0,19
2021-08-31T00:00:00+00:00;USDTBEAR/USD;3649,00000000;3654,00000000;3643,00000000;3646,00000000;-0,08
2021-08-30T00:00:00+00:00;USDTBEAR/USD;3645,00000000;3654,00000000;3641,00000000;3649,00000000;0,11
2021-08-29T00:00:00+00:00;USDTBEAR/USD;3646,00000000;3654,00000000;3640,00000000;3645,00000000;-0,03
2021-08-28T00:00:00+00:00;USDTBEAR/USD;3651,00000000;3654,00000000;3643,00000000;3646,00000000;-0,14
2021-08-27T00:00:00+00:00;USDTBEAR/USD;3654,00000000;3654,00000000;3646,00000000;3651,00000000;-0,08
2021-08-26T00:00:00+00:00;USDTBEAR/USD;3654,00000000;3654,00000000;3651,00000000;3654,00000000;0,0
2021-08-25T00:00:00+00:00;USDTBEAR/USD;3654,00000000;3654,00000000;3654,00000000;3654,00000000;0,0
2021-08-24T00:00:00+00:00;USDTBEAR/USD;3654,00000000;3654,00000000;3654,00000000;3654,00000000;0,0
2021-08-23T00:00:00+00:00;USDTBEAR/USD;3657,00000000;3660,00000000;3651,00000000;3654,00000000;-0,08
2021-08-22T00:00:00+00:00;USDTBEAR/USD;3658,00000000;3660,00000000;3652,00000000;3657,00000000;-0,03
2021-08-21T00:00:00+00:00;USDTBEAR/USD;3635,00000000;3660,00000000;3635,00000000;3658,00000000;0,63
2021-08-20T00:00:00+00:00;USDTBEAR/USD;3635,00000000;3635,00000000;3635,00000000;3635,00000000;0,0
2021-08-19T00:00:00+00:00;USDTBEAR/USD;3635,00000000;3637,00000000;3635,00000000;3635,00000000;0,0
2021-08-18T00:00:00+00:00;USDTBEAR/USD;3636,00000000;3636,00000000;3635,00000000;3635,00000000;-0,03
2021-08-17T00:00:00+00:00;USDTBEAR/USD;3635,00000000;3637,00000000;3635,00000000;3636,00000000;0,03
2021-08-16T00:00:00+00:00;USDTBEAR/USD;3635,00000000;3638,00000000;3635,00000000;3635,00000000;0,0
2021-08-15T00:00:00+00:00;USDTBEAR/USD;3639,00000000;3639,00000000;3635,00000000;3635,00000000;-0,11
2021-08-14T00:00:00+00:00;USDTBEAR/USD;3681,00000000;3699,00000000;3635,00000000;3639,00000000;-1,15
2021-08-13T00:00:00+00:00;USDTBEAR/USD;3685,00000000;3699,00000000;3679,00000000;3681,00000000;-0,11
2021-08-12T00:00:00+00:00;USDTBEAR/USD;3685,00000000;3699,00000000;3682,00000000;3685,00000000;0,0
2021-08-11T00:00:00+00:00;USDTBEAR/USD;3694,00000000;3699,00000000;3684,00000000;3685,00000000;-0,24
2021-08-10T00:00:00+00:00;USDTBEAR/USD;3694,00000000;3699,00000000;3688,00000000;3694,00000000;0,0
2021-08-09T00:00:00+00:00;USDTBEAR/USD;3695,00000000;3699,00000000;3688,00000000;3694,00000000;-0,03
2021-08-08T00:00:00+00:00;USDTBEAR/USD;3664,00000000;3699,00000000;3664,00000000;3695,00000000;0,84
2021-08-07T00:00:00+00:00;USDTBEAR/USD;3664,00000000;3664,00000000;3664,00000000;3664,00000000;0,0
2021-08-06T00:00:00+00:00;USDTBEAR/USD;3707,00000000;3711,00000000;3664,00000000;3664,00000000;-1,17
2021-08-05T00:00:00+00:00;USDTBEAR/USD;3711,00000000;3711,00000000;3705,00000000;3707,00000000;-0,11
2021-08-04T00:00:00+00:00;USDTBEAR/USD;3714,00000000;3716,00000000;3710,00000000;3711,00000000;-0,08
2021-08-03T00:00:00+00:00;USDTBEAR/USD;3712,00000000;3716,00000000;3710,00000000;3714,00000000;0,05
2021-08-02T00:00:00+00:00;USDTBEAR/USD;3714,00000000;3716,00000000;3711,00000000;3712,00000000;-0,05
2021-08-01T00:00:00+00:00;USDTBEAR/USD;3713,00000000;3716,00000000;3710,00000000;3714,00000000;0,03
2021-07-31T00:00:00+00:00;USDTBEAR/USD;3678,00000000;3716,00000000;3675,00000000;3713,00000000;0,94
2021-07-30T00:00:00+00:00;USDTBEAR/USD;3680,00000000;3721,00000000;3675,00000000;3678,00000000;-0,05
2021-07-29T00:00:00+00:00;USDTBEAR/USD;3680,00000000;3683,00000000;3680,00000000;3680,00000000;0,0
2021-07-28T00:00:00+00:00;USDTBEAR/USD;3681,00000000;3688,00000000;3680,00000000;3680,00000000;-0,03
2021-07-27T00:00:00+00:00;USDTBEAR/USD;3744,00000000;3746,00000000;3678,00000000;3681,00000000;-1,71
2021-07-26T00:00:00+00:00;USDTBEAR/USD;3715,00000000;3746,00000000;3715,00000000;3744,00000000;0,77
2021-07-25T00:00:00+00:00;USDTBEAR/USD;3715,00000000;3715,00000000;3715,00000000;3715,00000000;0,0
2021-07-24T00:00:00+00:00;USDTBEAR/USD;3715,00000000;3716,00000000;3715,00000000;3715,00000000;0,0
2021-07-23T00:00:00+00:00;USDTBEAR/USD;3715,00000000;3716,00000000;3715,00000000;3715,00000000;0,0
2021-07-22T00:00:00+00:00;USDTBEAR/USD;3715,00000000;3716,00000000;3715,00000000;3715,00000000;0,0
2021-07-21T00:00:00+00:00;USDTBEAR/USD;3715,00000000;3715,00000000;3715,00000000;3715,00000000;0,0
2021-07-20T00:00:00+00:00;USDTBEAR/USD;3715,00000000;3715,00000000;3715,00000000;3715,00000000;0,0
2021-07-19T00:00:00+00:00;USDTBEAR/USD;3715,00000000;3715,00000000;3715,00000000;3715,00000000;0,0
2021-07-18T00:00:00+00:00;USDTBEAR/USD;3756,00000000;3765,00000000;3715,00000000;3715,00000000;-1,1
2021-07-17T00:00:00+00:00;USDTBEAR/USD;3759,00000000;3765,00000000;3753,00000000;3756,00000000;-0,08
2021-07-16T00:00:00+00:00;USDTBEAR/USD;3763,00000000;3765,00000000;3758,00000000;3759,00000000;-0,11
2021-07-15T00:00:00+00:00;USDTBEAR/USD;3765,00000000;3765,00000000;3757,00000000;3763,00000000;-0,05
2021-07-14T00:00:00+00:00;USDTBEAR/USD;3768,00000000;3770,00000000;3764,00000000;3765,00000000;-0,08
2021-07-13T00:00:00+00:00;USDTBEAR/USD;3770,00000000;3770,00000000;3762,00000000;3768,00000000;-0,05
2021-07-12T00:00:00+00:00;USDTBEAR/USD;3735,00000000;3770,00000000;3735,00000000;3770,00000000;0,93
2021-07-11T00:00:00+00:00;USDTBEAR/USD;3735,00000000;3735,00000000;3735,00000000;3735,00000000;0,0
2021-07-10T00:00:00+00:00;USDTBEAR/USD;3773,00000000;3774,00000000;3735,00000000;3735,00000000;-1,02
2021-07-09T00:00:00+00:00;USDTBEAR/USD;3735,00000000;3774,00000000;3733,00000000;3773,00000000;1,01
2021-07-08T00:00:00+00:00;USDTBEAR/USD;3737,00000000;3738,00000000;3733,00000000;3735,00000000;-0,05
2021-07-07T00:00:00+00:00;USDTBEAR/USD;3737,00000000;3737,00000000;3737,00000000;3737,00000000;0,0
2021-07-06T00:00:00+00:00;USDTBEAR/USD;3737,00000000;3740,00000000;3737,00000000;3737,00000000;0,0
2021-07-05T00:00:00+00:00;USDTBEAR/USD;3782,00000000;3782,00000000;3737,00000000;3737,00000000;-1,2
2021-07-04T00:00:00+00:00;USDTBEAR/USD;3782,00000000;3782,00000000;3778,00000000;3782,00000000;0,0
2021-07-03T00:00:00+00:00;USDTBEAR/USD;3784,00000000;3784,00000000;3780,00000000;3782,00000000;-0,05
2021-07-02T00:00:00+00:00;USDTBEAR/USD;3749,00000000;3784,00000000;3749,00000000;3784,00000000;0,92
2021-07-01T00:00:00+00:00;USDTBEAR/USD;3749,00000000;3749,00000000;3749,00000000;3749,00000000;0,0
2021-06-30T00:00:00+00:00;USDTBEAR/USD;3784,00000000;3784,00000000;3749,00000000;3749,00000000;-0,93
2021-06-29T00:00:00+00:00;USDTBEAR/USD;3750,00000000;3784,00000000;3746,00000000;3784,00000000;0,9
2021-06-28T00:00:00+00:00;USDTBEAR/USD;3757,00000000;3757,00000000;3746,00000000;3750,00000000;-0,19
2021-06-27T00:00:00+00:00;USDTBEAR/USD;3757,00000000;3757,00000000;3757,00000000;3757,00000000;0,0
2021-06-26T00:00:00+00:00;USDTBEAR/USD;3805,00000000;3806,00000000;3757,00000000;3757,00000000;-1,28
2021-06-25T00:00:00+00:00;USDTBEAR/USD;3753,00000000;3806,00000000;3750,00000000;3805,00000000;1,37
2021-06-24T00:00:00+00:00;USDTBEAR/USD;3812,00000000;3812,00000000;3744,00000000;3753,00000000;-1,57
2021-06-23T00:00:00+00:00;USDTBEAR/USD;3827,00000000;3827,00000000;3743,00000000;3812,00000000;-0,39
2021-06-22T00:00:00+00:00;USDTBEAR/USD;3826,00000000;3833,00000000;3749,00000000;3827,00000000;0,03
2021-06-21T00:00:00+00:00;USDTBEAR/USD;3816,00000000;3826,00000000;3815,00000000;3826,00000000;0,26
2021-06-20T00:00:00+00:00;USDTBEAR/USD;3815,00000000;3818,00000000;3813,00000000;3816,00000000;0,03
2021-06-19T00:00:00+00:00;USDTBEAR/USD;3817,00000000;3820,00000000;3814,00000000;3815,00000000;-0,05
2021-06-18T00:00:00+00:00;USDTBEAR/USD;3782,00000000;3820,00000000;3782,00000000;3817,00000000;0,92
2021-06-17T00:00:00+00:00;USDTBEAR/USD;3784,00000000;3785,00000000;3782,00000000;3782,00000000;-0,05
2021-06-16T00:00:00+00:00;USDTBEAR/USD;3782,00000000;3787,00000000;3782,00000000;3784,00000000;0,05
2021-06-15T00:00:00+00:00;USDTBEAR/USD;3824,00000000;3830,00000000;3782,00000000;3782,00000000;-1,11
2021-06-14T00:00:00+00:00;USDTBEAR/USD;3826,00000000;3830,00000000;3821,00000000;3824,00000000;-0,05
2021-06-13T00:00:00+00:00;USDTBEAR/USD;3828,00000000;3830,00000000;3823,00000000;3826,00000000;-0,05
2021-06-12T00:00:00+00:00;USDTBEAR/USD;3830,00000000;3830,00000000;3826,00000000;3828,00000000;-0,05
2021-06-11T00:00:00+00:00;USDTBEAR/USD;3830,00000000;3830,00000000;3825,00000000;3830,00000000;0,0
2021-06-10T00:00:00+00:00;USDTBEAR/USD;3830,00000000;3830,00000000;3826,00000000;3830,00000000;0,0
2021-06-09T00:00:00+00:00;USDTBEAR/USD;3830,00000000;3830,00000000;3828,00000000;3830,00000000;0,0
2021-06-08T00:00:00+00:00;USDTBEAR/USD;3839,00000000;3839,00000000;3830,00000000;3830,00000000;-0,23
2021-06-07T00:00:00+00:00;USDTBEAR/USD;3835,00000000;3839,00000000;3825,00000000;3839,00000000;0,1
2021-06-06T00:00:00+00:00;USDTBEAR/USD;3838,00000000;3839,00000000;3832,00000000;3835,00000000;-0,08
2021-06-05T00:00:00+00:00;USDTBEAR/USD;3840,00000000;3853,00000000;3833,00000000;3838,00000000;-0,05
2021-06-04T00:00:00+00:00;USDTBEAR/USD;3845,00000000;3960,00000000;3834,00000000;3840,00000000;-0,13
2021-06-03T00:00:00+00:00;USDTBEAR/USD;3850,00000000;4105,00000000;3830,00000000;3845,00000000;-0,13
2021-06-02T00:00:00+00:00;USDTBEAR/USD;3854,00000000;4597,00000000;3848,00000000;3850,00000000;-0,1
2021-06-01T00:00:00+00:00;USDTBEAR/USD;3854,00000000;3863,00000000;3851,00000000;3854,00000000;0,0
2021-05-31T00:00:00+00:00;USDTBEAR/USD;3860,00000000;3863,00000000;3852,00000000;3854,00000000;-0,16
2021-05-30T00:00:00+00:00;USDTBEAR/USD;3863,00000000;3863,00000000;3858,00000000;3860,00000000;-0,08
2021-05-29T00:00:00+00:00;USDTBEAR/USD;3863,00000000;3863,00000000;3863,00000000;3863,00000000;0,0
2021-05-28T00:00:00+00:00;USDTBEAR/USD;3862,00000000;3894,00000000;3859,00000000;3863,00000000;0,03
2021-05-27T00:00:00+00:00;USDTBEAR/USD;3875,00000000;3894,00000000;3860,00000000;3862,00000000;-0,34
2021-05-26T00:00:00+00:00;USDTBEAR/USD;3890,00000000;3894,00000000;3871,00000000;3875,00000000;-0,39
2021-05-25T00:00:00+00:00;USDTBEAR/USD;3903,00000000;3905,00000000;3811,00000000;3890,00000000;-0,33
2021-05-24T00:00:00+00:00;USDTBEAR/USD;3905,00000000;3905,00000000;3892,00000000;3903,00000000;-0,05
2021-05-23T00:00:00+00:00;USDTBEAR/USD;3904,00000000;3912,00000000;3897,00000000;3905,00000000;0,03
2021-05-22T00:00:00+00:00;USDTBEAR/USD;3911,00000000;3912,00000000;3900,00000000;3904,00000000;-0,18
2021-05-21T00:00:00+00:00;USDTBEAR/USD;3919,00000000;3928,00000000;3906,00000000;3911,00000000;-0,2
2021-05-20T00:00:00+00:00;USDTBEAR/USD;3932,00000000;3933,00000000;3910,00000000;3919,00000000;-0,33
2021-05-19T00:00:00+00:00;USDTBEAR/USD;3846,00000000;3933,00000000;3715,00000000;3932,00000000;2,19
2021-05-18T00:00:00+00:00;USDTBEAR/USD;3924,00000000;3947,00000000;3846,00000000;3846,00000000;-2,03
2021-05-17T00:00:00+00:00;USDTBEAR/USD;3924,00000000;4075,00000000;3919,00000000;3924,00000000;0,0
2021-05-16T00:00:00+00:00;USDTBEAR/USD;3883,00000000;3924,00000000;3883,00000000;3924,00000000;1,04
2021-05-15T00:00:00+00:00;USDTBEAR/USD;3883,00000000;3883,00000000;3883,00000000;3883,00000000;0,0
2021-05-14T00:00:00+00:00;USDTBEAR/USD;3883,00000000;3883,00000000;3883,00000000;3883,00000000;0,0
2021-05-13T00:00:00+00:00;USDTBEAR/USD;3885,00000000;3889,00000000;3883,00000000;3883,00000000;-0,05
2021-05-12T00:00:00+00:00;USDTBEAR/USD;3883,00000000;3886,00000000;3883,00000000;3885,00000000;0,05
2021-05-11T00:00:00+00:00;USDTBEAR/USD;3883,00000000;3883,00000000;3883,00000000;3883,00000000;0,0
2021-05-10T00:00:00+00:00;USDTBEAR/USD;3941,00000000;3946,00000000;3883,00000000;3883,00000000;-1,49
2021-05-09T00:00:00+00:00;USDTBEAR/USD;3895,00000000;3946,00000000;3895,00000000;3941,00000000;1,17
2021-05-08T00:00:00+00:00;USDTBEAR/USD;3895,00000000;3895,00000000;3895,00000000;3895,00000000;0,0
2021-05-07T00:00:00+00:00;USDTBEAR/USD;3901,00000000;3904,00000000;3895,00000000;3895,00000000;-0,15
2021-05-06T00:00:00+00:00;USDTBEAR/USD;3900,00000000;3914,00000000;3895,00000000;3901,00000000;0,03
2021-05-05T00:00:00+00:00;USDTBEAR/USD;3902,00000000;3958,00000000;3900,00000000;3900,00000000;-0,05
2021-05-04T00:00:00+00:00;USDTBEAR/USD;3901,00000000;3906,00000000;3901,00000000;3902,00000000;0,03
2021-05-03T00:00:00+00:00;USDTBEAR/USD;3904,00000000;3915,00000000;3901,00000000;3901,00000000;-0,08
2021-05-02T00:00:00+00:00;USDTBEAR/USD;3902,00000000;3910,00000000;3901,00000000;3904,00000000;0,05
2021-05-01T00:00:00+00:00;USDTBEAR/USD;3950,00000000;3951,00000000;3901,00000000;3902,00000000;-1,23
2021-04-30T00:00:00+00:00;USDTBEAR/USD;3958,00000000;3960,00000000;3947,00000000;3950,00000000;-0,2
2021-04-29T00:00:00+00:00;USDTBEAR/USD;3955,00000000;3967,00000000;3950,00000000;3958,00000000;0,08
2021-04-28T00:00:00+00:00;USDTBEAR/USD;3952,00000000;3976,00000000;3945,00000000;3955,00000000;0,08
2021-04-27T00:00:00+00:00;USDTBEAR/USD;3963,00000000;3976,00000000;3948,00000000;3952,00000000;-0,28
2021-04-26T00:00:00+00:00;USDTBEAR/USD;3969,00000000;3976,00000000;3957,00000000;3963,00000000;-0,15
2021-04-25T00:00:00+00:00;USDTBEAR/USD;3975,00000000;3976,00000000;3967,00000000;3969,00000000;-0,15
2021-04-24T00:00:00+00:00;USDTBEAR/USD;3933,00000000;3976,00000000;3933,00000000;3975,00000000;1,06
2021-04-23T00:00:00+00:00;USDTBEAR/USD;3933,00000000;3933,00000000;3933,00000000;3933,00000000;0,0
2021-04-22T00:00:00+00:00;USDTBEAR/USD;3985,00000000;3985,00000000;3933,00000000;3933,00000000;-1,32
2021-04-21T00:00:00+00:00;USDTBEAR/USD;3987,00000000;3991,00000000;3982,00000000;3985,00000000;-0,05
2021-04-20T00:00:00+00:00;USDTBEAR/USD;3962,00000000;3991,00000000;3962,00000000;3987,00000000;0,63
2021-04-19T00:00:00+00:00;USDTBEAR/USD;3962,00000000;3962,00000000;3962,00000000;3962,00000000;0,0
2021-04-18T00:00:00+00:00;USDTBEAR/USD;3962,00000000;3962,00000000;3962,00000000;3962,00000000;0,0
2021-04-17T00:00:00+00:00;USDTBEAR/USD;3962,00000000;3971,00000000;3962,00000000;3962,00000000;0,0
2021-04-16T00:00:00+00:00;USDTBEAR/USD;4012,00000000;4022,00000000;3955,00000000;3962,00000000;-1,26
2021-04-15T00:00:00+00:00;USDTBEAR/USD;4022,00000000;4022,00000000;4011,00000000;4012,00000000;-0,25
2021-04-14T00:00:00+00:00;USDTBEAR/USD;4019,00000000;4022,00000000;4011,00000000;4022,00000000;0,07
2021-04-13T00:00:00+00:00;USDTBEAR/USD;4036,00000000;4040,00000000;4015,00000000;4019,00000000;-0,42
2021-04-12T00:00:00+00:00;USDTBEAR/USD;4039,00000000;4040,00000000;4026,00000000;4036,00000000;-0,07
2021-04-11T00:00:00+00:00;USDTBEAR/USD;3987,00000000;4040,00000000;3985,00000000;4039,00000000;1,29
2021-04-10T00:00:00+00:00;USDTBEAR/USD;3990,00000000;3995,00000000;3985,00000000;3987,00000000;-0,08
2021-04-09T00:00:00+00:00;USDTBEAR/USD;4025,00000000;4029,00000000;3985,00000000;3990,00000000;-0,88
2021-04-08T00:00:00+00:00;USDTBEAR/USD;4025,00000000;4029,00000000;4022,00000000;4025,00000000;0,0
2021-04-07T00:00:00+00:00;USDTBEAR/USD;4024,00000000;4031,00000000;4022,00000000;4025,00000000;0,02
2021-04-06T00:00:00+00:00;USDTBEAR/USD;4028,00000000;4083,00000000;4024,00000000;4024,00000000;-0,1
2021-04-05T00:00:00+00:00;USDTBEAR/USD;4029,00000000;4029,00000000;4026,00000000;4028,00000000;-0,02
2021-04-04T00:00:00+00:00;USDTBEAR/USD;4029,00000000;4029,00000000;4029,00000000;4029,00000000;0,0
2021-04-03T00:00:00+00:00;USDTBEAR/USD;4029,00000000;4029,00000000;4029,00000000;4029,00000000;0,0
2021-04-02T00:00:00+00:00;USDTBEAR/USD;4029,00000000;4029,00000000;4029,00000000;4029,00000000;0,0
2021-04-01T00:00:00+00:00;USDTBEAR/USD;4029,00000000;4037,00000000;4029,00000000;4029,00000000;0,0
2021-03-31T00:00:00+00:00;USDTBEAR/USD;4031,00000000;4037,00000000;4028,00000000;4029,00000000;-0,05
2021-03-30T00:00:00+00:00;USDTBEAR/USD;4011,00000000;4044,00000000;4011,00000000;4031,00000000;0,5
2021-03-29T00:00:00+00:00;USDTBEAR/USD;4011,00000000;4040,00000000;4011,00000000;4011,00000000;0,0
2021-03-28T00:00:00+00:00;USDTBEAR/USD;4012,00000000;4042,00000000;4011,00000000;4011,00000000;-0,02
2021-03-27T00:00:00+00:00;USDTBEAR/USD;4013,00000000;4042,00000000;4012,00000000;4012,00000000;-0,02
2021-03-26T00:00:00+00:00;USDTBEAR/USD;4020,00000000;4042,00000000;4013,00000000;4013,00000000;-0,17
2021-03-25T00:00:00+00:00;USDTBEAR/USD;4020,00000000;4042,00000000;4020,00000000;4020,00000000;0,0
2021-03-24T00:00:00+00:00;USDTBEAR/USD;4020,00000000;4020,00000000;4019,00000000;4020,00000000;0,0
2021-03-23T00:00:00+00:00;USDTBEAR/USD;4023,00000000;4042,00000000;4019,00000000;4020,00000000;-0,07
2021-03-22T00:00:00+00:00;USDTBEAR/USD;4052,00000000;4053,00000000;4023,00000000;4023,00000000;-0,72
2021-03-21T00:00:00+00:00;USDTBEAR/USD;4059,00000000;4065,00000000;4041,00000000;4052,00000000;-0,17
2021-03-20T00:00:00+00:00;USDTBEAR/USD;4067,00000000;4067,00000000;4016,00000000;4059,00000000;-0,2
2021-03-19T00:00:00+00:00;USDTBEAR/USD;4026,00000000;4071,00000000;4015,00000000;4067,00000000;1,01
2021-03-18T00:00:00+00:00;USDTBEAR/USD;4022,00000000;4028,00000000;4020,00000000;4026,00000000;0,1
2021-03-17T00:00:00+00:00;USDTBEAR/USD;4022,00000000;4024,00000000;4022,00000000;4022,00000000;0,0
2021-03-16T00:00:00+00:00;USDTBEAR/USD;4022,00000000;4027,00000000;4022,00000000;4022,00000000;0,0
2021-03-15T00:00:00+00:00;USDTBEAR/USD;4024,00000000;4033,00000000;4021,00000000;4022,00000000;-0,05
2021-03-14T00:00:00+00:00;USDTBEAR/USD;4022,00000000;4030,00000000;4021,00000000;4024,00000000;0,05
2021-03-13T00:00:00+00:00;USDTBEAR/USD;4022,00000000;4027,00000000;4022,00000000;4022,00000000;0,0
2021-03-12T00:00:00+00:00;USDTBEAR/USD;4022,00000000;4024,00000000;4022,00000000;4022,00000000;0,0
2021-03-11T00:00:00+00:00;USDTBEAR/USD;4022,00000000;4039,00000000;4021,00000000;4022,00000000;0,0
2021-03-10T00:00:00+00:00;USDTBEAR/USD;4066,00000000;4072,00000000;4021,00000000;4022,00000000;-1,09
2021-03-09T00:00:00+00:00;USDTBEAR/USD;4071,00000000;4072,00000000;4064,00000000;4066,00000000;-0,12
2021-03-08T00:00:00+00:00;USDTBEAR/USD;4029,00000000;4072,00000000;4029,00000000;4071,00000000;1,03
2021-03-07T00:00:00+00:00;USDTBEAR/USD;4029,00000000;4030,00000000;4029,00000000;4029,00000000;0,0
2021-03-06T00:00:00+00:00;USDTBEAR/USD;4029,00000000;4032,00000000;4029,00000000;4029,00000000;0,0
2021-03-05T00:00:00+00:00;USDTBEAR/USD;4081,00000000;4084,00000000;4029,00000000;4029,00000000;-1,29
2021-03-04T00:00:00+00:00;USDTBEAR/USD;4077,00000000;4093,00000000;4075,00000000;4081,00000000;0,1
2021-03-03T00:00:00+00:00;USDTBEAR/USD;4084,00000000;4144,00000000;4077,00000000;4077,00000000;-0,17
2021-03-02T00:00:00+00:00;USDTBEAR/USD;4086,00000000;4144,00000000;4081,00000000;4084,00000000;-0,05
2021-03-01T00:00:00+00:00;USDTBEAR/USD;4095,00000000;4121,00000000;4080,00000000;4086,00000000;-0,22
2021-02-28T00:00:00+00:00;USDTBEAR/USD;4110,00000000;4130,00000000;4094,00000000;4095,00000000;-0,37
2021-02-27T00:00:00+00:00;USDTBEAR/USD;4116,00000000;4144,00000000;4107,00000000;4110,00000000;-0,15
2021-02-26T00:00:00+00:00;USDTBEAR/USD;4143,00000000;4144,00000000;4107,00000000;4116,00000000;-0,66
2021-02-25T00:00:00+00:00;USDTBEAR/USD;4121,00000000;4144,00000000;4110,00000000;4143,00000000;0,53
2021-02-24T00:00:00+00:00;USDTBEAR/USD;4138,00000000;4144,00000000;4118,00000000;4121,00000000;-0,41
2021-02-23T00:00:00+00:00;USDTBEAR/USD;4124,00000000;4144,00000000;4059,00000000;4138,00000000;0,34
2021-02-22T00:00:00+00:00;USDTBEAR/USD;4108,00000000;4124,00000000;4105,00000000;4124,00000000;0,39
2021-02-21T00:00:00+00:00;USDTBEAR/USD;4122,00000000;4124,00000000;4107,00000000;4108,00000000;-0,34
2021-02-20T00:00:00+00:00;USDTBEAR/USD;4123,00000000;4124,00000000;4114,00000000;4122,00000000;-0,02
2021-02-19T00:00:00+00:00;USDTBEAR/USD;4088,00000000;4124,00000000;4070,00000000;4123,00000000;0,85
2021-02-18T00:00:00+00:00;USDTBEAR/USD;4071,00000000;4089,00000000;4070,00000000;4088,00000000;0,42
2021-02-17T00:00:00+00:00;USDTBEAR/USD;4084,00000000;4089,00000000;4070,00000000;4071,00000000;-0,32
2021-02-16T00:00:00+00:00;USDTBEAR/USD;4081,00000000;4087,00000000;4060,00000000;4084,00000000;0,07
2021-02-15T00:00:00+00:00;USDTBEAR/USD;4119,00000000;4123,00000000;4060,00000000;4081,00000000;-0,93
2021-02-14T00:00:00+00:00;USDTBEAR/USD;4120,00000000;4120,00000000;4118,00000000;4119,00000000;-0,02
2021-02-13T00:00:00+00:00;USDTBEAR/USD;4095,00000000;4120,00000000;4095,00000000;4120,00000000;0,61
2021-02-12T00:00:00+00:00;USDTBEAR/USD;4080,00000000;4095,00000000;4069,00000000;4095,00000000;0,37
2021-02-11T00:00:00+00:00;USDTBEAR/USD;4119,00000000;4119,00000000;4003,00000000;4080,00000000;-0,96
2021-02-10T00:00:00+00:00;USDTBEAR/USD;4118,00000000;4119,00000000;4117,00000000;4119,00000000;0,02
2021-02-09T00:00:00+00:00;USDTBEAR/USD;4119,00000000;4123,00000000;4117,00000000;4118,00000000;-0,02
2021-02-08T00:00:00+00:00;USDTBEAR/USD;4118,00000000;4120,00000000;4117,00000000;4119,00000000;0,02
2021-02-07T00:00:00+00:00;USDTBEAR/USD;4118,00000000;4119,00000000;4117,00000000;4118,00000000;0,0
2021-02-06T00:00:00+00:00;USDTBEAR/USD;4117,00000000;4119,00000000;4117,00000000;4118,00000000;0,02
2021-02-05T00:00:00+00:00;USDTBEAR/USD;4108,00000000;4117,00000000;4099,00000000;4117,00000000;0,22
2021-02-04T00:00:00+00:00;USDTBEAR/USD;4177,00000000;4223,00000000;4099,00000000;4108,00000000;-1,68
2021-02-03T00:00:00+00:00;USDTBEAR/USD;4195,00000000;4223,00000000;4174,00000000;4177,00000000;-0,43
2021-02-02T00:00:00+00:00;USDTBEAR/USD;4193,00000000;4223,00000000;4186,00000000;4195,00000000;0,05
2021-02-01T00:00:00+00:00;USDTBEAR/USD;4194,00000000;4223,00000000;4189,00000000;4193,00000000;-0,02
2021-01-31T00:00:00+00:00;USDTBEAR/USD;4204,00000000;4223,00000000;4191,00000000;4194,00000000;-0,24
2021-01-30T00:00:00+00:00;USDTBEAR/USD;4217,00000000;4223,00000000;4200,00000000;4204,00000000;-0,31
2021-01-29T00:00:00+00:00;USDTBEAR/USD;4194,00000000;4223,00000000;4180,00000000;4217,00000000;0,55
2021-01-28T00:00:00+00:00;USDTBEAR/USD;4211,00000000;4223,00000000;4190,00000000;4194,00000000;-0,41
2021-01-27T00:00:00+00:00;USDTBEAR/USD;4215,00000000;4223,00000000;4202,00000000;4211,00000000;-0,09
2021-01-26T00:00:00+00:00;USDTBEAR/USD;4224,00000000;4224,00000000;4163,00000000;4215,00000000;-0,21
2021-01-25T00:00:00+00:00;USDTBEAR/USD;4228,00000000;4236,00000000;4220,00000000;4224,00000000;-0,09
2021-01-24T00:00:00+00:00;USDTBEAR/USD;4236,00000000;4236,00000000;4225,00000000;4228,00000000;-0,19
2021-01-23T00:00:00+00:00;USDTBEAR/USD;4179,00000000;4236,00000000;4179,00000000;4236,00000000;1,35
2021-01-22T00:00:00+00:00;USDTBEAR/USD;4181,00000000;4181,00000000;4179,00000000;4179,00000000;-0,05
2021-01-21T00:00:00+00:00;USDTBEAR/USD;4187,00000000;4266,00000000;4179,00000000;4181,00000000;-0,14
2021-01-20T00:00:00+00:00;USDTBEAR/USD;4251,00000000;4251,00000000;4187,00000000;4187,00000000;-1,53
2021-01-19T00:00:00+00:00;USDTBEAR/USD;4192,00000000;4251,00000000;4192,00000000;4251,00000000;1,39
2021-01-18T00:00:00+00:00;USDTBEAR/USD;4284,00000000;4289,00000000;4192,00000000;4192,00000000;-2,19
2021-01-17T00:00:00+00:00;USDTBEAR/USD;4290,00000000;4306,00000000;4281,00000000;4284,00000000;-0,14
2021-01-16T00:00:00+00:00;USDTBEAR/USD;4310,00000000;4314,00000000;4200,00000000;4290,00000000;-0,47
2021-01-15T00:00:00+00:00;USDTBEAR/USD;4299,00000000;4324,00000000;4299,00000000;4310,00000000;0,26
2021-01-14T00:00:00+00:00;USDTBEAR/USD;4199,00000000;4313,00000000;4192,00000000;4299,00000000;2,33
2021-01-13T00:00:00+00:00;USDTBEAR/USD;4192,00000000;4206,00000000;4192,00000000;4199,00000000;0,17
2021-01-12T00:00:00+00:00;USDTBEAR/USD;4192,00000000;4203,00000000;4192,00000000;4192,00000000;0,0
2021-01-11T00:00:00+00:00;USDTBEAR/USD;4179,00000000;4222,00000000;4169,00000000;4192,00000000;0,31
2021-01-10T00:00:00+00:00;USDTBEAR/USD;4248,00000000;4258,00000000;4169,00000000;4179,00000000;-1,65
2021-01-09T00:00:00+00:00;USDTBEAR/USD;4248,00000000;4248,00000000;4248,00000000;4248,00000000;0,0
2021-01-08T00:00:00+00:00;USDTBEAR/USD;4248,00000000;4248,00000000;4248,00000000;4248,00000000;0,0
2021-01-07T00:00:00+00:00;USDTBEAR/USD;4239,00000000;4253,00000000;4233,00000000;4248,00000000;0,21
2021-01-06T00:00:00+00:00;USDTBEAR/USD;4259,00000000;4259,00000000;4233,00000000;4239,00000000;-0,47
2021-01-05T00:00:00+00:00;USDTBEAR/USD;4259,00000000;4263,00000000;4259,00000000;4259,00000000;0,0
2021-01-04T00:00:00+00:00;USDTBEAR/USD;4267,00000000;4275,00000000;4259,00000000;4259,00000000;-0,19
2021-01-03T00:00:00+00:00;USDTBEAR/USD;4330,00000000;4330,00000000;4259,00000000;4267,00000000;-1,48
2021-01-02T00:00:00+00:00;USDTBEAR/USD;4330,00000000;4330,00000000;4317,00000000;4330,00000000;0,0
2021-01-01T00:00:00+00:00;USDTBEAR/USD;4323,00000000;4330,00000000;4307,00000000;4330,00000000;0,16
2020-12-31T00:00:00+00:00;USDTBEAR/USD;4373,00000000;4391,00000000;4323,00000000;4323,00000000;-1,16
2020-12-30T00:00:00+00:00;USDTBEAR/USD;4376,00000000;4398,00000000;4373,00000000;4373,00000000;-0,07
2020-12-29T00:00:00+00:00;USDTBEAR/USD;4376,00000000;4376,00000000;4376,00000000;4376,00000000;0,0
2020-12-28T00:00:00+00:00;USDTBEAR/USD;4376,00000000;4376,00000000;4376,00000000;4376,00000000;0,0
2020-12-27T00:00:00+00:00;USDTBEAR/USD;4376,00000000;4376,00000000;4376,00000000;4376,00000000;0,0
2020-12-26T00:00:00+00:00;USDTBEAR/USD;4379,00000000;4417,00000000;4371,00000000;4376,00000000;-0,07
2020-12-25T00:00:00+00:00;USDTBEAR/USD;4379,00000000;4417,00000000;4375,00000000;4379,00000000;0,0
2020-12-24T00:00:00+00:00;USDTBEAR/USD;4417,00000000;4417,00000000;4365,00000000;4379,00000000;-0,87
2020-12-23T00:00:00+00:00;USDTBEAR/USD;4391,00000000;4417,00000000;4386,00000000;4417,00000000;0,59
2020-12-22T00:00:00+00:00;USDTBEAR/USD;4394,00000000;4417,00000000;4389,00000000;4391,00000000;-0,07
2020-12-21T00:00:00+00:00;USDTBEAR/USD;4396,00000000;4417,00000000;4388,00000000;4394,00000000;-0,05
2020-12-20T00:00:00+00:00;USDTBEAR/USD;4396,00000000;4417,00000000;4387,00000000;4396,00000000;0,0
2020-12-19T00:00:00+00:00;USDTBEAR/USD;4407,00000000;4417,00000000;4392,00000000;4396,00000000;-0,25
2020-12-18T00:00:00+00:00;USDTBEAR/USD;4417,00000000;4417,00000000;4407,00000000;4407,00000000;-0,23
2020-12-17T00:00:00+00:00;USDTBEAR/USD;4406,00000000;4417,00000000;4403,00000000;4417,00000000;0,25
2020-12-16T00:00:00+00:00;USDTBEAR/USD;4407,00000000;4417,00000000;4379,00000000;4406,00000000;-0,02
2020-12-15T00:00:00+00:00;USDTBEAR/USD;4411,00000000;4417,00000000;4404,00000000;4407,00000000;-0,09
2020-12-14T00:00:00+00:00;USDTBEAR/USD;4413,00000000;4417,00000000;4410,00000000;4411,00000000;-0,05
2020-12-13T00:00:00+00:00;USDTBEAR/USD;4414,00000000;4417,00000000;4404,00000000;4413,00000000;-0,02
2020-12-12T00:00:00+00:00;USDTBEAR/USD;4417,00000000;4417,00000000;4413,00000000;4414,00000000;-0,07
2020-12-11T00:00:00+00:00;USDTBEAR/USD;4417,00000000;4417,00000000;4417,00000000;4417,00000000;0,0
2020-12-10T00:00:00+00:00;USDTBEAR/USD;4417,00000000;4417,00000000;4417,00000000;4417,00000000;0,0
2020-12-09T00:00:00+00:00;USDTBEAR/USD;4417,00000000;4417,00000000;4417,00000000;4417,00000000;0,0
2020-12-08T00:00:00+00:00;USDTBEAR/USD;4417,00000000;4417,00000000;4417,00000000;4417,00000000;0,0
2020-12-07T00:00:00+00:00;USDTBEAR/USD;4417,00000000;4417,00000000;4417,00000000;4417,00000000;0,0
2020-12-06T00:00:00+00:00;USDTBEAR/USD;4417,00000000;4417,00000000;4417,00000000;4417,00000000;0,0
2020-12-05T00:00:00+00:00;USDTBEAR/USD;4417,00000000;4417,00000000;4417,00000000;4417,00000000;0,0
2020-12-04T00:00:00+00:00;USDTBEAR/USD;4417,00000000;4417,00000000;4417,00000000;4417,00000000;0,0
2020-12-03T00:00:00+00:00;USDTBEAR/USD;4417,00000000;4417,00000000;4417,00000000;4417,00000000;0,0
2020-12-02T00:00:00+00:00;USDTBEAR/USD;4417,00000000;4417,00000000;4417,00000000;4417,00000000;0,0
2020-12-01T00:00:00+00:00;USDTBEAR/USD;4417,00000000;4417,00000000;4417,00000000;4417,00000000;0,0
2020-11-30T00:00:00+00:00;USDTBEAR/USD;4417,00000000;4417,00000000;4417,00000000;4417,00000000;0,0
2020-11-29T00:00:00+00:00;USDTBEAR/USD;4417,00000000;4417,00000000;4417,00000000;4417,00000000;0,0
2020-11-28T00:00:00+00:00;USDTBEAR/USD;4417,00000000;4417,00000000;4417,00000000;4417,00000000;0,0
2020-11-27T00:00:00+00:00;USDTBEAR/USD;4417,00000000;4417,00000000;4417,00000000;4417,00000000;0,0
2020-11-26T00:00:00+00:00;USDTBEAR/USD;4419,00000000;4428,00000000;4417,00000000;4417,00000000;-0,05
2020-11-25T00:00:00+00:00;USDTBEAR/USD;4417,00000000;4421,00000000;4417,00000000;4419,00000000;0,05
2020-11-24T00:00:00+00:00;USDTBEAR/USD;4468,00000000;4483,00000000;4417,00000000;4417,00000000;-1,15
2020-11-23T00:00:00+00:00;USDTBEAR/USD;4470,00000000;4483,00000000;4466,00000000;4468,00000000;-0,04
2020-11-22T00:00:00+00:00;USDTBEAR/USD;4440,00000000;4483,00000000;4440,00000000;4470,00000000;0,67
2020-11-21T00:00:00+00:00;USDTBEAR/USD;4440,00000000;4440,00000000;4440,00000000;4440,00000000;0,0
2020-11-20T00:00:00+00:00;USDTBEAR/USD;4440,00000000;4440,00000000;4440,00000000;4440,00000000;0,0
2020-11-19T00:00:00+00:00;USDTBEAR/USD;4440,00000000;4440,00000000;4440,00000000;4440,00000000;0,0
2020-11-18T00:00:00+00:00;USDTBEAR/USD;4440,00000000;4440,00000000;4440,00000000;4440,00000000;0,0
2020-11-17T00:00:00+00:00;USDTBEAR/USD;4440,00000000;4440,00000000;4440,00000000;4440,00000000;0,0
2020-11-16T00:00:00+00:00;USDTBEAR/USD;4440,00000000;4440,00000000;4440,00000000;4440,00000000;0,0
2020-11-15T00:00:00+00:00;USDTBEAR/USD;4440,00000000;4440,00000000;4440,00000000;4440,00000000;0,0
2020-11-14T00:00:00+00:00;USDTBEAR/USD;4441,00000000;4441,00000000;4440,00000000;4440,00000000;-0,02
2020-11-13T00:00:00+00:00;USDTBEAR/USD;4485,00000000;4490,00000000;4440,00000000;4441,00000000;-0,99
2020-11-12T00:00:00+00:00;USDTBEAR/USD;4496,00000000;4496,00000000;4482,00000000;4485,00000000;-0,25
2020-11-11T00:00:00+00:00;USDTBEAR/USD;4508,00000000;4517,00000000;4496,00000000;4496,00000000;-0,27
2020-11-10T00:00:00+00:00;USDTBEAR/USD;4513,00000000;4517,00000000;4507,00000000;4508,00000000;-0,11
2020-11-09T00:00:00+00:00;USDTBEAR/USD;4517,00000000;4517,00000000;4510,00000000;4513,00000000;-0,09
2020-11-08T00:00:00+00:00;USDTBEAR/USD;4517,00000000;4517,00000000;4514,00000000;4517,00000000;0,0
2020-11-07T00:00:00+00:00;USDTBEAR/USD;4496,00000000;4517,00000000;4496,00000000;4517,00000000;0,46
2020-11-06T00:00:00+00:00;USDTBEAR/USD;4496,00000000;4496,00000000;4496,00000000;4496,00000000;0,0
2020-11-05T00:00:00+00:00;USDTBEAR/USD;4500,00000000;4501,00000000;4496,00000000;4496,00000000;-0,09
2020-11-04T00:00:00+00:00;USDTBEAR/USD;4546,00000000;4630,00000000;4496,00000000;4500,00000000;-1,02
2020-11-03T00:00:00+00:00;USDTBEAR/USD;4551,00000000;4568,00000000;4543,00000000;4546,00000000;-0,11
2020-11-02T00:00:00+00:00;USDTBEAR/USD;4559,00000000;4645,00000000;4551,00000000;4551,00000000;-0,18
2020-11-01T00:00:00+00:00;USDTBEAR/USD;4572,00000000;4593,00000000;4559,00000000;4559,00000000;-0,29
2020-10-31T00:00:00+00:00;USDTBEAR/USD;4579,00000000;4633,00000000;4572,00000000;4572,00000000;-0,15
2020-10-30T00:00:00+00:00;USDTBEAR/USD;4593,00000000;4738,00000000;4579,00000000;4579,00000000;-0,31
2020-10-29T00:00:00+00:00;USDTBEAR/USD;4602,00000000;4634,00000000;4593,00000000;4593,00000000;-0,2
2020-10-28T00:00:00+00:00;USDTBEAR/USD;4609,00000000;4642,00000000;4601,00000000;4602,00000000;-0,15
2020-10-27T00:00:00+00:00;USDTBEAR/USD;4612,00000000;4669,00000000;4606,00000000;4609,00000000;-0,07
2020-10-26T00:00:00+00:00;USDTBEAR/USD;4621,00000000;4732,00000000;4612,00000000;4612,00000000;-0,2
2020-10-25T00:00:00+00:00;USDTBEAR/USD;4626,00000000;4692,00000000;4621,00000000;4621,00000000;-0,11
2020-10-24T00:00:00+00:00;USDTBEAR/USD;4638,00000000;4738,00000000;4626,00000000;4626,00000000;-0,26
2020-10-23T00:00:00+00:00;USDTBEAR/USD;4641,00000000;4728,00000000;4636,00000000;4638,00000000;-0,06
2020-10-22T00:00:00+00:00;USDTBEAR/USD;4645,00000000;4738,00000000;4641,00000000;4641,00000000;-0,09
2020-10-21T00:00:00+00:00;USDTBEAR/USD;4668,00000000;4701,00000000;4642,00000000;4645,00000000;-0,5
2020-10-20T00:00:00+00:00;USDTBEAR/USD;4674,00000000;4701,00000000;4668,00000000;4668,00000000;-0,13
2020-10-19T00:00:00+00:00;USDTBEAR/USD;4676,00000000;4701,00000000;4674,00000000;4674,00000000;-0,04
2020-10-18T00:00:00+00:00;USDTBEAR/USD;4684,00000000;4701,00000000;4676,00000000;4676,00000000;-0,17
2020-10-17T00:00:00+00:00;USDTBEAR/USD;4681,00000000;4738,00000000;4679,00000000;4684,00000000;0,06
2020-10-16T00:00:00+00:00;USDTBEAR/USD;4688,00000000;4738,00000000;4681,00000000;4681,00000000;-0,15
2020-10-15T00:00:00+00:00;USDTBEAR/USD;4693,00000000;4738,00000000;4686,00000000;4688,00000000;-0,11
2020-10-14T00:00:00+00:00;USDTBEAR/USD;4699,00000000;4738,00000000;4693,00000000;4693,00000000;-0,13
2020-10-13T00:00:00+00:00;USDTBEAR/USD;4702,00000000;4720,00000000;4699,00000000;4699,00000000;-0,06
2020-10-12T00:00:00+00:00;USDTBEAR/USD;4706,00000000;4738,00000000;4702,00000000;4702,00000000;-0,09
2020-10-11T00:00:00+00:00;USDTBEAR/USD;4705,00000000;4738,00000000;4704,00000000;4706,00000000;0,02
2020-10-10T00:00:00+00:00;USDTBEAR/USD;4705,00000000;4738,00000000;4702,00000000;4705,00000000;0,0
2020-10-09T00:00:00+00:00;USDTBEAR/USD;4706,00000000;4738,00000000;4705,00000000;4705,00000000;-0,02
2020-10-08T00:00:00+00:00;USDTBEAR/USD;4714,00000000;4738,00000000;4706,00000000;4706,00000000;-0,17
2020-10-07T00:00:00+00:00;USDTBEAR/USD;4714,00000000;4731,00000000;4709,00000000;4714,00000000;0,0
2020-10-06T00:00:00+00:00;USDTBEAR/USD;4715,00000000;4738,00000000;4708,00000000;4714,00000000;-0,02
2020-10-05T00:00:00+00:00;USDTBEAR/USD;4717,00000000;4736,00000000;4710,00000000;4715,00000000;-0,04
2020-10-04T00:00:00+00:00;USDTBEAR/USD;4723,00000000;4738,00000000;4716,00000000;4717,00000000;-0,13
2020-10-03T00:00:00+00:00;USDTBEAR/USD;4727,00000000;4738,00000000;4719,00000000;4723,00000000;-0,08
2020-10-02T00:00:00+00:00;USDTBEAR/USD;4736,00000000;4738,00000000;4726,00000000;4727,00000000;-0,19
2020-10-01T00:00:00+00:00;USDTBEAR/USD;4736,00000000;4738,00000000;4728,00000000;4736,00000000;0,0
2020-09-30T00:00:00+00:00;USDTBEAR/USD;4733,00000000;4738,00000000;4732,00000000;4736,00000000;0,06
2020-09-29T00:00:00+00:00;USDTBEAR/USD;4737,00000000;4738,00000000;4733,00000000;4733,00000000;-0,08
2020-09-28T00:00:00+00:00;USDTBEAR/USD;4733,00000000;4738,00000000;4731,00000000;4737,00000000;0,08
2020-09-27T00:00:00+00:00;USDTBEAR/USD;4736,00000000;4738,00000000;4732,00000000;4733,00000000;-0,06
2020-09-26T00:00:00+00:00;USDTBEAR/USD;4738,00000000;4738,00000000;4733,00000000;4736,00000000;-0,04
2020-09-25T00:00:00+00:00;USDTBEAR/USD;4738,00000000;4738,00000000;4738,00000000;4738,00000000;0,0
2020-09-24T00:00:00+00:00;USDTBEAR/USD;4738,00000000;4738,00000000;4738,00000000;4738,00000000;0,0
2020-09-23T00:00:00+00:00;USDTBEAR/USD;4738,00000000;4738,00000000;4738,00000000;4738,00000000;0,0
2020-09-22T00:00:00+00:00;USDTBEAR/USD;4738,00000000;4738,00000000;4738,00000000;4738,00000000;0,0
2020-09-21T00:00:00+00:00;USDTBEAR/USD;4738,00000000;4738,00000000;4738,00000000;4738,00000000;0,0
2020-09-20T00:00:00+00:00;USDTBEAR/USD;4738,00000000;4738,00000000;4738,00000000;4738,00000000;0,0
2020-09-19T00:00:00+00:00;USDTBEAR/USD;4738,00000000;4738,00000000;4738,00000000;4738,00000000;0,0
2020-09-18T00:00:00+00:00;USDTBEAR/USD;4738,00000000;4738,00000000;4738,00000000;4738,00000000;0,0
2020-09-17T00:00:00+00:00;USDTBEAR/USD;4738,00000000;4738,00000000;4738,00000000;4738,00000000;0,0
2020-09-16T00:00:00+00:00;USDTBEAR/USD;4738,00000000;4738,00000000;4738,00000000;4738,00000000;0,0
2020-09-15T00:00:00+00:00;USDTBEAR/USD;4738,00000000;4738,00000000;4738,00000000;4738,00000000;0,0
2020-09-14T00:00:00+00:00;USDTBEAR/USD;4738,00000000;4738,00000000;4738,00000000;4738,00000000;0,0
2020-09-13T00:00:00+00:00;USDTBEAR/USD;4738,00000000;4738,00000000;4738,00000000;4738,00000000;0,0
2020-09-12T00:00:00+00:00;USDTBEAR/USD;4738,00000000;4738,00000000;4738,00000000;4738,00000000;0,0
2020-09-11T00:00:00+00:00;USDTBEAR/USD;4738,00000000;4739,00000000;4738,00000000;4738,00000000;0,0
2020-09-10T00:00:00+00:00;USDTBEAR/USD;4738,00000000;4738,00000000;4738,00000000;4738,00000000;0,0
2020-09-09T00:00:00+00:00;USDTBEAR/USD;4744,00000000;4744,00000000;4738,00000000;4738,00000000;-0,13
2020-09-08T00:00:00+00:00;USDTBEAR/USD;4770,00000000;4770,00000000;4738,00000000;4744,00000000;-0,55
2020-09-07T00:00:00+00:00;USDTBEAR/USD;4770,00000000;4770,00000000;4770,00000000;4770,00000000;0,0
2020-09-06T00:00:00+00:00;USDTBEAR/USD;4770,00000000;4770,00000000;4770,00000000;4770,00000000;0,0
2020-09-05T00:00:00+00:00;USDTBEAR/USD;4778,00000000;4781,00000000;4770,00000000;4770,00000000;-0,17
2020-09-04T00:00:00+00:00;USDTBEAR/USD;4785,00000000;4817,00000000;4775,00000000;4778,00000000;-0,15
2020-09-03T00:00:00+00:00;USDTBEAR/USD;4786,00000000;4817,00000000;4780,00000000;4785,00000000;-0,02
2020-09-02T00:00:00+00:00;USDTBEAR/USD;4790,00000000;4817,00000000;4786,00000000;4786,00000000;-0,08
2020-09-01T00:00:00+00:00;USDTBEAR/USD;4794,00000000;4817,00000000;4786,00000000;4790,00000000;-0,08
2020-08-31T00:00:00+00:00;USDTBEAR/USD;4797,00000000;4817,00000000;4792,00000000;4794,00000000;-0,06
2020-08-30T00:00:00+00:00;USDTBEAR/USD;4798,00000000;4817,00000000;4794,00000000;4797,00000000;-0,02
2020-08-29T00:00:00+00:00;USDTBEAR/USD;4797,00000000;4817,00000000;4793,00000000;4798,00000000;0,02
2020-08-28T00:00:00+00:00;USDTBEAR/USD;4807,00000000;4817,00000000;4797,00000000;4797,00000000;-0,21
2020-08-27T00:00:00+00:00;USDTBEAR/USD;4804,00000000;4817,00000000;4795,00000000;4807,00000000;0,06
2020-08-26T00:00:00+00:00;USDTBEAR/USD;4806,00000000;4817,00000000;4800,00000000;4804,00000000;-0,04
2020-08-25T00:00:00+00:00;USDTBEAR/USD;4806,00000000;4817,00000000;4804,00000000;4806,00000000;0,0
2020-08-24T00:00:00+00:00;USDTBEAR/USD;4801,00000000;4817,00000000;4799,00000000;4806,00000000;0,1
2020-08-23T00:00:00+00:00;USDTBEAR/USD;4814,00000000;4817,00000000;4801,00000000;4801,00000000;-0,27
2020-08-22T00:00:00+00:00;USDTBEAR/USD;4817,00000000;4817,00000000;4811,00000000;4814,00000000;-0,06
2020-08-21T00:00:00+00:00;USDTBEAR/USD;4809,00000000;4817,00000000;4807,00000000;4817,00000000;0,17
2020-08-20T00:00:00+00:00;USDTBEAR/USD;4814,00000000;4817,00000000;4809,00000000;4809,00000000;-0,1
2020-08-19T00:00:00+00:00;USDTBEAR/USD;4781,00000000;4817,00000000;4781,00000000;4814,00000000;0,69
2020-08-18T00:00:00+00:00;USDTBEAR/USD;4781,00000000;4784,00000000;4781,00000000;4781,00000000;0,0
2020-08-17T00:00:00+00:00;USDTBEAR/USD;4782,00000000;4784,00000000;4781,00000000;4781,00000000;-0,02
2020-08-16T00:00:00+00:00;USDTBEAR/USD;4783,00000000;4783,00000000;4781,00000000;4782,00000000;-0,02
2020-08-15T00:00:00+00:00;USDTBEAR/USD;4783,00000000;4783,00000000;4783,00000000;4783,00000000;0,0
2020-08-14T00:00:00+00:00;USDTBEAR/USD;4783,00000000;4783,00000000;4783,00000000;4783,00000000;0,0
2020-08-13T00:00:00+00:00;USDTBEAR/USD;4786,00000000;4786,00000000;4783,00000000;4783,00000000;-0,06
2020-08-12T00:00:00+00:00;USDTBEAR/USD;4786,00000000;4787,00000000;4783,00000000;4786,00000000;0,0
2020-08-11T00:00:00+00:00;USDTBEAR/USD;4783,00000000;4787,00000000;4783,00000000;4786,00000000;0,06
2020-08-10T00:00:00+00:00;USDTBEAR/USD;4783,00000000;4783,00000000;4783,00000000;4783,00000000;0,0
2020-08-09T00:00:00+00:00;USDTBEAR/USD;4783,00000000;4783,00000000;4783,00000000;4783,00000000;0,0
2020-08-08T00:00:00+00:00;USDTBEAR/USD;4829,00000000;4854,00000000;4783,00000000;4783,00000000;-0,96
2020-08-07T00:00:00+00:00;USDTBEAR/USD;4839,00000000;4868,00000000;4829,00000000;4829,00000000;-0,21
2020-08-06T00:00:00+00:00;USDTBEAR/USD;4846,00000000;4876,00000000;4831,00000000;4839,00000000;-0,14
2020-08-05T00:00:00+00:00;USDTBEAR/USD;4859,00000000;4937,00000000;4841,00000000;4846,00000000;-0,27
2020-08-04T00:00:00+00:00;USDTBEAR/USD;4863,00000000;4912,00000000;4852,00000000;4859,00000000;-0,08
2020-08-03T00:00:00+00:00;USDTBEAR/USD;4883,00000000;4937,00000000;4857,00000000;4863,00000000;-0,41
2020-08-02T00:00:00+00:00;USDTBEAR/USD;4874,00000000;4937,00000000;4865,00000000;4883,00000000;0,18
2020-08-01T00:00:00+00:00;USDTBEAR/USD;4882,00000000;4937,00000000;4863,00000000;4874,00000000;-0,16
2020-07-31T00:00:00+00:00;USDTBEAR/USD;4883,00000000;4937,00000000;4878,00000000;4882,00000000;-0,02
2020-07-30T00:00:00+00:00;USDTBEAR/USD;4897,00000000;4937,00000000;4883,00000000;4883,00000000;-0,29
2020-07-29T00:00:00+00:00;USDTBEAR/USD;4894,00000000;4937,00000000;4892,00000000;4897,00000000;0,06
2020-07-28T00:00:00+00:00;USDTBEAR/USD;4900,00000000;4937,00000000;4894,00000000;4894,00000000;-0,12
2020-07-27T00:00:00+00:00;USDTBEAR/USD;4912,00000000;4937,00000000;4893,00000000;4900,00000000;-0,24
2020-07-26T00:00:00+00:00;USDTBEAR/USD;4918,00000000;4937,00000000;4911,00000000;4912,00000000;-0,12
2020-07-25T00:00:00+00:00;USDTBEAR/USD;4924,00000000;4937,00000000;4917,00000000;4918,00000000;-0,12
2020-07-24T00:00:00+00:00;USDTBEAR/USD;4937,00000000;4937,00000000;4924,00000000;4924,00000000;-0,26
2020-07-23T00:00:00+00:00;USDTBEAR/USD;4939,00000000;4945,00000000;4933,00000000;4937,00000000;-0,04
2020-07-22T00:00:00+00:00;USDTBEAR/USD;4945,00000000;4945,00000000;4939,00000000;4939,00000000;-0,12
2020-07-21T00:00:00+00:00;USDTBEAR/USD;4945,00000000;4945,00000000;4945,00000000;4945,00000000;0,0
2020-07-20T00:00:00+00:00;USDTBEAR/USD;4945,00000000;4945,00000000;4945,00000000;4945,00000000;0,0
2020-07-19T00:00:00+00:00;USDTBEAR/USD;4945,00000000;4945,00000000;4945,00000000;4945,00000000;0,0
2020-07-18T00:00:00+00:00;USDTBEAR/USD;4949,00000000;4949,00000000;4945,00000000;4945,00000000;-0,08
2020-07-17T00:00:00+00:00;USDTBEAR/USD;4951,00000000;4954,00000000;4945,00000000;4949,00000000;-0,04
2020-07-16T00:00:00+00:00;USDTBEAR/USD;4951,00000000;4955,00000000;4945,00000000;4951,00000000;0,0
2020-07-15T00:00:00+00:00;USDTBEAR/USD;4945,00000000;4951,00000000;4945,00000000;4951,00000000;0,12
2020-07-14T00:00:00+00:00;USDTBEAR/USD;4974,00000000;4974,00000000;4945,00000000;4945,00000000;-0,59
2020-07-13T00:00:00+00:00;USDTBEAR/USD;4974,00000000;4974,00000000;4972,00000000;4974,00000000;0,0
2020-07-12T00:00:00+00:00;USDTBEAR/USD;4952,00000000;4974,00000000;4952,00000000;4974,00000000;0,44
2020-07-11T00:00:00+00:00;USDTBEAR/USD;4952,00000000;4952,00000000;4952,00000000;4952,00000000;0,0
2020-07-10T00:00:00+00:00;USDTBEAR/USD;4952,00000000;4954,00000000;4952,00000000;4952,00000000;0,0
2020-07-09T00:00:00+00:00;USDTBEAR/USD;4952,00000000;4952,00000000;4952,00000000;4952,00000000;0,0
2020-07-08T00:00:00+00:00;USDTBEAR/USD;4952,00000000;4952,00000000;4952,00000000;4952,00000000;0,0
2020-07-07T00:00:00+00:00;USDTBEAR/USD;4952,00000000;4952,00000000;4952,00000000;4952,00000000;0,0
2020-07-06T00:00:00+00:00;USDTBEAR/USD;4952,00000000;4952,00000000;4952,00000000;4952,00000000;0,0
2020-07-05T00:00:00+00:00;USDTBEAR/USD;4971,00000000;4977,00000000;4949,00000000;4952,00000000;-0,38
2020-07-04T00:00:00+00:00;USDTBEAR/USD;4971,00000000;4971,00000000;4971,00000000;4971,00000000;0,0
2020-07-03T00:00:00+00:00;USDTBEAR/USD;4971,00000000;4971,00000000;4971,00000000;4971,00000000;0,0
2020-07-02T00:00:00+00:00;USDTBEAR/USD;4971,00000000;4971,00000000;4971,00000000;4971,00000000;0,0
2020-07-01T00:00:00+00:00;USDTBEAR/USD;4971,00000000;4971,00000000;4971,00000000;4971,00000000;0,0
2020-06-30T00:00:00+00:00;USDTBEAR/USD;4971,00000000;4971,00000000;4971,00000000;4971,00000000;0,0
2020-06-29T00:00:00+00:00;USDTBEAR/USD;4971,00000000;4971,00000000;4971,00000000;4971,00000000;0,0
2020-06-28T00:00:00+00:00;USDTBEAR/USD;4971,00000000;4971,00000000;4971,00000000;4971,00000000;0,0
2020-06-27T00:00:00+00:00;USDTBEAR/USD;4971,00000000;4971,00000000;4971,00000000;4971,00000000;0,0
2020-06-26T00:00:00+00:00;USDTBEAR/USD;4971,00000000;4971,00000000;4971,00000000;4971,00000000;0,0
2020-06-25T00:00:00+00:00;USDTBEAR/USD;4971,00000000;4971,00000000;4968,00000000;4971,00000000;0,0
2020-06-24T00:00:00+00:00;USDTBEAR/USD;4958,00000000;4971,00000000;4956,00000000;4971,00000000;0,26
2020-06-23T00:00:00+00:00;USDTBEAR/USD;4961,00000000;4971,00000000;4957,00000000;4958,00000000;-0,06
2020-06-22T00:00:00+00:00;USDTBEAR/USD;4971,00000000;4971,00000000;4958,00000000;4961,00000000;-0,2
2020-06-21T00:00:00+00:00;USDTBEAR/USD;4965,00000000;4971,00000000;4963,00000000;4971,00000000;0,12
2020-06-20T00:00:00+00:00;USDTBEAR/USD;4971,00000000;4971,00000000;4963,00000000;4965,00000000;-0,12
2020-06-19T00:00:00+00:00;USDTBEAR/USD;4965,00000000;4971,00000000;4960,00000000;4971,00000000;0,12
2020-06-18T00:00:00+00:00;USDTBEAR/USD;4959,00000000;4971,00000000;4956,00000000;4965,00000000;0,12
2020-06-17T00:00:00+00:00;USDTBEAR/USD;4951,00000000;4971,00000000;4947,00000000;4959,00000000;0,16
2020-06-16T00:00:00+00:00;USDTBEAR/USD;4946,00000000;4971,00000000;4943,00000000;4951,00000000;0,1
2020-06-15T00:00:00+00:00;USDTBEAR/USD;4948,00000000;4971,00000000;4946,00000000;4946,00000000;-0,04
2020-06-14T00:00:00+00:00;USDTBEAR/USD;4948,00000000;4959,00000000;4945,00000000;4948,00000000;0,0
2020-06-13T00:00:00+00:00;USDTBEAR/USD;4951,00000000;4959,00000000;4948,00000000;4948,00000000;-0,06
2020-06-12T00:00:00+00:00;USDTBEAR/USD;4960,00000000;4971,00000000;4949,00000000;4951,00000000;-0,18
2020-06-11T00:00:00+00:00;USDTBEAR/USD;4947,00000000;4971,00000000;4938,00000000;4960,00000000;0,26
2020-06-10T00:00:00+00:00;USDTBEAR/USD;4952,00000000;4971,00000000;4947,00000000;4947,00000000;-0,1
2020-06-09T00:00:00+00:00;USDTBEAR/USD;4959,00000000;4971,00000000;4947,00000000;4952,00000000;-0,14
2020-06-08T00:00:00+00:00;USDTBEAR/USD;4969,00000000;4971,00000000;4959,00000000;4959,00000000;-0,2
2020-06-07T00:00:00+00:00;USDTBEAR/USD;4971,00000000;4971,00000000;4966,00000000;4969,00000000;-0,04
2020-06-06T00:00:00+00:00;USDTBEAR/USD;4971,00000000;4971,00000000;4971,00000000;4971,00000000;0,0
2020-06-05T00:00:00+00:00;USDTBEAR/USD;4971,00000000;4971,00000000;4971,00000000;4971,00000000;0,0
2020-06-04T00:00:00+00:00;USDTBEAR/USD;4971,00000000;4971,00000000;4971,00000000;4971,00000000;0,0
2020-06-03T00:00:00+00:00;USDTBEAR/USD;4971,00000000;4971,00000000;4971,00000000;4971,00000000;0,0
2020-06-02T00:00:00+00:00;USDTBEAR/USD;4971,00000000;4989,00000000;4971,00000000;4971,00000000;0,0
2020-06-01T00:00:00+00:00;USDTBEAR/USD;4972,00000000;4973,00000000;4971,00000000;4971,00000000;-0,02
2020-05-31T00:00:00+00:00;USDTBEAR/USD;4971,00000000;4972,00000000;4971,00000000;4972,00000000;0,02
2020-05-30T00:00:00+00:00;USDTBEAR/USD;5009,00000000;5067,00000000;4971,00000000;4971,00000000;-0,76
2020-05-29T00:00:00+00:00;USDTBEAR/USD;5007,00000000;5067,00000000;5004,00000000;5009,00000000;0,04
2020-05-28T00:00:00+00:00;USDTBEAR/USD;5023,00000000;5067,00000000;5004,00000000;5007,00000000;-0,32
2020-05-27T00:00:00+00:00;USDTBEAR/USD;5029,00000000;5067,00000000;5015,00000000;5023,00000000;-0,12
2020-05-26T00:00:00+00:00;USDTBEAR/USD;5038,00000000;5067,00000000;5028,00000000;5029,00000000;-0,18
2020-05-25T00:00:00+00:00;USDTBEAR/USD;5048,00000000;5067,00000000;5034,00000000;5038,00000000;-0,2
2020-05-24T00:00:00+00:00;USDTBEAR/USD;5056,00000000;5067,00000000;5041,00000000;5048,00000000;-0,16
2020-05-23T00:00:00+00:00;USDTBEAR/USD;5067,00000000;5067,00000000;5048,00000000;5056,00000000;-0,22
2020-05-22T00:00:00+00:00;USDTBEAR/USD;5067,00000000;5067,00000000;5063,00000000;5067,00000000;0,0
2020-05-21T00:00:00+00:00;USDTBEAR/USD;5067,00000000;5067,00000000;5067,00000000;5067,00000000;0,0
2020-05-20T00:00:00+00:00;USDTBEAR/USD;5067,00000000;5067,00000000;5066,00000000;5067,00000000;0,0
2020-05-19T00:00:00+00:00;USDTBEAR/USD;5067,00000000;5067,00000000;5067,00000000;5067,00000000;0,0
2020-05-18T00:00:00+00:00;USDTBEAR/USD;5067,00000000;5067,00000000;5067,00000000;5067,00000000;0,0
2020-05-17T00:00:00+00:00;USDTBEAR/USD;5067,00000000;5067,00000000;5067,00000000;5067,00000000;0,0
2020-05-16T00:00:00+00:00;USDTBEAR/USD;5067,00000000;5068,00000000;5067,00000000;5067,00000000;0,0
2020-05-15T00:00:00+00:00;USDTBEAR/USD;5067,00000000;5070,00000000;5067,00000000;5068,00000000;0,02
2020-05-14T00:00:00+00:00;USDTBEAR/USD;5067,00000000;5067,00000000;5067,00000000;5067,00000000;0,0
2020-05-13T00:00:00+00:00;USDTBEAR/USD;5067,00000000;5067,00000000;5067,00000000;5067,00000000;0,0
2020-05-12T00:00:00+00:00;USDTBEAR/USD;5067,00000000;5067,00000000;5067,00000000;5067,00000000;0,0
2020-05-11T00:00:00+00:00;USDTBEAR/USD;5067,00000000;5071,00000000;5067,00000000;5067,00000000;0,0
2020-05-10T00:00:00+00:00;USDTBEAR/USD;5076,00000000;5122,00000000;5067,00000000;5067,00000000;-0,18
2020-05-09T00:00:00+00:00;USDTBEAR/USD;5067,00000000;5076,00000000;5067,00000000;5076,00000000;0,18
2020-05-08T00:00:00+00:00;USDTBEAR/USD;5067,00000000;5069,00000000;5067,00000000;5067,00000000;0,0
2020-05-07T00:00:00+00:00;USDTBEAR/USD;5069,00000000;5072,00000000;5067,00000000;5067,00000000;-0,04
2020-05-06T00:00:00+00:00;USDTBEAR/USD;5109,00000000;5115,00000000;5067,00000000;5069,00000000;-0,79
2020-05-05T00:00:00+00:00;USDTBEAR/USD;5107,00000000;5115,00000000;5097,00000000;5109,00000000;0,04
2020-05-04T00:00:00+00:00;USDTBEAR/USD;5114,00000000;5115,00000000;5083,00000000;5107,00000000;-0,14
2020-05-03T00:00:00+00:00;USDTBEAR/USD;5101,00000000;5114,00000000;5101,00000000;5114,00000000;0,25
2020-05-02T00:00:00+00:00;USDTBEAR/USD;5101,00000000;5101,00000000;5101,00000000;5101,00000000;0,0
2020-05-01T00:00:00+00:00;USDTBEAR/USD;5101,00000000;5101,00000000;5101,00000000;5101,00000000;0,0
2020-04-30T00:00:00+00:00;USDTBEAR/USD;5101,00000000;5101,00000000;5101,00000000;5101,00000000;0,0
2020-04-29T00:00:00+00:00;USDTBEAR/USD;5101,00000000;5101,00000000;5097,00000000;5101,00000000;0,0
2020-04-28T00:00:00+00:00;USDTBEAR/USD;5101,00000000;5101,00000000;5101,00000000;5101,00000000;0,0
2020-04-27T00:00:00+00:00;USDTBEAR/USD;5101,00000000;5103,00000000;5101,00000000;5101,00000000;0,0
2020-04-26T00:00:00+00:00;USDTBEAR/USD;5137,00000000;5137,00000000;5101,00000000;5101,00000000;-0,71
2020-04-25T00:00:00+00:00;USDTBEAR/USD;5134,00000000;5137,00000000;5130,00000000;5137,00000000;0,06
2020-04-24T00:00:00+00:00;USDTBEAR/USD;5131,00000000;5137,00000000;5126,00000000;5134,00000000;0,06
2020-04-23T00:00:00+00:00;USDTBEAR/USD;5129,00000000;5137,00000000;5121,00000000;5131,00000000;0,04
2020-04-22T00:00:00+00:00;USDTBEAR/USD;5130,00000000;5137,00000000;5123,00000000;5129,00000000;-0,02
2020-04-21T00:00:00+00:00;USDTBEAR/USD;5130,00000000;5137,00000000;5127,00000000;5130,00000000;0,0
2020-04-20T00:00:00+00:00;USDTBEAR/USD;5116,00000000;5137,00000000;5116,00000000;5130,00000000;0,27
2020-04-19T00:00:00+00:00;USDTBEAR/USD;5116,00000000;5116,00000000;5116,00000000;5116,00000000;0,0
2020-04-18T00:00:00+00:00;USDTBEAR/USD;5116,00000000;5116,00000000;5116,00000000;5116,00000000;0,0
2020-04-17T00:00:00+00:00;USDTBEAR/USD;5116,00000000;5116,00000000;5116,00000000;5116,00000000;0,0
2020-04-16T00:00:00+00:00;USDTBEAR/USD;5116,00000000;5141,00000000;5106,00000000;5116,00000000;0,0
2020-04-15T00:00:00+00:00;USDTBEAR/USD;5135,00000000;5135,00000000;5106,00000000;5116,00000000;-0,37
2020-04-14T00:00:00+00:00;USDTBEAR/USD;5137,00000000;5142,00000000;5125,00000000;5135,00000000;-0,04
2020-04-13T00:00:00+00:00;USDTBEAR/USD;5139,00000000;5142,00000000;5135,00000000;5137,00000000;-0,04
2020-04-12T00:00:00+00:00;USDTBEAR/USD;5142,00000000;5142,00000000;5129,00000000;5139,00000000;-0,06
2020-04-11T00:00:00+00:00;USDTBEAR/USD;5142,00000000;5142,00000000;5142,00000000;5142,00000000;0,0
2020-04-10T00:00:00+00:00;USDTBEAR/USD;5142,00000000;5146,00000000;5142,00000000;5142,00000000;0,0
2020-04-09T00:00:00+00:00;USDTBEAR/USD;5154,00000000;5154,00000000;5142,00000000;5142,00000000;-0,23
2020-04-08T00:00:00+00:00;USDTBEAR/USD;5183,00000000;5183,00000000;5154,00000000;5154,00000000;-0,56
2020-04-07T00:00:00+00:00;USDTBEAR/USD;5143,00000000;5183,00000000;5143,00000000;5183,00000000;0,77
2020-04-06T00:00:00+00:00;USDTBEAR/USD;5173,00000000;5176,00000000;5143,00000000;5143,00000000;-0,58
2020-04-05T00:00:00+00:00;USDTBEAR/USD;5168,00000000;5176,00000000;5164,00000000;5173,00000000;0,1
2020-04-04T00:00:00+00:00;USDTBEAR/USD;5171,00000000;5171,00000000;5166,00000000;5168,00000000;-0,06
2020-04-03T00:00:00+00:00;USDTBEAR/USD;5171,00000000;5171,00000000;5171,00000000;5171,00000000;0,0
2020-04-02T00:00:00+00:00;USDTBEAR/USD;5168,00000000;5179,00000000;5158,00000000;5171,00000000;0,06
2020-04-01T00:00:00+00:00;USDTBEAR/USD;5173,00000000;5179,00000000;5165,00000000;5168,00000000;-0,1
2020-03-31T00:00:00+00:00;USDTBEAR/USD;5174,00000000;5174,00000000;5173,00000000;5173,00000000;-0,02
2020-03-30T00:00:00+00:00;USDTBEAR/USD;5174,00000000;5174,00000000;5169,00000000;5174,00000000;0,0
2020-03-29T00:00:00+00:00;USDTBEAR/USD;5174,00000000;5174,00000000;5174,00000000;5174,00000000;0,0
2020-03-28T00:00:00+00:00;USDTBEAR/USD;5174,00000000;5174,00000000;5174,00000000;5174,00000000;0,0
2020-03-27T00:00:00+00:00;USDTBEAR/USD;5166,00000000;5194,00000000;5153,00000000;5174,00000000;0,15
2020-03-26T00:00:00+00:00;USDTBEAR/USD;5182,00000000;5202,00000000;5158,00000000;5166,00000000;-0,31
2020-03-25T00:00:00+00:00;USDTBEAR/USD;5175,00000000;5202,00000000;5175,00000000;5182,00000000;0,14
2020-03-24T00:00:00+00:00;USDTBEAR/USD;5202,00000000;5202,00000000;5175,00000000;5175,00000000;-0,52
2020-03-23T00:00:00+00:00;USDTBEAR/USD;5211,00000000;5249,00000000;5202,00000000;5202,00000000;-0,17
2020-03-22T00:00:00+00:00;USDTBEAR/USD;5204,00000000;5220,00000000;5204,00000000;5211,00000000;0,13
2020-03-21T00:00:00+00:00;USDTBEAR/USD;5221,00000000;5234,00000000;5204,00000000;5204,00000000;-0,33
2020-03-20T00:00:00+00:00;USDTBEAR/USD;5213,00000000;5249,00000000;5181,00000000;5221,00000000;0,15
2020-03-19T00:00:00+00:00;USDTBEAR/USD;5239,00000000;5268,00000000;5194,00000000;5213,00000000;-0,5
2020-03-18T00:00:00+00:00;USDTBEAR/USD;5265,00000000;5283,00000000;5216,00000000;5239,00000000;-0,5
2020-03-17T00:00:00+00:00;USDTBEAR/USD;5270,00000000;5310,00000000;5220,00000000;5265,00000000;-0,09
2020-03-16T00:00:00+00:00;USDTBEAR/USD;5350,00000000;5390,00000000;5175,00000000;5270,00000000;-1,52
2020-03-15T00:00:00+00:00;USDTBEAR/USD;5340,00000000;5360,00000000;5272,50000000;5350,00000000;0,19
2020-03-14T00:00:00+00:00;USDTBEAR/USD;5245,00000000;5347,00000000;5201,00000000;5340,00000000;1,78
2020-03-13T00:00:00+00:00;USDTBEAR/USD;5340,00000000;5425,00000000;4705,00000000;5245,00000000;-1,81
2020-03-12T00:00:00+00:00;USDTBEAR/USD;5297,50000000;5425,00000000;5245,00000000;5330,00000000;0,61
2020-03-11T00:00:00+00:00;USDTBEAR/USD;5305,00000000;5320,00000000;5297,50000000;5297,50000000;-0,14
2020-03-10T00:00:00+00:00;USDTBEAR/USD;5300,00000000;5330,00000000;5297,50000000;5305,00000000;0,09
2020-03-09T00:00:00+00:00;USDTBEAR/USD;5305,00000000;5330,00000000;5297,50000000;5300,00000000;-0,09
2020-03-08T00:00:00+00:00;USDTBEAR/USD;5302,50000000;5315,00000000;5295,00000000;5305,00000000;0,05
2020-03-07T00:00:00+00:00;USDTBEAR/USD;5292,50000000;5315,00000000;5285,00000000;5302,50000000;0,19
2020-03-06T00:00:00+00:00;USDTBEAR/USD;5307,50000000;5315,00000000;5292,50000000;5292,50000000;-0,28
2020-03-05T00:00:00+00:00;USDTBEAR/USD;5315,00000000;5315,00000000;5302,50000000;5307,50000000;-0,14
2020-03-04T00:00:00+00:00;USDTBEAR/USD;5315,00000000;5315,00000000;5312,50000000;5315,00000000;0,0
2020-03-03T00:00:00+00:00;USDTBEAR/USD;5315,00000000;5315,00000000;5310,00000000;5315,00000000;0,0
2020-03-02T00:00:00+00:00;USDTBEAR/USD;5315,00000000;5315,00000000;5315,00000000;5315,00000000;0,0
2020-03-01T00:00:00+00:00;USDTBEAR/USD;5315,00000000;5315,00000000;5305,00000000;5315,00000000;0,0
2020-02-29T00:00:00+00:00;USDTBEAR/USD;5315,00000000;5315,00000000;5310,00000000;5315,00000000;0,0
2020-02-28T00:00:00+00:00;USDTBEAR/USD;5315,00000000;5325,00000000;5315,00000000;5315,00000000;0,0
2020-02-27T00:00:00+00:00;USDTBEAR/USD;5315,00000000;5320,00000000;5315,00000000;5315,00000000;0,0
2020-02-26T00:00:00+00:00;USDTBEAR/USD;5315,00000000;5330,00000000;5315,00000000;5315,00000000;0,0
2020-02-25T00:00:00+00:00;USDTBEAR/USD;5307,50000000;5315,00000000;5297,50000000;5315,00000000;0,14
2020-02-24T00:00:00+00:00;USDTBEAR/USD;5285,00000000;5315,00000000;5258,00000000;5307,50000000;0,42
2020-02-23T00:00:00+00:00;USDTBEAR/USD;5300,00000000;5300,00000000;5272,50000000;5285,00000000;-0,28
2020-02-22T00:00:00+00:00;USDTBEAR/USD;5310,00000000;5315,00000000;5300,00000000;5300,00000000;-0,19
2020-02-21T00:00:00+00:00;USDTBEAR/USD;5315,00000000;5315,00000000;5302,50000000;5310,00000000;-0,09
2020-02-20T00:00:00+00:00;USDTBEAR/USD;5305,00000000;5315,00000000;5300,00000000;5315,00000000;0,19
2020-02-19T00:00:00+00:00;USDTBEAR/USD;5315,00000000;5315,00000000;5275,00000000;5305,00000000;-0,19
2020-02-18T00:00:00+00:00;USDTBEAR/USD;5315,00000000;5315,00000000;5310,00000000;5315,00000000;0,0
2020-02-17T00:00:00+00:00;USDTBEAR/USD;5340,00000000;5352,50000000;5310,00000000;5315,00000000;-0,47
2020-02-16T00:00:00+00:00;USDTBEAR/USD;5352,50000000;5367,50000000;5330,00000000;5340,00000000;-0,23
2020-02-15T00:00:00+00:00;USDTBEAR/USD;5355,00000000;5397,50000000;5335,00000000;5352,50000000;-0,05
2020-02-14T00:00:00+00:00;USDTBEAR/USD;5385,00000000;5410,00000000;5355,00000000;5355,00000000;-0,56
2020-02-13T00:00:00+00:00;USDTBEAR/USD;5357,50000000;5410,00000000;5337,50000000;5385,00000000;0,51
2020-02-12T00:00:00+00:00;USDTBEAR/USD;5362,50000000;5385,00000000;5337,50000000;5357,50000000;-0,09
2020-02-11T00:00:00+00:00;USDTBEAR/USD;5430,00000000;5442,50000000;5350,00000000;5362,50000000;-1,26
2020-02-10T00:00:00+00:00;USDTBEAR/USD;5430,00000000;5452,50000000;5410,00000000;5430,00000000;0,0
2020-02-09T00:00:00+00:00;USDTBEAR/USD;5460,00000000;5460,00000000;5430,00000000;5430,00000000;-0,55
2020-02-08T00:00:00+00:00;USDTBEAR/USD;5460,00000000;5462,50000000;5457,50000000;5460,00000000;0,0
2020-02-07T00:00:00+00:00;USDTBEAR/USD;5460,00000000;5465,00000000;5460,00000000;5460,00000000;0,0
2020-02-06T00:00:00+00:00;USDTBEAR/USD;5457,50000000;5462,50000000;5457,50000000;5460,00000000;0,05
2020-02-05T00:00:00+00:00;USDTBEAR/USD;5467,50000000;5477,50000000;5455,00000000;5457,50000000;-0,18
2020-02-04T00:00:00+00:00;USDTBEAR/USD;5457,50000000;5472,50000000;5447,50000000;5467,50000000;0,18
2020-02-03T00:00:00+00:00;USDTBEAR/USD;5435,00000000;5472,50000000;5435,00000000;5457,50000000;0,41
2020-02-02T00:00:00+00:00;USDTBEAR/USD;5437,50000000;5450,00000000;5435,00000000;5435,00000000;-0,05
2020-02-01T00:00:00+00:00;USDTBEAR/USD;5450,00000000;5457,50000000;5435,00000000;5437,50000000;-0,23
2020-01-31T00:00:00+00:00;USDTBEAR/USD;5440,00000000;5450,00000000;5440,00000000;5450,00000000;0,18
2020-01-30T00:00:00+00:00;USDTBEAR/USD;5435,00000000;5455,00000000;5432,50000000;5440,00000000;0,09
2020-01-29T00:00:00+00:00;USDTBEAR/USD;5435,00000000;5435,00000000;5412,50000000;5435,00000000;0,0
2020-01-28T00:00:00+00:00;USDTBEAR/USD;5440,00000000;5440,00000000;5427,50000000;5435,00000000;-0,09
2020-01-27T00:00:00+00:00;USDTBEAR/USD;5422,50000000;5440,00000000;5422,50000000;5440,00000000;0,32
2020-01-26T00:00:00+00:00;USDTBEAR/USD;5412,50000000;5422,50000000;5412,50000000;5422,50000000;0,18
2020-01-25T00:00:00+00:00;USDTBEAR/USD;5412,50000000;5412,50000000;5412,50000000;5412,50000000;0,0
2020-01-24T00:00:00+00:00;USDTBEAR/USD;5412,50000000;5412,50000000;5412,50000000;5412,50000000;0,0
2020-01-23T00:00:00+00:00;USDTBEAR/USD;5392,50000000;5412,50000000;5392,50000000;5412,50000000;0,37
2020-01-22T00:00:00+00:00;USDTBEAR/USD;5367,50000000;5392,50000000;5367,50000000;5392,50000000;0,46
2020-01-21T00:00:00+00:00;USDTBEAR/USD;5352,50000000;5367,50000000;5350,00000000;5367,50000000;0,28
2020-01-20T00:00:00+00:00;USDTBEAR/USD;5352,50000000;5352,50000000;5352,50000000;5352,50000000;0,0
2020-01-19T00:00:00+00:00;USDTBEAR/USD;5337,50000000;5352,50000000;5337,50000000;5352,50000000;0,28
2020-01-18T00:00:00+00:00;USDTBEAR/USD;5332,50000000;5337,50000000;5330,00000000;5337,50000000;0,09
2020-01-17T00:00:00+00:00;USDTBEAR/USD;5332,50000000;5332,50000000;5330,00000000;5332,50000000;0,0
2020-01-16T00:00:00+00:00;USDTBEAR/USD;5330,00000000;5332,50000000;5330,00000000;5332,50000000;0,05
2020-01-15T00:00:00+00:00;USDTBEAR/USD;5312,50000000;5335,00000000;5312,50000000;5330,00000000;0,33
2020-01-14T00:00:00+00:00;USDTBEAR/USD;5327,50000000;5327,50000000;5310,00000000;5312,50000000;-0,28
2020-01-13T00:00:00+00:00;USDTBEAR/USD;5315,00000000;5327,50000000;5315,00000000;5327,50000000;0,23
2020-01-12T00:00:00+00:00;USDTBEAR/USD;5315,00000000;5315,00000000;5315,00000000;5315,00000000;0,0
2020-01-11T00:00:00+00:00;USDTBEAR/USD;5330,00000000;5330,00000000;5315,00000000;5315,00000000;-0,28
2020-01-10T00:00:00+00:00;USDTBEAR/USD;5335,00000000;5340,00000000;5327,50000000;5330,00000000;-0,09
2020-01-09T00:00:00+00:00;USDTBEAR/USD;5335,00000000;5335,00000000;5335,00000000;5335,00000000;0,0
2020-01-08T00:00:00+00:00;USDTBEAR/USD;5352,50000000;5352,50000000;5332,50000000;5335,00000000;-0,33
2020-01-07T00:00:00+00:00;USDTBEAR/USD;5390,00000000;5400,00000000;5352,50000000;5352,50000000;-0,7

