DATE/TIME;SYMBOL;OPEN;HIGH;LOW;CLOSE;EVOL % CLOSE/HIGH
2022-01-05T00:00:00+00:00;XRPHEDGE/USD;50,18000000;50,33500000;49,58500000;49,89000000;-0,58
2022-01-04T00:00:00+00:00;XRPHEDGE/USD;49,83500000;50,78000000;49,07000000;50,18000000;0,69
2022-01-03T00:00:00+00:00;XRPHEDGE/USD;48,41000000;50,29500000;48,35500000;49,83500000;2,86
2022-01-02T00:00:00+00:00;XRPHEDGE/USD;48,91000000;49,41500000;48,08500000;48,41000000;-1,03
2022-01-01T00:00:00+00:00;XRPHEDGE/USD;50,25000000;50,31000000;48,60500000;48,93500000;-2,69
2021-12-31T00:00:00+00:00;XRPHEDGE/USD;49,24500000;51,52500000;48,75000000;50,25000000;2,0
2021-12-30T00:00:00+00:00;XRPHEDGE/USD;50,71500000;51,55500000;48,41000000;49,24500000;-2,99
2021-12-29T00:00:00+00:00;XRPHEDGE/USD;48,79500000;51,10500000;47,90500000;50,78000000;3,91
2021-12-28T00:00:00+00:00;XRPHEDGE/USD;45,46000000;49,15500000;45,35000000;48,79500000;6,83
2021-12-27T00:00:00+00:00;XRPHEDGE/USD;45,58500000;45,81000000;43,99500000;45,46000000;-0,27
2021-12-26T00:00:00+00:00;XRPHEDGE/USD;45,55000000;46,26000000;45,04000000;45,58500000;0,08
2021-12-25T00:00:00+00:00;XRPHEDGE/USD;46,34000000;46,72500000;45,09500000;45,55000000;-1,73
2021-12-24T00:00:00+00:00;XRPHEDGE/USD;43,03000000;46,77000000;42,83000000;46,34000000;7,14
2021-12-23T00:00:00+00:00;XRPHEDGE/USD;44,93500000;45,51500000;41,93000000;43,03000000;-4,43
2021-12-22T00:00:00+00:00;XRPHEDGE/USD;45,30000000;46,21500000;43,94000000;44,93500000;-0,81
2021-12-21T00:00:00+00:00;XRPHEDGE/USD;49,14000000;50,41000000;44,52000000;45,30000000;-8,48
2021-12-20T00:00:00+00:00;XRPHEDGE/USD;51,77000000;52,38500000;47,02500000;49,14000000;-5,35
2021-12-19T00:00:00+00:00;XRPHEDGE/USD;52,44000000;52,75000000;50,94500000;51,77000000;-1,29
2021-12-18T00:00:00+00:00;XRPHEDGE/USD;54,20500000;54,71500000;51,86000000;52,44000000;-3,37
2021-12-17T00:00:00+00:00;XRPHEDGE/USD;53,73500000;55,72000000;52,19000000;54,20500000;0,87
2021-12-16T00:00:00+00:00;XRPHEDGE/USD;52,54500000;53,94000000;51,90000000;53,73500000;2,21
2021-12-15T00:00:00+00:00;XRPHEDGE/USD;53,65500000;56,37500000;51,75500000;52,54500000;-2,11
2021-12-14T00:00:00+00:00;XRPHEDGE/USD;55,91500000;56,37500000;52,87500000;53,65500000;-4,21
2021-12-13T00:00:00+00:00;XRPHEDGE/USD;52,17500000;56,97500000;51,88000000;55,91500000;6,69
2021-12-12T00:00:00+00:00;XRPHEDGE/USD;52,46500000;54,31500000;51,17500000;52,17500000;-0,56
2021-12-11T00:00:00+00:00;XRPHEDGE/USD;55,00500000;55,77000000;52,01000000;52,46500000;-4,84
2021-12-10T00:00:00+00:00;XRPHEDGE/USD;51,23500000;55,26500000;49,70500000;55,00500000;6,85
2021-12-09T00:00:00+00:00;XRPHEDGE/USD;51,20000000;52,92000000;47,37500000;51,23500000;0,07
2021-12-08T00:00:00+00:00;XRPHEDGE/USD;54,35500000;55,09000000;49,96500000;51,20000000;-6,16
2021-12-07T00:00:00+00:00;XRPHEDGE/USD;53,95000000;55,08500000;52,54500000;54,35500000;0,75
2021-12-06T00:00:00+00:00;XRPHEDGE/USD;55,70000000;58,91500000;53,75000000;53,95000000;-3,24
2021-12-05T00:00:00+00:00;XRPHEDGE/USD;53,27500000;56,80000000;52,43000000;55,70000000;4,35
2021-12-04T00:00:00+00:00;XRPHEDGE/USD;48,66500000;64,83000000;46,45000000;53,27500000;8,65
2021-12-03T00:00:00+00:00;XRPHEDGE/USD;46,48000000;49,28000000;46,13500000;48,66500000;4,49
2021-12-02T00:00:00+00:00;XRPHEDGE/USD;45,30500000;46,80000000;44,77500000;46,48000000;2,53
2021-12-01T00:00:00+00:00;XRPHEDGE/USD;45,46000000;45,80000000;43,91500000;45,30500000;-0,34
2021-11-30T00:00:00+00:00;XRPHEDGE/USD;45,84000000;46,20500000;44,08500000;45,46000000;-0,84
2021-11-29T00:00:00+00:00;XRPHEDGE/USD;46,87000000;47,38500000;45,31000000;45,84000000;-2,25
2021-11-28T00:00:00+00:00;XRPHEDGE/USD;47,54000000;50,69000000;46,87000000;46,87000000;-1,43
2021-11-27T00:00:00+00:00;XRPHEDGE/USD;47,95500000;48,18500000;45,95500000;47,54000000;-0,87
2021-11-26T00:00:00+00:00;XRPHEDGE/USD;43,69000000;48,86500000;43,54500000;47,95500000;8,89
2021-11-25T00:00:00+00:00;XRPHEDGE/USD;44,14500000;44,56000000;42,21000000;43,69000000;-1,04
2021-11-24T00:00:00+00:00;XRPHEDGE/USD;43,21000000;44,95500000;42,72000000;44,14500000;2,12
2021-11-23T00:00:00+00:00;XRPHEDGE/USD;44,26000000;44,96000000;42,86000000;43,21000000;-2,43
2021-11-22T00:00:00+00:00;XRPHEDGE/USD;43,29500000;44,65500000;43,00500000;44,15500000;1,95
2021-11-21T00:00:00+00:00;XRPHEDGE/USD;41,89500000;43,50000000;41,88000000;43,29500000;3,23
2021-11-20T00:00:00+00:00;XRPHEDGE/USD;42,18000000;44,38500000;41,71000000;41,89500000;-0,68
2021-11-19T00:00:00+00:00;XRPHEDGE/USD;44,07500000;44,95500000;41,95000000;42,18000000;-4,49
2021-11-18T00:00:00+00:00;XRPHEDGE/USD;42,34000000;45,05500000;39,93000000;44,07500000;3,94
2021-11-17T00:00:00+00:00;XRPHEDGE/USD;42,65500000;43,49500000;41,59500000;42,34000000;-0,74
2021-11-16T00:00:00+00:00;XRPHEDGE/USD;39,67000000;43,85500000;39,53500000;42,65500000;7,0
2021-11-15T00:00:00+00:00;XRPHEDGE/USD;39,20500000;39,85500000;38,11500000;39,67000000;1,17
2021-11-14T00:00:00+00:00;XRPHEDGE/USD;39,18000000;39,99000000;38,77000000;39,20500000;0,06
2021-11-13T00:00:00+00:00;XRPHEDGE/USD;39,21500000;39,96000000;38,66000000;39,18000000;-0,09
2021-11-12T00:00:00+00:00;XRPHEDGE/USD;38,18500000;40,15500000;37,74500000;39,21500000;2,63
2021-11-11T00:00:00+00:00;XRPHEDGE/USD;39,03500000;39,50500000;37,04000000;38,18500000;-2,23
2021-11-10T00:00:00+00:00;XRPHEDGE/USD;37,13000000;40,56000000;34,54500000;39,03500000;4,88
2021-11-09T00:00:00+00:00;XRPHEDGE/USD;36,40000000;37,86000000;36,27000000;37,13000000;1,97
2021-11-08T00:00:00+00:00;XRPHEDGE/USD;38,48000000;38,56500000;36,03000000;36,40000000;-5,71
2021-11-07T00:00:00+00:00;XRPHEDGE/USD;40,79500000;40,99000000;37,81000000;38,48000000;-6,02
2021-11-06T00:00:00+00:00;XRPHEDGE/USD;40,53500000;42,27000000;39,60500000;40,79500000;0,64
2021-11-05T00:00:00+00:00;XRPHEDGE/USD;39,08000000;41,23000000;39,00500000;40,53500000;3,59
2021-11-04T00:00:00+00:00;XRPHEDGE/USD;39,00500000;40,30000000;37,53000000;39,08000000;0,19
2021-11-03T00:00:00+00:00;XRPHEDGE/USD;41,79500000;42,09500000;38,10500000;39,00500000;-7,15
2021-11-02T00:00:00+00:00;XRPHEDGE/USD;43,42000000;43,63500000;41,23500000;41,79500000;-3,89
2021-11-01T00:00:00+00:00;XRPHEDGE/USD;42,61000000;44,15000000;41,81500000;43,42000000;1,87
2021-10-31T00:00:00+00:00;XRPHEDGE/USD;43,79500000;44,25000000;40,97500000;42,61000000;-2,78
2021-10-30T00:00:00+00:00;XRPHEDGE/USD;43,90000000;44,48000000;42,45500000;43,87000000;-0,07
2021-10-29T00:00:00+00:00;XRPHEDGE/USD;44,62000000;44,87500000;43,44000000;43,90000000;-1,64
2021-10-28T00:00:00+00:00;XRPHEDGE/USD;47,70000000;48,42000000;43,70000000;44,62000000;-6,9
2021-10-27T00:00:00+00:00;XRPHEDGE/USD;43,26000000;47,92500000;42,72000000;47,62500000;9,17
2021-10-26T00:00:00+00:00;XRPHEDGE/USD;43,80000000;43,86000000;41,38500000;43,26000000;-1,25
2021-10-25T00:00:00+00:00;XRPHEDGE/USD;44,29500000;44,33500000;43,45000000;43,80000000;-1,13
2021-10-24T00:00:00+00:00;XRPHEDGE/USD;44,00500000;45,38500000;43,95000000;44,29500000;0,65
2021-10-23T00:00:00+00:00;XRPHEDGE/USD;44,08000000;44,29500000;43,54500000;44,00500000;-0,17
2021-10-22T00:00:00+00:00;XRPHEDGE/USD;43,93500000;44,45500000;42,54500000;44,08000000;0,33
2021-10-21T00:00:00+00:00;XRPHEDGE/USD;41,93500000;44,04000000;40,72500000;43,93500000;4,55
2021-10-20T00:00:00+00:00;XRPHEDGE/USD;44,08500000;44,44500000;41,56500000;41,93500000;-5,13
2021-10-19T00:00:00+00:00;XRPHEDGE/USD;44,41000000;44,91000000;43,69500000;44,08500000;-0,74
2021-10-18T00:00:00+00:00;XRPHEDGE/USD;43,94000000;45,03000000;43,45500000;44,41000000;1,06
2021-10-17T00:00:00+00:00;XRPHEDGE/USD;42,36000000;46,11500000;42,20500000;43,94000000;3,6
2021-10-16T00:00:00+00:00;XRPHEDGE/USD;42,08500000;42,53500000;40,51000000;42,23000000;0,34
2021-10-15T00:00:00+00:00;XRPHEDGE/USD;42,48000000;43,76500000;41,31500000;42,08500000;-0,94
2021-10-14T00:00:00+00:00;XRPHEDGE/USD;42,69000000;43,08000000;41,54000000;42,48000000;-0,49
2021-10-13T00:00:00+00:00;XRPHEDGE/USD;43,63000000;44,66000000;42,24000000;42,69000000;-2,2
2021-10-12T00:00:00+00:00;XRPHEDGE/USD;42,38500000;44,95000000;42,34500000;43,58000000;2,74
2021-10-11T00:00:00+00:00;XRPHEDGE/USD;42,19000000;43,39000000;40,69000000;42,38500000;0,46
2021-10-10T00:00:00+00:00;XRPHEDGE/USD;41,28500000;42,56000000;39,22500000;42,19000000;2,15
2021-10-09T00:00:00+00:00;XRPHEDGE/USD;45,80500000;45,92000000;39,72500000;41,28500000;-10,95
2021-10-08T00:00:00+00:00;XRPHEDGE/USD;45,31500000;45,92000000;44,50500000;45,80500000;1,07
2021-10-07T00:00:00+00:00;XRPHEDGE/USD;44,90000000;46,28500000;44,30500000;45,31500000;0,92
2021-10-06T00:00:00+00:00;XRPHEDGE/USD;44,77500000;47,33000000;43,85500000;44,90000000;0,28
2021-10-05T00:00:00+00:00;XRPHEDGE/USD;46,35000000;46,70000000;44,63000000;44,77500000;-3,52
2021-10-04T00:00:00+00:00;XRPHEDGE/USD;46,06000000;48,03500000;45,85500000;46,44500000;0,83
2021-10-03T00:00:00+00:00;XRPHEDGE/USD;46,81000000;47,49500000;44,53500000;46,06000000;-1,63
2021-10-02T00:00:00+00:00;XRPHEDGE/USD;46,73500000;48,06500000;45,35500000;46,81000000;0,16
2021-10-01T00:00:00+00:00;XRPHEDGE/USD;51,31000000;51,86500000;45,49500000;46,73500000;-9,79
2021-09-30T00:00:00+00:00;XRPHEDGE/USD;52,96500000;53,21500000;50,93000000;51,31000000;-3,23
2021-09-29T00:00:00+00:00;XRPHEDGE/USD;55,14000000;55,43500000;49,14500000;52,96500000;-4,11
2021-09-28T00:00:00+00:00;XRPHEDGE/USD;53,31000000;55,18000000;52,29500000;55,14000000;3,32
2021-09-27T00:00:00+00:00;XRPHEDGE/USD;52,13000000;53,48000000;50,12000000;53,31000000;2,21
2021-09-26T00:00:00+00:00;XRPHEDGE/USD;52,51500000;55,05500000;51,53500000;52,13000000;-0,74
2021-09-25T00:00:00+00:00;XRPHEDGE/USD;52,27000000;53,63500000;51,54000000;52,51500000;0,47
2021-09-24T00:00:00+00:00;XRPHEDGE/USD;49,52000000;54,83500000;49,35000000;52,27000000;5,26
2021-09-23T00:00:00+00:00;XRPHEDGE/USD;49,35500000;50,96500000;48,75000000;49,52000000;0,33
2021-09-22T00:00:00+00:00;XRPHEDGE/USD;57,62500000;57,99500000;49,17000000;49,35500000;-16,76
2021-09-21T00:00:00+00:00;XRPHEDGE/USD;54,90000000;58,61000000;52,81500000;57,55500000;4,61
2021-09-20T00:00:00+00:00;XRPHEDGE/USD;49,11000000;56,85000000;49,10000000;54,90000000;10,55
2021-09-19T00:00:00+00:00;XRPHEDGE/USD;47,96000000;49,43500000;47,53000000;49,11000000;2,34
2021-09-18T00:00:00+00:00;XRPHEDGE/USD;48,44000000;48,71000000;46,99000000;47,96000000;-1,0
2021-09-17T00:00:00+00:00;XRPHEDGE/USD;47,39000000;48,94500000;46,76000000;48,44000000;2,17
2021-09-16T00:00:00+00:00;XRPHEDGE/USD;46,08000000;48,22500000;45,70000000;47,39000000;2,76
2021-09-15T00:00:00+00:00;XRPHEDGE/USD;47,22000000;48,04500000;45,71500000;46,08000000;-2,47
2021-09-14T00:00:00+00:00;XRPHEDGE/USD;48,65000000;48,83000000;47,05500000;47,22000000;-3,03
2021-09-13T00:00:00+00:00;XRPHEDGE/USD;46,67000000;50,03500000;46,07000000;48,65000000;4,07
2021-09-12T00:00:00+00:00;XRPHEDGE/USD;48,20500000;49,14000000;46,01000000;46,43000000;-3,82
2021-09-11T00:00:00+00:00;XRPHEDGE/USD;49,22500000;49,54000000;46,74000000;48,21000000;-2,11
2021-09-10T00:00:00+00:00;XRPHEDGE/USD;48,00000000;50,39000000;41,20500000;49,22500000;2,49
2021-09-09T00:00:00+00:00;XRPHEDGE/USD;47,53000000;48,41000000;45,86500000;48,00000000;0,98
2021-09-08T00:00:00+00:00;XRPHEDGE/USD;46,31500000;50,73500000;44,01500000;47,53000000;2,56
2021-09-07T00:00:00+00:00;XRPHEDGE/USD;39,04000000;50,30500000;38,95000000;46,05500000;15,23
2021-09-06T00:00:00+00:00;XRPHEDGE/USD;41,63000000;41,63500000;38,22500000;39,10000000;-6,47
2021-09-05T00:00:00+00:00;XRPHEDGE/USD;43,36500000;44,06500000;41,53000000;41,63000000;-4,17
2021-09-04T00:00:00+00:00;XRPHEDGE/USD;42,17500000;44,01000000;41,79000000;43,36500000;2,74
2021-09-03T00:00:00+00:00;XRPHEDGE/USD;43,59500000;44,65000000;41,12500000;42,21000000;-3,28
2021-09-02T00:00:00+00:00;XRPHEDGE/USD;44,19500000;44,68500000;41,97000000;43,59500000;-1,38
2021-09-01T00:00:00+00:00;XRPHEDGE/USD;46,05500000;47,09000000;44,06000000;44,19500000;-4,21
2021-08-31T00:00:00+00:00;XRPHEDGE/USD;49,94000000;50,32000000;43,63000000;46,05500000;-8,44
2021-08-30T00:00:00+00:00;XRPHEDGE/USD;48,19000000;50,17000000;47,88500000;49,94000000;3,5
2021-08-29T00:00:00+00:00;XRPHEDGE/USD;47,90500000;49,33000000;47,05500000;48,19000000;0,59
2021-08-28T00:00:00+00:00;XRPHEDGE/USD;46,31000000;48,46500000;45,96000000;47,90500000;3,33
2021-08-27T00:00:00+00:00;XRPHEDGE/USD;51,97500000;53,09500000;46,17000000;46,31000000;-12,23
2021-08-26T00:00:00+00:00;XRPHEDGE/USD;47,94000000;52,23500000;47,32500000;51,97500000;7,76
2021-08-25T00:00:00+00:00;XRPHEDGE/USD;49,37000000;50,55500000;47,72000000;47,94000000;-2,98
2021-08-24T00:00:00+00:00;XRPHEDGE/USD;45,61000000;49,39000000;44,72500000;49,37000000;7,62
2021-08-23T00:00:00+00:00;XRPHEDGE/USD;46,18000000;46,64000000;43,25000000;45,61000000;-1,25
2021-08-22T00:00:00+00:00;XRPHEDGE/USD;46,45000000;47,83500000;45,03500000;46,18000000;-0,58
2021-08-21T00:00:00+00:00;XRPHEDGE/USD;44,96500000;46,94500000;44,16000000;46,45000000;3,2
2021-08-20T00:00:00+00:00;XRPHEDGE/USD;45,93500000;47,34000000;43,94500000;44,96500000;-2,16
2021-08-19T00:00:00+00:00;XRPHEDGE/USD;49,92500000;52,07500000;45,81000000;45,93500000;-8,69
2021-08-18T00:00:00+00:00;XRPHEDGE/USD;51,79000000;53,88500000;47,49000000;49,92500000;-3,74
2021-08-17T00:00:00+00:00;XRPHEDGE/USD;48,14500000;52,29000000;44,69500000;51,71500000;6,9
2021-08-16T00:00:00+00:00;XRPHEDGE/USD;44,71500000;49,39500000;43,21500000;48,14500000;7,12
2021-08-15T00:00:00+00:00;XRPHEDGE/USD;45,05000000;46,56000000;42,61000000;44,71500000;-0,75
2021-08-14T00:00:00+00:00;XRPHEDGE/USD;54,11500000;58,32500000;43,86500000;45,13000000;-19,91
2021-08-13T00:00:00+00:00;XRPHEDGE/USD;62,02000000;62,79000000;53,60500000;54,11500000;-14,61
2021-08-12T00:00:00+00:00;XRPHEDGE/USD;59,18500000;64,29000000;57,40500000;62,02000000;4,57
2021-08-11T00:00:00+00:00;XRPHEDGE/USD;72,33000000;72,72000000;54,71000000;59,18500000;-22,21
2021-08-10T00:00:00+00:00;XRPHEDGE/USD;75,51000000;76,95000000;71,32000000;72,33000000;-4,4
2021-08-09T00:00:00+00:00;XRPHEDGE/USD;79,27000000;81,21000000;74,38000000;75,51000000;-4,98
2021-08-08T00:00:00+00:00;XRPHEDGE/USD;75,93000000;79,90000000;73,61000000;79,27000000;4,21
2021-08-07T00:00:00+00:00;XRPHEDGE/USD;83,54000000;84,19000000;75,62000000;75,93000000;-10,02
2021-08-06T00:00:00+00:00;XRPHEDGE/USD;85,19000000;86,45000000;83,01000000;83,54000000;-1,98
2021-08-05T00:00:00+00:00;XRPHEDGE/USD;85,49000000;88,97000000;83,54000000;85,19000000;-0,35
2021-08-04T00:00:00+00:00;XRPHEDGE/USD;87,70000000;89,81000000;84,14000000;85,49000000;-2,59
2021-08-03T00:00:00+00:00;XRPHEDGE/USD;84,87000000;89,12000000;83,54000000;87,70000000;3,23
2021-08-02T00:00:00+00:00;XRPHEDGE/USD;86,41000000;87,54000000;80,90000000;84,87000000;-1,81
2021-08-01T00:00:00+00:00;XRPHEDGE/USD;84,00000000;88,10000000;80,55000000;86,27000000;2,63
2021-07-31T00:00:00+00:00;XRPHEDGE/USD;83,65000000;85,01000000;82,76000000;84,00000000;0,42
2021-07-30T00:00:00+00:00;XRPHEDGE/USD;83,91000000;88,98000000;81,58000000;83,65000000;-0,31
2021-07-29T00:00:00+00:00;XRPHEDGE/USD;86,23000000;89,77000000;82,07000000;83,91000000;-2,76
2021-07-28T00:00:00+00:00;XRPHEDGE/USD;99,51000000;101,99000000;83,64000000;86,54000000;-14,99
2021-07-27T00:00:00+00:00;XRPHEDGE/USD;103,12000000;105,53000000;98,29000000;99,51000000;-3,63
2021-07-26T00:00:00+00:00;XRPHEDGE/USD;105,85000000;106,08000000;93,55000000;103,12000000;-2,65
2021-07-25T00:00:00+00:00;XRPHEDGE/USD;105,48000000;108,58000000;104,73000000;105,85000000;0,35
2021-07-24T00:00:00+00:00;XRPHEDGE/USD;105,40000000;107,03000000;103,53000000;105,48000000;0,08
2021-07-23T00:00:00+00:00;XRPHEDGE/USD;108,63000000;111,61000000;105,32000000;105,40000000;-3,06
2021-07-22T00:00:00+00:00;XRPHEDGE/USD;113,08000000;114,84000000;106,58000000;108,63000000;-4,1
2021-07-21T00:00:00+00:00;XRPHEDGE/USD;122,85000000;124,90000000;110,19000000;113,08000000;-8,64
2021-07-20T00:00:00+00:00;XRPHEDGE/USD;116,90000000;125,34000000;111,77000000;122,85000000;4,84
2021-07-19T00:00:00+00:00;XRPHEDGE/USD;111,13000000;117,49000000;110,88000000;116,90000000;4,94
2021-07-18T00:00:00+00:00;XRPHEDGE/USD;112,06000000;114,01000000;108,53000000;111,13000000;-0,84
2021-07-17T00:00:00+00:00;XRPHEDGE/USD;110,86000000;114,51000000;109,40000000;112,06000000;1,07
2021-07-16T00:00:00+00:00;XRPHEDGE/USD;109,29000000;111,27000000;101,56000000;110,86000000;1,42
2021-07-15T00:00:00+00:00;XRPHEDGE/USD;105,73000000;111,02000000;101,50000000;109,29000000;3,26
2021-07-14T00:00:00+00:00;XRPHEDGE/USD;105,85000000;111,45000000;102,60000000;105,73000000;-0,11
2021-07-13T00:00:00+00:00;XRPHEDGE/USD;104,31000000;107,50000000;100,63000000;105,85000000;1,45
2021-07-12T00:00:00+00:00;XRPHEDGE/USD;103,10000000;106,15000000;99,73000000;104,31000000;1,16
2021-07-11T00:00:00+00:00;XRPHEDGE/USD;105,06000000;106,35000000;101,86000000;103,10000000;-1,9
2021-07-10T00:00:00+00:00;XRPHEDGE/USD;103,14000000;107,05000000;101,29000000;104,92000000;1,7
2021-07-09T00:00:00+00:00;XRPHEDGE/USD;105,57000000;110,81000000;99,84000000;103,14000000;-2,36
2021-07-08T00:00:00+00:00;XRPHEDGE/USD;101,17000000;107,40000000;100,33000000;105,57000000;4,17
2021-07-07T00:00:00+00:00;XRPHEDGE/USD;99,34000000;101,49000000;97,96000000;101,17000000;1,81
2021-07-06T00:00:00+00:00;XRPHEDGE/USD;101,15000000;101,27000000;97,04000000;99,34000000;-1,82
2021-07-05T00:00:00+00:00;XRPHEDGE/USD;95,30000000;102,16000000;95,13000000;101,06000000;5,7
2021-07-04T00:00:00+00:00;XRPHEDGE/USD;98,50000000;99,95000000;93,31000000;95,30000000;-3,36
2021-07-03T00:00:00+00:00;XRPHEDGE/USD;101,18000000;103,11000000;96,85000000;98,50000000;-2,72
2021-07-02T00:00:00+00:00;XRPHEDGE/USD;100,87000000;104,67000000;99,50000000;101,18000000;0,31
2021-07-01T00:00:00+00:00;XRPHEDGE/USD;94,46000000;102,60000000;94,38000000;100,87000000;6,35
2021-06-30T00:00:00+00:00;XRPHEDGE/USD;94,38000000;102,13000000;93,34000000;94,46000000;0,08
2021-06-29T00:00:00+00:00;XRPHEDGE/USD;104,56000000;105,33000000;90,72000000;94,38000000;-10,79
2021-06-28T00:00:00+00:00;XRPHEDGE/USD;104,14000000;107,41000000;102,82000000;104,56000000;0,4
2021-06-27T00:00:00+00:00;XRPHEDGE/USD;109,67000000;113,26000000;103,49000000;104,14000000;-5,31
2021-06-26T00:00:00+00:00;XRPHEDGE/USD;110,96000000;116,01000000;107,02000000;109,67000000;-1,18
2021-06-25T00:00:00+00:00;XRPHEDGE/USD;102,00000000;112,36000000;99,56000000;110,96000000;8,07
2021-06-24T00:00:00+00:00;XRPHEDGE/USD;107,31000000;110,64000000;99,05000000;102,00000000;-5,21
2021-06-23T00:00:00+00:00;XRPHEDGE/USD;130,52000000;133,73000000;103,64000000;107,31000000;-21,63
2021-06-22T00:00:00+00:00;XRPHEDGE/USD;117,36000000;135,23000000;109,98000000;130,52000000;10,08
2021-06-21T00:00:00+00:00;XRPHEDGE/USD;97,61000000;117,69000000;96,80000000;117,36000000;16,83
2021-06-20T00:00:00+00:00;XRPHEDGE/USD;99,60000000;107,63000000;96,27000000;97,61000000;-2,04
2021-06-19T00:00:00+00:00;XRPHEDGE/USD;95,07000000;99,89000000;93,89000000;99,60000000;4,55
2021-06-18T00:00:00+00:00;XRPHEDGE/USD;90,26000000;97,96000000;90,04000000;95,07000000;5,06
2021-06-17T00:00:00+00:00;XRPHEDGE/USD;91,24000000;92,33000000;88,29000000;90,34000000;-1,0
2021-06-16T00:00:00+00:00;XRPHEDGE/USD;87,85000000;92,02000000;87,20000000;91,06000000;3,53
2021-06-15T00:00:00+00:00;XRPHEDGE/USD;85,80000000;88,73000000;84,54000000;87,85000000;2,33
2021-06-14T00:00:00+00:00;XRPHEDGE/USD;86,43000000;88,18000000;81,98000000;85,80000000;-0,73
2021-06-13T00:00:00+00:00;XRPHEDGE/USD;92,17000000;93,60000000;86,01000000;86,43000000;-6,64
2021-06-12T00:00:00+00:00;XRPHEDGE/USD;90,73000000;94,93000000;90,64000000;92,17000000;1,56
2021-06-11T00:00:00+00:00;XRPHEDGE/USD;88,43000000;91,99000000;87,39000000;90,73000000;2,53
2021-06-10T00:00:00+00:00;XRPHEDGE/USD;84,05000000;90,03000000;83,43000000;88,43000000;4,95
2021-06-09T00:00:00+00:00;XRPHEDGE/USD;88,82000000;93,11000000;84,05000000;84,05000000;-5,68
2021-06-08T00:00:00+00:00;XRPHEDGE/USD;90,48000000;97,92000000;87,80000000;88,82000000;-1,87
2021-06-07T00:00:00+00:00;XRPHEDGE/USD;83,49000000;91,40000000;80,70000000;90,48000000;7,73
2021-06-06T00:00:00+00:00;XRPHEDGE/USD;85,47000000;85,94000000;83,01000000;83,49000000;-2,37
2021-06-05T00:00:00+00:00;XRPHEDGE/USD;81,64000000;87,73000000;79,20000000;85,50000000;4,51
2021-06-04T00:00:00+00:00;XRPHEDGE/USD;76,27000000;85,41000000;76,13000000;81,64000000;6,58
2021-06-03T00:00:00+00:00;XRPHEDGE/USD;77,56000000;78,97000000;73,77000000;76,27000000;-1,69
2021-06-02T00:00:00+00:00;XRPHEDGE/USD;78,82000000;81,14000000;75,86000000;77,56000000;-1,62
2021-06-01T00:00:00+00:00;XRPHEDGE/USD;76,89000000;81,16000000;72,57000000;78,82000000;2,45
2021-05-31T00:00:00+00:00;XRPHEDGE/USD;90,26000000;92,18000000;76,18000000;76,89000000;-17,39
2021-05-30T00:00:00+00:00;XRPHEDGE/USD;99,35000000;102,86000000;86,90000000;90,26000000;-10,07
2021-05-29T00:00:00+00:00;XRPHEDGE/USD;92,65000000;102,88000000;88,34000000;99,35000000;6,74
2021-05-28T00:00:00+00:00;XRPHEDGE/USD;85,78000000;97,06000000;84,28000000;92,65000000;7,42
2021-05-27T00:00:00+00:00;XRPHEDGE/USD;81,81000000;88,86000000;80,93000000;85,78000000;4,63
2021-05-26T00:00:00+00:00;XRPHEDGE/USD;87,07000000;89,61000000;78,77000000;81,81000000;-6,43
2021-05-25T00:00:00+00:00;XRPHEDGE/USD;85,76000000;95,74000000;80,12000000;87,07000000;1,5
2021-05-24T00:00:00+00:00;XRPHEDGE/USD;109,24000000;114,25000000;85,40000000;85,76000000;-27,38
2021-05-23T00:00:00+00:00;XRPHEDGE/USD;97,36000000;124,73000000;90,94000000;109,24000000;10,88
2021-05-22T00:00:00+00:00;XRPHEDGE/USD;88,40000000;104,59000000;86,99000000;97,36000000;9,2
2021-05-21T00:00:00+00:00;XRPHEDGE/USD;78,06000000;97,11000000;75,70000000;88,40000000;11,7
2021-05-20T00:00:00+00:00;XRPHEDGE/USD;88,81500000;99,90000000;73,09000000;78,06000000;-13,78
2021-05-19T00:00:00+00:00;XRPHEDGE/USD;65,90500000;93,68000000;63,13500000;88,81500000;25,8
2021-05-18T00:00:00+00:00;XRPHEDGE/USD;71,62000000;72,61000000;61,93000000;65,90500000;-8,67
2021-05-17T00:00:00+00:00;XRPHEDGE/USD;74,40000000;80,50000000;68,69000000;71,62000000;-3,88
2021-05-16T00:00:00+00:00;XRPHEDGE/USD;72,24000000;79,23000000;66,47000000;74,40000000;2,9
2021-05-15T00:00:00+00:00;XRPHEDGE/USD;77,02000000;81,27000000;67,48000000;72,24000000;-6,62
2021-05-14T00:00:00+00:00;XRPHEDGE/USD;79,55000000;81,36000000;74,40000000;77,02000000;-3,28
2021-05-13T00:00:00+00:00;XRPHEDGE/USD;86,26000000;91,00000000;78,09000000;79,55000000;-8,43
2021-05-12T00:00:00+00:00;XRPHEDGE/USD;76,70000000;88,77000000;73,14000000;87,25000000;12,09
2021-05-11T00:00:00+00:00;XRPHEDGE/USD;81,28000000;82,64000000;76,26000000;76,70000000;-5,97
2021-05-10T00:00:00+00:00;XRPHEDGE/USD;74,54000000;88,53000000;70,16000000;81,28000000;8,29
2021-05-09T00:00:00+00:00;XRPHEDGE/USD;73,27000000;78,81000000;71,66000000;74,54000000;1,7
2021-05-08T00:00:00+00:00;XRPHEDGE/USD;72,53000000;74,00000000;70,17000000;73,27000000;1,01
2021-05-07T00:00:00+00:00;XRPHEDGE/USD;71,20000000;75,42000000;67,46000000;72,53000000;1,83
2021-05-06T00:00:00+00:00;XRPHEDGE/USD;70,76500000;73,75000000;64,40500000;71,20000000;0,61
2021-05-05T00:00:00+00:00;XRPHEDGE/USD;84,09000000;84,96000000;70,41000000;70,76500000;-18,83
2021-05-04T00:00:00+00:00;XRPHEDGE/USD;75,80000000;86,85000000;75,63000000;84,09000000;9,86
2021-05-03T00:00:00+00:00;XRPHEDGE/USD;75,70000000;77,32000000;72,87000000;75,80000000;0,13
2021-05-02T00:00:00+00:00;XRPHEDGE/USD;71,77000000;76,83000000;71,51000000;75,70000000;5,19
2021-05-01T00:00:00+00:00;XRPHEDGE/USD;74,15000000;77,20000000;71,13000000;71,77000000;-3,32
2021-04-30T00:00:00+00:00;XRPHEDGE/USD;86,74000000;88,80000000;72,44000000;74,15000000;-16,98
2021-04-29T00:00:00+00:00;XRPHEDGE/USD;89,56000000;90,96000000;85,23000000;86,74000000;-3,25
2021-04-28T00:00:00+00:00;XRPHEDGE/USD;86,88000000;93,15000000;83,99000000;89,56000000;2,99
2021-04-27T00:00:00+00:00;XRPHEDGE/USD;89,48000000;91,17000000;82,91000000;86,88000000;-2,99
2021-04-26T00:00:00+00:00;XRPHEDGE/USD;122,09000000;124,33000000;88,98000000;89,48000000;-36,44
2021-04-25T00:00:00+00:00;XRPHEDGE/USD;120,53000000;131,90000000;109,69000000;122,09000000;1,28
2021-04-24T00:00:00+00:00;XRPHEDGE/USD;112,13000000;123,21000000;111,84000000;120,53000000;6,97
2021-04-23T00:00:00+00:00;XRPHEDGE/USD;109,97000000;134,72000000;106,32000000;112,13000000;1,93
2021-04-22T00:00:00+00:00;XRPHEDGE/USD;100,09000000;118,89000000;91,49000000;109,97000000;8,98
2021-04-21T00:00:00+00:00;XRPHEDGE/USD;95,32000000;100,95000000;89,95000000;100,09000000;4,77
2021-04-20T00:00:00+00:00;XRPHEDGE/USD;99,77000000;109,44000000;90,77000000;95,32000000;-4,67
2021-04-19T00:00:00+00:00;XRPHEDGE/USD;94,66000000;102,81000000;86,86000000;99,77000000;5,12
2021-04-18T00:00:00+00:00;XRPHEDGE/USD;85,88000000;106,56000000;84,62000000;94,66000000;9,28
2021-04-17T00:00:00+00:00;XRPHEDGE/USD;85,16000000;86,40000000;75,39000000;85,88000000;0,84
2021-04-16T00:00:00+00:00;XRPHEDGE/USD;76,98000000;90,06000000;75,11000000;85,16000000;9,61
2021-04-15T00:00:00+00:00;XRPHEDGE/USD;73,89000000;80,28000000;71,80000000;76,98000000;4,01
2021-04-14T00:00:00+00:00;XRPHEDGE/USD;75,41000000;84,21000000;68,11000000;73,89000000;-2,06
2021-04-13T00:00:00+00:00;XRPHEDGE/USD;94,12000000;100,98000000;70,75000000;75,41000000;-24,81
2021-04-12T00:00:00+00:00;XRPHEDGE/USD;102,44000000;104,87000000;93,64000000;94,12000000;-8,84
2021-04-11T00:00:00+00:00;XRPHEDGE/USD;101,17000000;105,76000000;91,86000000;102,44000000;1,24
2021-04-10T00:00:00+00:00;XRPHEDGE/USD;141,23000000;142,66000000;99,22000000;101,17000000;-39,6
2021-04-09T00:00:00+00:00;XRPHEDGE/USD;136,52000000;145,85000000;133,02000000;141,23000000;3,33
2021-04-08T00:00:00+00:00;XRPHEDGE/USD;159,57500000;162,17500000;134,28000000;136,52000000;-16,89
2021-04-07T00:00:00+00:00;XRPHEDGE/USD;137,24000000;167,22000000;136,04000000;159,57500000;14,0
2021-04-06T00:00:00+00:00;XRPHEDGE/USD;168,15000000;203,50000000;134,58000000;137,93000000;-21,91
2021-04-05T00:00:00+00:00;XRPHEDGE/USD;255,42500000;261,72500000;163,27500000;168,15000000;-51,9
2021-04-04T00:00:00+00:00;XRPHEDGE/USD;283,42500000;288,05000000;255,12500000;255,42500000;-10,96
2021-04-03T00:00:00+00:00;XRPHEDGE/USD;271,95000000;285,12500000;256,45000000;283,42500000;4,05
2021-04-02T00:00:00+00:00;XRPHEDGE/USD;289,55000000;291,15000000;270,30000000;271,95000000;-6,47
2021-04-01T00:00:00+00:00;XRPHEDGE/USD;288,95000000;298,95000000;276,12500000;289,55000000;0,21
2021-03-31T00:00:00+00:00;XRPHEDGE/USD;291,40000000;306,12500000;285,50000000;288,95000000;-0,85
2021-03-30T00:00:00+00:00;XRPHEDGE/USD;290,12500000;293,37500000;279,57500000;291,40000000;0,44
2021-03-29T00:00:00+00:00;XRPHEDGE/USD;300,02500000;301,10000000;287,35000000;290,12500000;-3,41
2021-03-28T00:00:00+00:00;XRPHEDGE/USD;299,67500000;314,87500000;292,50000000;300,02500000;0,12
2021-03-27T00:00:00+00:00;XRPHEDGE/USD;292,12500000;306,80000000;285,10000000;299,67500000;2,52
2021-03-26T00:00:00+00:00;XRPHEDGE/USD;324,75000000;326,00000000;283,75000000;292,12500000;-11,17
2021-03-25T00:00:00+00:00;XRPHEDGE/USD;346,50000000;362,50000000;315,15000000;324,75000000;-6,7
2021-03-24T00:00:00+00:00;XRPHEDGE/USD;308,50000000;360,12500000;301,45000000;346,50000000;10,97
2021-03-23T00:00:00+00:00;XRPHEDGE/USD;311,50000000;323,57500000;282,12500000;308,50000000;-0,97
2021-03-22T00:00:00+00:00;XRPHEDGE/USD;336,05000000;343,40000000;283,40000000;311,82500000;-7,77
2021-03-21T00:00:00+00:00;XRPHEDGE/USD;330,05000000;347,90000000;316,95000000;336,05000000;1,79
2021-03-20T00:00:00+00:00;XRPHEDGE/USD;378,45000000;380,00000000;315,75000000;330,05000000;-14,66
2021-03-19T00:00:00+00:00;XRPHEDGE/USD;377,65000000;387,15000000;372,70000000;378,45000000;0,21
2021-03-18T00:00:00+00:00;XRPHEDGE/USD;375,95000000;390,25000000;360,35000000;377,65000000;0,45
2021-03-17T00:00:00+00:00;XRPHEDGE/USD;383,90000000;393,60000000;365,90000000;375,95000000;-2,11
2021-03-16T00:00:00+00:00;XRPHEDGE/USD;415,50000000;424,40000000;343,45000000;383,90000000;-8,23
2021-03-15T00:00:00+00:00;XRPHEDGE/USD;414,50000000;426,30000000;406,65000000;415,50000000;0,24
2021-03-14T00:00:00+00:00;XRPHEDGE/USD;398,55000000;415,10000000;394,40000000;414,50000000;3,85
2021-03-13T00:00:00+00:00;XRPHEDGE/USD;415,10000000;419,40000000;390,20000000;398,55000000;-4,15
2021-03-12T00:00:00+00:00;XRPHEDGE/USD;402,95000000;426,70000000;392,70000000;415,10000000;2,93
2021-03-11T00:00:00+00:00;XRPHEDGE/USD;395,35000000;411,55000000;392,70000000;402,95000000;1,89
2021-03-10T00:00:00+00:00;XRPHEDGE/USD;376,15000000;409,20000000;374,70000000;395,35000000;4,86
2021-03-09T00:00:00+00:00;XRPHEDGE/USD;384,70000000;400,90000000;373,85000000;376,15000000;-2,27
2021-03-08T00:00:00+00:00;XRPHEDGE/USD;391,65000000;401,45000000;372,30000000;384,70000000;-1,81
2021-03-07T00:00:00+00:00;XRPHEDGE/USD;394,05000000;409,20000000;388,70000000;391,65000000;-0,61
2021-03-06T00:00:00+00:00;XRPHEDGE/USD;401,55000000;406,90000000;387,10000000;394,05000000;-1,9
2021-03-05T00:00:00+00:00;XRPHEDGE/USD;379,70000000;409,20000000;377,05000000;401,55000000;5,44
2021-03-04T00:00:00+00:00;XRPHEDGE/USD;409,20000000;419,50000000;368,45000000;379,70000000;-7,77
2021-03-03T00:00:00+00:00;XRPHEDGE/USD;421,35000000;425,95000000;390,35000000;409,20000000;-2,97
2021-03-02T00:00:00+00:00;XRPHEDGE/USD;412,20000000;433,45000000;403,80000000;421,35000000;2,17
2021-03-01T00:00:00+00:00;XRPHEDGE/USD;445,75000000;448,60000000;405,10000000;412,20000000;-8,14
2021-02-28T00:00:00+00:00;XRPHEDGE/USD;424,80000000;466,95000000;422,75000000;445,75000000;4,7
2021-02-27T00:00:00+00:00;XRPHEDGE/USD;434,45000000;434,60000000;404,50000000;424,80000000;-2,27
2021-02-26T00:00:00+00:00;XRPHEDGE/USD;427,55000000;450,05000000;404,60000000;434,45000000;1,59
2021-02-25T00:00:00+00:00;XRPHEDGE/USD;400,15000000;436,55000000;386,00000000;427,55000000;6,41
2021-02-24T00:00:00+00:00;XRPHEDGE/USD;397,25000000;414,15000000;374,15000000;400,15000000;0,72
2021-02-23T00:00:00+00:00;XRPHEDGE/USD;340,20000000;462,10000000;334,90000000;397,25000000;14,36
2021-02-22T00:00:00+00:00;XRPHEDGE/USD;363,20000000;384,80000000;301,52500000;340,20000000;-6,76
2021-02-21T00:00:00+00:00;XRPHEDGE/USD;389,05000000;395,25000000;353,75000000;364,35000000;-6,78
2021-02-20T00:00:00+00:00;XRPHEDGE/USD;356,05000000;413,95000000;344,55000000;389,05000000;8,48
2021-02-19T00:00:00+00:00;XRPHEDGE/USD;376,85000000;400,95000000;342,65000000;356,05000000;-5,84
2021-02-18T00:00:00+00:00;XRPHEDGE/USD;373,50000000;393,90000000;356,50000000;376,85000000;0,89
2021-02-17T00:00:00+00:00;XRPHEDGE/USD;384,60000000;406,20000000;357,00000000;373,50000000;-2,97
2021-02-16T00:00:00+00:00;XRPHEDGE/USD;362,75000000;413,75000000;341,90000000;384,60000000;5,68
2021-02-15T00:00:00+00:00;XRPHEDGE/USD;337,55000000;386,85000000;331,25000000;362,75000000;6,95
2021-02-14T00:00:00+00:00;XRPHEDGE/USD;317,00000000;358,95000000;313,05000000;337,55000000;6,09
2021-02-13T00:00:00+00:00;XRPHEDGE/USD;328,95000000;380,50000000;311,35000000;317,00000000;-3,77
2021-02-12T00:00:00+00:00;XRPHEDGE/USD;388,50000000;397,10000000;323,60000000;328,95000000;-18,1
2021-02-11T00:00:00+00:00;XRPHEDGE/USD;407,30000000;416,95000000;382,40000000;388,50000000;-4,84
2021-02-10T00:00:00+00:00;XRPHEDGE/USD;431,45000000;464,80000000;373,45000000;407,30000000;-5,93
2021-02-09T00:00:00+00:00;XRPHEDGE/USD;455,70000000;479,25000000;417,65000000;431,45000000;-5,62
2021-02-08T00:00:00+00:00;XRPHEDGE/USD;492,35000000;499,15000000;433,85000000;455,70000000;-8,04
2021-02-07T00:00:00+00:00;XRPHEDGE/USD;467,15000000;517,90000000;458,90000000;492,35000000;5,12
2021-02-06T00:00:00+00:00;XRPHEDGE/USD;458,15000000;481,70000000;453,30000000;467,15000000;1,93
2021-02-05T00:00:00+00:00;XRPHEDGE/USD;464,35000000;482,70000000;437,95000000;458,15000000;-1,35
2021-02-04T00:00:00+00:00;XRPHEDGE/USD;529,15000000;552,55000000;429,65000000;464,35000000;-13,95
2021-02-03T00:00:00+00:00;XRPHEDGE/USD;564,05000000;564,35000000;501,75000000;529,15000000;-6,6
2021-02-02T00:00:00+00:00;XRPHEDGE/USD;563,30000000;612,75000000;509,35000000;564,05000000;0,13
2021-02-01T00:00:00+00:00;XRPHEDGE/USD;597,05000000;643,50000000;366,00000000;563,30000000;-5,99
2021-01-31T00:00:00+00:00;XRPHEDGE/USD;685,40000000;765,65000000;580,35000000;597,05000000;-14,8
2021-01-30T00:00:00+00:00;XRPHEDGE/USD;1178,30000000;1198,40000000;599,95000000;685,40000000;-71,91
2021-01-29T00:00:00+00:00;XRPHEDGE/USD;1295,30000000;1316,90000000;1059,40000000;1178,30000000;-9,93
2021-01-28T00:00:00+00:00;XRPHEDGE/USD;1363,00000000;1391,10000000;1245,90000000;1295,30000000;-5,23
2021-01-27T00:00:00+00:00;XRPHEDGE/USD;1286,80000000;1401,20000000;1279,10000000;1363,00000000;5,59
2021-01-26T00:00:00+00:00;XRPHEDGE/USD;1288,40000000;1338,60000000;1270,60000000;1286,80000000;-0,12
2021-01-25T00:00:00+00:00;XRPHEDGE/USD;1261,80000000;1295,30000000;1205,20000000;1288,40000000;2,06
2021-01-24T00:00:00+00:00;XRPHEDGE/USD;1269,10000000;1287,40000000;1232,80000000;1261,80000000;-0,58
2021-01-23T00:00:00+00:00;XRPHEDGE/USD;1268,00000000;1298,50000000;1209,00000000;1269,10000000;0,09
2021-01-22T00:00:00+00:00;XRPHEDGE/USD;1288,90000000;1420,80000000;1169,90000000;1268,00000000;-1,65
2021-01-21T00:00:00+00:00;XRPHEDGE/USD;1178,80000000;1320,70000000;1134,10000000;1288,90000000;8,54
2021-01-20T00:00:00+00:00;XRPHEDGE/USD;1181,80000000;1240,10000000;1119,70000000;1178,80000000;-0,25
2021-01-19T00:00:00+00:00;XRPHEDGE/USD;1260,70000000;1265,60000000;1071,40000000;1181,80000000;-6,68
2021-01-18T00:00:00+00:00;XRPHEDGE/USD;1297,40000000;1324,40000000;1178,20000000;1260,70000000;-2,91
2021-01-17T00:00:00+00:00;XRPHEDGE/USD;1284,70000000;1336,10000000;1249,20000000;1297,40000000;0,98
2021-01-16T00:00:00+00:00;XRPHEDGE/USD;1279,00000000;1302,60000000;1192,70000000;1284,70000000;0,44
2021-01-15T00:00:00+00:00;XRPHEDGE/USD;1210,20000000;1354,00000000;1172,40000000;1279,00000000;5,38
2021-01-14T00:00:00+00:00;XRPHEDGE/USD;1172,10000000;1257,50000000;1146,70000000;1210,20000000;3,15
2021-01-13T00:00:00+00:00;XRPHEDGE/USD;1227,00000000;1260,30000000;1145,40000000;1172,10000000;-4,68
2021-01-12T00:00:00+00:00;XRPHEDGE/USD;1240,70000000;1290,90000000;1126,90000000;1227,00000000;-1,12
2021-01-11T00:00:00+00:00;XRPHEDGE/USD;1143,90000000;1374,40000000;1129,50000000;1240,70000000;7,8
2021-01-10T00:00:00+00:00;XRPHEDGE/USD;1112,10000000;1233,60000000;969,70000000;1143,90000000;2,78
2021-01-09T00:00:00+00:00;XRPHEDGE/USD;1123,20000000;1174,20000000;1059,10000000;1112,10000000;-1,0
2021-01-08T00:00:00+00:00;XRPHEDGE/USD;1118,00000000;1244,40000000;1035,80000000;1123,20000000;0,46
2021-01-07T00:00:00+00:00;XRPHEDGE/USD;1575,10000000;1590,00000000;990,30000000;1118,00000000;-40,89
2021-01-06T00:00:00+00:00;XRPHEDGE/USD;1777,25000000;1810,75000000;1434,60000000;1575,10000000;-12,83
2021-01-05T00:00:00+00:00;XRPHEDGE/USD;1697,75000000;1844,50000000;1633,25000000;1777,25000000;4,47
2021-01-04T00:00:00+00:00;XRPHEDGE/USD;1851,25000000;1881,25000000;1554,50000000;1697,75000000;-9,04
2021-01-03T00:00:00+00:00;XRPHEDGE/USD;1897,25000000;1956,25000000;1744,50000000;1851,25000000;-2,48
2021-01-02T00:00:00+00:00;XRPHEDGE/USD;1775,50000000;1996,00000000;1764,25000000;1897,25000000;6,42
2021-01-01T00:00:00+00:00;XRPHEDGE/USD;1943,25000000;1971,25000000;1664,00000000;1776,50000000;-9,39
2020-12-31T00:00:00+00:00;XRPHEDGE/USD;2027,25000000;2089,75000000;1849,25000000;1943,25000000;-4,32
2020-12-30T00:00:00+00:00;XRPHEDGE/USD;1950,00000000;2212,75000000;1799,25000000;2027,25000000;3,81
2020-12-29T00:00:00+00:00;XRPHEDGE/USD;1768,25000000;2315,50000000;1670,75000000;1950,00000000;9,32
2020-12-28T00:00:00+00:00;XRPHEDGE/USD;1568,10000000;1844,80000000;1425,50000000;1768,25000000;11,32
2020-12-27T00:00:00+00:00;XRPHEDGE/USD;1511,30000000;1652,10000000;1428,90000000;1568,10000000;3,62
2020-12-26T00:00:00+00:00;XRPHEDGE/USD;1407,40000000;1591,70000000;1379,50000000;1511,30000000;6,87
2020-12-25T00:00:00+00:00;XRPHEDGE/USD;1333,20000000;1618,90000000;1151,10000000;1407,40000000;5,27
2020-12-24T00:00:00+00:00;XRPHEDGE/USD;1842,75000000;1894,75000000;1184,00000000;1333,20000000;-38,22
2020-12-23T00:00:00+00:00;XRPHEDGE/USD;1305,50000000;1985,50000000;1301,70000000;1842,75000000;29,15
2020-12-22T00:00:00+00:00;XRPHEDGE/USD;1152,90000000;1399,70000000;1135,00000000;1305,50000000;11,69
2020-12-21T00:00:00+00:00;XRPHEDGE/USD;1070,80000000;1229,10000000;1043,30000000;1152,90000000;7,12
2020-12-20T00:00:00+00:00;XRPHEDGE/USD;1033,60000000;1123,80000000;1014,10000000;1070,80000000;3,47
2020-12-19T00:00:00+00:00;XRPHEDGE/USD;1018,60000000;1050,90000000;983,20000000;1033,60000000;1,45
2020-12-18T00:00:00+00:00;XRPHEDGE/USD;1033,00000000;1079,90000000;965,90000000;1018,60000000;-1,41
2020-12-17T00:00:00+00:00;XRPHEDGE/USD;1048,00000000;1121,40000000;889,60000000;1033,00000000;-1,45
2020-12-16T00:00:00+00:00;XRPHEDGE/USD;1303,30000000;1386,40000000;1037,60000000;1048,00000000;-24,36
2020-12-15T00:00:00+00:00;XRPHEDGE/USD;1231,30000000;1313,90000000;1205,80000000;1303,30000000;5,52
2020-12-14T00:00:00+00:00;XRPHEDGE/USD;1193,00000000;1250,80000000;1176,00000000;1233,20000000;3,26
2020-12-13T00:00:00+00:00;XRPHEDGE/USD;1214,80000000;1258,80000000;1162,20000000;1193,00000000;-1,83
2020-12-12T00:00:00+00:00;XRPHEDGE/USD;1163,50000000;1258,70000000;1119,90000000;1214,80000000;4,22
2020-12-11T00:00:00+00:00;XRPHEDGE/USD;1108,70000000;1196,30000000;1091,40000000;1163,50000000;4,71
2020-12-10T00:00:00+00:00;XRPHEDGE/USD;1085,70000000;1141,40000000;1068,00000000;1108,70000000;2,07
2020-12-09T00:00:00+00:00;XRPHEDGE/USD;1139,30000000;1249,20000000;1045,90000000;1085,70000000;-4,94
2020-12-08T00:00:00+00:00;XRPHEDGE/USD;1052,70000000;1158,10000000;1047,10000000;1139,30000000;7,6
2020-12-07T00:00:00+00:00;XRPHEDGE/USD;1031,20000000;1083,30000000;1026,00000000;1052,70000000;2,04
2020-12-06T00:00:00+00:00;XRPHEDGE/USD;1098,90000000;1109,90000000;1016,40000000;1031,20000000;-6,57
2020-12-05T00:00:00+00:00;XRPHEDGE/USD;1164,70000000;1173,60000000;1074,90000000;1097,20000000;-6,15
2020-12-04T00:00:00+00:00;XRPHEDGE/USD;1033,30000000;1180,60000000;1022,60000000;1164,70000000;11,28
2020-12-03T00:00:00+00:00;XRPHEDGE/USD;1035,80000000;1059,20000000;1012,60000000;1034,90000000;-0,09
2020-12-02T00:00:00+00:00;XRPHEDGE/USD;1069,50000000;1096,00000000;1018,50000000;1032,10000000;-3,62
2020-12-01T00:00:00+00:00;XRPHEDGE/USD;990,00000000;1110,60000000;964,80000000;1069,50000000;7,43
2020-11-30T00:00:00+00:00;XRPHEDGE/USD;1095,30000000;1109,90000000;969,20000000;990,00000000;-10,64
2020-11-29T00:00:00+00:00;XRPHEDGE/USD;1064,70000000;1161,60000000;1041,20000000;1095,30000000;2,79
2020-11-28T00:00:00+00:00;XRPHEDGE/USD;1196,10000000;1250,10000000;1016,90000000;1064,70000000;-12,34
2020-11-27T00:00:00+00:00;XRPHEDGE/USD;1252,40000000;1326,90000000;1127,90000000;1196,10000000;-4,71
2020-11-26T00:00:00+00:00;XRPHEDGE/USD;1091,70000000;1392,90000000;1048,70000000;1252,40000000;12,83
2020-11-25T00:00:00+00:00;XRPHEDGE/USD;1001,20000000;1155,40000000;959,10000000;1091,70000000;8,29
2020-11-24T00:00:00+00:00;XRPHEDGE/USD;1159,00000000;1417,80000000;877,50000000;1001,20000000;-15,76
2020-11-23T00:00:00+00:00;XRPHEDGE/USD;1650,75000000;1709,25000000;1143,80000000;1154,80000000;-42,95
2020-11-22T00:00:00+00:00;XRPHEDGE/USD;1612,50000000;1779,80000000;1494,40000000;1650,75000000;2,32
2020-11-21T00:00:00+00:00;XRPHEDGE/USD;2378,75000000;2386,25000000;1592,25000000;1612,50000000;-47,52
2020-11-20T00:00:00+00:00;XRPHEDGE/USD;2598,75000000;2659,75000000;2366,50000000;2378,75000000;-9,25
2020-11-19T00:00:00+00:00;XRPHEDGE/USD;2694,25000000;2783,50000000;2565,25000000;2598,75000000;-3,67
2020-11-18T00:00:00+00:00;XRPHEDGE/USD;2607,25000000;2811,75000000;2559,00000000;2694,25000000;3,23
2020-11-17T00:00:00+00:00;XRPHEDGE/USD;2745,75000000;2760,25000000;2581,75000000;2607,25000000;-5,31
2020-11-16T00:00:00+00:00;XRPHEDGE/USD;2950,25000000;2981,00000000;2724,00000000;2745,75000000;-7,45
2020-11-15T00:00:00+00:00;XRPHEDGE/USD;2965,50000000;3012,00000000;2865,00000000;2950,25000000;-0,52
2020-11-14T00:00:00+00:00;XRPHEDGE/USD;2992,25000000;3046,75000000;2857,25000000;2965,50000000;-0,9
2020-11-13T00:00:00+00:00;XRPHEDGE/USD;3121,25000000;3153,25000000;2987,00000000;2992,25000000;-4,31
2020-11-12T00:00:00+00:00;XRPHEDGE/USD;3112,75000000;3164,75000000;3080,25000000;3121,25000000;0,27
2020-11-11T00:00:00+00:00;XRPHEDGE/USD;3138,25000000;3163,75000000;3058,75000000;3112,75000000;-0,82
2020-11-10T00:00:00+00:00;XRPHEDGE/USD;3176,00000000;3216,50000000;2997,00000000;3138,25000000;-1,2
2020-11-09T00:00:00+00:00;XRPHEDGE/USD;3137,25000000;3246,00000000;3104,75000000;3176,00000000;1,22
2020-11-08T00:00:00+00:00;XRPHEDGE/USD;3197,50000000;3323,25000000;3093,50000000;3137,25000000;-1,92
2020-11-07T00:00:00+00:00;XRPHEDGE/USD;3080,25000000;3276,00000000;2976,75000000;3204,50000000;3,88
2020-11-06T00:00:00+00:00;XRPHEDGE/USD;3258,50000000;3267,00000000;3044,00000000;3080,25000000;-5,79
2020-11-05T00:00:00+00:00;XRPHEDGE/USD;3366,50000000;3374,00000000;3230,50000000;3258,50000000;-3,31
2020-11-04T00:00:00+00:00;XRPHEDGE/USD;3339,50000000;3445,00000000;3320,50000000;3366,50000000;0,8
2020-11-03T00:00:00+00:00;XRPHEDGE/USD;3407,50000000;3511,00000000;3280,50000000;3339,50000000;-2,04
2020-11-02T00:00:00+00:00;XRPHEDGE/USD;3345,00000000;3440,00000000;3279,00000000;3407,50000000;1,83
2020-11-01T00:00:00+00:00;XRPHEDGE/USD;3345,50000000;3393,00000000;3316,00000000;3345,00000000;-0,01
2020-10-31T00:00:00+00:00;XRPHEDGE/USD;3359,00000000;3381,50000000;3289,50000000;3345,50000000;-0,4
2020-10-30T00:00:00+00:00;XRPHEDGE/USD;3315,00000000;3474,00000000;3280,50000000;3359,00000000;1,31
2020-10-29T00:00:00+00:00;XRPHEDGE/USD;3280,50000000;3357,50000000;3257,00000000;3315,00000000;1,04
2020-10-28T00:00:00+00:00;XRPHEDGE/USD;3190,50000000;3292,00000000;3136,50000000;3280,50000000;2,74
2020-10-27T00:00:00+00:00;XRPHEDGE/USD;3251,00000000;3265,00000000;3168,00000000;3190,50000000;-1,9
2020-10-26T00:00:00+00:00;XRPHEDGE/USD;3187,50000000;3309,50000000;3111,50000000;3251,00000000;1,95
2020-10-25T00:00:00+00:00;XRPHEDGE/USD;3148,50000000;3280,50000000;3135,00000000;3187,50000000;1,22
2020-10-24T00:00:00+00:00;XRPHEDGE/USD;3168,50000000;3224,50000000;3129,00000000;3148,50000000;-0,64
2020-10-23T00:00:00+00:00;XRPHEDGE/USD;3137,75000000;3233,50000000;3108,00000000;3168,50000000;0,97
2020-10-22T00:00:00+00:00;XRPHEDGE/USD;3215,50000000;3220,00000000;3050,75000000;3137,75000000;-2,48
2020-10-21T00:00:00+00:00;XRPHEDGE/USD;3317,00000000;3328,00000000;3151,50000000;3215,50000000;-3,16
2020-10-20T00:00:00+00:00;XRPHEDGE/USD;3289,50000000;3346,00000000;3229,50000000;3317,00000000;0,83
2020-10-19T00:00:00+00:00;XRPHEDGE/USD;3336,00000000;3367,00000000;3241,00000000;3289,50000000;-1,41
2020-10-18T00:00:00+00:00;XRPHEDGE/USD;3360,00000000;3369,00000000;3313,00000000;3336,00000000;-0,72
2020-10-17T00:00:00+00:00;XRPHEDGE/USD;3366,50000000;3390,50000000;3280,50000000;3360,00000000;-0,19
2020-10-16T00:00:00+00:00;XRPHEDGE/USD;3291,50000000;3404,00000000;3269,50000000;3370,50000000;2,34
2020-10-15T00:00:00+00:00;XRPHEDGE/USD;3254,50000000;3334,00000000;3241,00000000;3291,50000000;1,12
2020-10-14T00:00:00+00:00;XRPHEDGE/USD;3169,50000000;3295,00000000;3141,50000000;3254,50000000;2,61
2020-10-13T00:00:00+00:00;XRPHEDGE/USD;3172,50000000;3222,00000000;3122,50000000;3169,50000000;-0,09
2020-10-12T00:00:00+00:00;XRPHEDGE/USD;3180,00000000;3278,00000000;3141,50000000;3172,50000000;-0,24
2020-10-11T00:00:00+00:00;XRPHEDGE/USD;3196,50000000;3232,00000000;3139,00000000;3180,00000000;-0,52
2020-10-10T00:00:00+00:00;XRPHEDGE/USD;3208,50000000;3215,00000000;3111,00000000;3196,50000000;-0,38
2020-10-09T00:00:00+00:00;XRPHEDGE/USD;3228,00000000;3267,00000000;3156,50000000;3205,00000000;-0,72
2020-10-08T00:00:00+00:00;XRPHEDGE/USD;3258,00000000;3345,50000000;3206,00000000;3228,00000000;-0,93
2020-10-07T00:00:00+00:00;XRPHEDGE/USD;3302,00000000;3368,00000000;3213,00000000;3258,00000000;-1,35
2020-10-06T00:00:00+00:00;XRPHEDGE/USD;3240,00000000;3370,00000000;3119,00000000;3302,00000000;1,88
2020-10-05T00:00:00+00:00;XRPHEDGE/USD;3275,50000000;3295,50000000;3186,00000000;3240,00000000;-1,1
2020-10-04T00:00:00+00:00;XRPHEDGE/USD;3506,00000000;3526,50000000;3242,50000000;3275,50000000;-7,04
2020-10-03T00:00:00+00:00;XRPHEDGE/USD;3491,50000000;3512,00000000;3360,00000000;3506,00000000;0,41
2020-10-02T00:00:00+00:00;XRPHEDGE/USD;3431,50000000;3570,50000000;3400,50000000;3491,50000000;1,72
2020-10-01T00:00:00+00:00;XRPHEDGE/USD;3380,50000000;3497,50000000;3298,50000000;3431,50000000;1,49
2020-09-30T00:00:00+00:00;XRPHEDGE/USD;3366,00000000;3443,00000000;3329,50000000;3380,50000000;0,43
2020-09-29T00:00:00+00:00;XRPHEDGE/USD;3399,00000000;3433,50000000;3309,00000000;3366,00000000;-0,98
2020-09-28T00:00:00+00:00;XRPHEDGE/USD;3361,00000000;3412,00000000;3283,00000000;3392,00000000;0,91
2020-09-27T00:00:00+00:00;XRPHEDGE/USD;3386,50000000;3446,00000000;3338,00000000;3361,00000000;-0,76
2020-09-26T00:00:00+00:00;XRPHEDGE/USD;3388,00000000;3444,50000000;3322,50000000;3391,50000000;0,1
2020-09-25T00:00:00+00:00;XRPHEDGE/USD;3530,50000000;3572,00000000;3040,50000000;3388,00000000;-4,21
2020-09-24T00:00:00+00:00;XRPHEDGE/USD;3721,50000000;3757,50000000;3475,00000000;3529,00000000;-5,45
2020-09-23T00:00:00+00:00;XRPHEDGE/USD;3547,00000000;3740,00000000;3501,50000000;3721,50000000;4,69
2020-09-22T00:00:00+00:00;XRPHEDGE/USD;3590,00000000;3611,50000000;3514,00000000;3547,00000000;-1,21
2020-09-21T00:00:00+00:00;XRPHEDGE/USD;3376,00000000;3610,00000000;3341,00000000;3590,00000000;5,96
2020-09-20T00:00:00+00:00;XRPHEDGE/USD;3313,00000000;3430,50000000;3266,00000000;3376,00000000;1,87
2020-09-19T00:00:00+00:00;XRPHEDGE/USD;3316,00000000;3364,50000000;3231,00000000;3313,00000000;-0,09
2020-09-18T00:00:00+00:00;XRPHEDGE/USD;3295,50000000;3376,00000000;3244,00000000;3316,00000000;0,62
2020-09-17T00:00:00+00:00;XRPHEDGE/USD;3370,00000000;3378,00000000;3209,00000000;3295,50000000;-2,26
2020-09-16T00:00:00+00:00;XRPHEDGE/USD;3424,00000000;3556,50000000;3307,00000000;3370,00000000;-1,6
2020-09-15T00:00:00+00:00;XRPHEDGE/USD;3395,00000000;3439,50000000;3332,50000000;3424,00000000;0,85
2020-09-14T00:00:00+00:00;XRPHEDGE/USD;3446,50000000;3493,00000000;3343,50000000;3395,00000000;-1,52
2020-09-13T00:00:00+00:00;XRPHEDGE/USD;3374,50000000;3510,00000000;3292,00000000;3446,50000000;2,09
2020-09-12T00:00:00+00:00;XRPHEDGE/USD;3441,50000000;3481,00000000;3345,50000000;3374,50000000;-1,99
2020-09-11T00:00:00+00:00;XRPHEDGE/USD;3442,50000000;3528,50000000;3415,00000000;3441,50000000;-0,03
2020-09-10T00:00:00+00:00;XRPHEDGE/USD;3497,00000000;3506,50000000;3348,00000000;3442,50000000;-1,58
2020-09-09T00:00:00+00:00;XRPHEDGE/USD;3541,50000000;3589,50000000;3438,50000000;3497,00000000;-1,27
2020-09-08T00:00:00+00:00;XRPHEDGE/USD;3459,00000000;3615,50000000;3426,50000000;3541,50000000;2,33
2020-09-07T00:00:00+00:00;XRPHEDGE/USD;3493,50000000;3643,00000000;3384,00000000;3459,00000000;-1,0
2020-09-06T00:00:00+00:00;XRPHEDGE/USD;3543,50000000;3656,50000000;3436,50000000;3493,50000000;-1,43
2020-09-05T00:00:00+00:00;XRPHEDGE/USD;3321,50000000;3624,50000000;3242,00000000;3543,50000000;6,26
2020-09-04T00:00:00+00:00;XRPHEDGE/USD;3468,50000000;3525,00000000;3147,50000000;3321,50000000;-4,43
2020-09-03T00:00:00+00:00;XRPHEDGE/USD;3107,00000000;3514,75000000;3095,00000000;3468,50000000;10,42
2020-09-02T00:00:00+00:00;XRPHEDGE/USD;2924,50000000;3242,50000000;2827,25000000;3107,00000000;5,87
2020-09-01T00:00:00+00:00;XRPHEDGE/USD;3075,00000000;3130,00000000;2881,00000000;2937,50000000;-4,68
2020-08-31T00:00:00+00:00;XRPHEDGE/USD;3050,75000000;3106,50000000;3034,75000000;3075,00000000;0,79
2020-08-30T00:00:00+00:00;XRPHEDGE/USD;3156,75000000;3162,00000000;3040,50000000;3050,75000000;-3,47
2020-08-29T00:00:00+00:00;XRPHEDGE/USD;3182,00000000;3217,50000000;3109,00000000;3156,75000000;-0,8
2020-08-28T00:00:00+00:00;XRPHEDGE/USD;3273,00000000;3335,00000000;3152,50000000;3182,00000000;-2,86
2020-08-27T00:00:00+00:00;XRPHEDGE/USD;3141,25000000;3391,75000000;3110,00000000;3273,00000000;4,03
2020-08-26T00:00:00+00:00;XRPHEDGE/USD;3135,75000000;3166,25000000;3080,50000000;3141,25000000;0,18
2020-08-25T00:00:00+00:00;XRPHEDGE/USD;3011,75000000;3206,50000000;2998,75000000;3135,75000000;3,95
2020-08-24T00:00:00+00:00;XRPHEDGE/USD;3051,00000000;3075,25000000;2972,75000000;3011,75000000;-1,3
2020-08-23T00:00:00+00:00;XRPHEDGE/USD;3037,75000000;3126,50000000;3012,75000000;3051,00000000;0,43
2020-08-22T00:00:00+00:00;XRPHEDGE/USD;3111,75000000;3181,50000000;3031,00000000;3037,75000000;-2,44
2020-08-21T00:00:00+00:00;XRPHEDGE/USD;2980,50000000;3134,25000000;2945,25000000;3111,75000000;4,22
2020-08-20T00:00:00+00:00;XRPHEDGE/USD;3004,50000000;3063,75000000;2955,75000000;2980,50000000;-0,81
2020-08-19T00:00:00+00:00;XRPHEDGE/USD;2887,50000000;3109,50000000;2852,25000000;3004,50000000;3,89
2020-08-18T00:00:00+00:00;XRPHEDGE/USD;2761,50000000;2940,00000000;2709,25000000;2887,50000000;4,36
2020-08-17T00:00:00+00:00;XRPHEDGE/USD;2865,25000000;2959,50000000;2650,00000000;2761,50000000;-3,76
2020-08-16T00:00:00+00:00;XRPHEDGE/USD;2915,50000000;3015,50000000;2855,50000000;2865,25000000;-1,75
2020-08-15T00:00:00+00:00;XRPHEDGE/USD;2896,75000000;3015,50000000;2844,25000000;2915,50000000;0,64
2020-08-14T00:00:00+00:00;XRPHEDGE/USD;2958,25000000;3015,50000000;2823,75000000;2896,75000000;-2,12
2020-08-13T00:00:00+00:00;XRPHEDGE/USD;3089,00000000;3197,00000000;2941,50000000;2958,25000000;-4,42
2020-08-12T00:00:00+00:00;XRPHEDGE/USD;3088,25000000;3196,50000000;3015,50000000;3089,00000000;0,02
2020-08-11T00:00:00+00:00;XRPHEDGE/USD;2965,75000000;3213,75000000;2839,25000000;3088,25000000;3,97
2020-08-10T00:00:00+00:00;XRPHEDGE/USD;3034,00000000;3051,75000000;2902,75000000;2965,75000000;-2,3
2020-08-09T00:00:00+00:00;XRPHEDGE/USD;2964,00000000;3094,50000000;2933,75000000;3034,00000000;2,31
2020-08-08T00:00:00+00:00;XRPHEDGE/USD;2972,00000000;3015,00000000;2918,00000000;2964,00000000;-0,27
2020-08-07T00:00:00+00:00;XRPHEDGE/USD;2890,00000000;3118,25000000;2822,00000000;2972,00000000;2,76
2020-08-06T00:00:00+00:00;XRPHEDGE/USD;2895,75000000;2943,25000000;2811,50000000;2890,00000000;-0,2
2020-08-05T00:00:00+00:00;XRPHEDGE/USD;2906,75000000;3002,00000000;2839,50000000;2895,75000000;-0,38
2020-08-04T00:00:00+00:00;XRPHEDGE/USD;2828,00000000;3037,00000000;2740,00000000;2906,75000000;2,71
2020-08-03T00:00:00+00:00;XRPHEDGE/USD;3064,25000000;3113,75000000;2722,00000000;2828,00000000;-8,35
2020-08-02T00:00:00+00:00;XRPHEDGE/USD;3026,75000000;5284,50000000;2667,00000000;3064,25000000;1,22
2020-08-01T00:00:00+00:00;XRPHEDGE/USD;3469,50000000;3524,50000000;2957,00000000;3026,75000000;-14,63
2020-07-31T00:00:00+00:00;XRPHEDGE/USD;3696,00000000;3741,00000000;3455,00000000;3469,50000000;-6,53
2020-07-30T00:00:00+00:00;XRPHEDGE/USD;3708,00000000;3942,50000000;3610,50000000;3696,00000000;-0,32
2020-07-29T00:00:00+00:00;XRPHEDGE/USD;3920,00000000;3941,00000000;3592,00000000;3708,00000000;-5,72
2020-07-28T00:00:00+00:00;XRPHEDGE/USD;4026,50000000;4158,50000000;3842,00000000;3920,00000000;-2,72
2020-07-27T00:00:00+00:00;XRPHEDGE/USD;4205,50000000;4433,50000000;3930,00000000;4026,50000000;-4,45
2020-07-26T00:00:00+00:00;XRPHEDGE/USD;4219,50000000;4279,00000000;4013,00000000;4205,50000000;-0,33
2020-07-25T00:00:00+00:00;XRPHEDGE/USD;4451,50000000;4463,00000000;4152,50000000;4220,50000000;-5,47
2020-07-24T00:00:00+00:00;XRPHEDGE/USD;4360,00000000;4535,00000000;4351,50000000;4451,50000000;2,06
2020-07-23T00:00:00+00:00;XRPHEDGE/USD;4461,00000000;4706,00000000;4312,00000000;4360,00000000;-2,32
2020-07-22T00:00:00+00:00;XRPHEDGE/USD;4559,50000000;4646,00000000;4434,00000000;4461,00000000;-2,21
2020-07-21T00:00:00+00:00;XRPHEDGE/USD;4681,00000000;4701,00000000;4520,00000000;4559,50000000;-2,66
2020-07-20T00:00:00+00:00;XRPHEDGE/USD;4561,00000000;4746,50000000;4547,50000000;4681,00000000;2,56
2020-07-19T00:00:00+00:00;XRPHEDGE/USD;4561,50000000;4658,00000000;4506,00000000;4561,00000000;-0,01
2020-07-18T00:00:00+00:00;XRPHEDGE/USD;4692,00000000;4766,50000000;4508,00000000;4561,50000000;-2,86
2020-07-17T00:00:00+00:00;XRPHEDGE/USD;4700,00000000;4842,50000000;4605,00000000;4692,00000000;-0,17
2020-07-16T00:00:00+00:00;XRPHEDGE/USD;4636,00000000;4853,00000000;4622,00000000;4700,00000000;1,36
2020-07-15T00:00:00+00:00;XRPHEDGE/USD;4591,00000000;4678,50000000;4571,00000000;4636,00000000;0,97
2020-07-14T00:00:00+00:00;XRPHEDGE/USD;4606,00000000;4953,00000000;4573,00000000;4591,00000000;-0,33
2020-07-13T00:00:00+00:00;XRPHEDGE/USD;4541,50000000;4760,50000000;4423,00000000;4606,00000000;1,4
2020-07-12T00:00:00+00:00;XRPHEDGE/USD;4544,50000000;4640,50000000;4479,50000000;4541,50000000;-0,07
2020-07-11T00:00:00+00:00;XRPHEDGE/USD;4595,50000000;4636,00000000;4462,50000000;4544,50000000;-1,12
2020-07-10T00:00:00+00:00;XRPHEDGE/USD;4516,50000000;4746,50000000;4512,00000000;4595,50000000;1,72
2020-07-09T00:00:00+00:00;XRPHEDGE/USD;4455,50000000;4644,00000000;4313,50000000;4516,50000000;1,35
2020-07-08T00:00:00+00:00;XRPHEDGE/USD;5007,00000000;5044,00000000;4419,50000000;4455,50000000;-12,38
2020-07-07T00:00:00+00:00;XRPHEDGE/USD;4915,50000000;5072,50000000;4887,00000000;5007,00000000;1,83
2020-07-06T00:00:00+00:00;XRPHEDGE/USD;5265,50000000;5284,50000000;4894,00000000;4915,50000000;-7,12
2020-07-05T00:00:00+00:00;XRPHEDGE/USD;5235,00000000;5357,00000000;5206,50000000;5265,50000000;0,58
2020-07-04T00:00:00+00:00;XRPHEDGE/USD;5295,50000000;5331,00000000;5185,00000000;5235,00000000;-1,16
2020-07-03T00:00:00+00:00;XRPHEDGE/USD;5338,50000000;5398,00000000;5217,50000000;5295,50000000;-0,81
2020-07-02T00:00:00+00:00;XRPHEDGE/USD;5290,00000000;5422,50000000;5261,50000000;5338,50000000;0,91
2020-07-01T00:00:00+00:00;XRPHEDGE/USD;5331,00000000;5451,50000000;5236,50000000;5290,00000000;-0,78
2020-06-30T00:00:00+00:00;XRPHEDGE/USD;5280,50000000;5418,00000000;5256,50000000;5331,00000000;0,95
2020-06-29T00:00:00+00:00;XRPHEDGE/USD;5293,50000000;5362,00000000;5210,50000000;5280,50000000;-0,25
2020-06-28T00:00:00+00:00;XRPHEDGE/USD;5358,00000000;5448,50000000;5200,50000000;5293,50000000;-1,22
2020-06-27T00:00:00+00:00;XRPHEDGE/USD;5145,00000000;5529,50000000;5102,00000000;5358,00000000;3,98
2020-06-26T00:00:00+00:00;XRPHEDGE/USD;5173,00000000;5262,00000000;5019,00000000;5145,00000000;-0,54
2020-06-25T00:00:00+00:00;XRPHEDGE/USD;5129,00000000;5271,00000000;4858,00000000;5173,00000000;0,85
2020-06-24T00:00:00+00:00;XRPHEDGE/USD;4988,50000000;5186,00000000;4910,00000000;5129,00000000;2,74
2020-06-23T00:00:00+00:00;XRPHEDGE/USD;4973,00000000;5003,50000000;4938,50000000;4988,50000000;0,31
2020-06-22T00:00:00+00:00;XRPHEDGE/USD;5074,50000000;5086,00000000;4943,00000000;4973,00000000;-2,04
2020-06-21T00:00:00+00:00;XRPHEDGE/USD;5022,50000000;5085,50000000;4949,50000000;5074,50000000;1,02
2020-06-20T00:00:00+00:00;XRPHEDGE/USD;5049,50000000;5112,00000000;4970,50000000;5022,50000000;-0,54
2020-06-19T00:00:00+00:00;XRPHEDGE/USD;4982,00000000;5071,00000000;4870,50000000;5049,50000000;1,34
2020-06-18T00:00:00+00:00;XRPHEDGE/USD;4898,50000000;5024,50000000;4890,50000000;4982,00000000;1,68
2020-06-17T00:00:00+00:00;XRPHEDGE/USD;4918,00000000;5018,00000000;4754,00000000;4898,50000000;-0,4
2020-06-16T00:00:00+00:00;XRPHEDGE/USD;4922,50000000;4984,00000000;4857,50000000;4918,00000000;-0,09
2020-06-15T00:00:00+00:00;XRPHEDGE/USD;4984,50000000;5203,50000000;4895,50000000;4922,50000000;-1,26
2020-06-14T00:00:00+00:00;XRPHEDGE/USD;4929,00000000;5025,50000000;4919,50000000;4984,50000000;1,11
2020-06-13T00:00:00+00:00;XRPHEDGE/USD;4915,50000000;4972,00000000;4890,50000000;4929,00000000;0,27
2020-06-12T00:00:00+00:00;XRPHEDGE/USD;5058,00000000;5086,50000000;4859,50000000;4915,50000000;-2,9
2020-06-11T00:00:00+00:00;XRPHEDGE/USD;4720,50000000;5173,50000000;4689,50000000;5058,00000000;6,67
2020-06-10T00:00:00+00:00;XRPHEDGE/USD;4749,50000000;4804,50000000;4684,00000000;4720,50000000;-0,61
2020-06-09T00:00:00+00:00;XRPHEDGE/USD;4694,00000000;4789,50000000;4650,00000000;4749,50000000;1,17
2020-06-08T00:00:00+00:00;XRPHEDGE/USD;4714,50000000;4761,00000000;4636,00000000;4694,00000000;-0,44
2020-06-07T00:00:00+00:00;XRPHEDGE/USD;4708,50000000;4827,00000000;4660,50000000;4714,50000000;0,13
2020-06-06T00:00:00+00:00;XRPHEDGE/USD;4736,00000000;4772,50000000;4636,00000000;4708,50000000;-0,58
2020-06-05T00:00:00+00:00;XRPHEDGE/USD;4697,00000000;4766,00000000;4636,00000000;4736,00000000;0,82
2020-06-04T00:00:00+00:00;XRPHEDGE/USD;4703,50000000;4794,00000000;4633,00000000;4697,00000000;-0,14
2020-06-03T00:00:00+00:00;XRPHEDGE/USD;4735,50000000;4782,50000000;4654,00000000;4703,50000000;-0,68
2020-06-02T00:00:00+00:00;XRPHEDGE/USD;4544,50000000;4877,00000000;4475,50000000;4735,50000000;4,03
2020-06-01T00:00:00+00:00;XRPHEDGE/USD;4773,00000000;4802,00000000;4508,50000000;4544,50000000;-5,03
2020-05-31T00:00:00+00:00;XRPHEDGE/USD;4659,00000000;4820,00000000;4515,50000000;4773,00000000;2,39
2020-05-30T00:00:00+00:00;XRPHEDGE/USD;4898,00000000;4937,00000000;4642,00000000;4659,00000000;-5,13
2020-05-29T00:00:00+00:00;XRPHEDGE/USD;4826,50000000;4933,50000000;4767,00000000;4898,00000000;1,46
2020-05-28T00:00:00+00:00;XRPHEDGE/USD;4897,50000000;4970,00000000;4815,00000000;4826,50000000;-1,47
2020-05-27T00:00:00+00:00;XRPHEDGE/USD;5011,50000000;5013,50000000;4839,50000000;4897,50000000;-2,33
2020-05-26T00:00:00+00:00;XRPHEDGE/USD;4952,00000000;5069,50000000;4933,50000000;5011,50000000;1,19
2020-05-25T00:00:00+00:00;XRPHEDGE/USD;5057,50000000;5129,50000000;4928,00000000;4952,00000000;-2,13
2020-05-24T00:00:00+00:00;XRPHEDGE/USD;4908,50000000;5068,50000000;4843,00000000;5057,50000000;2,95
2020-05-23T00:00:00+00:00;XRPHEDGE/USD;4872,00000000;4933,50000000;4825,00000000;4908,50000000;0,74
2020-05-22T00:00:00+00:00;XRPHEDGE/USD;5031,50000000;5089,00000000;4817,00000000;4872,00000000;-3,27
2020-05-21T00:00:00+00:00;XRPHEDGE/USD;4857,50000000;5153,00000000;4822,00000000;5031,50000000;3,46
2020-05-20T00:00:00+00:00;XRPHEDGE/USD;4785,50000000;4955,50000000;4753,00000000;4857,50000000;1,48
2020-05-19T00:00:00+00:00;XRPHEDGE/USD;4777,50000000;4889,50000000;4743,50000000;4785,50000000;0,17
2020-05-18T00:00:00+00:00;XRPHEDGE/USD;4878,50000000;4890,00000000;4705,50000000;4777,50000000;-2,11
2020-05-17T00:00:00+00:00;XRPHEDGE/USD;4920,00000000;4934,50000000;4783,50000000;4878,50000000;-0,85
2020-05-16T00:00:00+00:00;XRPHEDGE/USD;4961,50000000;5016,00000000;4858,50000000;4920,00000000;-0,84
2020-05-15T00:00:00+00:00;XRPHEDGE/USD;4830,50000000;5038,00000000;4808,50000000;4961,50000000;2,64
2020-05-14T00:00:00+00:00;XRPHEDGE/USD;4879,50000000;4965,00000000;4766,00000000;4830,50000000;-1,01
2020-05-13T00:00:00+00:00;XRPHEDGE/USD;5003,50000000;5041,50000000;4822,50000000;4879,50000000;-2,54
2020-05-12T00:00:00+00:00;XRPHEDGE/USD;5121,50000000;5307,00000000;4929,50000000;5003,50000000;-2,36
2020-05-11T00:00:00+00:00;XRPHEDGE/USD;5010,00000000;5336,50000000;4927,00000000;5121,50000000;2,18
2020-05-10T00:00:00+00:00;XRPHEDGE/USD;4608,50000000;5441,50000000;4605,50000000;5010,00000000;8,01
2020-05-09T00:00:00+00:00;XRPHEDGE/USD;4554,50000000;4624,50000000;4416,00000000;4608,50000000;1,17
2020-05-08T00:00:00+00:00;XRPHEDGE/USD;4549,50000000;4677,00000000;4473,50000000;4554,50000000;0,11
2020-05-07T00:00:00+00:00;XRPHEDGE/USD;4716,50000000;4770,50000000;4501,50000000;4549,50000000;-3,67
2020-05-06T00:00:00+00:00;XRPHEDGE/USD;4609,00000000;4754,00000000;4482,50000000;4716,50000000;2,28
2020-05-05T00:00:00+00:00;XRPHEDGE/USD;4592,00000000;4693,00000000;4496,00000000;4609,00000000;0,37
2020-05-04T00:00:00+00:00;XRPHEDGE/USD;4560,50000000;4936,00000000;4535,00000000;4592,00000000;0,69
2020-05-03T00:00:00+00:00;XRPHEDGE/USD;4472,00000000;4648,00000000;4412,50000000;4560,50000000;1,94
2020-05-02T00:00:00+00:00;XRPHEDGE/USD;4593,50000000;4650,00000000;4429,50000000;4472,00000000;-2,72
2020-05-01T00:00:00+00:00;XRPHEDGE/USD;4743,50000000;4751,00000000;4454,50000000;4593,50000000;-3,27
2020-04-30T00:00:00+00:00;XRPHEDGE/USD;4448,00000000;4810,00000000;4260,00000000;4743,50000000;6,23
2020-04-29T00:00:00+00:00;XRPHEDGE/USD;4721,50000000;4755,50000000;4346,00000000;4448,00000000;-6,15
2020-04-28T00:00:00+00:00;XRPHEDGE/USD;5161,50000000;5683,50000000;4621,50000000;4721,50000000;-9,32
2020-04-27T00:00:00+00:00;XRPHEDGE/USD;5199,00000000;5250,50000000;5111,50000000;5161,50000000;-0,73
2020-04-26T00:00:00+00:00;XRPHEDGE/USD;5264,50000000;5344,50000000;5163,50000000;5199,00000000;-1,26
2020-04-25T00:00:00+00:00;XRPHEDGE/USD;5292,00000000;5411,00000000;5165,00000000;5264,50000000;-0,52
2020-04-24T00:00:00+00:00;XRPHEDGE/USD;5314,00000000;5586,50000000;5188,50000000;5292,00000000;-0,42
2020-04-23T00:00:00+00:00;XRPHEDGE/USD;5441,00000000;5531,50000000;5110,50000000;5314,00000000;-2,39
2020-04-22T00:00:00+00:00;XRPHEDGE/USD;5587,00000000;5630,00000000;5393,50000000;5441,00000000;-2,68
2020-04-21T00:00:00+00:00;XRPHEDGE/USD;5655,50000000;5694,50000000;5502,50000000;5587,00000000;-1,23
2020-04-20T00:00:00+00:00;XRPHEDGE/USD;5446,00000000;5765,50000000;5281,50000000;5655,50000000;3,7
2020-04-19T00:00:00+00:00;XRPHEDGE/USD;5276,00000000;5489,50000000;5250,00000000;5446,00000000;3,12
2020-04-18T00:00:00+00:00;XRPHEDGE/USD;5477,00000000;5478,00000000;5227,00000000;5276,00000000;-3,81
2020-04-17T00:00:00+00:00;XRPHEDGE/USD;5428,00000000;5673,00000000;5386,50000000;5477,00000000;0,89
2020-04-16T00:00:00+00:00;XRPHEDGE/USD;5780,00000000;5991,00000000;5341,00000000;5428,00000000;-6,48
2020-04-15T00:00:00+00:00;XRPHEDGE/USD;5617,50000000;5802,00000000;5494,00000000;5780,00000000;2,81
2020-04-14T00:00:00+00:00;XRPHEDGE/USD;5572,50000000;5768,50000000;5525,00000000;5617,50000000;0,8
2020-04-13T00:00:00+00:00;XRPHEDGE/USD;5534,00000000;5940,50000000;5525,00000000;5572,50000000;0,69
2020-04-12T00:00:00+00:00;XRPHEDGE/USD;5567,00000000;5630,00000000;5342,00000000;5534,00000000;-0,6
2020-04-11T00:00:00+00:00;XRPHEDGE/USD;5602,00000000;5674,00000000;5458,00000000;5567,00000000;-0,63
2020-04-10T00:00:00+00:00;XRPHEDGE/USD;5323,50000000;5776,50000000;5309,00000000;5602,00000000;4,97
2020-04-09T00:00:00+00:00;XRPHEDGE/USD;5228,00000000;5437,50000000;5216,50000000;5323,50000000;1,79
2020-04-08T00:00:00+00:00;XRPHEDGE/USD;5500,00000000;5533,00000000;5209,00000000;5228,00000000;-5,2
2020-04-07T00:00:00+00:00;XRPHEDGE/USD;5353,00000000;5584,00000000;5162,50000000;5500,00000000;2,67
2020-04-06T00:00:00+00:00;XRPHEDGE/USD;5999,00000000;6458,00000000;5343,00000000;5353,00000000;-12,07
2020-04-05T00:00:00+00:00;XRPHEDGE/USD;5934,00000000;6102,50000000;5902,50000000;6000,00000000;1,1
2020-04-04T00:00:00+00:00;XRPHEDGE/USD;6005,00000000;6122,00000000;5860,00000000;5934,00000000;-1,2
2020-04-03T00:00:00+00:00;XRPHEDGE/USD;6054,00000000;6134,50000000;5899,00000000;6005,00000000;-0,82
2020-04-02T00:00:00+00:00;XRPHEDGE/USD;6162,50000000;6217,00000000;5765,50000000;6053,50000000;-1,8
2020-04-01T00:00:00+00:00;XRPHEDGE/USD;6225,00000000;6430,00000000;6126,00000000;6162,50000000;-1,01
2020-03-31T00:00:00+00:00;XRPHEDGE/USD;6326,00000000;6398,00000000;6063,50000000;6225,00000000;-1,62
2020-03-30T00:00:00+00:00;XRPHEDGE/USD;6689,00000000;6695,00000000;6149,50000000;6326,00000000;-5,74
2020-03-29T00:00:00+00:00;XRPHEDGE/USD;6228,50000000;6749,00000000;6188,00000000;6689,00000000;6,88
2020-03-28T00:00:00+00:00;XRPHEDGE/USD;6362,00000000;6637,50000000;6063,00000000;6228,50000000;-2,14
2020-03-27T00:00:00+00:00;XRPHEDGE/USD;6237,50000000;6475,00000000;5851,50000000;6359,50000000;1,92
2020-03-26T00:00:00+00:00;XRPHEDGE/USD;6885,50000000;6957,00000000;6184,00000000;6237,50000000;-10,39
2020-03-25T00:00:00+00:00;XRPHEDGE/USD;6865,00000000;7104,00000000;6731,00000000;6887,50000000;0,33
2020-03-24T00:00:00+00:00;XRPHEDGE/USD;7059,50000000;7108,00000000;6807,00000000;6865,00000000;-2,83
2020-03-23T00:00:00+00:00;XRPHEDGE/USD;7640,00000000;7783,00000000;6905,00000000;7058,50000000;-8,24
2020-03-22T00:00:00+00:00;XRPHEDGE/USD;7179,00000000;7712,00000000;7002,00000000;7640,00000000;6,03
2020-03-21T00:00:00+00:00;XRPHEDGE/USD;7251,00000000;7483,00000000;6998,00000000;7179,00000000;-1,0
2020-03-20T00:00:00+00:00;XRPHEDGE/USD;6906,50000000;7977,50000000;6469,00000000;7251,00000000;4,75
2020-03-19T00:00:00+00:00;XRPHEDGE/USD;7958,00000000;8116,00000000;6581,00000000;6905,50000000;-15,24
2020-03-18T00:00:00+00:00;XRPHEDGE/USD;8000,00000000;8362,00000000;7850,00000000;7958,00000000;-0,53
2020-03-17T00:00:00+00:00;XRPHEDGE/USD;8383,00000000;8470,00000000;7621,00000000;7996,00000000;-4,84
2020-03-16T00:00:00+00:00;XRPHEDGE/USD;7760,00000000;9103,00000000;7613,00000000;8383,00000000;7,43
2020-03-15T00:00:00+00:00;XRPHEDGE/USD;8154,00000000;8242,00000000;7110,00000000;7758,00000000;-5,1
2020-03-14T00:00:00+00:00;XRPHEDGE/USD;7512,00000000;8272,00000000;7453,00000000;8157,00000000;7,91
2020-03-13T00:00:00+00:00;XRPHEDGE/USD;9051,00000000;11294,00000000;7231,00000000;7507,00000000;-20,57
2020-03-12T00:00:00+00:00;XRPHEDGE/USD;6693,00000000;9323,00000000;6648,00000000;9039,00000000;25,95
2020-03-11T00:00:00+00:00;XRPHEDGE/USD;6577,50000000;6980,00000000;6502,50000000;6693,00000000;1,73
2020-03-10T00:00:00+00:00;XRPHEDGE/USD;6646,00000000;6772,50000000;6446,00000000;6577,50000000;-1,04
2020-03-09T00:00:00+00:00;XRPHEDGE/USD;6810,00000000;7021,00000000;6573,00000000;6646,00000000;-2,47
2020-03-08T00:00:00+00:00;XRPHEDGE/USD;5977,00000000;6952,50000000;5977,00000000;6812,00000000;12,26
2020-03-07T00:00:00+00:00;XRPHEDGE/USD;5771,50000000;6005,50000000;5761,00000000;5977,00000000;3,44
2020-03-06T00:00:00+00:00;XRPHEDGE/USD;5909,00000000;5935,00000000;5734,50000000;5771,50000000;-2,38
2020-03-05T00:00:00+00:00;XRPHEDGE/USD;6019,75000000;6020,50000000;5803,00000000;5907,50000000;-1,9
2020-03-04T00:00:00+00:00;XRPHEDGE/USD;6024,25000000;6134,75000000;5916,75000000;6019,75000000;-0,07
2020-03-03T00:00:00+00:00;XRPHEDGE/USD;5871,75000000;6133,00000000;5854,00000000;6024,25000000;2,53
2020-03-02T00:00:00+00:00;XRPHEDGE/USD;6221,00000000;6254,00000000;5826,75000000;5872,75000000;-5,93
2020-03-01T00:00:00+00:00;XRPHEDGE/USD;6149,25000000;6290,00000000;5966,25000000;6221,00000000;1,15
2020-02-29T00:00:00+00:00;XRPHEDGE/USD;5935,50000000;6153,75000000;5794,25000000;6147,00000000;3,44
2020-02-28T00:00:00+00:00;XRPHEDGE/USD;5885,50000000;6142,00000000;5748,00000000;5934,00000000;0,82
2020-02-27T00:00:00+00:00;XRPHEDGE/USD;6145,00000000;6282,50000000;5645,50000000;5885,50000000;-4,41
2020-02-26T00:00:00+00:00;XRPHEDGE/USD;5619,00000000;6291,25000000;5551,75000000;6153,00000000;8,68
2020-02-25T00:00:00+00:00;XRPHEDGE/USD;5251,50000000;5645,25000000;5242,25000000;5618,25000000;6,53
2020-02-24T00:00:00+00:00;XRPHEDGE/USD;4996,00000000;5365,75000000;4978,50000000;5251,50000000;4,87
2020-02-23T00:00:00+00:00;XRPHEDGE/USD;5147,00000000;5147,00000000;4961,25000000;4996,00000000;-3,02
2020-02-22T00:00:00+00:00;XRPHEDGE/USD;5144,00000000;5228,75000000;5074,00000000;5147,00000000;0,06
2020-02-21T00:00:00+00:00;XRPHEDGE/USD;5203,25000000;5268,25000000;5051,25000000;5144,00000000;-1,15
2020-02-20T00:00:00+00:00;XRPHEDGE/USD;5132,00000000;5395,75000000;4999,50000000;5203,25000000;1,37
2020-02-19T00:00:00+00:00;XRPHEDGE/USD;4730,50000000;5182,50000000;4588,25000000;5133,50000000;7,85
2020-02-18T00:00:00+00:00;XRPHEDGE/USD;4921,00000000;5131,00000000;4657,00000000;4730,75000000;-4,02
2020-02-17T00:00:00+00:00;XRPHEDGE/USD;4825,75000000;5216,25000000;4787,25000000;4922,75000000;1,97
2020-02-16T00:00:00+00:00;XRPHEDGE/USD;4598,50000000;5200,00000000;4421,00000000;4825,00000000;4,69
2020-02-15T00:00:00+00:00;XRPHEDGE/USD;4212,50000000;4760,00000000;4081,50000000;4595,00000000;8,32
2020-02-14T00:00:00+00:00;XRPHEDGE/USD;4328,00000000;4552,25000000;4174,50000000;4212,50000000;-2,74
2020-02-13T00:00:00+00:00;XRPHEDGE/USD;4653,50000000;4751,00000000;4128,75000000;4328,00000000;-7,52
2020-02-12T00:00:00+00:00;XRPHEDGE/USD;5053,50000000;5054,25000000;4569,00000000;4653,50000000;-8,6
2020-02-11T00:00:00+00:00;XRPHEDGE/USD;5207,50000000;5329,50000000;5007,75000000;5053,50000000;-3,05
2020-02-10T00:00:00+00:00;XRPHEDGE/USD;5034,50000000;5306,50000000;5023,25000000;5207,50000000;3,32
2020-02-09T00:00:00+00:00;XRPHEDGE/USD;5125,25000000;5150,50000000;4907,75000000;5034,50000000;-1,8
2020-02-08T00:00:00+00:00;XRPHEDGE/USD;5084,25000000;5376,50000000;5035,50000000;5125,25000000;0,8
2020-02-07T00:00:00+00:00;XRPHEDGE/USD;5006,25000000;5118,50000000;4920,25000000;5084,25000000;1,53
2020-02-06T00:00:00+00:00;XRPHEDGE/USD;5088,50000000;5271,50000000;4908,00000000;5006,25000000;-1,64
2020-02-05T00:00:00+00:00;XRPHEDGE/USD;5311,00000000;5311,00000000;5017,25000000;5088,50000000;-4,37
2020-02-04T00:00:00+00:00;XRPHEDGE/USD;5570,25000000;5729,75000000;5225,25000000;5311,00000000;-4,88
2020-02-03T00:00:00+00:00;XRPHEDGE/USD;5641,50000000;5740,00000000;5439,75000000;5570,25000000;-1,28
2020-02-02T00:00:00+00:00;XRPHEDGE/USD;5855,25000000;5985,75000000;5369,75000000;5641,50000000;-3,79
2020-02-01T00:00:00+00:00;XRPHEDGE/USD;5893,50000000;5963,00000000;5802,00000000;5855,25000000;-0,65
2020-01-31T00:00:00+00:00;XRPHEDGE/USD;5775,50000000;6024,50000000;5749,00000000;5893,50000000;2,0
2020-01-30T00:00:00+00:00;XRPHEDGE/USD;5987,75000000;6100,00000000;5702,00000000;5775,00000000;-3,68
2020-01-29T00:00:00+00:00;XRPHEDGE/USD;5867,75000000;6008,50000000;5811,25000000;5987,75000000;2,0
2020-01-28T00:00:00+00:00;XRPHEDGE/USD;6097,25000000;6097,25000000;5819,25000000;5861,25000000;-4,03
2020-01-27T00:00:00+00:00;XRPHEDGE/USD;6081,00000000;6212,75000000;6015,00000000;6097,25000000;0,27
2020-01-26T00:00:00+00:00;XRPHEDGE/USD;6422,00000000;6472,50000000;6055,75000000;6081,00000000;-5,61
2020-01-25T00:00:00+00:00;XRPHEDGE/USD;6338,25000000;6496,25000000;6329,00000000;6422,00000000;1,3
2020-01-24T00:00:00+00:00;XRPHEDGE/USD;6237,00000000;6571,50000000;6218,50000000;6338,25000000;1,6
2020-01-23T00:00:00+00:00;XRPHEDGE/USD;5950,25000000;6356,00000000;5948,25000000;6237,75000000;4,61
2020-01-22T00:00:00+00:00;XRPHEDGE/USD;5935,75000000;6046,75000000;5881,00000000;5950,25000000;0,24
2020-01-21T00:00:00+00:00;XRPHEDGE/USD;6039,25000000;6114,00000000;5813,25000000;5937,75000000;-1,71
2020-01-20T00:00:00+00:00;XRPHEDGE/USD;5961,50000000;6254,75000000;5945,75000000;6039,25000000;1,29
2020-01-19T00:00:00+00:00;XRPHEDGE/USD;5768,75000000;6158,00000000;5576,50000000;5961,50000000;3,23
2020-01-18T00:00:00+00:00;XRPHEDGE/USD;5874,75000000;6052,50000000;5494,75000000;5768,75000000;-1,84
2020-01-17T00:00:00+00:00;XRPHEDGE/USD;6136,50000000;6197,00000000;5727,25000000;5874,75000000;-4,46
2020-01-16T00:00:00+00:00;XRPHEDGE/USD;6009,75000000;6294,00000000;5977,00000000;6133,75000000;2,02
2020-01-15T00:00:00+00:00;XRPHEDGE/USD;5966,75000000;6192,50000000;5756,25000000;6008,50000000;0,69
2020-01-14T00:00:00+00:00;XRPHEDGE/USD;6789,00000000;6813,00000000;5721,75000000;5966,50000000;-13,79
2020-01-13T00:00:00+00:00;XRPHEDGE/USD;6671,00000000;6840,75000000;6660,00000000;6789,00000000;1,74
2020-01-12T00:00:00+00:00;XRPHEDGE/USD;6798,00000000;6849,50000000;6616,75000000;6674,00000000;-1,86
2020-01-11T00:00:00+00:00;XRPHEDGE/USD;6753,00000000;6883,00000000;6523,50000000;6798,00000000;0,66
2020-01-10T00:00:00+00:00;XRPHEDGE/USD;7061,50000000;7186,50000000;6745,75000000;6754,00000000;-4,55
2020-01-09T00:00:00+00:00;XRPHEDGE/USD;6940,00000000;7156,25000000;6901,25000000;7061,50000000;1,72
2020-01-08T00:00:00+00:00;XRPHEDGE/USD;6745,00000000;7071,50000000;6600,50000000;6940,00000000;2,81
2020-01-07T00:00:00+00:00;XRPHEDGE/USD;6472,00000000;6923,75000000;6396,50000000;6743,00000000;4,02

