DATE/TIME;SYMBOL;OPEN;HIGH;LOW;CLOSE;EVOL % CLOSE/HIGH
2022-01-05T00:00:00+00:00;TOMOHEDGE/USD;9,95000000;10,00400000;9,64200000;9,71000000;-2,47
2022-01-04T00:00:00+00:00;TOMOHEDGE/USD;9,78300000;9,96100000;9,49400000;9,95000000;1,68
2022-01-03T00:00:00+00:00;TOMOHEDGE/USD;9,43600000;9,89600000;9,43600000;9,78300000;3,55
2022-01-02T00:00:00+00:00;TOMOHEDGE/USD;9,53100000;9,77250000;9,38750000;9,43600000;-1,01
2022-01-01T00:00:00+00:00;TOMOHEDGE/USD;10,10500000;10,12100000;9,51900000;9,53100000;-6,02
2021-12-31T00:00:00+00:00;TOMOHEDGE/USD;10,34900000;10,34900000;9,73100000;10,10500000;-2,41
2021-12-30T00:00:00+00:00;TOMOHEDGE/USD;10,21900000;10,42600000;9,99700000;10,34900000;1,26
2021-12-29T00:00:00+00:00;TOMOHEDGE/USD;9,88700000;10,31400000;9,66200000;10,21900000;3,25
2021-12-28T00:00:00+00:00;TOMOHEDGE/USD;9,16700000;9,97600000;9,15000000;9,88700000;7,28
2021-12-27T00:00:00+00:00;TOMOHEDGE/USD;9,18400000;9,21700000;8,60100000;9,16700000;-0,19
2021-12-26T00:00:00+00:00;TOMOHEDGE/USD;9,37100000;9,53700000;9,04100000;9,18400000;-2,04
2021-12-25T00:00:00+00:00;TOMOHEDGE/USD;9,74200000;9,79400000;9,19900000;9,37100000;-3,96
2021-12-24T00:00:00+00:00;TOMOHEDGE/USD;9,65800000;10,03400000;9,26400000;9,74200000;0,86
2021-12-23T00:00:00+00:00;TOMOHEDGE/USD;10,31100000;10,53500000;9,58100000;9,65800000;-6,76
2021-12-22T00:00:00+00:00;TOMOHEDGE/USD;10,43600000;10,54000000;10,10100000;10,31100000;-1,21
2021-12-21T00:00:00+00:00;TOMOHEDGE/USD;10,73600000;10,83000000;10,32700000;10,43600000;-2,87
2021-12-20T00:00:00+00:00;TOMOHEDGE/USD;10,13300000;10,96600000;9,90300000;10,73600000;5,62
2021-12-19T00:00:00+00:00;TOMOHEDGE/USD;9,92100000;10,17900000;9,78900000;10,13300000;2,09
2021-12-18T00:00:00+00:00;TOMOHEDGE/USD;10,24500000;10,35400000;9,55500000;9,92100000;-3,27
2021-12-17T00:00:00+00:00;TOMOHEDGE/USD;10,08000000;10,63000000;9,94600000;10,24500000;1,61
2021-12-16T00:00:00+00:00;TOMOHEDGE/USD;9,79400000;10,10700000;9,50200000;10,08000000;2,84
2021-12-15T00:00:00+00:00;TOMOHEDGE/USD;10,17000000;10,99900000;9,74500000;9,79400000;-3,84
2021-12-14T00:00:00+00:00;TOMOHEDGE/USD;10,67600000;10,93100000;10,08300000;10,17000000;-4,98
2021-12-13T00:00:00+00:00;TOMOHEDGE/USD;9,59500000;10,84300000;9,49600000;10,67600000;10,13
2021-12-12T00:00:00+00:00;TOMOHEDGE/USD;9,57200000;9,87600000;9,37400000;9,59500000;0,24
2021-12-11T00:00:00+00:00;TOMOHEDGE/USD;10,12400000;10,40000000;9,56200000;9,57200000;-5,77
2021-12-10T00:00:00+00:00;TOMOHEDGE/USD;9,81400000;10,18600000;9,53300000;10,12400000;3,06
2021-12-09T00:00:00+00:00;TOMOHEDGE/USD;8,99200000;9,83800000;8,94400000;9,81400000;8,38
2021-12-08T00:00:00+00:00;TOMOHEDGE/USD;9,77800000;10,05600000;8,77800000;8,99200000;-8,74
2021-12-07T00:00:00+00:00;TOMOHEDGE/USD;9,90900000;9,92400000;9,53500000;9,77800000;-1,34
2021-12-06T00:00:00+00:00;TOMOHEDGE/USD;9,71200000;10,42400000;9,71200000;9,90900000;1,99
2021-12-05T00:00:00+00:00;TOMOHEDGE/USD;7,29900000;9,71200000;7,29900000;9,71200000;24,85
2021-12-04T00:00:00+00:00;TOMOHEDGE/USD;7,29900000;9,01600000;7,29900000;7,29900000;0,0
2021-12-03T00:00:00+00:00;TOMOHEDGE/USD;7,37700000;7,40800000;7,05600000;7,29900000;-1,07
2021-12-02T00:00:00+00:00;TOMOHEDGE/USD;7,59800000;7,90800000;7,29900000;7,37700000;-3,0
2021-12-01T00:00:00+00:00;TOMOHEDGE/USD;7,64600000;7,71800000;7,29900000;7,59800000;-0,63
2021-11-30T00:00:00+00:00;TOMOHEDGE/USD;7,43700000;7,95400000;7,29900000;7,64600000;2,73
2021-11-29T00:00:00+00:00;TOMOHEDGE/USD;7,29900000;7,49800000;7,29900000;7,43700000;1,86
2021-11-28T00:00:00+00:00;TOMOHEDGE/USD;6,90700000;7,95900000;6,90700000;7,29900000;5,37
2021-11-27T00:00:00+00:00;TOMOHEDGE/USD;7,45000000;7,45000000;6,90000000;6,90700000;-7,86
2021-11-26T00:00:00+00:00;TOMOHEDGE/USD;6,85100000;7,45000000;6,82800000;7,45000000;8,04
2021-11-25T00:00:00+00:00;TOMOHEDGE/USD;6,71200000;6,88200000;6,68450000;6,85100000;2,03
2021-11-24T00:00:00+00:00;TOMOHEDGE/USD;6,62150000;6,75450000;6,52150000;6,71200000;1,35
2021-11-23T00:00:00+00:00;TOMOHEDGE/USD;7,29300000;7,36300000;6,17600000;6,62150000;-10,14
2021-11-22T00:00:00+00:00;TOMOHEDGE/USD;7,35400000;7,82700000;6,86400000;7,29300000;-0,84
2021-11-21T00:00:00+00:00;TOMOHEDGE/USD;7,42300000;7,93000000;7,19600000;7,35400000;-0,94
2021-11-20T00:00:00+00:00;TOMOHEDGE/USD;7,52800000;8,76000000;7,40800000;7,42300000;-1,41
2021-11-19T00:00:00+00:00;TOMOHEDGE/USD;7,55900000;8,12300000;7,32900000;7,52800000;-0,41
2021-11-18T00:00:00+00:00;TOMOHEDGE/USD;7,17600000;7,74200000;6,27950000;7,55900000;5,07
2021-11-17T00:00:00+00:00;TOMOHEDGE/USD;7,85500000;7,95800000;6,95900000;7,17600000;-9,46
2021-11-16T00:00:00+00:00;TOMOHEDGE/USD;8,02900000;9,15700000;7,49000000;7,85500000;-2,22
2021-11-15T00:00:00+00:00;TOMOHEDGE/USD;8,14900000;8,66700000;7,89700000;8,02900000;-1,49
2021-11-14T00:00:00+00:00;TOMOHEDGE/USD;8,88800000;9,04100000;8,03600000;8,14900000;-9,07
2021-11-13T00:00:00+00:00;TOMOHEDGE/USD;9,41000000;9,41000000;8,81000000;8,88800000;-5,87
2021-11-12T00:00:00+00:00;TOMOHEDGE/USD;9,59400000;9,88700000;9,31600000;9,41000000;-1,96
2021-11-11T00:00:00+00:00;TOMOHEDGE/USD;9,82700000;9,99900000;9,36600000;9,59400000;-2,43
2021-11-10T00:00:00+00:00;TOMOHEDGE/USD;9,25500000;10,03900000;9,00200000;9,82700000;5,82
2021-11-09T00:00:00+00:00;TOMOHEDGE/USD;8,85000000;9,33800000;8,69000000;9,25500000;4,38
2021-11-08T00:00:00+00:00;TOMOHEDGE/USD;9,48900000;9,51100000;8,71500000;8,85000000;-7,22
2021-11-07T00:00:00+00:00;TOMOHEDGE/USD;9,35400000;9,51100000;9,17800000;9,48900000;1,42
2021-11-06T00:00:00+00:00;TOMOHEDGE/USD;9,07400000;9,83000000;8,92400000;9,35400000;2,99
2021-11-05T00:00:00+00:00;TOMOHEDGE/USD;9,26300000;9,60100000;8,74300000;9,07400000;-2,08
2021-11-04T00:00:00+00:00;TOMOHEDGE/USD;9,13100000;9,59100000;8,92200000;9,26300000;1,43
2021-11-03T00:00:00+00:00;TOMOHEDGE/USD;8,83600000;9,91600000;8,63200000;9,13100000;3,23
2021-11-02T00:00:00+00:00;TOMOHEDGE/USD;9,52200000;9,63800000;8,66500000;8,83600000;-7,76
2021-11-01T00:00:00+00:00;TOMOHEDGE/USD;9,56900000;9,94600000;8,55500000;9,52200000;-0,49
2021-10-31T00:00:00+00:00;TOMOHEDGE/USD;9,81600000;10,18900000;9,56900000;9,56900000;-2,58
2021-10-30T00:00:00+00:00;TOMOHEDGE/USD;10,11300000;10,23700000;9,12500000;9,81600000;-3,03
2021-10-29T00:00:00+00:00;TOMOHEDGE/USD;10,39400000;10,45400000;9,93300000;10,11300000;-2,78
2021-10-28T00:00:00+00:00;TOMOHEDGE/USD;11,02600000;11,12800000;10,13800000;10,39400000;-6,08
2021-10-27T00:00:00+00:00;TOMOHEDGE/USD;9,88400000;11,09000000;9,65100000;11,00600000;10,19
2021-10-26T00:00:00+00:00;TOMOHEDGE/USD;9,86400000;10,00500000;9,46300000;9,88400000;0,2
2021-10-25T00:00:00+00:00;TOMOHEDGE/USD;10,06500000;10,12300000;9,68300000;9,86400000;-2,04
2021-10-24T00:00:00+00:00;TOMOHEDGE/USD;9,67700000;10,16000000;9,60900000;10,06500000;3,85
2021-10-23T00:00:00+00:00;TOMOHEDGE/USD;9,72300000;9,90200000;9,65100000;9,67700000;-0,48
2021-10-22T00:00:00+00:00;TOMOHEDGE/USD;9,89300000;9,98200000;9,21800000;9,72300000;-1,75
2021-10-21T00:00:00+00:00;TOMOHEDGE/USD;10,10600000;10,34700000;9,70800000;9,90900000;-1,99
2021-10-20T00:00:00+00:00;TOMOHEDGE/USD;10,65200000;10,71300000;9,95700000;10,10600000;-5,4
2021-10-19T00:00:00+00:00;TOMOHEDGE/USD;10,93600000;11,14800000;10,35200000;10,65200000;-2,67
2021-10-18T00:00:00+00:00;TOMOHEDGE/USD;10,98400000;11,34800000;10,90600000;10,93600000;-0,44
2021-10-17T00:00:00+00:00;TOMOHEDGE/USD;10,61900000;11,13800000;10,50900000;10,98400000;3,32
2021-10-16T00:00:00+00:00;TOMOHEDGE/USD;10,74900000;10,77500000;10,39700000;10,61900000;-1,22
2021-10-15T00:00:00+00:00;TOMOHEDGE/USD;11,17900000;11,52100000;10,45200000;10,74900000;-4,0
2021-10-14T00:00:00+00:00;TOMOHEDGE/USD;11,23600000;11,34200000;10,63000000;11,13500000;-0,91
2021-10-13T00:00:00+00:00;TOMOHEDGE/USD;11,80000000;11,87900000;11,21400000;11,23600000;-5,02
2021-10-12T00:00:00+00:00;TOMOHEDGE/USD;11,75500000;12,55100000;11,60200000;11,80000000;0,38
2021-10-11T00:00:00+00:00;TOMOHEDGE/USD;11,69300000;12,09300000;11,25000000;11,75500000;0,53
2021-10-10T00:00:00+00:00;TOMOHEDGE/USD;11,25000000;11,73800000;11,23400000;11,69300000;3,79
2021-10-09T00:00:00+00:00;TOMOHEDGE/USD;11,00000000;11,25000000;10,43100000;11,25000000;2,22
2021-10-08T00:00:00+00:00;TOMOHEDGE/USD;10,47400000;11,07200000;10,26800000;11,01100000;4,88
2021-10-07T00:00:00+00:00;TOMOHEDGE/USD;10,44100000;10,85900000;10,27200000;10,47400000;0,32
2021-10-06T00:00:00+00:00;TOMOHEDGE/USD;10,40500000;11,11900000;10,20400000;10,44100000;0,34
2021-10-05T00:00:00+00:00;TOMOHEDGE/USD;10,14700000;10,77300000;9,66500000;10,40500000;2,48
2021-10-04T00:00:00+00:00;TOMOHEDGE/USD;10,93000000;11,87600000;9,94000000;10,14700000;-7,72
2021-10-03T00:00:00+00:00;TOMOHEDGE/USD;10,87300000;11,53400000;10,41300000;10,93000000;0,52
2021-10-02T00:00:00+00:00;TOMOHEDGE/USD;10,89900000;11,06500000;10,43900000;10,87300000;-0,24
2021-10-01T00:00:00+00:00;TOMOHEDGE/USD;12,29900000;12,38400000;10,84600000;10,89900000;-12,85
2021-09-30T00:00:00+00:00;TOMOHEDGE/USD;12,94300000;12,99300000;12,19300000;12,29900000;-5,24
2021-09-29T00:00:00+00:00;TOMOHEDGE/USD;13,16700000;13,21800000;12,29900000;12,94300000;-1,73
2021-09-28T00:00:00+00:00;TOMOHEDGE/USD;13,16000000;13,60400000;12,02000000;13,16700000;0,05
2021-09-27T00:00:00+00:00;TOMOHEDGE/USD;12,62300000;13,20000000;12,29900000;13,15300000;4,03
2021-09-26T00:00:00+00:00;TOMOHEDGE/USD;12,14600000;13,07100000;12,00400000;12,61200000;3,69
2021-09-25T00:00:00+00:00;TOMOHEDGE/USD;11,54500000;12,26700000;10,85300000;12,14600000;4,95
2021-09-24T00:00:00+00:00;TOMOHEDGE/USD;11,64700000;12,67300000;11,11700000;11,54500000;-0,88
2021-09-23T00:00:00+00:00;TOMOHEDGE/USD;12,11400000;12,37000000;11,43600000;11,64700000;-4,01
2021-09-22T00:00:00+00:00;TOMOHEDGE/USD;13,37000000;13,43500000;11,96000000;12,11400000;-10,37
2021-09-21T00:00:00+00:00;TOMOHEDGE/USD;13,26200000;14,26100000;12,65700000;13,37000000;0,81
2021-09-20T00:00:00+00:00;TOMOHEDGE/USD;12,07700000;14,06200000;12,06300000;13,26200000;8,94
2021-09-19T00:00:00+00:00;TOMOHEDGE/USD;11,89700000;12,27000000;11,57800000;12,06300000;1,38
2021-09-18T00:00:00+00:00;TOMOHEDGE/USD;12,04600000;12,26700000;11,49100000;11,89700000;-1,25
2021-09-17T00:00:00+00:00;TOMOHEDGE/USD;11,49100000;12,27600000;11,47600000;12,04600000;4,61
2021-09-16T00:00:00+00:00;TOMOHEDGE/USD;11,28000000;11,71400000;10,71500000;11,49100000;1,84
2021-09-15T00:00:00+00:00;TOMOHEDGE/USD;11,61600000;11,68300000;11,22400000;11,28000000;-2,98
2021-09-14T00:00:00+00:00;TOMOHEDGE/USD;12,31900000;12,45700000;11,57400000;11,61600000;-6,05
2021-09-13T00:00:00+00:00;TOMOHEDGE/USD;11,94100000;13,07700000;11,73000000;12,31900000;3,07
2021-09-12T00:00:00+00:00;TOMOHEDGE/USD;12,67000000;13,02800000;11,28500000;11,94100000;-6,11
2021-09-11T00:00:00+00:00;TOMOHEDGE/USD;12,73000000;13,04000000;12,04400000;12,67000000;-0,47
2021-09-10T00:00:00+00:00;TOMOHEDGE/USD;11,56400000;13,15800000;11,25200000;12,73000000;9,16
2021-09-09T00:00:00+00:00;TOMOHEDGE/USD;11,56200000;12,32700000;11,18200000;11,56400000;0,02
2021-09-08T00:00:00+00:00;TOMOHEDGE/USD;11,12000000;12,39300000;10,26400000;11,56200000;3,82
2021-09-07T00:00:00+00:00;TOMOHEDGE/USD;8,41000000;11,47500000;8,12100000;11,12000000;24,37
2021-09-06T00:00:00+00:00;TOMOHEDGE/USD;8,74000000;9,63400000;7,99700000;8,41000000;-3,92
2021-09-05T00:00:00+00:00;TOMOHEDGE/USD;8,59100000;8,86700000;8,54900000;8,74000000;1,7
2021-09-04T00:00:00+00:00;TOMOHEDGE/USD;9,15600000;9,29400000;8,26000000;8,59100000;-6,58
2021-09-03T00:00:00+00:00;TOMOHEDGE/USD;9,29800000;9,49900000;8,75900000;9,15600000;-1,55
2021-09-02T00:00:00+00:00;TOMOHEDGE/USD;9,68100000;9,71200000;8,81400000;9,29800000;-4,12
2021-09-01T00:00:00+00:00;TOMOHEDGE/USD;9,86300000;10,24200000;9,60800000;9,68100000;-1,88
2021-08-31T00:00:00+00:00;TOMOHEDGE/USD;10,02200000;10,16100000;9,56800000;9,86300000;-1,61
2021-08-30T00:00:00+00:00;TOMOHEDGE/USD;9,47200000;10,06900000;9,11600000;10,02200000;5,49
2021-08-29T00:00:00+00:00;TOMOHEDGE/USD;9,64500000;10,06400000;9,09100000;9,47200000;-1,83
2021-08-28T00:00:00+00:00;TOMOHEDGE/USD;9,72200000;9,87200000;9,35500000;9,64500000;-0,8
2021-08-27T00:00:00+00:00;TOMOHEDGE/USD;10,29800000;10,87400000;9,69100000;9,72200000;-5,92
2021-08-26T00:00:00+00:00;TOMOHEDGE/USD;9,38000000;10,35900000;9,22100000;10,29800000;8,91
2021-08-25T00:00:00+00:00;TOMOHEDGE/USD;9,60400000;10,05700000;9,19600000;9,38000000;-2,39
2021-08-24T00:00:00+00:00;TOMOHEDGE/USD;9,22100000;9,62200000;8,16000000;9,60400000;3,99
2021-08-23T00:00:00+00:00;TOMOHEDGE/USD;9,29700000;9,43100000;8,76800000;9,20200000;-1,03
2021-08-22T00:00:00+00:00;TOMOHEDGE/USD;9,99200000;10,01800000;8,87800000;9,29700000;-7,48
2021-08-21T00:00:00+00:00;TOMOHEDGE/USD;9,83000000;10,20400000;9,57000000;9,99200000;1,62
2021-08-20T00:00:00+00:00;TOMOHEDGE/USD;11,32200000;11,36400000;9,69300000;9,83000000;-15,18
2021-08-19T00:00:00+00:00;TOMOHEDGE/USD;11,62100000;11,96900000;11,30100000;11,32200000;-2,64
2021-08-18T00:00:00+00:00;TOMOHEDGE/USD;11,78100000;12,50800000;11,36100000;11,62100000;-1,38
2021-08-17T00:00:00+00:00;TOMOHEDGE/USD;11,31200000;11,94500000;10,90300000;11,78100000;3,98
2021-08-16T00:00:00+00:00;TOMOHEDGE/USD;10,75400000;11,36100000;10,50600000;11,31200000;4,93
2021-08-15T00:00:00+00:00;TOMOHEDGE/USD;11,21500000;11,39500000;10,75000000;10,75400000;-4,29
2021-08-14T00:00:00+00:00;TOMOHEDGE/USD;10,96900000;11,36100000;10,65600000;11,21500000;2,19
2021-08-13T00:00:00+00:00;TOMOHEDGE/USD;11,86000000;12,01100000;10,95200000;10,96900000;-8,12
2021-08-12T00:00:00+00:00;TOMOHEDGE/USD;11,43900000;12,23100000;11,18200000;11,86000000;3,55
2021-08-11T00:00:00+00:00;TOMOHEDGE/USD;11,39800000;11,53400000;10,85200000;11,43900000;0,36
2021-08-10T00:00:00+00:00;TOMOHEDGE/USD;11,37600000;11,72800000;11,03900000;11,39800000;0,19
2021-08-09T00:00:00+00:00;TOMOHEDGE/USD;12,03600000;12,46600000;11,17400000;11,37600000;-5,8
2021-08-08T00:00:00+00:00;TOMOHEDGE/USD;11,26700000;12,22800000;11,26700000;12,03600000;6,39
2021-08-07T00:00:00+00:00;TOMOHEDGE/USD;11,13300000;11,36800000;10,42700000;11,26700000;1,19
2021-08-06T00:00:00+00:00;TOMOHEDGE/USD;11,05600000;11,19900000;10,69300000;11,13300000;0,69
2021-08-05T00:00:00+00:00;TOMOHEDGE/USD;11,56400000;12,14700000;10,67300000;11,05600000;-4,59
2021-08-04T00:00:00+00:00;TOMOHEDGE/USD;12,15900000;12,52600000;11,39600000;11,56400000;-5,15
2021-08-03T00:00:00+00:00;TOMOHEDGE/USD;12,36900000;12,79000000;11,89000000;12,15900000;-1,73
2021-08-02T00:00:00+00:00;TOMOHEDGE/USD;12,66200000;12,91800000;12,02900000;12,36900000;-2,37
2021-08-01T00:00:00+00:00;TOMOHEDGE/USD;12,15700000;12,75300000;11,57800000;12,66200000;3,99
2021-07-31T00:00:00+00:00;TOMOHEDGE/USD;12,68300000;12,91200000;11,59100000;12,15700000;-4,33
2021-07-30T00:00:00+00:00;TOMOHEDGE/USD;12,57500000;13,28000000;12,28200000;12,68300000;0,85
2021-07-29T00:00:00+00:00;TOMOHEDGE/USD;12,32800000;12,78300000;12,13900000;12,57500000;1,96
2021-07-28T00:00:00+00:00;TOMOHEDGE/USD;12,41400000;12,73500000;12,28300000;12,34000000;-0,6
2021-07-27T00:00:00+00:00;TOMOHEDGE/USD;12,33100000;13,18700000;11,87600000;12,41400000;0,67
2021-07-26T00:00:00+00:00;TOMOHEDGE/USD;12,23200000;12,82200000;11,23100000;12,33100000;0,8
2021-07-25T00:00:00+00:00;TOMOHEDGE/USD;12,21000000;12,99000000;12,03700000;12,23200000;0,18
2021-07-24T00:00:00+00:00;TOMOHEDGE/USD;11,49900000;12,44900000;11,07000000;12,21000000;5,82
2021-07-23T00:00:00+00:00;TOMOHEDGE/USD;13,33800000;13,99600000;10,32800000;11,49900000;-15,99
2021-07-22T00:00:00+00:00;TOMOHEDGE/USD;14,68000000;14,95000000;13,32400000;13,33800000;-10,06
2021-07-21T00:00:00+00:00;TOMOHEDGE/USD;16,05750000;16,61750000;14,00500000;14,68000000;-9,38
2021-07-20T00:00:00+00:00;TOMOHEDGE/USD;14,79700000;16,44500000;13,75400000;16,05750000;7,85
2021-07-19T00:00:00+00:00;TOMOHEDGE/USD;14,31300000;15,84200000;14,27900000;14,79700000;3,27
2021-07-18T00:00:00+00:00;TOMOHEDGE/USD;15,71700000;15,89000000;13,29800000;14,31300000;-9,81
2021-07-17T00:00:00+00:00;TOMOHEDGE/USD;14,93400000;15,77900000;13,43100000;15,71700000;4,98
2021-07-16T00:00:00+00:00;TOMOHEDGE/USD;15,10400000;15,68700000;13,39900000;14,93400000;-1,14
2021-07-15T00:00:00+00:00;TOMOHEDGE/USD;15,04800000;15,73500000;14,35000000;15,10400000;0,37
2021-07-14T00:00:00+00:00;TOMOHEDGE/USD;16,25000000;17,65750000;15,03300000;15,04800000;-7,99
2021-07-13T00:00:00+00:00;TOMOHEDGE/USD;16,72500000;17,39000000;15,72750000;16,25000000;-2,92
2021-07-12T00:00:00+00:00;TOMOHEDGE/USD;15,40600000;16,95000000;15,38500000;16,72500000;7,89
2021-07-11T00:00:00+00:00;TOMOHEDGE/USD;15,74500000;16,49900000;15,22800000;15,40600000;-2,2
2021-07-10T00:00:00+00:00;TOMOHEDGE/USD;17,13000000;18,12500000;15,08500000;15,74500000;-8,8
2021-07-09T00:00:00+00:00;TOMOHEDGE/USD;16,89000000;18,12500000;16,65750000;17,13000000;1,4
2021-07-08T00:00:00+00:00;TOMOHEDGE/USD;19,48500000;20,98250000;16,14250000;16,89000000;-15,36
2021-07-07T00:00:00+00:00;TOMOHEDGE/USD;18,16750000;20,20250000;18,03500000;19,48500000;6,76
2021-07-06T00:00:00+00:00;TOMOHEDGE/USD;21,74250000;21,78250000;17,87250000;18,16750000;-19,68
2021-07-05T00:00:00+00:00;TOMOHEDGE/USD;21,10250000;22,37000000;19,37500000;21,74250000;2,94
2021-07-04T00:00:00+00:00;TOMOHEDGE/USD;22,81000000;24,00000000;20,49000000;21,09250000;-8,14
2021-07-03T00:00:00+00:00;TOMOHEDGE/USD;23,49750000;24,43250000;22,65750000;22,81000000;-3,01
2021-07-02T00:00:00+00:00;TOMOHEDGE/USD;24,52500000;25,63000000;23,21750000;23,49750000;-4,37
2021-07-01T00:00:00+00:00;TOMOHEDGE/USD;24,19000000;26,90500000;23,82500000;24,52500000;1,37
2021-06-30T00:00:00+00:00;TOMOHEDGE/USD;23,36750000;25,42000000;22,62500000;24,19000000;3,4
2021-06-29T00:00:00+00:00;TOMOHEDGE/USD;28,66250000;28,81000000;23,15500000;23,36750000;-22,66
2021-06-28T00:00:00+00:00;TOMOHEDGE/USD;29,29750000;29,84750000;27,39500000;28,66250000;-2,22
2021-06-27T00:00:00+00:00;TOMOHEDGE/USD;31,25000000;31,70500000;29,28250000;29,29750000;-6,66
2021-06-26T00:00:00+00:00;TOMOHEDGE/USD;30,97250000;33,06000000;27,82500000;31,25000000;0,89
2021-06-25T00:00:00+00:00;TOMOHEDGE/USD;29,03000000;31,90250000;28,35500000;30,97250000;6,27
2021-06-24T00:00:00+00:00;TOMOHEDGE/USD;26,85750000;29,21000000;26,54750000;29,03000000;7,48
2021-06-23T00:00:00+00:00;TOMOHEDGE/USD;29,34750000;30,44500000;25,05250000;26,90750000;-9,07
2021-06-22T00:00:00+00:00;TOMOHEDGE/USD;28,84750000;33,37250000;26,80750000;29,34750000;1,7
2021-06-21T00:00:00+00:00;TOMOHEDGE/USD;25,05250000;29,09250000;24,62750000;28,84750000;13,16
2021-06-20T00:00:00+00:00;TOMOHEDGE/USD;25,58750000;27,47500000;25,00750000;25,05250000;-2,14
2021-06-19T00:00:00+00:00;TOMOHEDGE/USD;24,61000000;25,64500000;23,75250000;25,58750000;3,82
2021-06-18T00:00:00+00:00;TOMOHEDGE/USD;23,55250000;25,51000000;22,87750000;24,61000000;4,3
2021-06-17T00:00:00+00:00;TOMOHEDGE/USD;24,79250000;25,05250000;22,72750000;23,55250000;-5,26
2021-06-16T00:00:00+00:00;TOMOHEDGE/USD;25,05000000;25,53250000;23,39500000;24,79250000;-1,04
2021-06-15T00:00:00+00:00;TOMOHEDGE/USD;28,80250000;29,10750000;24,05250000;25,05000000;-14,98
2021-06-14T00:00:00+00:00;TOMOHEDGE/USD;30,72500000;31,06000000;28,56250000;28,80250000;-6,67
2021-06-13T00:00:00+00:00;TOMOHEDGE/USD;32,68000000;34,65500000;30,12500000;30,72500000;-6,36
2021-06-12T00:00:00+00:00;TOMOHEDGE/USD;32,08500000;34,75500000;30,98500000;32,68000000;1,82
2021-06-11T00:00:00+00:00;TOMOHEDGE/USD;31,45750000;33,88500000;30,13750000;32,08500000;1,96
2021-06-10T00:00:00+00:00;TOMOHEDGE/USD;29,61500000;33,54500000;29,55000000;31,45750000;5,86
2021-06-09T00:00:00+00:00;TOMOHEDGE/USD;32,31500000;36,19000000;29,61500000;29,61500000;-9,12
2021-06-08T00:00:00+00:00;TOMOHEDGE/USD;31,28250000;38,39750000;30,71500000;32,31500000;3,2
2021-06-07T00:00:00+00:00;TOMOHEDGE/USD;28,83750000;33,06000000;27,65750000;31,28250000;7,82
2021-06-06T00:00:00+00:00;TOMOHEDGE/USD;29,68250000;31,04250000;28,70750000;28,83750000;-2,93
2021-06-05T00:00:00+00:00;TOMOHEDGE/USD;28,43750000;32,09000000;26,51500000;29,68250000;4,19
2021-06-04T00:00:00+00:00;TOMOHEDGE/USD;26,96000000;32,24500000;26,52250000;28,43750000;5,2
2021-06-03T00:00:00+00:00;TOMOHEDGE/USD;28,71500000;30,94750000;26,35000000;26,96000000;-6,51
2021-06-02T00:00:00+00:00;TOMOHEDGE/USD;28,34750000;35,39000000;27,85750000;28,71500000;1,28
2021-06-01T00:00:00+00:00;TOMOHEDGE/USD;32,86000000;35,19500000;27,93750000;28,34750000;-15,92
2021-05-31T00:00:00+00:00;TOMOHEDGE/USD;34,41000000;38,35500000;32,46000000;32,86000000;-4,72
2021-05-30T00:00:00+00:00;TOMOHEDGE/USD;35,64000000;38,42000000;33,38500000;34,41000000;-3,57
2021-05-29T00:00:00+00:00;TOMOHEDGE/USD;37,28500000;39,94000000;34,07000000;35,64000000;-4,62
2021-05-28T00:00:00+00:00;TOMOHEDGE/USD;33,47500000;38,69500000;32,07000000;37,28500000;10,22
2021-05-27T00:00:00+00:00;TOMOHEDGE/USD;31,88500000;34,39500000;31,13500000;33,47500000;4,75
2021-05-26T00:00:00+00:00;TOMOHEDGE/USD;32,17000000;34,11000000;31,85000000;31,88500000;-0,89
2021-05-25T00:00:00+00:00;TOMOHEDGE/USD;31,91250000;35,00500000;30,99000000;32,17000000;0,8
2021-05-24T00:00:00+00:00;TOMOHEDGE/USD;39,93000000;40,99500000;31,27000000;31,91250000;-25,12
2021-05-23T00:00:00+00:00;TOMOHEDGE/USD;36,21000000;47,18000000;35,13000000;39,93000000;9,32
2021-05-22T00:00:00+00:00;TOMOHEDGE/USD;39,33000000;45,18500000;33,88000000;36,21000000;-8,62
2021-05-21T00:00:00+00:00;TOMOHEDGE/USD;35,32000000;44,54500000;34,10500000;39,33000000;10,2
2021-05-20T00:00:00+00:00;TOMOHEDGE/USD;45,79000000;46,17000000;33,99000000;35,32000000;-29,64
2021-05-19T00:00:00+00:00;TOMOHEDGE/USD;33,37500000;46,35000000;32,68000000;45,79000000;27,11
2021-05-18T00:00:00+00:00;TOMOHEDGE/USD;35,47500000;35,69500000;32,77000000;33,37500000;-6,29
2021-05-17T00:00:00+00:00;TOMOHEDGE/USD;32,90000000;35,90500000;32,90000000;35,47500000;7,26
2021-05-16T00:00:00+00:00;TOMOHEDGE/USD;32,45000000;34,56500000;29,79500000;32,90000000;1,37
2021-05-15T00:00:00+00:00;TOMOHEDGE/USD;29,81250000;32,60000000;29,51500000;32,38500000;7,94
2021-05-14T00:00:00+00:00;TOMOHEDGE/USD;30,86250000;31,57250000;29,09000000;29,81250000;-3,52
2021-05-13T00:00:00+00:00;TOMOHEDGE/USD;30,17500000;31,57250000;28,26500000;30,86250000;2,23
2021-05-12T00:00:00+00:00;TOMOHEDGE/USD;26,72000000;30,17500000;25,94750000;30,17500000;11,45
2021-05-11T00:00:00+00:00;TOMOHEDGE/USD;28,08750000;28,22250000;26,48750000;26,72000000;-5,12
2021-05-10T00:00:00+00:00;TOMOHEDGE/USD;25,04500000;29,07750000;23,84500000;28,08750000;10,83
2021-05-09T00:00:00+00:00;TOMOHEDGE/USD;24,41250000;26,04500000;24,14000000;25,04500000;2,53
2021-05-08T00:00:00+00:00;TOMOHEDGE/USD;23,90250000;24,65250000;22,90750000;24,41250000;2,09
2021-05-07T00:00:00+00:00;TOMOHEDGE/USD;23,82750000;24,89750000;22,27750000;23,90250000;0,31
2021-05-06T00:00:00+00:00;TOMOHEDGE/USD;23,29500000;24,75000000;22,90750000;23,82750000;2,23
2021-05-05T00:00:00+00:00;TOMOHEDGE/USD;25,74500000;25,99250000;22,63250000;23,29500000;-10,52
2021-05-04T00:00:00+00:00;TOMOHEDGE/USD;24,63500000;26,34250000;23,81250000;25,74500000;4,31
2021-05-03T00:00:00+00:00;TOMOHEDGE/USD;28,42000000;28,46000000;23,81750000;24,63500000;-15,36
2021-05-02T00:00:00+00:00;TOMOHEDGE/USD;27,40500000;29,41250000;27,29500000;28,42000000;3,57
2021-05-01T00:00:00+00:00;TOMOHEDGE/USD;28,20250000;29,03000000;26,74250000;27,40500000;-2,91
2021-04-30T00:00:00+00:00;TOMOHEDGE/USD;29,19750000;29,92750000;27,38000000;28,20250000;-3,53
2021-04-29T00:00:00+00:00;TOMOHEDGE/USD;31,73500000;32,61500000;28,82000000;29,19750000;-8,69
2021-04-28T00:00:00+00:00;TOMOHEDGE/USD;30,38500000;32,93250000;29,60500000;31,73500000;4,25
2021-04-27T00:00:00+00:00;TOMOHEDGE/USD;32,87000000;33,34500000;29,54500000;30,38500000;-8,18
2021-04-26T00:00:00+00:00;TOMOHEDGE/USD;39,60500000;39,87500000;32,69000000;32,87000000;-20,49
2021-04-25T00:00:00+00:00;TOMOHEDGE/USD;39,92000000;41,35500000;36,50500000;39,60500000;-0,8
2021-04-24T00:00:00+00:00;TOMOHEDGE/USD;37,09000000;40,60500000;36,17500000;39,92000000;7,09
2021-04-23T00:00:00+00:00;TOMOHEDGE/USD;33,75000000;41,01000000;32,93250000;37,09000000;9,01
2021-04-22T00:00:00+00:00;TOMOHEDGE/USD;32,94000000;34,06750000;29,23500000;33,75000000;2,4
2021-04-21T00:00:00+00:00;TOMOHEDGE/USD;30,23500000;33,15250000;30,22750000;32,94000000;8,21
2021-04-20T00:00:00+00:00;TOMOHEDGE/USD;32,01500000;35,17750000;29,80500000;30,23500000;-5,89
2021-04-19T00:00:00+00:00;TOMOHEDGE/USD;29,35250000;32,82500000;27,70500000;32,01500000;8,32
2021-04-18T00:00:00+00:00;TOMOHEDGE/USD;24,61750000;34,37000000;24,35750000;29,35250000;16,13
2021-04-17T00:00:00+00:00;TOMOHEDGE/USD;24,44750000;24,67250000;23,05750000;24,61750000;0,69
2021-04-16T00:00:00+00:00;TOMOHEDGE/USD;23,76000000;25,13000000;23,76000000;24,44750000;2,81
2021-04-15T00:00:00+00:00;TOMOHEDGE/USD;24,48500000;24,79000000;23,36000000;23,76000000;-3,05
2021-04-14T00:00:00+00:00;TOMOHEDGE/USD;24,29250000;25,73000000;23,66250000;24,48500000;0,79
2021-04-13T00:00:00+00:00;TOMOHEDGE/USD;24,34500000;25,28250000;23,76000000;24,29250000;-0,22
2021-04-12T00:00:00+00:00;TOMOHEDGE/USD;23,09500000;24,80250000;22,90250000;24,34500000;5,13
2021-04-11T00:00:00+00:00;TOMOHEDGE/USD;22,19500000;23,32750000;21,42000000;23,09500000;3,9
2021-04-10T00:00:00+00:00;TOMOHEDGE/USD;25,02250000;25,41250000;21,23500000;22,19500000;-12,74
2021-04-09T00:00:00+00:00;TOMOHEDGE/USD;24,40000000;25,45500000;23,41250000;25,02250000;2,49
2021-04-08T00:00:00+00:00;TOMOHEDGE/USD;27,06000000;27,52750000;23,68250000;24,40000000;-10,9
2021-04-07T00:00:00+00:00;TOMOHEDGE/USD;26,04250000;28,32250000;24,42250000;27,06000000;3,76
2021-04-06T00:00:00+00:00;TOMOHEDGE/USD;25,22000000;26,84500000;23,80000000;26,04250000;3,16
2021-04-05T00:00:00+00:00;TOMOHEDGE/USD;24,56500000;25,52500000;23,29750000;25,22000000;2,6
2021-04-04T00:00:00+00:00;TOMOHEDGE/USD;31,49250000;32,54500000;23,96750000;24,56500000;-28,2
2021-04-03T00:00:00+00:00;TOMOHEDGE/USD;29,05000000;31,56500000;28,35000000;31,49250000;7,76
2021-04-02T00:00:00+00:00;TOMOHEDGE/USD;28,22250000;29,76000000;26,77000000;29,05000000;2,85
2021-04-01T00:00:00+00:00;TOMOHEDGE/USD;31,02250000;31,42500000;27,74500000;28,22250000;-9,92
2021-03-31T00:00:00+00:00;TOMOHEDGE/USD;29,80000000;32,44000000;29,44000000;31,02250000;3,94
2021-03-30T00:00:00+00:00;TOMOHEDGE/USD;31,16500000;31,76500000;29,80000000;29,80000000;-4,58
2021-03-29T00:00:00+00:00;TOMOHEDGE/USD;32,07000000;32,86500000;30,88500000;31,16500000;-2,9
2021-03-28T00:00:00+00:00;TOMOHEDGE/USD;31,97500000;33,20500000;30,98000000;32,07000000;0,3
2021-03-27T00:00:00+00:00;TOMOHEDGE/USD;33,22500000;33,81000000;30,95000000;31,97500000;-3,91
2021-03-26T00:00:00+00:00;TOMOHEDGE/USD;37,00000000;37,04500000;32,87000000;33,22500000;-11,36
2021-03-25T00:00:00+00:00;TOMOHEDGE/USD;34,76000000;37,78500000;32,63500000;37,00000000;6,05
2021-03-24T00:00:00+00:00;TOMOHEDGE/USD;36,22500000;36,93500000;30,60500000;34,76000000;-4,21
2021-03-23T00:00:00+00:00;TOMOHEDGE/USD;34,37500000;36,89500000;30,57000000;36,22500000;5,11
2021-03-22T00:00:00+00:00;TOMOHEDGE/USD;30,75250000;34,59500000;29,10000000;34,37500000;10,54
2021-03-21T00:00:00+00:00;TOMOHEDGE/USD;36,61000000;37,51000000;30,26500000;30,75250000;-19,05
2021-03-20T00:00:00+00:00;TOMOHEDGE/USD;37,32000000;37,48000000;34,58500000;36,61000000;-1,94
2021-03-19T00:00:00+00:00;TOMOHEDGE/USD;37,29000000;38,26000000;35,74500000;37,32000000;0,08
2021-03-18T00:00:00+00:00;TOMOHEDGE/USD;37,90000000;38,26000000;34,33500000;37,29000000;-1,64
2021-03-17T00:00:00+00:00;TOMOHEDGE/USD;37,46000000;39,40000000;37,00000000;37,90000000;1,16
2021-03-16T00:00:00+00:00;TOMOHEDGE/USD;39,05000000;42,21000000;36,58000000;37,41000000;-4,38
2021-03-15T00:00:00+00:00;TOMOHEDGE/USD;36,25000000;40,07500000;33,36000000;39,05000000;7,17
2021-03-14T00:00:00+00:00;TOMOHEDGE/USD;38,49000000;41,55000000;33,86500000;36,25000000;-6,18
2021-03-13T00:00:00+00:00;TOMOHEDGE/USD;40,22000000;42,76000000;37,00000000;38,49000000;-4,49
2021-03-12T00:00:00+00:00;TOMOHEDGE/USD;37,69500000;40,84000000;37,00000000;40,22000000;6,28
2021-03-11T00:00:00+00:00;TOMOHEDGE/USD;36,66000000;38,44000000;35,31500000;37,69500000;2,75
2021-03-10T00:00:00+00:00;TOMOHEDGE/USD;36,80500000;39,27000000;32,75500000;36,66000000;-0,4
2021-03-09T00:00:00+00:00;TOMOHEDGE/USD;37,23000000;38,38500000;34,92500000;36,80500000;-1,15
2021-03-08T00:00:00+00:00;TOMOHEDGE/USD;35,30000000;40,00000000;35,30000000;37,23000000;5,18
2021-03-07T00:00:00+00:00;TOMOHEDGE/USD;50,02500000;50,07500000;33,63000000;35,30000000;-41,71
2021-03-06T00:00:00+00:00;TOMOHEDGE/USD;54,83000000;57,49500000;49,05000000;50,02500000;-9,61
2021-03-05T00:00:00+00:00;TOMOHEDGE/USD;54,99500000;59,08500000;53,62500000;54,83000000;-0,3
2021-03-04T00:00:00+00:00;TOMOHEDGE/USD;50,12500000;58,49000000;48,29000000;54,99500000;8,86
2021-03-03T00:00:00+00:00;TOMOHEDGE/USD;58,74000000;59,50000000;45,09000000;50,12500000;-17,19
2021-03-02T00:00:00+00:00;TOMOHEDGE/USD;59,11000000;61,16500000;54,52000000;58,74000000;-0,63
2021-03-01T00:00:00+00:00;TOMOHEDGE/USD;61,51000000;61,97500000;57,46000000;59,11000000;-4,06
2021-02-28T00:00:00+00:00;TOMOHEDGE/USD;58,70500000;67,27000000;58,66500000;61,51000000;4,56
2021-02-27T00:00:00+00:00;TOMOHEDGE/USD;55,53500000;59,89500000;49,63000000;58,70500000;5,4
2021-02-26T00:00:00+00:00;TOMOHEDGE/USD;59,79500000;62,24000000;51,98000000;55,53500000;-7,67
2021-02-25T00:00:00+00:00;TOMOHEDGE/USD;51,28000000;59,79500000;45,32500000;59,79500000;14,24
2021-02-24T00:00:00+00:00;TOMOHEDGE/USD;49,60500000;53,59500000;42,46500000;51,28000000;3,27
2021-02-23T00:00:00+00:00;TOMOHEDGE/USD;56,48500000;72,07500000;48,99000000;49,60500000;-13,87
2021-02-22T00:00:00+00:00;TOMOHEDGE/USD;57,37000000;72,09500000;53,35500000;56,48500000;-1,57
2021-02-21T00:00:00+00:00;TOMOHEDGE/USD;60,26500000;61,10000000;55,22500000;57,37000000;-5,05
2021-02-20T00:00:00+00:00;TOMOHEDGE/USD;54,63000000;64,09500000;51,68000000;60,26500000;9,35
2021-02-19T00:00:00+00:00;TOMOHEDGE/USD;53,23500000;57,95500000;51,68000000;54,63000000;2,55
2021-02-18T00:00:00+00:00;TOMOHEDGE/USD;57,91500000;57,91500000;51,68000000;53,23500000;-8,79
2021-02-17T00:00:00+00:00;TOMOHEDGE/USD;61,66000000;65,91000000;57,52500000;57,91500000;-6,47
2021-02-16T00:00:00+00:00;TOMOHEDGE/USD;58,86000000;62,31500000;55,86000000;61,66000000;4,54
2021-02-15T00:00:00+00:00;TOMOHEDGE/USD;54,66500000;64,33000000;52,57500000;58,86000000;7,13
2021-02-14T00:00:00+00:00;TOMOHEDGE/USD;49,88000000;58,23000000;49,09500000;54,66500000;8,75
2021-02-13T00:00:00+00:00;TOMOHEDGE/USD;53,84500000;61,30500000;48,08000000;49,88000000;-7,95
2021-02-12T00:00:00+00:00;TOMOHEDGE/USD;63,75500000;70,77000000;52,54500000;53,84500000;-18,4
2021-02-11T00:00:00+00:00;TOMOHEDGE/USD;62,87500000;70,77000000;58,16000000;63,75500000;1,38
2021-02-10T00:00:00+00:00;TOMOHEDGE/USD;62,32500000;70,77000000;60,06500000;62,87500000;0,87
2021-02-09T00:00:00+00:00;TOMOHEDGE/USD;70,77000000;71,20000000;58,47000000;62,32500000;-13,55
2021-02-08T00:00:00+00:00;TOMOHEDGE/USD;71,82000000;73,74000000;67,19000000;70,77000000;-1,48
2021-02-07T00:00:00+00:00;TOMOHEDGE/USD;73,15000000;77,57000000;67,19000000;71,82000000;-1,85
2021-02-06T00:00:00+00:00;TOMOHEDGE/USD;67,19000000;75,74000000;67,00500000;73,15000000;8,15
2021-02-05T00:00:00+00:00;TOMOHEDGE/USD;77,75000000;78,06000000;65,79500000;67,19000000;-15,72
2021-02-04T00:00:00+00:00;TOMOHEDGE/USD;84,60000000;90,59000000;73,25000000;77,75000000;-8,81
2021-02-03T00:00:00+00:00;TOMOHEDGE/USD;93,55000000;105,81000000;81,00000000;84,60000000;-10,58
2021-02-02T00:00:00+00:00;TOMOHEDGE/USD;95,34000000;208,65000000;90,43000000;93,55000000;-1,91
2021-02-01T00:00:00+00:00;TOMOHEDGE/USD;101,33000000;105,80000000;93,50000000;95,34000000;-6,28
2021-01-31T00:00:00+00:00;TOMOHEDGE/USD;97,05000000;104,12000000;94,72000000;101,33000000;4,22
2021-01-30T00:00:00+00:00;TOMOHEDGE/USD;108,25000000;108,38000000;93,41000000;97,05000000;-11,54
2021-01-29T00:00:00+00:00;TOMOHEDGE/USD;105,06000000;111,42000000;102,34000000;108,25000000;2,95
2021-01-28T00:00:00+00:00;TOMOHEDGE/USD;107,84000000;111,41000000;99,90000000;105,06000000;-2,65
2021-01-27T00:00:00+00:00;TOMOHEDGE/USD;104,52000000;113,65000000;95,65000000;107,84000000;3,08
2021-01-26T00:00:00+00:00;TOMOHEDGE/USD;102,96000000;111,61000000;99,85000000;104,52000000;1,49
2021-01-25T00:00:00+00:00;TOMOHEDGE/USD;98,28000000;103,64000000;94,74000000;102,96000000;4,55
2021-01-24T00:00:00+00:00;TOMOHEDGE/USD;99,02000000;100,94000000;94,88000000;98,28000000;-0,75
2021-01-23T00:00:00+00:00;TOMOHEDGE/USD;108,88000000;111,01000000;94,68000000;99,02000000;-9,96
2021-01-22T00:00:00+00:00;TOMOHEDGE/USD;116,39000000;208,65000000;102,79000000;108,88000000;-6,9
2021-01-21T00:00:00+00:00;TOMOHEDGE/USD;100,31000000;208,65000000;99,50000000;116,39000000;13,82
2021-01-20T00:00:00+00:00;TOMOHEDGE/USD;106,83000000;115,77000000;99,45000000;100,31000000;-6,5
2021-01-19T00:00:00+00:00;TOMOHEDGE/USD;99,39000000;106,96000000;96,46000000;106,83000000;6,96
2021-01-18T00:00:00+00:00;TOMOHEDGE/USD;103,40000000;106,66000000;97,15000000;99,39000000;-4,03
2021-01-17T00:00:00+00:00;TOMOHEDGE/USD;102,88000000;109,02000000;99,90000000;103,40000000;0,5
2021-01-16T00:00:00+00:00;TOMOHEDGE/USD;109,99000000;111,89000000;96,24000000;102,88000000;-6,91
2021-01-15T00:00:00+00:00;TOMOHEDGE/USD;103,75000000;120,42000000;101,01000000;109,99000000;5,67
2021-01-14T00:00:00+00:00;TOMOHEDGE/USD;115,55000000;119,30000000;100,78000000;103,75000000;-11,37
2021-01-13T00:00:00+00:00;TOMOHEDGE/USD;125,65000000;131,95000000;113,46000000;115,55000000;-8,74
2021-01-12T00:00:00+00:00;TOMOHEDGE/USD;131,45000000;131,92000000;109,72000000;125,65000000;-4,62
2021-01-11T00:00:00+00:00;TOMOHEDGE/USD;124,91000000;166,19000000;122,84000000;131,45000000;4,98
2021-01-10T00:00:00+00:00;TOMOHEDGE/USD;120,42000000;208,65000000;109,86000000;124,91000000;3,59
2021-01-09T00:00:00+00:00;TOMOHEDGE/USD;125,91000000;125,91000000;106,35000000;120,42000000;-4,56
2021-01-08T00:00:00+00:00;TOMOHEDGE/USD;157,59000000;176,23000000;122,78000000;125,91000000;-25,16
2021-01-07T00:00:00+00:00;TOMOHEDGE/USD;144,35000000;159,11000000;132,25000000;157,59000000;8,4
2021-01-06T00:00:00+00:00;TOMOHEDGE/USD;151,57000000;157,33000000;138,34000000;144,35000000;-5,0
2021-01-05T00:00:00+00:00;TOMOHEDGE/USD;153,13000000;159,22000000;134,82000000;151,57000000;-1,03
2021-01-04T00:00:00+00:00;TOMOHEDGE/USD;175,80000000;190,22500000;147,51000000;153,13000000;-14,8
2021-01-03T00:00:00+00:00;TOMOHEDGE/USD;208,65000000;208,65000000;165,27500000;175,80000000;-18,69
2021-01-02T00:00:00+00:00;TOMOHEDGE/USD;208,65000000;213,80000000;193,32500000;208,65000000;0,0
2021-01-01T00:00:00+00:00;TOMOHEDGE/USD;208,65000000;212,42500000;199,12500000;208,65000000;0,0
2020-12-31T00:00:00+00:00;TOMOHEDGE/USD;208,65000000;216,52500000;208,65000000;208,65000000;0,0
2020-12-30T00:00:00+00:00;TOMOHEDGE/USD;204,22500000;209,70000000;202,65000000;208,65000000;2,12
2020-12-29T00:00:00+00:00;TOMOHEDGE/USD;198,30000000;210,32500000;192,75000000;204,22500000;2,9
2020-12-28T00:00:00+00:00;TOMOHEDGE/USD;208,65000000;208,65000000;184,47500000;198,30000000;-5,22
2020-12-27T00:00:00+00:00;TOMOHEDGE/USD;208,65000000;208,65000000;191,45000000;208,65000000;0,0
2020-12-26T00:00:00+00:00;TOMOHEDGE/USD;206,57500000;211,47500000;198,87500000;208,65000000;0,99
2020-12-25T00:00:00+00:00;TOMOHEDGE/USD;203,90000000;208,65000000;194,60000000;206,57500000;1,29
2020-12-24T00:00:00+00:00;TOMOHEDGE/USD;208,65000000;217,25000000;203,47500000;203,90000000;-2,33
2020-12-23T00:00:00+00:00;TOMOHEDGE/USD;190,45000000;233,20000000;188,22500000;208,65000000;8,72
2020-12-22T00:00:00+00:00;TOMOHEDGE/USD;196,40000000;207,92500000;184,55000000;190,45000000;-3,12
2020-12-21T00:00:00+00:00;TOMOHEDGE/USD;190,50000000;208,65000000;184,42500000;196,40000000;3,0
2020-12-20T00:00:00+00:00;TOMOHEDGE/USD;172,35000000;192,70000000;172,35000000;190,50000000;9,53
2020-12-19T00:00:00+00:00;TOMOHEDGE/USD;174,82500000;178,62500000;168,65000000;172,35000000;-1,44
2020-12-18T00:00:00+00:00;TOMOHEDGE/USD;194,17500000;199,40000000;173,32500000;174,82500000;-11,07
2020-12-17T00:00:00+00:00;TOMOHEDGE/USD;183,62500000;196,50000000;177,85000000;194,17500000;5,43
2020-12-16T00:00:00+00:00;TOMOHEDGE/USD;197,20000000;204,40000000;178,40000000;183,62500000;-7,39
2020-12-15T00:00:00+00:00;TOMOHEDGE/USD;198,52500000;200,15000000;185,27500000;197,20000000;-0,67
2020-12-14T00:00:00+00:00;TOMOHEDGE/USD;208,65000000;210,82500000;190,92500000;198,52500000;-5,1
2020-12-13T00:00:00+00:00;TOMOHEDGE/USD;214,55000000;215,40000000;207,05000000;208,65000000;-2,83
2020-12-12T00:00:00+00:00;TOMOHEDGE/USD;227,05000000;227,05000000;212,42500000;214,55000000;-5,83
2020-12-11T00:00:00+00:00;TOMOHEDGE/USD;216,17500000;232,37500000;208,65000000;227,05000000;4,79
2020-12-10T00:00:00+00:00;TOMOHEDGE/USD;209,00000000;221,07500000;208,65000000;216,17500000;3,32
2020-12-09T00:00:00+00:00;TOMOHEDGE/USD;224,70000000;234,72500000;208,65000000;209,00000000;-7,51
2020-12-08T00:00:00+00:00;TOMOHEDGE/USD;202,77500000;225,97500000;194,17500000;224,70000000;9,76
2020-12-07T00:00:00+00:00;TOMOHEDGE/USD;209,82500000;212,80000000;201,27500000;202,77500000;-3,48
2020-12-06T00:00:00+00:00;TOMOHEDGE/USD;203,62500000;218,07500000;202,22500000;209,82500000;2,95
2020-12-05T00:00:00+00:00;TOMOHEDGE/USD;222,92500000;227,75000000;200,80000000;203,62500000;-9,48
2020-12-04T00:00:00+00:00;TOMOHEDGE/USD;199,22500000;225,50000000;193,50000000;222,92500000;10,63
2020-12-03T00:00:00+00:00;TOMOHEDGE/USD;210,27500000;214,90000000;196,27500000;199,22500000;-5,55
2020-12-02T00:00:00+00:00;TOMOHEDGE/USD;235,80000000;241,60000000;206,90000000;210,27500000;-12,14
2020-12-01T00:00:00+00:00;TOMOHEDGE/USD;224,90000000;242,82500000;209,45000000;235,80000000;4,62
2020-11-30T00:00:00+00:00;TOMOHEDGE/USD;238,65000000;242,67500000;221,25000000;224,90000000;-6,11
2020-11-29T00:00:00+00:00;TOMOHEDGE/USD;249,32500000;254,35000000;231,65000000;238,65000000;-4,47
2020-11-28T00:00:00+00:00;TOMOHEDGE/USD;257,32500000;265,12500000;236,67500000;249,32500000;-3,21
2020-11-27T00:00:00+00:00;TOMOHEDGE/USD;249,85000000;267,95000000;246,60000000;257,32500000;2,9
2020-11-26T00:00:00+00:00;TOMOHEDGE/USD;215,70000000;275,67500000;211,90000000;249,85000000;13,67
2020-11-25T00:00:00+00:00;TOMOHEDGE/USD;200,95000000;220,92500000;190,87500000;215,70000000;6,84
2020-11-24T00:00:00+00:00;TOMOHEDGE/USD;192,17500000;207,62500000;182,37500000;200,95000000;4,37
2020-11-23T00:00:00+00:00;TOMOHEDGE/USD;218,05000000;218,30000000;186,25000000;192,17500000;-13,46
2020-11-22T00:00:00+00:00;TOMOHEDGE/USD;206,45000000;236,02500000;201,82500000;218,05000000;5,32
2020-11-21T00:00:00+00:00;TOMOHEDGE/USD;235,75000000;246,75000000;200,92500000;206,45000000;-14,19
2020-11-20T00:00:00+00:00;TOMOHEDGE/USD;258,30000000;260,27500000;216,75000000;235,75000000;-9,57
2020-11-19T00:00:00+00:00;TOMOHEDGE/USD;276,65000000;285,12500000;250,52500000;258,30000000;-7,1
2020-11-18T00:00:00+00:00;TOMOHEDGE/USD;269,65000000;291,40000000;267,75000000;276,65000000;2,53
2020-11-17T00:00:00+00:00;TOMOHEDGE/USD;285,37500000;287,65000000;262,72500000;269,65000000;-5,83
2020-11-16T00:00:00+00:00;TOMOHEDGE/USD;293,65000000;298,50000000;276,95000000;285,37500000;-2,9
2020-11-15T00:00:00+00:00;TOMOHEDGE/USD;294,35000000;303,17500000;272,60000000;293,65000000;-0,24
2020-11-14T00:00:00+00:00;TOMOHEDGE/USD;291,40000000;301,02500000;290,80000000;294,35000000;1,0
2020-11-13T00:00:00+00:00;TOMOHEDGE/USD;297,77500000;300,85000000;285,25000000;291,40000000;-2,19
2020-11-12T00:00:00+00:00;TOMOHEDGE/USD;291,40000000;304,57500000;286,50000000;297,77500000;2,14
2020-11-11T00:00:00+00:00;TOMOHEDGE/USD;285,90000000;291,40000000;273,05000000;291,40000000;1,89
2020-11-10T00:00:00+00:00;TOMOHEDGE/USD;291,40000000;293,17500000;277,42500000;285,90000000;-1,92
2020-11-09T00:00:00+00:00;TOMOHEDGE/USD;291,40000000;306,57500000;289,80000000;291,40000000;0,0
2020-11-08T00:00:00+00:00;TOMOHEDGE/USD;311,75000000;314,82500000;286,30000000;291,40000000;-6,98
2020-11-07T00:00:00+00:00;TOMOHEDGE/USD;300,52500000;324,05000000;256,65000000;311,75000000;3,6
2020-11-06T00:00:00+00:00;TOMOHEDGE/USD;341,65000000;343,75000000;295,20000000;300,52500000;-13,68
2020-11-05T00:00:00+00:00;TOMOHEDGE/USD;359,45000000;367,20000000;337,90000000;341,65000000;-5,21
2020-11-04T00:00:00+00:00;TOMOHEDGE/USD;348,50000000;375,05000000;344,90000000;359,45000000;3,05
2020-11-03T00:00:00+00:00;TOMOHEDGE/USD;343,05000000;363,80000000;330,00000000;348,50000000;1,56
2020-11-02T00:00:00+00:00;TOMOHEDGE/USD;320,70000000;343,10000000;288,30000000;343,05000000;6,52
2020-11-01T00:00:00+00:00;TOMOHEDGE/USD;325,65000000;340,50000000;312,80000000;320,70000000;-1,54
2020-10-31T00:00:00+00:00;TOMOHEDGE/USD;315,55000000;327,05000000;307,65000000;325,65000000;3,1
2020-10-30T00:00:00+00:00;TOMOHEDGE/USD;306,60000000;330,55000000;260,00000000;315,55000000;2,84
2020-10-29T00:00:00+00:00;TOMOHEDGE/USD;283,40000000;311,00000000;262,30000000;306,60000000;7,57
2020-10-28T00:00:00+00:00;TOMOHEDGE/USD;287,50000000;312,45000000;277,42500000;283,40000000;-1,45
2020-10-27T00:00:00+00:00;TOMOHEDGE/USD;285,40000000;294,92500000;279,72500000;286,50000000;0,38
2020-10-26T00:00:00+00:00;TOMOHEDGE/USD;279,95000000;297,12500000;266,95000000;285,40000000;1,91
2020-10-25T00:00:00+00:00;TOMOHEDGE/USD;270,85000000;282,30000000;265,20000000;279,95000000;3,25
2020-10-24T00:00:00+00:00;TOMOHEDGE/USD;261,57500000;271,72500000;260,00000000;270,85000000;3,42
2020-10-23T00:00:00+00:00;TOMOHEDGE/USD;269,42500000;275,65000000;255,35000000;261,57500000;-3,0
2020-10-22T00:00:00+00:00;TOMOHEDGE/USD;281,90000000;286,17500000;260,00000000;269,42500000;-4,63
2020-10-21T00:00:00+00:00;TOMOHEDGE/USD;291,87500000;293,25000000;268,60000000;281,90000000;-3,54
2020-10-20T00:00:00+00:00;TOMOHEDGE/USD;265,55000000;300,55000000;263,90000000;291,87500000;9,02
2020-10-19T00:00:00+00:00;TOMOHEDGE/USD;257,85000000;268,80000000;256,95000000;265,55000000;2,9
2020-10-18T00:00:00+00:00;TOMOHEDGE/USD;264,07500000;265,97500000;254,70000000;257,85000000;-2,41
2020-10-17T00:00:00+00:00;TOMOHEDGE/USD;266,55000000;278,52500000;260,00000000;264,07500000;-0,94
2020-10-16T00:00:00+00:00;TOMOHEDGE/USD;252,37500000;270,55000000;247,12500000;266,55000000;5,32
2020-10-15T00:00:00+00:00;TOMOHEDGE/USD;236,15000000;260,00000000;236,15000000;252,37500000;6,43
2020-10-14T00:00:00+00:00;TOMOHEDGE/USD;233,65000000;249,22500000;226,42500000;236,15000000;1,06
2020-10-13T00:00:00+00:00;TOMOHEDGE/USD;255,85000000;260,00000000;229,40000000;233,65000000;-9,5
2020-10-12T00:00:00+00:00;TOMOHEDGE/USD;260,00000000;262,75000000;245,60000000;255,85000000;-1,62
2020-10-11T00:00:00+00:00;TOMOHEDGE/USD;260,00000000;260,47500000;252,20000000;260,00000000;0,0
2020-10-10T00:00:00+00:00;TOMOHEDGE/USD;259,75000000;260,00000000;249,25000000;260,00000000;0,1
2020-10-09T00:00:00+00:00;TOMOHEDGE/USD;262,97500000;273,35000000;252,62500000;259,75000000;-1,24
2020-10-08T00:00:00+00:00;TOMOHEDGE/USD;266,12500000;283,25000000;259,42500000;262,97500000;-1,2
2020-10-07T00:00:00+00:00;TOMOHEDGE/USD;277,00000000;295,07500000;257,75000000;266,12500000;-4,09
2020-10-06T00:00:00+00:00;TOMOHEDGE/USD;239,52500000;281,27500000;234,60000000;277,00000000;13,53
2020-10-05T00:00:00+00:00;TOMOHEDGE/USD;224,87500000;242,20000000;222,45000000;239,52500000;6,12
2020-10-04T00:00:00+00:00;TOMOHEDGE/USD;224,72500000;232,02500000;221,60000000;224,87500000;0,07
2020-10-03T00:00:00+00:00;TOMOHEDGE/USD;232,70000000;235,85000000;218,80000000;224,72500000;-3,55
2020-10-02T00:00:00+00:00;TOMOHEDGE/USD;227,32500000;252,37500000;226,45000000;232,70000000;2,31
2020-10-01T00:00:00+00:00;TOMOHEDGE/USD;209,35000000;239,77500000;193,00000000;227,32500000;7,91
2020-09-30T00:00:00+00:00;TOMOHEDGE/USD;225,20000000;239,50000000;196,22500000;209,35000000;-7,57
2020-09-29T00:00:00+00:00;TOMOHEDGE/USD;297,47500000;304,70000000;220,77500000;225,20000000;-32,09
2020-09-28T00:00:00+00:00;TOMOHEDGE/USD;310,02500000;325,32500000;281,82500000;297,47500000;-4,22
2020-09-27T00:00:00+00:00;TOMOHEDGE/USD;299,15000000;327,30000000;288,77500000;311,15000000;3,86
2020-09-26T00:00:00+00:00;TOMOHEDGE/USD;296,55000000;313,72500000;291,97500000;299,15000000;0,87
2020-09-25T00:00:00+00:00;TOMOHEDGE/USD;265,32500000;298,65000000;253,17500000;296,55000000;10,53
2020-09-24T00:00:00+00:00;TOMOHEDGE/USD;308,37500000;316,70000000;259,60000000;265,32500000;-16,23
2020-09-23T00:00:00+00:00;TOMOHEDGE/USD;317,45000000;334,30000000;286,60000000;307,87500000;-3,11
2020-09-22T00:00:00+00:00;TOMOHEDGE/USD;357,90000000;365,10000000;297,75000000;317,45000000;-12,74
2020-09-21T00:00:00+00:00;TOMOHEDGE/USD;402,90000000;408,55000000;324,45000000;357,90000000;-12,57
2020-09-20T00:00:00+00:00;TOMOHEDGE/USD;376,70000000;407,80000000;369,85000000;402,90000000;6,5
2020-09-19T00:00:00+00:00;TOMOHEDGE/USD;405,25000000;415,75000000;368,85000000;376,70000000;-7,58
2020-09-18T00:00:00+00:00;TOMOHEDGE/USD;412,35000000;422,50000000;378,05000000;405,25000000;-1,75
2020-09-17T00:00:00+00:00;TOMOHEDGE/USD;416,55000000;430,15000000;394,55000000;412,35000000;-1,02
2020-09-16T00:00:00+00:00;TOMOHEDGE/USD;414,90000000;444,85000000;402,10000000;416,55000000;0,4
2020-09-15T00:00:00+00:00;TOMOHEDGE/USD;392,90000000;415,25000000;353,75000000;414,90000000;5,3
2020-09-14T00:00:00+00:00;TOMOHEDGE/USD;385,60000000;405,60000000;361,40000000;392,90000000;1,86
2020-09-13T00:00:00+00:00;TOMOHEDGE/USD;355,15000000;405,75000000;322,25000000;385,60000000;7,9
2020-09-12T00:00:00+00:00;TOMOHEDGE/USD;384,75000000;389,95000000;343,55000000;355,15000000;-8,33
2020-09-11T00:00:00+00:00;TOMOHEDGE/USD;381,75000000;404,95000000;372,50000000;384,75000000;0,78
2020-09-10T00:00:00+00:00;TOMOHEDGE/USD;403,90000000;403,90000000;362,00000000;381,75000000;-5,8
2020-09-09T00:00:00+00:00;TOMOHEDGE/USD;426,55000000;441,70000000;382,55000000;403,90000000;-5,61
2020-09-08T00:00:00+00:00;TOMOHEDGE/USD;408,85000000;443,55000000;390,95000000;426,55000000;4,15
2020-09-07T00:00:00+00:00;TOMOHEDGE/USD;392,65000000;453,35000000;372,80000000;408,85000000;3,96
2020-09-06T00:00:00+00:00;TOMOHEDGE/USD;451,00000000;472,25000000;376,95000000;392,65000000;-14,86
2020-09-05T00:00:00+00:00;TOMOHEDGE/USD;377,30000000;488,45000000;363,05000000;451,00000000;16,34
2020-09-04T00:00:00+00:00;TOMOHEDGE/USD;414,90000000;439,30000000;348,00000000;377,30000000;-9,97
2020-09-03T00:00:00+00:00;TOMOHEDGE/USD;330,70000000;428,65000000;325,00000000;414,90000000;20,29
2020-09-02T00:00:00+00:00;TOMOHEDGE/USD;310,00000000;364,27500000;301,20000000;330,70000000;6,26
2020-09-01T00:00:00+00:00;TOMOHEDGE/USD;296,30000000;310,37500000;262,87500000;310,00000000;4,42
2020-08-31T00:00:00+00:00;TOMOHEDGE/USD;280,75000000;299,37500000;278,22500000;296,30000000;5,25
2020-08-30T00:00:00+00:00;TOMOHEDGE/USD;278,92500000;284,02500000;272,62500000;280,75000000;0,65
2020-08-29T00:00:00+00:00;TOMOHEDGE/USD;297,37500000;300,35000000;259,85000000;278,92500000;-6,61
2020-08-28T00:00:00+00:00;TOMOHEDGE/USD;314,90000000;322,70000000;286,57500000;297,37500000;-5,89
2020-08-27T00:00:00+00:00;TOMOHEDGE/USD;300,97500000;338,10000000;286,75000000;314,90000000;4,42
2020-08-26T00:00:00+00:00;TOMOHEDGE/USD;295,57500000;316,47500000;289,87500000;300,97500000;1,79
2020-08-25T00:00:00+00:00;TOMOHEDGE/USD;274,45000000;316,70000000;267,57500000;295,57500000;7,15
2020-08-24T00:00:00+00:00;TOMOHEDGE/USD;280,92500000;285,32500000;257,60000000;274,45000000;-2,36
2020-08-23T00:00:00+00:00;TOMOHEDGE/USD;272,67500000;288,15000000;264,40000000;280,92500000;2,94
2020-08-22T00:00:00+00:00;TOMOHEDGE/USD;285,42500000;314,72500000;255,25000000;272,67500000;-4,68
2020-08-21T00:00:00+00:00;TOMOHEDGE/USD;252,20000000;286,85000000;243,90000000;285,42500000;11,64
2020-08-20T00:00:00+00:00;TOMOHEDGE/USD;272,82500000;280,67500000;247,80000000;252,20000000;-8,18
2020-08-19T00:00:00+00:00;TOMOHEDGE/USD;259,85000000;289,85000000;257,92500000;272,82500000;4,76
2020-08-18T00:00:00+00:00;TOMOHEDGE/USD;243,40000000;267,22500000;233,30000000;259,85000000;6,33
2020-08-17T00:00:00+00:00;TOMOHEDGE/USD;221,10000000;256,02500000;219,60000000;243,40000000;9,16
2020-08-16T00:00:00+00:00;TOMOHEDGE/USD;230,22500000;232,22500000;211,57500000;221,10000000;-4,13
2020-08-15T00:00:00+00:00;TOMOHEDGE/USD;223,67500000;235,85000000;214,90000000;230,22500000;2,85
2020-08-14T00:00:00+00:00;TOMOHEDGE/USD;222,22500000;227,00000000;206,00000000;223,67500000;0,65
2020-08-13T00:00:00+00:00;TOMOHEDGE/USD;244,32500000;253,47500000;201,40000000;222,22500000;-9,94
2020-08-12T00:00:00+00:00;TOMOHEDGE/USD;287,35000000;294,52500000;234,15000000;244,32500000;-17,61
2020-08-11T00:00:00+00:00;TOMOHEDGE/USD;273,02500000;299,95000000;255,25000000;287,35000000;4,99
2020-08-10T00:00:00+00:00;TOMOHEDGE/USD;254,25000000;305,90000000;241,75000000;273,02500000;6,88
2020-08-09T00:00:00+00:00;TOMOHEDGE/USD;329,85000000;329,85000000;242,17500000;254,25000000;-29,73
2020-08-08T00:00:00+00:00;TOMOHEDGE/USD;329,80000000;332,57500000;310,42500000;329,85000000;0,02
2020-08-07T00:00:00+00:00;TOMOHEDGE/USD;344,95000000;351,95000000;316,95000000;329,80000000;-4,59
2020-08-06T00:00:00+00:00;TOMOHEDGE/USD;370,30000000;375,95000000;337,50000000;344,95000000;-7,35
2020-08-05T00:00:00+00:00;TOMOHEDGE/USD;365,05000000;382,75000000;363,00000000;370,30000000;1,42
2020-08-04T00:00:00+00:00;TOMOHEDGE/USD;373,95000000;380,25000000;351,40000000;365,05000000;-2,44
2020-08-03T00:00:00+00:00;TOMOHEDGE/USD;397,95000000;401,30000000;364,45000000;373,95000000;-6,42
2020-08-02T00:00:00+00:00;TOMOHEDGE/USD;366,30000000;433,15000000;356,80000000;397,95000000;7,95
2020-08-01T00:00:00+00:00;TOMOHEDGE/USD;403,85000000;422,75000000;351,15000000;366,30000000;-10,25
2020-07-31T00:00:00+00:00;TOMOHEDGE/USD;379,50000000;407,00000000;371,15000000;403,85000000;6,03
2020-07-30T00:00:00+00:00;TOMOHEDGE/USD;378,25000000;388,95000000;371,95000000;379,50000000;0,33
2020-07-29T00:00:00+00:00;TOMOHEDGE/USD;361,55000000;393,35000000;360,35000000;378,25000000;4,42
2020-07-28T00:00:00+00:00;TOMOHEDGE/USD;384,65000000;397,25000000;354,80000000;361,55000000;-6,39
2020-07-27T00:00:00+00:00;TOMOHEDGE/USD;333,35000000;399,20000000;333,35000000;384,65000000;13,34
2020-07-26T00:00:00+00:00;TOMOHEDGE/USD;328,50000000;337,75000000;301,15000000;333,35000000;1,45
2020-07-25T00:00:00+00:00;TOMOHEDGE/USD;361,50000000;370,45000000;304,00000000;328,50000000;-10,05
2020-07-24T00:00:00+00:00;TOMOHEDGE/USD;384,05000000;407,90000000;343,75000000;361,50000000;-6,24
2020-07-23T00:00:00+00:00;TOMOHEDGE/USD;402,25000000;408,40000000;362,25000000;384,05000000;-4,74
2020-07-22T00:00:00+00:00;TOMOHEDGE/USD;401,95000000;409,50000000;362,55000000;402,25000000;0,07
2020-07-21T00:00:00+00:00;TOMOHEDGE/USD;397,20000000;423,70000000;370,10000000;401,95000000;1,18
2020-07-20T00:00:00+00:00;TOMOHEDGE/USD;413,85000000;433,85000000;344,10000000;397,20000000;-4,19
2020-07-19T00:00:00+00:00;TOMOHEDGE/USD;522,20000000;523,55000000;406,60000000;413,85000000;-26,18
2020-07-18T00:00:00+00:00;TOMOHEDGE/USD;510,20000000;524,85000000;508,40000000;522,20000000;2,3
2020-07-17T00:00:00+00:00;TOMOHEDGE/USD;511,75000000;523,55000000;495,40000000;510,20000000;-0,3
2020-07-16T00:00:00+00:00;TOMOHEDGE/USD;523,55000000;534,85000000;472,05000000;511,75000000;-2,31
2020-07-15T00:00:00+00:00;TOMOHEDGE/USD;530,65000000;537,40000000;503,95000000;523,55000000;-1,36
2020-07-14T00:00:00+00:00;TOMOHEDGE/USD;510,80000000;542,75000000;500,30000000;530,65000000;3,74
2020-07-13T00:00:00+00:00;TOMOHEDGE/USD;524,15000000;532,75000000;472,10000000;510,80000000;-2,61
2020-07-12T00:00:00+00:00;TOMOHEDGE/USD;523,60000000;548,15000000;523,55000000;524,15000000;0,1
2020-07-11T00:00:00+00:00;TOMOHEDGE/USD;554,00000000;563,30000000;515,00000000;523,60000000;-5,81
2020-07-10T00:00:00+00:00;TOMOHEDGE/USD;570,45000000;579,45000000;523,55000000;554,00000000;-2,97
2020-07-09T00:00:00+00:00;TOMOHEDGE/USD;540,65000000;582,75000000;532,90000000;570,45000000;5,22
2020-07-08T00:00:00+00:00;TOMOHEDGE/USD;520,40000000;545,40000000;512,30000000;540,65000000;3,75
2020-07-07T00:00:00+00:00;TOMOHEDGE/USD;568,70000000;589,55000000;513,50000000;520,40000000;-9,28
2020-07-06T00:00:00+00:00;TOMOHEDGE/USD;683,05000000;692,45000000;560,15000000;568,70000000;-20,11
2020-07-05T00:00:00+00:00;TOMOHEDGE/USD;657,95000000;713,40000000;627,70000000;683,05000000;3,67
2020-07-04T00:00:00+00:00;TOMOHEDGE/USD;685,95000000;690,15000000;628,75000000;657,95000000;-4,26
2020-07-03T00:00:00+00:00;TOMOHEDGE/USD;784,10000000;796,40000000;656,25000000;685,95000000;-14,31
2020-07-02T00:00:00+00:00;TOMOHEDGE/USD;792,20000000;818,10000000;745,50000000;784,10000000;-1,03
2020-07-01T00:00:00+00:00;TOMOHEDGE/USD;825,60000000;853,20000000;735,20000000;792,20000000;-4,22
2020-06-30T00:00:00+00:00;TOMOHEDGE/USD;790,20000000;844,00000000;787,60000000;825,60000000;4,29
2020-06-29T00:00:00+00:00;TOMOHEDGE/USD;809,90000000;838,30000000;781,20000000;790,20000000;-2,49
2020-06-28T00:00:00+00:00;TOMOHEDGE/USD;830,70000000;867,10000000;737,70000000;809,90000000;-2,57
2020-06-27T00:00:00+00:00;TOMOHEDGE/USD;759,30000000;898,40000000;725,60000000;830,70000000;8,6
2020-06-26T00:00:00+00:00;TOMOHEDGE/USD;853,90000000;1031,40000000;753,60000000;759,30000000;-12,46
2020-06-25T00:00:00+00:00;TOMOHEDGE/USD;956,60000000;1031,40000000;836,60000000;853,90000000;-12,03
2020-06-24T00:00:00+00:00;TOMOHEDGE/USD;976,10000000;997,10000000;938,80000000;953,10000000;-2,41
2020-06-23T00:00:00+00:00;TOMOHEDGE/USD;1005,20000000;1005,20000000;951,40000000;976,10000000;-2,98
2020-06-22T00:00:00+00:00;TOMOHEDGE/USD;1014,40000000;1031,40000000;973,70000000;1005,20000000;-0,92
2020-06-21T00:00:00+00:00;TOMOHEDGE/USD;960,60000000;1027,10000000;949,20000000;1014,40000000;5,3
2020-06-20T00:00:00+00:00;TOMOHEDGE/USD;931,60000000;999,40000000;928,70000000;960,60000000;3,02
2020-06-19T00:00:00+00:00;TOMOHEDGE/USD;1017,00000000;1035,80000000;919,60000000;933,40000000;-8,96
2020-06-18T00:00:00+00:00;TOMOHEDGE/USD;1047,70000000;1061,20000000;1001,50000000;1017,00000000;-3,02
2020-06-17T00:00:00+00:00;TOMOHEDGE/USD;1043,70000000;1081,20000000;1031,40000000;1047,70000000;0,38
2020-06-16T00:00:00+00:00;TOMOHEDGE/USD;1079,50000000;1089,60000000;1026,70000000;1043,70000000;-3,43
2020-06-15T00:00:00+00:00;TOMOHEDGE/USD;1080,40000000;1150,70000000;1064,00000000;1079,50000000;-0,08
2020-06-14T00:00:00+00:00;TOMOHEDGE/USD;1031,10000000;1096,30000000;1013,90000000;1080,40000000;4,56
2020-06-13T00:00:00+00:00;TOMOHEDGE/USD;1006,60000000;1031,40000000;971,40000000;1031,10000000;2,38
2020-06-12T00:00:00+00:00;TOMOHEDGE/USD;1031,40000000;1050,80000000;976,60000000;1006,60000000;-2,46
2020-06-11T00:00:00+00:00;TOMOHEDGE/USD;892,90000000;1112,40000000;885,70000000;1031,40000000;13,43
2020-06-10T00:00:00+00:00;TOMOHEDGE/USD;1031,40000000;1048,30000000;888,50000000;892,90000000;-15,51
2020-06-09T00:00:00+00:00;TOMOHEDGE/USD;1045,30000000;1075,50000000;995,90000000;1031,40000000;-1,35
2020-06-08T00:00:00+00:00;TOMOHEDGE/USD;1145,20000000;1195,10000000;1018,30000000;1044,20000000;-9,67
2020-06-07T00:00:00+00:00;TOMOHEDGE/USD;1173,70000000;1198,00000000;1135,90000000;1145,20000000;-2,49
2020-06-06T00:00:00+00:00;TOMOHEDGE/USD;1183,60000000;1195,10000000;1139,00000000;1173,70000000;-0,84
2020-06-05T00:00:00+00:00;TOMOHEDGE/USD;1184,90000000;1195,10000000;1169,40000000;1183,60000000;-0,11
2020-06-04T00:00:00+00:00;TOMOHEDGE/USD;1176,50000000;1195,10000000;1167,40000000;1184,90000000;0,71
2020-06-03T00:00:00+00:00;TOMOHEDGE/USD;1177,80000000;1195,10000000;1153,00000000;1176,50000000;-0,11
2020-06-02T00:00:00+00:00;TOMOHEDGE/USD;1150,20000000;1207,50000000;1115,90000000;1177,80000000;2,34
2020-06-01T00:00:00+00:00;TOMOHEDGE/USD;1195,10000000;1199,90000000;1084,90000000;1150,20000000;-3,9
2020-05-31T00:00:00+00:00;TOMOHEDGE/USD;1155,80000000;1201,90000000;1140,30000000;1195,10000000;3,29
2020-05-30T00:00:00+00:00;TOMOHEDGE/USD;1169,90000000;1174,50000000;1073,80000000;1155,80000000;-1,22
2020-05-29T00:00:00+00:00;TOMOHEDGE/USD;1158,80000000;1195,10000000;1139,00000000;1169,90000000;0,95
2020-05-28T00:00:00+00:00;TOMOHEDGE/USD;1147,50000000;1183,90000000;1133,50000000;1158,80000000;0,98
2020-05-27T00:00:00+00:00;TOMOHEDGE/USD;1095,00000000;1190,90000000;1088,00000000;1147,50000000;4,58
2020-05-26T00:00:00+00:00;TOMOHEDGE/USD;1137,20000000;1195,10000000;1091,20000000;1095,80000000;-3,78
2020-05-25T00:00:00+00:00;TOMOHEDGE/USD;1248,10000000;1257,70000000;1126,80000000;1137,20000000;-9,75
2020-05-24T00:00:00+00:00;TOMOHEDGE/USD;1213,80000000;1248,10000000;1170,80000000;1248,10000000;2,75
2020-05-23T00:00:00+00:00;TOMOHEDGE/USD;1188,30000000;1213,80000000;1149,80000000;1213,80000000;2,1
2020-05-22T00:00:00+00:00;TOMOHEDGE/USD;1244,10000000;1283,90000000;1176,40000000;1188,30000000;-4,7
2020-05-21T00:00:00+00:00;TOMOHEDGE/USD;1216,20000000;1295,40000000;1198,80000000;1244,10000000;2,24
2020-05-20T00:00:00+00:00;TOMOHEDGE/USD;1195,10000000;1247,70000000;1171,60000000;1216,20000000;1,73
2020-05-19T00:00:00+00:00;TOMOHEDGE/USD;1207,20000000;1214,90000000;1176,20000000;1195,10000000;-1,01
2020-05-18T00:00:00+00:00;TOMOHEDGE/USD;1179,20000000;1246,80000000;1164,10000000;1207,20000000;2,32
2020-05-17T00:00:00+00:00;TOMOHEDGE/USD;1187,60000000;1204,20000000;1152,70000000;1179,20000000;-0,71
2020-05-16T00:00:00+00:00;TOMOHEDGE/USD;1266,20000000;1289,90000000;1170,20000000;1187,60000000;-6,62
2020-05-15T00:00:00+00:00;TOMOHEDGE/USD;1219,70000000;1308,20000000;1198,00000000;1266,20000000;3,67
2020-05-14T00:00:00+00:00;TOMOHEDGE/USD;1216,10000000;1265,60000000;1154,80000000;1219,70000000;0,3
2020-05-13T00:00:00+00:00;TOMOHEDGE/USD;1232,50000000;1254,80000000;1213,00000000;1216,10000000;-1,35
2020-05-12T00:00:00+00:00;TOMOHEDGE/USD;1215,30000000;1600,00000000;1185,90000000;1232,50000000;1,4
2020-05-11T00:00:00+00:00;TOMOHEDGE/USD;1196,40000000;1312,00000000;1166,40000000;1215,30000000;1,56
2020-05-10T00:00:00+00:00;TOMOHEDGE/USD;1081,70000000;1496,50000000;1053,50000000;1196,40000000;9,59
2020-05-09T00:00:00+00:00;TOMOHEDGE/USD;1071,40000000;1508,50000000;1037,90000000;1081,70000000;0,95
2020-05-08T00:00:00+00:00;TOMOHEDGE/USD;1169,40000000;1195,30000000;1029,30000000;1071,40000000;-9,15
2020-05-07T00:00:00+00:00;TOMOHEDGE/USD;1292,30000000;1307,00000000;1160,80000000;1169,40000000;-10,51
2020-05-06T00:00:00+00:00;TOMOHEDGE/USD;1277,10000000;1313,80000000;1214,10000000;1292,30000000;1,18
2020-05-05T00:00:00+00:00;TOMOHEDGE/USD;1264,90000000;1427,20000000;1239,70000000;1277,10000000;0,96
2020-05-04T00:00:00+00:00;TOMOHEDGE/USD;1294,40000000;1446,20000000;1235,80000000;1264,90000000;-2,33
2020-05-03T00:00:00+00:00;TOMOHEDGE/USD;1232,90000000;1307,30000000;1219,50000000;1294,40000000;4,75
2020-05-02T00:00:00+00:00;TOMOHEDGE/USD;1283,40000000;1295,80000000;1222,10000000;1232,90000000;-4,1
2020-05-01T00:00:00+00:00;TOMOHEDGE/USD;1292,70000000;1305,10000000;1233,00000000;1283,40000000;-0,72
2020-04-30T00:00:00+00:00;TOMOHEDGE/USD;1257,30000000;1359,00000000;1185,70000000;1292,70000000;2,74
2020-04-29T00:00:00+00:00;TOMOHEDGE/USD;1315,90000000;1325,30000000;1187,20000000;1257,30000000;-4,66
2020-04-28T00:00:00+00:00;TOMOHEDGE/USD;1325,30000000;1532,30000000;1290,20000000;1315,90000000;-0,71
2020-04-27T00:00:00+00:00;TOMOHEDGE/USD;1298,40000000;1367,70000000;1267,20000000;1325,30000000;2,03
2020-04-26T00:00:00+00:00;TOMOHEDGE/USD;1294,90000000;1326,10000000;1257,00000000;1298,40000000;0,27
2020-04-25T00:00:00+00:00;TOMOHEDGE/USD;1332,40000000;1392,20000000;1218,80000000;1294,90000000;-2,9
2020-04-24T00:00:00+00:00;TOMOHEDGE/USD;1368,30000000;1410,10000000;1302,90000000;1332,40000000;-2,69
2020-04-23T00:00:00+00:00;TOMOHEDGE/USD;1369,70000000;1428,50000000;1331,90000000;1368,30000000;-0,1
2020-04-22T00:00:00+00:00;TOMOHEDGE/USD;1429,20000000;1448,60000000;1357,00000000;1369,70000000;-4,34
2020-04-21T00:00:00+00:00;TOMOHEDGE/USD;1486,60000000;1504,60000000;1359,30000000;1429,20000000;-4,02
2020-04-20T00:00:00+00:00;TOMOHEDGE/USD;1423,70000000;1524,30000000;1365,20000000;1486,60000000;4,23
2020-04-19T00:00:00+00:00;TOMOHEDGE/USD;1332,20000000;1600,00000000;1329,90000000;1423,70000000;6,43
2020-04-18T00:00:00+00:00;TOMOHEDGE/USD;1339,50000000;1388,20000000;1287,20000000;1332,20000000;-0,55
2020-04-17T00:00:00+00:00;TOMOHEDGE/USD;1366,00000000;1421,30000000;1197,40000000;1339,50000000;-1,98
2020-04-16T00:00:00+00:00;TOMOHEDGE/USD;1603,75000000;1665,75000000;1319,40000000;1366,00000000;-17,4
2020-04-15T00:00:00+00:00;TOMOHEDGE/USD;1701,50000000;1713,25000000;1561,00000000;1603,75000000;-6,1
2020-04-14T00:00:00+00:00;TOMOHEDGE/USD;1731,00000000;1762,75000000;1685,50000000;1701,50000000;-1,73
2020-04-13T00:00:00+00:00;TOMOHEDGE/USD;1710,75000000;1818,75000000;1710,75000000;1731,00000000;1,17
2020-04-12T00:00:00+00:00;TOMOHEDGE/USD;1736,25000000;1780,00000000;1600,00000000;1710,75000000;-1,49
2020-04-11T00:00:00+00:00;TOMOHEDGE/USD;1775,50000000;1801,50000000;1688,50000000;1736,25000000;-2,26
2020-04-10T00:00:00+00:00;TOMOHEDGE/USD;1604,75000000;1839,25000000;1600,00000000;1775,50000000;9,62
2020-04-09T00:00:00+00:00;TOMOHEDGE/USD;1571,70000000;1636,50000000;1562,50000000;1604,75000000;2,06
2020-04-08T00:00:00+00:00;TOMOHEDGE/USD;1671,00000000;1680,75000000;1559,75000000;1571,70000000;-6,32
2020-04-07T00:00:00+00:00;TOMOHEDGE/USD;1682,50000000;1717,50000000;1527,50000000;1671,00000000;-0,69
2020-04-06T00:00:00+00:00;TOMOHEDGE/USD;1843,50000000;1845,50000000;1600,00000000;1682,50000000;-9,57
2020-04-05T00:00:00+00:00;TOMOHEDGE/USD;1796,75000000;1852,25000000;1758,25000000;1843,50000000;2,54
2020-04-04T00:00:00+00:00;TOMOHEDGE/USD;1800,75000000;1832,00000000;1708,75000000;1796,75000000;-0,22
2020-04-03T00:00:00+00:00;TOMOHEDGE/USD;1836,00000000;1852,00000000;1630,00000000;1800,75000000;-1,96
2020-04-02T00:00:00+00:00;TOMOHEDGE/USD;1861,25000000;1871,50000000;1658,75000000;1833,50000000;-1,51
2020-04-01T00:00:00+00:00;TOMOHEDGE/USD;2008,25000000;2063,75000000;1600,00000000;1861,25000000;-7,9
2020-03-31T00:00:00+00:00;TOMOHEDGE/USD;2068,75000000;2068,75000000;1949,50000000;2008,25000000;-3,01
2020-03-30T00:00:00+00:00;TOMOHEDGE/USD;2333,00000000;2356,75000000;1992,75000000;2068,75000000;-12,77
2020-03-29T00:00:00+00:00;TOMOHEDGE/USD;2215,50000000;2365,75000000;2146,00000000;2333,00000000;5,04
2020-03-28T00:00:00+00:00;TOMOHEDGE/USD;2184,25000000;2297,25000000;2147,75000000;2215,50000000;1,41
2020-03-27T00:00:00+00:00;TOMOHEDGE/USD;2007,25000000;2225,50000000;1951,25000000;2184,25000000;8,1
2020-03-26T00:00:00+00:00;TOMOHEDGE/USD;2065,50000000;2236,50000000;1918,25000000;2007,25000000;-2,9
2020-03-25T00:00:00+00:00;TOMOHEDGE/USD;2155,25000000;2188,50000000;1958,50000000;2065,50000000;-4,35
2020-03-24T00:00:00+00:00;TOMOHEDGE/USD;2147,00000000;2259,50000000;2051,25000000;2155,25000000;0,38
2020-03-23T00:00:00+00:00;TOMOHEDGE/USD;2345,75000000;2392,50000000;2109,25000000;2147,00000000;-9,26
2020-03-22T00:00:00+00:00;TOMOHEDGE/USD;2152,75000000;2370,50000000;2014,00000000;2345,75000000;8,23
2020-03-21T00:00:00+00:00;TOMOHEDGE/USD;2194,50000000;2295,75000000;2036,00000000;2152,75000000;-1,94
2020-03-20T00:00:00+00:00;TOMOHEDGE/USD;2172,00000000;2367,50000000;1812,50000000;2194,50000000;1,03
2020-03-19T00:00:00+00:00;TOMOHEDGE/USD;2449,50000000;2489,50000000;1995,75000000;2172,00000000;-12,78
2020-03-18T00:00:00+00:00;TOMOHEDGE/USD;2337,25000000;2549,50000000;2143,50000000;2449,50000000;4,58
2020-03-17T00:00:00+00:00;TOMOHEDGE/USD;3298,50000000;3351,50000000;2022,00000000;2337,25000000;-41,13
2020-03-16T00:00:00+00:00;TOMOHEDGE/USD;2984,00000000;3570,75000000;2831,50000000;3298,50000000;9,53
2020-03-15T00:00:00+00:00;TOMOHEDGE/USD;2998,50000000;3122,75000000;2740,50000000;2984,00000000;-0,49
2020-03-14T00:00:00+00:00;TOMOHEDGE/USD;2757,75000000;3087,00000000;2527,50000000;2998,50000000;8,03
2020-03-13T00:00:00+00:00;TOMOHEDGE/USD;3321,50000000;4642,00000000;2374,50000000;2757,75000000;-20,44
2020-03-12T00:00:00+00:00;TOMOHEDGE/USD;2151,00000000;3363,50000000;2134,75000000;3321,50000000;35,24
2020-03-11T00:00:00+00:00;TOMOHEDGE/USD;2020,25000000;2261,75000000;1959,00000000;2151,00000000;6,08
2020-03-10T00:00:00+00:00;TOMOHEDGE/USD;2002,25000000;2093,50000000;1893,25000000;2020,25000000;0,89
2020-03-09T00:00:00+00:00;TOMOHEDGE/USD;2081,50000000;2229,50000000;1909,00000000;2002,25000000;-3,96
2020-03-08T00:00:00+00:00;TOMOHEDGE/USD;1741,75000000;2085,50000000;1728,25000000;2081,50000000;16,32
2020-03-07T00:00:00+00:00;TOMOHEDGE/USD;1679,25000000;1760,25000000;1605,00000000;1741,75000000;3,59
2020-03-06T00:00:00+00:00;TOMOHEDGE/USD;1714,75000000;1736,50000000;1654,75000000;1679,25000000;-2,11
2020-03-05T00:00:00+00:00;TOMOHEDGE/USD;1715,75000000;1730,00000000;1578,00000000;1714,75000000;-0,06
2020-03-04T00:00:00+00:00;TOMOHEDGE/USD;1795,25000000;1807,50000000;1692,00000000;1715,75000000;-4,63
2020-03-03T00:00:00+00:00;TOMOHEDGE/USD;1757,25000000;1804,50000000;1697,25000000;1795,25000000;2,12
2020-03-02T00:00:00+00:00;TOMOHEDGE/USD;1935,75000000;1945,75000000;1714,75000000;1757,25000000;-10,16
2020-03-01T00:00:00+00:00;TOMOHEDGE/USD;1860,00000000;1981,00000000;1788,75000000;1935,75000000;3,91
2020-02-29T00:00:00+00:00;TOMOHEDGE/USD;1793,00000000;1860,00000000;1696,00000000;1860,00000000;3,6
2020-02-28T00:00:00+00:00;TOMOHEDGE/USD;1731,75000000;1872,25000000;1708,25000000;1793,00000000;3,42
2020-02-27T00:00:00+00:00;TOMOHEDGE/USD;1882,75000000;1995,25000000;1661,50000000;1731,75000000;-8,72
2020-02-26T00:00:00+00:00;TOMOHEDGE/USD;1693,00000000;1992,00000000;1651,75000000;1882,75000000;10,08
2020-02-25T00:00:00+00:00;TOMOHEDGE/USD;1568,70000000;1740,10000000;1495,20000000;1693,00000000;7,34
2020-02-24T00:00:00+00:00;TOMOHEDGE/USD;1594,75000000;1673,00000000;1537,25000000;1568,70000000;-1,66
2020-02-23T00:00:00+00:00;TOMOHEDGE/USD;1642,50000000;1643,50000000;1519,00000000;1594,75000000;-2,99
2020-02-22T00:00:00+00:00;TOMOHEDGE/USD;1658,00000000;1682,00000000;1581,25000000;1642,50000000;-0,94
2020-02-21T00:00:00+00:00;TOMOHEDGE/USD;1598,00000000;1666,25000000;1486,25000000;1658,00000000;3,62
2020-02-20T00:00:00+00:00;TOMOHEDGE/USD;1861,75000000;1938,50000000;1527,50000000;1598,00000000;-16,51
2020-02-19T00:00:00+00:00;TOMOHEDGE/USD;1717,25000000;1940,50000000;1650,75000000;1861,75000000;7,76
2020-02-18T00:00:00+00:00;TOMOHEDGE/USD;1834,25000000;1897,00000000;1695,25000000;1717,25000000;-6,81
2020-02-17T00:00:00+00:00;TOMOHEDGE/USD;1764,25000000;1936,75000000;1742,75000000;1834,25000000;3,82
2020-02-16T00:00:00+00:00;TOMOHEDGE/USD;1727,50000000;1987,50000000;1600,00000000;1764,25000000;2,08
2020-02-15T00:00:00+00:00;TOMOHEDGE/USD;1609,00000000;1766,25000000;1535,75000000;1727,50000000;6,86
2020-02-14T00:00:00+00:00;TOMOHEDGE/USD;1703,25000000;1751,75000000;1510,75000000;1609,00000000;-5,86
2020-02-13T00:00:00+00:00;TOMOHEDGE/USD;1640,25000000;1784,50000000;1561,25000000;1703,25000000;3,7
2020-02-12T00:00:00+00:00;TOMOHEDGE/USD;1776,25000000;1836,50000000;1500,80000000;1640,25000000;-8,29
2020-02-11T00:00:00+00:00;TOMOHEDGE/USD;2076,00000000;2114,00000000;1768,75000000;1776,25000000;-16,88
2020-02-10T00:00:00+00:00;TOMOHEDGE/USD;2076,75000000;2148,00000000;2028,50000000;2076,00000000;-0,04
2020-02-09T00:00:00+00:00;TOMOHEDGE/USD;2100,00000000;2114,00000000;2023,50000000;2076,75000000;-1,12
2020-02-08T00:00:00+00:00;TOMOHEDGE/USD;1970,75000000;2195,25000000;1965,00000000;2100,00000000;6,15
2020-02-07T00:00:00+00:00;TOMOHEDGE/USD;1976,75000000;2009,25000000;1830,50000000;1970,75000000;-0,3
2020-02-06T00:00:00+00:00;TOMOHEDGE/USD;1949,25000000;2023,50000000;1885,00000000;1976,75000000;1,39
2020-02-05T00:00:00+00:00;TOMOHEDGE/USD;1956,75000000;2069,75000000;1930,50000000;1949,25000000;-0,38
2020-02-04T00:00:00+00:00;TOMOHEDGE/USD;2026,75000000;2088,00000000;1850,50000000;1956,75000000;-3,58
2020-02-03T00:00:00+00:00;TOMOHEDGE/USD;2093,25000000;2124,00000000;1981,75000000;2026,75000000;-3,28
2020-02-02T00:00:00+00:00;TOMOHEDGE/USD;2110,00000000;2168,00000000;2023,50000000;2093,25000000;-0,8
2020-02-01T00:00:00+00:00;TOMOHEDGE/USD;2201,50000000;2227,75000000;2023,50000000;2110,00000000;-4,34
2020-01-31T00:00:00+00:00;TOMOHEDGE/USD;2429,50000000;2478,00000000;2132,25000000;2201,50000000;-10,36
2020-01-30T00:00:00+00:00;TOMOHEDGE/USD;2435,75000000;2494,00000000;2377,25000000;2429,50000000;-0,26
2020-01-29T00:00:00+00:00;TOMOHEDGE/USD;2394,75000000;2464,25000000;2315,75000000;2435,75000000;1,68
2020-01-28T00:00:00+00:00;TOMOHEDGE/USD;2270,25000000;2411,50000000;2246,50000000;2394,75000000;5,2
2020-01-27T00:00:00+00:00;TOMOHEDGE/USD;2280,25000000;2293,25000000;2208,50000000;2270,25000000;-0,44
2020-01-26T00:00:00+00:00;TOMOHEDGE/USD;2313,25000000;2348,25000000;2204,25000000;2280,25000000;-1,45
2020-01-25T00:00:00+00:00;TOMOHEDGE/USD;2306,50000000;2371,25000000;2287,00000000;2313,25000000;0,29
2020-01-24T00:00:00+00:00;TOMOHEDGE/USD;2301,25000000;2405,50000000;2250,75000000;2306,50000000;0,23
2020-01-23T00:00:00+00:00;TOMOHEDGE/USD;2150,00000000;2345,75000000;2134,75000000;2301,25000000;6,57
2020-01-22T00:00:00+00:00;TOMOHEDGE/USD;2196,00000000;2215,50000000;2023,50000000;2150,00000000;-2,14
2020-01-21T00:00:00+00:00;TOMOHEDGE/USD;2255,25000000;2264,25000000;2137,25000000;2196,00000000;-2,7
2020-01-20T00:00:00+00:00;TOMOHEDGE/USD;2244,50000000;2317,75000000;2210,75000000;2255,25000000;0,48
2020-01-19T00:00:00+00:00;TOMOHEDGE/USD;2165,50000000;2306,00000000;2132,75000000;2244,50000000;3,52
2020-01-18T00:00:00+00:00;TOMOHEDGE/USD;2129,00000000;2205,00000000;2098,50000000;2165,50000000;1,69
2020-01-17T00:00:00+00:00;TOMOHEDGE/USD;2198,00000000;2210,50000000;2043,00000000;2129,00000000;-3,24
2020-01-16T00:00:00+00:00;TOMOHEDGE/USD;2127,25000000;2264,00000000;2101,00000000;2198,00000000;3,22
2020-01-15T00:00:00+00:00;TOMOHEDGE/USD;2165,50000000;2199,00000000;1993,25000000;2125,50000000;-1,88
2020-01-14T00:00:00+00:00;TOMOHEDGE/USD;2050,00000000;2185,50000000;2006,75000000;2165,50000000;5,33
2020-01-13T00:00:00+00:00;TOMOHEDGE/USD;2257,50000000;2265,25000000;2014,75000000;2051,25000000;-10,05
2020-01-12T00:00:00+00:00;TOMOHEDGE/USD;2413,00000000;2423,00000000;2222,75000000;2257,50000000;-6,89
2020-01-11T00:00:00+00:00;TOMOHEDGE/USD;2406,00000000;2447,00000000;2342,25000000;2413,00000000;0,29
2020-01-10T00:00:00+00:00;TOMOHEDGE/USD;2441,75000000;2490,75000000;2383,25000000;2406,00000000;-1,49
2020-01-09T00:00:00+00:00;TOMOHEDGE/USD;2283,00000000;2463,00000000;2238,25000000;2441,75000000;6,5
2020-01-08T00:00:00+00:00;TOMOHEDGE/USD;2362,75000000;2516,00000000;2252,25000000;2284,25000000;-3,44
2020-01-07T00:00:00+00:00;TOMOHEDGE/USD;2323,50000000;2471,00000000;2297,50000000;2362,75000000;1,66

