DATE/TIME;SYMBOL;OPEN;HIGH;LOW;CLOSE;EVOL % CLOSE/HIGH
2022-01-05T00:00:00+00:00;DRGNHEDGE/USD;47,25000000;47,45000000;45,31000000;45,46500000;-3,93
2022-01-04T00:00:00+00:00;DRGNHEDGE/USD;46,79000000;47,75000000;45,55000000;47,25000000;0,97
2022-01-03T00:00:00+00:00;DRGNHEDGE/USD;46,23000000;47,98000000;45,73000000;46,79000000;1,2
2022-01-02T00:00:00+00:00;DRGNHEDGE/USD;46,99000000;47,70000000;45,50000000;46,23000000;-1,64
2022-01-01T00:00:00+00:00;DRGNHEDGE/USD;48,39000000;48,39000000;46,97500000;46,99000000;-2,98
2021-12-31T00:00:00+00:00;DRGNHEDGE/USD;47,25000000;49,41500000;46,71500000;48,39000000;2,36
2021-12-30T00:00:00+00:00;DRGNHEDGE/USD;48,12500000;49,07000000;46,91000000;47,25000000;-1,85
2021-12-29T00:00:00+00:00;DRGNHEDGE/USD;46,37000000;48,37500000;45,42000000;48,12500000;3,65
2021-12-28T00:00:00+00:00;DRGNHEDGE/USD;42,65500000;46,61500000;42,65500000;46,37000000;8,01
2021-12-27T00:00:00+00:00;DRGNHEDGE/USD;43,36500000;43,55500000;40,97500000;42,65500000;-1,66
2021-12-26T00:00:00+00:00;DRGNHEDGE/USD;43,96500000;44,92500000;43,24000000;43,36500000;-1,38
2021-12-25T00:00:00+00:00;DRGNHEDGE/USD;44,96500000;45,11000000;43,71500000;43,96500000;-2,27
2021-12-24T00:00:00+00:00;DRGNHEDGE/USD;44,28000000;45,39500000;43,48000000;44,96500000;1,52
2021-12-23T00:00:00+00:00;DRGNHEDGE/USD;48,15500000;48,84000000;43,84500000;44,28000000;-8,75
2021-12-22T00:00:00+00:00;DRGNHEDGE/USD;49,51000000;49,63000000;47,22000000;48,15500000;-2,81
2021-12-21T00:00:00+00:00;DRGNHEDGE/USD;51,22500000;51,94000000;49,51000000;49,51000000;-3,46
2021-12-20T00:00:00+00:00;DRGNHEDGE/USD;51,05500000;53,76500000;50,25500000;51,22500000;0,33
2021-12-19T00:00:00+00:00;DRGNHEDGE/USD;49,79000000;51,09000000;49,43000000;51,05500000;2,48
2021-12-18T00:00:00+00:00;DRGNHEDGE/USD;51,12500000;51,85500000;49,47500000;49,79000000;-2,68
2021-12-17T00:00:00+00:00;DRGNHEDGE/USD;49,20000000;52,18500000;48,78000000;51,12500000;3,77
2021-12-16T00:00:00+00:00;DRGNHEDGE/USD;49,82500000;49,91500000;47,57500000;49,20000000;-1,27
2021-12-15T00:00:00+00:00;DRGNHEDGE/USD;52,37000000;53,98000000;49,55500000;49,82500000;-5,11
2021-12-14T00:00:00+00:00;DRGNHEDGE/USD;54,02500000;54,75000000;51,92500000;52,37000000;-3,16
2021-12-13T00:00:00+00:00;DRGNHEDGE/USD;49,56000000;54,73000000;49,19500000;54,16500000;8,5
2021-12-12T00:00:00+00:00;DRGNHEDGE/USD;49,63500000;50,98500000;49,20000000;49,56000000;-0,15
2021-12-11T00:00:00+00:00;DRGNHEDGE/USD;51,94500000;52,65500000;49,63500000;49,63500000;-4,65
2021-12-10T00:00:00+00:00;DRGNHEDGE/USD;50,89500000;52,11000000;48,59500000;51,94500000;2,02
2021-12-09T00:00:00+00:00;DRGNHEDGE/USD;47,03000000;50,92500000;46,48500000;50,89500000;7,59
2021-12-08T00:00:00+00:00;DRGNHEDGE/USD;48,20000000;49,63500000;46,92000000;47,03000000;-2,49
2021-12-07T00:00:00+00:00;DRGNHEDGE/USD;48,41000000;48,89000000;46,06000000;48,20000000;-0,44
2021-12-06T00:00:00+00:00;DRGNHEDGE/USD;49,82500000;53,51000000;48,31000000;48,41000000;-2,92
2021-12-05T00:00:00+00:00;DRGNHEDGE/USD;43,62000000;51,19000000;41,62000000;49,82500000;12,45
2021-12-04T00:00:00+00:00;DRGNHEDGE/USD;40,57000000;54,02500000;38,71500000;43,62000000;6,99
2021-12-03T00:00:00+00:00;DRGNHEDGE/USD;39,47500000;41,24000000;38,29500000;40,57000000;2,7
2021-12-02T00:00:00+00:00;DRGNHEDGE/USD;39,69000000;41,59000000;38,71500000;39,47500000;-0,54
2021-12-01T00:00:00+00:00;DRGNHEDGE/USD;40,21500000;40,78000000;38,85500000;39,69000000;-1,32
2021-11-30T00:00:00+00:00;DRGNHEDGE/USD;40,98500000;42,79000000;38,71500000;40,21500000;-1,91
2021-11-29T00:00:00+00:00;DRGNHEDGE/USD;43,02000000;43,16000000;40,79500000;40,98500000;-4,97
2021-11-28T00:00:00+00:00;DRGNHEDGE/USD;41,87000000;44,98500000;41,66500000;43,02000000;2,67
2021-11-27T00:00:00+00:00;DRGNHEDGE/USD;42,58500000;42,66500000;40,16000000;41,87000000;-1,71
2021-11-26T00:00:00+00:00;DRGNHEDGE/USD;38,37500000;43,00500000;38,03000000;42,58500000;9,89
2021-11-25T00:00:00+00:00;DRGNHEDGE/USD;40,65500000;40,65500000;37,74000000;38,37500000;-5,94
2021-11-24T00:00:00+00:00;DRGNHEDGE/USD;40,18000000;41,02500000;39,99500000;40,65500000;1,17
2021-11-23T00:00:00+00:00;DRGNHEDGE/USD;40,72500000;41,24500000;39,97000000;40,18000000;-1,36
2021-11-22T00:00:00+00:00;DRGNHEDGE/USD;38,90500000;40,90500000;38,71000000;40,72500000;4,47
2021-11-21T00:00:00+00:00;DRGNHEDGE/USD;38,62500000;39,45000000;37,37000000;38,90500000;0,72
2021-11-20T00:00:00+00:00;DRGNHEDGE/USD;39,26500000;40,48000000;36,36000000;38,62500000;-1,66
2021-11-19T00:00:00+00:00;DRGNHEDGE/USD;42,48000000;42,48500000;38,03000000;39,26500000;-8,19
2021-11-18T00:00:00+00:00;DRGNHEDGE/USD;38,33000000;43,28500000;37,81000000;42,48000000;9,77
2021-11-17T00:00:00+00:00;DRGNHEDGE/USD;38,66500000;40,10500000;37,84500000;38,33000000;-0,87
2021-11-16T00:00:00+00:00;DRGNHEDGE/USD;35,39500000;40,04500000;35,39500000;38,66500000;8,46
2021-11-15T00:00:00+00:00;DRGNHEDGE/USD;35,16000000;35,66500000;33,66500000;35,39500000;0,66
2021-11-14T00:00:00+00:00;DRGNHEDGE/USD;35,52000000;36,28500000;35,16000000;35,16000000;-1,02
2021-11-13T00:00:00+00:00;DRGNHEDGE/USD;35,68500000;36,36000000;35,15500000;35,52000000;-0,46
2021-11-12T00:00:00+00:00;DRGNHEDGE/USD;35,76500000;36,56500000;34,87000000;35,68500000;-0,22
2021-11-11T00:00:00+00:00;DRGNHEDGE/USD;36,60000000;37,01500000;34,75000000;35,76500000;-2,33
2021-11-10T00:00:00+00:00;DRGNHEDGE/USD;34,45000000;37,79000000;33,15000000;36,60000000;5,87
2021-11-09T00:00:00+00:00;DRGNHEDGE/USD;34,72500000;35,23500000;33,08500000;34,45000000;-0,8
2021-11-08T00:00:00+00:00;DRGNHEDGE/USD;36,73000000;37,26000000;34,72500000;34,72500000;-5,77
2021-11-07T00:00:00+00:00;DRGNHEDGE/USD;36,43000000;37,00500000;36,06000000;36,73000000;0,82
2021-11-06T00:00:00+00:00;DRGNHEDGE/USD;36,88000000;38,23000000;36,23000000;36,43000000;-1,24
2021-11-05T00:00:00+00:00;DRGNHEDGE/USD;37,09500000;37,85500000;36,24000000;36,88000000;-0,58
2021-11-04T00:00:00+00:00;DRGNHEDGE/USD;37,13500000;38,08000000;35,61000000;37,09500000;-0,11
2021-11-03T00:00:00+00:00;DRGNHEDGE/USD;38,09500000;38,86000000;35,10500000;37,13500000;-2,59
2021-11-02T00:00:00+00:00;DRGNHEDGE/USD;42,49500000;43,02000000;36,06000000;38,09500000;-11,55
2021-11-01T00:00:00+00:00;DRGNHEDGE/USD;43,44000000;45,45000000;42,08000000;42,49500000;-2,22
2021-10-31T00:00:00+00:00;DRGNHEDGE/USD;44,97000000;45,66500000;43,28000000;43,44000000;-3,52
2021-10-30T00:00:00+00:00;DRGNHEDGE/USD;44,37000000;45,70000000;43,57000000;44,97000000;1,33
2021-10-29T00:00:00+00:00;DRGNHEDGE/USD;46,72000000;47,00500000;43,68000000;44,37000000;-5,3
2021-10-28T00:00:00+00:00;DRGNHEDGE/USD;48,89000000;49,25000000;45,90500000;46,72000000;-4,64
2021-10-27T00:00:00+00:00;DRGNHEDGE/USD;43,47000000;49,22500000;43,20000000;49,08000000;11,43
2021-10-26T00:00:00+00:00;DRGNHEDGE/USD;43,20000000;43,72000000;42,41000000;43,47000000;0,62
2021-10-25T00:00:00+00:00;DRGNHEDGE/USD;44,77500000;44,99000000;43,20000000;43,20000000;-3,65
2021-10-24T00:00:00+00:00;DRGNHEDGE/USD;43,22000000;45,74000000;43,20000000;44,77500000;3,47
2021-10-23T00:00:00+00:00;DRGNHEDGE/USD;44,23000000;44,75000000;41,28000000;43,22000000;-2,34
2021-10-22T00:00:00+00:00;DRGNHEDGE/USD;44,56500000;45,49500000;42,83000000;44,23000000;-0,76
2021-10-21T00:00:00+00:00;DRGNHEDGE/USD;44,26000000;44,87000000;41,28000000;44,56500000;0,68
2021-10-20T00:00:00+00:00;DRGNHEDGE/USD;45,35000000;45,98000000;44,17000000;44,26000000;-2,46
2021-10-19T00:00:00+00:00;DRGNHEDGE/USD;46,70000000;46,96500000;43,85000000;45,35000000;-2,98
2021-10-18T00:00:00+00:00;DRGNHEDGE/USD;47,89000000;48,37000000;45,75500000;46,70000000;-2,55
2021-10-17T00:00:00+00:00;DRGNHEDGE/USD;47,28500000;49,38000000;46,74000000;47,89000000;1,26
2021-10-16T00:00:00+00:00;DRGNHEDGE/USD;47,31000000;48,00500000;46,53000000;47,28500000;-0,05
2021-10-15T00:00:00+00:00;DRGNHEDGE/USD;45,86500000;48,71500000;45,79000000;47,31000000;3,05
2021-10-14T00:00:00+00:00;DRGNHEDGE/USD;47,42000000;48,02000000;44,23500000;45,86500000;-3,39
2021-10-13T00:00:00+00:00;DRGNHEDGE/USD;53,24000000;54,32500000;45,74000000;47,42000000;-12,27
2021-10-12T00:00:00+00:00;DRGNHEDGE/USD;51,83000000;54,83000000;51,83000000;53,24000000;2,65
2021-10-11T00:00:00+00:00;DRGNHEDGE/USD;53,77500000;54,50500000;49,71500000;51,83000000;-3,75
2021-10-10T00:00:00+00:00;DRGNHEDGE/USD;50,19000000;54,61000000;50,08500000;53,77500000;6,67
2021-10-09T00:00:00+00:00;DRGNHEDGE/USD;53,35500000;53,83500000;49,56000000;50,19000000;-6,31
2021-10-08T00:00:00+00:00;DRGNHEDGE/USD;53,70500000;53,97000000;52,24500000;53,35500000;-0,66
2021-10-07T00:00:00+00:00;DRGNHEDGE/USD;53,74000000;55,27000000;51,69500000;53,70500000;-0,07
2021-10-06T00:00:00+00:00;DRGNHEDGE/USD;53,08000000;56,33500000;52,88500000;53,74000000;1,23
2021-10-05T00:00:00+00:00;DRGNHEDGE/USD;55,05500000;55,51500000;52,78500000;53,08000000;-3,72
2021-10-04T00:00:00+00:00;DRGNHEDGE/USD;53,65500000;56,10500000;53,53000000;54,84000000;2,16
2021-10-03T00:00:00+00:00;DRGNHEDGE/USD;54,19000000;55,63000000;52,79500000;53,65500000;-1,0
2021-10-02T00:00:00+00:00;DRGNHEDGE/USD;55,43000000;56,10500000;52,91000000;54,19000000;-2,29
2021-10-01T00:00:00+00:00;DRGNHEDGE/USD;61,13500000;61,46000000;55,23500000;55,43000000;-10,29
2021-09-30T00:00:00+00:00;DRGNHEDGE/USD;66,04000000;66,33500000;61,11500000;61,13500000;-8,02
2021-09-29T00:00:00+00:00;DRGNHEDGE/USD;67,86500000;68,44500000;63,76000000;66,04000000;-2,76
2021-09-28T00:00:00+00:00;DRGNHEDGE/USD;65,21500000;68,00500000;64,09500000;67,86500000;3,9
2021-09-27T00:00:00+00:00;DRGNHEDGE/USD;62,67500000;65,24500000;61,02500000;65,21500000;3,89
2021-09-26T00:00:00+00:00;DRGNHEDGE/USD;62,49000000;67,01500000;61,65500000;62,67500000;0,3
2021-09-25T00:00:00+00:00;DRGNHEDGE/USD;61,96500000;64,10500000;61,24500000;62,49000000;0,84
2021-09-24T00:00:00+00:00;DRGNHEDGE/USD;57,18000000;64,70500000;56,84500000;61,96500000;7,72
2021-09-23T00:00:00+00:00;DRGNHEDGE/USD;58,49500000;60,17500000;57,15500000;57,18000000;-2,3
2021-09-22T00:00:00+00:00;DRGNHEDGE/USD;68,87000000;70,20500000;58,44500000;58,49500000;-17,74
2021-09-21T00:00:00+00:00;DRGNHEDGE/USD;65,03500000;70,24000000;61,41000000;68,87000000;5,57
2021-09-20T00:00:00+00:00;DRGNHEDGE/USD;56,62000000;66,15500000;56,54000000;65,03500000;12,94
2021-09-19T00:00:00+00:00;DRGNHEDGE/USD;54,56500000;57,15000000;54,41500000;56,62000000;3,63
2021-09-18T00:00:00+00:00;DRGNHEDGE/USD;55,11500000;55,59500000;53,14000000;54,59000000;-0,96
2021-09-17T00:00:00+00:00;DRGNHEDGE/USD;52,95500000;55,79000000;52,95500000;55,11500000;3,92
2021-09-16T00:00:00+00:00;DRGNHEDGE/USD;50,80500000;53,83000000;50,67000000;52,95500000;4,06
2021-09-15T00:00:00+00:00;DRGNHEDGE/USD;52,85000000;53,44500000;50,80500000;50,80500000;-4,03
2021-09-14T00:00:00+00:00;DRGNHEDGE/USD;56,28000000;56,65500000;52,85000000;52,85000000;-6,49
2021-09-13T00:00:00+00:00;DRGNHEDGE/USD;53,60000000;59,03500000;52,80000000;56,23000000;4,68
2021-09-12T00:00:00+00:00;DRGNHEDGE/USD;56,48000000;58,22000000;53,02000000;53,55000000;-5,47
2021-09-11T00:00:00+00:00;DRGNHEDGE/USD;57,15500000;57,71000000;55,20500000;56,48000000;-1,2
2021-09-10T00:00:00+00:00;DRGNHEDGE/USD;54,32500000;58,75500000;52,25500000;57,15500000;4,95
2021-09-09T00:00:00+00:00;DRGNHEDGE/USD;55,63500000;56,22000000;52,13000000;54,32500000;-2,41
2021-09-08T00:00:00+00:00;DRGNHEDGE/USD;60,39500000;65,09500000;54,72500000;55,63500000;-8,56
2021-09-07T00:00:00+00:00;DRGNHEDGE/USD;51,14500000;64,68000000;50,87000000;60,39500000;15,32
2021-09-06T00:00:00+00:00;DRGNHEDGE/USD;50,53000000;52,25000000;49,70000000;51,14500000;1,2
2021-09-05T00:00:00+00:00;DRGNHEDGE/USD;53,50000000;53,50000000;50,52500000;50,53000000;-5,88
2021-09-04T00:00:00+00:00;DRGNHEDGE/USD;55,12500000;55,51500000;51,74000000;53,50000000;-3,04
2021-09-03T00:00:00+00:00;DRGNHEDGE/USD;57,99500000;59,51500000;54,60000000;55,12500000;-5,21
2021-09-02T00:00:00+00:00;DRGNHEDGE/USD;59,16500000;59,96500000;56,56000000;57,99500000;-2,02
2021-09-01T00:00:00+00:00;DRGNHEDGE/USD;64,11500000;65,87000000;59,05000000;59,16500000;-8,37
2021-08-31T00:00:00+00:00;DRGNHEDGE/USD;66,03000000;66,77000000;62,89500000;64,11500000;-2,99
2021-08-30T00:00:00+00:00;DRGNHEDGE/USD;63,22000000;66,53000000;62,99500000;66,03000000;4,26
2021-08-29T00:00:00+00:00;DRGNHEDGE/USD;63,01000000;64,62500000;61,47500000;63,22000000;0,33
2021-08-28T00:00:00+00:00;DRGNHEDGE/USD;61,16500000;63,92500000;61,16500000;63,01000000;2,93
2021-08-27T00:00:00+00:00;DRGNHEDGE/USD;66,99500000;69,21500000;61,16500000;61,16500000;-9,53
2021-08-26T00:00:00+00:00;DRGNHEDGE/USD;62,65000000;67,75000000;61,60500000;66,99500000;6,49
2021-08-25T00:00:00+00:00;DRGNHEDGE/USD;65,25000000;67,84000000;61,70500000;62,65000000;-4,15
2021-08-24T00:00:00+00:00;DRGNHEDGE/USD;61,16500000;66,22500000;60,15500000;65,25000000;6,26
2021-08-23T00:00:00+00:00;DRGNHEDGE/USD;64,03500000;64,50500000;60,13500000;61,16500000;-4,69
2021-08-22T00:00:00+00:00;DRGNHEDGE/USD;65,13000000;66,95000000;62,33000000;64,03500000;-1,71
2021-08-21T00:00:00+00:00;DRGNHEDGE/USD;63,90500000;66,49000000;63,24000000;65,13000000;1,88
2021-08-20T00:00:00+00:00;DRGNHEDGE/USD;66,05500000;66,88000000;63,02000000;63,90500000;-3,36
2021-08-19T00:00:00+00:00;DRGNHEDGE/USD;71,47000000;73,66000000;66,00000000;66,05500000;-8,2
2021-08-18T00:00:00+00:00;DRGNHEDGE/USD;72,40000000;75,59000000;67,45500000;71,47000000;-1,3
2021-08-17T00:00:00+00:00;DRGNHEDGE/USD;68,30000000;73,42000000;64,64500000;72,40000000;5,66
2021-08-16T00:00:00+00:00;DRGNHEDGE/USD;64,80500000;69,88000000;63,41000000;68,30000000;5,12
2021-08-15T00:00:00+00:00;DRGNHEDGE/USD;67,46000000;71,96500000;64,32500000;64,80500000;-4,1
2021-08-14T00:00:00+00:00;DRGNHEDGE/USD;69,76500000;75,68000000;67,07500000;67,46000000;-3,42
2021-08-13T00:00:00+00:00;DRGNHEDGE/USD;81,50000000;87,09000000;69,70000000;69,76500000;-16,82
2021-08-12T00:00:00+00:00;DRGNHEDGE/USD;80,04000000;87,09000000;75,88000000;81,50000000;1,79
2021-08-11T00:00:00+00:00;DRGNHEDGE/USD;84,03000000;84,72000000;75,59000000;80,04000000;-4,99
2021-08-10T00:00:00+00:00;DRGNHEDGE/USD;84,93000000;87,09000000;82,87000000;84,09000000;-1,0
2021-08-09T00:00:00+00:00;DRGNHEDGE/USD;88,40000000;90,48000000;83,83000000;84,93000000;-4,09
2021-08-08T00:00:00+00:00;DRGNHEDGE/USD;85,42000000;89,95000000;82,53000000;88,40000000;3,37
2021-08-07T00:00:00+00:00;DRGNHEDGE/USD;91,62000000;92,72000000;82,43000000;85,42000000;-7,26
2021-08-06T00:00:00+00:00;DRGNHEDGE/USD;96,80000000;98,05000000;91,09000000;91,62000000;-5,65
2021-08-05T00:00:00+00:00;DRGNHEDGE/USD;99,34000000;102,56000000;96,41000000;96,80000000;-2,62
2021-08-04T00:00:00+00:00;DRGNHEDGE/USD;102,82000000;104,70000000;98,28000000;99,34000000;-3,5
2021-08-03T00:00:00+00:00;DRGNHEDGE/USD;101,60000000;106,03000000;100,99000000;102,82000000;1,19
2021-08-02T00:00:00+00:00;DRGNHEDGE/USD;102,76000000;105,08000000;100,13000000;101,60000000;-1,14
2021-08-01T00:00:00+00:00;DRGNHEDGE/USD;98,32000000;103,27000000;95,99000000;102,76000000;4,32
2021-07-31T00:00:00+00:00;DRGNHEDGE/USD;103,16000000;104,72000000;98,00000000;98,32000000;-4,92
2021-07-30T00:00:00+00:00;DRGNHEDGE/USD;109,90000000;119,15000000;103,08000000;103,24000000;-6,45
2021-07-29T00:00:00+00:00;DRGNHEDGE/USD;112,42000000;115,18000000;108,75000000;109,90000000;-2,29
2021-07-28T00:00:00+00:00;DRGNHEDGE/USD;111,59000000;119,93000000;109,89000000;112,42000000;0,74
2021-07-27T00:00:00+00:00;DRGNHEDGE/USD;118,89000000;123,42000000;109,77000000;111,59000000;-6,54
2021-07-26T00:00:00+00:00;DRGNHEDGE/USD;125,29000000;127,49000000;107,77000000;118,89000000;-5,38
2021-07-25T00:00:00+00:00;DRGNHEDGE/USD;127,04000000;132,43000000;125,29000000;125,29000000;-1,4
2021-07-24T00:00:00+00:00;DRGNHEDGE/USD;131,85000000;133,54000000;125,51000000;127,04000000;-3,79
2021-07-23T00:00:00+00:00;DRGNHEDGE/USD;137,50000000;140,74000000;131,81000000;132,07000000;-4,11
2021-07-22T00:00:00+00:00;DRGNHEDGE/USD;142,00000000;144,00000000;136,33000000;137,50000000;-3,27
2021-07-21T00:00:00+00:00;DRGNHEDGE/USD;157,58000000;161,48000000;136,79000000;142,00000000;-10,97
2021-07-20T00:00:00+00:00;DRGNHEDGE/USD;150,18000000;162,82500000;147,70000000;157,58000000;4,7
2021-07-19T00:00:00+00:00;DRGNHEDGE/USD;140,16000000;150,70000000;139,44000000;150,18000000;6,67
2021-07-18T00:00:00+00:00;DRGNHEDGE/USD;143,45000000;144,64000000;137,40000000;140,16000000;-2,35
2021-07-17T00:00:00+00:00;DRGNHEDGE/USD;144,89000000;147,28000000;136,58000000;143,45000000;-1,0
2021-07-16T00:00:00+00:00;DRGNHEDGE/USD;137,39000000;145,04000000;134,90000000;144,92000000;5,2
2021-07-15T00:00:00+00:00;DRGNHEDGE/USD;132,12000000;140,20000000;129,79000000;137,39000000;3,84
2021-07-14T00:00:00+00:00;DRGNHEDGE/USD;131,97000000;139,76000000;123,88000000;132,12000000;0,11
2021-07-13T00:00:00+00:00;DRGNHEDGE/USD;128,75000000;134,07000000;128,25000000;131,97000000;2,44
2021-07-12T00:00:00+00:00;DRGNHEDGE/USD;125,66000000;131,22000000;123,10000000;128,75000000;2,4
2021-07-11T00:00:00+00:00;DRGNHEDGE/USD;128,54000000;130,42000000;123,83000000;125,66000000;-2,29
2021-07-10T00:00:00+00:00;DRGNHEDGE/USD;127,47000000;131,05000000;124,96000000;128,54000000;0,83
2021-07-09T00:00:00+00:00;DRGNHEDGE/USD;129,74000000;135,89000000;126,05000000;127,47000000;-1,78
2021-07-08T00:00:00+00:00;DRGNHEDGE/USD;120,10000000;131,69000000;120,05000000;130,19000000;7,75
2021-07-07T00:00:00+00:00;DRGNHEDGE/USD;120,25000000;120,89000000;117,44000000;120,10000000;-0,12
2021-07-06T00:00:00+00:00;DRGNHEDGE/USD;122,22000000;122,28000000;117,72000000;120,25000000;-1,64
2021-07-05T00:00:00+00:00;DRGNHEDGE/USD;117,44000000;124,31000000;116,91000000;122,22000000;3,91
2021-07-04T00:00:00+00:00;DRGNHEDGE/USD;118,82000000;121,55000000;114,68000000;117,44000000;-1,18
2021-07-03T00:00:00+00:00;DRGNHEDGE/USD;120,52000000;123,33000000;117,45000000;118,82000000;-1,43
2021-07-02T00:00:00+00:00;DRGNHEDGE/USD;124,48000000;128,15000000;120,18000000;120,52000000;-3,29
2021-07-01T00:00:00+00:00;DRGNHEDGE/USD;117,84000000;127,14000000;117,60000000;124,48000000;5,33
2021-06-30T00:00:00+00:00;DRGNHEDGE/USD;119,93000000;127,88000000;115,61000000;117,84000000;-1,77
2021-06-29T00:00:00+00:00;DRGNHEDGE/USD;133,36000000;133,54000000;115,17000000;119,93000000;-11,2
2021-06-28T00:00:00+00:00;DRGNHEDGE/USD;137,75000000;140,39000000;131,34000000;133,36000000;-3,29
2021-06-27T00:00:00+00:00;DRGNHEDGE/USD;144,58000000;147,38000000;137,40000000;137,75000000;-4,96
2021-06-26T00:00:00+00:00;DRGNHEDGE/USD;146,56000000;152,98000000;141,50000000;144,58000000;-1,37
2021-06-25T00:00:00+00:00;DRGNHEDGE/USD;135,73000000;148,31000000;131,51000000;146,56000000;7,39
2021-06-24T00:00:00+00:00;DRGNHEDGE/USD;144,74000000;150,22000000;133,15000000;135,73000000;-6,64
2021-06-23T00:00:00+00:00;DRGNHEDGE/USD;159,65000000;166,67500000;137,78000000;144,74000000;-10,3
2021-06-22T00:00:00+00:00;DRGNHEDGE/USD;153,93000000;180,26000000;143,17000000;159,65000000;3,58
2021-06-21T00:00:00+00:00;DRGNHEDGE/USD;124,31000000;154,72000000;124,31000000;153,93000000;19,24
2021-06-20T00:00:00+00:00;DRGNHEDGE/USD;125,48000000;135,77000000;123,54000000;124,31000000;-0,94
2021-06-19T00:00:00+00:00;DRGNHEDGE/USD;122,70000000;125,48000000;120,46000000;125,48000000;2,22
2021-06-18T00:00:00+00:00;DRGNHEDGE/USD;115,05000000;125,27000000;115,05000000;122,70000000;6,23
2021-06-17T00:00:00+00:00;DRGNHEDGE/USD;115,62000000;121,91000000;111,26000000;115,08000000;-0,47
2021-06-16T00:00:00+00:00;DRGNHEDGE/USD;111,13000000;123,04000000;109,97000000;115,62000000;3,88
2021-06-15T00:00:00+00:00;DRGNHEDGE/USD;110,61000000;116,81000000;108,33000000;111,13000000;0,47
2021-06-14T00:00:00+00:00;DRGNHEDGE/USD;112,71000000;120,97000000;109,36000000;110,61000000;-1,9
2021-06-13T00:00:00+00:00;DRGNHEDGE/USD;120,03000000;124,31000000;111,07000000;112,71000000;-6,49
2021-06-12T00:00:00+00:00;DRGNHEDGE/USD;118,73000000;126,10000000;118,05000000;120,03000000;1,08
2021-06-11T00:00:00+00:00;DRGNHEDGE/USD;112,26000000;120,65000000;110,00000000;118,73000000;5,45
2021-06-10T00:00:00+00:00;DRGNHEDGE/USD;108,15000000;120,56000000;104,86000000;112,26000000;3,66
2021-06-09T00:00:00+00:00;DRGNHEDGE/USD;115,15000000;121,69000000;108,15000000;108,15000000;-6,47
2021-06-08T00:00:00+00:00;DRGNHEDGE/USD;113,03000000;125,07000000;110,41000000;115,20000000;1,88
2021-06-07T00:00:00+00:00;DRGNHEDGE/USD;102,94000000;119,32000000;98,81000000;113,03000000;8,93
2021-06-06T00:00:00+00:00;DRGNHEDGE/USD;106,94000000;109,02000000;101,16000000;102,94000000;-3,89
2021-06-05T00:00:00+00:00;DRGNHEDGE/USD;104,10000000;115,08000000;97,03000000;106,94000000;2,66
2021-06-04T00:00:00+00:00;DRGNHEDGE/USD;95,35000000;112,97000000;92,92000000;104,10000000;8,41
2021-06-03T00:00:00+00:00;DRGNHEDGE/USD;103,71000000;104,80000000;94,39000000;95,35000000;-8,77
2021-06-02T00:00:00+00:00;DRGNHEDGE/USD;109,52000000;123,78000000;101,44000000;103,71000000;-5,6
2021-06-01T00:00:00+00:00;DRGNHEDGE/USD;106,15000000;117,12000000;104,26000000;109,52000000;3,08
2021-05-31T00:00:00+00:00;DRGNHEDGE/USD;120,08000000;124,31000000;106,06000000;106,15000000;-13,12
2021-05-30T00:00:00+00:00;DRGNHEDGE/USD;126,56000000;133,73000000;114,98000000;120,08000000;-5,4
2021-05-29T00:00:00+00:00;DRGNHEDGE/USD;120,66000000;132,65000000;115,97000000;126,56000000;4,66
2021-05-28T00:00:00+00:00;DRGNHEDGE/USD;106,81000000;124,31000000;105,90000000;120,66000000;11,48
2021-05-27T00:00:00+00:00;DRGNHEDGE/USD;104,66000000;114,29000000;102,29000000;106,81000000;2,01
2021-05-26T00:00:00+00:00;DRGNHEDGE/USD;121,76000000;124,31000000;103,30000000;104,66000000;-16,34
2021-05-25T00:00:00+00:00;DRGNHEDGE/USD;123,38000000;130,55000000;114,60000000;121,76000000;-1,33
2021-05-24T00:00:00+00:00;DRGNHEDGE/USD;158,40000000;162,12500000;122,88000000;123,38000000;-28,38
2021-05-23T00:00:00+00:00;DRGNHEDGE/USD;141,06000000;182,26000000;134,86000000;158,40000000;10,95
2021-05-22T00:00:00+00:00;DRGNHEDGE/USD;132,38000000;144,61000000;130,26000000;141,06000000;6,15
2021-05-21T00:00:00+00:00;DRGNHEDGE/USD;115,68000000;141,23000000;107,87000000;132,38000000;12,62
2021-05-20T00:00:00+00:00;DRGNHEDGE/USD;138,23000000;155,06000000;108,80000000;115,68000000;-19,49
2021-05-19T00:00:00+00:00;DRGNHEDGE/USD;103,29000000;152,93000000;101,42000000;138,23000000;25,28
2021-05-18T00:00:00+00:00;DRGNHEDGE/USD;106,28000000;107,09000000;98,02000000;103,29000000;-2,89
2021-05-17T00:00:00+00:00;DRGNHEDGE/USD;98,05000000;110,83000000;93,32000000;106,28000000;7,74
2021-05-16T00:00:00+00:00;DRGNHEDGE/USD;99,35000000;105,39000000;90,26000000;98,05000000;-1,33
2021-05-15T00:00:00+00:00;DRGNHEDGE/USD;92,59000000;100,39000000;92,59000000;99,08000000;6,55
2021-05-14T00:00:00+00:00;DRGNHEDGE/USD;97,36000000;98,99000000;90,78000000;92,59000000;-5,15
2021-05-13T00:00:00+00:00;DRGNHEDGE/USD;102,41000000;107,86000000;91,99000000;97,36000000;-5,19
2021-05-12T00:00:00+00:00;DRGNHEDGE/USD;88,24000000;102,57000000;87,30000000;102,41000000;13,84
2021-05-11T00:00:00+00:00;DRGNHEDGE/USD;93,72000000;96,37000000;88,24000000;88,24000000;-6,21
2021-05-10T00:00:00+00:00;DRGNHEDGE/USD;84,43000000;98,04000000;83,59000000;93,72000000;9,91
2021-05-09T00:00:00+00:00;DRGNHEDGE/USD;84,96000000;89,46000000;82,13000000;84,43000000;-0,63
2021-05-08T00:00:00+00:00;DRGNHEDGE/USD;83,58000000;87,68000000;81,91000000;84,96000000;1,62
2021-05-07T00:00:00+00:00;DRGNHEDGE/USD;86,91000000;88,48000000;75,80000000;83,58000000;-3,98
2021-05-06T00:00:00+00:00;DRGNHEDGE/USD;94,81000000;96,27000000;85,31000000;86,91000000;-9,09
2021-05-05T00:00:00+00:00;DRGNHEDGE/USD;109,64000000;110,30000000;94,81000000;94,81000000;-15,64
2021-05-04T00:00:00+00:00;DRGNHEDGE/USD;99,62000000;110,56000000;99,62000000;109,64000000;9,14
2021-05-03T00:00:00+00:00;DRGNHEDGE/USD;99,90000000;100,43000000;95,59000000;99,62000000;-0,28
2021-05-02T00:00:00+00:00;DRGNHEDGE/USD;103,29000000;105,67000000;98,81000000;99,90000000;-3,39
2021-05-01T00:00:00+00:00;DRGNHEDGE/USD;102,76000000;106,84000000;102,40000000;103,29000000;0,51
2021-04-30T00:00:00+00:00;DRGNHEDGE/USD;112,70000000;114,97000000;102,48000000;102,76000000;-9,67
2021-04-29T00:00:00+00:00;DRGNHEDGE/USD;110,54000000;117,11000000;109,12000000;112,70000000;1,92
2021-04-28T00:00:00+00:00;DRGNHEDGE/USD;106,84000000;116,12000000;104,38000000;110,54000000;3,35
2021-04-27T00:00:00+00:00;DRGNHEDGE/USD;118,39000000;118,89000000;104,34000000;106,84000000;-10,81
2021-04-26T00:00:00+00:00;DRGNHEDGE/USD;140,81000000;140,84000000;118,39000000;118,39000000;-18,94
2021-04-25T00:00:00+00:00;DRGNHEDGE/USD;136,04000000;147,72000000;127,13000000;140,81000000;3,39
2021-04-24T00:00:00+00:00;DRGNHEDGE/USD;126,59000000;136,69000000;123,82000000;136,04000000;6,95
2021-04-23T00:00:00+00:00;DRGNHEDGE/USD;124,49000000;151,78000000;123,94000000;126,59000000;1,66
2021-04-22T00:00:00+00:00;DRGNHEDGE/USD;111,43000000;128,21000000;107,54000000;124,49000000;10,49
2021-04-21T00:00:00+00:00;DRGNHEDGE/USD;100,72000000;111,58000000;100,01000000;111,43000000;9,61
2021-04-20T00:00:00+00:00;DRGNHEDGE/USD;104,40000000;113,98000000;98,87000000;100,72000000;-3,65
2021-04-19T00:00:00+00:00;DRGNHEDGE/USD;98,57000000;106,40000000;93,35000000;104,40000000;5,58
2021-04-18T00:00:00+00:00;DRGNHEDGE/USD;102,76000000;125,29000000;98,57000000;98,57000000;-4,25
2021-04-17T00:00:00+00:00;DRGNHEDGE/USD;102,91000000;106,19000000;95,79000000;102,76000000;-0,15
2021-04-16T00:00:00+00:00;DRGNHEDGE/USD;117,27000000;127,53000000;102,36000000;102,91000000;-13,95
2021-04-15T00:00:00+00:00;DRGNHEDGE/USD;127,12000000;127,59000000;116,21000000;117,27000000;-8,4
2021-04-14T00:00:00+00:00;DRGNHEDGE/USD;134,59000000;137,40000000;119,60000000;127,12000000;-5,88
2021-04-13T00:00:00+00:00;DRGNHEDGE/USD;143,91000000;146,75000000;132,81000000;134,59000000;-6,92
2021-04-12T00:00:00+00:00;DRGNHEDGE/USD;141,00000000;146,49000000;139,64000000;143,91000000;2,02
2021-04-11T00:00:00+00:00;DRGNHEDGE/USD;139,61000000;145,37000000;139,47000000;141,00000000;0,99
2021-04-10T00:00:00+00:00;DRGNHEDGE/USD;146,20000000;146,77000000;136,97000000;139,61000000;-4,72
2021-04-09T00:00:00+00:00;DRGNHEDGE/USD;149,17000000;152,25000000;143,38000000;146,20000000;-2,03
2021-04-08T00:00:00+00:00;DRGNHEDGE/USD;161,77500000;163,80000000;149,08000000;149,17000000;-8,45
2021-04-07T00:00:00+00:00;DRGNHEDGE/USD;153,01000000;171,02000000;148,27000000;161,77500000;5,42
2021-04-06T00:00:00+00:00;DRGNHEDGE/USD;157,57000000;163,05000000;150,11000000;153,01000000;-2,98
2021-04-05T00:00:00+00:00;DRGNHEDGE/USD;169,60000000;170,95000000;152,80000000;157,57000000;-7,63
2021-04-04T00:00:00+00:00;DRGNHEDGE/USD;192,20000000;193,97500000;169,60000000;169,60000000;-13,33
2021-04-03T00:00:00+00:00;DRGNHEDGE/USD;182,62500000;192,62500000;178,05000000;192,20000000;4,98
2021-04-02T00:00:00+00:00;DRGNHEDGE/USD;186,00000000;187,40000000;181,70000000;182,62500000;-1,85
2021-04-01T00:00:00+00:00;DRGNHEDGE/USD;185,00000000;189,05000000;178,40000000;186,00000000;0,54
2021-03-31T00:00:00+00:00;DRGNHEDGE/USD;196,30000000;206,70000000;184,82500000;185,00000000;-6,11
2021-03-30T00:00:00+00:00;DRGNHEDGE/USD;194,40000000;196,90000000;191,50000000;196,30000000;0,97
2021-03-29T00:00:00+00:00;DRGNHEDGE/USD;208,30000000;213,30000000;194,40000000;194,40000000;-7,15
2021-03-28T00:00:00+00:00;DRGNHEDGE/USD;206,70000000;211,30000000;205,60000000;208,30000000;0,77
2021-03-27T00:00:00+00:00;DRGNHEDGE/USD;210,20000000;210,70000000;201,87500000;206,70000000;-1,69
2021-03-26T00:00:00+00:00;DRGNHEDGE/USD;244,65000000;244,65000000;210,02500000;210,20000000;-16,39
2021-03-25T00:00:00+00:00;DRGNHEDGE/USD;241,82500000;253,10000000;234,72500000;244,65000000;1,15
2021-03-24T00:00:00+00:00;DRGNHEDGE/USD;232,12500000;243,67500000;210,70000000;241,82500000;4,01
2021-03-23T00:00:00+00:00;DRGNHEDGE/USD;229,85000000;244,97500000;226,10000000;232,12500000;0,98
2021-03-22T00:00:00+00:00;DRGNHEDGE/USD;223,60000000;236,10000000;213,95000000;229,85000000;2,72
2021-03-21T00:00:00+00:00;DRGNHEDGE/USD;216,97500000;228,10000000;216,35000000;223,60000000;2,96
2021-03-20T00:00:00+00:00;DRGNHEDGE/USD;238,67500000;239,37500000;216,02500000;216,97500000;-10,0
2021-03-19T00:00:00+00:00;DRGNHEDGE/USD;247,55000000;254,65000000;232,52500000;238,67500000;-3,72
2021-03-18T00:00:00+00:00;DRGNHEDGE/USD;248,75000000;249,65000000;238,65000000;247,55000000;-0,48
2021-03-17T00:00:00+00:00;DRGNHEDGE/USD;252,40000000;263,97500000;248,60000000;248,75000000;-1,47
2021-03-16T00:00:00+00:00;DRGNHEDGE/USD;252,47500000;265,47500000;245,45000000;252,40000000;-0,03
2021-03-15T00:00:00+00:00;DRGNHEDGE/USD;266,95000000;284,80000000;242,85000000;252,47500000;-5,73
2021-03-14T00:00:00+00:00;DRGNHEDGE/USD;258,10000000;270,82500000;252,25000000;266,95000000;3,32
2021-03-13T00:00:00+00:00;DRGNHEDGE/USD;275,52500000;287,90000000;247,65000000;258,10000000;-6,75
2021-03-12T00:00:00+00:00;DRGNHEDGE/USD;267,60000000;287,25000000;263,17500000;275,52500000;2,88
2021-03-11T00:00:00+00:00;DRGNHEDGE/USD;277,27500000;286,97500000;263,27500000;267,60000000;-3,62
2021-03-10T00:00:00+00:00;DRGNHEDGE/USD;276,30000000;295,00000000;267,45000000;277,27500000;0,35
2021-03-09T00:00:00+00:00;DRGNHEDGE/USD;284,80000000;289,32500000;273,90000000;276,30000000;-3,08
2021-03-08T00:00:00+00:00;DRGNHEDGE/USD;305,17500000;313,30000000;283,80000000;284,80000000;-7,15
2021-03-07T00:00:00+00:00;DRGNHEDGE/USD;316,45000000;317,97500000;301,55000000;305,17500000;-3,69
2021-03-06T00:00:00+00:00;DRGNHEDGE/USD;312,97500000;365,90000000;309,85000000;316,45000000;1,1
2021-03-05T00:00:00+00:00;DRGNHEDGE/USD;322,30000000;347,35000000;308,85000000;312,97500000;-2,98
2021-03-04T00:00:00+00:00;DRGNHEDGE/USD;325,75000000;345,25000000;307,55000000;322,30000000;-1,07
2021-03-03T00:00:00+00:00;DRGNHEDGE/USD;362,50000000;365,90000000;320,85000000;325,75000000;-11,28
2021-03-02T00:00:00+00:00;DRGNHEDGE/USD;358,35000000;374,65000000;346,35000000;362,50000000;1,14
2021-03-01T00:00:00+00:00;DRGNHEDGE/USD;398,10000000;400,10000000;357,00000000;358,35000000;-11,09
2021-02-28T00:00:00+00:00;DRGNHEDGE/USD;373,95000000;427,25000000;372,20000000;398,10000000;6,07
2021-02-27T00:00:00+00:00;DRGNHEDGE/USD;382,00000000;384,00000000;359,55000000;373,70000000;-2,22
2021-02-26T00:00:00+00:00;DRGNHEDGE/USD;373,50000000;403,50000000;354,45000000;382,00000000;2,23
2021-02-25T00:00:00+00:00;DRGNHEDGE/USD;349,35000000;374,90000000;339,50000000;373,55000000;6,48
2021-02-24T00:00:00+00:00;DRGNHEDGE/USD;353,50000000;365,35000000;320,20000000;349,35000000;-1,19
2021-02-23T00:00:00+00:00;DRGNHEDGE/USD;304,80000000;397,52500000;304,77500000;353,50000000;13,78
2021-02-22T00:00:00+00:00;DRGNHEDGE/USD;285,50000000;340,57500000;273,08750000;304,80000000;6,33
2021-02-21T00:00:00+00:00;DRGNHEDGE/USD;330,40000000;335,10000000;283,91250000;285,50000000;-15,73
2021-02-20T00:00:00+00:00;DRGNHEDGE/USD;316,12500000;336,12500000;301,55000000;330,17500000;4,26
2021-02-19T00:00:00+00:00;DRGNHEDGE/USD;329,65000000;341,10000000;311,30000000;316,12500000;-4,28
2021-02-18T00:00:00+00:00;DRGNHEDGE/USD;352,55000000;355,10000000;326,90000000;329,65000000;-6,95
2021-02-17T00:00:00+00:00;DRGNHEDGE/USD;386,00000000;408,45000000;341,00000000;352,55000000;-9,49
2021-02-16T00:00:00+00:00;DRGNHEDGE/USD;380,65000000;412,60000000;358,60000000;386,00000000;1,39
2021-02-15T00:00:00+00:00;DRGNHEDGE/USD;364,55000000;414,70000000;347,95000000;379,25000000;3,88
2021-02-14T00:00:00+00:00;DRGNHEDGE/USD;343,70000000;378,15000000;337,70000000;364,55000000;5,72
2021-02-13T00:00:00+00:00;DRGNHEDGE/USD;371,90000000;397,90000000;339,90000000;343,70000000;-8,2
2021-02-12T00:00:00+00:00;DRGNHEDGE/USD;421,95000000;427,10000000;360,50000000;371,90000000;-13,46
2021-02-11T00:00:00+00:00;DRGNHEDGE/USD;487,50000000;502,00000000;418,05000000;421,95000000;-15,54
2021-02-10T00:00:00+00:00;DRGNHEDGE/USD;535,70000000;558,00000000;478,40000000;487,50000000;-9,89
2021-02-09T00:00:00+00:00;DRGNHEDGE/USD;601,50000000;610,05000000;525,00000000;535,70000000;-12,28
2021-02-08T00:00:00+00:00;DRGNHEDGE/USD;659,00000000;672,20000000;598,20000000;601,50000000;-9,56
2021-02-07T00:00:00+00:00;DRGNHEDGE/USD;644,45000000;705,30000000;633,75000000;659,00000000;2,21
2021-02-06T00:00:00+00:00;DRGNHEDGE/USD;640,10000000;685,70000000;625,60000000;644,45000000;0,67
2021-02-05T00:00:00+00:00;DRGNHEDGE/USD;719,10000000;722,40000000;637,95000000;640,10000000;-12,34
2021-02-04T00:00:00+00:00;DRGNHEDGE/USD;694,00000000;741,05000000;690,75000000;719,10000000;3,49
2021-02-03T00:00:00+00:00;DRGNHEDGE/USD;724,00000000;781,75000000;689,55000000;694,00000000;-4,32
2021-02-02T00:00:00+00:00;DRGNHEDGE/USD;737,60000000;870,00000000;712,90000000;724,00000000;-1,88
2021-02-01T00:00:00+00:00;DRGNHEDGE/USD;792,20000000;813,70000000;732,50000000;737,60000000;-7,4
2021-01-31T00:00:00+00:00;DRGNHEDGE/USD;773,60000000;813,30000000;763,10000000;792,20000000;2,35
2021-01-30T00:00:00+00:00;DRGNHEDGE/USD;756,50000000;786,70000000;749,30000000;773,60000000;2,21
2021-01-29T00:00:00+00:00;DRGNHEDGE/USD;783,10000000;791,30000000;715,70000000;756,50000000;-3,52
2021-01-28T00:00:00+00:00;DRGNHEDGE/USD;832,30000000;847,00000000;764,70000000;783,10000000;-6,28
2021-01-27T00:00:00+00:00;DRGNHEDGE/USD;767,90000000;879,30000000;767,10000000;832,30000000;7,74
2021-01-26T00:00:00+00:00;DRGNHEDGE/USD;775,00000000;806,60000000;758,80000000;767,90000000;-0,92
2021-01-25T00:00:00+00:00;DRGNHEDGE/USD;739,10000000;779,20000000;718,10000000;775,00000000;4,63
2021-01-24T00:00:00+00:00;DRGNHEDGE/USD;752,10000000;761,90000000;712,40000000;739,10000000;-1,76
2021-01-23T00:00:00+00:00;DRGNHEDGE/USD;791,60000000;815,90000000;738,10000000;752,10000000;-5,25
2021-01-22T00:00:00+00:00;DRGNHEDGE/USD;864,90000000;938,20000000;768,80000000;791,60000000;-9,26
2021-01-21T00:00:00+00:00;DRGNHEDGE/USD;748,50000000;882,10000000;738,30000000;864,90000000;13,46
2021-01-20T00:00:00+00:00;DRGNHEDGE/USD;788,50000000;857,80000000;743,70000000;748,50000000;-5,34
2021-01-19T00:00:00+00:00;DRGNHEDGE/USD;750,00000000;824,30000000;737,20000000;788,50000000;4,88
2021-01-18T00:00:00+00:00;DRGNHEDGE/USD;808,30000000;829,60000000;749,60000000;750,00000000;-7,77
2021-01-17T00:00:00+00:00;DRGNHEDGE/USD;819,30000000;892,80000000;789,20000000;808,30000000;-1,36
2021-01-16T00:00:00+00:00;DRGNHEDGE/USD;815,30000000;847,80000000;765,70000000;819,30000000;0,49
2021-01-15T00:00:00+00:00;DRGNHEDGE/USD;931,10000000;951,30000000;800,10000000;815,30000000;-14,2
2021-01-14T00:00:00+00:00;DRGNHEDGE/USD;953,10000000;978,90000000;908,30000000;931,10000000;-2,36
2021-01-13T00:00:00+00:00;DRGNHEDGE/USD;1011,90000000;1050,30000000;948,10000000;953,10000000;-6,17
2021-01-12T00:00:00+00:00;DRGNHEDGE/USD;978,90000000;1049,10000000;978,90000000;1011,90000000;3,26
2021-01-11T00:00:00+00:00;DRGNHEDGE/USD;937,00000000;1051,70000000;933,30000000;978,90000000;4,28
2021-01-10T00:00:00+00:00;DRGNHEDGE/USD;903,40000000;978,90000000;846,70000000;937,00000000;3,59
2021-01-09T00:00:00+00:00;DRGNHEDGE/USD;1021,80000000;1021,80000000;883,60000000;903,40000000;-13,11
2021-01-08T00:00:00+00:00;DRGNHEDGE/USD;1026,10000000;1124,50000000;993,80000000;1021,80000000;-0,42
2021-01-07T00:00:00+00:00;DRGNHEDGE/USD;989,90000000;1069,30000000;935,00000000;1026,10000000;3,53
2021-01-06T00:00:00+00:00;DRGNHEDGE/USD;1098,60000000;1110,00000000;983,00000000;989,90000000;-10,98
2021-01-05T00:00:00+00:00;DRGNHEDGE/USD;1166,20000000;1226,60000000;1087,40000000;1098,60000000;-6,15
2021-01-04T00:00:00+00:00;DRGNHEDGE/USD;1134,40000000;1306,70000000;1068,30000000;1166,20000000;2,73
2021-01-03T00:00:00+00:00;DRGNHEDGE/USD;1315,30000000;1323,10000000;1117,00000000;1134,40000000;-15,95
2021-01-02T00:00:00+00:00;DRGNHEDGE/USD;1291,80000000;1380,20000000;1270,10000000;1315,30000000;1,79
2021-01-01T00:00:00+00:00;DRGNHEDGE/USD;1301,10000000;1319,50000000;1250,00000000;1291,80000000;-0,72
2020-12-31T00:00:00+00:00;DRGNHEDGE/USD;1241,40000000;1326,20000000;1240,10000000;1301,10000000;4,59
2020-12-30T00:00:00+00:00;DRGNHEDGE/USD;1198,90000000;1371,40000000;1192,10000000;1241,40000000;3,42
2020-12-29T00:00:00+00:00;DRGNHEDGE/USD;1232,90000000;1323,70000000;1192,50000000;1198,90000000;-2,84
2020-12-28T00:00:00+00:00;DRGNHEDGE/USD;1356,80000000;1370,60000000;1227,70000000;1232,90000000;-10,05
2020-12-27T00:00:00+00:00;DRGNHEDGE/USD;1388,80000000;1469,80000000;1281,10000000;1356,80000000;-2,36
2020-12-26T00:00:00+00:00;DRGNHEDGE/USD;1394,40000000;1461,40000000;1343,40000000;1388,80000000;-0,4
2020-12-25T00:00:00+00:00;DRGNHEDGE/USD;1383,50000000;1510,70000000;1344,00000000;1394,40000000;0,78
2020-12-24T00:00:00+00:00;DRGNHEDGE/USD;1603,20000000;1652,10000000;1375,10000000;1383,50000000;-15,88
2020-12-23T00:00:00+00:00;DRGNHEDGE/USD;1333,70000000;1809,90000000;1326,70000000;1603,20000000;16,81
2020-12-22T00:00:00+00:00;DRGNHEDGE/USD;1330,60000000;1407,90000000;1313,80000000;1333,70000000;0,23
2020-12-21T00:00:00+00:00;DRGNHEDGE/USD;1257,40000000;1380,90000000;1234,30000000;1330,60000000;5,5
2020-12-20T00:00:00+00:00;DRGNHEDGE/USD;1234,80000000;1301,30000000;1202,70000000;1257,40000000;1,8
2020-12-19T00:00:00+00:00;DRGNHEDGE/USD;1238,70000000;1249,30000000;1206,00000000;1234,80000000;-0,32
2020-12-18T00:00:00+00:00;DRGNHEDGE/USD;1277,70000000;1304,30000000;1231,70000000;1238,70000000;-3,15
2020-12-17T00:00:00+00:00;DRGNHEDGE/USD;1239,70000000;1297,20000000;1218,70000000;1277,70000000;2,97
2020-12-16T00:00:00+00:00;DRGNHEDGE/USD;1307,40000000;1330,30000000;1239,70000000;1239,70000000;-5,46
2020-12-15T00:00:00+00:00;DRGNHEDGE/USD;1294,10000000;1330,50000000;1288,00000000;1307,40000000;1,02
2020-12-14T00:00:00+00:00;DRGNHEDGE/USD;1328,00000000;1343,30000000;1291,10000000;1294,10000000;-2,62
2020-12-13T00:00:00+00:00;DRGNHEDGE/USD;1348,70000000;1357,60000000;1298,70000000;1328,00000000;-1,56
2020-12-12T00:00:00+00:00;DRGNHEDGE/USD;1415,10000000;1415,10000000;1336,60000000;1348,70000000;-4,92
2020-12-11T00:00:00+00:00;DRGNHEDGE/USD;1368,20000000;1471,50000000;1362,80000000;1415,10000000;3,31
2020-12-10T00:00:00+00:00;DRGNHEDGE/USD;1314,10000000;1412,20000000;1308,80000000;1368,20000000;3,95
2020-12-09T00:00:00+00:00;DRGNHEDGE/USD;1370,00000000;1435,80000000;1305,10000000;1314,10000000;-4,25
2020-12-08T00:00:00+00:00;DRGNHEDGE/USD;1266,70000000;1424,40000000;1261,00000000;1370,00000000;7,54
2020-12-07T00:00:00+00:00;DRGNHEDGE/USD;1265,90000000;1287,50000000;1246,10000000;1266,70000000;0,06
2020-12-06T00:00:00+00:00;DRGNHEDGE/USD;1252,20000000;1313,00000000;1242,80000000;1265,90000000;1,08
2020-12-05T00:00:00+00:00;DRGNHEDGE/USD;1331,10000000;1348,00000000;1249,10000000;1252,20000000;-6,3
2020-12-04T00:00:00+00:00;DRGNHEDGE/USD;1231,10000000;1343,90000000;1220,20000000;1331,10000000;7,51
2020-12-03T00:00:00+00:00;DRGNHEDGE/USD;1265,00000000;1284,60000000;1227,40000000;1231,10000000;-2,75
2020-12-02T00:00:00+00:00;DRGNHEDGE/USD;1352,90000000;1369,60000000;1256,40000000;1265,00000000;-6,95
2020-12-01T00:00:00+00:00;DRGNHEDGE/USD;1264,10000000;1417,10000000;1226,30000000;1352,90000000;6,56
2020-11-30T00:00:00+00:00;DRGNHEDGE/USD;1311,60000000;1438,30000000;1242,80000000;1264,10000000;-3,76
2020-11-29T00:00:00+00:00;DRGNHEDGE/USD;1354,20000000;1389,10000000;1297,50000000;1311,60000000;-3,25
2020-11-28T00:00:00+00:00;DRGNHEDGE/USD;1414,60000000;1465,00000000;1307,90000000;1354,20000000;-4,46
2020-11-27T00:00:00+00:00;DRGNHEDGE/USD;1439,90000000;1497,10000000;1378,80000000;1414,60000000;-1,79
2020-11-26T00:00:00+00:00;DRGNHEDGE/USD;1245,60000000;1563,90000000;1215,60000000;1439,90000000;13,49
2020-11-25T00:00:00+00:00;DRGNHEDGE/USD;1224,00000000;1283,40000000;1134,60000000;1245,60000000;1,73
2020-11-24T00:00:00+00:00;DRGNHEDGE/USD;1295,10000000;1343,70000000;1169,80000000;1224,00000000;-5,81
2020-11-23T00:00:00+00:00;DRGNHEDGE/USD;1446,40000000;1470,80000000;1293,30000000;1295,10000000;-11,68
2020-11-22T00:00:00+00:00;DRGNHEDGE/USD;1396,20000000;1529,50000000;1377,70000000;1446,40000000;3,47
2020-11-21T00:00:00+00:00;DRGNHEDGE/USD;1615,75000000;1626,00000000;1388,10000000;1396,20000000;-15,72
2020-11-20T00:00:00+00:00;DRGNHEDGE/USD;1678,50000000;1682,50000000;1588,50000000;1615,75000000;-3,88
2020-11-19T00:00:00+00:00;DRGNHEDGE/USD;1674,50000000;1734,75000000;1660,75000000;1678,50000000;0,24
2020-11-18T00:00:00+00:00;DRGNHEDGE/USD;1605,50000000;1730,50000000;1591,25000000;1674,50000000;4,12
2020-11-17T00:00:00+00:00;DRGNHEDGE/USD;1694,75000000;1697,50000000;1586,00000000;1605,50000000;-5,56
2020-11-16T00:00:00+00:00;DRGNHEDGE/USD;1762,50000000;1782,00000000;1689,75000000;1694,75000000;-4,0
2020-11-15T00:00:00+00:00;DRGNHEDGE/USD;1754,25000000;1795,00000000;1710,25000000;1762,50000000;0,47
2020-11-14T00:00:00+00:00;DRGNHEDGE/USD;1702,75000000;1789,50000000;1699,75000000;1754,25000000;2,94
2020-11-13T00:00:00+00:00;DRGNHEDGE/USD;1785,25000000;1792,50000000;1682,75000000;1702,75000000;-4,85
2020-11-12T00:00:00+00:00;DRGNHEDGE/USD;1710,50000000;1792,50000000;1677,25000000;1785,25000000;4,19
2020-11-11T00:00:00+00:00;DRGNHEDGE/USD;1717,50000000;1760,00000000;1649,75000000;1710,50000000;-0,41
2020-11-10T00:00:00+00:00;DRGNHEDGE/USD;1816,50000000;1830,50000000;1704,50000000;1717,50000000;-5,76
2020-11-09T00:00:00+00:00;DRGNHEDGE/USD;1778,00000000;1866,50000000;1763,50000000;1816,50000000;2,12
2020-11-08T00:00:00+00:00;DRGNHEDGE/USD;1896,75000000;1979,50000000;1755,75000000;1778,00000000;-6,68
2020-11-07T00:00:00+00:00;DRGNHEDGE/USD;1807,25000000;1942,50000000;1692,00000000;1896,75000000;4,72
2020-11-06T00:00:00+00:00;DRGNHEDGE/USD;1997,00000000;2001,50000000;1803,75000000;1807,25000000;-10,5
2020-11-05T00:00:00+00:00;DRGNHEDGE/USD;2072,75000000;2092,00000000;1985,75000000;1997,00000000;-3,79
2020-11-04T00:00:00+00:00;DRGNHEDGE/USD;2050,25000000;2154,00000000;2045,75000000;2072,75000000;1,09
2020-11-03T00:00:00+00:00;DRGNHEDGE/USD;1969,25000000;2091,00000000;1969,25000000;2050,25000000;3,95
2020-11-02T00:00:00+00:00;DRGNHEDGE/USD;1910,75000000;1983,37500000;1871,87500000;1968,62500000;2,94
2020-11-01T00:00:00+00:00;DRGNHEDGE/USD;1944,12500000;1950,37500000;1900,25000000;1910,75000000;-1,75
2020-10-31T00:00:00+00:00;DRGNHEDGE/USD;1995,62500000;2004,00000000;1917,75000000;1944,12500000;-2,65
2020-10-30T00:00:00+00:00;DRGNHEDGE/USD;1951,25000000;2059,50000000;1934,75000000;1995,62500000;2,22
2020-10-29T00:00:00+00:00;DRGNHEDGE/USD;1889,00000000;1976,12500000;1868,25000000;1951,25000000;3,19
2020-10-28T00:00:00+00:00;DRGNHEDGE/USD;1798,25000000;1912,00000000;1784,25000000;1889,00000000;4,8
2020-10-27T00:00:00+00:00;DRGNHEDGE/USD;1790,12500000;1817,25000000;1769,62500000;1798,25000000;0,45
2020-10-26T00:00:00+00:00;DRGNHEDGE/USD;1738,50000000;1820,50000000;1713,50000000;1789,75000000;2,86
2020-10-25T00:00:00+00:00;DRGNHEDGE/USD;1697,75000000;1747,50000000;1688,62500000;1738,50000000;2,34
2020-10-24T00:00:00+00:00;DRGNHEDGE/USD;1710,62500000;1722,12500000;1690,62500000;1697,75000000;-0,76
2020-10-23T00:00:00+00:00;DRGNHEDGE/USD;1683,37500000;1747,25000000;1674,75000000;1710,62500000;1,59
2020-10-22T00:00:00+00:00;DRGNHEDGE/USD;1731,00000000;1743,62500000;1644,62500000;1683,37500000;-2,83
2020-10-21T00:00:00+00:00;DRGNHEDGE/USD;1823,75000000;1826,25000000;1700,25000000;1731,00000000;-5,36
2020-10-20T00:00:00+00:00;DRGNHEDGE/USD;1741,50000000;1829,25000000;1738,25000000;1823,75000000;4,51
2020-10-19T00:00:00+00:00;DRGNHEDGE/USD;1735,75000000;1764,75000000;1716,00000000;1741,50000000;0,33
2020-10-18T00:00:00+00:00;DRGNHEDGE/USD;1764,75000000;1767,75000000;1710,75000000;1735,75000000;-1,67
2020-10-17T00:00:00+00:00;DRGNHEDGE/USD;1792,25000000;1803,50000000;1734,00000000;1764,75000000;-1,56
2020-10-16T00:00:00+00:00;DRGNHEDGE/USD;1712,25000000;1814,50000000;1704,75000000;1792,25000000;4,46
2020-10-15T00:00:00+00:00;DRGNHEDGE/USD;1695,00000000;1739,00000000;1669,75000000;1712,25000000;1,01
2020-10-14T00:00:00+00:00;DRGNHEDGE/USD;1683,00000000;1715,75000000;1629,50000000;1695,00000000;0,71
2020-10-13T00:00:00+00:00;DRGNHEDGE/USD;1671,25000000;1702,25000000;1651,50000000;1683,00000000;0,7
2020-10-12T00:00:00+00:00;DRGNHEDGE/USD;1679,00000000;1713,00000000;1632,00000000;1671,25000000;-0,46
2020-10-11T00:00:00+00:00;DRGNHEDGE/USD;1694,75000000;1707,00000000;1635,25000000;1679,00000000;-0,94
2020-10-10T00:00:00+00:00;DRGNHEDGE/USD;1694,75000000;1697,00000000;1629,75000000;1694,75000000;0,0
2020-10-09T00:00:00+00:00;DRGNHEDGE/USD;1760,75000000;1778,50000000;1681,50000000;1694,75000000;-3,89
2020-10-08T00:00:00+00:00;DRGNHEDGE/USD;1780,00000000;1841,50000000;1736,25000000;1760,75000000;-1,09
2020-10-07T00:00:00+00:00;DRGNHEDGE/USD;1840,00000000;1896,75000000;1772,25000000;1780,00000000;-3,37
2020-10-06T00:00:00+00:00;DRGNHEDGE/USD;1702,25000000;1850,25000000;1689,25000000;1840,00000000;7,49
2020-10-05T00:00:00+00:00;DRGNHEDGE/USD;1682,50000000;1717,75000000;1661,25000000;1702,25000000;1,16
2020-10-04T00:00:00+00:00;DRGNHEDGE/USD;1692,50000000;1716,00000000;1654,50000000;1682,50000000;-0,59
2020-10-03T00:00:00+00:00;DRGNHEDGE/USD;1700,00000000;1707,75000000;1599,70000000;1692,50000000;-0,44
2020-10-02T00:00:00+00:00;DRGNHEDGE/USD;1646,25000000;1774,50000000;1627,75000000;1700,00000000;3,16
2020-10-01T00:00:00+00:00;DRGNHEDGE/USD;1599,70000000;1680,50000000;1567,50000000;1646,25000000;2,83
2020-09-30T00:00:00+00:00;DRGNHEDGE/USD;1579,80000000;1633,25000000;1579,80000000;1599,70000000;1,24
2020-09-29T00:00:00+00:00;DRGNHEDGE/USD;1585,75000000;1636,25000000;1563,50000000;1579,80000000;-0,38
2020-09-28T00:00:00+00:00;DRGNHEDGE/USD;1599,70000000;1599,70000000;1510,10000000;1585,75000000;-0,88
2020-09-27T00:00:00+00:00;DRGNHEDGE/USD;1595,25000000;1657,30000000;1566,00000000;1599,70000000;0,28
2020-09-26T00:00:00+00:00;DRGNHEDGE/USD;1601,25000000;1607,75000000;1562,00000000;1595,25000000;-0,38
2020-09-25T00:00:00+00:00;DRGNHEDGE/USD;1613,50000000;1682,50000000;1585,75000000;1601,25000000;-0,77
2020-09-24T00:00:00+00:00;DRGNHEDGE/USD;1773,25000000;1793,25000000;1608,50000000;1613,50000000;-9,9
2020-09-23T00:00:00+00:00;DRGNHEDGE/USD;1659,00000000;1794,00000000;1631,25000000;1773,25000000;6,44
2020-09-22T00:00:00+00:00;DRGNHEDGE/USD;1669,00000000;1729,75000000;1623,25000000;1659,00000000;-0,6
2020-09-21T00:00:00+00:00;DRGNHEDGE/USD;1500,70000000;1703,90000000;1460,40000000;1669,00000000;10,08
2020-09-20T00:00:00+00:00;DRGNHEDGE/USD;1428,30000000;1533,20000000;1418,00000000;1500,70000000;4,82
2020-09-19T00:00:00+00:00;DRGNHEDGE/USD;1424,70000000;1469,10000000;1414,90000000;1428,30000000;0,25
2020-09-18T00:00:00+00:00;DRGNHEDGE/USD;1472,00000000;1494,20000000;1389,40000000;1424,70000000;-3,32
2020-09-17T00:00:00+00:00;DRGNHEDGE/USD;1541,90000000;1570,00000000;1447,30000000;1472,00000000;-4,75
2020-09-16T00:00:00+00:00;DRGNHEDGE/USD;1515,00000000;1579,50000000;1481,20000000;1541,90000000;1,74
2020-09-15T00:00:00+00:00;DRGNHEDGE/USD;1415,80000000;1520,10000000;1375,80000000;1515,00000000;6,55
2020-09-14T00:00:00+00:00;DRGNHEDGE/USD;1434,50000000;1480,40000000;1394,20000000;1415,80000000;-1,32
2020-09-13T00:00:00+00:00;DRGNHEDGE/USD;1359,50000000;1500,00000000;1332,80000000;1434,50000000;5,23
2020-09-12T00:00:00+00:00;DRGNHEDGE/USD;1368,10000000;1414,80000000;1357,10000000;1359,50000000;-0,63
2020-09-11T00:00:00+00:00;DRGNHEDGE/USD;1398,30000000;1466,30000000;1359,70000000;1368,10000000;-2,21
2020-09-10T00:00:00+00:00;DRGNHEDGE/USD;1483,80000000;1494,30000000;1393,10000000;1398,30000000;-6,11
2020-09-09T00:00:00+00:00;DRGNHEDGE/USD;1503,40000000;1550,30000000;1460,80000000;1483,80000000;-1,32
2020-09-08T00:00:00+00:00;DRGNHEDGE/USD;1529,50000000;1587,60000000;1449,00000000;1503,40000000;-1,74
2020-09-07T00:00:00+00:00;DRGNHEDGE/USD;1551,70000000;1684,40000000;1520,70000000;1529,50000000;-1,45
2020-09-06T00:00:00+00:00;DRGNHEDGE/USD;1699,00000000;1774,00000000;1509,25000000;1551,70000000;-9,49
2020-09-05T00:00:00+00:00;DRGNHEDGE/USD;1501,70000000;1765,60000000;1471,90000000;1699,00000000;11,61
2020-09-04T00:00:00+00:00;DRGNHEDGE/USD;1576,10000000;1627,40000000;1459,80000000;1501,70000000;-4,95
2020-09-03T00:00:00+00:00;DRGNHEDGE/USD;1383,30000000;1599,70000000;1341,10000000;1576,10000000;12,23
2020-09-02T00:00:00+00:00;DRGNHEDGE/USD;1317,80000000;1495,10000000;1303,80000000;1383,30000000;4,74
2020-09-01T00:00:00+00:00;DRGNHEDGE/USD;1318,00000000;1342,00000000;1282,20000000;1317,80000000;-0,02
2020-08-31T00:00:00+00:00;DRGNHEDGE/USD;1342,20000000;1349,30000000;1286,60000000;1318,00000000;-1,84
2020-08-30T00:00:00+00:00;DRGNHEDGE/USD;1355,10000000;1358,80000000;1303,50000000;1342,20000000;-0,96
2020-08-29T00:00:00+00:00;DRGNHEDGE/USD;1405,80000000;1430,10000000;1334,60000000;1355,10000000;-3,74
2020-08-28T00:00:00+00:00;DRGNHEDGE/USD;1469,10000000;1482,80000000;1391,80000000;1405,80000000;-4,5
2020-08-27T00:00:00+00:00;DRGNHEDGE/USD;1419,30000000;1535,30000000;1404,20000000;1469,10000000;3,39
2020-08-26T00:00:00+00:00;DRGNHEDGE/USD;1449,90000000;1475,60000000;1390,80000000;1419,30000000;-2,16
2020-08-25T00:00:00+00:00;DRGNHEDGE/USD;1362,90000000;1507,80000000;1358,00000000;1449,90000000;6,0
2020-08-24T00:00:00+00:00;DRGNHEDGE/USD;1378,00000000;1407,40000000;1328,40000000;1362,90000000;-1,11
2020-08-23T00:00:00+00:00;DRGNHEDGE/USD;1336,30000000;1400,40000000;1328,40000000;1378,00000000;3,03
2020-08-22T00:00:00+00:00;DRGNHEDGE/USD;1447,10000000;1508,40000000;1323,90000000;1336,30000000;-8,29
2020-08-21T00:00:00+00:00;DRGNHEDGE/USD;1341,10000000;1449,50000000;1254,90000000;1447,10000000;7,32
2020-08-20T00:00:00+00:00;DRGNHEDGE/USD;1459,80000000;1464,60000000;1338,20000000;1341,10000000;-8,85
2020-08-19T00:00:00+00:00;DRGNHEDGE/USD;1377,20000000;1599,70000000;1359,20000000;1459,80000000;5,66
2020-08-18T00:00:00+00:00;DRGNHEDGE/USD;1324,10000000;1383,80000000;1284,00000000;1377,20000000;3,86
2020-08-17T00:00:00+00:00;DRGNHEDGE/USD;1317,40000000;1376,70000000;1264,10000000;1324,10000000;0,51
2020-08-16T00:00:00+00:00;DRGNHEDGE/USD;1390,90000000;1424,10000000;1295,40000000;1317,40000000;-5,58
2020-08-15T00:00:00+00:00;DRGNHEDGE/USD;1349,00000000;1500,30000000;1312,70000000;1390,90000000;3,01
2020-08-14T00:00:00+00:00;DRGNHEDGE/USD;1498,60000000;1599,70000000;1312,90000000;1349,00000000;-11,09
2020-08-13T00:00:00+00:00;DRGNHEDGE/USD;1534,10000000;1574,80000000;1449,00000000;1498,60000000;-2,37
2020-08-12T00:00:00+00:00;DRGNHEDGE/USD;1553,40000000;1630,10000000;1499,90000000;1534,10000000;-1,26
2020-08-11T00:00:00+00:00;DRGNHEDGE/USD;1450,40000000;1620,80000000;1445,20000000;1553,40000000;6,63
2020-08-10T00:00:00+00:00;DRGNHEDGE/USD;1588,75000000;1637,10000000;1447,00000000;1450,40000000;-9,54
2020-08-09T00:00:00+00:00;DRGNHEDGE/USD;1596,75000000;1641,00000000;1571,00000000;1588,75000000;-0,5
2020-08-08T00:00:00+00:00;DRGNHEDGE/USD;1730,75000000;1746,50000000;1596,75000000;1596,75000000;-8,39
2020-08-07T00:00:00+00:00;DRGNHEDGE/USD;1702,75000000;1777,50000000;1656,25000000;1730,75000000;1,62
2020-08-06T00:00:00+00:00;DRGNHEDGE/USD;1776,25000000;1784,75000000;1693,75000000;1702,75000000;-4,32
2020-08-05T00:00:00+00:00;DRGNHEDGE/USD;1788,25000000;1829,25000000;1761,75000000;1776,25000000;-0,68
2020-08-04T00:00:00+00:00;DRGNHEDGE/USD;1851,50000000;1851,50000000;1785,50000000;1788,25000000;-3,54
2020-08-03T00:00:00+00:00;DRGNHEDGE/USD;1921,25000000;1939,75000000;1829,50000000;1851,50000000;-3,77
2020-08-02T00:00:00+00:00;DRGNHEDGE/USD;1793,75000000;2288,50000000;1763,75000000;1921,25000000;6,64
2020-08-01T00:00:00+00:00;DRGNHEDGE/USD;1850,75000000;1918,00000000;1788,75000000;1793,75000000;-3,18
2020-07-31T00:00:00+00:00;DRGNHEDGE/USD;1863,25000000;1878,25000000;1824,50000000;1850,75000000;-0,68
2020-07-30T00:00:00+00:00;DRGNHEDGE/USD;1934,50000000;1955,25000000;1856,00000000;1863,25000000;-3,82
2020-07-29T00:00:00+00:00;DRGNHEDGE/USD;1883,75000000;1938,75000000;1862,00000000;1934,50000000;2,62
2020-07-28T00:00:00+00:00;DRGNHEDGE/USD;1953,00000000;1963,25000000;1878,75000000;1883,75000000;-3,68
2020-07-27T00:00:00+00:00;DRGNHEDGE/USD;1838,00000000;2018,00000000;1824,00000000;1953,00000000;5,89
2020-07-26T00:00:00+00:00;DRGNHEDGE/USD;1779,75000000;1863,75000000;1744,00000000;1838,00000000;3,17
2020-07-25T00:00:00+00:00;DRGNHEDGE/USD;1888,50000000;1888,50000000;1777,50000000;1779,75000000;-6,11
2020-07-24T00:00:00+00:00;DRGNHEDGE/USD;1842,75000000;1980,50000000;1834,50000000;1888,50000000;2,42
2020-07-23T00:00:00+00:00;DRGNHEDGE/USD;1837,25000000;1860,75000000;1819,25000000;1842,75000000;0,3
2020-07-22T00:00:00+00:00;DRGNHEDGE/USD;1867,50000000;1899,75000000;1821,00000000;1837,25000000;-1,65
2020-07-21T00:00:00+00:00;DRGNHEDGE/USD;1917,50000000;1932,75000000;1844,25000000;1867,50000000;-2,68
2020-07-20T00:00:00+00:00;DRGNHEDGE/USD;1838,75000000;1922,00000000;1834,75000000;1917,50000000;4,11
2020-07-19T00:00:00+00:00;DRGNHEDGE/USD;1836,75000000;1894,00000000;1824,00000000;1838,75000000;0,11
2020-07-18T00:00:00+00:00;DRGNHEDGE/USD;1829,75000000;1839,25000000;1798,50000000;1837,75000000;0,44
2020-07-17T00:00:00+00:00;DRGNHEDGE/USD;1888,75000000;1921,25000000;1800,00000000;1829,75000000;-3,22
2020-07-16T00:00:00+00:00;DRGNHEDGE/USD;1806,75000000;1956,50000000;1795,25000000;1888,75000000;4,34
2020-07-15T00:00:00+00:00;DRGNHEDGE/USD;1775,75000000;1825,75000000;1743,00000000;1806,75000000;1,72
2020-07-14T00:00:00+00:00;DRGNHEDGE/USD;1796,25000000;1956,75000000;1744,00000000;1775,75000000;-1,15
2020-07-13T00:00:00+00:00;DRGNHEDGE/USD;1787,75000000;1842,50000000;1727,50000000;1796,25000000;0,47
2020-07-12T00:00:00+00:00;DRGNHEDGE/USD;1710,00000000;1808,50000000;1695,25000000;1787,75000000;4,35
2020-07-11T00:00:00+00:00;DRGNHEDGE/USD;1709,25000000;1772,50000000;1689,25000000;1710,00000000;0,04
2020-07-10T00:00:00+00:00;DRGNHEDGE/USD;1772,00000000;1904,50000000;1671,75000000;1709,25000000;-3,67
2020-07-09T00:00:00+00:00;DRGNHEDGE/USD;1868,50000000;1988,75000000;1767,00000000;1772,00000000;-5,45
2020-07-08T00:00:00+00:00;DRGNHEDGE/USD;2001,50000000;2022,75000000;1851,75000000;1868,50000000;-7,12
2020-07-07T00:00:00+00:00;DRGNHEDGE/USD;2038,25000000;2091,50000000;1992,25000000;2001,50000000;-1,84
2020-07-06T00:00:00+00:00;DRGNHEDGE/USD;2091,00000000;2095,25000000;2007,00000000;2038,25000000;-2,59
2020-07-05T00:00:00+00:00;DRGNHEDGE/USD;2306,50000000;2330,75000000;2084,75000000;2094,00000000;-10,15
2020-07-04T00:00:00+00:00;DRGNHEDGE/USD;2435,25000000;2467,75000000;2290,00000000;2306,50000000;-5,58
2020-07-03T00:00:00+00:00;DRGNHEDGE/USD;2506,00000000;2514,50000000;2395,25000000;2435,25000000;-2,91
2020-07-02T00:00:00+00:00;DRGNHEDGE/USD;2454,25000000;2580,75000000;2434,50000000;2506,00000000;2,07
2020-07-01T00:00:00+00:00;DRGNHEDGE/USD;2531,25000000;2593,75000000;2454,25000000;2454,25000000;-3,14
2020-06-30T00:00:00+00:00;DRGNHEDGE/USD;2553,00000000;2598,00000000;2520,50000000;2531,25000000;-0,86
2020-06-29T00:00:00+00:00;DRGNHEDGE/USD;2571,75000000;2617,50000000;2542,25000000;2553,00000000;-0,73
2020-06-28T00:00:00+00:00;DRGNHEDGE/USD;2682,75000000;2728,50000000;2521,00000000;2571,75000000;-4,32
2020-06-27T00:00:00+00:00;DRGNHEDGE/USD;2531,50000000;2745,25000000;2518,75000000;2682,75000000;5,64
2020-06-26T00:00:00+00:00;DRGNHEDGE/USD;2506,50000000;2574,25000000;2484,50000000;2531,50000000;0,99
2020-06-25T00:00:00+00:00;DRGNHEDGE/USD;2503,50000000;2638,25000000;2499,25000000;2506,50000000;0,12
2020-06-24T00:00:00+00:00;DRGNHEDGE/USD;2428,25000000;2569,00000000;2349,50000000;2503,50000000;3,01
2020-06-23T00:00:00+00:00;DRGNHEDGE/USD;2461,50000000;2479,00000000;2383,75000000;2428,25000000;-1,37
2020-06-22T00:00:00+00:00;DRGNHEDGE/USD;2659,50000000;2734,75000000;2449,75000000;2461,50000000;-8,04
2020-06-21T00:00:00+00:00;DRGNHEDGE/USD;2680,75000000;2718,00000000;2616,50000000;2659,50000000;-0,8
2020-06-20T00:00:00+00:00;DRGNHEDGE/USD;2687,00000000;2754,50000000;2663,25000000;2680,75000000;-0,23
2020-06-19T00:00:00+00:00;DRGNHEDGE/USD;2688,50000000;2868,00000000;2654,50000000;2687,00000000;-0,06
2020-06-18T00:00:00+00:00;DRGNHEDGE/USD;2661,75000000;2755,75000000;2652,00000000;2688,50000000;0,99
2020-06-17T00:00:00+00:00;DRGNHEDGE/USD;2694,50000000;2744,75000000;2621,75000000;2661,75000000;-1,23
2020-06-16T00:00:00+00:00;DRGNHEDGE/USD;2796,50000000;2801,50000000;2694,00000000;2694,50000000;-3,79
2020-06-15T00:00:00+00:00;DRGNHEDGE/USD;2802,25000000;3062,50000000;2779,75000000;2796,50000000;-0,21
2020-06-14T00:00:00+00:00;DRGNHEDGE/USD;2675,25000000;2838,50000000;2672,50000000;2802,25000000;4,53
2020-06-13T00:00:00+00:00;DRGNHEDGE/USD;2729,25000000;2759,00000000;2674,50000000;2675,25000000;-2,02
2020-06-12T00:00:00+00:00;DRGNHEDGE/USD;2909,00000000;2934,25000000;2700,00000000;2729,25000000;-6,59
2020-06-11T00:00:00+00:00;DRGNHEDGE/USD;2691,25000000;2963,00000000;2595,00000000;2909,00000000;7,49
2020-06-10T00:00:00+00:00;DRGNHEDGE/USD;2766,75000000;2991,50000000;2684,50000000;2691,25000000;-2,81
2020-06-09T00:00:00+00:00;DRGNHEDGE/USD;2824,50000000;2871,25000000;2754,00000000;2766,75000000;-2,09
2020-06-08T00:00:00+00:00;DRGNHEDGE/USD;2896,25000000;3185,75000000;2783,25000000;2824,50000000;-2,54
2020-06-07T00:00:00+00:00;DRGNHEDGE/USD;2934,75000000;3040,75000000;2894,50000000;2896,25000000;-1,33
2020-06-06T00:00:00+00:00;DRGNHEDGE/USD;3016,00000000;3068,75000000;2924,00000000;2934,75000000;-2,77
2020-06-05T00:00:00+00:00;DRGNHEDGE/USD;2975,00000000;3026,75000000;2927,50000000;3016,00000000;1,36
2020-06-04T00:00:00+00:00;DRGNHEDGE/USD;2953,75000000;3058,00000000;2894,25000000;2975,00000000;0,71
2020-06-03T00:00:00+00:00;DRGNHEDGE/USD;3024,75000000;3098,50000000;2950,75000000;2953,75000000;-2,4
2020-06-02T00:00:00+00:00;DRGNHEDGE/USD;2971,50000000;3216,50000000;2867,25000000;3024,75000000;1,76
2020-06-01T00:00:00+00:00;DRGNHEDGE/USD;3194,50000000;3205,50000000;2937,50000000;2967,50000000;-7,65
2020-05-31T00:00:00+00:00;DRGNHEDGE/USD;3122,50000000;3235,00000000;2982,00000000;3194,50000000;2,25
2020-05-30T00:00:00+00:00;DRGNHEDGE/USD;3345,50000000;3377,00000000;3114,50000000;3122,50000000;-7,14
2020-05-29T00:00:00+00:00;DRGNHEDGE/USD;3401,00000000;3456,00000000;3263,50000000;3345,50000000;-1,66
2020-05-28T00:00:00+00:00;DRGNHEDGE/USD;3566,50000000;3594,50000000;3394,50000000;3401,00000000;-4,87
2020-05-27T00:00:00+00:00;DRGNHEDGE/USD;3588,50000000;3624,00000000;3510,00000000;3566,50000000;-0,62
2020-05-26T00:00:00+00:00;DRGNHEDGE/USD;3603,50000000;3719,00000000;3577,50000000;3588,50000000;-0,42
2020-05-25T00:00:00+00:00;DRGNHEDGE/USD;3913,50000000;3939,00000000;3597,00000000;3604,00000000;-8,59
2020-05-24T00:00:00+00:00;DRGNHEDGE/USD;3740,50000000;3915,00000000;3645,00000000;3913,50000000;4,42
2020-05-23T00:00:00+00:00;DRGNHEDGE/USD;3661,50000000;3802,50000000;3618,00000000;3740,50000000;2,11
2020-05-22T00:00:00+00:00;DRGNHEDGE/USD;4109,50000000;4154,50000000;3611,50000000;3661,50000000;-12,24
2020-05-21T00:00:00+00:00;DRGNHEDGE/USD;3928,00000000;4235,00000000;3896,00000000;4109,50000000;4,42
2020-05-20T00:00:00+00:00;DRGNHEDGE/USD;3890,50000000;4008,50000000;3829,00000000;3928,00000000;0,95
2020-05-19T00:00:00+00:00;DRGNHEDGE/USD;3896,50000000;4020,00000000;3887,50000000;3890,50000000;-0,15
2020-05-18T00:00:00+00:00;DRGNHEDGE/USD;3957,00000000;4008,00000000;3833,50000000;3896,50000000;-1,55
2020-05-17T00:00:00+00:00;DRGNHEDGE/USD;3977,50000000;4246,00000000;3873,50000000;3957,00000000;-0,52
2020-05-16T00:00:00+00:00;DRGNHEDGE/USD;4016,00000000;4099,00000000;3936,00000000;3977,50000000;-0,97
2020-05-15T00:00:00+00:00;DRGNHEDGE/USD;3858,50000000;4040,00000000;3851,50000000;4016,00000000;3,92
2020-05-14T00:00:00+00:00;DRGNHEDGE/USD;3994,50000000;4114,00000000;3839,50000000;3858,50000000;-3,52
2020-05-13T00:00:00+00:00;DRGNHEDGE/USD;4103,00000000;4119,50000000;3957,50000000;3994,50000000;-2,72
2020-05-12T00:00:00+00:00;DRGNHEDGE/USD;4204,50000000;5030,00000000;4076,00000000;4103,00000000;-2,47
2020-05-11T00:00:00+00:00;DRGNHEDGE/USD;4146,00000000;4433,00000000;4056,00000000;4204,50000000;1,39
2020-05-10T00:00:00+00:00;DRGNHEDGE/USD;3811,00000000;4388,00000000;3808,50000000;4146,00000000;8,08
2020-05-09T00:00:00+00:00;DRGNHEDGE/USD;3731,50000000;3852,00000000;3648,00000000;3811,00000000;2,09
2020-05-08T00:00:00+00:00;DRGNHEDGE/USD;3992,00000000;3997,00000000;3660,00000000;3731,50000000;-6,98
2020-05-07T00:00:00+00:00;DRGNHEDGE/USD;4160,00000000;4222,00000000;3969,00000000;3992,00000000;-4,21
2020-05-06T00:00:00+00:00;DRGNHEDGE/USD;4102,00000000;4180,50000000;4011,50000000;4160,00000000;1,39
2020-05-05T00:00:00+00:00;DRGNHEDGE/USD;4096,50000000;4197,50000000;4031,00000000;4102,00000000;0,13
2020-05-04T00:00:00+00:00;DRGNHEDGE/USD;4032,00000000;4362,00000000;4019,50000000;4096,50000000;1,57
2020-05-03T00:00:00+00:00;DRGNHEDGE/USD;3896,50000000;4121,50000000;3852,00000000;4032,00000000;3,36
2020-05-02T00:00:00+00:00;DRGNHEDGE/USD;3999,50000000;4101,50000000;3889,50000000;3896,50000000;-2,64
2020-05-01T00:00:00+00:00;DRGNHEDGE/USD;4134,50000000;4237,50000000;3927,50000000;3999,50000000;-3,38
2020-04-30T00:00:00+00:00;DRGNHEDGE/USD;3959,00000000;4248,00000000;3832,00000000;4134,50000000;4,24
2020-04-29T00:00:00+00:00;DRGNHEDGE/USD;4240,00000000;4262,00000000;3845,00000000;3959,00000000;-7,1
2020-04-28T00:00:00+00:00;DRGNHEDGE/USD;4293,00000000;4828,50000000;4214,50000000;4235,00000000;-1,37
2020-04-27T00:00:00+00:00;DRGNHEDGE/USD;4204,50000000;4417,50000000;4168,00000000;4293,00000000;2,06
2020-04-26T00:00:00+00:00;DRGNHEDGE/USD;4365,50000000;4423,00000000;4171,50000000;4204,50000000;-3,83
2020-04-25T00:00:00+00:00;DRGNHEDGE/USD;4481,00000000;4667,50000000;4267,00000000;4365,50000000;-2,65
2020-04-24T00:00:00+00:00;DRGNHEDGE/USD;4672,50000000;5053,00000000;4375,50000000;4481,00000000;-4,27
2020-04-23T00:00:00+00:00;DRGNHEDGE/USD;4807,50000000;4908,00000000;4494,50000000;4672,50000000;-2,89
2020-04-22T00:00:00+00:00;DRGNHEDGE/USD;5060,00000000;5079,50000000;4754,00000000;4807,50000000;-5,25
2020-04-21T00:00:00+00:00;DRGNHEDGE/USD;5147,00000000;5202,00000000;5003,50000000;5060,00000000;-1,72
2020-04-20T00:00:00+00:00;DRGNHEDGE/USD;4907,50000000;5204,50000000;4799,00000000;5147,00000000;4,65
2020-04-19T00:00:00+00:00;DRGNHEDGE/USD;4763,50000000;5372,50000000;4750,50000000;4907,50000000;2,93
2020-04-18T00:00:00+00:00;DRGNHEDGE/USD;4951,50000000;4959,50000000;4728,00000000;4763,50000000;-3,95
2020-04-17T00:00:00+00:00;DRGNHEDGE/USD;4934,00000000;5111,50000000;4877,00000000;4951,50000000;0,35
2020-04-16T00:00:00+00:00;DRGNHEDGE/USD;5366,00000000;5511,00000000;4862,00000000;4934,00000000;-8,76
2020-04-15T00:00:00+00:00;DRGNHEDGE/USD;5230,50000000;5380,50000000;5142,00000000;5366,00000000;2,53
2020-04-14T00:00:00+00:00;DRGNHEDGE/USD;5256,50000000;5332,50000000;5125,50000000;5230,50000000;-0,5
2020-04-13T00:00:00+00:00;DRGNHEDGE/USD;5195,50000000;5524,50000000;5195,50000000;5256,50000000;1,16
2020-04-12T00:00:00+00:00;DRGNHEDGE/USD;5206,00000000;5288,00000000;4968,00000000;5195,50000000;-0,2
2020-04-11T00:00:00+00:00;DRGNHEDGE/USD;5249,50000000;5326,50000000;5092,50000000;5206,00000000;-0,84
2020-04-10T00:00:00+00:00;DRGNHEDGE/USD;4867,50000000;5417,00000000;4859,50000000;5249,50000000;7,28
2020-04-09T00:00:00+00:00;DRGNHEDGE/USD;4781,50000000;4982,50000000;4750,50000000;4867,50000000;1,77
2020-04-08T00:00:00+00:00;DRGNHEDGE/USD;5008,00000000;5053,50000000;4781,50000000;4781,50000000;-4,74
2020-04-07T00:00:00+00:00;DRGNHEDGE/USD;4927,00000000;5123,50000000;4749,50000000;5008,00000000;1,62
2020-04-06T00:00:00+00:00;DRGNHEDGE/USD;5431,50000000;5433,00000000;4909,50000000;4927,00000000;-10,24
2020-04-05T00:00:00+00:00;DRGNHEDGE/USD;5386,00000000;5534,00000000;5346,00000000;5431,50000000;0,84
2020-04-04T00:00:00+00:00;DRGNHEDGE/USD;5523,50000000;5770,00000000;5307,00000000;5386,00000000;-2,55
2020-04-03T00:00:00+00:00;DRGNHEDGE/USD;5561,00000000;5770,00000000;5400,00000000;5523,50000000;-0,68
2020-04-02T00:00:00+00:00;DRGNHEDGE/USD;5656,00000000;5770,00000000;5277,50000000;5559,50000000;-1,74
2020-04-01T00:00:00+00:00;DRGNHEDGE/USD;5742,00000000;6450,50000000;5639,50000000;5656,00000000;-1,52
2020-03-31T00:00:00+00:00;DRGNHEDGE/USD;5792,50000000;6433,00000000;5654,50000000;5742,00000000;-0,88
2020-03-30T00:00:00+00:00;DRGNHEDGE/USD;6430,00000000;6450,50000000;5581,00000000;5792,50000000;-11,01
2020-03-29T00:00:00+00:00;DRGNHEDGE/USD;6033,00000000;6450,50000000;5999,00000000;6430,00000000;6,17
2020-03-28T00:00:00+00:00;DRGNHEDGE/USD;6083,00000000;6450,50000000;5964,00000000;6033,00000000;-0,83
2020-03-27T00:00:00+00:00;DRGNHEDGE/USD;5739,50000000;6401,00000000;5593,50000000;6083,00000000;5,65
2020-03-26T00:00:00+00:00;DRGNHEDGE/USD;6126,00000000;6450,50000000;5704,00000000;5739,50000000;-6,73
2020-03-25T00:00:00+00:00;DRGNHEDGE/USD;6022,00000000;6353,50000000;5922,50000000;6126,00000000;1,7
2020-03-24T00:00:00+00:00;DRGNHEDGE/USD;6266,00000000;6377,00000000;5976,00000000;6022,00000000;-4,05
2020-03-23T00:00:00+00:00;DRGNHEDGE/USD;6944,00000000;7071,00000000;6230,00000000;6266,00000000;-10,82
2020-03-22T00:00:00+00:00;DRGNHEDGE/USD;6387,50000000;6994,50000000;6125,50000000;6939,00000000;7,95
2020-03-21T00:00:00+00:00;DRGNHEDGE/USD;6506,00000000;6788,00000000;6177,50000000;6387,50000000;-1,86
2020-03-20T00:00:00+00:00;DRGNHEDGE/USD;6507,00000000;7118,50000000;5810,50000000;6506,00000000;-0,02
2020-03-19T00:00:00+00:00;DRGNHEDGE/USD;7541,00000000;7616,00000000;6201,50000000;6507,00000000;-15,89
2020-03-18T00:00:00+00:00;DRGNHEDGE/USD;7705,00000000;8143,00000000;7538,00000000;7541,00000000;-2,17
2020-03-17T00:00:00+00:00;DRGNHEDGE/USD;8290,00000000;8405,00000000;7391,00000000;7705,00000000;-7,59
2020-03-16T00:00:00+00:00;DRGNHEDGE/USD;7515,00000000;9029,00000000;7515,00000000;8290,00000000;9,35
2020-03-15T00:00:00+00:00;DRGNHEDGE/USD;7808,00000000;7887,00000000;6869,00000000;7515,00000000;-3,9
2020-03-14T00:00:00+00:00;DRGNHEDGE/USD;7358,00000000;7927,00000000;7246,00000000;7808,00000000;5,76
2020-03-13T00:00:00+00:00;DRGNHEDGE/USD;8779,00000000;11483,00000000;6822,00000000;7358,00000000;-19,31
2020-03-12T00:00:00+00:00;DRGNHEDGE/USD;6040,50000000;8926,00000000;6000,00000000;8771,00000000;31,13
2020-03-11T00:00:00+00:00;DRGNHEDGE/USD;5889,00000000;6389,00000000;5814,00000000;6040,50000000;2,51
2020-03-10T00:00:00+00:00;DRGNHEDGE/USD;5920,00000000;6069,00000000;5722,00000000;5890,50000000;-0,5
2020-03-09T00:00:00+00:00;DRGNHEDGE/USD;5904,00000000;6300,50000000;5758,00000000;5920,00000000;0,27
2020-03-08T00:00:00+00:00;DRGNHEDGE/USD;5118,50000000;5940,00000000;5118,50000000;5904,00000000;13,3
2020-03-07T00:00:00+00:00;DRGNHEDGE/USD;4917,50000000;5163,00000000;4788,00000000;5118,50000000;3,93
2020-03-06T00:00:00+00:00;DRGNHEDGE/USD;5052,00000000;5096,00000000;4915,50000000;4917,50000000;-2,74
2020-03-05T00:00:00+00:00;DRGNHEDGE/USD;5161,00000000;5161,00000000;4944,00000000;5052,00000000;-2,16
2020-03-04T00:00:00+00:00;DRGNHEDGE/USD;5332,00000000;5359,00000000;5156,00000000;5161,00000000;-3,31
2020-03-03T00:00:00+00:00;DRGNHEDGE/USD;5218,00000000;5433,50000000;5216,50000000;5332,00000000;2,14
2020-03-02T00:00:00+00:00;DRGNHEDGE/USD;5603,50000000;5629,00000000;5171,00000000;5218,00000000;-7,39
2020-03-01T00:00:00+00:00;DRGNHEDGE/USD;5594,00000000;5714,50000000;5358,00000000;5603,50000000;0,17
2020-02-29T00:00:00+00:00;DRGNHEDGE/USD;5458,50000000;5596,00000000;5364,00000000;5594,00000000;2,42
2020-02-28T00:00:00+00:00;DRGNHEDGE/USD;5413,50000000;5760,00000000;5319,00000000;5457,50000000;0,81
2020-02-27T00:00:00+00:00;DRGNHEDGE/USD;5599,50000000;5868,00000000;5207,50000000;5413,50000000;-3,44
2020-02-26T00:00:00+00:00;DRGNHEDGE/USD;5069,00000000;5786,00000000;5009,50000000;5599,50000000;9,47
2020-02-25T00:00:00+00:00;DRGNHEDGE/USD;4743,00000000;5110,50000000;4715,00000000;5068,00000000;6,41
2020-02-24T00:00:00+00:00;DRGNHEDGE/USD;4514,50000000;4869,50000000;4491,00000000;4743,00000000;4,82
2020-02-23T00:00:00+00:00;DRGNHEDGE/USD;4755,00000000;4761,50000000;4495,00000000;4514,50000000;-5,33
2020-02-22T00:00:00+00:00;DRGNHEDGE/USD;4698,50000000;4863,50000000;4670,50000000;4754,50000000;1,18
2020-02-21T00:00:00+00:00;DRGNHEDGE/USD;4793,50000000;4838,50000000;4604,00000000;4698,50000000;-2,02
2020-02-20T00:00:00+00:00;DRGNHEDGE/USD;4768,50000000;5032,50000000;4689,50000000;4792,50000000;0,5
2020-02-19T00:00:00+00:00;DRGNHEDGE/USD;4384,00000000;4851,50000000;4359,50000000;4767,00000000;8,03
2020-02-18T00:00:00+00:00;DRGNHEDGE/USD;4615,00000000;4784,50000000;4316,00000000;4384,00000000;-5,27
2020-02-17T00:00:00+00:00;DRGNHEDGE/USD;4542,50000000;4977,00000000;4501,50000000;4615,00000000;1,57
2020-02-16T00:00:00+00:00;DRGNHEDGE/USD;4292,00000000;4921,00000000;4114,00000000;4541,50000000;5,49
2020-02-15T00:00:00+00:00;DRGNHEDGE/USD;3857,50000000;4420,00000000;3800,00000000;4291,00000000;10,1
2020-02-14T00:00:00+00:00;DRGNHEDGE/USD;4106,00000000;4173,50000000;3845,50000000;3857,50000000;-6,44
2020-02-13T00:00:00+00:00;DRGNHEDGE/USD;4116,00000000;4250,50000000;3891,00000000;4106,00000000;-0,24
2020-02-12T00:00:00+00:00;DRGNHEDGE/USD;4287,50000000;4287,50000000;4025,00000000;4116,00000000;-4,17
2020-02-11T00:00:00+00:00;DRGNHEDGE/USD;4520,00000000;4647,00000000;4274,00000000;4287,50000000;-5,42
2020-02-10T00:00:00+00:00;DRGNHEDGE/USD;4411,50000000;4671,00000000;4393,00000000;4520,00000000;2,4
2020-02-09T00:00:00+00:00;DRGNHEDGE/USD;4658,50000000;4661,00000000;4408,00000000;4411,50000000;-5,6
2020-02-08T00:00:00+00:00;DRGNHEDGE/USD;4573,00000000;4858,50000000;4571,00000000;4658,50000000;1,84
2020-02-07T00:00:00+00:00;DRGNHEDGE/USD;4560,00000000;4672,00000000;4485,50000000;4573,00000000;0,28
2020-02-06T00:00:00+00:00;DRGNHEDGE/USD;4742,50000000;4826,50000000;4522,00000000;4560,00000000;-4,0
2020-02-05T00:00:00+00:00;DRGNHEDGE/USD;4922,50000000;4932,50000000;4737,50000000;4742,50000000;-3,8
2020-02-04T00:00:00+00:00;DRGNHEDGE/USD;5087,50000000;5213,00000000;4921,50000000;4922,50000000;-3,35
2020-02-03T00:00:00+00:00;DRGNHEDGE/USD;5105,50000000;5171,50000000;4945,00000000;5087,50000000;-0,35
2020-02-02T00:00:00+00:00;DRGNHEDGE/USD;5313,50000000;5401,00000000;4973,00000000;5105,50000000;-4,07
2020-02-01T00:00:00+00:00;DRGNHEDGE/USD;5438,00000000;5529,50000000;5290,00000000;5313,50000000;-2,34
2020-01-31T00:00:00+00:00;DRGNHEDGE/USD;5431,50000000;5646,50000000;5328,50000000;5438,00000000;0,12
2020-01-30T00:00:00+00:00;DRGNHEDGE/USD;5552,00000000;5660,00000000;5397,50000000;5431,50000000;-2,22
2020-01-29T00:00:00+00:00;DRGNHEDGE/USD;5534,00000000;5599,50000000;5417,00000000;5552,00000000;0,32
2020-01-28T00:00:00+00:00;DRGNHEDGE/USD;5713,50000000;5713,50000000;5508,00000000;5534,00000000;-3,24
2020-01-27T00:00:00+00:00;DRGNHEDGE/USD;5838,00000000;5873,00000000;5652,50000000;5713,50000000;-2,18
2020-01-26T00:00:00+00:00;DRGNHEDGE/USD;6031,50000000;6073,00000000;5832,50000000;5839,50000000;-3,29
2020-01-25T00:00:00+00:00;DRGNHEDGE/USD;6016,00000000;6155,50000000;5974,50000000;6031,50000000;0,26
2020-01-24T00:00:00+00:00;DRGNHEDGE/USD;5962,50000000;6227,50000000;5946,50000000;6014,50000000;0,86
2020-01-23T00:00:00+00:00;DRGNHEDGE/USD;5752,00000000;6093,50000000;5747,50000000;5962,50000000;3,53
2020-01-22T00:00:00+00:00;DRGNHEDGE/USD;5786,00000000;5825,00000000;5666,50000000;5751,00000000;-0,61
2020-01-21T00:00:00+00:00;DRGNHEDGE/USD;5876,00000000;5935,00000000;5759,50000000;5786,00000000;-1,56
2020-01-20T00:00:00+00:00;DRGNHEDGE/USD;5820,00000000;6023,00000000;5794,50000000;5876,00000000;0,95
2020-01-19T00:00:00+00:00;DRGNHEDGE/USD;5496,00000000;5949,50000000;5401,00000000;5820,00000000;5,57
2020-01-18T00:00:00+00:00;DRGNHEDGE/USD;5396,50000000;5620,00000000;5345,00000000;5496,00000000;1,81
2020-01-17T00:00:00+00:00;DRGNHEDGE/USD;5668,50000000;5743,00000000;5304,00000000;5396,50000000;-5,04
2020-01-16T00:00:00+00:00;DRGNHEDGE/USD;5618,00000000;5927,50000000;5560,50000000;5668,50000000;0,89
2020-01-15T00:00:00+00:00;DRGNHEDGE/USD;5734,00000000;5879,00000000;5389,50000000;5617,00000000;-2,08
2020-01-14T00:00:00+00:00;DRGNHEDGE/USD;6474,50000000;6489,00000000;5672,00000000;5728,50000000;-13,02
2020-01-13T00:00:00+00:00;DRGNHEDGE/USD;6297,50000000;6551,00000000;6287,50000000;6476,00000000;2,76
2020-01-12T00:00:00+00:00;DRGNHEDGE/USD;6520,00000000;6569,00000000;6267,50000000;6302,00000000;-3,46
2020-01-11T00:00:00+00:00;DRGNHEDGE/USD;6569,50000000;6668,00000000;6344,00000000;6515,50000000;-0,83
2020-01-10T00:00:00+00:00;DRGNHEDGE/USD;6901,50000000;6957,50000000;6557,00000000;6569,50000000;-5,05
2020-01-09T00:00:00+00:00;DRGNHEDGE/USD;6796,00000000;6937,00000000;6796,00000000;6901,50000000;1,53
2020-01-08T00:00:00+00:00;DRGNHEDGE/USD;6616,00000000;6947,00000000;6502,50000000;6797,50000000;2,67
2020-01-07T00:00:00+00:00;DRGNHEDGE/USD;6483,00000000;6764,50000000;6402,00000000;6612,50000000;1,96

