DATE/TIME;SYMBOL;OPEN;HIGH;LOW;CLOSE;EVOL % CLOSE/HIGH
2022-01-05T00:00:00+00:00;EOSHEDGE/USD;169,02500000;170,05000000;165,30000000;166,55000000;-1,49
2022-01-04T00:00:00+00:00;EOSHEDGE/USD;167,70000000;170,52500000;164,02500000;169,02500000;0,78
2022-01-03T00:00:00+00:00;EOSHEDGE/USD;164,45000000;171,40000000;164,42500000;167,70000000;1,94
2022-01-02T00:00:00+00:00;EOSHEDGE/USD;170,05000000;177,12500000;163,20000000;164,62500000;-3,3
2022-01-01T00:00:00+00:00;EOSHEDGE/USD;177,55000000;177,55000000;169,70000000;170,05000000;-4,41
2021-12-31T00:00:00+00:00;EOSHEDGE/USD;176,05000000;180,05000000;170,57500000;177,55000000;0,84
2021-12-30T00:00:00+00:00;EOSHEDGE/USD;177,37500000;181,12500000;172,52500000;176,05000000;-0,75
2021-12-29T00:00:00+00:00;EOSHEDGE/USD;172,32500000;178,50000000;167,55000000;177,60000000;2,97
2021-12-28T00:00:00+00:00;EOSHEDGE/USD;160,07500000;173,35000000;159,97500000;172,15000000;7,01
2021-12-27T00:00:00+00:00;EOSHEDGE/USD;160,05000000;160,95000000;154,97500000;160,07500000;0,02
2021-12-26T00:00:00+00:00;EOSHEDGE/USD;159,42500000;163,40000000;158,87500000;160,05000000;0,39
2021-12-25T00:00:00+00:00;EOSHEDGE/USD;160,62500000;161,72500000;157,52500000;159,42500000;-0,75
2021-12-24T00:00:00+00:00;EOSHEDGE/USD;155,82000000;161,70000000;154,87000000;160,62500000;2,99
2021-12-23T00:00:00+00:00;EOSHEDGE/USD;163,15000000;164,52500000;154,20000000;155,82000000;-4,7
2021-12-22T00:00:00+00:00;EOSHEDGE/USD;165,05000000;165,70000000;159,05000000;163,15000000;-1,16
2021-12-21T00:00:00+00:00;EOSHEDGE/USD;171,87500000;172,82500000;162,45000000;165,05000000;-4,14
2021-12-20T00:00:00+00:00;EOSHEDGE/USD;171,35000000;176,75000000;163,90000000;171,87500000;0,31
2021-12-19T00:00:00+00:00;EOSHEDGE/USD;169,12500000;172,27500000;165,65000000;171,35000000;1,3
2021-12-18T00:00:00+00:00;EOSHEDGE/USD;174,10000000;177,05000000;165,57500000;169,12500000;-2,94
2021-12-17T00:00:00+00:00;EOSHEDGE/USD;170,77500000;178,92500000;167,90000000;174,10000000;1,91
2021-12-16T00:00:00+00:00;EOSHEDGE/USD;163,60000000;171,77500000;162,50000000;170,77500000;4,2
2021-12-15T00:00:00+00:00;EOSHEDGE/USD;163,75000000;174,57500000;158,30000000;163,60000000;-0,09
2021-12-14T00:00:00+00:00;EOSHEDGE/USD;180,35000000;190,55000000;160,62500000;163,75000000;-10,14
2021-12-13T00:00:00+00:00;EOSHEDGE/USD;168,15000000;184,77500000;165,55000000;180,35000000;6,76
2021-12-12T00:00:00+00:00;EOSHEDGE/USD;164,92500000;172,77500000;159,80000000;168,15000000;1,92
2021-12-11T00:00:00+00:00;EOSHEDGE/USD;187,67500000;191,12500000;158,12500000;164,92500000;-13,79
2021-12-10T00:00:00+00:00;EOSHEDGE/USD;178,02500000;188,87500000;172,25000000;187,67500000;5,14
2021-12-09T00:00:00+00:00;EOSHEDGE/USD;160,10000000;178,67500000;157,67500000;178,02500000;10,07
2021-12-08T00:00:00+00:00;EOSHEDGE/USD;184,57500000;189,30000000;150,52500000;160,10000000;-15,29
2021-12-07T00:00:00+00:00;EOSHEDGE/USD;182,62500000;187,22500000;179,50000000;184,57500000;1,06
2021-12-06T00:00:00+00:00;EOSHEDGE/USD;198,72500000;212,37500000;181,15000000;182,62500000;-8,82
2021-12-05T00:00:00+00:00;EOSHEDGE/USD;192,30000000;206,90000000;190,00000000;198,72500000;3,23
2021-12-04T00:00:00+00:00;EOSHEDGE/USD;164,06000000;216,27500000;163,60000000;192,30000000;14,69
2021-12-03T00:00:00+00:00;EOSHEDGE/USD;157,77000000;167,36000000;149,68000000;164,06000000;3,83
2021-12-02T00:00:00+00:00;EOSHEDGE/USD;156,44000000;160,61000000;155,50000000;157,77000000;0,84
2021-12-01T00:00:00+00:00;EOSHEDGE/USD;155,90000000;157,89000000;151,36000000;156,44000000;0,35
2021-11-30T00:00:00+00:00;EOSHEDGE/USD;155,82000000;159,95000000;149,42000000;155,90000000;0,05
2021-11-29T00:00:00+00:00;EOSHEDGE/USD;157,37000000;161,21000000;154,34000000;155,82000000;-0,99
2021-11-28T00:00:00+00:00;EOSHEDGE/USD;160,71000000;168,47500000;157,37000000;157,37000000;-2,12
2021-11-27T00:00:00+00:00;EOSHEDGE/USD;161,90000000;162,47500000;157,30000000;160,71000000;-0,74
2021-11-26T00:00:00+00:00;EOSHEDGE/USD;150,17000000;164,48000000;147,92000000;161,90000000;7,25
2021-11-25T00:00:00+00:00;EOSHEDGE/USD;155,26000000;155,26000000;146,26000000;150,17000000;-3,39
2021-11-24T00:00:00+00:00;EOSHEDGE/USD;149,09000000;156,26000000;148,57000000;155,26000000;3,97
2021-11-23T00:00:00+00:00;EOSHEDGE/USD;152,68000000;155,86000000;149,00000000;149,09000000;-2,41
2021-11-22T00:00:00+00:00;EOSHEDGE/USD;149,09000000;155,79000000;148,27000000;152,68000000;2,35
2021-11-21T00:00:00+00:00;EOSHEDGE/USD;146,15000000;149,52000000;144,62000000;149,09000000;1,97
2021-11-20T00:00:00+00:00;EOSHEDGE/USD;148,06000000;151,33000000;145,68000000;146,15000000;-1,31
2021-11-19T00:00:00+00:00;EOSHEDGE/USD;155,11000000;156,41000000;147,05000000;148,06000000;-4,76
2021-11-18T00:00:00+00:00;EOSHEDGE/USD;146,54000000;160,16000000;144,19000000;155,11000000;5,53
2021-11-17T00:00:00+00:00;EOSHEDGE/USD;147,53000000;152,74000000;145,00000000;146,54000000;-0,68
2021-11-16T00:00:00+00:00;EOSHEDGE/USD;134,22000000;153,50000000;134,22000000;147,53000000;9,02
2021-11-15T00:00:00+00:00;EOSHEDGE/USD;130,67000000;135,15000000;127,05000000;134,22000000;2,64
2021-11-14T00:00:00+00:00;EOSHEDGE/USD;129,26000000;134,13000000;127,11000000;130,67000000;1,08
2021-11-13T00:00:00+00:00;EOSHEDGE/USD;133,20000000;134,80000000;127,52000000;129,26000000;-3,05
2021-11-12T00:00:00+00:00;EOSHEDGE/USD;131,07000000;138,04000000;126,61000000;133,20000000;1,6
2021-11-11T00:00:00+00:00;EOSHEDGE/USD;133,77000000;134,81000000;128,73000000;131,07000000;-2,06
2021-11-10T00:00:00+00:00;EOSHEDGE/USD;125,44000000;138,34000000;121,00000000;133,77000000;6,23
2021-11-09T00:00:00+00:00;EOSHEDGE/USD;134,91000000;135,98000000;120,89000000;125,44000000;-7,55
2021-11-08T00:00:00+00:00;EOSHEDGE/USD;142,81000000;143,59000000;133,81000000;134,91000000;-5,86
2021-11-07T00:00:00+00:00;EOSHEDGE/USD;148,00000000;151,78000000;142,81000000;142,81000000;-3,63
2021-11-06T00:00:00+00:00;EOSHEDGE/USD;145,59000000;153,87000000;144,53000000;148,00000000;1,63
2021-11-05T00:00:00+00:00;EOSHEDGE/USD;145,38000000;147,17000000;143,02000000;145,59000000;0,14
2021-11-04T00:00:00+00:00;EOSHEDGE/USD;140,02000000;147,55000000;138,42000000;145,38000000;3,69
2021-11-03T00:00:00+00:00;EOSHEDGE/USD;139,57000000;145,00000000;135,00000000;140,02000000;0,32
2021-11-02T00:00:00+00:00;EOSHEDGE/USD;141,60000000;143,22000000;137,15000000;139,57000000;-1,45
2021-11-01T00:00:00+00:00;EOSHEDGE/USD;141,97000000;146,82000000;139,38000000;141,60000000;-0,26
2021-10-31T00:00:00+00:00;EOSHEDGE/USD;147,70000000;148,43000000;137,96000000;141,97000000;-4,04
2021-10-30T00:00:00+00:00;EOSHEDGE/USD;146,84000000;150,31000000;145,91000000;147,70000000;0,58
2021-10-29T00:00:00+00:00;EOSHEDGE/USD;149,29000000;150,23000000;144,91000000;146,84000000;-1,67
2021-10-28T00:00:00+00:00;EOSHEDGE/USD;158,77500000;159,50000000;146,19000000;149,29000000;-6,35
2021-10-27T00:00:00+00:00;EOSHEDGE/USD;141,58000000;161,18000000;138,39000000;158,77500000;10,83
2021-10-26T00:00:00+00:00;EOSHEDGE/USD;138,42000000;143,41000000;135,43000000;141,58000000;2,23
2021-10-25T00:00:00+00:00;EOSHEDGE/USD;141,02000000;142,99000000;137,93000000;138,42000000;-1,88
2021-10-24T00:00:00+00:00;EOSHEDGE/USD;140,86000000;143,99000000;130,98000000;141,02000000;0,11
2021-10-23T00:00:00+00:00;EOSHEDGE/USD;144,57000000;145,71000000;140,25000000;140,86000000;-2,63
2021-10-22T00:00:00+00:00;EOSHEDGE/USD;142,22000000;146,62000000;138,98000000;144,57000000;1,63
2021-10-21T00:00:00+00:00;EOSHEDGE/USD;138,63000000;144,51000000;132,20000000;142,22000000;2,52
2021-10-20T00:00:00+00:00;EOSHEDGE/USD;151,12000000;152,70000000;136,48000000;138,63000000;-9,01
2021-10-19T00:00:00+00:00;EOSHEDGE/USD;152,34000000;153,55000000;148,80000000;151,12000000;-0,81
2021-10-18T00:00:00+00:00;EOSHEDGE/USD;152,36000000;154,31000000;147,24000000;152,34000000;-0,01
2021-10-17T00:00:00+00:00;EOSHEDGE/USD;147,44000000;157,04000000;146,18000000;152,36000000;3,23
2021-10-16T00:00:00+00:00;EOSHEDGE/USD;145,04000000;148,07000000;142,64000000;147,44000000;1,63
2021-10-15T00:00:00+00:00;EOSHEDGE/USD;145,54000000;150,70000000;141,95000000;145,04000000;-0,34
2021-10-14T00:00:00+00:00;EOSHEDGE/USD;146,41000000;148,01000000;142,24000000;145,54000000;-0,6
2021-10-13T00:00:00+00:00;EOSHEDGE/USD;149,83000000;153,38000000;145,98000000;146,41000000;-2,34
2021-10-12T00:00:00+00:00;EOSHEDGE/USD;147,99000000;156,51000000;147,99000000;149,83000000;1,23
2021-10-11T00:00:00+00:00;EOSHEDGE/USD;146,96000000;151,72000000;141,02000000;147,99000000;0,7
2021-10-10T00:00:00+00:00;EOSHEDGE/USD;135,62000000;147,59000000;135,32000000;146,96000000;7,72
2021-10-09T00:00:00+00:00;EOSHEDGE/USD;146,80000000;147,54000000;133,71000000;135,62000000;-8,24
2021-10-08T00:00:00+00:00;EOSHEDGE/USD;143,40000000;147,96000000;141,10000000;146,80000000;2,32
2021-10-07T00:00:00+00:00;EOSHEDGE/USD;143,46000000;149,12000000;140,79000000;143,40000000;-0,04
2021-10-06T00:00:00+00:00;EOSHEDGE/USD;144,01000000;154,51000000;138,59000000;143,46000000;-0,38
2021-10-05T00:00:00+00:00;EOSHEDGE/USD;148,52000000;150,48000000;142,10000000;144,01000000;-3,13
2021-10-04T00:00:00+00:00;EOSHEDGE/USD;146,67000000;155,70000000;144,78000000;148,52000000;1,25
2021-10-03T00:00:00+00:00;EOSHEDGE/USD;158,10000000;161,71000000;139,39000000;146,67000000;-7,79
2021-10-02T00:00:00+00:00;EOSHEDGE/USD;160,60000000;164,40000000;153,32500000;158,10000000;-1,58
2021-10-01T00:00:00+00:00;EOSHEDGE/USD;175,67500000;176,95000000;159,67500000;160,60000000;-9,39
2021-09-30T00:00:00+00:00;EOSHEDGE/USD;185,50000000;186,90000000;175,20000000;175,67500000;-5,59
2021-09-29T00:00:00+00:00;EOSHEDGE/USD;188,22500000;190,60000000;179,05000000;185,50000000;-1,47
2021-09-28T00:00:00+00:00;EOSHEDGE/USD;181,27500000;189,42500000;177,47500000;188,22500000;3,69
2021-09-27T00:00:00+00:00;EOSHEDGE/USD;174,82500000;181,75000000;169,25000000;181,27500000;3,56
2021-09-26T00:00:00+00:00;EOSHEDGE/USD;173,40000000;188,15000000;169,22500000;174,82500000;0,82
2021-09-25T00:00:00+00:00;EOSHEDGE/USD;172,87500000;177,97500000;170,25000000;173,40000000;0,3
2021-09-24T00:00:00+00:00;EOSHEDGE/USD;160,75000000;181,70000000;159,90000000;172,87500000;7,01
2021-09-23T00:00:00+00:00;EOSHEDGE/USD;163,75000000;168,00000000;159,87500000;160,45000000;-2,06
2021-09-22T00:00:00+00:00;EOSHEDGE/USD;182,67500000;186,60000000;163,40000000;163,75000000;-11,56
2021-09-21T00:00:00+00:00;EOSHEDGE/USD;171,35000000;186,82500000;166,47500000;182,67500000;6,2
2021-09-20T00:00:00+00:00;EOSHEDGE/USD;149,24000000;173,16000000;148,15000000;171,35000000;12,9
2021-09-19T00:00:00+00:00;EOSHEDGE/USD;135,33000000;150,45000000;134,74000000;149,24000000;9,32
2021-09-18T00:00:00+00:00;EOSHEDGE/USD;141,11000000;145,29000000;134,78000000;135,33000000;-4,27
2021-09-17T00:00:00+00:00;EOSHEDGE/USD;147,88000000;150,04000000;133,83000000;141,29000000;-4,66
2021-09-16T00:00:00+00:00;EOSHEDGE/USD;145,83000000;151,71000000;143,51000000;148,11000000;1,54
2021-09-15T00:00:00+00:00;EOSHEDGE/USD;153,52000000;156,62000000;144,24000000;145,83000000;-5,27
2021-09-14T00:00:00+00:00;EOSHEDGE/USD;157,97000000;159,45000000;152,86000000;153,31000000;-3,04
2021-09-13T00:00:00+00:00;EOSHEDGE/USD;153,69000000;164,27500000;151,57500000;158,21000000;2,86
2021-09-12T00:00:00+00:00;EOSHEDGE/USD;160,05000000;163,65000000;151,10000000;153,69000000;-4,14
2021-09-11T00:00:00+00:00;EOSHEDGE/USD;163,90000000;164,75000000;155,42500000;160,05000000;-2,41
2021-09-10T00:00:00+00:00;EOSHEDGE/USD;156,13000000;167,47500000;148,84000000;163,90000000;4,74
2021-09-09T00:00:00+00:00;EOSHEDGE/USD;158,07500000;160,82000000;151,88000000;156,13000000;-1,25
2021-09-08T00:00:00+00:00;EOSHEDGE/USD;154,29000000;168,46000000;151,60000000;158,07500000;2,39
2021-09-07T00:00:00+00:00;EOSHEDGE/USD;126,83000000;164,94000000;125,78000000;153,65000000;17,46
2021-09-06T00:00:00+00:00;EOSHEDGE/USD;125,36000000;132,56000000;123,11000000;127,05000000;1,33
2021-09-05T00:00:00+00:00;EOSHEDGE/USD;139,56000000;143,51000000;124,59000000;125,36000000;-11,33
2021-09-04T00:00:00+00:00;EOSHEDGE/USD;140,56000000;143,15000000;135,18000000;139,56000000;-0,72
2021-09-03T00:00:00+00:00;EOSHEDGE/USD;152,27000000;156,32000000;138,54000000;140,56000000;-8,33
2021-09-02T00:00:00+00:00;EOSHEDGE/USD;150,83000000;155,18000000;148,34000000;152,27000000;0,95
2021-09-01T00:00:00+00:00;EOSHEDGE/USD;159,45000000;163,27500000;150,11000000;150,83000000;-5,72
2021-08-31T00:00:00+00:00;EOSHEDGE/USD;166,65000000;168,95000000;157,17500000;159,45000000;-4,52
2021-08-30T00:00:00+00:00;EOSHEDGE/USD;159,37500000;167,35000000;158,47500000;166,85000000;4,48
2021-08-29T00:00:00+00:00;EOSHEDGE/USD;161,12500000;161,92500000;153,37500000;159,12500000;-1,26
2021-08-28T00:00:00+00:00;EOSHEDGE/USD;158,50000000;164,90000000;157,85000000;161,12500000;1,63
2021-08-27T00:00:00+00:00;EOSHEDGE/USD;170,57500000;174,30000000;158,22500000;158,50000000;-7,62
2021-08-26T00:00:00+00:00;EOSHEDGE/USD;156,96000000;173,10000000;154,94000000;170,57500000;7,98
2021-08-25T00:00:00+00:00;EOSHEDGE/USD;161,32500000;166,30000000;155,75000000;157,17000000;-2,64
2021-08-24T00:00:00+00:00;EOSHEDGE/USD;147,57000000;164,97500000;145,03000000;161,32500000;8,53
2021-08-23T00:00:00+00:00;EOSHEDGE/USD;152,53000000;153,54000000;144,70000000;147,57000000;-3,36
2021-08-22T00:00:00+00:00;EOSHEDGE/USD;153,95000000;157,98000000;148,65000000;152,53000000;-0,93
2021-08-21T00:00:00+00:00;EOSHEDGE/USD;151,42000000;155,78000000;146,08000000;153,79000000;1,54
2021-08-20T00:00:00+00:00;EOSHEDGE/USD;157,61000000;159,74000000;150,62000000;151,42000000;-4,09
2021-08-19T00:00:00+00:00;EOSHEDGE/USD;166,65000000;172,10000000;157,21000000;157,61000000;-5,74
2021-08-18T00:00:00+00:00;EOSHEDGE/USD;163,52500000;173,65000000;160,62500000;166,65000000;1,88
2021-08-17T00:00:00+00:00;EOSHEDGE/USD;151,30000000;165,13000000;147,34000000;163,52500000;7,48
2021-08-16T00:00:00+00:00;EOSHEDGE/USD;147,73000000;152,53000000;141,08000000;151,30000000;2,36
2021-08-15T00:00:00+00:00;EOSHEDGE/USD;153,46000000;162,25000000;146,84000000;147,27000000;-4,2
2021-08-14T00:00:00+00:00;EOSHEDGE/USD;164,05000000;172,95000000;150,95000000;153,14000000;-7,12
2021-08-13T00:00:00+00:00;EOSHEDGE/USD;182,87500000;185,12500000;163,65000000;163,77500000;-11,66
2021-08-12T00:00:00+00:00;EOSHEDGE/USD;179,45000000;187,65000000;167,20000000;182,70000000;1,78
2021-08-11T00:00:00+00:00;EOSHEDGE/USD;186,50000000;187,00000000;171,07500000;179,45000000;-3,93
2021-08-10T00:00:00+00:00;EOSHEDGE/USD;189,20000000;202,47500000;181,62500000;186,50000000;-1,45
2021-08-09T00:00:00+00:00;EOSHEDGE/USD;199,85000000;223,20000000;187,30000000;189,20000000;-5,63
2021-08-08T00:00:00+00:00;EOSHEDGE/USD;188,32500000;203,05000000;184,72500000;199,85000000;5,77
2021-08-07T00:00:00+00:00;EOSHEDGE/USD;201,05000000;215,15000000;185,72500000;187,95000000;-6,97
2021-08-06T00:00:00+00:00;EOSHEDGE/USD;207,55000000;221,80000000;199,27500000;201,05000000;-3,23
2021-08-05T00:00:00+00:00;EOSHEDGE/USD;211,25000000;224,15000000;205,87500000;207,55000000;-1,78
2021-08-04T00:00:00+00:00;EOSHEDGE/USD;216,20000000;224,15000000;208,95000000;211,25000000;-2,34
2021-08-03T00:00:00+00:00;EOSHEDGE/USD;215,77500000;224,15000000;212,05000000;216,20000000;0,2
2021-08-02T00:00:00+00:00;EOSHEDGE/USD;221,52500000;224,15000000;208,40000000;215,77500000;-2,66
2021-08-01T00:00:00+00:00;EOSHEDGE/USD;213,92500000;224,15000000;204,75000000;221,52500000;3,43
2021-07-31T00:00:00+00:00;EOSHEDGE/USD;213,92500000;224,15000000;206,85000000;213,92500000;0,0
2021-07-30T00:00:00+00:00;EOSHEDGE/USD;219,52500000;239,07500000;213,25000000;213,92500000;-2,62
2021-07-29T00:00:00+00:00;EOSHEDGE/USD;222,45000000;238,12500000;218,05000000;219,52500000;-1,33
2021-07-28T00:00:00+00:00;EOSHEDGE/USD;231,90000000;249,20000000;216,45000000;222,45000000;-4,25
2021-07-27T00:00:00+00:00;EOSHEDGE/USD;237,35000000;242,32500000;229,77500000;232,32500000;-2,16
2021-07-26T00:00:00+00:00;EOSHEDGE/USD;238,12500000;247,60000000;216,87500000;237,35000000;-0,33
2021-07-25T00:00:00+00:00;EOSHEDGE/USD;238,27500000;249,20000000;235,37500000;238,12500000;-0,06
2021-07-24T00:00:00+00:00;EOSHEDGE/USD;239,92500000;241,20000000;232,47500000;237,05000000;-1,21
2021-07-23T00:00:00+00:00;EOSHEDGE/USD;244,40000000;251,60000000;238,87500000;239,92500000;-1,87
2021-07-22T00:00:00+00:00;EOSHEDGE/USD;249,22500000;253,97500000;243,32500000;244,40000000;-1,97
2021-07-21T00:00:00+00:00;EOSHEDGE/USD;268,62500000;272,75000000;243,32500000;249,22500000;-7,78
2021-07-20T00:00:00+00:00;EOSHEDGE/USD;255,47500000;276,02500000;237,97500000;268,62500000;4,9
2021-07-19T00:00:00+00:00;EOSHEDGE/USD;241,72500000;256,60000000;237,77500000;255,47500000;5,38
2021-07-18T00:00:00+00:00;EOSHEDGE/USD;240,42500000;246,15000000;233,02500000;241,72500000;0,54
2021-07-17T00:00:00+00:00;EOSHEDGE/USD;240,97500000;245,32500000;232,97500000;240,42500000;-0,23
2021-07-16T00:00:00+00:00;EOSHEDGE/USD;239,80000000;248,97500000;230,65000000;240,97500000;0,49
2021-07-15T00:00:00+00:00;EOSHEDGE/USD;232,07500000;245,72500000;223,72500000;239,80000000;3,22
2021-07-14T00:00:00+00:00;EOSHEDGE/USD;226,37500000;243,75000000;216,32500000;232,07500000;2,46
2021-07-13T00:00:00+00:00;EOSHEDGE/USD;211,70000000;231,27500000;210,30000000;226,37500000;6,48
2021-07-12T00:00:00+00:00;EOSHEDGE/USD;217,70000000;219,02500000;201,80000000;211,70000000;-2,83
2021-07-11T00:00:00+00:00;EOSHEDGE/USD;223,65000000;231,10000000;212,07500000;217,70000000;-2,73
2021-07-10T00:00:00+00:00;EOSHEDGE/USD;211,45000000;228,12500000;201,77500000;223,65000000;5,45
2021-07-09T00:00:00+00:00;EOSHEDGE/USD;253,65000000;263,67500000;207,02500000;211,45000000;-19,96
2021-07-08T00:00:00+00:00;EOSHEDGE/USD;239,65000000;257,50000000;237,55000000;253,65000000;5,52
2021-07-07T00:00:00+00:00;EOSHEDGE/USD;235,87500000;240,30000000;229,02500000;239,65000000;1,58
2021-07-06T00:00:00+00:00;EOSHEDGE/USD;240,30000000;241,72500000;226,30000000;235,87500000;-1,88
2021-07-05T00:00:00+00:00;EOSHEDGE/USD;226,30000000;243,17500000;226,30000000;240,30000000;5,83
2021-07-04T00:00:00+00:00;EOSHEDGE/USD;226,85000000;233,05000000;219,52500000;226,30000000;-0,24
2021-07-03T00:00:00+00:00;EOSHEDGE/USD;234,85000000;239,17500000;226,22500000;226,85000000;-3,53
2021-07-02T00:00:00+00:00;EOSHEDGE/USD;234,40000000;245,20000000;229,80000000;234,85000000;0,19
2021-07-01T00:00:00+00:00;EOSHEDGE/USD;223,47500000;238,42500000;219,20000000;234,40000000;4,66
2021-06-30T00:00:00+00:00;EOSHEDGE/USD;224,62500000;239,42500000;213,92500000;223,47500000;-0,51
2021-06-29T00:00:00+00:00;EOSHEDGE/USD;239,92500000;240,92500000;213,47500000;224,62500000;-6,81
2021-06-28T00:00:00+00:00;EOSHEDGE/USD;245,45000000;252,07500000;235,30000000;239,92500000;-2,3
2021-06-27T00:00:00+00:00;EOSHEDGE/USD;259,77500000;266,57500000;245,45000000;245,45000000;-5,84
2021-06-26T00:00:00+00:00;EOSHEDGE/USD;263,82500000;276,72500000;254,20000000;259,77500000;-1,56
2021-06-25T00:00:00+00:00;EOSHEDGE/USD;241,05000000;265,35000000;234,67500000;263,82500000;8,63
2021-06-24T00:00:00+00:00;EOSHEDGE/USD;258,42500000;269,50000000;241,05000000;241,05000000;-7,21
2021-06-23T00:00:00+00:00;EOSHEDGE/USD;283,22500000;293,77500000;248,32500000;258,42500000;-9,6
2021-06-22T00:00:00+00:00;EOSHEDGE/USD;273,70000000;309,07500000;254,05000000;283,22500000;3,36
2021-06-21T00:00:00+00:00;EOSHEDGE/USD;224,57500000;274,40000000;223,65000000;273,70000000;17,95
2021-06-20T00:00:00+00:00;EOSHEDGE/USD;227,02500000;245,55000000;218,42500000;224,57500000;-1,09
2021-06-19T00:00:00+00:00;EOSHEDGE/USD;222,37500000;227,82500000;213,97500000;227,02500000;2,05
2021-06-18T00:00:00+00:00;EOSHEDGE/USD;209,67500000;228,80000000;208,75000000;222,05000000;5,57
2021-06-17T00:00:00+00:00;EOSHEDGE/USD;210,15000000;214,37500000;200,30000000;209,67500000;-0,23
2021-06-16T00:00:00+00:00;EOSHEDGE/USD;197,85000000;213,97500000;195,50000000;210,15000000;5,85
2021-06-15T00:00:00+00:00;EOSHEDGE/USD;193,90000000;213,97500000;189,85000000;197,85000000;2,0
2021-06-14T00:00:00+00:00;EOSHEDGE/USD;202,35000000;213,97500000;192,60000000;193,90000000;-4,36
2021-06-13T00:00:00+00:00;EOSHEDGE/USD;213,90000000;220,60000000;201,15000000;202,35000000;-5,71
2021-06-12T00:00:00+00:00;EOSHEDGE/USD;210,07500000;224,17500000;210,07500000;213,90000000;1,79
2021-06-11T00:00:00+00:00;EOSHEDGE/USD;204,12500000;213,97500000;191,77500000;210,35000000;2,96
2021-06-10T00:00:00+00:00;EOSHEDGE/USD;194,92500000;213,97500000;190,27500000;204,12500000;4,51
2021-06-09T00:00:00+00:00;EOSHEDGE/USD;206,65000000;217,17500000;194,00000000;194,92500000;-6,02
2021-06-08T00:00:00+00:00;EOSHEDGE/USD;200,25000000;226,62500000;190,45000000;206,65000000;3,1
2021-06-07T00:00:00+00:00;EOSHEDGE/USD;180,32500000;203,57500000;173,90000000;199,87500000;9,78
2021-06-06T00:00:00+00:00;EOSHEDGE/USD;182,57500000;184,62500000;172,72500000;180,57500000;-1,11
2021-06-05T00:00:00+00:00;EOSHEDGE/USD;175,82500000;186,65000000;169,72500000;182,57500000;3,7
2021-06-04T00:00:00+00:00;EOSHEDGE/USD;163,52500000;181,57500000;162,95000000;175,82500000;7,0
2021-06-03T00:00:00+00:00;EOSHEDGE/USD;167,72500000;171,32500000;158,95000000;163,52500000;-2,57
2021-06-02T00:00:00+00:00;EOSHEDGE/USD;169,90000000;174,07500000;162,85000000;167,72500000;-1,3
2021-06-01T00:00:00+00:00;EOSHEDGE/USD;162,72500000;174,52500000;159,10000000;169,90000000;4,22
2021-05-31T00:00:00+00:00;EOSHEDGE/USD;180,77500000;189,15000000;161,55000000;162,37500000;-11,33
2021-05-30T00:00:00+00:00;EOSHEDGE/USD;180,77500000;195,05000000;170,60000000;180,77500000;0,0
2021-05-29T00:00:00+00:00;EOSHEDGE/USD;177,77500000;188,42500000;159,00000000;180,77500000;1,66
2021-05-28T00:00:00+00:00;EOSHEDGE/USD;156,84000000;184,25000000;155,80000000;177,77500000;11,78
2021-05-27T00:00:00+00:00;EOSHEDGE/USD;175,97500000;194,20000000;144,83000000;156,63000000;-12,35
2021-05-26T00:00:00+00:00;EOSHEDGE/USD;203,17500000;207,85000000;174,30000000;175,97500000;-15,46
2021-05-25T00:00:00+00:00;EOSHEDGE/USD;205,62500000;225,37500000;192,32500000;203,17500000;-1,21
2021-05-24T00:00:00+00:00;EOSHEDGE/USD;281,62500000;287,75000000;205,62500000;205,62500000;-36,96
2021-05-23T00:00:00+00:00;EOSHEDGE/USD;241,75000000;314,95000000;230,70000000;281,62500000;14,16
2021-05-22T00:00:00+00:00;EOSHEDGE/USD;223,45000000;249,20000000;219,90000000;241,75000000;7,57
2021-05-21T00:00:00+00:00;EOSHEDGE/USD;194,90000000;243,02500000;185,85000000;223,45000000;12,78
2021-05-20T00:00:00+00:00;EOSHEDGE/USD;228,62500000;251,85000000;183,02500000;194,90000000;-17,3
2021-05-19T00:00:00+00:00;EOSHEDGE/USD;163,65000000;248,17500000;161,27500000;228,62500000;28,42
2021-05-18T00:00:00+00:00;EOSHEDGE/USD;167,87000000;171,02500000;151,47500000;164,17500000;-2,25
2021-05-17T00:00:00+00:00;EOSHEDGE/USD;153,04000000;175,44000000;153,00000000;167,87000000;8,83
2021-05-16T00:00:00+00:00;EOSHEDGE/USD;150,96000000;163,21000000;136,76000000;153,04000000;1,36
2021-05-15T00:00:00+00:00;EOSHEDGE/USD;139,00000000;152,45000000;130,97000000;150,96000000;7,92
2021-05-14T00:00:00+00:00;EOSHEDGE/USD;148,31000000;149,78000000;133,10000000;139,59000000;-6,25
2021-05-13T00:00:00+00:00;EOSHEDGE/USD;156,81000000;163,50000000;135,59000000;148,31000000;-5,73
2021-05-12T00:00:00+00:00;EOSHEDGE/USD;123,39000000;159,08000000;119,80000000;156,81000000;21,31
2021-05-11T00:00:00+00:00;EOSHEDGE/USD;204,92500000;215,30000000;122,77000000;123,39000000;-66,08
2021-05-10T00:00:00+00:00;EOSHEDGE/USD;183,65000000;222,82500000;175,20000000;204,92500000;10,38
2021-05-09T00:00:00+00:00;EOSHEDGE/USD;187,17500000;208,30000000;172,82500000;183,65000000;-1,92
2021-05-08T00:00:00+00:00;EOSHEDGE/USD;186,95000000;199,62500000;170,95000000;187,17500000;0,12
2021-05-07T00:00:00+00:00;EOSHEDGE/USD;169,95000000;197,85000000;145,65000000;186,95000000;9,09
2021-05-06T00:00:00+00:00;EOSHEDGE/USD;236,05000000;243,20000000;151,87500000;169,95000000;-38,89
2021-05-05T00:00:00+00:00;EOSHEDGE/USD;342,15000000;348,70000000;233,05000000;236,05000000;-44,95
2021-05-04T00:00:00+00:00;EOSHEDGE/USD;321,40000000;346,50000000;311,45000000;342,15000000;6,06
2021-05-03T00:00:00+00:00;EOSHEDGE/USD;334,90000000;335,15000000;317,20000000;321,40000000;-4,2
2021-05-02T00:00:00+00:00;EOSHEDGE/USD;331,00000000;350,25000000;326,45000000;334,90000000;1,16
2021-05-01T00:00:00+00:00;EOSHEDGE/USD;338,95000000;348,20000000;328,15000000;331,00000000;-2,4
2021-04-30T00:00:00+00:00;EOSHEDGE/USD;373,50000000;381,55000000;338,65000000;339,80000000;-9,92
2021-04-29T00:00:00+00:00;EOSHEDGE/USD;371,40000000;390,65000000;365,25000000;373,50000000;0,56
2021-04-28T00:00:00+00:00;EOSHEDGE/USD;365,50000000;386,10000000;354,85000000;371,40000000;1,59
2021-04-27T00:00:00+00:00;EOSHEDGE/USD;378,15000000;383,80000000;361,70000000;365,50000000;-3,46
2021-04-26T00:00:00+00:00;EOSHEDGE/USD;454,25000000;461,70000000;375,70000000;378,15000000;-20,12
2021-04-25T00:00:00+00:00;EOSHEDGE/USD;444,45000000;485,45000000;413,95000000;453,20000000;1,93
2021-04-24T00:00:00+00:00;EOSHEDGE/USD;409,60000000;448,70000000;409,55000000;444,45000000;7,84
2021-04-23T00:00:00+00:00;EOSHEDGE/USD;389,75000000;480,95000000;378,25000000;409,60000000;4,85
2021-04-22T00:00:00+00:00;EOSHEDGE/USD;362,75000000;403,80000000;335,50000000;389,75000000;6,93
2021-04-21T00:00:00+00:00;EOSHEDGE/USD;343,40000000;368,05000000;334,90000000;362,75000000;5,33
2021-04-20T00:00:00+00:00;EOSHEDGE/USD;349,20000000;377,75000000;334,65000000;344,30000000;-1,42
2021-04-19T00:00:00+00:00;EOSHEDGE/USD;318,20000000;354,10000000;290,95000000;349,20000000;8,88
2021-04-18T00:00:00+00:00;EOSHEDGE/USD;300,77500000;371,22500000;293,95000000;318,20000000;5,48
2021-04-17T00:00:00+00:00;EOSHEDGE/USD;277,42500000;306,42500000;267,02500000;300,77500000;7,76
2021-04-16T00:00:00+00:00;EOSHEDGE/USD;300,70000000;340,27500000;268,87500000;278,00000000;-8,17
2021-04-15T00:00:00+00:00;EOSHEDGE/USD;308,20000000;336,00000000;298,37500000;300,70000000;-2,49
2021-04-14T00:00:00+00:00;EOSHEDGE/USD;320,00000000;347,42500000;290,62500000;308,30000000;-3,8
2021-04-13T00:00:00+00:00;EOSHEDGE/USD;371,15000000;375,05000000;312,40000000;320,00000000;-15,98
2021-04-12T00:00:00+00:00;EOSHEDGE/USD;357,30000000;381,30000000;350,50000000;371,15000000;3,73
2021-04-11T00:00:00+00:00;EOSHEDGE/USD;363,80000000;369,15000000;339,40000000;357,75000000;-1,69
2021-04-10T00:00:00+00:00;EOSHEDGE/USD;388,65000000;392,10000000;354,15000000;363,80000000;-6,83
2021-04-09T00:00:00+00:00;EOSHEDGE/USD;374,85000000;395,45000000;365,10000000;388,65000000;3,55
2021-04-08T00:00:00+00:00;EOSHEDGE/USD;412,00000000;418,15000000;372,90000000;374,85000000;-9,91
2021-04-07T00:00:00+00:00;EOSHEDGE/USD;370,75000000;421,65000000;347,95000000;412,00000000;10,01
2021-04-06T00:00:00+00:00;EOSHEDGE/USD;367,35000000;392,70000000;345,65000000;370,75000000;0,92
2021-04-05T00:00:00+00:00;EOSHEDGE/USD;392,10000000;418,90000000;344,00000000;367,35000000;-6,74
2021-04-04T00:00:00+00:00;EOSHEDGE/USD;466,05000000;470,35000000;390,60000000;392,10000000;-18,86
2021-04-03T00:00:00+00:00;EOSHEDGE/USD;412,10000000;477,15000000;396,00000000;465,05000000;11,39
2021-04-02T00:00:00+00:00;EOSHEDGE/USD;465,00000000;499,15000000;405,35000000;412,10000000;-12,84
2021-04-01T00:00:00+00:00;EOSHEDGE/USD;552,05000000;561,00000000;433,25000000;465,00000000;-18,72
2021-03-31T00:00:00+00:00;EOSHEDGE/USD;616,10000000;654,15000000;537,70000000;552,05000000;-11,6
2021-03-30T00:00:00+00:00;EOSHEDGE/USD;624,40000000;634,15000000;606,25000000;616,10000000;-1,35
2021-03-29T00:00:00+00:00;EOSHEDGE/USD;651,65000000;667,20000000;618,35000000;624,40000000;-4,36
2021-03-28T00:00:00+00:00;EOSHEDGE/USD;653,70000000;664,65000000;634,00000000;650,65000000;-0,47
2021-03-27T00:00:00+00:00;EOSHEDGE/USD;638,65000000;671,45000000;636,05000000;653,70000000;2,3
2021-03-26T00:00:00+00:00;EOSHEDGE/USD;741,70000000;742,30000000;638,55000000;639,75000000;-15,94
2021-03-25T00:00:00+00:00;EOSHEDGE/USD;737,70000000;769,80000000;720,90000000;740,20000000;0,34
2021-03-24T00:00:00+00:00;EOSHEDGE/USD;675,40000000;770,00000000;639,20000000;737,70000000;8,45
2021-03-23T00:00:00+00:00;EOSHEDGE/USD;678,95000000;711,55000000;645,20000000;675,40000000;-0,53
2021-03-22T00:00:00+00:00;EOSHEDGE/USD;663,15000000;726,55000000;632,90000000;678,95000000;2,33
2021-03-21T00:00:00+00:00;EOSHEDGE/USD;637,10000000;698,10000000;623,45000000;663,15000000;3,93
2021-03-20T00:00:00+00:00;EOSHEDGE/USD;668,20000000;677,30000000;608,20000000;637,10000000;-4,88
2021-03-19T00:00:00+00:00;EOSHEDGE/USD;665,90000000;702,40000000;646,55000000;668,20000000;0,34
2021-03-18T00:00:00+00:00;EOSHEDGE/USD;676,85000000;690,40000000;637,00000000;667,20000000;-1,45
2021-03-17T00:00:00+00:00;EOSHEDGE/USD;678,90000000;725,80000000;672,95000000;676,85000000;-0,3
2021-03-16T00:00:00+00:00;EOSHEDGE/USD;728,40000000;751,90000000;665,50000000;678,90000000;-7,29
2021-03-15T00:00:00+00:00;EOSHEDGE/USD;705,70000000;739,15000000;685,60000000;728,40000000;3,12
2021-03-14T00:00:00+00:00;EOSHEDGE/USD;654,85000000;705,70000000;637,15000000;705,70000000;7,21
2021-03-13T00:00:00+00:00;EOSHEDGE/USD;751,90000000;773,50000000;636,60000000;652,25000000;-15,28
2021-03-12T00:00:00+00:00;EOSHEDGE/USD;722,70000000;771,20000000;714,40000000;751,90000000;3,88
2021-03-11T00:00:00+00:00;EOSHEDGE/USD;716,50000000;746,50000000;704,30000000;722,70000000;0,86
2021-03-10T00:00:00+00:00;EOSHEDGE/USD;688,30000000;733,80000000;681,25000000;716,50000000;3,94
2021-03-09T00:00:00+00:00;EOSHEDGE/USD;733,80000000;745,20000000;683,35000000;688,30000000;-6,61
2021-03-08T00:00:00+00:00;EOSHEDGE/USD;747,30000000;766,80000000;730,70000000;733,80000000;-1,84
2021-03-07T00:00:00+00:00;EOSHEDGE/USD;770,30000000;772,50000000;733,80000000;747,30000000;-3,08
2021-03-06T00:00:00+00:00;EOSHEDGE/USD;777,70000000;796,50000000;733,80000000;771,50000000;-0,8
2021-03-05T00:00:00+00:00;EOSHEDGE/USD;766,20000000;804,50000000;755,50000000;775,20000000;1,16
2021-03-04T00:00:00+00:00;EOSHEDGE/USD;754,20000000;788,30000000;732,70000000;763,80000000;1,26
2021-03-03T00:00:00+00:00;EOSHEDGE/USD;783,40000000;789,50000000;703,30000000;754,20000000;-3,87
2021-03-02T00:00:00+00:00;EOSHEDGE/USD;779,50000000;805,80000000;751,40000000;783,40000000;0,5
2021-03-01T00:00:00+00:00;EOSHEDGE/USD;832,55000000;838,20000000;764,75000000;779,50000000;-6,81
2021-02-28T00:00:00+00:00;EOSHEDGE/USD;789,75000000;883,50000000;783,15000000;832,55000000;5,14
2021-02-27T00:00:00+00:00;EOSHEDGE/USD;819,25000000;820,45000000;750,35000000;788,75000000;-3,87
2021-02-26T00:00:00+00:00;EOSHEDGE/USD;795,45000000;851,10000000;766,40000000;818,70000000;2,84
2021-02-25T00:00:00+00:00;EOSHEDGE/USD;749,35000000;802,30000000;709,45000000;795,45000000;5,8
2021-02-24T00:00:00+00:00;EOSHEDGE/USD;759,75000000;795,35000000;701,80000000;752,60000000;-0,95
2021-02-23T00:00:00+00:00;EOSHEDGE/USD;646,55000000;845,57500000;641,32500000;759,75000000;14,9
2021-02-22T00:00:00+00:00;EOSHEDGE/USD;596,27500000;700,65000000;573,77500000;645,35000000;7,6
2021-02-21T00:00:00+00:00;EOSHEDGE/USD;631,25000000;644,42500000;561,50000000;596,82500000;-5,77
2021-02-20T00:00:00+00:00;EOSHEDGE/USD;587,95000000;657,37500000;562,00000000;631,25000000;6,86
2021-02-19T00:00:00+00:00;EOSHEDGE/USD;638,55000000;662,25000000;569,10000000;587,95000000;-8,61
2021-02-18T00:00:00+00:00;EOSHEDGE/USD;638,55000000;659,20000000;615,80000000;638,55000000;0,0
2021-02-17T00:00:00+00:00;EOSHEDGE/USD;660,35000000;693,50000000;628,50000000;638,55000000;-3,41
2021-02-16T00:00:00+00:00;EOSHEDGE/USD;652,00000000;695,20000000;613,25000000;663,35000000;1,71
2021-02-15T00:00:00+00:00;EOSHEDGE/USD;611,65000000;715,15000000;590,40000000;652,00000000;6,19
2021-02-14T00:00:00+00:00;EOSHEDGE/USD;565,45000000;629,15000000;557,00000000;611,65000000;7,55
2021-02-13T00:00:00+00:00;EOSHEDGE/USD;667,85000000;701,85000000;562,15000000;565,45000000;-18,11
2021-02-12T00:00:00+00:00;EOSHEDGE/USD;693,00000000;742,30000000;655,45000000;667,85000000;-3,77
2021-02-11T00:00:00+00:00;EOSHEDGE/USD;778,90000000;799,20000000;677,30000000;693,00000000;-12,4
2021-02-10T00:00:00+00:00;EOSHEDGE/USD;769,60000000;910,00000000;704,50000000;781,10000000;1,47
2021-02-09T00:00:00+00:00;EOSHEDGE/USD;915,40000000;950,70000000;744,10000000;769,60000000;-18,94
2021-02-08T00:00:00+00:00;EOSHEDGE/USD;956,90000000;981,60000000;910,30000000;915,40000000;-4,53
2021-02-07T00:00:00+00:00;EOSHEDGE/USD;1029,70000000;1135,50000000;907,80000000;953,60000000;-7,98
2021-02-06T00:00:00+00:00;EOSHEDGE/USD;998,50000000;1107,80000000;992,10000000;1028,80000000;2,95
2021-02-05T00:00:00+00:00;EOSHEDGE/USD;1102,40000000;1108,80000000;975,70000000;998,50000000;-10,41
2021-02-04T00:00:00+00:00;EOSHEDGE/USD;1083,50000000;1145,10000000;1058,90000000;1102,40000000;1,71
2021-02-03T00:00:00+00:00;EOSHEDGE/USD;1108,50000000;1214,50000000;1058,00000000;1083,50000000;-2,31
2021-02-02T00:00:00+00:00;EOSHEDGE/USD;1087,80000000;1183,80000000;1080,90000000;1108,50000000;1,87
2021-02-01T00:00:00+00:00;EOSHEDGE/USD;1138,90000000;1160,90000000;1001,60000000;1090,50000000;-4,44
2021-01-31T00:00:00+00:00;EOSHEDGE/USD;1132,20000000;1217,00000000;1077,50000000;1138,90000000;0,59
2021-01-30T00:00:00+00:00;EOSHEDGE/USD;1220,50000000;1238,50000000;1063,50000000;1132,20000000;-7,8
2021-01-29T00:00:00+00:00;EOSHEDGE/USD;1221,00000000;1253,80000000;1140,80000000;1220,50000000;-0,04
2021-01-28T00:00:00+00:00;EOSHEDGE/USD;1335,70000000;1354,90000000;1187,40000000;1228,30000000;-8,74
2021-01-27T00:00:00+00:00;EOSHEDGE/USD;1276,70000000;1360,40000000;1274,30000000;1342,60000000;4,91
2021-01-26T00:00:00+00:00;EOSHEDGE/USD;1268,80000000;1317,80000000;1253,80000000;1280,20000000;0,89
2021-01-25T00:00:00+00:00;EOSHEDGE/USD;1238,70000000;1279,60000000;1216,50000000;1267,90000000;2,3
2021-01-24T00:00:00+00:00;EOSHEDGE/USD;1243,00000000;1270,60000000;1211,70000000;1238,70000000;-0,35
2021-01-23T00:00:00+00:00;EOSHEDGE/USD;1282,90000000;1305,30000000;1207,80000000;1243,00000000;-3,21
2021-01-22T00:00:00+00:00;EOSHEDGE/USD;1326,60000000;1383,80000000;1217,00000000;1282,90000000;-3,41
2021-01-21T00:00:00+00:00;EOSHEDGE/USD;1223,60000000;1348,50000000;1217,00000000;1326,60000000;7,76
2021-01-20T00:00:00+00:00;EOSHEDGE/USD;1217,00000000;1275,80000000;1203,10000000;1223,60000000;0,54
2021-01-19T00:00:00+00:00;EOSHEDGE/USD;1206,60000000;1219,90000000;1159,20000000;1217,00000000;0,85
2021-01-18T00:00:00+00:00;EOSHEDGE/USD;1228,50000000;1254,80000000;1197,80000000;1206,60000000;-1,82
2021-01-17T00:00:00+00:00;EOSHEDGE/USD;1223,70000000;1270,90000000;1211,90000000;1228,10000000;0,36
2021-01-16T00:00:00+00:00;EOSHEDGE/USD;1233,40000000;1281,30000000;1176,30000000;1223,70000000;-0,79
2021-01-15T00:00:00+00:00;EOSHEDGE/USD;1208,70000000;1336,80000000;1154,00000000;1233,40000000;2,0
2021-01-14T00:00:00+00:00;EOSHEDGE/USD;1227,90000000;1309,60000000;1187,20000000;1208,70000000;-1,59
2021-01-13T00:00:00+00:00;EOSHEDGE/USD;1316,30000000;1362,70000000;1217,50000000;1227,90000000;-7,2
2021-01-12T00:00:00+00:00;EOSHEDGE/USD;1283,40000000;1376,00000000;1231,60000000;1316,30000000;2,5
2021-01-11T00:00:00+00:00;EOSHEDGE/USD;1132,80000000;1431,90000000;1130,30000000;1283,40000000;11,73
2021-01-10T00:00:00+00:00;EOSHEDGE/USD;987,20000000;1355,40000000;905,30000000;1132,80000000;12,85
2021-01-09T00:00:00+00:00;EOSHEDGE/USD;1175,60000000;1217,00000000;953,00000000;984,60000000;-19,4
2021-01-08T00:00:00+00:00;EOSHEDGE/USD;1142,30000000;1287,50000000;1122,70000000;1175,60000000;2,83
2021-01-07T00:00:00+00:00;EOSHEDGE/USD;1081,60000000;1199,70000000;1055,50000000;1142,30000000;5,31
2021-01-06T00:00:00+00:00;EOSHEDGE/USD;1289,30000000;1309,50000000;1051,80000000;1081,60000000;-19,2
2021-01-05T00:00:00+00:00;EOSHEDGE/USD;1324,00000000;1382,10000000;1260,90000000;1289,30000000;-2,69
2021-01-04T00:00:00+00:00;EOSHEDGE/USD;1329,50000000;1456,10000000;1173,00000000;1324,00000000;-0,42
2021-01-03T00:00:00+00:00;EOSHEDGE/USD;1420,10000000;1453,90000000;1303,70000000;1329,50000000;-6,81
2021-01-02T00:00:00+00:00;EOSHEDGE/USD;1416,70000000;1502,60000000;1367,50000000;1420,10000000;0,24
2021-01-01T00:00:00+00:00;EOSHEDGE/USD;1443,20000000;1492,60000000;1361,70000000;1416,70000000;-1,87
2020-12-31T00:00:00+00:00;EOSHEDGE/USD;1431,60000000;1505,20000000;1404,70000000;1443,20000000;0,8
2020-12-30T00:00:00+00:00;EOSHEDGE/USD;1418,40000000;1516,80000000;1398,80000000;1431,60000000;0,92
2020-12-29T00:00:00+00:00;EOSHEDGE/USD;1356,60000000;1488,30000000;1339,70000000;1418,40000000;4,36
2020-12-28T00:00:00+00:00;EOSHEDGE/USD;1378,70000000;1398,20000000;1288,70000000;1356,60000000;-1,63
2020-12-27T00:00:00+00:00;EOSHEDGE/USD;1436,10000000;1512,80000000;1293,90000000;1378,70000000;-4,16
2020-12-26T00:00:00+00:00;EOSHEDGE/USD;1407,80000000;1487,80000000;1389,00000000;1436,10000000;1,97
2020-12-25T00:00:00+00:00;EOSHEDGE/USD;1407,40000000;1537,50000000;1366,40000000;1407,80000000;0,03
2020-12-24T00:00:00+00:00;EOSHEDGE/USD;1677,25000000;1719,25000000;1394,30000000;1407,40000000;-19,17
2020-12-23T00:00:00+00:00;EOSHEDGE/USD;1390,60000000;1899,25000000;1380,90000000;1677,25000000;17,09
2020-12-22T00:00:00+00:00;EOSHEDGE/USD;1375,90000000;1452,60000000;1362,10000000;1390,60000000;1,06
2020-12-21T00:00:00+00:00;EOSHEDGE/USD;1286,60000000;1431,40000000;1227,00000000;1375,90000000;6,49
2020-12-20T00:00:00+00:00;EOSHEDGE/USD;1319,70000000;1408,60000000;1200,40000000;1286,60000000;-2,57
2020-12-19T00:00:00+00:00;EOSHEDGE/USD;1315,20000000;1333,60000000;1292,40000000;1319,70000000;0,34
2020-12-18T00:00:00+00:00;EOSHEDGE/USD;1325,50000000;1365,60000000;1284,10000000;1315,20000000;-0,78
2020-12-17T00:00:00+00:00;EOSHEDGE/USD;1300,50000000;1364,90000000;1236,70000000;1325,50000000;1,89
2020-12-16T00:00:00+00:00;EOSHEDGE/USD;1418,50000000;1458,00000000;1293,70000000;1300,50000000;-9,07
2020-12-15T00:00:00+00:00;EOSHEDGE/USD;1429,10000000;1451,30000000;1398,90000000;1421,20000000;-0,56
2020-12-14T00:00:00+00:00;EOSHEDGE/USD;1426,10000000;1454,10000000;1419,20000000;1429,10000000;0,21
2020-12-13T00:00:00+00:00;EOSHEDGE/USD;1470,40000000;1481,20000000;1398,30000000;1426,10000000;-3,11
2020-12-12T00:00:00+00:00;EOSHEDGE/USD;1512,50000000;1523,30000000;1457,30000000;1470,40000000;-2,86
2020-12-11T00:00:00+00:00;EOSHEDGE/USD;1487,10000000;1547,50000000;1480,40000000;1512,50000000;1,68
2020-12-10T00:00:00+00:00;EOSHEDGE/USD;1451,00000000;1519,10000000;1445,60000000;1487,10000000;2,43
2020-12-09T00:00:00+00:00;EOSHEDGE/USD;1454,00000000;1554,30000000;1436,20000000;1451,00000000;-0,21
2020-12-08T00:00:00+00:00;EOSHEDGE/USD;1383,90000000;1489,30000000;1376,70000000;1454,00000000;4,82
2020-12-07T00:00:00+00:00;EOSHEDGE/USD;1361,70000000;1404,30000000;1355,30000000;1383,90000000;1,6
2020-12-06T00:00:00+00:00;EOSHEDGE/USD;1357,30000000;1412,40000000;1341,80000000;1361,70000000;0,32
2020-12-05T00:00:00+00:00;EOSHEDGE/USD;1439,90000000;1453,70000000;1354,10000000;1357,30000000;-6,09
2020-12-04T00:00:00+00:00;EOSHEDGE/USD;1334,60000000;1461,70000000;1304,60000000;1439,90000000;7,31
2020-12-03T00:00:00+00:00;EOSHEDGE/USD;1348,30000000;1370,30000000;1308,80000000;1334,60000000;-1,03
2020-12-02T00:00:00+00:00;EOSHEDGE/USD;1376,00000000;1397,80000000;1331,40000000;1348,30000000;-2,05
2020-12-01T00:00:00+00:00;EOSHEDGE/USD;1272,30000000;1430,70000000;1238,40000000;1376,00000000;7,54
2020-11-30T00:00:00+00:00;EOSHEDGE/USD;1374,30000000;1390,30000000;1260,10000000;1272,30000000;-8,02
2020-11-29T00:00:00+00:00;EOSHEDGE/USD;1388,60000000;1436,40000000;1341,80000000;1374,30000000;-1,04
2020-11-28T00:00:00+00:00;EOSHEDGE/USD;1453,70000000;1493,80000000;1352,00000000;1388,60000000;-4,69
2020-11-27T00:00:00+00:00;EOSHEDGE/USD;1421,20000000;1518,30000000;1382,70000000;1453,70000000;2,24
2020-11-26T00:00:00+00:00;EOSHEDGE/USD;1239,80000000;1521,00000000;1200,10000000;1421,20000000;12,76
2020-11-25T00:00:00+00:00;EOSHEDGE/USD;1182,30000000;1299,00000000;1094,00000000;1239,80000000;4,64
2020-11-24T00:00:00+00:00;EOSHEDGE/USD;1265,00000000;1283,80000000;1123,00000000;1182,30000000;-6,99
2020-11-23T00:00:00+00:00;EOSHEDGE/USD;1403,20000000;1438,80000000;1252,90000000;1265,00000000;-10,92
2020-11-22T00:00:00+00:00;EOSHEDGE/USD;1332,20000000;1481,40000000;1300,30000000;1403,20000000;5,06
2020-11-21T00:00:00+00:00;EOSHEDGE/USD;1583,00000000;1660,10000000;1319,50000000;1332,20000000;-18,83
2020-11-20T00:00:00+00:00;EOSHEDGE/USD;1672,50000000;1678,25000000;1552,50000000;1583,00000000;-5,65
2020-11-19T00:00:00+00:00;EOSHEDGE/USD;1670,50000000;1728,25000000;1630,50000000;1672,50000000;0,12
2020-11-18T00:00:00+00:00;EOSHEDGE/USD;1622,50000000;1863,00000000;1612,00000000;1670,50000000;2,87
2020-11-17T00:00:00+00:00;EOSHEDGE/USD;1713,75000000;1720,50000000;1597,50000000;1622,50000000;-5,62
2020-11-16T00:00:00+00:00;EOSHEDGE/USD;1775,50000000;1782,50000000;1698,00000000;1713,75000000;-3,6
2020-11-15T00:00:00+00:00;EOSHEDGE/USD;1749,00000000;1804,75000000;1738,00000000;1775,50000000;1,49
2020-11-14T00:00:00+00:00;EOSHEDGE/USD;1708,75000000;1779,00000000;1698,25000000;1749,00000000;2,3
2020-11-13T00:00:00+00:00;EOSHEDGE/USD;1808,25000000;1817,50000000;1676,75000000;1706,00000000;-5,99
2020-11-12T00:00:00+00:00;EOSHEDGE/USD;1778,75000000;1829,25000000;1775,50000000;1805,00000000;1,45
2020-11-11T00:00:00+00:00;EOSHEDGE/USD;1782,00000000;1798,75000000;1750,00000000;1778,75000000;-0,18
2020-11-10T00:00:00+00:00;EOSHEDGE/USD;1782,75000000;1823,00000000;1758,00000000;1782,00000000;-0,04
2020-11-09T00:00:00+00:00;EOSHEDGE/USD;1752,50000000;1812,00000000;1735,00000000;1782,75000000;1,7
2020-11-08T00:00:00+00:00;EOSHEDGE/USD;1782,50000000;1819,50000000;1731,25000000;1752,50000000;-1,71
2020-11-07T00:00:00+00:00;EOSHEDGE/USD;1756,00000000;1831,75000000;1689,00000000;1779,25000000;1,31
2020-11-06T00:00:00+00:00;EOSHEDGE/USD;1822,75000000;1850,50000000;1745,75000000;1756,00000000;-3,8
2020-11-05T00:00:00+00:00;EOSHEDGE/USD;1899,25000000;1899,25000000;1789,50000000;1822,75000000;-4,2
2020-11-04T00:00:00+00:00;EOSHEDGE/USD;1888,12500000;1944,00000000;1881,62500000;1899,25000000;0,59
2020-11-03T00:00:00+00:00;EOSHEDGE/USD;1837,62500000;1978,00000000;1829,75000000;1888,12500000;2,67
2020-11-02T00:00:00+00:00;EOSHEDGE/USD;1778,62500000;1855,62500000;1758,37500000;1837,62500000;3,21
2020-11-01T00:00:00+00:00;EOSHEDGE/USD;1770,62500000;1813,62500000;1761,12500000;1778,62500000;0,45
2020-10-31T00:00:00+00:00;EOSHEDGE/USD;1788,25000000;1796,00000000;1749,50000000;1770,62500000;-1,0
2020-10-30T00:00:00+00:00;EOSHEDGE/USD;1703,50000000;1846,50000000;1697,00000000;1788,25000000;4,74
2020-10-29T00:00:00+00:00;EOSHEDGE/USD;1693,12500000;1725,75000000;1677,00000000;1703,50000000;0,61
2020-10-28T00:00:00+00:00;EOSHEDGE/USD;1681,87500000;1712,62500000;1631,37500000;1692,87500000;0,65
2020-10-27T00:00:00+00:00;EOSHEDGE/USD;1707,00000000;1710,00000000;1663,75000000;1680,87500000;-1,55
2020-10-26T00:00:00+00:00;EOSHEDGE/USD;1661,12500000;1729,37500000;1632,62500000;1707,00000000;2,69
2020-10-25T00:00:00+00:00;EOSHEDGE/USD;1690,50000000;1715,50000000;1639,50000000;1659,87500000;-1,85
2020-10-24T00:00:00+00:00;EOSHEDGE/USD;1701,37500000;1718,12500000;1681,75000000;1689,37500000;-0,71
2020-10-23T00:00:00+00:00;EOSHEDGE/USD;1681,12500000;1725,75000000;1672,37500000;1701,37500000;1,19
2020-10-22T00:00:00+00:00;EOSHEDGE/USD;1723,75000000;1724,00000000;1658,62500000;1681,12500000;-2,54
2020-10-21T00:00:00+00:00;EOSHEDGE/USD;1780,25000000;1785,25000000;1683,50000000;1720,00000000;-3,5
2020-10-20T00:00:00+00:00;EOSHEDGE/USD;1742,00000000;1799,00000000;1727,00000000;1780,25000000;2,15
2020-10-19T00:00:00+00:00;EOSHEDGE/USD;1766,50000000;1783,00000000;1720,00000000;1742,00000000;-1,41
2020-10-18T00:00:00+00:00;EOSHEDGE/USD;1786,25000000;1789,50000000;1758,25000000;1766,50000000;-1,12
2020-10-17T00:00:00+00:00;EOSHEDGE/USD;1774,50000000;1798,25000000;1742,00000000;1786,25000000;0,66
2020-10-16T00:00:00+00:00;EOSHEDGE/USD;1734,50000000;1808,50000000;1721,50000000;1774,50000000;2,25
2020-10-15T00:00:00+00:00;EOSHEDGE/USD;1728,25000000;1747,00000000;1692,75000000;1734,50000000;0,36
2020-10-14T00:00:00+00:00;EOSHEDGE/USD;1708,25000000;1747,25000000;1677,25000000;1728,25000000;1,16
2020-10-13T00:00:00+00:00;EOSHEDGE/USD;1707,50000000;1728,25000000;1687,50000000;1708,25000000;0,04
2020-10-12T00:00:00+00:00;EOSHEDGE/USD;1696,00000000;1729,25000000;1665,25000000;1707,50000000;0,67
2020-10-11T00:00:00+00:00;EOSHEDGE/USD;1705,50000000;1723,75000000;1655,50000000;1696,00000000;-0,56
2020-10-10T00:00:00+00:00;EOSHEDGE/USD;1706,75000000;1711,75000000;1653,75000000;1705,50000000;-0,07
2020-10-09T00:00:00+00:00;EOSHEDGE/USD;1729,75000000;1748,25000000;1692,75000000;1706,75000000;-1,35
2020-10-08T00:00:00+00:00;EOSHEDGE/USD;1706,25000000;1793,50000000;1697,00000000;1729,75000000;1,36
2020-10-07T00:00:00+00:00;EOSHEDGE/USD;1675,75000000;1739,00000000;1658,75000000;1706,25000000;1,79
2020-10-06T00:00:00+00:00;EOSHEDGE/USD;1835,75000000;1866,50000000;1522,20000000;1673,50000000;-9,7
2020-10-05T00:00:00+00:00;EOSHEDGE/USD;1842,25000000;1865,00000000;1824,50000000;1835,75000000;-0,35
2020-10-04T00:00:00+00:00;EOSHEDGE/USD;1872,75000000;1885,25000000;1828,00000000;1842,25000000;-1,66
2020-10-03T00:00:00+00:00;EOSHEDGE/USD;1873,75000000;1883,75000000;1787,25000000;1875,50000000;0,09
2020-10-02T00:00:00+00:00;EOSHEDGE/USD;1826,00000000;1920,75000000;1811,00000000;1873,75000000;2,55
2020-10-01T00:00:00+00:00;EOSHEDGE/USD;1805,50000000;1869,25000000;1749,75000000;1826,00000000;1,12
2020-09-30T00:00:00+00:00;EOSHEDGE/USD;1789,75000000;1820,75000000;1768,75000000;1805,50000000;0,87
2020-09-29T00:00:00+00:00;EOSHEDGE/USD;1814,50000000;1822,75000000;1765,25000000;1789,75000000;-1,38
2020-09-28T00:00:00+00:00;EOSHEDGE/USD;1794,25000000;1824,00000000;1756,00000000;1814,50000000;1,12
2020-09-27T00:00:00+00:00;EOSHEDGE/USD;1810,25000000;1840,75000000;1778,75000000;1794,25000000;-0,89
2020-09-26T00:00:00+00:00;EOSHEDGE/USD;1825,50000000;1855,25000000;1761,00000000;1810,25000000;-0,84
2020-09-25T00:00:00+00:00;EOSHEDGE/USD;1835,50000000;1887,25000000;1445,90000000;1825,50000000;-0,55
2020-09-24T00:00:00+00:00;EOSHEDGE/USD;1911,75000000;1926,00000000;1805,00000000;1835,50000000;-4,15
2020-09-23T00:00:00+00:00;EOSHEDGE/USD;1820,00000000;1950,50000000;1812,00000000;1912,25000000;4,82
2020-09-22T00:00:00+00:00;EOSHEDGE/USD;1874,00000000;1886,50000000;1808,00000000;1820,00000000;-2,97
2020-09-21T00:00:00+00:00;EOSHEDGE/USD;1764,25000000;1885,00000000;1749,00000000;1874,00000000;5,86
2020-09-20T00:00:00+00:00;EOSHEDGE/USD;1743,00000000;1794,25000000;1729,25000000;1764,25000000;1,2
2020-09-19T00:00:00+00:00;EOSHEDGE/USD;1750,75000000;1759,50000000;1696,50000000;1743,00000000;-0,44
2020-09-18T00:00:00+00:00;EOSHEDGE/USD;1722,25000000;1777,25000000;1711,00000000;1750,75000000;1,63
2020-09-17T00:00:00+00:00;EOSHEDGE/USD;1737,25000000;1747,00000000;1697,00000000;1722,25000000;-0,87
2020-09-16T00:00:00+00:00;EOSHEDGE/USD;1743,25000000;1825,25000000;1711,50000000;1737,25000000;-0,35
2020-09-15T00:00:00+00:00;EOSHEDGE/USD;1726,50000000;1748,25000000;1691,00000000;1743,25000000;0,96
2020-09-14T00:00:00+00:00;EOSHEDGE/USD;1731,25000000;1756,00000000;1705,00000000;1726,50000000;-0,28
2020-09-13T00:00:00+00:00;EOSHEDGE/USD;1681,75000000;1763,75000000;1665,25000000;1731,25000000;2,86
2020-09-12T00:00:00+00:00;EOSHEDGE/USD;1694,75000000;1721,00000000;1664,00000000;1681,75000000;-0,77
2020-09-11T00:00:00+00:00;EOSHEDGE/USD;1698,75000000;1736,00000000;1671,25000000;1694,75000000;-0,24
2020-09-10T00:00:00+00:00;EOSHEDGE/USD;1714,50000000;1725,00000000;1656,50000000;1698,75000000;-0,93
2020-09-09T00:00:00+00:00;EOSHEDGE/USD;1707,00000000;1749,50000000;1672,00000000;1714,50000000;0,44
2020-09-08T00:00:00+00:00;EOSHEDGE/USD;1655,75000000;1762,25000000;1638,00000000;1707,00000000;3,0
2020-09-07T00:00:00+00:00;EOSHEDGE/USD;1628,25000000;1764,50000000;1583,25000000;1655,75000000;1,66
2020-09-06T00:00:00+00:00;EOSHEDGE/USD;1612,25000000;1681,25000000;1557,75000000;1628,25000000;0,98
2020-09-05T00:00:00+00:00;EOSHEDGE/USD;1574,90000000;1698,50000000;1493,70000000;1612,25000000;2,32
2020-09-04T00:00:00+00:00;EOSHEDGE/USD;1855,50000000;1871,75000000;1446,75000000;1580,50000000;-17,4
2020-09-03T00:00:00+00:00;EOSHEDGE/USD;1602,50000000;1906,00000000;1568,25000000;1855,50000000;13,64
2020-09-02T00:00:00+00:00;EOSHEDGE/USD;1452,30000000;1690,40000000;1438,70000000;1602,50000000;9,37
2020-09-01T00:00:00+00:00;EOSHEDGE/USD;1579,20000000;1603,20000000;1412,70000000;1452,30000000;-8,74
2020-08-31T00:00:00+00:00;EOSHEDGE/USD;1554,20000000;1586,80000000;1534,40000000;1579,20000000;1,58
2020-08-30T00:00:00+00:00;EOSHEDGE/USD;1622,25000000;1623,75000000;1542,10000000;1554,20000000;-4,38
2020-08-29T00:00:00+00:00;EOSHEDGE/USD;1628,00000000;1645,25000000;1577,50000000;1622,25000000;-0,35
2020-08-28T00:00:00+00:00;EOSHEDGE/USD;1709,25000000;1733,25000000;1594,00000000;1628,00000000;-4,99
2020-08-27T00:00:00+00:00;EOSHEDGE/USD;1633,75000000;1775,50000000;1613,50000000;1709,25000000;4,42
2020-08-26T00:00:00+00:00;EOSHEDGE/USD;1632,75000000;1666,25000000;1605,75000000;1633,75000000;0,06
2020-08-25T00:00:00+00:00;EOSHEDGE/USD;1514,30000000;1703,50000000;1507,00000000;1632,75000000;7,25
2020-08-24T00:00:00+00:00;EOSHEDGE/USD;1544,30000000;1560,80000000;1494,00000000;1514,30000000;-1,98
2020-08-23T00:00:00+00:00;EOSHEDGE/USD;1525,80000000;1587,20000000;1512,20000000;1544,30000000;1,2
2020-08-22T00:00:00+00:00;EOSHEDGE/USD;1579,80000000;1622,00000000;1515,25000000;1525,80000000;-3,54
2020-08-21T00:00:00+00:00;EOSHEDGE/USD;1496,00000000;1591,80000000;1419,50000000;1579,80000000;5,3
2020-08-20T00:00:00+00:00;EOSHEDGE/USD;1539,20000000;1541,80000000;1484,70000000;1496,00000000;-2,89
2020-08-19T00:00:00+00:00;EOSHEDGE/USD;1445,90000000;1591,40000000;1427,90000000;1539,20000000;6,06
2020-08-18T00:00:00+00:00;EOSHEDGE/USD;1372,10000000;1481,60000000;1356,10000000;1445,90000000;5,1
2020-08-17T00:00:00+00:00;EOSHEDGE/USD;1337,20000000;1427,40000000;1324,60000000;1372,10000000;2,54
2020-08-16T00:00:00+00:00;EOSHEDGE/USD;1391,80000000;1493,10000000;1317,20000000;1337,20000000;-4,08
2020-08-15T00:00:00+00:00;EOSHEDGE/USD;1623,50000000;1665,80000000;1345,80000000;1391,80000000;-16,65
2020-08-14T00:00:00+00:00;EOSHEDGE/USD;1690,00000000;1770,50000000;1607,00000000;1623,50000000;-4,1
2020-08-13T00:00:00+00:00;EOSHEDGE/USD;1753,00000000;1814,50000000;1683,25000000;1690,00000000;-3,73
2020-08-12T00:00:00+00:00;EOSHEDGE/USD;1770,00000000;1828,50000000;1740,00000000;1753,00000000;-0,97
2020-08-11T00:00:00+00:00;EOSHEDGE/USD;1648,50000000;1832,50000000;1616,75000000;1770,00000000;6,86
2020-08-10T00:00:00+00:00;EOSHEDGE/USD;1770,00000000;1794,75000000;1616,50000000;1648,50000000;-7,37
2020-08-09T00:00:00+00:00;EOSHEDGE/USD;1748,50000000;1882,75000000;1736,25000000;1770,00000000;1,21
2020-08-08T00:00:00+00:00;EOSHEDGE/USD;1781,75000000;1837,25000000;1735,00000000;1748,50000000;-1,9
2020-08-07T00:00:00+00:00;EOSHEDGE/USD;1734,75000000;1932,75000000;1647,00000000;1781,75000000;2,64
2020-08-06T00:00:00+00:00;EOSHEDGE/USD;1753,50000000;1786,50000000;1684,75000000;1734,75000000;-1,08
2020-08-05T00:00:00+00:00;EOSHEDGE/USD;1765,50000000;1835,75000000;1725,75000000;1753,50000000;-0,68
2020-08-04T00:00:00+00:00;EOSHEDGE/USD;1754,25000000;1811,50000000;1720,50000000;1765,50000000;0,64
2020-08-03T00:00:00+00:00;EOSHEDGE/USD;1822,25000000;1846,25000000;1705,50000000;1754,25000000;-3,88
2020-08-02T00:00:00+00:00;EOSHEDGE/USD;1638,75000000;2133,50000000;1546,25000000;1822,25000000;10,07
2020-08-01T00:00:00+00:00;EOSHEDGE/USD;1760,50000000;1787,50000000;1627,50000000;1638,75000000;-7,43
2020-07-31T00:00:00+00:00;EOSHEDGE/USD;1781,50000000;1812,00000000;1729,25000000;1760,50000000;-1,19
2020-07-30T00:00:00+00:00;EOSHEDGE/USD;1793,50000000;1846,25000000;1749,50000000;1781,50000000;-0,67
2020-07-29T00:00:00+00:00;EOSHEDGE/USD;1806,50000000;1833,75000000;1717,00000000;1793,50000000;-0,72
2020-07-28T00:00:00+00:00;EOSHEDGE/USD;1903,50000000;1954,75000000;1753,00000000;1806,50000000;-5,37
2020-07-27T00:00:00+00:00;EOSHEDGE/USD;2002,50000000;2124,00000000;1844,00000000;1903,50000000;-5,2
2020-07-26T00:00:00+00:00;EOSHEDGE/USD;1990,75000000;2034,00000000;1932,50000000;2002,50000000;0,59
2020-07-25T00:00:00+00:00;EOSHEDGE/USD;2099,50000000;2101,75000000;1975,25000000;1990,75000000;-5,46
2020-07-24T00:00:00+00:00;EOSHEDGE/USD;2054,25000000;2149,75000000;2051,50000000;2099,50000000;2,16
2020-07-23T00:00:00+00:00;EOSHEDGE/USD;2045,50000000;2079,00000000;2023,00000000;2054,25000000;0,43
2020-07-22T00:00:00+00:00;EOSHEDGE/USD;2079,00000000;2126,25000000;2040,25000000;2045,50000000;-1,64
2020-07-21T00:00:00+00:00;EOSHEDGE/USD;2129,00000000;2141,25000000;2068,25000000;2079,00000000;-2,41
2020-07-20T00:00:00+00:00;EOSHEDGE/USD;2110,75000000;2159,00000000;2088,50000000;2129,00000000;0,86
2020-07-19T00:00:00+00:00;EOSHEDGE/USD;2184,00000000;2214,75000000;2088,00000000;2110,75000000;-3,47
2020-07-18T00:00:00+00:00;EOSHEDGE/USD;2191,50000000;2222,75000000;2167,00000000;2184,00000000;-0,34
2020-07-17T00:00:00+00:00;EOSHEDGE/USD;2188,75000000;2222,75000000;2167,00000000;2191,50000000;0,13
2020-07-16T00:00:00+00:00;EOSHEDGE/USD;2157,25000000;2238,00000000;2137,50000000;2188,75000000;1,44
2020-07-15T00:00:00+00:00;EOSHEDGE/USD;2136,75000000;2182,50000000;2126,25000000;2157,25000000;0,95
2020-07-14T00:00:00+00:00;EOSHEDGE/USD;2141,75000000;2222,75000000;2121,75000000;2136,75000000;-0,23
2020-07-13T00:00:00+00:00;EOSHEDGE/USD;2088,75000000;2222,75000000;2065,00000000;2141,75000000;2,47
2020-07-12T00:00:00+00:00;EOSHEDGE/USD;2088,50000000;2132,00000000;2055,00000000;2088,75000000;0,01
2020-07-11T00:00:00+00:00;EOSHEDGE/USD;2086,00000000;2130,50000000;2069,75000000;2088,50000000;0,12
2020-07-10T00:00:00+00:00;EOSHEDGE/USD;2064,00000000;2127,50000000;2061,75000000;2086,00000000;1,05
2020-07-09T00:00:00+00:00;EOSHEDGE/USD;2038,50000000;2118,50000000;2002,25000000;2064,00000000;1,24
2020-07-08T00:00:00+00:00;EOSHEDGE/USD;2142,00000000;2158,75000000;2020,75000000;2038,50000000;-5,08
2020-07-07T00:00:00+00:00;EOSHEDGE/USD;2097,75000000;2173,25000000;2083,25000000;2142,00000000;2,07
2020-07-06T00:00:00+00:00;EOSHEDGE/USD;2288,25000000;2293,00000000;2069,00000000;2097,75000000;-9,08
2020-07-05T00:00:00+00:00;EOSHEDGE/USD;2241,50000000;2360,50000000;2222,75000000;2288,25000000;2,04
2020-07-04T00:00:00+00:00;EOSHEDGE/USD;2283,25000000;2290,75000000;2210,50000000;2241,50000000;-1,86
2020-07-03T00:00:00+00:00;EOSHEDGE/USD;2346,00000000;2352,50000000;2239,75000000;2282,50000000;-2,78
2020-07-02T00:00:00+00:00;EOSHEDGE/USD;2325,25000000;2398,50000000;2307,25000000;2346,00000000;0,88
2020-07-01T00:00:00+00:00;EOSHEDGE/USD;2336,50000000;2351,25000000;2280,00000000;2325,25000000;-0,48
2020-06-30T00:00:00+00:00;EOSHEDGE/USD;2328,25000000;2361,75000000;2297,50000000;2336,50000000;0,35
2020-06-29T00:00:00+00:00;EOSHEDGE/USD;2341,50000000;2382,50000000;2289,25000000;2328,25000000;-0,57
2020-06-28T00:00:00+00:00;EOSHEDGE/USD;2380,00000000;2408,75000000;2305,50000000;2341,50000000;-1,64
2020-06-27T00:00:00+00:00;EOSHEDGE/USD;2244,50000000;2504,50000000;2237,25000000;2380,00000000;5,69
2020-06-26T00:00:00+00:00;EOSHEDGE/USD;2245,75000000;2325,50000000;2210,50000000;2244,50000000;-0,06
2020-06-25T00:00:00+00:00;EOSHEDGE/USD;2223,75000000;2287,00000000;2199,75000000;2245,75000000;0,98
2020-06-24T00:00:00+00:00;EOSHEDGE/USD;2164,50000000;2262,75000000;2143,25000000;2223,75000000;2,66
2020-06-23T00:00:00+00:00;EOSHEDGE/USD;2153,50000000;2181,50000000;2141,50000000;2164,50000000;0,51
2020-06-22T00:00:00+00:00;EOSHEDGE/USD;2214,25000000;2219,50000000;2136,75000000;2153,50000000;-2,82
2020-06-21T00:00:00+00:00;EOSHEDGE/USD;2199,00000000;2220,00000000;2181,75000000;2214,25000000;0,69
2020-06-20T00:00:00+00:00;EOSHEDGE/USD;2204,50000000;2283,75000000;2179,50000000;2199,00000000;-0,25
2020-06-19T00:00:00+00:00;EOSHEDGE/USD;2195,75000000;2226,50000000;2182,00000000;2204,50000000;0,4
2020-06-18T00:00:00+00:00;EOSHEDGE/USD;2170,25000000;2226,75000000;2161,50000000;2195,75000000;1,16
2020-06-17T00:00:00+00:00;EOSHEDGE/USD;2179,75000000;2209,25000000;2137,25000000;2170,25000000;-0,44
2020-06-16T00:00:00+00:00;EOSHEDGE/USD;2198,00000000;2206,75000000;2167,50000000;2179,75000000;-0,84
2020-06-15T00:00:00+00:00;EOSHEDGE/USD;2169,75000000;2287,75000000;2165,75000000;2198,00000000;1,29
2020-06-14T00:00:00+00:00;EOSHEDGE/USD;2136,75000000;2203,25000000;2133,25000000;2169,75000000;1,52
2020-06-13T00:00:00+00:00;EOSHEDGE/USD;2143,50000000;2179,75000000;2123,25000000;2136,75000000;-0,32
2020-06-12T00:00:00+00:00;EOSHEDGE/USD;2218,00000000;2239,50000000;2119,25000000;2143,50000000;-3,48
2020-06-11T00:00:00+00:00;EOSHEDGE/USD;2036,25000000;2284,25000000;2023,00000000;2218,00000000;8,19
2020-06-10T00:00:00+00:00;EOSHEDGE/USD;2038,75000000;2079,75000000;2014,25000000;2036,25000000;-0,12
2020-06-09T00:00:00+00:00;EOSHEDGE/USD;2013,25000000;2092,75000000;2002,50000000;2038,75000000;1,25
2020-06-08T00:00:00+00:00;EOSHEDGE/USD;1998,00000000;2070,50000000;1991,25000000;2013,25000000;0,76
2020-06-07T00:00:00+00:00;EOSHEDGE/USD;2005,00000000;2057,25000000;1984,50000000;1998,00000000;-0,35
2020-06-06T00:00:00+00:00;EOSHEDGE/USD;1994,50000000;2041,75000000;1971,75000000;2005,00000000;0,52
2020-06-05T00:00:00+00:00;EOSHEDGE/USD;2064,00000000;2081,00000000;1951,25000000;1994,50000000;-3,48
2020-06-04T00:00:00+00:00;EOSHEDGE/USD;2082,25000000;2106,75000000;2042,00000000;2064,00000000;-0,88
2020-06-03T00:00:00+00:00;EOSHEDGE/USD;2098,25000000;2129,75000000;2073,00000000;2082,25000000;-0,77
2020-06-02T00:00:00+00:00;EOSHEDGE/USD;1984,75000000;2181,50000000;1941,25000000;2098,25000000;5,41
2020-06-01T00:00:00+00:00;EOSHEDGE/USD;2112,25000000;2122,75000000;1979,75000000;1984,75000000;-6,42
2020-05-31T00:00:00+00:00;EOSHEDGE/USD;2036,25000000;2136,00000000;2035,75000000;2112,25000000;3,6
2020-05-30T00:00:00+00:00;EOSHEDGE/USD;2167,25000000;2183,50000000;2032,25000000;2036,25000000;-6,43
2020-05-29T00:00:00+00:00;EOSHEDGE/USD;2167,00000000;2189,50000000;2119,75000000;2167,25000000;0,01
2020-05-28T00:00:00+00:00;EOSHEDGE/USD;2202,25000000;2251,75000000;2160,50000000;2167,00000000;-1,63
2020-05-27T00:00:00+00:00;EOSHEDGE/USD;2263,75000000;2274,75000000;2198,75000000;2202,25000000;-2,79
2020-05-26T00:00:00+00:00;EOSHEDGE/USD;2243,25000000;2308,50000000;2235,75000000;2263,75000000;0,91
2020-05-25T00:00:00+00:00;EOSHEDGE/USD;2282,25000000;2322,25000000;2225,25000000;2243,25000000;-1,74
2020-05-24T00:00:00+00:00;EOSHEDGE/USD;2219,25000000;2287,50000000;2177,00000000;2282,25000000;2,76
2020-05-23T00:00:00+00:00;EOSHEDGE/USD;2195,00000000;2240,50000000;2169,50000000;2219,25000000;1,09
2020-05-22T00:00:00+00:00;EOSHEDGE/USD;2323,75000000;2345,25000000;2159,50000000;2195,00000000;-5,87
2020-05-21T00:00:00+00:00;EOSHEDGE/USD;2207,75000000;2373,50000000;2190,50000000;2323,75000000;4,99
2020-05-20T00:00:00+00:00;EOSHEDGE/USD;2159,75000000;2279,75000000;2140,75000000;2207,75000000;2,17
2020-05-19T00:00:00+00:00;EOSHEDGE/USD;2152,50000000;2231,00000000;2147,50000000;2159,75000000;0,34
2020-05-18T00:00:00+00:00;EOSHEDGE/USD;2189,25000000;2200,75000000;2084,00000000;2150,25000000;-1,81
2020-05-17T00:00:00+00:00;EOSHEDGE/USD;2176,00000000;2211,50000000;2143,25000000;2189,25000000;0,61
2020-05-16T00:00:00+00:00;EOSHEDGE/USD;2221,00000000;2237,00000000;2137,75000000;2176,00000000;-2,07
2020-05-15T00:00:00+00:00;EOSHEDGE/USD;2189,00000000;2266,25000000;2157,75000000;2221,00000000;1,44
2020-05-14T00:00:00+00:00;EOSHEDGE/USD;2277,50000000;2336,00000000;2164,50000000;2191,25000000;-3,94
2020-05-13T00:00:00+00:00;EOSHEDGE/USD;2361,25000000;2378,25000000;2245,00000000;2277,50000000;-3,68
2020-05-12T00:00:00+00:00;EOSHEDGE/USD;2402,75000000;2505,50000000;2334,75000000;2361,25000000;-1,76
2020-05-11T00:00:00+00:00;EOSHEDGE/USD;2359,00000000;2538,50000000;2312,75000000;2402,75000000;1,82
2020-05-10T00:00:00+00:00;EOSHEDGE/USD;2121,75000000;2510,25000000;2119,50000000;2359,00000000;10,06
2020-05-09T00:00:00+00:00;EOSHEDGE/USD;2119,50000000;2139,75000000;2057,75000000;2121,75000000;0,11
2020-05-08T00:00:00+00:00;EOSHEDGE/USD;2115,50000000;2169,50000000;2062,00000000;2119,50000000;0,19
2020-05-07T00:00:00+00:00;EOSHEDGE/USD;2216,25000000;2270,50000000;2083,00000000;2115,50000000;-4,76
2020-05-06T00:00:00+00:00;EOSHEDGE/USD;2120,50000000;2259,25000000;2080,25000000;2212,50000000;4,16
2020-05-05T00:00:00+00:00;EOSHEDGE/USD;2121,25000000;2208,50000000;2073,50000000;2120,50000000;-0,04
2020-05-04T00:00:00+00:00;EOSHEDGE/USD;2070,25000000;2224,50000000;2063,75000000;2121,25000000;2,4
2020-05-03T00:00:00+00:00;EOSHEDGE/USD;1997,75000000;2123,00000000;1950,75000000;2070,25000000;3,5
2020-05-02T00:00:00+00:00;EOSHEDGE/USD;2044,50000000;2068,50000000;1992,00000000;1997,75000000;-2,34
2020-05-01T00:00:00+00:00;EOSHEDGE/USD;2083,75000000;2090,25000000;2003,50000000;2044,50000000;-1,92
2020-04-30T00:00:00+00:00;EOSHEDGE/USD;1960,25000000;2142,75000000;1889,25000000;2083,75000000;5,93
2020-04-29T00:00:00+00:00;EOSHEDGE/USD;2149,75000000;2156,50000000;1894,75000000;1960,25000000;-9,67
2020-04-28T00:00:00+00:00;EOSHEDGE/USD;2165,75000000;2497,75000000;2139,50000000;2149,75000000;-0,74
2020-04-27T00:00:00+00:00;EOSHEDGE/USD;2170,75000000;2217,50000000;2108,75000000;2165,75000000;-0,23
2020-04-26T00:00:00+00:00;EOSHEDGE/USD;2199,00000000;2228,75000000;2134,25000000;2170,75000000;-1,3
2020-04-25T00:00:00+00:00;EOSHEDGE/USD;2197,25000000;2249,25000000;2122,25000000;2199,00000000;0,08
2020-04-24T00:00:00+00:00;EOSHEDGE/USD;2218,75000000;2249,75000000;2171,00000000;2197,25000000;-0,98
2020-04-23T00:00:00+00:00;EOSHEDGE/USD;2267,50000000;2315,25000000;2151,75000000;2218,75000000;-2,2
2020-04-22T00:00:00+00:00;EOSHEDGE/USD;2365,25000000;2379,75000000;2239,75000000;2267,50000000;-4,31
2020-04-21T00:00:00+00:00;EOSHEDGE/USD;2381,75000000;2411,25000000;2322,25000000;2365,25000000;-0,7
2020-04-20T00:00:00+00:00;EOSHEDGE/USD;2304,25000000;2449,75000000;2216,75000000;2381,75000000;3,25
2020-04-19T00:00:00+00:00;EOSHEDGE/USD;2200,00000000;2355,75000000;2192,50000000;2304,25000000;4,52
2020-04-18T00:00:00+00:00;EOSHEDGE/USD;2300,25000000;2303,25000000;2166,75000000;2200,00000000;-4,56
2020-04-17T00:00:00+00:00;EOSHEDGE/USD;2266,75000000;2384,25000000;2250,75000000;2300,25000000;1,46
2020-04-16T00:00:00+00:00;EOSHEDGE/USD;2567,75000000;2641,75000000;2214,50000000;2266,75000000;-13,28
2020-04-15T00:00:00+00:00;EOSHEDGE/USD;2504,50000000;2584,50000000;2466,50000000;2567,75000000;2,46
2020-04-14T00:00:00+00:00;EOSHEDGE/USD;2529,50000000;2560,00000000;2465,25000000;2504,50000000;-1,0
2020-04-13T00:00:00+00:00;EOSHEDGE/USD;2476,00000000;2652,75000000;2476,00000000;2529,50000000;2,12
2020-04-12T00:00:00+00:00;EOSHEDGE/USD;2467,50000000;2518,75000000;2384,75000000;2476,00000000;0,34
2020-04-11T00:00:00+00:00;EOSHEDGE/USD;2483,50000000;2553,50000000;2429,75000000;2467,50000000;-0,65
2020-04-10T00:00:00+00:00;EOSHEDGE/USD;2292,50000000;2558,25000000;2273,00000000;2484,00000000;7,71
2020-04-09T00:00:00+00:00;EOSHEDGE/USD;2273,00000000;2330,75000000;2262,00000000;2292,50000000;0,85
2020-04-08T00:00:00+00:00;EOSHEDGE/USD;2382,00000000;2425,00000000;2235,00000000;2273,25000000;-4,78
2020-04-07T00:00:00+00:00;EOSHEDGE/USD;2275,75000000;2455,75000000;2220,50000000;2382,00000000;4,46
2020-04-06T00:00:00+00:00;EOSHEDGE/USD;2733,00000000;2734,00000000;2267,75000000;2275,75000000;-20,09
2020-04-05T00:00:00+00:00;EOSHEDGE/USD;2723,75000000;2773,50000000;2683,75000000;2733,00000000;0,34
2020-04-04T00:00:00+00:00;EOSHEDGE/USD;2759,50000000;2851,00000000;2674,50000000;2723,75000000;-1,31
2020-04-03T00:00:00+00:00;EOSHEDGE/USD;2816,75000000;2906,75000000;2696,50000000;2759,00000000;-2,09
2020-04-02T00:00:00+00:00;EOSHEDGE/USD;2858,75000000;2906,75000000;2565,25000000;2816,75000000;-1,49
2020-04-01T00:00:00+00:00;EOSHEDGE/USD;2920,75000000;3015,75000000;2807,25000000;2858,75000000;-2,17
2020-03-31T00:00:00+00:00;EOSHEDGE/USD;2901,25000000;2956,00000000;2867,25000000;2920,75000000;0,67
2020-03-30T00:00:00+00:00;EOSHEDGE/USD;3070,75000000;3080,00000000;2825,25000000;2901,25000000;-5,84
2020-03-29T00:00:00+00:00;EOSHEDGE/USD;2956,00000000;3089,00000000;2934,75000000;3071,25000000;3,75
2020-03-28T00:00:00+00:00;EOSHEDGE/USD;2980,25000000;3117,00000000;2904,00000000;2956,00000000;-0,82
2020-03-27T00:00:00+00:00;EOSHEDGE/USD;2824,00000000;3032,25000000;2762,75000000;2981,00000000;5,27
2020-03-26T00:00:00+00:00;EOSHEDGE/USD;2858,75000000;2906,75000000;2801,75000000;2824,00000000;-1,23
2020-03-25T00:00:00+00:00;EOSHEDGE/USD;2802,25000000;2938,00000000;2767,75000000;2859,50000000;2,0
2020-03-24T00:00:00+00:00;EOSHEDGE/USD;2879,25000000;2896,50000000;2762,00000000;2802,25000000;-2,75
2020-03-23T00:00:00+00:00;EOSHEDGE/USD;3104,75000000;3204,75000000;2808,75000000;2877,25000000;-7,91
2020-03-22T00:00:00+00:00;EOSHEDGE/USD;2923,00000000;3130,25000000;2771,00000000;3104,75000000;5,85
2020-03-21T00:00:00+00:00;EOSHEDGE/USD;3025,00000000;3162,50000000;2812,25000000;2923,00000000;-3,49
2020-03-20T00:00:00+00:00;EOSHEDGE/USD;2919,50000000;3483,50000000;2616,75000000;3025,00000000;3,49
2020-03-19T00:00:00+00:00;EOSHEDGE/USD;3429,50000000;3479,00000000;2771,50000000;2919,50000000;-17,47
2020-03-18T00:00:00+00:00;EOSHEDGE/USD;3490,50000000;3678,00000000;3423,00000000;3427,50000000;-1,84
2020-03-17T00:00:00+00:00;EOSHEDGE/USD;3645,50000000;3694,00000000;3367,00000000;3490,50000000;-4,44
2020-03-16T00:00:00+00:00;EOSHEDGE/USD;3397,00000000;3968,00000000;3388,50000000;3644,00000000;6,78
2020-03-15T00:00:00+00:00;EOSHEDGE/USD;3534,50000000;3570,00000000;3189,00000000;3397,00000000;-4,05
2020-03-14T00:00:00+00:00;EOSHEDGE/USD;3292,00000000;3574,50000000;3249,50000000;3534,50000000;6,86
2020-03-13T00:00:00+00:00;EOSHEDGE/USD;4023,00000000;4947,50000000;3134,00000000;3290,00000000;-22,28
2020-03-12T00:00:00+00:00;EOSHEDGE/USD;2815,50000000;4104,00000000;2800,75000000;4019,00000000;29,95
2020-03-11T00:00:00+00:00;EOSHEDGE/USD;2804,50000000;3015,25000000;2761,50000000;2815,50000000;0,39
2020-03-10T00:00:00+00:00;EOSHEDGE/USD;2809,25000000;2873,25000000;2723,75000000;2804,50000000;-0,17
2020-03-09T00:00:00+00:00;EOSHEDGE/USD;2818,25000000;3002,75000000;2709,50000000;2809,25000000;-0,32
2020-03-08T00:00:00+00:00;EOSHEDGE/USD;2414,25000000;2863,00000000;2414,25000000;2818,25000000;14,34
2020-03-07T00:00:00+00:00;EOSHEDGE/USD;2296,75000000;2428,00000000;2290,75000000;2414,25000000;4,87
2020-03-06T00:00:00+00:00;EOSHEDGE/USD;2343,00000000;2378,50000000;2287,00000000;2296,75000000;-2,01
2020-03-05T00:00:00+00:00;EOSHEDGE/USD;2460,25000000;2460,25000000;2293,25000000;2343,00000000;-5,0
2020-03-04T00:00:00+00:00;EOSHEDGE/USD;2436,50000000;2502,50000000;2403,75000000;2460,25000000;0,97
2020-03-03T00:00:00+00:00;EOSHEDGE/USD;2374,75000000;2479,50000000;2372,25000000;2435,75000000;2,5
2020-03-02T00:00:00+00:00;EOSHEDGE/USD;2518,50000000;2534,75000000;2340,25000000;2374,75000000;-6,05
2020-03-01T00:00:00+00:00;EOSHEDGE/USD;2506,50000000;2583,25000000;2413,25000000;2517,75000000;0,45
2020-02-29T00:00:00+00:00;EOSHEDGE/USD;2495,75000000;2511,75000000;2395,25000000;2506,50000000;0,43
2020-02-28T00:00:00+00:00;EOSHEDGE/USD;2428,25000000;2605,75000000;2383,25000000;2495,75000000;2,7
2020-02-27T00:00:00+00:00;EOSHEDGE/USD;2481,00000000;2584,00000000;2343,00000000;2428,25000000;-2,17
2020-02-26T00:00:00+00:00;EOSHEDGE/USD;2183,50000000;2599,25000000;2164,00000000;2482,50000000;12,04
2020-02-25T00:00:00+00:00;EOSHEDGE/USD;2155,50000000;2283,50000000;2096,25000000;2186,50000000;1,42
2020-02-24T00:00:00+00:00;EOSHEDGE/USD;2029,25000000;2254,00000000;2017,00000000;2155,50000000;5,86
2020-02-23T00:00:00+00:00;EOSHEDGE/USD;2172,50000000;2181,00000000;2015,75000000;2028,75000000;-7,09
2020-02-22T00:00:00+00:00;EOSHEDGE/USD;2194,50000000;2241,75000000;2139,75000000;2172,50000000;-1,01
2020-02-21T00:00:00+00:00;EOSHEDGE/USD;2223,25000000;2250,50000000;2116,25000000;2194,50000000;-1,31
2020-02-20T00:00:00+00:00;EOSHEDGE/USD;2236,25000000;2332,50000000;2164,00000000;2224,75000000;-0,52
2020-02-19T00:00:00+00:00;EOSHEDGE/USD;1970,00000000;2343,25000000;1961,00000000;2236,00000000;11,9
2020-02-18T00:00:00+00:00;EOSHEDGE/USD;2078,00000000;2128,00000000;1939,50000000;1970,00000000;-5,48
2020-02-17T00:00:00+00:00;EOSHEDGE/USD;2059,00000000;2218,50000000;2046,75000000;2079,00000000;0,96
2020-02-16T00:00:00+00:00;EOSHEDGE/USD;1913,50000000;2200,75000000;1864,00000000;2059,00000000;7,07
2020-02-15T00:00:00+00:00;EOSHEDGE/USD;1704,75000000;1991,50000000;1699,00000000;1913,50000000;10,91
2020-02-14T00:00:00+00:00;EOSHEDGE/USD;1708,00000000;1777,50000000;1681,00000000;1704,75000000;-0,19
2020-02-13T00:00:00+00:00;EOSHEDGE/USD;1707,50000000;1764,00000000;1655,50000000;1708,00000000;0,03
2020-02-12T00:00:00+00:00;EOSHEDGE/USD;1730,75000000;1736,50000000;1664,75000000;1707,50000000;-1,36
2020-02-11T00:00:00+00:00;EOSHEDGE/USD;1866,00000000;1906,25000000;1711,00000000;1730,75000000;-7,81
2020-02-10T00:00:00+00:00;EOSHEDGE/USD;1823,00000000;1920,25000000;1809,75000000;1866,00000000;2,3
2020-02-09T00:00:00+00:00;EOSHEDGE/USD;1917,25000000;1917,75000000;1805,75000000;1823,00000000;-5,17
2020-02-08T00:00:00+00:00;EOSHEDGE/USD;1993,00000000;2058,50000000;1880,75000000;1917,75000000;-3,92
2020-02-07T00:00:00+00:00;EOSHEDGE/USD;1985,50000000;2019,75000000;1943,50000000;1992,50000000;0,35
2020-02-06T00:00:00+00:00;EOSHEDGE/USD;2010,50000000;2049,75000000;1953,25000000;1985,50000000;-1,26
2020-02-05T00:00:00+00:00;EOSHEDGE/USD;2172,25000000;2198,50000000;1982,25000000;2010,50000000;-8,05
2020-02-04T00:00:00+00:00;EOSHEDGE/USD;2178,50000000;2252,75000000;2150,25000000;2172,25000000;-0,29
2020-02-03T00:00:00+00:00;EOSHEDGE/USD;2169,75000000;2227,00000000;2082,25000000;2178,00000000;0,38
2020-02-02T00:00:00+00:00;EOSHEDGE/USD;2198,25000000;2260,25000000;2102,75000000;2169,75000000;-1,31
2020-02-01T00:00:00+00:00;EOSHEDGE/USD;2202,25000000;2243,25000000;2135,00000000;2198,25000000;-0,18
2020-01-31T00:00:00+00:00;EOSHEDGE/USD;2108,75000000;2262,25000000;2088,00000000;2203,25000000;4,29
2020-01-30T00:00:00+00:00;EOSHEDGE/USD;2317,50000000;2361,75000000;2065,25000000;2108,25000000;-9,93
2020-01-29T00:00:00+00:00;EOSHEDGE/USD;2268,00000000;2322,25000000;2228,25000000;2317,50000000;2,14
2020-01-28T00:00:00+00:00;EOSHEDGE/USD;2317,25000000;2369,25000000;2221,25000000;2268,00000000;-2,17
2020-01-27T00:00:00+00:00;EOSHEDGE/USD;2537,25000000;2537,75000000;2252,50000000;2317,25000000;-9,49
2020-01-26T00:00:00+00:00;EOSHEDGE/USD;2662,00000000;2706,25000000;2522,50000000;2536,75000000;-4,94
2020-01-25T00:00:00+00:00;EOSHEDGE/USD;2559,25000000;2665,25000000;2559,25000000;2660,75000000;3,81
2020-01-24T00:00:00+00:00;EOSHEDGE/USD;2610,25000000;2764,75000000;2507,50000000;2559,25000000;-1,99
2020-01-23T00:00:00+00:00;EOSHEDGE/USD;2550,25000000;2667,00000000;2548,25000000;2610,25000000;2,3
2020-01-22T00:00:00+00:00;EOSHEDGE/USD;2549,25000000;2594,50000000;2492,00000000;2550,25000000;0,04
2020-01-21T00:00:00+00:00;EOSHEDGE/USD;2572,75000000;2621,25000000;2523,00000000;2549,25000000;-0,92
2020-01-20T00:00:00+00:00;EOSHEDGE/USD;2570,00000000;2659,75000000;2511,50000000;2572,25000000;0,09
2020-01-19T00:00:00+00:00;EOSHEDGE/USD;2446,00000000;2686,50000000;2359,00000000;2570,50000000;4,84
2020-01-18T00:00:00+00:00;EOSHEDGE/USD;2383,25000000;2504,00000000;2318,25000000;2446,00000000;2,57
2020-01-17T00:00:00+00:00;EOSHEDGE/USD;2424,25000000;2485,50000000;2278,75000000;2385,00000000;-1,65
2020-01-16T00:00:00+00:00;EOSHEDGE/USD;2462,50000000;2617,75000000;2371,00000000;2424,25000000;-1,58
2020-01-15T00:00:00+00:00;EOSHEDGE/USD;2432,50000000;2586,00000000;2344,25000000;2463,00000000;1,24
2020-01-14T00:00:00+00:00;EOSHEDGE/USD;3134,50000000;3141,00000000;2278,50000000;2429,00000000;-29,04
2020-01-13T00:00:00+00:00;EOSHEDGE/USD;3036,25000000;3173,00000000;3035,25000000;3134,50000000;3,13
2020-01-12T00:00:00+00:00;EOSHEDGE/USD;3278,00000000;3335,00000000;3026,50000000;3031,25000000;-8,14
2020-01-11T00:00:00+00:00;EOSHEDGE/USD;3277,50000000;3332,00000000;3123,00000000;3277,00000000;-0,02
2020-01-10T00:00:00+00:00;EOSHEDGE/USD;3593,50000000;3719,50000000;3259,00000000;3278,50000000;-9,61
2020-01-09T00:00:00+00:00;EOSHEDGE/USD;3557,00000000;3657,50000000;3525,00000000;3593,50000000;1,02
2020-01-08T00:00:00+00:00;EOSHEDGE/USD;3463,50000000;3628,50000000;3326,00000000;3557,00000000;2,63
2020-01-07T00:00:00+00:00;EOSHEDGE/USD;3457,00000000;3577,00000000;3421,00000000;3464,50000000;0,22

