DATE/TIME;SYMBOL;OPEN;HIGH;LOW;CLOSE;EVOL % CLOSE/HIGH
2022-01-05T00:00:00+00:00;TRYBBEAR/USD;4725,00000000;4725,00000000;4715,00000000;4725,00000000;0,0
2022-01-04T00:00:00+00:00;TRYBBEAR/USD;4667,00000000;4725,00000000;4589,00000000;4725,00000000;1,23
2022-01-03T00:00:00+00:00;TRYBBEAR/USD;4860,00000000;5142,00000000;4242,00000000;4667,00000000;-4,14
2022-01-02T00:00:00+00:00;TRYBBEAR/USD;4759,00000000;4876,00000000;4690,00000000;4860,00000000;2,08
2022-01-01T00:00:00+00:00;TRYBBEAR/USD;4630,00000000;5320,00000000;4618,00000000;4759,00000000;2,71
2021-12-31T00:00:00+00:00;TRYBBEAR/USD;4625,00000000;4671,00000000;4583,00000000;4630,00000000;0,11
2021-12-30T00:00:00+00:00;TRYBBEAR/USD;4039,00000000;4923,00000000;4002,00000000;4625,00000000;12,67
2021-12-29T00:00:00+00:00;TRYBBEAR/USD;3689,00000000;4308,00000000;3689,00000000;4039,00000000;8,67
2021-12-28T00:00:00+00:00;TRYBBEAR/USD;3260,00000000;3701,00000000;3260,00000000;3689,00000000;11,63
2021-12-27T00:00:00+00:00;TRYBBEAR/USD;3290,00000000;3298,00000000;3126,00000000;3260,00000000;-0,92
2021-12-26T00:00:00+00:00;TRYBBEAR/USD;3191,00000000;3298,00000000;3143,00000000;3294,00000000;3,13
2021-12-25T00:00:00+00:00;TRYBBEAR/USD;3421,00000000;3425,00000000;2997,00000000;3191,00000000;-7,21
2021-12-24T00:00:00+00:00;TRYBBEAR/USD;3253,00000000;3990,00000000;3144,00000000;3421,00000000;4,91
2021-12-23T00:00:00+00:00;TRYBBEAR/USD;4814,00000000;4814,00000000;2652,00000000;3253,00000000;-47,99
2021-12-22T00:00:00+00:00;TRYBBEAR/USD;5565,00000000;5565,00000000;4629,00000000;4814,00000000;-15,6
2021-12-21T00:00:00+00:00;TRYBBEAR/USD;8125,00000000;8635,00000000;4255,00000000;5565,00000000;-46,0
2021-12-20T00:00:00+00:00;TRYBBEAR/USD;18140,00000000;22720,00000000;5792,50000000;8125,00000000;-123,26
2021-12-19T00:00:00+00:00;TRYBBEAR/USD;16670,00000000;18295,00000000;16150,00000000;18140,00000000;8,1
2021-12-18T00:00:00+00:00;TRYBBEAR/USD;16600,00000000;17640,00000000;16600,00000000;16670,00000000;0,42
2021-12-17T00:00:00+00:00;TRYBBEAR/USD;13575,00000000;18935,00000000;13575,00000000;16600,00000000;18,22
2021-12-16T00:00:00+00:00;TRYBBEAR/USD;12600,00000000;13575,00000000;12600,00000000;13575,00000000;7,18
2021-12-15T00:00:00+00:00;TRYBBEAR/USD;10955,00000000;13615,00000000;10745,00000000;12600,00000000;13,06
2021-12-14T00:00:00+00:00;TRYBBEAR/USD;11445,00000000;12000,00000000;10745,00000000;10955,00000000;-4,47
2021-12-13T00:00:00+00:00;TRYBBEAR/USD;10815,00000000;12020,00000000;10610,00000000;11445,00000000;5,5
2021-12-12T00:00:00+00:00;TRYBBEAR/USD;11680,00000000;11910,00000000;10767,50000000;10815,00000000;-8,0
2021-12-11T00:00:00+00:00;TRYBBEAR/USD;11770,00000000;12020,00000000;11640,00000000;11680,00000000;-0,77
2021-12-10T00:00:00+00:00;TRYBBEAR/USD;11220,00000000;12020,00000000;11150,00000000;11770,00000000;4,67
2021-12-09T00:00:00+00:00;TRYBBEAR/USD;10680,00000000;11325,00000000;10520,00000000;11220,00000000;4,81
2021-12-08T00:00:00+00:00;TRYBBEAR/USD;10597,50000000;11325,00000000;10452,50000000;10680,00000000;0,77
2021-12-07T00:00:00+00:00;TRYBBEAR/USD;12020,00000000;12020,00000000;10355,00000000;10597,50000000;-13,42
2021-12-06T00:00:00+00:00;TRYBBEAR/USD;12020,00000000;12350,00000000;11890,00000000;12020,00000000;0,0
2021-12-05T00:00:00+00:00;TRYBBEAR/USD;12020,00000000;12020,00000000;12020,00000000;12020,00000000;0,0
2021-12-04T00:00:00+00:00;TRYBBEAR/USD;11570,00000000;12020,00000000;10635,00000000;12020,00000000;3,74
2021-12-03T00:00:00+00:00;TRYBBEAR/USD;9870,00000000;11915,00000000;8315,00000000;11570,00000000;14,69
2021-12-02T00:00:00+00:00;TRYBBEAR/USD;9870,00000000;9870,00000000;9845,00000000;9870,00000000;0,0
2021-12-01T00:00:00+00:00;TRYBBEAR/USD;9880,00000000;9950,00000000;8067,50000000;9870,00000000;-0,1
2021-11-30T00:00:00+00:00;TRYBBEAR/USD;7847,50000000;10080,00000000;7847,50000000;9880,00000000;20,57
2021-11-29T00:00:00+00:00;TRYBBEAR/USD;7927,50000000;8277,50000000;7847,50000000;7847,50000000;-1,02
2021-11-28T00:00:00+00:00;TRYBBEAR/USD;9297,50000000;11225,00000000;7927,50000000;7927,50000000;-17,28
2021-11-27T00:00:00+00:00;TRYBBEAR/USD;8610,00000000;9980,00000000;8610,00000000;9297,50000000;7,39
2021-11-26T00:00:00+00:00;TRYBBEAR/USD;8452,50000000;8610,00000000;8375,00000000;8610,00000000;1,83
2021-11-25T00:00:00+00:00;TRYBBEAR/USD;8822,50000000;9040,00000000;8372,50000000;8452,50000000;-4,38
2021-11-24T00:00:00+00:00;TRYBBEAR/USD;9040,00000000;9040,00000000;7630,00000000;8822,50000000;-2,47
2021-11-23T00:00:00+00:00;TRYBBEAR/USD;7000,00000000;9835,00000000;7000,00000000;9040,00000000;22,57
2021-11-22T00:00:00+00:00;TRYBBEAR/USD;6907,50000000;7080,00000000;6577,50000000;7000,00000000;1,32
2021-11-21T00:00:00+00:00;TRYBBEAR/USD;6957,50000000;6957,50000000;6662,50000000;6907,50000000;-0,72
2021-11-20T00:00:00+00:00;TRYBBEAR/USD;6662,50000000;6957,50000000;6580,00000000;6957,50000000;4,24
2021-11-19T00:00:00+00:00;TRYBBEAR/USD;6582,50000000;6682,50000000;6580,00000000;6662,50000000;1,2
2021-11-18T00:00:00+00:00;TRYBBEAR/USD;6090,00000000;6897,50000000;5900,00000000;6582,50000000;7,48
2021-11-17T00:00:00+00:00;TRYBBEAR/USD;5947,00000000;6135,00000000;5910,00000000;6090,00000000;2,35
2021-11-16T00:00:00+00:00;TRYBBEAR/USD;5123,00000000;5954,00000000;5123,00000000;5947,00000000;13,86
2021-11-15T00:00:00+00:00;TRYBBEAR/USD;5334,00000000;5334,00000000;5123,00000000;5123,00000000;-4,12
2021-11-14T00:00:00+00:00;TRYBBEAR/USD;5321,00000000;5334,00000000;5009,00000000;5334,00000000;0,24
2021-11-13T00:00:00+00:00;TRYBBEAR/USD;5235,00000000;5374,00000000;5235,00000000;5321,00000000;1,62
2021-11-12T00:00:00+00:00;TRYBBEAR/USD;5029,00000000;5235,00000000;5029,00000000;5235,00000000;3,94
2021-11-11T00:00:00+00:00;TRYBBEAR/USD;4976,00000000;5029,00000000;4976,00000000;5029,00000000;1,05
2021-11-10T00:00:00+00:00;TRYBBEAR/USD;4907,00000000;5075,00000000;4723,00000000;4976,00000000;1,39
2021-11-09T00:00:00+00:00;TRYBBEAR/USD;4820,00000000;4907,00000000;4820,00000000;4907,00000000;1,77
2021-11-08T00:00:00+00:00;TRYBBEAR/USD;4701,00000000;4950,00000000;4701,00000000;4820,00000000;2,47
2021-11-07T00:00:00+00:00;TRYBBEAR/USD;4679,00000000;4949,00000000;4679,00000000;4701,00000000;0,47
2021-11-06T00:00:00+00:00;TRYBBEAR/USD;4679,00000000;4704,00000000;4679,00000000;4679,00000000;0,0
2021-11-05T00:00:00+00:00;TRYBBEAR/USD;4698,00000000;4769,00000000;4679,00000000;4679,00000000;-0,41
2021-11-04T00:00:00+00:00;TRYBBEAR/USD;4679,00000000;4733,00000000;4679,00000000;4698,00000000;0,4
2021-11-03T00:00:00+00:00;TRYBBEAR/USD;4679,00000000;4679,00000000;4679,00000000;4679,00000000;0,0
2021-11-02T00:00:00+00:00;TRYBBEAR/USD;4450,00000000;4679,00000000;4450,00000000;4679,00000000;4,89
2021-11-01T00:00:00+00:00;TRYBBEAR/USD;4450,00000000;4450,00000000;4450,00000000;4450,00000000;0,0
2021-10-31T00:00:00+00:00;TRYBBEAR/USD;4450,00000000;4460,00000000;4450,00000000;4450,00000000;0,0
2021-10-30T00:00:00+00:00;TRYBBEAR/USD;4450,00000000;4450,00000000;4450,00000000;4450,00000000;0,0
2021-10-29T00:00:00+00:00;TRYBBEAR/USD;4500,00000000;4539,00000000;4450,00000000;4450,00000000;-1,12
2021-10-28T00:00:00+00:00;TRYBBEAR/USD;4474,00000000;4636,00000000;4450,00000000;4500,00000000;0,58
2021-10-27T00:00:00+00:00;TRYBBEAR/USD;4450,00000000;4509,00000000;4450,00000000;4474,00000000;0,54
2021-10-26T00:00:00+00:00;TRYBBEAR/USD;4491,00000000;4690,00000000;4173,00000000;4450,00000000;-0,92
2021-10-25T00:00:00+00:00;TRYBBEAR/USD;4625,00000000;4794,00000000;4274,00000000;4491,00000000;-2,98
2021-10-24T00:00:00+00:00;TRYBBEAR/USD;4388,00000000;4783,00000000;4258,00000000;4625,00000000;5,12
2021-10-23T00:00:00+00:00;TRYBBEAR/USD;4490,00000000;4498,00000000;4149,00000000;4388,00000000;-2,32
2021-10-22T00:00:00+00:00;TRYBBEAR/USD;4330,00000000;4522,00000000;4149,00000000;4490,00000000;3,56
2021-10-21T00:00:00+00:00;TRYBBEAR/USD;3967,00000000;4330,00000000;3948,00000000;4330,00000000;8,38
2021-10-20T00:00:00+00:00;TRYBBEAR/USD;4119,00000000;4165,00000000;3948,00000000;3967,00000000;-3,83
2021-10-19T00:00:00+00:00;TRYBBEAR/USD;4139,00000000;4174,00000000;4017,00000000;4119,00000000;-0,49
2021-10-18T00:00:00+00:00;TRYBBEAR/USD;4035,00000000;4144,00000000;3948,00000000;4139,00000000;2,51
2021-10-17T00:00:00+00:00;TRYBBEAR/USD;4058,00000000;4068,00000000;3948,00000000;4035,00000000;-0,57
2021-10-16T00:00:00+00:00;TRYBBEAR/USD;4044,00000000;4064,00000000;3948,00000000;4058,00000000;0,34
2021-10-15T00:00:00+00:00;TRYBBEAR/USD;3952,00000000;4063,00000000;3948,00000000;4044,00000000;2,27
2021-10-14T00:00:00+00:00;TRYBBEAR/USD;4104,00000000;4136,00000000;3948,00000000;3952,00000000;-3,85
2021-10-13T00:00:00+00:00;TRYBBEAR/USD;3794,00000000;4104,00000000;3733,00000000;4104,00000000;7,55
2021-10-12T00:00:00+00:00;TRYBBEAR/USD;3731,00000000;3808,00000000;3731,00000000;3794,00000000;1,66
2021-10-11T00:00:00+00:00;TRYBBEAR/USD;3855,00000000;3880,00000000;3691,00000000;3731,00000000;-3,32
2021-10-10T00:00:00+00:00;TRYBBEAR/USD;3674,00000000;3880,00000000;3600,00000000;3855,00000000;4,7
2021-10-09T00:00:00+00:00;TRYBBEAR/USD;3673,00000000;3684,00000000;3481,00000000;3674,00000000;0,03
2021-10-08T00:00:00+00:00;TRYBBEAR/USD;3557,00000000;3682,00000000;3557,00000000;3673,00000000;3,16
2021-10-07T00:00:00+00:00;TRYBBEAR/USD;3556,00000000;3569,00000000;3510,00000000;3557,00000000;0,03
2021-10-06T00:00:00+00:00;TRYBBEAR/USD;3556,00000000;3643,00000000;3481,00000000;3556,00000000;0,0
2021-10-05T00:00:00+00:00;TRYBBEAR/USD;3481,00000000;3566,00000000;3481,00000000;3556,00000000;2,11
2021-10-04T00:00:00+00:00;TRYBBEAR/USD;3483,00000000;3508,00000000;3481,00000000;3481,00000000;-0,06
2021-10-03T00:00:00+00:00;TRYBBEAR/USD;3730,00000000;3730,00000000;3481,00000000;3483,00000000;-7,09
2021-10-02T00:00:00+00:00;TRYBBEAR/USD;3804,00000000;3804,00000000;3718,00000000;3730,00000000;-1,98
2021-10-01T00:00:00+00:00;TRYBBEAR/USD;3804,00000000;3804,00000000;3804,00000000;3804,00000000;0,0
2021-09-30T00:00:00+00:00;TRYBBEAR/USD;4095,00000000;4102,00000000;3804,00000000;3804,00000000;-7,65
2021-09-29T00:00:00+00:00;TRYBBEAR/USD;4050,00000000;4102,00000000;3960,00000000;4095,00000000;1,1
2021-09-28T00:00:00+00:00;TRYBBEAR/USD;3876,00000000;4050,00000000;3876,00000000;4050,00000000;4,3
2021-09-27T00:00:00+00:00;TRYBBEAR/USD;3876,00000000;3876,00000000;3876,00000000;3876,00000000;0,0
2021-09-26T00:00:00+00:00;TRYBBEAR/USD;3876,00000000;3876,00000000;3876,00000000;3876,00000000;0,0
2021-09-25T00:00:00+00:00;TRYBBEAR/USD;3830,00000000;3876,00000000;3715,00000000;3876,00000000;1,19
2021-09-24T00:00:00+00:00;TRYBBEAR/USD;3687,00000000;4053,00000000;3608,00000000;3830,00000000;3,73
2021-09-23T00:00:00+00:00;TRYBBEAR/USD;3608,00000000;3736,00000000;3608,00000000;3687,00000000;2,14
2021-09-22T00:00:00+00:00;TRYBBEAR/USD;3608,00000000;3616,00000000;3608,00000000;3608,00000000;0,0
2021-09-21T00:00:00+00:00;TRYBBEAR/USD;3723,00000000;3723,00000000;3608,00000000;3608,00000000;-3,19
2021-09-20T00:00:00+00:00;TRYBBEAR/USD;3644,00000000;3774,00000000;3644,00000000;3723,00000000;2,12
2021-09-19T00:00:00+00:00;TRYBBEAR/USD;3644,00000000;3644,00000000;3644,00000000;3644,00000000;0,0
2021-09-18T00:00:00+00:00;TRYBBEAR/USD;3644,00000000;3644,00000000;3644,00000000;3644,00000000;0,0
2021-09-17T00:00:00+00:00;TRYBBEAR/USD;3552,00000000;3653,00000000;3489,00000000;3644,00000000;2,52
2021-09-16T00:00:00+00:00;TRYBBEAR/USD;3549,00000000;3650,00000000;3496,00000000;3552,00000000;0,08
2021-09-15T00:00:00+00:00;TRYBBEAR/USD;3582,00000000;3620,00000000;3543,00000000;3549,00000000;-0,93
2021-09-14T00:00:00+00:00;TRYBBEAR/USD;3637,00000000;3637,00000000;3574,00000000;3582,00000000;-1,54
2021-09-13T00:00:00+00:00;TRYBBEAR/USD;3594,00000000;3640,00000000;3560,00000000;3637,00000000;1,18
2021-09-12T00:00:00+00:00;TRYBBEAR/USD;3629,00000000;3629,00000000;3590,00000000;3594,00000000;-0,97
2021-09-11T00:00:00+00:00;TRYBBEAR/USD;3635,00000000;3635,00000000;3628,00000000;3629,00000000;-0,17
2021-09-10T00:00:00+00:00;TRYBBEAR/USD;3650,00000000;3650,00000000;3620,00000000;3635,00000000;-0,41
2021-09-09T00:00:00+00:00;TRYBBEAR/USD;3650,00000000;3650,00000000;3650,00000000;3650,00000000;0,0
2021-09-08T00:00:00+00:00;TRYBBEAR/USD;3551,00000000;3714,00000000;3480,00000000;3650,00000000;2,71
2021-09-07T00:00:00+00:00;TRYBBEAR/USD;3443,00000000;3554,00000000;3438,00000000;3551,00000000;3,04
2021-09-06T00:00:00+00:00;TRYBBEAR/USD;3480,00000000;3480,00000000;3400,00000000;3443,00000000;-1,07
2021-09-05T00:00:00+00:00;TRYBBEAR/USD;3480,00000000;3480,00000000;3459,00000000;3480,00000000;0,0
2021-09-04T00:00:00+00:00;TRYBBEAR/USD;3480,00000000;3480,00000000;3480,00000000;3480,00000000;0,0
2021-09-03T00:00:00+00:00;TRYBBEAR/USD;3480,00000000;3480,00000000;3471,00000000;3480,00000000;0,0
2021-09-02T00:00:00+00:00;TRYBBEAR/USD;3416,00000000;3480,00000000;3416,00000000;3480,00000000;1,84
2021-09-01T00:00:00+00:00;TRYBBEAR/USD;3416,00000000;3444,00000000;3416,00000000;3416,00000000;0,0
2021-08-31T00:00:00+00:00;TRYBBEAR/USD;3505,00000000;3583,00000000;3416,00000000;3416,00000000;-2,61
2021-08-30T00:00:00+00:00;TRYBBEAR/USD;3611,00000000;3744,00000000;3505,00000000;3505,00000000;-3,02
2021-08-29T00:00:00+00:00;TRYBBEAR/USD;3611,00000000;3744,00000000;3598,00000000;3611,00000000;0,0
2021-08-28T00:00:00+00:00;TRYBBEAR/USD;3677,00000000;3677,00000000;3610,00000000;3611,00000000;-1,83
2021-08-27T00:00:00+00:00;TRYBBEAR/USD;3744,00000000;3744,00000000;3644,00000000;3677,00000000;-1,82
2021-08-26T00:00:00+00:00;TRYBBEAR/USD;3744,00000000;3744,00000000;3729,00000000;3744,00000000;0,0
2021-08-25T00:00:00+00:00;TRYBBEAR/USD;3744,00000000;3744,00000000;3733,00000000;3744,00000000;0,0
2021-08-24T00:00:00+00:00;TRYBBEAR/USD;3651,00000000;3744,00000000;3633,00000000;3744,00000000;2,48
2021-08-23T00:00:00+00:00;TRYBBEAR/USD;3890,00000000;4008,00000000;3446,00000000;3651,00000000;-6,55
2021-08-22T00:00:00+00:00;TRYBBEAR/USD;3883,00000000;3890,00000000;3792,00000000;3890,00000000;0,18
2021-08-21T00:00:00+00:00;TRYBBEAR/USD;3763,00000000;3890,00000000;3763,00000000;3883,00000000;3,09
2021-08-20T00:00:00+00:00;TRYBBEAR/USD;3812,00000000;3812,00000000;3763,00000000;3763,00000000;-1,3
2021-08-19T00:00:00+00:00;TRYBBEAR/USD;3794,00000000;3882,00000000;3763,00000000;3812,00000000;0,47
2021-08-18T00:00:00+00:00;TRYBBEAR/USD;3763,00000000;3873,00000000;3763,00000000;3794,00000000;0,82
2021-08-17T00:00:00+00:00;TRYBBEAR/USD;3804,00000000;3841,00000000;3676,00000000;3763,00000000;-1,09
2021-08-16T00:00:00+00:00;TRYBBEAR/USD;3843,00000000;4014,00000000;3592,00000000;3804,00000000;-1,03
2021-08-15T00:00:00+00:00;TRYBBEAR/USD;3976,00000000;4025,00000000;3843,00000000;3843,00000000;-3,46
2021-08-14T00:00:00+00:00;TRYBBEAR/USD;4114,00000000;4114,00000000;3958,00000000;3976,00000000;-3,47
2021-08-13T00:00:00+00:00;TRYBBEAR/USD;4136,00000000;4136,00000000;4104,00000000;4114,00000000;-0,53
2021-08-12T00:00:00+00:00;TRYBBEAR/USD;4136,00000000;4136,00000000;4136,00000000;4136,00000000;0,0
2021-08-11T00:00:00+00:00;TRYBBEAR/USD;4136,00000000;4136,00000000;4136,00000000;4136,00000000;0,0
2021-08-10T00:00:00+00:00;TRYBBEAR/USD;4136,00000000;4136,00000000;4136,00000000;4136,00000000;0,0
2021-08-09T00:00:00+00:00;TRYBBEAR/USD;4136,00000000;4149,00000000;4136,00000000;4136,00000000;0,0
2021-08-08T00:00:00+00:00;TRYBBEAR/USD;4136,00000000;4184,00000000;4136,00000000;4136,00000000;0,0
2021-08-07T00:00:00+00:00;TRYBBEAR/USD;4159,00000000;4218,00000000;4033,00000000;4136,00000000;-0,56
2021-08-06T00:00:00+00:00;TRYBBEAR/USD;4136,00000000;4209,00000000;4136,00000000;4159,00000000;0,55
2021-08-05T00:00:00+00:00;TRYBBEAR/USD;4060,00000000;4178,00000000;3966,00000000;4136,00000000;1,84
2021-08-04T00:00:00+00:00;TRYBBEAR/USD;4002,00000000;4098,00000000;3966,00000000;4060,00000000;1,43
2021-08-03T00:00:00+00:00;TRYBBEAR/USD;3966,00000000;4069,00000000;3964,00000000;4002,00000000;0,9
2021-08-02T00:00:00+00:00;TRYBBEAR/USD;4091,00000000;4091,00000000;3966,00000000;3966,00000000;-3,15
2021-08-01T00:00:00+00:00;TRYBBEAR/USD;4133,00000000;4133,00000000;4091,00000000;4091,00000000;-1,03
2021-07-31T00:00:00+00:00;TRYBBEAR/USD;4133,00000000;4133,00000000;4133,00000000;4133,00000000;0,0
2021-07-30T00:00:00+00:00;TRYBBEAR/USD;4254,00000000;4337,00000000;4133,00000000;4133,00000000;-2,93
2021-07-29T00:00:00+00:00;TRYBBEAR/USD;4439,00000000;4502,00000000;4244,00000000;4254,00000000;-4,35
2021-07-28T00:00:00+00:00;TRYBBEAR/USD;4451,00000000;4510,00000000;4428,00000000;4439,00000000;-0,27
2021-07-27T00:00:00+00:00;TRYBBEAR/USD;4403,00000000;4570,00000000;4403,00000000;4451,00000000;1,08
2021-07-26T00:00:00+00:00;TRYBBEAR/USD;4527,00000000;4564,00000000;4282,00000000;4403,00000000;-2,82
2021-07-25T00:00:00+00:00;TRYBBEAR/USD;4602,00000000;4784,00000000;4521,00000000;4527,00000000;-1,66
2021-07-24T00:00:00+00:00;TRYBBEAR/USD;4541,00000000;4704,00000000;4537,00000000;4602,00000000;1,33
2021-07-23T00:00:00+00:00;TRYBBEAR/USD;4580,00000000;4607,00000000;4530,00000000;4541,00000000;-0,86
2021-07-22T00:00:00+00:00;TRYBBEAR/USD;4637,00000000;4711,00000000;4564,00000000;4580,00000000;-1,24
2021-07-21T00:00:00+00:00;TRYBBEAR/USD;4702,00000000;4779,00000000;4637,00000000;4637,00000000;-1,4
2021-07-20T00:00:00+00:00;TRYBBEAR/USD;4658,00000000;4779,00000000;4635,00000000;4702,00000000;0,94
2021-07-19T00:00:00+00:00;TRYBBEAR/USD;4682,00000000;4755,00000000;4541,00000000;4658,00000000;-0,52
2021-07-18T00:00:00+00:00;TRYBBEAR/USD;4686,00000000;4765,00000000;4659,00000000;4682,00000000;-0,09
2021-07-17T00:00:00+00:00;TRYBBEAR/USD;4589,00000000;4811,00000000;4589,00000000;4686,00000000;2,07
2021-07-16T00:00:00+00:00;TRYBBEAR/USD;4669,00000000;4757,00000000;4547,00000000;4589,00000000;-1,74
2021-07-15T00:00:00+00:00;TRYBBEAR/USD;4702,00000000;4783,00000000;4638,00000000;4669,00000000;-0,71
2021-07-14T00:00:00+00:00;TRYBBEAR/USD;4772,00000000;4811,00000000;4702,00000000;4702,00000000;-1,49
2021-07-13T00:00:00+00:00;TRYBBEAR/USD;4811,00000000;4811,00000000;4735,00000000;4772,00000000;-0,82
2021-07-12T00:00:00+00:00;TRYBBEAR/USD;4954,00000000;4961,00000000;4794,00000000;4811,00000000;-2,97
2021-07-11T00:00:00+00:00;TRYBBEAR/USD;5004,00000000;5119,00000000;4947,00000000;4954,00000000;-1,01
2021-07-10T00:00:00+00:00;TRYBBEAR/USD;4936,00000000;5039,00000000;4936,00000000;5004,00000000;1,36
2021-07-09T00:00:00+00:00;TRYBBEAR/USD;4989,00000000;5118,00000000;4935,00000000;4936,00000000;-1,07
2021-07-08T00:00:00+00:00;TRYBBEAR/USD;4981,00000000;5118,00000000;4976,00000000;4989,00000000;0,16
2021-07-07T00:00:00+00:00;TRYBBEAR/USD;5011,00000000;5118,00000000;4963,00000000;4981,00000000;-0,6
2021-07-06T00:00:00+00:00;TRYBBEAR/USD;4998,00000000;5121,00000000;4963,00000000;5011,00000000;0,26
2021-07-05T00:00:00+00:00;TRYBBEAR/USD;5153,00000000;5163,00000000;4998,00000000;4998,00000000;-3,1
2021-07-04T00:00:00+00:00;TRYBBEAR/USD;5175,00000000;5175,00000000;5133,00000000;5153,00000000;-0,43
2021-07-03T00:00:00+00:00;TRYBBEAR/USD;5149,00000000;5175,00000000;5148,00000000;5175,00000000;0,5
2021-07-02T00:00:00+00:00;TRYBBEAR/USD;5147,00000000;5175,00000000;5129,00000000;5149,00000000;0,04
2021-07-01T00:00:00+00:00;TRYBBEAR/USD;5220,00000000;5306,00000000;5117,00000000;5147,00000000;-1,42
2021-06-30T00:00:00+00:00;TRYBBEAR/USD;5300,00000000;5306,00000000;5142,00000000;5220,00000000;-1,53
2021-06-29T00:00:00+00:00;TRYBBEAR/USD;5263,00000000;5306,00000000;5246,00000000;5300,00000000;0,7
2021-06-28T00:00:00+00:00;TRYBBEAR/USD;5306,00000000;5327,50000000;5258,00000000;5263,00000000;-0,82
2021-06-27T00:00:00+00:00;TRYBBEAR/USD;5307,50000000;5412,50000000;5306,00000000;5306,00000000;-0,03
2021-06-26T00:00:00+00:00;TRYBBEAR/USD;5306,00000000;5400,00000000;5306,00000000;5307,50000000;0,03
2021-06-25T00:00:00+00:00;TRYBBEAR/USD;5306,00000000;5320,00000000;5306,00000000;5306,00000000;0,0
2021-06-24T00:00:00+00:00;TRYBBEAR/USD;5306,00000000;5306,00000000;5249,00000000;5306,00000000;0,0
2021-06-23T00:00:00+00:00;TRYBBEAR/USD;5306,00000000;5306,00000000;5290,00000000;5306,00000000;0,0
2021-06-22T00:00:00+00:00;TRYBBEAR/USD;5306,00000000;5306,00000000;5297,50000000;5306,00000000;0,0
2021-06-21T00:00:00+00:00;TRYBBEAR/USD;5306,00000000;5306,00000000;5300,00000000;5306,00000000;0,0
2021-06-20T00:00:00+00:00;TRYBBEAR/USD;5296,00000000;5306,00000000;5287,00000000;5306,00000000;0,19
2021-06-19T00:00:00+00:00;TRYBBEAR/USD;5175,00000000;5306,00000000;5151,00000000;5296,00000000;2,28
2021-06-18T00:00:00+00:00;TRYBBEAR/USD;5167,00000000;5208,00000000;5151,00000000;5175,00000000;0,15
2021-06-17T00:00:00+00:00;TRYBBEAR/USD;5018,00000000;5208,00000000;4900,00000000;5167,00000000;2,88
2021-06-16T00:00:00+00:00;TRYBBEAR/USD;5021,00000000;5094,00000000;4888,00000000;5018,00000000;-0,06
2021-06-15T00:00:00+00:00;TRYBBEAR/USD;4881,00000000;5171,00000000;4859,00000000;5021,00000000;2,79
2021-06-14T00:00:00+00:00;TRYBBEAR/USD;4833,00000000;4981,00000000;4692,00000000;4881,00000000;0,98
2021-06-13T00:00:00+00:00;TRYBBEAR/USD;4881,00000000;5001,00000000;4831,00000000;4833,00000000;-0,99
2021-06-12T00:00:00+00:00;TRYBBEAR/USD;4897,00000000;5001,00000000;4875,00000000;4881,00000000;-0,33
2021-06-11T00:00:00+00:00;TRYBBEAR/USD;5025,00000000;5135,00000000;4790,00000000;4897,00000000;-2,61
2021-06-10T00:00:00+00:00;TRYBBEAR/USD;5336,00000000;5402,00000000;5008,00000000;5025,00000000;-6,19
2021-06-09T00:00:00+00:00;TRYBBEAR/USD;5392,50000000;5485,00000000;5310,00000000;5336,00000000;-1,06
2021-06-08T00:00:00+00:00;TRYBBEAR/USD;5402,50000000;5487,50000000;5370,00000000;5392,50000000;-0,19
2021-06-07T00:00:00+00:00;TRYBBEAR/USD;5512,50000000;5537,50000000;5377,50000000;5402,50000000;-2,04
2021-06-06T00:00:00+00:00;TRYBBEAR/USD;5512,50000000;5512,50000000;5495,00000000;5512,50000000;0,0
2021-06-05T00:00:00+00:00;TRYBBEAR/USD;5512,50000000;5512,50000000;5512,50000000;5512,50000000;0,0
2021-06-04T00:00:00+00:00;TRYBBEAR/USD;5587,50000000;5660,00000000;5512,50000000;5512,50000000;-1,36
2021-06-03T00:00:00+00:00;TRYBBEAR/USD;5507,50000000;5610,00000000;5490,00000000;5587,50000000;1,43
2021-06-02T00:00:00+00:00;TRYBBEAR/USD;5577,50000000;5577,50000000;5505,00000000;5507,50000000;-1,27
2021-06-01T00:00:00+00:00;TRYBBEAR/USD;5427,50000000;5757,50000000;5350,00000000;5577,50000000;2,69
2021-05-31T00:00:00+00:00;TRYBBEAR/USD;5607,50000000;5607,50000000;5412,50000000;5427,50000000;-3,32
2021-05-30T00:00:00+00:00;TRYBBEAR/USD;5360,00000000;5607,50000000;5357,50000000;5607,50000000;4,41
2021-05-29T00:00:00+00:00;TRYBBEAR/USD;5520,00000000;5527,50000000;5350,00000000;5360,00000000;-2,99
2021-05-28T00:00:00+00:00;TRYBBEAR/USD;5345,00000000;5535,00000000;5257,50000000;5520,00000000;3,17
2021-05-27T00:00:00+00:00;TRYBBEAR/USD;5235,00000000;5430,00000000;5157,50000000;5345,00000000;2,06
2021-05-26T00:00:00+00:00;TRYBBEAR/USD;5147,50000000;5400,00000000;5055,00000000;5235,00000000;1,67
2021-05-25T00:00:00+00:00;TRYBBEAR/USD;5040,00000000;5315,00000000;5035,00000000;5147,50000000;2,09
2021-05-24T00:00:00+00:00;TRYBBEAR/USD;5097,50000000;5832,50000000;5035,00000000;5040,00000000;-1,14
2021-05-23T00:00:00+00:00;TRYBBEAR/USD;5880,00000000;5887,50000000;5095,00000000;5097,50000000;-15,35
2021-05-22T00:00:00+00:00;TRYBBEAR/USD;5865,00000000;5887,50000000;5835,00000000;5880,00000000;0,26
2021-05-21T00:00:00+00:00;TRYBBEAR/USD;5870,00000000;5890,00000000;5737,50000000;5865,00000000;-0,09
2021-05-20T00:00:00+00:00;TRYBBEAR/USD;6200,00000000;6200,00000000;5807,50000000;5870,00000000;-5,62
2021-05-19T00:00:00+00:00;TRYBBEAR/USD;5732,50000000;6200,00000000;5717,50000000;6200,00000000;7,54
2021-05-18T00:00:00+00:00;TRYBBEAR/USD;5745,00000000;5745,00000000;5670,00000000;5732,50000000;-0,22
2021-05-17T00:00:00+00:00;TRYBBEAR/USD;5745,00000000;5745,00000000;5717,50000000;5745,00000000;0,0
2021-05-16T00:00:00+00:00;TRYBBEAR/USD;6020,00000000;6020,00000000;5745,00000000;5745,00000000;-4,79
2021-05-15T00:00:00+00:00;TRYBBEAR/USD;6020,00000000;6020,00000000;6020,00000000;6020,00000000;0,0
2021-05-14T00:00:00+00:00;TRYBBEAR/USD;6267,50000000;6402,50000000;6020,00000000;6020,00000000;-4,11
2021-05-13T00:00:00+00:00;TRYBBEAR/USD;6117,50000000;6292,50000000;6020,00000000;6267,50000000;2,39
2021-05-12T00:00:00+00:00;TRYBBEAR/USD;6020,00000000;6157,50000000;6020,00000000;6117,50000000;1,59
2021-05-11T00:00:00+00:00;TRYBBEAR/USD;6020,00000000;6020,00000000;6020,00000000;6020,00000000;0,0
2021-05-10T00:00:00+00:00;TRYBBEAR/USD;6020,00000000;6020,00000000;6020,00000000;6020,00000000;0,0
2021-05-09T00:00:00+00:00;TRYBBEAR/USD;6020,00000000;6020,00000000;6020,00000000;6020,00000000;0,0
2021-05-08T00:00:00+00:00;TRYBBEAR/USD;6020,00000000;6020,00000000;6020,00000000;6020,00000000;0,0
2021-05-07T00:00:00+00:00;TRYBBEAR/USD;6020,00000000;6020,00000000;6020,00000000;6020,00000000;0,0
2021-05-06T00:00:00+00:00;TRYBBEAR/USD;6130,00000000;6147,50000000;6020,00000000;6020,00000000;-1,83
2021-05-05T00:00:00+00:00;TRYBBEAR/USD;6207,50000000;6302,50000000;6062,50000000;6130,00000000;-1,26
2021-05-04T00:00:00+00:00;TRYBBEAR/USD;6032,50000000;6257,50000000;6020,00000000;6207,50000000;2,82
2021-05-03T00:00:00+00:00;TRYBBEAR/USD;6325,00000000;6362,50000000;6020,00000000;6032,50000000;-4,85
2021-05-02T00:00:00+00:00;TRYBBEAR/USD;6055,00000000;6325,00000000;5952,50000000;6325,00000000;4,27
2021-05-01T00:00:00+00:00;TRYBBEAR/USD;5937,50000000;6077,50000000;5932,50000000;6055,00000000;1,94
2021-04-30T00:00:00+00:00;TRYBBEAR/USD;5927,50000000;6022,50000000;5927,50000000;5937,50000000;0,17
2021-04-29T00:00:00+00:00;TRYBBEAR/USD;5927,50000000;5927,50000000;5892,50000000;5927,50000000;0,0
2021-04-28T00:00:00+00:00;TRYBBEAR/USD;5930,00000000;5932,50000000;5895,00000000;5927,50000000;-0,04
2021-04-27T00:00:00+00:00;TRYBBEAR/USD;6017,50000000;6017,50000000;5835,00000000;5930,00000000;-1,48
2021-04-26T00:00:00+00:00;TRYBBEAR/USD;6552,50000000;6652,50000000;5602,50000000;6017,50000000;-8,89
2021-04-25T00:00:00+00:00;TRYBBEAR/USD;6535,00000000;6630,00000000;6497,50000000;6552,50000000;0,27
2021-04-24T00:00:00+00:00;TRYBBEAR/USD;6167,50000000;6652,50000000;6047,50000000;6535,00000000;5,62
2021-04-23T00:00:00+00:00;TRYBBEAR/USD;6102,50000000;6172,50000000;6047,50000000;6167,50000000;1,05
2021-04-22T00:00:00+00:00;TRYBBEAR/USD;6350,00000000;6350,00000000;6047,50000000;6102,50000000;-4,06
2021-04-21T00:00:00+00:00;TRYBBEAR/USD;6220,00000000;6480,00000000;6180,00000000;6350,00000000;2,05
2021-04-20T00:00:00+00:00;TRYBBEAR/USD;6025,00000000;6565,00000000;6025,00000000;6220,00000000;3,14
2021-04-19T00:00:00+00:00;TRYBBEAR/USD;6095,00000000;6765,00000000;6017,50000000;6025,00000000;-1,16
2021-04-18T00:00:00+00:00;TRYBBEAR/USD;6205,00000000;6205,00000000;6017,50000000;6095,00000000;-1,8
2021-04-17T00:00:00+00:00;TRYBBEAR/USD;6195,00000000;6205,00000000;6160,00000000;6205,00000000;0,16
2021-04-16T00:00:00+00:00;TRYBBEAR/USD;6107,50000000;6285,00000000;5705,00000000;6195,00000000;1,41
2021-04-15T00:00:00+00:00;TRYBBEAR/USD;6237,50000000;6465,00000000;6057,50000000;6107,50000000;-2,13
2021-04-14T00:00:00+00:00;TRYBBEAR/USD;6160,00000000;6332,50000000;6015,00000000;6237,50000000;1,24
2021-04-13T00:00:00+00:00;TRYBBEAR/USD;6497,50000000;6530,00000000;6145,00000000;6160,00000000;-5,48
2021-04-12T00:00:00+00:00;TRYBBEAR/USD;6632,50000000;6780,00000000;6430,00000000;6497,50000000;-2,08
2021-04-11T00:00:00+00:00;TRYBBEAR/USD;6657,50000000;6790,00000000;6300,00000000;6632,50000000;-0,38
2021-04-10T00:00:00+00:00;TRYBBEAR/USD;6657,50000000;6657,50000000;6600,00000000;6657,50000000;0,0
2021-04-09T00:00:00+00:00;TRYBBEAR/USD;6657,50000000;6795,00000000;6647,50000000;6657,50000000;0,0
2021-04-08T00:00:00+00:00;TRYBBEAR/USD;6677,50000000;6747,50000000;6582,50000000;6657,50000000;-0,3
2021-04-07T00:00:00+00:00;TRYBBEAR/USD;6535,00000000;7157,50000000;6482,50000000;6677,50000000;2,13
2021-04-06T00:00:00+00:00;TRYBBEAR/USD;6482,50000000;6645,00000000;6482,50000000;6535,00000000;0,8
2021-04-05T00:00:00+00:00;TRYBBEAR/USD;6482,50000000;6545,00000000;6482,50000000;6482,50000000;0,0
2021-04-04T00:00:00+00:00;TRYBBEAR/USD;6482,50000000;6497,50000000;6482,50000000;6482,50000000;0,0
2021-04-03T00:00:00+00:00;TRYBBEAR/USD;6362,50000000;6482,50000000;6362,50000000;6482,50000000;1,85
2021-04-02T00:00:00+00:00;TRYBBEAR/USD;6447,50000000;6537,50000000;6245,00000000;6362,50000000;-1,34
2021-04-01T00:00:00+00:00;TRYBBEAR/USD;6447,50000000;6447,50000000;6447,50000000;6447,50000000;0,0
2021-03-31T00:00:00+00:00;TRYBBEAR/USD;6447,50000000;6472,50000000;6447,50000000;6447,50000000;0,0
2021-03-30T00:00:00+00:00;TRYBBEAR/USD;6140,00000000;6705,00000000;6120,00000000;6447,50000000;4,77
2021-03-29T00:00:00+00:00;TRYBBEAR/USD;6117,50000000;6167,50000000;6030,00000000;6140,00000000;0,37
2021-03-28T00:00:00+00:00;TRYBBEAR/USD;6175,00000000;6267,50000000;6095,00000000;6117,50000000;-0,94
2021-03-27T00:00:00+00:00;TRYBBEAR/USD;6362,50000000;6370,00000000;6172,50000000;6175,00000000;-3,04
2021-03-26T00:00:00+00:00;TRYBBEAR/USD;5912,50000000;6370,00000000;5890,00000000;6362,50000000;7,07
2021-03-25T00:00:00+00:00;TRYBBEAR/USD;5737,50000000;5957,50000000;5737,50000000;5912,50000000;2,96
2021-03-24T00:00:00+00:00;TRYBBEAR/USD;5737,50000000;5880,00000000;5737,50000000;5737,50000000;0,0
2021-03-23T00:00:00+00:00;TRYBBEAR/USD;5715,00000000;5767,50000000;5622,50000000;5737,50000000;0,39
2021-03-22T00:00:00+00:00;TRYBBEAR/USD;5834,00000000;6413,00000000;4937,00000000;5715,00000000;-2,08
2021-03-21T00:00:00+00:00;TRYBBEAR/USD;4884,00000000;5835,00000000;4884,00000000;5834,00000000;16,28
2021-03-20T00:00:00+00:00;TRYBBEAR/USD;4884,00000000;4884,00000000;4856,00000000;4884,00000000;0,0
2021-03-19T00:00:00+00:00;TRYBBEAR/USD;5083,00000000;5083,00000000;4847,00000000;4884,00000000;-4,07
2021-03-18T00:00:00+00:00;TRYBBEAR/USD;5572,50000000;5572,50000000;5050,00000000;5083,00000000;-9,63
2021-03-17T00:00:00+00:00;TRYBBEAR/USD;5652,50000000;5652,50000000;5572,50000000;5572,50000000;-1,44
2021-03-16T00:00:00+00:00;TRYBBEAR/USD;5652,50000000;5652,50000000;5652,50000000;5652,50000000;0,0
2021-03-15T00:00:00+00:00;TRYBBEAR/USD;5652,50000000;5652,50000000;5652,50000000;5652,50000000;0,0
2021-03-14T00:00:00+00:00;TRYBBEAR/USD;5652,50000000;5652,50000000;5652,50000000;5652,50000000;0,0
2021-03-13T00:00:00+00:00;TRYBBEAR/USD;5652,50000000;5662,50000000;5652,50000000;5652,50000000;0,0
2021-03-12T00:00:00+00:00;TRYBBEAR/USD;5652,50000000;5755,00000000;5652,50000000;5652,50000000;0,0
2021-03-11T00:00:00+00:00;TRYBBEAR/USD;5590,00000000;5752,50000000;5590,00000000;5652,50000000;1,11
2021-03-10T00:00:00+00:00;TRYBBEAR/USD;5782,50000000;5792,50000000;5590,00000000;5590,00000000;-3,44
2021-03-09T00:00:00+00:00;TRYBBEAR/USD;6130,00000000;6130,00000000;5782,50000000;5782,50000000;-6,01
2021-03-08T00:00:00+00:00;TRYBBEAR/USD;5845,00000000;6130,00000000;5842,50000000;6130,00000000;4,65
2021-03-07T00:00:00+00:00;TRYBBEAR/USD;5975,00000000;5975,00000000;5845,00000000;5845,00000000;-2,22
2021-03-06T00:00:00+00:00;TRYBBEAR/USD;5975,00000000;5975,00000000;5975,00000000;5975,00000000;0,0
2021-03-05T00:00:00+00:00;TRYBBEAR/USD;5835,00000000;5997,50000000;5727,50000000;5975,00000000;2,34
2021-03-04T00:00:00+00:00;TRYBBEAR/USD;5795,00000000;5920,00000000;5727,50000000;5835,00000000;0,69
2021-03-03T00:00:00+00:00;TRYBBEAR/USD;5662,50000000;5795,00000000;5592,50000000;5795,00000000;2,29
2021-03-02T00:00:00+00:00;TRYBBEAR/USD;5767,50000000;5817,50000000;5437,50000000;5662,50000000;-1,85
2021-03-01T00:00:00+00:00;TRYBBEAR/USD;6037,50000000;6040,00000000;5720,00000000;5767,50000000;-4,68
2021-02-28T00:00:00+00:00;TRYBBEAR/USD;5922,50000000;6110,00000000;5922,50000000;6037,50000000;1,9
2021-02-27T00:00:00+00:00;TRYBBEAR/USD;5990,00000000;6000,00000000;5890,00000000;5922,50000000;-1,14
2021-02-26T00:00:00+00:00;TRYBBEAR/USD;5737,50000000;6137,50000000;5712,50000000;5990,00000000;4,22
2021-02-25T00:00:00+00:00;TRYBBEAR/USD;5642,50000000;5935,00000000;5642,50000000;5737,50000000;1,66
2021-02-24T00:00:00+00:00;TRYBBEAR/USD;5470,00000000;6097,50000000;5430,00000000;5642,50000000;3,06
2021-02-23T00:00:00+00:00;TRYBBEAR/USD;5430,00000000;5617,50000000;5430,00000000;5470,00000000;0,73
2021-02-22T00:00:00+00:00;TRYBBEAR/USD;5430,00000000;5675,00000000;5430,00000000;5430,00000000;0,0
2021-02-21T00:00:00+00:00;TRYBBEAR/USD;5382,50000000;5430,00000000;5382,50000000;5430,00000000;0,87
2021-02-20T00:00:00+00:00;TRYBBEAR/USD;5436,00000000;5457,50000000;5375,00000000;5382,50000000;-0,99
2021-02-19T00:00:00+00:00;TRYBBEAR/USD;5465,00000000;5497,50000000;5380,00000000;5436,00000000;-0,53
2021-02-18T00:00:00+00:00;TRYBBEAR/USD;5617,50000000;5692,50000000;5430,00000000;5465,00000000;-2,79
2021-02-17T00:00:00+00:00;TRYBBEAR/USD;5707,50000000;5885,00000000;5575,00000000;5617,50000000;-1,6
2021-02-16T00:00:00+00:00;TRYBBEAR/USD;5707,50000000;5707,50000000;5587,50000000;5707,50000000;0,0
2021-02-15T00:00:00+00:00;TRYBBEAR/USD;5707,50000000;5720,00000000;5707,50000000;5707,50000000;0,0
2021-02-14T00:00:00+00:00;TRYBBEAR/USD;5707,50000000;5715,00000000;5707,50000000;5707,50000000;0,0
2021-02-13T00:00:00+00:00;TRYBBEAR/USD;5707,50000000;5707,50000000;5685,00000000;5707,50000000;0,0
2021-02-12T00:00:00+00:00;TRYBBEAR/USD;5695,00000000;5762,50000000;5665,00000000;5707,50000000;0,22
2021-02-11T00:00:00+00:00;TRYBBEAR/USD;5740,00000000;5757,50000000;5655,00000000;5695,00000000;-0,79
2021-02-10T00:00:00+00:00;TRYBBEAR/USD;5695,00000000;5762,50000000;5600,00000000;5740,00000000;0,78
2021-02-09T00:00:00+00:00;TRYBBEAR/USD;5635,00000000;5762,50000000;5627,50000000;5695,00000000;1,05
2021-02-08T00:00:00+00:00;TRYBBEAR/USD;5330,00000000;5732,50000000;5107,50000000;5635,00000000;5,41
2021-02-07T00:00:00+00:00;TRYBBEAR/USD;5330,00000000;5330,00000000;5330,00000000;5330,00000000;0,0
2021-02-06T00:00:00+00:00;TRYBBEAR/USD;4942,00000000;5488,00000000;4844,00000000;5330,00000000;7,28
2021-02-05T00:00:00+00:00;TRYBBEAR/USD;4839,00000000;4969,00000000;4787,00000000;4942,00000000;2,08
2021-02-04T00:00:00+00:00;TRYBBEAR/USD;5070,00000000;5095,00000000;4657,00000000;4842,00000000;-4,71
2021-02-03T00:00:00+00:00;TRYBBEAR/USD;5070,00000000;5070,00000000;5042,00000000;5070,00000000;0,0
2021-02-02T00:00:00+00:00;TRYBBEAR/USD;5070,00000000;5070,00000000;5066,00000000;5070,00000000;0,0
2021-02-01T00:00:00+00:00;TRYBBEAR/USD;5070,00000000;5070,00000000;5040,00000000;5070,00000000;0,0
2021-01-31T00:00:00+00:00;TRYBBEAR/USD;5496,00000000;5502,50000000;5011,00000000;5070,00000000;-8,4
2021-01-30T00:00:00+00:00;TRYBBEAR/USD;5502,50000000;5502,50000000;5455,00000000;5496,00000000;-0,12
2021-01-29T00:00:00+00:00;TRYBBEAR/USD;5677,50000000;5740,00000000;5427,50000000;5502,50000000;-3,18
2021-01-28T00:00:00+00:00;TRYBBEAR/USD;5887,50000000;6112,50000000;5600,00000000;5677,50000000;-3,7
2021-01-27T00:00:00+00:00;TRYBBEAR/USD;5797,50000000;6162,50000000;5785,00000000;5887,50000000;1,53
2021-01-26T00:00:00+00:00;TRYBBEAR/USD;5812,50000000;5965,00000000;5750,00000000;5797,50000000;-0,26
2021-01-25T00:00:00+00:00;TRYBBEAR/USD;5885,00000000;5940,00000000;5712,50000000;5812,50000000;-1,25
2021-01-24T00:00:00+00:00;TRYBBEAR/USD;5985,00000000;6162,50000000;5862,50000000;5885,00000000;-1,7
2021-01-23T00:00:00+00:00;TRYBBEAR/USD;5985,00000000;6162,50000000;5965,00000000;5985,00000000;0,0
2021-01-22T00:00:00+00:00;TRYBBEAR/USD;6097,50000000;6437,50000000;5985,00000000;5985,00000000;-1,88
2021-01-21T00:00:00+00:00;TRYBBEAR/USD;6095,00000000;6362,50000000;5962,50000000;6097,50000000;0,04
2021-01-20T00:00:00+00:00;TRYBBEAR/USD;6025,00000000;6275,00000000;5925,00000000;6095,00000000;1,15
2021-01-19T00:00:00+00:00;TRYBBEAR/USD;6112,50000000;6312,50000000;5922,50000000;6025,00000000;-1,45
2021-01-18T00:00:00+00:00;TRYBBEAR/USD;6140,00000000;6527,50000000;6070,00000000;6112,50000000;-0,45
2021-01-17T00:00:00+00:00;TRYBBEAR/USD;6127,50000000;6280,00000000;6095,00000000;6140,00000000;0,2
2021-01-16T00:00:00+00:00;TRYBBEAR/USD;6345,00000000;6837,50000000;5972,50000000;6127,50000000;-3,55
2021-01-15T00:00:00+00:00;TRYBBEAR/USD;5952,50000000;6905,00000000;5830,00000000;6345,00000000;6,19
2021-01-14T00:00:00+00:00;TRYBBEAR/USD;6475,00000000;6905,00000000;5725,00000000;5952,50000000;-8,78
2021-01-13T00:00:00+00:00;TRYBBEAR/USD;6905,00000000;6905,00000000;6245,00000000;6475,00000000;-6,64
2021-01-12T00:00:00+00:00;TRYBBEAR/USD;6905,00000000;6905,00000000;6750,00000000;6905,00000000;0,0
2021-01-11T00:00:00+00:00;TRYBBEAR/USD;6905,00000000;6905,00000000;6905,00000000;6905,00000000;0,0
2021-01-10T00:00:00+00:00;TRYBBEAR/USD;6905,00000000;6905,00000000;6510,00000000;6905,00000000;0,0
2021-01-09T00:00:00+00:00;TRYBBEAR/USD;6905,00000000;6905,00000000;6600,00000000;6680,00000000;-3,37
2021-01-08T00:00:00+00:00;TRYBBEAR/USD;6905,00000000;6905,00000000;6815,00000000;6905,00000000;0,0
2021-01-07T00:00:00+00:00;TRYBBEAR/USD;6730,00000000;6905,00000000;6422,50000000;6905,00000000;2,53
2021-01-06T00:00:00+00:00;TRYBBEAR/USD;6905,00000000;6905,00000000;6595,00000000;6730,00000000;-2,6
2021-01-05T00:00:00+00:00;TRYBBEAR/USD;6905,00000000;6905,00000000;6905,00000000;6905,00000000;0,0
2021-01-04T00:00:00+00:00;TRYBBEAR/USD;6905,00000000;6905,00000000;6900,00000000;6905,00000000;0,0
2021-01-03T00:00:00+00:00;TRYBBEAR/USD;6905,00000000;6905,00000000;6905,00000000;6905,00000000;0,0
2021-01-02T00:00:00+00:00;TRYBBEAR/USD;6905,00000000;6925,00000000;6905,00000000;6905,00000000;0,0
2021-01-01T00:00:00+00:00;TRYBBEAR/USD;7095,00000000;7130,00000000;6905,00000000;6905,00000000;-2,75
2020-12-31T00:00:00+00:00;TRYBBEAR/USD;6972,50000000;7130,00000000;6920,00000000;7095,00000000;1,73
2020-12-30T00:00:00+00:00;TRYBBEAR/USD;6970,00000000;7130,00000000;6792,50000000;6972,50000000;0,04
2020-12-29T00:00:00+00:00;TRYBBEAR/USD;7085,00000000;7340,00000000;6832,50000000;6970,00000000;-1,65
2020-12-28T00:00:00+00:00;TRYBBEAR/USD;7780,00000000;8010,00000000;6975,00000000;7085,00000000;-9,81
2020-12-27T00:00:00+00:00;TRYBBEAR/USD;7877,50000000;8010,00000000;7562,50000000;7780,00000000;-1,25
2020-12-26T00:00:00+00:00;TRYBBEAR/USD;7597,50000000;8010,00000000;7412,50000000;7877,50000000;3,55
2020-12-25T00:00:00+00:00;TRYBBEAR/USD;7597,50000000;8010,00000000;7465,00000000;7597,50000000;0,0
2020-12-24T00:00:00+00:00;TRYBBEAR/USD;8010,00000000;8010,00000000;7525,00000000;7597,50000000;-5,43
2020-12-23T00:00:00+00:00;TRYBBEAR/USD;8010,00000000;8010,00000000;7952,50000000;8010,00000000;0,0
2020-12-22T00:00:00+00:00;TRYBBEAR/USD;8010,00000000;8010,00000000;8010,00000000;8010,00000000;0,0
2020-12-21T00:00:00+00:00;TRYBBEAR/USD;8010,00000000;8147,50000000;8010,00000000;8010,00000000;0,0
2020-12-20T00:00:00+00:00;TRYBBEAR/USD;8010,00000000;8010,00000000;7997,50000000;8010,00000000;0,0
2020-12-19T00:00:00+00:00;TRYBBEAR/USD;8010,00000000;8010,00000000;8010,00000000;8010,00000000;0,0
2020-12-18T00:00:00+00:00;TRYBBEAR/USD;8805,00000000;8805,00000000;8005,00000000;8010,00000000;-9,93
2020-12-17T00:00:00+00:00;TRYBBEAR/USD;8807,50000000;8807,50000000;8805,00000000;8805,00000000;-0,03
2020-12-16T00:00:00+00:00;TRYBBEAR/USD;8930,00000000;8975,00000000;8805,00000000;8807,50000000;-1,39
2020-12-15T00:00:00+00:00;TRYBBEAR/USD;8947,50000000;9017,50000000;8787,50000000;8930,00000000;-0,2
2020-12-14T00:00:00+00:00;TRYBBEAR/USD;8917,50000000;9170,00000000;8740,00000000;8947,50000000;0,34
2020-12-13T00:00:00+00:00;TRYBBEAR/USD;8885,00000000;8940,00000000;8602,50000000;8917,50000000;0,36
2020-12-12T00:00:00+00:00;TRYBBEAR/USD;8822,50000000;8892,50000000;8580,00000000;8885,00000000;0,7
2020-12-11T00:00:00+00:00;TRYBBEAR/USD;8917,50000000;9380,00000000;8507,50000000;8822,50000000;-1,08
2020-12-10T00:00:00+00:00;TRYBBEAR/USD;8570,00000000;9002,50000000;8507,50000000;8917,50000000;3,9
2020-12-09T00:00:00+00:00;TRYBBEAR/USD;8507,50000000;8650,00000000;8507,50000000;8570,00000000;0,73
2020-12-08T00:00:00+00:00;TRYBBEAR/USD;8510,00000000;8660,00000000;8507,50000000;8507,50000000;-0,03
2020-12-07T00:00:00+00:00;TRYBBEAR/USD;8507,50000000;8730,00000000;8507,50000000;8510,00000000;0,03
2020-12-06T00:00:00+00:00;TRYBBEAR/USD;8507,50000000;8507,50000000;8507,50000000;8507,50000000;0,0
2020-12-05T00:00:00+00:00;TRYBBEAR/USD;8507,50000000;8507,50000000;8475,00000000;8507,50000000;0,0
2020-12-04T00:00:00+00:00;TRYBBEAR/USD;8507,50000000;8512,50000000;8395,00000000;8507,50000000;0,0
2020-12-03T00:00:00+00:00;TRYBBEAR/USD;8550,00000000;8730,00000000;8437,50000000;8507,50000000;-0,5
2020-12-02T00:00:00+00:00;TRYBBEAR/USD;8507,50000000;8560,00000000;8507,50000000;8550,00000000;0,5
2020-12-01T00:00:00+00:00;TRYBBEAR/USD;8507,50000000;8725,00000000;8507,50000000;8507,50000000;0,0
2020-11-30T00:00:00+00:00;TRYBBEAR/USD;8995,00000000;9447,50000000;8507,50000000;8507,50000000;-5,73
2020-11-29T00:00:00+00:00;TRYBBEAR/USD;9112,50000000;9272,50000000;8945,00000000;8995,00000000;-1,31
2020-11-28T00:00:00+00:00;TRYBBEAR/USD;9530,00000000;9820,00000000;9097,50000000;9112,50000000;-4,58
2020-11-27T00:00:00+00:00;TRYBBEAR/USD;10285,00000000;10285,00000000;9325,00000000;9530,00000000;-7,92
2020-11-26T00:00:00+00:00;TRYBBEAR/USD;8840,00000000;10285,00000000;8700,00000000;10285,00000000;14,05
2020-11-25T00:00:00+00:00;TRYBBEAR/USD;9195,00000000;9195,00000000;8507,50000000;8840,00000000;-4,02
2020-11-24T00:00:00+00:00;TRYBBEAR/USD;8775,00000000;9357,50000000;8555,00000000;9195,00000000;4,57
2020-11-23T00:00:00+00:00;TRYBBEAR/USD;8377,50000000;9035,00000000;8377,50000000;8775,00000000;4,53
2020-11-22T00:00:00+00:00;TRYBBEAR/USD;8325,00000000;8377,50000000;8325,00000000;8377,50000000;0,63
2020-11-21T00:00:00+00:00;TRYBBEAR/USD;8377,50000000;8377,50000000;8305,00000000;8325,00000000;-0,63
2020-11-20T00:00:00+00:00;TRYBBEAR/USD;8342,50000000;8377,50000000;8235,00000000;8377,50000000;0,42
2020-11-19T00:00:00+00:00;TRYBBEAR/USD;9265,00000000;9270,00000000;8095,00000000;8342,50000000;-11,06
2020-11-18T00:00:00+00:00;TRYBBEAR/USD;9270,00000000;9270,00000000;9210,00000000;9265,00000000;-0,05
2020-11-17T00:00:00+00:00;TRYBBEAR/USD;9572,50000000;9877,50000000;9270,00000000;9270,00000000;-3,26
2020-11-16T00:00:00+00:00;TRYBBEAR/USD;9477,50000000;9935,00000000;9357,50000000;9572,50000000;0,99
2020-11-15T00:00:00+00:00;TRYBBEAR/USD;9572,50000000;10070,00000000;9450,00000000;9477,50000000;-1,0
2020-11-14T00:00:00+00:00;TRYBBEAR/USD;9805,00000000;9922,50000000;9572,50000000;9572,50000000;-2,43
2020-11-13T00:00:00+00:00;TRYBBEAR/USD;10145,00000000;10460,00000000;9685,00000000;9805,00000000;-3,47
2020-11-12T00:00:00+00:00;TRYBBEAR/USD;10840,00000000;11055,00000000;10085,00000000;10145,00000000;-6,85
2020-11-11T00:00:00+00:00;TRYBBEAR/USD;12645,00000000;12680,00000000;10790,00000000;10840,00000000;-16,65
2020-11-10T00:00:00+00:00;TRYBBEAR/USD;12645,00000000;13630,00000000;12645,00000000;12645,00000000;0,0
2020-11-09T00:00:00+00:00;TRYBBEAR/USD;14755,00000000;14755,00000000;12310,00000000;12645,00000000;-16,69
2020-11-08T00:00:00+00:00;TRYBBEAR/USD;14950,00000000;14950,00000000;14380,00000000;14755,00000000;-1,32
2020-11-07T00:00:00+00:00;TRYBBEAR/USD;15155,00000000;15230,00000000;14865,00000000;14950,00000000;-1,37
2020-11-06T00:00:00+00:00;TRYBBEAR/USD;14820,00000000;15590,00000000;14755,00000000;15155,00000000;2,21
2020-11-05T00:00:00+00:00;TRYBBEAR/USD;14820,00000000;15050,00000000;14755,00000000;14820,00000000;0,0
2020-11-04T00:00:00+00:00;TRYBBEAR/USD;14800,00000000;15410,00000000;14755,00000000;14820,00000000;0,13
2020-11-03T00:00:00+00:00;TRYBBEAR/USD;14495,00000000;15120,00000000;14290,00000000;14800,00000000;2,06
2020-11-02T00:00:00+00:00;TRYBBEAR/USD;14230,00000000;14530,00000000;14135,00000000;14495,00000000;1,83
2020-11-01T00:00:00+00:00;TRYBBEAR/USD;14205,00000000;14285,00000000;14135,00000000;14230,00000000;0,18
2020-10-31T00:00:00+00:00;TRYBBEAR/USD;14285,00000000;14285,00000000;14135,00000000;14205,00000000;-0,56
2020-10-30T00:00:00+00:00;TRYBBEAR/USD;14190,00000000;14510,00000000;14135,00000000;14285,00000000;0,67
2020-10-29T00:00:00+00:00;TRYBBEAR/USD;14175,00000000;14365,00000000;13945,00000000;14190,00000000;0,11
2020-10-28T00:00:00+00:00;TRYBBEAR/USD;13980,00000000;14470,00000000;13825,00000000;14175,00000000;1,38
2020-10-27T00:00:00+00:00;TRYBBEAR/USD;13960,00000000;14025,00000000;13825,00000000;13980,00000000;0,14
2020-10-26T00:00:00+00:00;TRYBBEAR/USD;13535,00000000;14000,00000000;13440,00000000;13960,00000000;3,04
2020-10-25T00:00:00+00:00;TRYBBEAR/USD;13635,00000000;13770,00000000;13440,00000000;13535,00000000;-0,74
2020-10-24T00:00:00+00:00;TRYBBEAR/USD;13770,00000000;13770,00000000;13635,00000000;13635,00000000;-0,99
2020-10-23T00:00:00+00:00;TRYBBEAR/USD;13770,00000000;13770,00000000;13770,00000000;13770,00000000;0,0
2020-10-22T00:00:00+00:00;TRYBBEAR/USD;13250,00000000;13775,00000000;13075,00000000;13770,00000000;3,78
2020-10-21T00:00:00+00:00;TRYBBEAR/USD;13550,00000000;13850,00000000;13150,00000000;13250,00000000;-2,26
2020-10-20T00:00:00+00:00;TRYBBEAR/USD;13700,00000000;14075,00000000;13530,00000000;13550,00000000;-1,11
2020-10-19T00:00:00+00:00;TRYBBEAR/USD;13960,00000000;14100,00000000;13700,00000000;13700,00000000;-1,9
2020-10-18T00:00:00+00:00;TRYBBEAR/USD;14100,00000000;14100,00000000;13960,00000000;13960,00000000;-1,0
2020-10-17T00:00:00+00:00;TRYBBEAR/USD;14100,00000000;14100,00000000;14100,00000000;14100,00000000;0,0
2020-10-16T00:00:00+00:00;TRYBBEAR/USD;14490,00000000;14490,00000000;14100,00000000;14100,00000000;-2,77
2020-10-15T00:00:00+00:00;TRYBBEAR/USD;14490,00000000;14490,00000000;14485,00000000;14490,00000000;0,0
2020-10-14T00:00:00+00:00;TRYBBEAR/USD;14500,00000000;14600,00000000;14490,00000000;14490,00000000;-0,07
2020-10-13T00:00:00+00:00;TRYBBEAR/USD;14660,00000000;14660,00000000;14500,00000000;14500,00000000;-1,1
2020-10-12T00:00:00+00:00;TRYBBEAR/USD;15020,00000000;15020,00000000;14660,00000000;14660,00000000;-2,46
2020-10-11T00:00:00+00:00;TRYBBEAR/USD;15295,00000000;15730,00000000;14850,00000000;15020,00000000;-1,83
2020-10-10T00:00:00+00:00;TRYBBEAR/USD;15575,00000000;15715,00000000;15275,00000000;15295,00000000;-1,83
2020-10-09T00:00:00+00:00;TRYBBEAR/USD;15920,00000000;15935,00000000;15445,00000000;15575,00000000;-2,22
2020-10-08T00:00:00+00:00;TRYBBEAR/USD;15840,00000000;16140,00000000;15750,00000000;15920,00000000;0,5
2020-10-07T00:00:00+00:00;TRYBBEAR/USD;15790,00000000;15970,00000000;15645,00000000;15840,00000000;0,32
2020-10-06T00:00:00+00:00;TRYBBEAR/USD;15755,00000000;16240,00000000;15530,00000000;15790,00000000;0,22
2020-10-05T00:00:00+00:00;TRYBBEAR/USD;15875,00000000;16270,00000000;15565,00000000;15755,00000000;-0,76
2020-10-04T00:00:00+00:00;TRYBBEAR/USD;16145,00000000;16270,00000000;15875,00000000;15875,00000000;-1,7
2020-10-03T00:00:00+00:00;TRYBBEAR/USD;15950,00000000;16270,00000000;15950,00000000;16145,00000000;1,21
2020-10-02T00:00:00+00:00;TRYBBEAR/USD;16360,00000000;16775,00000000;15900,00000000;15950,00000000;-2,57
2020-10-01T00:00:00+00:00;TRYBBEAR/USD;16295,00000000;16800,00000000;15645,00000000;16360,00000000;0,4
2020-09-30T00:00:00+00:00;TRYBBEAR/USD;16800,00000000;16800,00000000;16160,00000000;16295,00000000;-3,1
2020-09-29T00:00:00+00:00;TRYBBEAR/USD;17000,00000000;17020,00000000;16800,00000000;16800,00000000;-1,19
2020-09-28T00:00:00+00:00;TRYBBEAR/USD;16555,00000000;17095,00000000;16475,00000000;17000,00000000;2,62
2020-09-27T00:00:00+00:00;TRYBBEAR/USD;16775,00000000;16900,00000000;16380,00000000;16555,00000000;-1,33
2020-09-26T00:00:00+00:00;TRYBBEAR/USD;16900,00000000;16900,00000000;16760,00000000;16775,00000000;-0,75
2020-09-25T00:00:00+00:00;TRYBBEAR/USD;16865,00000000;17000,00000000;16110,00000000;16900,00000000;0,21
2020-09-24T00:00:00+00:00;TRYBBEAR/USD;17290,00000000;17290,00000000;16490,00000000;16865,00000000;-2,52
2020-09-23T00:00:00+00:00;TRYBBEAR/USD;17290,00000000;17290,00000000;17215,00000000;17290,00000000;0,0
2020-09-22T00:00:00+00:00;TRYBBEAR/USD;16925,00000000;17290,00000000;16925,00000000;17290,00000000;2,11
2020-09-21T00:00:00+00:00;TRYBBEAR/USD;16745,00000000;17070,00000000;16650,00000000;16925,00000000;1,06
2020-09-20T00:00:00+00:00;TRYBBEAR/USD;16935,00000000;17130,00000000;16670,00000000;16745,00000000;-1,13
2020-09-19T00:00:00+00:00;TRYBBEAR/USD;17105,00000000;17130,00000000;16870,00000000;16935,00000000;-1,0
2020-09-18T00:00:00+00:00;TRYBBEAR/USD;17105,00000000;17130,00000000;17005,00000000;17105,00000000;0,0
2020-09-17T00:00:00+00:00;TRYBBEAR/USD;16280,00000000;17130,00000000;15830,00000000;17105,00000000;4,82
2020-09-16T00:00:00+00:00;TRYBBEAR/USD;15995,00000000;16355,00000000;15790,00000000;16280,00000000;1,75
2020-09-15T00:00:00+00:00;TRYBBEAR/USD;15790,00000000;15995,00000000;15790,00000000;15995,00000000;1,28
2020-09-14T00:00:00+00:00;TRYBBEAR/USD;15790,00000000;15790,00000000;15790,00000000;15790,00000000;0,0
2020-09-13T00:00:00+00:00;TRYBBEAR/USD;15700,00000000;16060,00000000;15400,00000000;15790,00000000;0,57
2020-09-12T00:00:00+00:00;TRYBBEAR/USD;15255,00000000;15700,00000000;14980,00000000;15700,00000000;2,83
2020-09-11T00:00:00+00:00;TRYBBEAR/USD;14950,00000000;15270,00000000;14900,00000000;15255,00000000;2,0
2020-09-10T00:00:00+00:00;TRYBBEAR/USD;15205,00000000;15340,00000000;14900,00000000;14950,00000000;-1,71
2020-09-09T00:00:00+00:00;TRYBBEAR/USD;15205,00000000;15215,00000000;15205,00000000;15205,00000000;0,0
2020-09-08T00:00:00+00:00;TRYBBEAR/USD;15065,00000000;15205,00000000;15065,00000000;15205,00000000;0,92
2020-09-07T00:00:00+00:00;TRYBBEAR/USD;14280,00000000;15185,00000000;13535,00000000;15065,00000000;5,21
2020-09-06T00:00:00+00:00;TRYBBEAR/USD;13810,00000000;14365,00000000;13730,00000000;14280,00000000;3,29
2020-09-05T00:00:00+00:00;TRYBBEAR/USD;13565,00000000;13825,00000000;13260,00000000;13810,00000000;1,77
2020-09-04T00:00:00+00:00;TRYBBEAR/USD;13300,00000000;13590,00000000;13260,00000000;13565,00000000;1,95
2020-09-03T00:00:00+00:00;TRYBBEAR/USD;13265,00000000;13300,00000000;13100,00000000;13300,00000000;0,26
2020-09-02T00:00:00+00:00;TRYBBEAR/USD;12995,00000000;13280,00000000;12985,00000000;13265,00000000;2,04
2020-09-01T00:00:00+00:00;TRYBBEAR/USD;13030,00000000;13135,00000000;12985,00000000;12995,00000000;-0,27
2020-08-31T00:00:00+00:00;TRYBBEAR/USD;13070,00000000;13070,00000000;12970,00000000;13030,00000000;-0,31
2020-08-30T00:00:00+00:00;TRYBBEAR/USD;13065,00000000;13070,00000000;12875,00000000;13070,00000000;0,04
2020-08-29T00:00:00+00:00;TRYBBEAR/USD;12760,00000000;13070,00000000;12760,00000000;13065,00000000;2,33
2020-08-28T00:00:00+00:00;TRYBBEAR/USD;12775,00000000;12840,00000000;12750,00000000;12760,00000000;-0,12
2020-08-27T00:00:00+00:00;TRYBBEAR/USD;12985,00000000;12985,00000000;12615,00000000;12775,00000000;-1,64
2020-08-26T00:00:00+00:00;TRYBBEAR/USD;12985,00000000;12985,00000000;12835,00000000;12985,00000000;0,0
2020-08-25T00:00:00+00:00;TRYBBEAR/USD;12520,00000000;12985,00000000;12500,00000000;12985,00000000;3,58
2020-08-24T00:00:00+00:00;TRYBBEAR/USD;12420,00000000;12615,00000000;12300,00000000;12520,00000000;0,8
2020-08-23T00:00:00+00:00;TRYBBEAR/USD;12120,00000000;12615,00000000;12120,00000000;12420,00000000;2,42
2020-08-22T00:00:00+00:00;TRYBBEAR/USD;12200,00000000;12200,00000000;12120,00000000;12120,00000000;-0,66
2020-08-21T00:00:00+00:00;TRYBBEAR/USD;12560,00000000;13405,00000000;12015,00000000;12200,00000000;-2,95
2020-08-20T00:00:00+00:00;TRYBBEAR/USD;12600,00000000;13010,00000000;12505,00000000;12560,00000000;-0,32
2020-08-19T00:00:00+00:00;TRYBBEAR/USD;13135,00000000;13405,00000000;12280,00000000;12600,00000000;-4,25
2020-08-18T00:00:00+00:00;TRYBBEAR/USD;13020,00000000;13405,00000000;12955,00000000;13135,00000000;0,88
2020-08-17T00:00:00+00:00;TRYBBEAR/USD;13085,00000000;13405,00000000;13010,00000000;13020,00000000;-0,5
2020-08-16T00:00:00+00:00;TRYBBEAR/USD;13305,00000000;13405,00000000;13045,00000000;13085,00000000;-1,68
2020-08-15T00:00:00+00:00;TRYBBEAR/USD;13405,00000000;13405,00000000;13305,00000000;13305,00000000;-0,75
2020-08-14T00:00:00+00:00;TRYBBEAR/USD;13405,00000000;13405,00000000;13405,00000000;13405,00000000;0,0
2020-08-13T00:00:00+00:00;TRYBBEAR/USD;13405,00000000;13440,00000000;13405,00000000;13405,00000000;0,0
2020-08-12T00:00:00+00:00;TRYBBEAR/USD;13415,00000000;13795,00000000;13190,00000000;13405,00000000;-0,07
2020-08-11T00:00:00+00:00;TRYBBEAR/USD;13795,00000000;13795,00000000;13220,00000000;13415,00000000;-2,83
2020-08-10T00:00:00+00:00;TRYBBEAR/USD;13795,00000000;13805,00000000;13480,00000000;13795,00000000;0,0
2020-08-09T00:00:00+00:00;TRYBBEAR/USD;13825,00000000;13960,00000000;13005,00000000;13795,00000000;-0,22
2020-08-08T00:00:00+00:00;TRYBBEAR/USD;13635,00000000;13990,00000000;13635,00000000;13825,00000000;1,37
2020-08-07T00:00:00+00:00;TRYBBEAR/USD;13505,00000000;14375,00000000;13210,00000000;13635,00000000;0,95
2020-08-06T00:00:00+00:00;TRYBBEAR/USD;12950,00000000;13925,00000000;12950,00000000;13505,00000000;4,11
2020-08-05T00:00:00+00:00;TRYBBEAR/USD;12055,00000000;12990,00000000;11990,00000000;12950,00000000;6,91
2020-08-04T00:00:00+00:00;TRYBBEAR/USD;12065,00000000;12215,00000000;11990,00000000;12055,00000000;-0,08
2020-08-03T00:00:00+00:00;TRYBBEAR/USD;12365,00000000;12365,00000000;11990,00000000;12065,00000000;-2,49
2020-08-02T00:00:00+00:00;TRYBBEAR/USD;11920,00000000;12365,00000000;11920,00000000;12365,00000000;3,6
2020-08-01T00:00:00+00:00;TRYBBEAR/USD;11850,00000000;11920,00000000;11850,00000000;11920,00000000;0,59
2020-07-31T00:00:00+00:00;TRYBBEAR/USD;11670,00000000;11875,00000000;11670,00000000;11850,00000000;1,52
2020-07-30T00:00:00+00:00;TRYBBEAR/USD;11605,00000000;11670,00000000;11535,00000000;11670,00000000;0,56
2020-07-29T00:00:00+00:00;TRYBBEAR/USD;11625,00000000;11670,00000000;11515,00000000;11605,00000000;-0,17
2020-07-28T00:00:00+00:00;TRYBBEAR/USD;11425,00000000;11685,00000000;11345,00000000;11625,00000000;1,72
2020-07-27T00:00:00+00:00;TRYBBEAR/USD;11245,00000000;11685,00000000;11175,00000000;11425,00000000;1,58
2020-07-26T00:00:00+00:00;TRYBBEAR/USD;11415,00000000;11495,00000000;11215,00000000;11245,00000000;-1,51
2020-07-25T00:00:00+00:00;TRYBBEAR/USD;11590,00000000;11635,00000000;11415,00000000;11415,00000000;-1,53
2020-07-24T00:00:00+00:00;TRYBBEAR/USD;11500,00000000;11685,00000000;10790,00000000;11590,00000000;0,78
2020-07-23T00:00:00+00:00;TRYBBEAR/USD;11630,00000000;11665,00000000;11275,00000000;11500,00000000;-1,13
2020-07-22T00:00:00+00:00;TRYBBEAR/USD;11450,00000000;11660,00000000;11170,00000000;11630,00000000;1,55
2020-07-21T00:00:00+00:00;TRYBBEAR/USD;11455,00000000;11525,00000000;11285,00000000;11450,00000000;-0,04
2020-07-20T00:00:00+00:00;TRYBBEAR/USD;11315,00000000;11465,00000000;11175,00000000;11455,00000000;1,22
2020-07-19T00:00:00+00:00;TRYBBEAR/USD;11210,00000000;11350,00000000;11135,00000000;11315,00000000;0,93
2020-07-18T00:00:00+00:00;TRYBBEAR/USD;11075,00000000;11210,00000000;10790,00000000;11210,00000000;1,2
2020-07-17T00:00:00+00:00;TRYBBEAR/USD;10930,00000000;11115,00000000;10790,00000000;11075,00000000;1,31
2020-07-16T00:00:00+00:00;TRYBBEAR/USD;10790,00000000;10930,00000000;10790,00000000;10930,00000000;1,28
2020-07-15T00:00:00+00:00;TRYBBEAR/USD;11105,00000000;11495,00000000;10790,00000000;10790,00000000;-2,92
2020-07-14T00:00:00+00:00;TRYBBEAR/USD;11180,00000000;11950,00000000;11075,00000000;11105,00000000;-0,68
2020-07-13T00:00:00+00:00;TRYBBEAR/USD;11265,00000000;11375,00000000;11165,00000000;11180,00000000;-0,76
2020-07-12T00:00:00+00:00;TRYBBEAR/USD;11375,00000000;11580,00000000;11260,00000000;11265,00000000;-0,98
2020-07-11T00:00:00+00:00;TRYBBEAR/USD;11500,00000000;11595,00000000;11375,00000000;11375,00000000;-1,1
2020-07-10T00:00:00+00:00;TRYBBEAR/USD;11645,00000000;11830,00000000;11500,00000000;11500,00000000;-1,26
2020-07-09T00:00:00+00:00;TRYBBEAR/USD;11755,00000000;11950,00000000;11645,00000000;11645,00000000;-0,94
2020-07-08T00:00:00+00:00;TRYBBEAR/USD;11885,00000000;11950,00000000;11745,00000000;11755,00000000;-1,11
2020-07-07T00:00:00+00:00;TRYBBEAR/USD;11950,00000000;11950,00000000;11870,00000000;11885,00000000;-0,55
2020-07-06T00:00:00+00:00;TRYBBEAR/USD;11745,00000000;11950,00000000;11575,00000000;11950,00000000;1,72
2020-07-05T00:00:00+00:00;TRYBBEAR/USD;11655,00000000;12425,00000000;11530,00000000;11745,00000000;0,77
2020-07-04T00:00:00+00:00;TRYBBEAR/USD;11550,00000000;11655,00000000;11530,00000000;11655,00000000;0,9
2020-07-03T00:00:00+00:00;TRYBBEAR/USD;11530,00000000;11590,00000000;11530,00000000;11550,00000000;0,17
2020-07-02T00:00:00+00:00;TRYBBEAR/USD;11530,00000000;11530,00000000;11530,00000000;11530,00000000;0,0
2020-07-01T00:00:00+00:00;TRYBBEAR/USD;11530,00000000;11530,00000000;11530,00000000;11530,00000000;0,0
2020-06-30T00:00:00+00:00;TRYBBEAR/USD;11530,00000000;11655,00000000;11465,00000000;11530,00000000;0,0
2020-06-29T00:00:00+00:00;TRYBBEAR/USD;11530,00000000;11530,00000000;11530,00000000;11530,00000000;0,0
2020-06-28T00:00:00+00:00;TRYBBEAR/USD;11385,00000000;12120,00000000;11310,00000000;11530,00000000;1,26
2020-06-27T00:00:00+00:00;TRYBBEAR/USD;11105,00000000;11385,00000000;10970,00000000;11385,00000000;2,46
2020-06-26T00:00:00+00:00;TRYBBEAR/USD;11005,00000000;11110,00000000;10760,00000000;11105,00000000;0,9
2020-06-25T00:00:00+00:00;TRYBBEAR/USD;10820,00000000;11015,00000000;10760,00000000;11005,00000000;1,68
2020-06-24T00:00:00+00:00;TRYBBEAR/USD;10760,00000000;10825,00000000;10760,00000000;10820,00000000;0,55
2020-06-23T00:00:00+00:00;TRYBBEAR/USD;10760,00000000;10795,00000000;10760,00000000;10760,00000000;0,0
2020-06-22T00:00:00+00:00;TRYBBEAR/USD;10732,50000000;10820,00000000;10732,50000000;10760,00000000;0,26
2020-06-21T00:00:00+00:00;TRYBBEAR/USD;10732,50000000;10790,00000000;10680,00000000;10732,50000000;0,0
2020-06-20T00:00:00+00:00;TRYBBEAR/USD;10732,50000000;10732,50000000;10732,50000000;10732,50000000;0,0
2020-06-19T00:00:00+00:00;TRYBBEAR/USD;10732,50000000;10732,50000000;10730,00000000;10732,50000000;0,0
2020-06-18T00:00:00+00:00;TRYBBEAR/USD;10597,50000000;10732,50000000;10567,50000000;10732,50000000;1,26
2020-06-17T00:00:00+00:00;TRYBBEAR/USD;10655,00000000;10755,00000000;10540,00000000;10597,50000000;-0,54
2020-06-16T00:00:00+00:00;TRYBBEAR/USD;10850,00000000;10870,00000000;10635,00000000;10655,00000000;-1,83
2020-06-15T00:00:00+00:00;TRYBBEAR/USD;10830,00000000;10870,00000000;10750,00000000;10850,00000000;0,18
2020-06-14T00:00:00+00:00;TRYBBEAR/USD;10920,00000000;10920,00000000;10525,00000000;10830,00000000;-0,83
2020-06-13T00:00:00+00:00;TRYBBEAR/USD;11050,00000000;11085,00000000;10880,00000000;10920,00000000;-1,19
2020-06-12T00:00:00+00:00;TRYBBEAR/USD;11170,00000000;11210,00000000;10995,00000000;11050,00000000;-1,09
2020-06-11T00:00:00+00:00;TRYBBEAR/USD;10555,00000000;11210,00000000;10555,00000000;11170,00000000;5,51
2020-06-10T00:00:00+00:00;TRYBBEAR/USD;10630,00000000;11270,00000000;10555,00000000;10555,00000000;-0,71
2020-06-09T00:00:00+00:00;TRYBBEAR/USD;10780,00000000;11340,00000000;10630,00000000;10630,00000000;-1,41
2020-06-08T00:00:00+00:00;TRYBBEAR/USD;10780,00000000;10810,00000000;10780,00000000;10780,00000000;0,0
2020-06-07T00:00:00+00:00;TRYBBEAR/USD;10920,00000000;10920,00000000;10780,00000000;10780,00000000;-1,3
2020-06-06T00:00:00+00:00;TRYBBEAR/USD;10930,00000000;10940,00000000;10920,00000000;10920,00000000;-0,09
2020-06-05T00:00:00+00:00;TRYBBEAR/USD;10970,00000000;11005,00000000;10920,00000000;10930,00000000;-0,37
2020-06-04T00:00:00+00:00;TRYBBEAR/USD;10780,00000000;10975,00000000;10780,00000000;10970,00000000;1,73
2020-06-03T00:00:00+00:00;TRYBBEAR/USD;10780,00000000;10795,00000000;10780,00000000;10780,00000000;0,0
2020-06-02T00:00:00+00:00;TRYBBEAR/USD;11970,00000000;11970,00000000;10780,00000000;10780,00000000;-11,04
2020-06-01T00:00:00+00:00;TRYBBEAR/USD;12190,00000000;12335,00000000;11970,00000000;11970,00000000;-1,84
2020-05-31T00:00:00+00:00;TRYBBEAR/USD;12330,00000000;12620,00000000;12095,00000000;12190,00000000;-1,15
2020-05-30T00:00:00+00:00;TRYBBEAR/USD;12565,00000000;12630,00000000;12240,00000000;12330,00000000;-1,91
2020-05-29T00:00:00+00:00;TRYBBEAR/USD;12500,00000000;12660,00000000;12500,00000000;12565,00000000;0,52
2020-05-28T00:00:00+00:00;TRYBBEAR/USD;12470,00000000;12500,00000000;12390,00000000;12500,00000000;0,24
2020-05-27T00:00:00+00:00;TRYBBEAR/USD;12325,00000000;12675,00000000;12315,00000000;12470,00000000;1,16
2020-05-26T00:00:00+00:00;TRYBBEAR/USD;12830,00000000;13070,00000000;12155,00000000;12325,00000000;-4,1
2020-05-25T00:00:00+00:00;TRYBBEAR/USD;12940,00000000;12995,00000000;12830,00000000;12830,00000000;-0,86
2020-05-24T00:00:00+00:00;TRYBBEAR/USD;13055,00000000;13070,00000000;12880,00000000;12940,00000000;-0,89
2020-05-23T00:00:00+00:00;TRYBBEAR/USD;13060,00000000;13070,00000000;12995,00000000;13055,00000000;-0,04
2020-05-22T00:00:00+00:00;TRYBBEAR/USD;13070,00000000;13070,00000000;13000,00000000;13060,00000000;-0,08
2020-05-21T00:00:00+00:00;TRYBBEAR/USD;13090,00000000;13235,00000000;13050,00000000;13070,00000000;-0,15
2020-05-20T00:00:00+00:00;TRYBBEAR/USD;13150,00000000;13300,00000000;13015,00000000;13090,00000000;-0,46
2020-05-19T00:00:00+00:00;TRYBBEAR/USD;13835,00000000;13850,00000000;13040,00000000;13150,00000000;-5,21
2020-05-18T00:00:00+00:00;TRYBBEAR/USD;14365,00000000;14365,00000000;13630,00000000;13835,00000000;-3,83
2020-05-17T00:00:00+00:00;TRYBBEAR/USD;14280,00000000;14415,00000000;13655,00000000;14365,00000000;0,59
2020-05-16T00:00:00+00:00;TRYBBEAR/USD;14455,00000000;14640,00000000;14225,00000000;14280,00000000;-1,23
2020-05-15T00:00:00+00:00;TRYBBEAR/USD;14680,00000000;14690,00000000;14360,00000000;14455,00000000;-1,56
2020-05-14T00:00:00+00:00;TRYBBEAR/USD;15220,00000000;15300,00000000;14565,00000000;14680,00000000;-3,68
2020-05-13T00:00:00+00:00;TRYBBEAR/USD;15370,00000000;15370,00000000;15215,00000000;15220,00000000;-0,99
2020-05-12T00:00:00+00:00;TRYBBEAR/USD;15370,00000000;15390,00000000;15370,00000000;15370,00000000;0,0
2020-05-11T00:00:00+00:00;TRYBBEAR/USD;15570,00000000;15605,00000000;15370,00000000;15370,00000000;-1,3
2020-05-10T00:00:00+00:00;TRYBBEAR/USD;15910,00000000;15910,00000000;15370,00000000;15570,00000000;-2,18
2020-05-09T00:00:00+00:00;TRYBBEAR/USD;15995,00000000;16220,00000000;15860,00000000;15910,00000000;-0,53
2020-05-08T00:00:00+00:00;TRYBBEAR/USD;16105,00000000;16220,00000000;15940,00000000;15995,00000000;-0,69
2020-05-07T00:00:00+00:00;TRYBBEAR/USD;16990,00000000;16990,00000000;15570,00000000;16105,00000000;-5,5
2020-05-06T00:00:00+00:00;TRYBBEAR/USD;16085,00000000;16990,00000000;16085,00000000;16990,00000000;5,33
2020-05-05T00:00:00+00:00;TRYBBEAR/USD;16085,00000000;16085,00000000;15990,00000000;16085,00000000;0,0
2020-05-04T00:00:00+00:00;TRYBBEAR/USD;15915,00000000;16085,00000000;15905,00000000;16085,00000000;1,06
2020-05-03T00:00:00+00:00;TRYBBEAR/USD;15915,00000000;15915,00000000;15270,00000000;15915,00000000;0,0
2020-05-02T00:00:00+00:00;TRYBBEAR/USD;15630,00000000;15915,00000000;15630,00000000;15915,00000000;1,79
2020-05-01T00:00:00+00:00;TRYBBEAR/USD;15100,00000000;15630,00000000;14955,00000000;15630,00000000;3,39
2020-04-30T00:00:00+00:00;TRYBBEAR/USD;14735,00000000;15205,00000000;14735,00000000;15100,00000000;2,42
2020-04-29T00:00:00+00:00;TRYBBEAR/USD;14700,00000000;14830,00000000;14580,00000000;14735,00000000;0,24
2020-04-28T00:00:00+00:00;TRYBBEAR/USD;14600,00000000;14825,00000000;14580,00000000;14700,00000000;0,68
2020-04-27T00:00:00+00:00;TRYBBEAR/USD;14580,00000000;14675,00000000;14580,00000000;14600,00000000;0,14
2020-04-26T00:00:00+00:00;TRYBBEAR/USD;14580,00000000;14685,00000000;14545,00000000;14580,00000000;0,0
2020-04-25T00:00:00+00:00;TRYBBEAR/USD;14580,00000000;14580,00000000;14580,00000000;14580,00000000;0,0
2020-04-24T00:00:00+00:00;TRYBBEAR/USD;14045,00000000;14640,00000000;14045,00000000;14580,00000000;3,67
2020-04-23T00:00:00+00:00;TRYBBEAR/USD;14070,00000000;14170,00000000;14045,00000000;14045,00000000;-0,18
2020-04-22T00:00:00+00:00;TRYBBEAR/USD;14045,00000000;14140,00000000;14045,00000000;14070,00000000;0,18
2020-04-21T00:00:00+00:00;TRYBBEAR/USD;13550,00000000;14090,00000000;13445,00000000;14045,00000000;3,52
2020-04-20T00:00:00+00:00;TRYBBEAR/USD;13090,00000000;13605,00000000;13045,00000000;13550,00000000;3,39
2020-04-19T00:00:00+00:00;TRYBBEAR/USD;13060,00000000;13300,00000000;13045,00000000;13090,00000000;0,23
2020-04-18T00:00:00+00:00;TRYBBEAR/USD;13325,00000000;13325,00000000;13045,00000000;13060,00000000;-2,03
2020-04-17T00:00:00+00:00;TRYBBEAR/USD;12790,00000000;13325,00000000;12560,00000000;13325,00000000;4,02
2020-04-16T00:00:00+00:00;TRYBBEAR/USD;12565,00000000;13040,00000000;12510,00000000;12790,00000000;1,76
2020-04-15T00:00:00+00:00;TRYBBEAR/USD;12175,00000000;12710,00000000;12170,00000000;12565,00000000;3,1
2020-04-14T00:00:00+00:00;TRYBBEAR/USD;11975,00000000;12205,00000000;11965,00000000;12175,00000000;1,64
2020-04-13T00:00:00+00:00;TRYBBEAR/USD;11600,00000000;12090,00000000;11540,00000000;11975,00000000;3,13
2020-04-12T00:00:00+00:00;TRYBBEAR/USD;11420,00000000;11980,00000000;11350,00000000;11600,00000000;1,55
2020-04-11T00:00:00+00:00;TRYBBEAR/USD;11390,00000000;11440,00000000;11330,00000000;11420,00000000;0,26
2020-04-10T00:00:00+00:00;TRYBBEAR/USD;11250,00000000;11475,00000000;11155,00000000;11390,00000000;1,23
2020-04-09T00:00:00+00:00;TRYBBEAR/USD;11725,00000000;11810,00000000;11000,00000000;11250,00000000;-4,22
2020-04-08T00:00:00+00:00;TRYBBEAR/USD;11670,00000000;11810,00000000;11605,00000000;11725,00000000;0,47
2020-04-07T00:00:00+00:00;TRYBBEAR/USD;11725,00000000;11815,00000000;11350,00000000;11670,00000000;-0,47
2020-04-06T00:00:00+00:00;TRYBBEAR/USD;11615,00000000;11845,00000000;11490,00000000;11725,00000000;0,94
2020-04-05T00:00:00+00:00;TRYBBEAR/USD;11480,00000000;11810,00000000;11310,00000000;11615,00000000;1,16
2020-04-04T00:00:00+00:00;TRYBBEAR/USD;11480,00000000;11480,00000000;11475,00000000;11480,00000000;0,0
2020-04-03T00:00:00+00:00;TRYBBEAR/USD;10955,00000000;11550,00000000;10955,00000000;11480,00000000;4,57
2020-04-02T00:00:00+00:00;TRYBBEAR/USD;11390,00000000;11390,00000000;10715,00000000;10955,00000000;-3,97
2020-04-01T00:00:00+00:00;TRYBBEAR/USD;10915,00000000;11390,00000000;10905,00000000;11390,00000000;4,17
2020-03-31T00:00:00+00:00;TRYBBEAR/USD;10725,00000000;10930,00000000;10540,00000000;10915,00000000;1,74
2020-03-30T00:00:00+00:00;TRYBBEAR/USD;10217,50000000;10815,00000000;10087,50000000;10725,00000000;4,73
2020-03-29T00:00:00+00:00;TRYBBEAR/USD;10115,00000000;10255,00000000;9965,00000000;10227,50000000;1,1
2020-03-28T00:00:00+00:00;TRYBBEAR/USD;10087,50000000;10172,50000000;10087,50000000;10115,00000000;0,27
2020-03-27T00:00:00+00:00;TRYBBEAR/USD;9835,00000000;10137,50000000;9807,50000000;10087,50000000;2,5
2020-03-26T00:00:00+00:00;TRYBBEAR/USD;9820,00000000;10190,00000000;9712,50000000;9835,00000000;0,15
2020-03-25T00:00:00+00:00;TRYBBEAR/USD;9985,00000000;10150,00000000;9695,00000000;9820,00000000;-1,68
2020-03-24T00:00:00+00:00;TRYBBEAR/USD;10355,00000000;10665,00000000;9737,50000000;9985,00000000;-3,71
2020-03-23T00:00:00+00:00;TRYBBEAR/USD;10297,50000000;10600,00000000;10220,00000000;10355,00000000;0,56
2020-03-22T00:00:00+00:00;TRYBBEAR/USD;10220,00000000;10325,00000000;10130,00000000;10297,50000000;0,75
2020-03-21T00:00:00+00:00;TRYBBEAR/USD;10122,50000000;10225,00000000;9875,00000000;10220,00000000;0,95
2020-03-20T00:00:00+00:00;TRYBBEAR/USD;10027,50000000;10175,00000000;9375,00000000;10122,50000000;0,94
2020-03-19T00:00:00+00:00;TRYBBEAR/USD;9647,50000000;10065,00000000;9645,00000000;10027,50000000;3,79
2020-03-18T00:00:00+00:00;TRYBBEAR/USD;9352,50000000;9775,00000000;9347,50000000;9647,50000000;3,06
2020-03-17T00:00:00+00:00;TRYBBEAR/USD;9355,00000000;9677,50000000;9205,00000000;9352,50000000;-0,03
2020-03-16T00:00:00+00:00;TRYBBEAR/USD;8767,50000000;9415,00000000;8755,00000000;9355,00000000;6,28
2020-03-15T00:00:00+00:00;TRYBBEAR/USD;8562,50000000;8912,50000000;8470,00000000;8767,50000000;2,34
2020-03-14T00:00:00+00:00;TRYBBEAR/USD;8320,00000000;8600,00000000;8155,00000000;8562,50000000;2,83
2020-03-13T00:00:00+00:00;TRYBBEAR/USD;8535,00000000;9735,00000000;8127,50000000;8320,00000000;-2,58
2020-03-12T00:00:00+00:00;TRYBBEAR/USD;8110,00000000;8710,00000000;8065,00000000;8535,00000000;4,98
2020-03-11T00:00:00+00:00;TRYBBEAR/USD;7932,50000000;8162,50000000;7782,50000000;8110,00000000;2,19
2020-03-10T00:00:00+00:00;TRYBBEAR/USD;7865,00000000;7985,00000000;7640,00000000;7932,50000000;0,85
2020-03-09T00:00:00+00:00;TRYBBEAR/USD;7722,50000000;8002,50000000;7610,00000000;7865,00000000;1,81
2020-03-08T00:00:00+00:00;TRYBBEAR/USD;7605,00000000;7802,50000000;7595,00000000;7722,50000000;1,52
2020-03-07T00:00:00+00:00;TRYBBEAR/USD;7592,50000000;7605,00000000;7590,00000000;7605,00000000;0,16
2020-03-06T00:00:00+00:00;TRYBBEAR/USD;7612,50000000;7660,00000000;7542,50000000;7592,50000000;-0,26
2020-03-05T00:00:00+00:00;TRYBBEAR/USD;7517,50000000;7672,50000000;7502,50000000;7612,50000000;1,25
2020-03-04T00:00:00+00:00;TRYBBEAR/USD;7632,50000000;7755,00000000;7507,50000000;7517,50000000;-1,53
2020-03-03T00:00:00+00:00;TRYBBEAR/USD;7875,00000000;8027,50000000;7387,50000000;7632,50000000;-3,18
2020-03-02T00:00:00+00:00;TRYBBEAR/USD;8130,00000000;8172,50000000;7840,00000000;7875,00000000;-3,24
2020-03-01T00:00:00+00:00;TRYBBEAR/USD;8110,00000000;8155,00000000;8042,50000000;8130,00000000;0,25
2020-02-29T00:00:00+00:00;TRYBBEAR/USD;8055,00000000;8110,00000000;7980,00000000;8110,00000000;0,68
2020-02-28T00:00:00+00:00;TRYBBEAR/USD;7880,00000000;8067,50000000;7880,00000000;8055,00000000;2,17
2020-02-27T00:00:00+00:00;TRYBBEAR/USD;7627,50000000;7880,00000000;7627,50000000;7880,00000000;3,2
2020-02-26T00:00:00+00:00;TRYBBEAR/USD;7577,50000000;7637,50000000;7577,50000000;7627,50000000;0,66
2020-02-25T00:00:00+00:00;TRYBBEAR/USD;7530,00000000;7600,00000000;7342,50000000;7577,50000000;0,63
2020-02-24T00:00:00+00:00;TRYBBEAR/USD;7457,50000000;7657,50000000;7437,50000000;7530,00000000;0,96
2020-02-23T00:00:00+00:00;TRYBBEAR/USD;7390,00000000;7510,00000000;7365,00000000;7457,50000000;0,91
2020-02-22T00:00:00+00:00;TRYBBEAR/USD;7320,00000000;7392,50000000;7320,00000000;7390,00000000;0,95
2020-02-21T00:00:00+00:00;TRYBBEAR/USD;7320,00000000;7370,00000000;7300,00000000;7320,00000000;0,0
2020-02-20T00:00:00+00:00;TRYBBEAR/USD;7257,50000000;7320,00000000;7150,00000000;7320,00000000;0,85
2020-02-19T00:00:00+00:00;TRYBBEAR/USD;7160,00000000;7262,50000000;7150,00000000;7257,50000000;1,34
2020-02-18T00:00:00+00:00;TRYBBEAR/USD;7092,50000000;7175,00000000;7082,50000000;7160,00000000;0,94
2020-02-17T00:00:00+00:00;TRYBBEAR/USD;7142,50000000;7152,50000000;7070,00000000;7092,50000000;-0,7
2020-02-16T00:00:00+00:00;TRYBBEAR/USD;7130,00000000;7147,50000000;7097,50000000;7142,50000000;0,18
2020-02-15T00:00:00+00:00;TRYBBEAR/USD;7132,50000000;7145,00000000;7112,50000000;7130,00000000;-0,04
2020-02-14T00:00:00+00:00;TRYBBEAR/USD;7070,00000000;7147,50000000;7070,00000000;7132,50000000;0,88
2020-02-13T00:00:00+00:00;TRYBBEAR/USD;7107,50000000;7122,50000000;7045,00000000;7070,00000000;-0,53
2020-02-12T00:00:00+00:00;TRYBBEAR/USD;6977,50000000;7125,00000000;6917,50000000;7107,50000000;1,83
2020-02-11T00:00:00+00:00;TRYBBEAR/USD;6927,50000000;7067,50000000;6902,50000000;6977,50000000;0,72
2020-02-10T00:00:00+00:00;TRYBBEAR/USD;6860,00000000;6970,00000000;6810,00000000;6927,50000000;0,97
2020-02-09T00:00:00+00:00;TRYBBEAR/USD;6965,00000000;6967,50000000;6827,50000000;6860,00000000;-1,53
2020-02-08T00:00:00+00:00;TRYBBEAR/USD;6952,50000000;6965,00000000;6925,00000000;6965,00000000;0,18
2020-02-07T00:00:00+00:00;TRYBBEAR/USD;6845,00000000;7022,50000000;6807,50000000;6952,50000000;1,55
2020-02-06T00:00:00+00:00;TRYBBEAR/USD;6807,50000000;6845,00000000;6807,50000000;6845,00000000;0,55
2020-02-05T00:00:00+00:00;TRYBBEAR/USD;6852,50000000;6885,00000000;6807,50000000;6807,50000000;-0,66
2020-02-04T00:00:00+00:00;TRYBBEAR/USD;6862,50000000;6877,50000000;6790,00000000;6852,50000000;-0,15
2020-02-03T00:00:00+00:00;TRYBBEAR/USD;6892,50000000;6892,50000000;6847,50000000;6862,50000000;-0,44
2020-02-02T00:00:00+00:00;TRYBBEAR/USD;6905,12775000;6905,12775000;6892,50000000;6892,50000000;-0,18
2020-02-01T00:00:00+00:00;TRYBBEAR/USD;6137,50000000;6929,00000000;6125,00000000;6905,12775000;11,12
2020-01-31T00:00:00+00:00;TRYBBEAR/USD;6187,50000000;6187,50000000;6095,00000000;6137,50000000;-0,81
2020-01-30T00:00:00+00:00;TRYBBEAR/USD;6157,50000000;6205,00000000;6132,50000000;6187,50000000;0,48
2020-01-29T00:00:00+00:00;TRYBBEAR/USD;6170,00000000;6185,00000000;6157,50000000;6157,50000000;-0,2
2020-01-28T00:00:00+00:00;TRYBBEAR/USD;6192,50000000;6195,00000000;6170,00000000;6170,00000000;-0,36
2020-01-27T00:00:00+00:00;TRYBBEAR/USD;6200,00000000;6250,00000000;6170,00000000;6192,50000000;-0,12
2020-01-26T00:00:00+00:00;TRYBBEAR/USD;6152,50000000;6200,00000000;6127,50000000;6200,00000000;0,77
2020-01-25T00:00:00+00:00;TRYBBEAR/USD;6162,50000000;6172,50000000;6147,50000000;6152,50000000;-0,16
2020-01-24T00:00:00+00:00;TRYBBEAR/USD;6162,50000000;6170,00000000;6160,00000000;6162,50000000;0,0
2020-01-23T00:00:00+00:00;TRYBBEAR/USD;6095,00000000;6205,00000000;6080,00000000;6162,50000000;1,1
2020-01-22T00:00:00+00:00;TRYBBEAR/USD;6177,50000000;6180,00000000;6087,50000000;6095,00000000;-1,35
2020-01-21T00:00:00+00:00;TRYBBEAR/USD;6150,00000000;6177,50000000;6137,50000000;6177,50000000;0,45
2020-01-20T00:00:00+00:00;TRYBBEAR/USD;6067,50000000;6150,00000000;6010,00000000;6150,00000000;1,34
2020-01-19T00:00:00+00:00;TRYBBEAR/USD;6042,50000000;6067,50000000;6005,00000000;6067,50000000;0,41
2020-01-18T00:00:00+00:00;TRYBBEAR/USD;6050,00000000;6050,00000000;6035,00000000;6042,50000000;-0,12
2020-01-17T00:00:00+00:00;TRYBBEAR/USD;5937,50000000;6092,50000000;5937,50000000;6050,00000000;1,86
2020-01-16T00:00:00+00:00;TRYBBEAR/USD;5935,00000000;6000,00000000;5930,00000000;5937,50000000;0,04
2020-01-15T00:00:00+00:00;TRYBBEAR/USD;5947,50000000;5985,00000000;5922,50000000;5935,00000000;-0,21
2020-01-14T00:00:00+00:00;TRYBBEAR/USD;5952,50000000;5992,50000000;5897,50000000;5947,50000000;-0,08
2020-01-13T00:00:00+00:00;TRYBBEAR/USD;5972,50000000;6090,00000000;5932,50000000;5952,50000000;-0,34
2020-01-12T00:00:00+00:00;TRYBBEAR/USD;5945,00000000;6007,50000000;5945,00000000;5972,50000000;0,46
2020-01-11T00:00:00+00:00;TRYBBEAR/USD;5942,50000000;6007,50000000;5940,00000000;5945,00000000;0,04
2020-01-10T00:00:00+00:00;TRYBBEAR/USD;5910,00000000;5992,50000000;5910,00000000;5942,50000000;0,55
2020-01-09T00:00:00+00:00;TRYBBEAR/USD;6000,00000000;6062,50000000;5880,00000000;5910,00000000;-1,52
2020-01-08T00:00:00+00:00;TRYBBEAR/USD;6170,00000000;7045,00000000;5995,00000000;6000,00000000;-2,83
2020-01-07T00:00:00+00:00;TRYBBEAR/USD;6237,50000000;6260,00000000;6162,50000000;6170,00000000;-1,09

