DATE/TIME;SYMBOL;OPEN;HIGH;LOW;CLOSE;EVOL % CLOSE/HIGH
2022-01-05T00:00:00+00:00;LTCHEDGE/USD;362,30000000;364,30000000;352,75000000;356,45000000;-1,64
2022-01-04T00:00:00+00:00;LTCHEDGE/USD;357,40000000;365,10000000;351,00000000;362,30000000;1,35
2022-01-03T00:00:00+00:00;LTCHEDGE/USD;352,10000000;363,85000000;351,05000000;357,40000000;1,48
2022-01-02T00:00:00+00:00;LTCHEDGE/USD;352,35000000;359,50000000;347,50000000;352,10000000;-0,07
2022-01-01T00:00:00+00:00;LTCHEDGE/USD;363,90000000;364,60000000;351,50000000;352,35000000;-3,28
2021-12-31T00:00:00+00:00;LTCHEDGE/USD;357,00000000;370,20000000;350,05000000;363,90000000;1,9
2021-12-30T00:00:00+00:00;LTCHEDGE/USD;366,15000000;372,70000000;356,05000000;357,00000000;-2,56
2021-12-29T00:00:00+00:00;LTCHEDGE/USD;366,40000000;369,30000000;353,35000000;366,15000000;-0,07
2021-12-28T00:00:00+00:00;LTCHEDGE/USD;344,05000000;368,55000000;344,05000000;365,75000000;5,93
2021-12-27T00:00:00+00:00;LTCHEDGE/USD;343,95000000;346,60000000;332,60000000;344,05000000;0,03
2021-12-26T00:00:00+00:00;LTCHEDGE/USD;341,35000000;349,75000000;339,20000000;343,95000000;0,76
2021-12-25T00:00:00+00:00;LTCHEDGE/USD;334,10000000;343,25000000;328,25000000;341,35000000;2,12
2021-12-24T00:00:00+00:00;LTCHEDGE/USD;329,90000000;343,95000000;322,95000000;334,10000000;1,26
2021-12-23T00:00:00+00:00;LTCHEDGE/USD;348,00000000;352,00000000;326,65000000;329,90000000;-5,49
2021-12-22T00:00:00+00:00;LTCHEDGE/USD;349,85000000;353,00000000;337,80000000;348,00000000;-0,53
2021-12-21T00:00:00+00:00;LTCHEDGE/USD;355,35000000;362,25000000;345,95000000;349,85000000;-1,57
2021-12-20T00:00:00+00:00;LTCHEDGE/USD;352,85000000;371,50000000;343,75000000;355,35000000;0,7
2021-12-19T00:00:00+00:00;LTCHEDGE/USD;365,30000000;366,90000000;336,40000000;352,85000000;-3,53
2021-12-18T00:00:00+00:00;LTCHEDGE/USD;375,80000000;379,65000000;360,95000000;365,30000000;-2,87
2021-12-17T00:00:00+00:00;LTCHEDGE/USD;365,35000000;383,50000000;360,30000000;375,80000000;2,78
2021-12-16T00:00:00+00:00;LTCHEDGE/USD;354,55000000;365,80000000;348,05000000;365,35000000;2,96
2021-12-15T00:00:00+00:00;LTCHEDGE/USD;361,50000000;382,60000000;351,50000000;354,55000000;-1,96
2021-12-14T00:00:00+00:00;LTCHEDGE/USD;378,25000000;382,05000000;357,15000000;361,50000000;-4,63
2021-12-13T00:00:00+00:00;LTCHEDGE/USD;348,25000000;382,00000000;345,60000000;378,25000000;7,93
2021-12-12T00:00:00+00:00;LTCHEDGE/USD;351,75000000;359,85000000;340,75000000;348,25000000;-1,01
2021-12-11T00:00:00+00:00;LTCHEDGE/USD;372,65000000;380,00000000;347,10000000;351,75000000;-5,94
2021-12-10T00:00:00+00:00;LTCHEDGE/USD;367,15000000;375,25000000;347,55000000;372,65000000;1,48
2021-12-09T00:00:00+00:00;LTCHEDGE/USD;337,55000000;367,20000000;336,00000000;367,15000000;8,06
2021-12-08T00:00:00+00:00;LTCHEDGE/USD;347,25000000;357,10000000;331,20000000;337,55000000;-2,87
2021-12-07T00:00:00+00:00;LTCHEDGE/USD;347,25000000;353,45000000;339,60000000;347,25000000;0,0
2021-12-06T00:00:00+00:00;LTCHEDGE/USD;362,45000000;397,10000000;342,50000000;347,25000000;-4,38
2021-12-05T00:00:00+00:00;LTCHEDGE/USD;342,65000000;374,60000000;331,05000000;362,45000000;5,46
2021-12-04T00:00:00+00:00;LTCHEDGE/USD;304,80000000;393,22500000;294,67500000;342,65000000;11,05
2021-12-03T00:00:00+00:00;LTCHEDGE/USD;284,27500000;312,85000000;280,50000000;304,80000000;6,73
2021-12-02T00:00:00+00:00;LTCHEDGE/USD;278,47500000;286,72500000;277,92500000;284,27500000;2,04
2021-12-01T00:00:00+00:00;LTCHEDGE/USD;277,07500000;280,42500000;266,75000000;278,47500000;0,5
2021-11-30T00:00:00+00:00;LTCHEDGE/USD;282,82500000;291,25000000;265,05000000;277,07500000;-2,08
2021-11-29T00:00:00+00:00;LTCHEDGE/USD;291,82500000;294,70000000;278,67500000;282,82500000;-3,18
2021-11-28T00:00:00+00:00;LTCHEDGE/USD;294,95000000;314,15000000;291,82500000;291,82500000;-1,07
2021-11-27T00:00:00+00:00;LTCHEDGE/USD;295,65000000;302,50000000;282,20000000;294,95000000;-0,24
2021-11-26T00:00:00+00:00;LTCHEDGE/USD;263,82500000;301,17500000;259,70000000;295,65000000;10,76
2021-11-25T00:00:00+00:00;LTCHEDGE/USD;277,90000000;279,70000000;257,90000000;263,82500000;-5,33
2021-11-24T00:00:00+00:00;LTCHEDGE/USD;275,52500000;286,90000000;273,12500000;277,90000000;0,85
2021-11-23T00:00:00+00:00;LTCHEDGE/USD;284,15000000;288,70000000;271,42500000;275,52500000;-3,13
2021-11-22T00:00:00+00:00;LTCHEDGE/USD;268,50000000;288,40000000;261,32500000;284,15000000;5,51
2021-11-21T00:00:00+00:00;LTCHEDGE/USD;263,70000000;272,67500000;259,42500000;268,50000000;1,79
2021-11-20T00:00:00+00:00;LTCHEDGE/USD;275,25000000;280,32500000;262,37500000;263,70000000;-4,38
2021-11-19T00:00:00+00:00;LTCHEDGE/USD;293,12500000;298,72500000;271,57500000;275,25000000;-6,49
2021-11-18T00:00:00+00:00;LTCHEDGE/USD;266,12500000;298,85000000;262,55000000;293,12500000;9,21
2021-11-17T00:00:00+00:00;LTCHEDGE/USD;264,27500000;277,22500000;258,70000000;266,12500000;0,7
2021-11-16T00:00:00+00:00;LTCHEDGE/USD;235,32500000;269,32500000;234,05000000;264,27500000;10,95
2021-11-15T00:00:00+00:00;LTCHEDGE/USD;222,87500000;237,90000000;220,90000000;235,32500000;5,29
2021-11-14T00:00:00+00:00;LTCHEDGE/USD;243,25000000;251,22500000;222,37500000;224,52500000;-8,34
2021-11-13T00:00:00+00:00;LTCHEDGE/USD;248,85000000;254,65000000;237,32500000;243,25000000;-2,3
2021-11-12T00:00:00+00:00;LTCHEDGE/USD;238,20000000;255,17500000;221,42500000;248,85000000;4,28
2021-11-11T00:00:00+00:00;LTCHEDGE/USD;240,52500000;249,00000000;226,00000000;238,20000000;-0,98
2021-11-10T00:00:00+00:00;LTCHEDGE/USD;239,65000000;246,17500000;210,80000000;240,52500000;0,36
2021-11-09T00:00:00+00:00;LTCHEDGE/USD;280,45000000;283,35000000;228,25000000;239,65000000;-17,02
2021-11-08T00:00:00+00:00;LTCHEDGE/USD;322,95000000;323,15000000;279,45000000;280,45000000;-15,15
2021-11-07T00:00:00+00:00;LTCHEDGE/USD;329,35000000;330,20000000;322,35000000;322,95000000;-1,98
2021-11-06T00:00:00+00:00;LTCHEDGE/USD;327,15000000;339,50000000;322,20000000;329,35000000;0,67
2021-11-05T00:00:00+00:00;LTCHEDGE/USD;321,42500000;330,85000000;320,70000000;327,15000000;1,75
2021-11-04T00:00:00+00:00;LTCHEDGE/USD;315,57500000;330,52500000;314,87500000;321,42500000;1,82
2021-11-03T00:00:00+00:00;LTCHEDGE/USD;325,60000000;333,70000000;311,95000000;315,57500000;-3,18
2021-11-02T00:00:00+00:00;LTCHEDGE/USD;330,70000000;335,00000000;318,70000000;325,60000000;-1,57
2021-11-01T00:00:00+00:00;LTCHEDGE/USD;340,85000000;347,30000000;324,80000000;330,70000000;-3,07
2021-10-31T00:00:00+00:00;LTCHEDGE/USD;343,95000000;349,10000000;335,35000000;340,85000000;-0,91
2021-10-30T00:00:00+00:00;LTCHEDGE/USD;333,60000000;347,75000000;331,55000000;343,95000000;3,01
2021-10-29T00:00:00+00:00;LTCHEDGE/USD;345,45000000;347,05000000;330,40000000;333,60000000;-3,55
2021-10-28T00:00:00+00:00;LTCHEDGE/USD;365,30000000;368,50000000;335,75000000;345,45000000;-5,75
2021-10-27T00:00:00+00:00;LTCHEDGE/USD;336,90000000;371,90000000;323,70000000;365,30000000;7,77
2021-10-26T00:00:00+00:00;LTCHEDGE/USD;338,85000000;347,10000000;333,40000000;336,90000000;-0,58
2021-10-25T00:00:00+00:00;LTCHEDGE/USD;349,10000000;349,75000000;336,30000000;338,85000000;-3,02
2021-10-24T00:00:00+00:00;LTCHEDGE/USD;339,40000000;354,40000000;333,50000000;349,10000000;2,78
2021-10-23T00:00:00+00:00;LTCHEDGE/USD;345,60000000;349,75000000;323,40000000;339,40000000;-1,83
2021-10-22T00:00:00+00:00;LTCHEDGE/USD;335,15000000;350,60000000;326,65000000;346,25000000;3,21
2021-10-21T00:00:00+00:00;LTCHEDGE/USD;322,25000000;336,72500000;310,72500000;335,15000000;3,85
2021-10-20T00:00:00+00:00;LTCHEDGE/USD;356,75000000;359,55000000;318,60000000;322,25000000;-10,71
2021-10-19T00:00:00+00:00;LTCHEDGE/USD;360,00000000;364,75000000;351,25000000;356,75000000;-0,91
2021-10-18T00:00:00+00:00;LTCHEDGE/USD;364,30000000;373,60000000;357,45000000;360,00000000;-1,19
2021-10-17T00:00:00+00:00;LTCHEDGE/USD;362,30000000;376,05000000;357,80000000;364,30000000;0,55
2021-10-16T00:00:00+00:00;LTCHEDGE/USD;355,60000000;364,30000000;349,70000000;362,45000000;1,89
2021-10-15T00:00:00+00:00;LTCHEDGE/USD;367,95000000;378,80000000;348,15000000;355,60000000;-3,47
2021-10-14T00:00:00+00:00;LTCHEDGE/USD;380,50000000;382,15000000;361,55000000;367,95000000;-3,41
2021-10-13T00:00:00+00:00;LTCHEDGE/USD;390,50000000;400,50000000;375,15000000;380,50000000;-2,63
2021-10-12T00:00:00+00:00;LTCHEDGE/USD;374,85000000;401,65000000;374,65000000;390,50000000;4,01
2021-10-11T00:00:00+00:00;LTCHEDGE/USD;383,90000000;387,75000000;362,55000000;374,85000000;-2,41
2021-10-10T00:00:00+00:00;LTCHEDGE/USD;375,90000000;385,90000000;367,35000000;383,90000000;2,08
2021-10-09T00:00:00+00:00;LTCHEDGE/USD;382,35000000;384,55000000;369,75000000;375,90000000;-1,72
2021-10-08T00:00:00+00:00;LTCHEDGE/USD;377,00000000;384,95000000;369,80000000;382,35000000;1,4
2021-10-07T00:00:00+00:00;LTCHEDGE/USD;377,90000000;387,75000000;360,35000000;377,00000000;-0,24
2021-10-06T00:00:00+00:00;LTCHEDGE/USD;389,10000000;409,70000000;368,00000000;377,90000000;-2,96
2021-10-05T00:00:00+00:00;LTCHEDGE/USD;404,20000000;408,80000000;384,85000000;389,10000000;-3,88
2021-10-04T00:00:00+00:00;LTCHEDGE/USD;397,25000000;416,55000000;395,80000000;404,20000000;1,72
2021-10-03T00:00:00+00:00;LTCHEDGE/USD;400,95000000;408,35000000;386,30000000;397,25000000;-0,93
2021-10-02T00:00:00+00:00;LTCHEDGE/USD;408,30000000;412,95000000;391,40000000;400,95000000;-1,83
2021-10-01T00:00:00+00:00;LTCHEDGE/USD;446,25000000;452,80000000;402,05000000;408,30000000;-9,29
2021-09-30T00:00:00+00:00;LTCHEDGE/USD;473,30000000;475,90000000;442,40000000;446,25000000;-6,06
2021-09-29T00:00:00+00:00;LTCHEDGE/USD;489,55000000;490,85000000;456,65000000;473,30000000;-3,43
2021-09-28T00:00:00+00:00;LTCHEDGE/USD;474,15000000;490,10000000;462,15000000;489,55000000;3,15
2021-09-27T00:00:00+00:00;LTCHEDGE/USD;455,50000000;474,70000000;444,50000000;474,15000000;3,93
2021-09-26T00:00:00+00:00;LTCHEDGE/USD;455,40000000;482,85000000;449,55000000;455,50000000;0,02
2021-09-25T00:00:00+00:00;LTCHEDGE/USD;451,65000000;462,50000000;439,80000000;455,40000000;0,82
2021-09-24T00:00:00+00:00;LTCHEDGE/USD;424,00000000;478,45000000;418,95000000;451,65000000;6,12
2021-09-23T00:00:00+00:00;LTCHEDGE/USD;430,60000000;440,90000000;422,15000000;424,00000000;-1,56
2021-09-22T00:00:00+00:00;LTCHEDGE/USD;469,15000000;480,20000000;430,00000000;430,60000000;-8,95
2021-09-21T00:00:00+00:00;LTCHEDGE/USD;446,15000000;480,90000000;433,80000000;469,15000000;4,9
2021-09-20T00:00:00+00:00;LTCHEDGE/USD;404,25000000;455,00000000;403,20000000;446,15000000;9,39
2021-09-19T00:00:00+00:00;LTCHEDGE/USD;392,85000000;411,40000000;390,85000000;404,25000000;2,82
2021-09-18T00:00:00+00:00;LTCHEDGE/USD;395,90000000;400,25000000;382,00000000;392,85000000;-0,78
2021-09-17T00:00:00+00:00;LTCHEDGE/USD;384,85000000;399,70000000;375,10000000;396,10000000;2,84
2021-09-16T00:00:00+00:00;LTCHEDGE/USD;378,05000000;392,10000000;366,15000000;384,85000000;1,77
2021-09-15T00:00:00+00:00;LTCHEDGE/USD;389,50000000;397,30000000;372,85000000;378,05000000;-3,03
2021-09-14T00:00:00+00:00;LTCHEDGE/USD;398,85000000;404,85000000;379,70000000;390,25000000;-2,2
2021-09-13T00:00:00+00:00;LTCHEDGE/USD;409,45000000;437,55000000;312,85000000;398,85000000;-2,66
2021-09-12T00:00:00+00:00;LTCHEDGE/USD;421,45000000;429,25000000;403,65000000;410,60000000;-2,64
2021-09-11T00:00:00+00:00;LTCHEDGE/USD;432,75000000;434,55000000;403,65000000;421,55000000;-2,66
2021-09-10T00:00:00+00:00;LTCHEDGE/USD;419,05000000;440,35000000;402,70000000;432,75000000;3,17
2021-09-09T00:00:00+00:00;LTCHEDGE/USD;420,00000000;425,75000000;400,25000000;419,05000000;-0,23
2021-09-08T00:00:00+00:00;LTCHEDGE/USD;425,85000000;443,45000000;401,20000000;420,00000000;-1,39
2021-09-07T00:00:00+00:00;LTCHEDGE/USD;359,05000000;445,75000000;354,00000000;425,85000000;15,69
2021-09-06T00:00:00+00:00;LTCHEDGE/USD;341,60000000;362,55000000;338,50000000;359,05000000;4,86
2021-09-05T00:00:00+00:00;LTCHEDGE/USD;373,05000000;376,05000000;338,75000000;338,75000000;-10,13
2021-09-04T00:00:00+00:00;LTCHEDGE/USD;374,35000000;379,70000000;351,35000000;373,05000000;-0,35
2021-09-03T00:00:00+00:00;LTCHEDGE/USD;440,60000000;449,20000000;363,50000000;372,80000000;-18,19
2021-09-02T00:00:00+00:00;LTCHEDGE/USD;447,15000000;451,10000000;429,65000000;440,60000000;-1,49
2021-09-01T00:00:00+00:00;LTCHEDGE/USD;472,05000000;480,15000000;442,25000000;447,15000000;-5,57
2021-08-31T00:00:00+00:00;LTCHEDGE/USD;485,00000000;489,40000000;462,05000000;472,05000000;-2,74
2021-08-30T00:00:00+00:00;LTCHEDGE/USD;467,45000000;487,05000000;461,00000000;485,00000000;3,62
2021-08-29T00:00:00+00:00;LTCHEDGE/USD;464,25000000;469,95000000;444,95000000;467,45000000;0,68
2021-08-28T00:00:00+00:00;LTCHEDGE/USD;462,85000000;474,40000000;459,65000000;464,25000000;0,3
2021-08-27T00:00:00+00:00;LTCHEDGE/USD;486,50000000;494,20000000;461,80000000;462,85000000;-5,11
2021-08-26T00:00:00+00:00;LTCHEDGE/USD;460,70000000;492,90000000;449,90000000;486,50000000;5,3
2021-08-25T00:00:00+00:00;LTCHEDGE/USD;471,25000000;481,55000000;456,30000000;460,70000000;-2,29
2021-08-24T00:00:00+00:00;LTCHEDGE/USD;440,95000000;472,95000000;436,60000000;471,25000000;6,43
2021-08-23T00:00:00+00:00;LTCHEDGE/USD;442,90000000;517,65000000;429,70000000;440,95000000;-0,44
2021-08-22T00:00:00+00:00;LTCHEDGE/USD;457,50000000;461,40000000;433,55000000;442,90000000;-3,3
2021-08-21T00:00:00+00:00;LTCHEDGE/USD;449,20000000;465,90000000;447,00000000;458,45000000;2,02
2021-08-20T00:00:00+00:00;LTCHEDGE/USD;471,10000000;476,45000000;448,10000000;449,20000000;-4,88
2021-08-19T00:00:00+00:00;LTCHEDGE/USD;497,05000000;508,80000000;470,65000000;471,10000000;-5,51
2021-08-18T00:00:00+00:00;LTCHEDGE/USD;491,35000000;507,60000000;475,35000000;497,05000000;1,15
2021-08-17T00:00:00+00:00;LTCHEDGE/USD;468,30000000;492,90000000;450,65000000;490,45000000;4,52
2021-08-16T00:00:00+00:00;LTCHEDGE/USD;450,65000000;473,40000000;440,10000000;468,30000000;3,77
2021-08-15T00:00:00+00:00;LTCHEDGE/USD;456,45000000;493,70000000;446,35000000;450,65000000;-1,29
2021-08-14T00:00:00+00:00;LTCHEDGE/USD;455,05000000;499,20000000;450,00000000;456,45000000;0,31
2021-08-13T00:00:00+00:00;LTCHEDGE/USD;508,30000000;513,05000000;451,20000000;455,05000000;-11,7
2021-08-12T00:00:00+00:00;LTCHEDGE/USD;495,70000000;522,20000000;468,15000000;508,50000000;2,52
2021-08-11T00:00:00+00:00;LTCHEDGE/USD;511,15000000;513,75000000;477,95000000;495,70000000;-3,12
2021-08-10T00:00:00+00:00;LTCHEDGE/USD;509,35000000;530,35000000;501,85000000;511,15000000;0,35
2021-08-09T00:00:00+00:00;LTCHEDGE/USD;570,50000000;587,30000000;492,25000000;509,35000000;-12,01
2021-08-08T00:00:00+00:00;LTCHEDGE/USD;549,05000000;580,15000000;543,15000000;570,50000000;3,76
2021-08-07T00:00:00+00:00;LTCHEDGE/USD;580,40000000;600,25000000;547,00000000;549,05000000;-5,71
2021-08-06T00:00:00+00:00;LTCHEDGE/USD;598,90000000;608,00000000;570,30000000;580,40000000;-3,19
2021-08-05T00:00:00+00:00;LTCHEDGE/USD;603,60000000;629,40000000;592,10000000;598,90000000;-0,78
2021-08-04T00:00:00+00:00;LTCHEDGE/USD;621,60000000;634,55000000;594,75000000;603,60000000;-2,98
2021-08-03T00:00:00+00:00;LTCHEDGE/USD;609,30000000;633,70000000;593,70000000;621,60000000;1,98
2021-08-02T00:00:00+00:00;LTCHEDGE/USD;613,85000000;620,05000000;590,10000000;609,30000000;-0,75
2021-08-01T00:00:00+00:00;LTCHEDGE/USD;596,50000000;621,90000000;574,95000000;613,85000000;2,83
2021-07-31T00:00:00+00:00;LTCHEDGE/USD;592,55000000;607,50000000;588,90000000;596,50000000;0,66
2021-07-30T00:00:00+00:00;LTCHEDGE/USD;611,20000000;646,05000000;591,70000000;592,55000000;-3,15
2021-07-29T00:00:00+00:00;LTCHEDGE/USD;616,25000000;646,05000000;604,75000000;611,20000000;-0,83
2021-07-28T00:00:00+00:00;LTCHEDGE/USD;643,40000000;652,05000000;608,90000000;616,25000000;-4,41
2021-07-27T00:00:00+00:00;LTCHEDGE/USD;662,50000000;681,35000000;641,45000000;643,40000000;-2,97
2021-07-26T00:00:00+00:00;LTCHEDGE/USD;679,80000000;695,00000000;612,75000000;662,50000000;-2,61
2021-07-25T00:00:00+00:00;LTCHEDGE/USD;691,30000000;705,80000000;678,05000000;679,80000000;-1,69
2021-07-24T00:00:00+00:00;LTCHEDGE/USD;700,25000000;707,10000000;680,50000000;691,30000000;-1,29
2021-07-23T00:00:00+00:00;LTCHEDGE/USD;721,90000000;742,70000000;697,60000000;702,10000000;-2,82
2021-07-22T00:00:00+00:00;LTCHEDGE/USD;742,20000000;753,80000000;713,50000000;721,90000000;-2,81
2021-07-21T00:00:00+00:00;LTCHEDGE/USD;821,90000000;837,80000000;731,50000000;742,20000000;-10,74
2021-07-20T00:00:00+00:00;LTCHEDGE/USD;781,00000000;843,90000000;752,40000000;821,90000000;4,98
2021-07-19T00:00:00+00:00;LTCHEDGE/USD;742,40000000;789,00000000;733,60000000;781,00000000;4,94
2021-07-18T00:00:00+00:00;LTCHEDGE/USD;739,30000000;759,40000000;714,10000000;742,10000000;0,38
2021-07-17T00:00:00+00:00;LTCHEDGE/USD;735,50000000;753,00000000;722,50000000;739,30000000;0,51
2021-07-16T00:00:00+00:00;LTCHEDGE/USD;709,60000000;737,10000000;696,10000000;735,50000000;3,52
2021-07-15T00:00:00+00:00;LTCHEDGE/USD;680,35000000;726,85000000;657,25000000;709,60000000;4,12
2021-07-14T00:00:00+00:00;LTCHEDGE/USD;678,80000000;717,45000000;660,05000000;680,35000000;0,23
2021-07-13T00:00:00+00:00;LTCHEDGE/USD;669,60000000;688,85000000;659,55000000;678,80000000;1,36
2021-07-12T00:00:00+00:00;LTCHEDGE/USD;664,90000000;676,45000000;639,15000000;669,60000000;0,7
2021-07-11T00:00:00+00:00;LTCHEDGE/USD;665,90000000;676,20000000;653,50000000;664,90000000;-0,15
2021-07-10T00:00:00+00:00;LTCHEDGE/USD;664,65000000;685,20000000;653,50000000;667,00000000;0,35
2021-07-09T00:00:00+00:00;LTCHEDGE/USD;677,40000000;708,25000000;653,50000000;664,65000000;-1,92
2021-07-08T00:00:00+00:00;LTCHEDGE/USD;653,50000000;697,35000000;651,80000000;677,40000000;3,53
2021-07-07T00:00:00+00:00;LTCHEDGE/USD;647,00000000;655,10000000;627,70000000;653,50000000;0,99
2021-07-06T00:00:00+00:00;LTCHEDGE/USD;652,90000000;661,55000000;629,10000000;647,00000000;-0,91
2021-07-05T00:00:00+00:00;LTCHEDGE/USD;620,05000000;667,95000000;615,75000000;652,90000000;5,03
2021-07-04T00:00:00+00:00;LTCHEDGE/USD;643,25000000;658,25000000;607,90000000;620,05000000;-3,74
2021-07-03T00:00:00+00:00;LTCHEDGE/USD;660,15000000;670,80000000;636,00000000;643,25000000;-2,63
2021-07-02T00:00:00+00:00;LTCHEDGE/USD;660,15000000;690,85000000;648,20000000;660,15000000;0,0
2021-07-01T00:00:00+00:00;LTCHEDGE/USD;628,95000000;672,15000000;628,95000000;660,15000000;4,73
2021-06-30T00:00:00+00:00;LTCHEDGE/USD;633,60000000;663,90000000;617,50000000;628,95000000;-0,74
2021-06-29T00:00:00+00:00;LTCHEDGE/USD;660,70000000;667,85000000;605,80000000;633,60000000;-4,28
2021-06-28T00:00:00+00:00;LTCHEDGE/USD;688,10000000;703,05000000;651,55000000;660,70000000;-4,15
2021-06-27T00:00:00+00:00;LTCHEDGE/USD;719,70000000;731,80000000;687,95000000;688,10000000;-4,59
2021-06-26T00:00:00+00:00;LTCHEDGE/USD;732,30000000;767,80000000;708,30000000;719,70000000;-1,75
2021-06-25T00:00:00+00:00;LTCHEDGE/USD;687,80000000;736,10000000;666,95000000;732,30000000;6,08
2021-06-24T00:00:00+00:00;LTCHEDGE/USD;714,70000000;744,50000000;673,10000000;687,80000000;-3,91
2021-06-23T00:00:00+00:00;LTCHEDGE/USD;783,90000000;799,90000000;691,30000000;714,70000000;-9,68
2021-06-22T00:00:00+00:00;LTCHEDGE/USD;750,50000000;862,80000000;695,00000000;783,90000000;4,26
2021-06-21T00:00:00+00:00;LTCHEDGE/USD;633,00000000;751,85000000;630,20000000;750,50000000;15,66
2021-06-20T00:00:00+00:00;LTCHEDGE/USD;642,35000000;678,55000000;628,10000000;633,00000000;-1,48
2021-06-19T00:00:00+00:00;LTCHEDGE/USD;629,65000000;643,10000000;610,85000000;642,35000000;1,98
2021-06-18T00:00:00+00:00;LTCHEDGE/USD;592,20000000;644,85000000;590,20000000;629,65000000;5,95
2021-06-17T00:00:00+00:00;LTCHEDGE/USD;595,00000000;638,55000000;568,75000000;592,20000000;-0,47
2021-06-16T00:00:00+00:00;LTCHEDGE/USD;567,05000000;633,80000000;558,70000000;595,25000000;4,74
2021-06-15T00:00:00+00:00;LTCHEDGE/USD;553,55000000;601,40000000;548,35000000;567,05000000;2,38
2021-06-14T00:00:00+00:00;LTCHEDGE/USD;584,70000000;605,55000000;551,90000000;553,55000000;-5,63
2021-06-13T00:00:00+00:00;LTCHEDGE/USD;620,55000000;639,75000000;581,00000000;584,70000000;-6,13
2021-06-12T00:00:00+00:00;LTCHEDGE/USD;617,05000000;647,70000000;609,40000000;620,55000000;0,56
2021-06-11T00:00:00+00:00;LTCHEDGE/USD;597,70000000;627,05000000;577,25000000;617,05000000;3,14
2021-06-10T00:00:00+00:00;LTCHEDGE/USD;584,70000000;639,75000000;576,75000000;597,70000000;2,18
2021-06-09T00:00:00+00:00;LTCHEDGE/USD;631,55000000;661,60000000;582,35000000;584,70000000;-8,01
2021-06-08T00:00:00+00:00;LTCHEDGE/USD;624,65000000;690,10000000;592,65000000;631,55000000;1,09
2021-06-07T00:00:00+00:00;LTCHEDGE/USD;579,05000000;631,55000000;561,25000000;624,65000000;7,3
2021-06-06T00:00:00+00:00;LTCHEDGE/USD;591,15000000;594,95000000;566,30000000;579,05000000;-2,09
2021-06-05T00:00:00+00:00;LTCHEDGE/USD;574,80000000;609,15000000;552,45000000;591,15000000;2,77
2021-06-04T00:00:00+00:00;LTCHEDGE/USD;535,95000000;601,10000000;534,60000000;574,80000000;6,76
2021-06-03T00:00:00+00:00;LTCHEDGE/USD;554,80000000;568,25000000;522,70000000;535,95000000;-3,52
2021-06-02T00:00:00+00:00;LTCHEDGE/USD;566,30000000;580,70000000;541,15000000;554,80000000;-2,07
2021-06-01T00:00:00+00:00;LTCHEDGE/USD;556,15000000;586,65000000;538,30000000;566,30000000;1,79
2021-05-31T00:00:00+00:00;LTCHEDGE/USD;618,15000000;642,70000000;553,45000000;556,15000000;-11,15
2021-05-30T00:00:00+00:00;LTCHEDGE/USD;646,95000000;678,80000000;578,40000000;618,15000000;-4,66
2021-05-29T00:00:00+00:00;LTCHEDGE/USD;601,35000000;667,10000000;567,35000000;646,95000000;7,05
2021-05-28T00:00:00+00:00;LTCHEDGE/USD;555,65000000;636,10000000;541,65000000;601,35000000;7,6
2021-05-27T00:00:00+00:00;LTCHEDGE/USD;544,45000000;590,70000000;516,85000000;555,65000000;2,02
2021-05-26T00:00:00+00:00;LTCHEDGE/USD;594,65000000;601,55000000;530,05000000;544,45000000;-9,22
2021-05-25T00:00:00+00:00;LTCHEDGE/USD;593,45000000;639,60000000;562,95000000;594,65000000;0,2
2021-05-24T00:00:00+00:00;LTCHEDGE/USD;798,20000000;817,10000000;593,45000000;593,45000000;-34,5
2021-05-23T00:00:00+00:00;LTCHEDGE/USD;681,10000000;886,90000000;648,45000000;798,20000000;14,67
2021-05-22T00:00:00+00:00;LTCHEDGE/USD;647,10000000;707,75000000;635,25000000;681,10000000;4,99
2021-05-21T00:00:00+00:00;LTCHEDGE/USD;570,40000000;701,65000000;548,35000000;647,10000000;11,85
2021-05-20T00:00:00+00:00;LTCHEDGE/USD;654,00000000;711,25000000;535,80000000;570,40000000;-14,66
2021-05-19T00:00:00+00:00;LTCHEDGE/USD;473,65000000;692,75000000;466,50000000;654,00000000;27,58
2021-05-18T00:00:00+00:00;LTCHEDGE/USD;500,75000000;500,75000000;433,95000000;473,65000000;-5,72
2021-05-17T00:00:00+00:00;LTCHEDGE/USD;475,75000000;528,25000000;475,75000000;500,75000000;4,99
2021-05-16T00:00:00+00:00;LTCHEDGE/USD;467,10000000;498,75000000;431,75000000;475,75000000;1,82
2021-05-15T00:00:00+00:00;LTCHEDGE/USD;432,90000000;472,40000000;426,70000000;467,10000000;7,32
2021-05-14T00:00:00+00:00;LTCHEDGE/USD;447,60000000;456,85000000;416,65000000;432,90000000;-3,4
2021-05-13T00:00:00+00:00;LTCHEDGE/USD;465,30000000;486,55000000;427,05000000;447,60000000;-3,95
2021-05-12T00:00:00+00:00;LTCHEDGE/USD;392,70000000;469,85000000;376,75000000;465,30000000;15,6
2021-05-11T00:00:00+00:00;LTCHEDGE/USD;413,80000000;426,60000000;391,60000000;392,70000000;-5,37
2021-05-10T00:00:00+00:00;LTCHEDGE/USD;388,50000000;436,70000000;362,25000000;413,80000000;6,11
2021-05-09T00:00:00+00:00;LTCHEDGE/USD;440,30000000;455,05000000;386,00000000;388,50000000;-13,33
2021-05-08T00:00:00+00:00;LTCHEDGE/USD;443,30000000;454,85000000;427,95000000;440,30000000;-0,68
2021-05-07T00:00:00+00:00;LTCHEDGE/USD;431,45000000;454,70000000;409,45000000;443,30000000;2,67
2021-05-06T00:00:00+00:00;LTCHEDGE/USD;428,65000000;471,30000000;418,15000000;431,45000000;0,65
2021-05-05T00:00:00+00:00;LTCHEDGE/USD;508,20000000;515,35000000;424,55000000;428,65000000;-18,56
2021-05-04T00:00:00+00:00;LTCHEDGE/USD;528,40000000;564,30000000;472,70000000;508,20000000;-3,97
2021-05-03T00:00:00+00:00;LTCHEDGE/USD;584,25000000;584,70000000;520,70000000;528,40000000;-10,57
2021-05-02T00:00:00+00:00;LTCHEDGE/USD;571,75000000;592,10000000;570,20000000;584,25000000;2,14
2021-05-01T00:00:00+00:00;LTCHEDGE/USD;583,70000000;591,15000000;568,05000000;571,75000000;-2,09
2021-04-30T00:00:00+00:00;LTCHEDGE/USD;621,90000000;628,20000000;578,40000000;583,70000000;-6,54
2021-04-29T00:00:00+00:00;LTCHEDGE/USD;614,40000000;635,40000000;605,20000000;621,90000000;1,21
2021-04-28T00:00:00+00:00;LTCHEDGE/USD;608,25000000;634,20000000;595,70000000;614,40000000;1,0
2021-04-27T00:00:00+00:00;LTCHEDGE/USD;644,80000000;652,25000000;604,60000000;608,25000000;-6,01
2021-04-26T00:00:00+00:00;LTCHEDGE/USD;720,20000000;725,90000000;643,10000000;644,80000000;-11,69
2021-04-25T00:00:00+00:00;LTCHEDGE/USD;715,90000000;764,40000000;680,30000000;720,20000000;0,6
2021-04-24T00:00:00+00:00;LTCHEDGE/USD;669,15000000;726,50000000;666,85000000;715,90000000;6,53
2021-04-23T00:00:00+00:00;LTCHEDGE/USD;640,35000000;750,85000000;625,80000000;669,15000000;4,3
2021-04-22T00:00:00+00:00;LTCHEDGE/USD;628,50000000;669,25000000;556,20000000;640,35000000;1,85
2021-04-21T00:00:00+00:00;LTCHEDGE/USD;625,40000000;643,70000000;586,75000000;628,50000000;0,49
2021-04-20T00:00:00+00:00;LTCHEDGE/USD;623,50000000;682,35000000;595,70000000;625,40000000;0,3
2021-04-19T00:00:00+00:00;LTCHEDGE/USD;597,10000000;641,20000000;579,35000000;623,50000000;4,23
2021-04-18T00:00:00+00:00;LTCHEDGE/USD;544,40000000;666,30000000;537,85000000;597,10000000;8,83
2021-04-17T00:00:00+00:00;LTCHEDGE/USD;534,40000000;550,90000000;488,60000000;544,40000000;1,84
2021-04-16T00:00:00+00:00;LTCHEDGE/USD;576,20000000;619,75000000;516,65000000;534,40000000;-7,82
2021-04-15T00:00:00+00:00;LTCHEDGE/USD;589,30000000;616,45000000;564,35000000;576,20000000;-2,27
2021-04-14T00:00:00+00:00;LTCHEDGE/USD;614,25000000;644,35000000;578,50000000;587,15000000;-4,62
2021-04-13T00:00:00+00:00;LTCHEDGE/USD;677,90000000;678,20000000;598,60000000;615,30000000;-10,17
2021-04-12T00:00:00+00:00;LTCHEDGE/USD;656,55000000;689,20000000;638,80000000;677,90000000;3,15
2021-04-11T00:00:00+00:00;LTCHEDGE/USD;644,95000000;674,45000000;626,80000000;656,55000000;1,77
2021-04-10T00:00:00+00:00;LTCHEDGE/USD;760,10000000;766,90000000;644,15000000;644,95000000;-17,85
2021-04-09T00:00:00+00:00;LTCHEDGE/USD;741,10000000;767,60000000;731,80000000;762,30000000;2,78
2021-04-08T00:00:00+00:00;LTCHEDGE/USD;763,60000000;772,60000000;734,50000000;738,90000000;-3,34
2021-04-07T00:00:00+00:00;LTCHEDGE/USD;706,40000000;788,15000000;691,95000000;763,60000000;7,49
2021-04-06T00:00:00+00:00;LTCHEDGE/USD;762,70000000;805,90000000;684,10000000;706,40000000;-7,97
2021-04-05T00:00:00+00:00;LTCHEDGE/USD;837,30000000;855,90000000;744,80000000;762,70000000;-9,78
2021-04-04T00:00:00+00:00;LTCHEDGE/USD;870,30000000;880,20000000;814,30000000;837,30000000;-3,94
2021-04-03T00:00:00+00:00;LTCHEDGE/USD;805,90000000;871,50000000;782,80000000;869,00000000;7,26
2021-04-02T00:00:00+00:00;LTCHEDGE/USD;842,50000000;847,90000000;797,10000000;805,90000000;-4,54
2021-04-01T00:00:00+00:00;LTCHEDGE/USD;861,80000000;875,90000000;830,00000000;842,50000000;-2,29
2021-03-31T00:00:00+00:00;LTCHEDGE/USD;866,30000000;904,50000000;852,70000000;861,80000000;-0,52
2021-03-30T00:00:00+00:00;LTCHEDGE/USD;874,80000000;890,10000000;845,80000000;864,40000000;-1,2
2021-03-29T00:00:00+00:00;LTCHEDGE/USD;923,00000000;930,90000000;855,60000000;874,80000000;-5,51
2021-03-28T00:00:00+00:00;LTCHEDGE/USD;922,60000000;942,80000000;905,90000000;923,00000000;0,04
2021-03-27T00:00:00+00:00;LTCHEDGE/USD;926,50000000;952,60000000;911,00000000;922,60000000;-0,42
2021-03-26T00:00:00+00:00;LTCHEDGE/USD;992,90000000;994,50000000;923,10000000;926,50000000;-7,17
2021-03-25T00:00:00+00:00;LTCHEDGE/USD;969,20000000;1013,70000000;958,20000000;992,90000000;2,39
2021-03-24T00:00:00+00:00;LTCHEDGE/USD;921,70000000;986,90000000;865,40000000;969,20000000;4,9
2021-03-23T00:00:00+00:00;LTCHEDGE/USD;923,30000000;943,90000000;902,60000000;921,70000000;-0,17
2021-03-22T00:00:00+00:00;LTCHEDGE/USD;875,50000000;925,40000000;861,60000000;923,30000000;5,18
2021-03-21T00:00:00+00:00;LTCHEDGE/USD;854,30000000;888,50000000;840,30000000;875,50000000;2,42
2021-03-20T00:00:00+00:00;LTCHEDGE/USD;853,60000000;859,70000000;827,30000000;853,40000000;-0,02
2021-03-19T00:00:00+00:00;LTCHEDGE/USD;855,60000000;873,10000000;833,80000000;853,60000000;-0,23
2021-03-18T00:00:00+00:00;LTCHEDGE/USD;832,60000000;858,50000000;822,30000000;855,60000000;2,69
2021-03-17T00:00:00+00:00;LTCHEDGE/USD;850,40000000;879,10000000;828,30000000;832,60000000;-2,14
2021-03-16T00:00:00+00:00;LTCHEDGE/USD;851,60000000;892,20000000;834,60000000;850,40000000;-0,14
2021-03-15T00:00:00+00:00;LTCHEDGE/USD;799,90000000;862,30000000;771,10000000;851,60000000;6,07
2021-03-14T00:00:00+00:00;LTCHEDGE/USD;762,10000000;803,30000000;754,30000000;799,90000000;4,73
2021-03-13T00:00:00+00:00;LTCHEDGE/USD;774,90000000;807,60000000;746,00000000;762,10000000;-1,68
2021-03-12T00:00:00+00:00;LTCHEDGE/USD;858,60000000;870,10000000;765,30000000;774,90000000;-10,8
2021-03-11T00:00:00+00:00;LTCHEDGE/USD;859,70000000;903,50000000;849,80000000;857,70000000;-0,23
2021-03-10T00:00:00+00:00;LTCHEDGE/USD;849,80000000;898,30000000;831,40000000;859,70000000;1,15
2021-03-09T00:00:00+00:00;LTCHEDGE/USD;904,60000000;919,70000000;842,10000000;849,80000000;-6,45
2021-03-08T00:00:00+00:00;LTCHEDGE/USD;907,50000000;960,50000000;886,20000000;904,60000000;-0,32
2021-03-07T00:00:00+00:00;LTCHEDGE/USD;948,60000000;952,30000000;901,30000000;907,50000000;-4,53
2021-03-06T00:00:00+00:00;LTCHEDGE/USD;964,50000000;991,70000000;938,70000000;950,40000000;-1,48
2021-03-05T00:00:00+00:00;LTCHEDGE/USD;963,30000000;1024,70000000;944,80000000;964,50000000;0,12
2021-03-04T00:00:00+00:00;LTCHEDGE/USD;922,30000000;979,70000000;892,80000000;963,30000000;4,26
2021-03-03T00:00:00+00:00;LTCHEDGE/USD;975,30000000;992,80000000;878,40000000;922,30000000;-5,75
2021-03-02T00:00:00+00:00;LTCHEDGE/USD;990,50000000;1018,60000000;938,30000000;975,30000000;-1,56
2021-03-01T00:00:00+00:00;LTCHEDGE/USD;1061,60000000;1071,80000000;986,40000000;990,50000000;-7,18
2021-02-28T00:00:00+00:00;LTCHEDGE/USD;1017,40000000;1132,60000000;1009,30000000;1061,60000000;4,16
2021-02-27T00:00:00+00:00;LTCHEDGE/USD;1033,50000000;1049,10000000;969,30000000;1017,40000000;-1,58
2021-02-26T00:00:00+00:00;LTCHEDGE/USD;982,00000000;1072,80000000;962,70000000;1036,50000000;5,26
2021-02-25T00:00:00+00:00;LTCHEDGE/USD;973,90000000;1002,70000000;841,50000000;982,00000000;0,82
2021-02-24T00:00:00+00:00;LTCHEDGE/USD;1000,10000000;1039,20000000;925,20000000;973,90000000;-2,69
2021-02-23T00:00:00+00:00;LTCHEDGE/USD;869,60000000;1076,10000000;867,20000000;1000,10000000;13,05
2021-02-22T00:00:00+00:00;LTCHEDGE/USD;798,70000000;1026,40000000;797,10000000;869,60000000;8,15
2021-02-21T00:00:00+00:00;LTCHEDGE/USD;801,00000000;824,00000000;769,70000000;798,70000000;-0,29
2021-02-20T00:00:00+00:00;LTCHEDGE/USD;765,30000000;839,00000000;733,50000000;796,90000000;3,97
2021-02-19T00:00:00+00:00;LTCHEDGE/USD;798,30000000;821,90000000;745,90000000;761,60000000;-4,82
2021-02-18T00:00:00+00:00;LTCHEDGE/USD;765,80000000;814,10000000;755,80000000;796,20000000;3,82
2021-02-17T00:00:00+00:00;LTCHEDGE/USD;878,60000000;902,20000000;761,70000000;765,80000000;-14,73
2021-02-16T00:00:00+00:00;LTCHEDGE/USD;878,70000000;918,80000000;820,10000000;878,60000000;-0,01
2021-02-15T00:00:00+00:00;LTCHEDGE/USD;852,20000000;951,10000000;831,00000000;878,70000000;3,02
2021-02-14T00:00:00+00:00;LTCHEDGE/USD;810,70000000;870,80000000;794,80000000;852,20000000;4,87
2021-02-13T00:00:00+00:00;LTCHEDGE/USD;938,80000000;969,70000000;797,80000000;810,70000000;-15,8
2021-02-12T00:00:00+00:00;LTCHEDGE/USD;1015,60000000;1051,90000000;926,10000000;938,80000000;-8,18
2021-02-11T00:00:00+00:00;LTCHEDGE/USD;1024,40000000;1073,40000000;957,80000000;1015,60000000;-0,87
2021-02-10T00:00:00+00:00;LTCHEDGE/USD;1021,10000000;1075,60000000;943,10000000;1024,40000000;0,32
2021-02-09T00:00:00+00:00;LTCHEDGE/USD;1115,20000000;1140,90000000;1000,40000000;1021,10000000;-9,22
2021-02-08T00:00:00+00:00;LTCHEDGE/USD;1251,90000000;1279,60000000;1098,80000000;1115,20000000;-12,26
2021-02-07T00:00:00+00:00;LTCHEDGE/USD;1212,40000000;1312,50000000;1195,30000000;1251,90000000;3,16
2021-02-06T00:00:00+00:00;LTCHEDGE/USD;1214,10000000;1256,10000000;1142,40000000;1212,40000000;-0,14
2021-02-05T00:00:00+00:00;LTCHEDGE/USD;1298,80000000;1366,40000000;1192,20000000;1214,10000000;-6,98
2021-02-04T00:00:00+00:00;LTCHEDGE/USD;1213,80000000;1353,50000000;1187,00000000;1302,90000000;6,84
2021-02-03T00:00:00+00:00;LTCHEDGE/USD;1345,40000000;1370,50000000;1204,20000000;1213,80000000;-10,84
2021-02-02T00:00:00+00:00;LTCHEDGE/USD;1446,70000000;1451,60000000;1298,90000000;1345,40000000;-7,53
2021-02-01T00:00:00+00:00;LTCHEDGE/USD;1484,00000000;1520,30000000;1397,30000000;1446,70000000;-2,58
2021-01-31T00:00:00+00:00;LTCHEDGE/USD;1431,20000000;1520,80000000;1413,60000000;1484,00000000;3,56
2021-01-30T00:00:00+00:00;LTCHEDGE/USD;1419,50000000;1491,80000000;1406,80000000;1431,20000000;0,82
2021-01-29T00:00:00+00:00;LTCHEDGE/USD;1427,00000000;1453,20000000;1300,40000000;1419,50000000;-0,53
2021-01-28T00:00:00+00:00;LTCHEDGE/USD;1569,20000000;1597,00000000;1396,10000000;1427,00000000;-9,96
2021-01-27T00:00:00+00:00;LTCHEDGE/USD;1441,90000000;1615,25000000;1438,30000000;1569,20000000;8,11
2021-01-26T00:00:00+00:00;LTCHEDGE/USD;1419,00000000;1512,40000000;1388,00000000;1441,90000000;1,59
2021-01-25T00:00:00+00:00;LTCHEDGE/USD;1377,00000000;1426,80000000;1308,00000000;1419,00000000;2,96
2021-01-24T00:00:00+00:00;LTCHEDGE/USD;1411,90000000;1455,60000000;1303,20000000;1377,00000000;-2,53
2021-01-23T00:00:00+00:00;LTCHEDGE/USD;1413,50000000;1442,50000000;1348,50000000;1415,40000000;0,13
2021-01-22T00:00:00+00:00;LTCHEDGE/USD;1509,10000000;1590,10000000;1284,90000000;1413,50000000;-6,76
2021-01-21T00:00:00+00:00;LTCHEDGE/USD;1330,00000000;1546,70000000;1320,60000000;1502,50000000;11,48
2021-01-20T00:00:00+00:00;LTCHEDGE/USD;1312,90000000;1429,60000000;1271,60000000;1330,00000000;1,29
2021-01-19T00:00:00+00:00;LTCHEDGE/USD;1308,40000000;1324,50000000;1190,30000000;1307,10000000;-0,1
2021-01-18T00:00:00+00:00;LTCHEDGE/USD;1397,10000000;1443,70000000;1247,10000000;1308,40000000;-6,78
2021-01-17T00:00:00+00:00;LTCHEDGE/USD;1393,00000000;1463,90000000;1351,60000000;1402,40000000;0,67
2021-01-16T00:00:00+00:00;LTCHEDGE/USD;1391,50000000;1433,80000000;1289,10000000;1393,00000000;0,11
2021-01-15T00:00:00+00:00;LTCHEDGE/USD;1314,80000000;1504,00000000;1277,60000000;1391,50000000;5,51
2021-01-14T00:00:00+00:00;LTCHEDGE/USD;1362,60000000;1390,90000000;1266,70000000;1314,80000000;-3,64
2021-01-13T00:00:00+00:00;LTCHEDGE/USD;1517,20000000;1611,20000000;1343,60000000;1362,60000000;-11,35
2021-01-12T00:00:00+00:00;LTCHEDGE/USD;1465,80000000;1582,60000000;1369,70000000;1526,40000000;3,97
2021-01-11T00:00:00+00:00;LTCHEDGE/USD;1239,20000000;1656,90000000;1232,70000000;1465,80000000;15,46
2021-01-10T00:00:00+00:00;LTCHEDGE/USD;1191,70000000;1289,50000000;1131,30000000;1239,20000000;3,83
2021-01-09T00:00:00+00:00;LTCHEDGE/USD;1230,90000000;1298,90000000;1178,60000000;1191,70000000;-3,29
2021-01-08T00:00:00+00:00;LTCHEDGE/USD;1248,20000000;1399,80000000;1158,90000000;1230,90000000;-1,41
2021-01-07T00:00:00+00:00;LTCHEDGE/USD;1251,10000000;1356,10000000;1159,70000000;1248,20000000;-0,23
2021-01-06T00:00:00+00:00;LTCHEDGE/USD;1330,40000000;1368,10000000;1238,90000000;1251,10000000;-6,34
2021-01-05T00:00:00+00:00;LTCHEDGE/USD;1360,80000000;1441,00000000;1290,50000000;1330,40000000;-2,29
2021-01-04T00:00:00+00:00;LTCHEDGE/USD;1303,80000000;1509,80000000;1204,90000000;1360,80000000;4,19
2021-01-03T00:00:00+00:00;LTCHEDGE/USD;1571,40000000;1617,40000000;1274,20000000;1311,10000000;-19,85
2021-01-02T00:00:00+00:00;LTCHEDGE/USD;1710,00000000;1756,00000000;1501,75000000;1571,40000000;-8,82
2021-01-01T00:00:00+00:00;LTCHEDGE/USD;1741,00000000;1760,75000000;1606,75000000;1710,00000000;-1,81
2020-12-31T00:00:00+00:00;LTCHEDGE/USD;1670,50000000;1772,75000000;1663,50000000;1741,00000000;4,05
2020-12-30T00:00:00+00:00;LTCHEDGE/USD;1681,25000000;1763,25000000;1627,25000000;1670,50000000;-0,64
2020-12-29T00:00:00+00:00;LTCHEDGE/USD;1668,00000000;1798,00000000;1648,50000000;1681,25000000;0,79
2020-12-28T00:00:00+00:00;LTCHEDGE/USD;1695,50000000;1735,75000000;1569,00000000;1666,50000000;-1,74
2020-12-27T00:00:00+00:00;LTCHEDGE/USD;1668,75000000;1817,00000000;1544,75000000;1695,50000000;1,58
2020-12-26T00:00:00+00:00;LTCHEDGE/USD;1695,25000000;1774,50000000;1594,50000000;1668,75000000;-1,59
2020-12-25T00:00:00+00:00;LTCHEDGE/USD;1987,25000000;2086,00000000;1682,00000000;1695,25000000;-17,22
2020-12-24T00:00:00+00:00;LTCHEDGE/USD;2178,25000000;2246,25000000;1961,00000000;1985,75000000;-9,69
2020-12-23T00:00:00+00:00;LTCHEDGE/USD;1977,00000000;2308,25000000;1925,00000000;2178,25000000;9,24
2020-12-22T00:00:00+00:00;LTCHEDGE/USD;2183,25000000;2342,75000000;1973,00000000;1978,50000000;-10,35
2020-12-21T00:00:00+00:00;LTCHEDGE/USD;1999,00000000;2326,75000000;1924,00000000;2183,25000000;8,44
2020-12-20T00:00:00+00:00;LTCHEDGE/USD;1911,75000000;2122,75000000;1858,50000000;1999,00000000;4,36
2020-12-19T00:00:00+00:00;LTCHEDGE/USD;2112,50000000;2193,50000000;1822,75000000;1911,75000000;-10,5
2020-12-18T00:00:00+00:00;LTCHEDGE/USD;2306,00000000;2353,50000000;2033,50000000;2112,50000000;-9,16
2020-12-17T00:00:00+00:00;LTCHEDGE/USD;2560,50000000;2650,50000000;2124,25000000;2306,00000000;-11,04
2020-12-16T00:00:00+00:00;LTCHEDGE/USD;2992,50000000;3096,00000000;2549,00000000;2567,00000000;-16,58
2020-12-15T00:00:00+00:00;LTCHEDGE/USD;2952,00000000;3042,75000000;2858,75000000;2992,50000000;1,35
2020-12-14T00:00:00+00:00;LTCHEDGE/USD;2957,00000000;3090,00000000;2927,00000000;2955,75000000;-0,04
2020-12-13T00:00:00+00:00;LTCHEDGE/USD;3194,00000000;3238,50000000;2867,00000000;2957,00000000;-8,01
2020-12-12T00:00:00+00:00;LTCHEDGE/USD;3400,50000000;3447,00000000;3147,00000000;3194,00000000;-6,47
2020-12-11T00:00:00+00:00;LTCHEDGE/USD;3290,50000000;3502,50000000;3265,00000000;3408,50000000;3,46
2020-12-10T00:00:00+00:00;LTCHEDGE/USD;3187,50000000;3356,00000000;3172,00000000;3290,50000000;3,13
2020-12-09T00:00:00+00:00;LTCHEDGE/USD;3214,75000000;3416,50000000;3153,00000000;3187,50000000;-0,85
2020-12-08T00:00:00+00:00;LTCHEDGE/USD;2973,75000000;3265,75000000;2923,50000000;3214,75000000;7,5
2020-12-07T00:00:00+00:00;LTCHEDGE/USD;2969,75000000;3040,50000000;2853,00000000;2973,75000000;0,13
2020-12-06T00:00:00+00:00;LTCHEDGE/USD;2987,25000000;3088,75000000;2908,50000000;2969,75000000;-0,59
2020-12-05T00:00:00+00:00;LTCHEDGE/USD;3132,50000000;3168,75000000;2939,00000000;2983,00000000;-5,01
2020-12-04T00:00:00+00:00;LTCHEDGE/USD;2834,50000000;3203,50000000;2793,50000000;3132,50000000;9,51
2020-12-03T00:00:00+00:00;LTCHEDGE/USD;2830,00000000;2941,25000000;2747,25000000;2823,50000000;-0,23
2020-12-02T00:00:00+00:00;LTCHEDGE/USD;2961,75000000;3059,50000000;2765,75000000;2830,00000000;-4,66
2020-12-01T00:00:00+00:00;LTCHEDGE/USD;2875,25000000;3321,25000000;2702,50000000;2961,75000000;2,92
2020-11-30T00:00:00+00:00;LTCHEDGE/USD;3236,50000000;3324,00000000;2838,50000000;2875,25000000;-12,56
2020-11-29T00:00:00+00:00;LTCHEDGE/USD;3540,50000000;3604,00000000;3125,50000000;3236,50000000;-9,39
2020-11-28T00:00:00+00:00;LTCHEDGE/USD;3725,00000000;3814,00000000;3414,00000000;3540,50000000;-5,21
2020-11-27T00:00:00+00:00;LTCHEDGE/USD;3637,50000000;3938,50000000;3509,00000000;3725,00000000;2,35
2020-11-26T00:00:00+00:00;LTCHEDGE/USD;3200,50000000;3921,50000000;3138,00000000;3637,50000000;12,01
2020-11-25T00:00:00+00:00;LTCHEDGE/USD;2942,75000000;3329,75000000;2898,25000000;3200,50000000;8,05
2020-11-24T00:00:00+00:00;LTCHEDGE/USD;2945,50000000;3069,25000000;2782,25000000;2949,75000000;0,14
2020-11-23T00:00:00+00:00;LTCHEDGE/USD;3174,50000000;3257,50000000;2872,00000000;2945,50000000;-7,77
2020-11-22T00:00:00+00:00;LTCHEDGE/USD;3021,25000000;3403,75000000;2986,00000000;3174,50000000;4,83
2020-11-21T00:00:00+00:00;LTCHEDGE/USD;3200,00000000;3298,00000000;2966,50000000;3021,25000000;-5,92
2020-11-20T00:00:00+00:00;LTCHEDGE/USD;3250,50000000;3301,00000000;3076,00000000;3200,00000000;-1,58
2020-11-19T00:00:00+00:00;LTCHEDGE/USD;3635,00000000;3737,50000000;3147,50000000;3241,50000000;-12,14
2020-11-18T00:00:00+00:00;LTCHEDGE/USD;3502,50000000;3933,00000000;3459,50000000;3635,00000000;3,65
2020-11-17T00:00:00+00:00;LTCHEDGE/USD;3625,00000000;3754,50000000;3467,00000000;3502,50000000;-3,5
2020-11-16T00:00:00+00:00;LTCHEDGE/USD;4387,50000000;4401,50000000;3584,00000000;3625,00000000;-21,03
2020-11-15T00:00:00+00:00;LTCHEDGE/USD;4286,00000000;4476,50000000;4238,50000000;4387,50000000;2,31
2020-11-14T00:00:00+00:00;LTCHEDGE/USD;4154,50000000;4422,50000000;4125,50000000;4277,50000000;2,88
2020-11-13T00:00:00+00:00;LTCHEDGE/USD;4540,00000000;4579,00000000;4096,50000000;4154,50000000;-9,28
2020-11-12T00:00:00+00:00;LTCHEDGE/USD;4650,00000000;4793,00000000;4528,00000000;4540,00000000;-2,42
2020-11-11T00:00:00+00:00;LTCHEDGE/USD;4756,50000000;4770,00000000;4537,50000000;4650,00000000;-2,29
2020-11-10T00:00:00+00:00;LTCHEDGE/USD;4657,00000000;4828,50000000;4618,50000000;4758,00000000;2,12
2020-11-09T00:00:00+00:00;LTCHEDGE/USD;4515,00000000;4793,50000000;4451,50000000;4657,00000000;3,05
2020-11-08T00:00:00+00:00;LTCHEDGE/USD;4687,00000000;4786,50000000;4431,00000000;4515,00000000;-3,81
2020-11-07T00:00:00+00:00;LTCHEDGE/USD;4393,00000000;4830,00000000;4275,00000000;4687,00000000;6,27
2020-11-06T00:00:00+00:00;LTCHEDGE/USD;4729,50000000;4757,00000000;4352,00000000;4393,00000000;-7,66
2020-11-05T00:00:00+00:00;LTCHEDGE/USD;5126,50000000;5126,50000000;4654,50000000;4729,50000000;-8,39
2020-11-04T00:00:00+00:00;LTCHEDGE/USD;5197,00000000;5468,00000000;5073,00000000;5126,50000000;-1,38
2020-11-03T00:00:00+00:00;LTCHEDGE/USD;5218,00000000;5627,50000000;5156,00000000;5197,00000000;-0,4
2020-11-02T00:00:00+00:00;LTCHEDGE/USD;5054,00000000;5307,00000000;4942,00000000;5218,00000000;3,14
2020-11-01T00:00:00+00:00;LTCHEDGE/USD;5054,50000000;5225,00000000;5000,50000000;5054,00000000;-0,01
2020-10-31T00:00:00+00:00;LTCHEDGE/USD;5220,50000000;5296,00000000;4973,50000000;5054,50000000;-3,28
2020-10-30T00:00:00+00:00;LTCHEDGE/USD;5142,50000000;5548,50000000;5049,50000000;5220,50000000;1,49
2020-10-29T00:00:00+00:00;LTCHEDGE/USD;5059,50000000;5287,00000000;4986,00000000;5142,50000000;1,61
2020-10-28T00:00:00+00:00;LTCHEDGE/USD;4881,00000000;5177,50000000;4649,00000000;5059,50000000;3,53
2020-10-27T00:00:00+00:00;LTCHEDGE/USD;4979,50000000;5020,00000000;4768,50000000;4881,00000000;-2,02
2020-10-26T00:00:00+00:00;LTCHEDGE/USD;4815,50000000;5169,50000000;4767,00000000;4979,50000000;3,29
2020-10-25T00:00:00+00:00;LTCHEDGE/USD;4784,00000000;5079,50000000;4715,50000000;4815,50000000;0,65
2020-10-24T00:00:00+00:00;LTCHEDGE/USD;5130,00000000;5197,50000000;4741,00000000;4784,00000000;-7,23
2020-10-23T00:00:00+00:00;LTCHEDGE/USD;5235,50000000;5370,50000000;4986,00000000;5137,00000000;-1,92
2020-10-22T00:00:00+00:00;LTCHEDGE/USD;5365,00000000;5376,00000000;5045,50000000;5235,50000000;-2,47
2020-10-21T00:00:00+00:00;LTCHEDGE/USD;6206,50000000;6222,50000000;5166,50000000;5365,00000000;-15,68
2020-10-20T00:00:00+00:00;LTCHEDGE/USD;6070,00000000;6265,50000000;6003,50000000;6206,50000000;2,2
2020-10-19T00:00:00+00:00;LTCHEDGE/USD;6132,50000000;6223,00000000;6007,00000000;6070,00000000;-1,03
2020-10-18T00:00:00+00:00;LTCHEDGE/USD;6220,00000000;6230,50000000;6089,50000000;6132,50000000;-1,43
2020-10-17T00:00:00+00:00;LTCHEDGE/USD;6136,00000000;6292,50000000;6126,00000000;6220,00000000;1,35
2020-10-16T00:00:00+00:00;LTCHEDGE/USD;5906,50000000;6369,00000000;5860,50000000;6136,00000000;3,74
2020-10-15T00:00:00+00:00;LTCHEDGE/USD;5868,00000000;6084,50000000;5817,00000000;5906,50000000;0,65
2020-10-14T00:00:00+00:00;LTCHEDGE/USD;5864,50000000;6011,50000000;5726,50000000;5878,00000000;0,23
2020-10-13T00:00:00+00:00;LTCHEDGE/USD;5787,00000000;5995,00000000;5767,50000000;5864,50000000;1,32
2020-10-12T00:00:00+00:00;LTCHEDGE/USD;5802,00000000;5939,00000000;5674,50000000;5787,00000000;-0,26
2020-10-11T00:00:00+00:00;LTCHEDGE/USD;5995,50000000;6035,00000000;5699,50000000;5802,00000000;-3,34
2020-10-10T00:00:00+00:00;LTCHEDGE/USD;6138,00000000;6162,00000000;5792,00000000;5995,50000000;-2,38
2020-10-09T00:00:00+00:00;LTCHEDGE/USD;6196,50000000;6280,50000000;6070,00000000;6138,00000000;-0,95
2020-10-08T00:00:00+00:00;LTCHEDGE/USD;6285,00000000;6432,50000000;6146,00000000;6196,50000000;-1,43
2020-10-07T00:00:00+00:00;LTCHEDGE/USD;6369,00000000;6511,50000000;6221,50000000;6285,00000000;-1,34
2020-10-06T00:00:00+00:00;LTCHEDGE/USD;6321,00000000;6439,50000000;6046,00000000;6369,00000000;0,75
2020-10-05T00:00:00+00:00;LTCHEDGE/USD;6276,50000000;6438,50000000;6222,00000000;6321,00000000;0,7
2020-10-04T00:00:00+00:00;LTCHEDGE/USD;6441,50000000;6480,00000000;6201,00000000;6276,50000000;-2,63
2020-10-03T00:00:00+00:00;LTCHEDGE/USD;6535,00000000;6566,00000000;6283,00000000;6441,50000000;-1,45
2020-10-02T00:00:00+00:00;LTCHEDGE/USD;6352,00000000;6770,50000000;6209,00000000;6535,00000000;2,8
2020-10-01T00:00:00+00:00;LTCHEDGE/USD;6350,50000000;6496,00000000;6019,50000000;6352,00000000;0,02
2020-09-30T00:00:00+00:00;LTCHEDGE/USD;6428,50000000;6470,50000000;6240,00000000;6350,50000000;-1,23
2020-09-29T00:00:00+00:00;LTCHEDGE/USD;6497,00000000;6542,50000000;6340,50000000;6428,50000000;-1,07
2020-09-28T00:00:00+00:00;LTCHEDGE/USD;6387,00000000;6564,00000000;6212,00000000;6497,00000000;1,69
2020-09-27T00:00:00+00:00;LTCHEDGE/USD;6388,50000000;6590,50000000;6291,50000000;6387,00000000;-0,02
2020-09-26T00:00:00+00:00;LTCHEDGE/USD;6402,50000000;6515,50000000;6253,50000000;6388,50000000;-0,22
2020-09-25T00:00:00+00:00;LTCHEDGE/USD;6555,00000000;6699,00000000;5991,00000000;6402,50000000;-2,38
2020-09-24T00:00:00+00:00;LTCHEDGE/USD;6886,00000000;6946,00000000;6461,00000000;6555,00000000;-5,05
2020-09-23T00:00:00+00:00;LTCHEDGE/USD;6657,00000000;6984,50000000;6444,50000000;6886,00000000;3,33
2020-09-22T00:00:00+00:00;LTCHEDGE/USD;6884,50000000;6944,50000000;6594,50000000;6657,00000000;-3,42
2020-09-21T00:00:00+00:00;LTCHEDGE/USD;6356,00000000;7084,00000000;6270,00000000;6884,50000000;7,68
2020-09-20T00:00:00+00:00;LTCHEDGE/USD;6172,50000000;6477,50000000;6136,00000000;6356,00000000;2,89
2020-09-19T00:00:00+00:00;LTCHEDGE/USD;6183,00000000;6251,50000000;6009,00000000;6172,50000000;-0,17
2020-09-18T00:00:00+00:00;LTCHEDGE/USD;6132,00000000;6304,50000000;6094,00000000;6183,00000000;0,82
2020-09-17T00:00:00+00:00;LTCHEDGE/USD;6285,00000000;6298,50000000;6020,50000000;6132,00000000;-2,5
2020-09-16T00:00:00+00:00;LTCHEDGE/USD;6209,50000000;6390,00000000;6127,50000000;6285,00000000;1,2
2020-09-15T00:00:00+00:00;LTCHEDGE/USD;6121,00000000;6237,00000000;5976,50000000;6209,50000000;1,43
2020-09-14T00:00:00+00:00;LTCHEDGE/USD;6241,50000000;6375,00000000;6037,50000000;6121,00000000;-1,97
2020-09-13T00:00:00+00:00;LTCHEDGE/USD;5941,50000000;6347,50000000;5909,00000000;6241,50000000;4,81
2020-09-12T00:00:00+00:00;LTCHEDGE/USD;6172,00000000;6241,50000000;5876,00000000;5941,50000000;-3,88
2020-09-11T00:00:00+00:00;LTCHEDGE/USD;6205,50000000;6372,50000000;6101,00000000;6172,00000000;-0,54
2020-09-10T00:00:00+00:00;LTCHEDGE/USD;6322,50000000;6337,00000000;6090,50000000;6205,50000000;-1,89
2020-09-09T00:00:00+00:00;LTCHEDGE/USD;6373,50000000;6507,00000000;6171,00000000;6322,50000000;-0,81
2020-09-08T00:00:00+00:00;LTCHEDGE/USD;6202,00000000;6568,50000000;6124,00000000;6373,50000000;2,69
2020-09-07T00:00:00+00:00;LTCHEDGE/USD;6329,50000000;6690,50000000;6058,00000000;6202,00000000;-2,06
2020-09-06T00:00:00+00:00;LTCHEDGE/USD;6359,50000000;6559,50000000;6170,00000000;6329,50000000;-0,47
2020-09-05T00:00:00+00:00;LTCHEDGE/USD;6059,00000000;6674,50000000;5942,00000000;6359,50000000;4,73
2020-09-04T00:00:00+00:00;LTCHEDGE/USD;6457,50000000;6608,00000000;5789,00000000;6059,00000000;-6,58
2020-09-03T00:00:00+00:00;LTCHEDGE/USD;5471,50000000;6649,00000000;5410,00000000;6457,50000000;15,27
2020-09-02T00:00:00+00:00;LTCHEDGE/USD;5089,50000000;5606,00000000;5044,50000000;5471,50000000;6,98
2020-09-01T00:00:00+00:00;LTCHEDGE/USD;5232,00000000;5347,00000000;4937,00000000;5082,50000000;-2,94
2020-08-31T00:00:00+00:00;LTCHEDGE/USD;5070,00000000;5274,50000000;5000,00000000;5232,00000000;3,1
2020-08-30T00:00:00+00:00;LTCHEDGE/USD;5658,50000000;5668,00000000;5062,50000000;5070,00000000;-11,61
2020-08-29T00:00:00+00:00;LTCHEDGE/USD;5615,00000000;5681,50000000;5530,50000000;5658,50000000;0,77
2020-08-28T00:00:00+00:00;LTCHEDGE/USD;5747,00000000;5847,00000000;5528,50000000;5615,00000000;-2,35
2020-08-27T00:00:00+00:00;LTCHEDGE/USD;5557,00000000;5977,00000000;5440,00000000;5747,00000000;3,31
2020-08-26T00:00:00+00:00;LTCHEDGE/USD;5553,50000000;5672,50000000;5451,00000000;5557,00000000;0,06
2020-08-25T00:00:00+00:00;LTCHEDGE/USD;5222,00000000;5685,50000000;5192,00000000;5553,50000000;5,97
2020-08-24T00:00:00+00:00;LTCHEDGE/USD;5354,00000000;5413,50000000;5133,50000000;5222,00000000;-2,53
2020-08-23T00:00:00+00:00;LTCHEDGE/USD;5384,50000000;5578,00000000;5254,00000000;5354,00000000;-0,57
2020-08-22T00:00:00+00:00;LTCHEDGE/USD;5488,00000000;5618,50000000;5352,50000000;5384,50000000;-1,92
2020-08-21T00:00:00+00:00;LTCHEDGE/USD;5182,00000000;5532,50000000;5085,50000000;5488,00000000;5,58
2020-08-20T00:00:00+00:00;LTCHEDGE/USD;5237,00000000;5341,50000000;5103,00000000;5182,00000000;-1,06
2020-08-19T00:00:00+00:00;LTCHEDGE/USD;4983,00000000;5505,50000000;4848,00000000;5237,00000000;4,85
2020-08-18T00:00:00+00:00;LTCHEDGE/USD;4833,00000000;5154,50000000;4743,00000000;4983,00000000;3,01
2020-08-17T00:00:00+00:00;LTCHEDGE/USD;5074,50000000;5282,00000000;4693,50000000;4833,00000000;-5,0
2020-08-16T00:00:00+00:00;LTCHEDGE/USD;5436,50000000;5663,00000000;5014,50000000;5074,50000000;-7,13
2020-08-15T00:00:00+00:00;LTCHEDGE/USD;5743,50000000;5991,00000000;5335,50000000;5436,50000000;-5,65
2020-08-14T00:00:00+00:00;LTCHEDGE/USD;5702,50000000;5991,00000000;5636,50000000;5743,50000000;0,71
2020-08-13T00:00:00+00:00;LTCHEDGE/USD;5997,00000000;6294,00000000;5685,00000000;5702,50000000;-5,16
2020-08-12T00:00:00+00:00;LTCHEDGE/USD;6052,50000000;6309,50000000;5937,00000000;5997,00000000;-0,93
2020-08-11T00:00:00+00:00;LTCHEDGE/USD;5640,50000000;6220,50000000;5505,50000000;6052,50000000;6,81
2020-08-10T00:00:00+00:00;LTCHEDGE/USD;5764,50000000;5794,50000000;5522,50000000;5640,50000000;-2,2
2020-08-09T00:00:00+00:00;LTCHEDGE/USD;5625,00000000;5854,00000000;5589,50000000;5764,50000000;2,42
2020-08-08T00:00:00+00:00;LTCHEDGE/USD;5750,50000000;5825,00000000;5601,00000000;5625,00000000;-2,23
2020-08-07T00:00:00+00:00;LTCHEDGE/USD;5578,50000000;6026,00000000;5392,00000000;5750,50000000;2,99
2020-08-06T00:00:00+00:00;LTCHEDGE/USD;5594,00000000;5704,50000000;5420,00000000;5578,50000000;-0,28
2020-08-05T00:00:00+00:00;LTCHEDGE/USD;5724,00000000;5870,50000000;5496,50000000;5594,00000000;-2,32
2020-08-04T00:00:00+00:00;LTCHEDGE/USD;5626,00000000;5842,50000000;5516,50000000;5724,00000000;1,71
2020-08-03T00:00:00+00:00;LTCHEDGE/USD;5811,50000000;5924,50000000;5471,00000000;5626,00000000;-3,3
2020-08-02T00:00:00+00:00;LTCHEDGE/USD;5374,50000000;6123,00000000;5067,50000000;5811,50000000;7,52
2020-08-01T00:00:00+00:00;LTCHEDGE/USD;5725,00000000;5798,00000000;5314,50000000;5374,50000000;-6,52
2020-07-31T00:00:00+00:00;LTCHEDGE/USD;5855,50000000;5962,50000000;5605,00000000;5716,50000000;-2,43
2020-07-30T00:00:00+00:00;LTCHEDGE/USD;6029,50000000;6156,00000000;5657,50000000;5866,50000000;-2,78
2020-07-29T00:00:00+00:00;LTCHEDGE/USD;5955,50000000;6093,00000000;5826,50000000;6029,50000000;1,23
2020-07-28T00:00:00+00:00;LTCHEDGE/USD;6224,00000000;6408,00000000;5736,50000000;5955,50000000;-4,51
2020-07-27T00:00:00+00:00;LTCHEDGE/USD;7058,50000000;7250,50000000;5959,50000000;6224,00000000;-13,41
2020-07-26T00:00:00+00:00;LTCHEDGE/USD;6890,50000000;7289,50000000;6683,00000000;7058,50000000;2,38
2020-07-25T00:00:00+00:00;LTCHEDGE/USD;7774,00000000;7787,00000000;6810,00000000;6890,50000000;-12,82
2020-07-24T00:00:00+00:00;LTCHEDGE/USD;7634,00000000;7861,00000000;7621,00000000;7774,00000000;1,8
2020-07-23T00:00:00+00:00;LTCHEDGE/USD;7617,00000000;7714,00000000;7492,00000000;7634,00000000;0,22
2020-07-22T00:00:00+00:00;LTCHEDGE/USD;7844,00000000;7954,00000000;7586,00000000;7617,00000000;-2,98
2020-07-21T00:00:00+00:00;LTCHEDGE/USD;8190,00000000;8226,00000000;7766,00000000;7844,00000000;-4,41
2020-07-20T00:00:00+00:00;LTCHEDGE/USD;8068,00000000;8366,00000000;8026,00000000;8190,00000000;1,49
2020-07-19T00:00:00+00:00;LTCHEDGE/USD;8103,00000000;8233,00000000;8016,00000000;8068,00000000;-0,43
2020-07-18T00:00:00+00:00;LTCHEDGE/USD;8225,00000000;8297,00000000;8017,00000000;8103,00000000;-1,51
2020-07-17T00:00:00+00:00;LTCHEDGE/USD;8192,00000000;8314,00000000;8108,00000000;8225,00000000;0,4
2020-07-16T00:00:00+00:00;LTCHEDGE/USD;7965,00000000;8391,00000000;7932,00000000;8192,00000000;2,77
2020-07-15T00:00:00+00:00;LTCHEDGE/USD;7863,00000000;8057,00000000;7827,00000000;7965,00000000;1,28
2020-07-14T00:00:00+00:00;LTCHEDGE/USD;7867,00000000;8366,00000000;7828,00000000;7863,00000000;-0,05
2020-07-13T00:00:00+00:00;LTCHEDGE/USD;7719,00000000;8104,00000000;7564,00000000;7857,00000000;1,76
2020-07-12T00:00:00+00:00;LTCHEDGE/USD;7727,00000000;7899,00000000;7620,00000000;7719,00000000;-0,1
2020-07-11T00:00:00+00:00;LTCHEDGE/USD;7791,00000000;7941,00000000;7713,00000000;7727,00000000;-0,83
2020-07-10T00:00:00+00:00;LTCHEDGE/USD;7779,00000000;7945,00000000;7727,00000000;7791,00000000;0,15
2020-07-09T00:00:00+00:00;LTCHEDGE/USD;7595,00000000;7920,00000000;7510,00000000;7779,00000000;2,37
2020-07-08T00:00:00+00:00;LTCHEDGE/USD;7953,00000000;8011,00000000;7545,00000000;7595,00000000;-4,71
2020-07-07T00:00:00+00:00;LTCHEDGE/USD;7830,00000000;8017,00000000;7748,00000000;7953,00000000;1,55
2020-07-06T00:00:00+00:00;LTCHEDGE/USD;8317,00000000;8366,00000000;7779,00000000;7830,00000000;-6,22
2020-07-05T00:00:00+00:00;LTCHEDGE/USD;8223,00000000;8478,00000000;8192,00000000;8317,00000000;1,13
2020-07-04T00:00:00+00:00;LTCHEDGE/USD;8434,00000000;8459,00000000;8192,00000000;8223,00000000;-2,57
2020-07-03T00:00:00+00:00;LTCHEDGE/USD;8449,00000000;8459,00000000;8307,00000000;8422,00000000;-0,32
2020-07-02T00:00:00+00:00;LTCHEDGE/USD;8303,00000000;8586,00000000;8268,00000000;8449,00000000;1,73
2020-07-01T00:00:00+00:00;LTCHEDGE/USD;8431,00000000;8462,00000000;8245,00000000;8303,00000000;-1,54
2020-06-30T00:00:00+00:00;LTCHEDGE/USD;8298,00000000;8512,00000000;8255,00000000;8431,00000000;1,58
2020-06-29T00:00:00+00:00;LTCHEDGE/USD;8394,00000000;8553,00000000;8212,00000000;8298,00000000;-1,16
2020-06-28T00:00:00+00:00;LTCHEDGE/USD;8459,00000000;8588,00000000;8257,00000000;8394,00000000;-0,77
2020-06-27T00:00:00+00:00;LTCHEDGE/USD;8086,00000000;8821,00000000;8072,00000000;8459,00000000;4,41
2020-06-26T00:00:00+00:00;LTCHEDGE/USD;8231,00000000;8459,00000000;7991,00000000;8086,00000000;-1,79
2020-06-25T00:00:00+00:00;LTCHEDGE/USD;8187,00000000;8459,00000000;8106,00000000;8231,00000000;0,53
2020-06-24T00:00:00+00:00;LTCHEDGE/USD;7899,00000000;8288,00000000;7799,00000000;8187,00000000;3,52
2020-06-23T00:00:00+00:00;LTCHEDGE/USD;7864,00000000;7972,00000000;7834,00000000;7899,00000000;0,44
2020-06-22T00:00:00+00:00;LTCHEDGE/USD;8134,00000000;8220,00000000;7801,00000000;7864,00000000;-3,43
2020-06-21T00:00:00+00:00;LTCHEDGE/USD;8015,00000000;8152,00000000;7964,00000000;8134,00000000;1,46
2020-06-20T00:00:00+00:00;LTCHEDGE/USD;8162,00000000;8307,00000000;7965,00000000;8015,00000000;-1,83
2020-06-19T00:00:00+00:00;LTCHEDGE/USD;8049,00000000;8342,00000000;7991,00000000;8162,00000000;1,38
2020-06-18T00:00:00+00:00;LTCHEDGE/USD;7939,00000000;8154,00000000;7902,00000000;8049,00000000;1,37
2020-06-17T00:00:00+00:00;LTCHEDGE/USD;7966,00000000;8136,00000000;7759,00000000;7939,00000000;-0,34
2020-06-16T00:00:00+00:00;LTCHEDGE/USD;7994,00000000;8095,00000000;7895,00000000;7966,00000000;-0,35
2020-06-15T00:00:00+00:00;LTCHEDGE/USD;7944,00000000;8363,00000000;7924,00000000;7994,00000000;0,63
2020-06-14T00:00:00+00:00;LTCHEDGE/USD;7756,00000000;8048,00000000;7750,00000000;7944,00000000;2,37
2020-06-13T00:00:00+00:00;LTCHEDGE/USD;7821,00000000;7903,00000000;7729,00000000;7756,00000000;-0,84
2020-06-12T00:00:00+00:00;LTCHEDGE/USD;8118,00000000;8202,00000000;7695,00000000;7821,00000000;-3,8
2020-06-11T00:00:00+00:00;LTCHEDGE/USD;7541,00000000;8340,00000000;7500,00000000;8118,00000000;7,11
2020-06-10T00:00:00+00:00;LTCHEDGE/USD;7674,00000000;7730,00000000;7452,00000000;7541,00000000;-1,76
2020-06-09T00:00:00+00:00;LTCHEDGE/USD;7583,00000000;7779,00000000;7513,00000000;7674,00000000;1,19
2020-06-08T00:00:00+00:00;LTCHEDGE/USD;7557,00000000;7841,00000000;7531,00000000;7583,00000000;0,34
2020-06-07T00:00:00+00:00;LTCHEDGE/USD;7532,00000000;7842,00000000;7500,00000000;7557,00000000;0,33
2020-06-06T00:00:00+00:00;LTCHEDGE/USD;7531,00000000;7667,00000000;7461,00000000;7532,00000000;0,01
2020-06-05T00:00:00+00:00;LTCHEDGE/USD;7428,00000000;7605,00000000;7344,00000000;7531,00000000;1,37
2020-06-04T00:00:00+00:00;LTCHEDGE/USD;7471,00000000;7632,00000000;7321,00000000;7428,00000000;-0,58
2020-06-03T00:00:00+00:00;LTCHEDGE/USD;7669,00000000;7799,00000000;7415,00000000;7472,00000000;-2,64
2020-06-02T00:00:00+00:00;LTCHEDGE/USD;7288,00000000;7946,00000000;7059,00000000;7669,00000000;4,97
2020-06-01T00:00:00+00:00;LTCHEDGE/USD;7777,00000000;7831,00000000;7199,00000000;7288,00000000;-6,71
2020-05-31T00:00:00+00:00;LTCHEDGE/USD;7437,00000000;7868,00000000;7420,00000000;7777,00000000;4,37
2020-05-30T00:00:00+00:00;LTCHEDGE/USD;8028,00000000;8078,00000000;7383,00000000;7437,00000000;-7,95
2020-05-29T00:00:00+00:00;LTCHEDGE/USD;7969,00000000;8125,00000000;7863,00000000;8028,00000000;0,73
2020-05-28T00:00:00+00:00;LTCHEDGE/USD;8152,00000000;8291,00000000;7947,00000000;7969,00000000;-2,3
2020-05-27T00:00:00+00:00;LTCHEDGE/USD;8477,00000000;8485,00000000;8118,00000000;8152,00000000;-3,99
2020-05-26T00:00:00+00:00;LTCHEDGE/USD;8344,00000000;8579,00000000;8324,00000000;8477,00000000;1,57
2020-05-25T00:00:00+00:00;LTCHEDGE/USD;8534,00000000;8604,00000000;8275,00000000;8346,00000000;-2,25
2020-05-24T00:00:00+00:00;LTCHEDGE/USD;8210,00000000;8548,00000000;8074,00000000;8534,00000000;3,8
2020-05-23T00:00:00+00:00;LTCHEDGE/USD;8145,00000000;8268,00000000;8048,00000000;8210,00000000;0,79
2020-05-22T00:00:00+00:00;LTCHEDGE/USD;8449,00000000;8519,00000000;8057,00000000;8145,00000000;-3,73
2020-05-21T00:00:00+00:00;LTCHEDGE/USD;8168,00000000;8645,00000000;8098,00000000;8452,00000000;3,36
2020-05-20T00:00:00+00:00;LTCHEDGE/USD;7907,00000000;8388,00000000;7831,00000000;8168,00000000;3,2
2020-05-19T00:00:00+00:00;LTCHEDGE/USD;7978,00000000;8217,00000000;7893,00000000;7907,00000000;-0,9
2020-05-18T00:00:00+00:00;LTCHEDGE/USD;8287,00000000;8308,00000000;7739,00000000;7978,00000000;-3,87
2020-05-17T00:00:00+00:00;LTCHEDGE/USD;8369,00000000;8410,00000000;8124,00000000;8287,00000000;-0,99
2020-05-16T00:00:00+00:00;LTCHEDGE/USD;8476,00000000;8521,00000000;8246,00000000;8369,00000000;-1,28
2020-05-15T00:00:00+00:00;LTCHEDGE/USD;8244,00000000;8644,00000000;8210,00000000;8476,00000000;2,74
2020-05-14T00:00:00+00:00;LTCHEDGE/USD;8392,00000000;8574,00000000;8153,00000000;8244,00000000;-1,8
2020-05-13T00:00:00+00:00;LTCHEDGE/USD;8606,00000000;8656,00000000;8279,00000000;8392,00000000;-2,55
2020-05-12T00:00:00+00:00;LTCHEDGE/USD;8757,00000000;8798,00000000;8459,00000000;8606,00000000;-1,75
2020-05-11T00:00:00+00:00;LTCHEDGE/USD;8652,00000000;9212,00000000;8474,00000000;8757,00000000;1,2
2020-05-10T00:00:00+00:00;LTCHEDGE/USD;7841,00000000;9182,00000000;7832,00000000;8652,00000000;9,37
2020-05-09T00:00:00+00:00;LTCHEDGE/USD;7707,00000000;7866,00000000;7480,00000000;7841,00000000;1,71
2020-05-08T00:00:00+00:00;LTCHEDGE/USD;7752,00000000;7954,00000000;7583,00000000;7707,00000000;-0,58
2020-05-07T00:00:00+00:00;LTCHEDGE/USD;8230,00000000;8329,00000000;7594,00000000;7752,00000000;-6,17
2020-05-06T00:00:00+00:00;LTCHEDGE/USD;7945,00000000;8331,00000000;7763,00000000;8230,00000000;3,46
2020-05-05T00:00:00+00:00;LTCHEDGE/USD;7876,00000000;8173,00000000;7737,00000000;7945,00000000;0,87
2020-05-04T00:00:00+00:00;LTCHEDGE/USD;7698,00000000;8176,00000000;7677,00000000;7876,00000000;2,26
2020-05-03T00:00:00+00:00;LTCHEDGE/USD;7523,00000000;7959,00000000;7395,00000000;7698,00000000;2,27
2020-05-02T00:00:00+00:00;LTCHEDGE/USD;7874,00000000;7951,00000000;7461,00000000;7523,00000000;-4,67
2020-05-01T00:00:00+00:00;LTCHEDGE/USD;8007,00000000;8024,00000000;7665,00000000;7874,00000000;-1,69
2020-04-30T00:00:00+00:00;LTCHEDGE/USD;7606,00000000;8124,00000000;7292,00000000;8007,00000000;5,01
2020-04-29T00:00:00+00:00;LTCHEDGE/USD;8147,00000000;8206,00000000;7391,00000000;7606,00000000;-7,11
2020-04-28T00:00:00+00:00;LTCHEDGE/USD;8389,00000000;8561,00000000;8069,00000000;8147,00000000;-2,97
2020-04-27T00:00:00+00:00;LTCHEDGE/USD;8382,00000000;8629,00000000;8253,00000000;8389,00000000;0,08
2020-04-26T00:00:00+00:00;LTCHEDGE/USD;8406,00000000;8526,00000000;8218,00000000;8382,00000000;-0,29
2020-04-25T00:00:00+00:00;LTCHEDGE/USD;8376,00000000;8768,00000000;8172,00000000;8406,00000000;0,36
2020-04-24T00:00:00+00:00;LTCHEDGE/USD;8692,00000000;8990,00000000;8280,00000000;8376,00000000;-3,77
2020-04-23T00:00:00+00:00;LTCHEDGE/USD;8939,00000000;9126,00000000;8473,00000000;8692,00000000;-2,84
2020-04-22T00:00:00+00:00;LTCHEDGE/USD;9225,00000000;9297,00000000;8823,00000000;8939,00000000;-3,2
2020-04-21T00:00:00+00:00;LTCHEDGE/USD;9338,00000000;9452,00000000;9046,00000000;9225,00000000;-1,22
2020-04-20T00:00:00+00:00;LTCHEDGE/USD;8919,00000000;9496,00000000;8690,00000000;9338,00000000;4,49
2020-04-19T00:00:00+00:00;LTCHEDGE/USD;8556,00000000;9068,00000000;8514,00000000;8919,00000000;4,07
2020-04-18T00:00:00+00:00;LTCHEDGE/USD;8976,00000000;9018,00000000;8486,00000000;8556,00000000;-4,91
2020-04-17T00:00:00+00:00;LTCHEDGE/USD;8921,00000000;9321,00000000;8807,00000000;8979,00000000;0,65
2020-04-16T00:00:00+00:00;LTCHEDGE/USD;9806,00000000;10128,00000000;8639,00000000;8921,00000000;-9,92
2020-04-15T00:00:00+00:00;LTCHEDGE/USD;9365,00000000;9849,00000000;9226,00000000;9806,00000000;4,5
2020-04-14T00:00:00+00:00;LTCHEDGE/USD;9365,00000000;9586,00000000;9210,00000000;9365,00000000;0,0
2020-04-13T00:00:00+00:00;LTCHEDGE/USD;9203,00000000;9781,00000000;9203,00000000;9365,00000000;1,73
2020-04-12T00:00:00+00:00;LTCHEDGE/USD;9091,00000000;9238,00000000;8849,00000000;9203,00000000;1,22
2020-04-11T00:00:00+00:00;LTCHEDGE/USD;9164,00000000;9330,00000000;8960,00000000;9093,00000000;-0,78
2020-04-10T00:00:00+00:00;LTCHEDGE/USD;8447,00000000;9422,00000000;8414,00000000;9164,00000000;7,82
2020-04-09T00:00:00+00:00;LTCHEDGE/USD;8386,00000000;8731,00000000;8327,00000000;8447,00000000;0,72
2020-04-08T00:00:00+00:00;LTCHEDGE/USD;8741,00000000;8839,00000000;8264,00000000;8386,00000000;-4,23
2020-04-07T00:00:00+00:00;LTCHEDGE/USD;8683,00000000;8964,00000000;8180,00000000;8741,00000000;0,66
2020-04-06T00:00:00+00:00;LTCHEDGE/USD;9842,00000000;9848,00000000;8679,00000000;8683,00000000;-13,35
2020-04-05T00:00:00+00:00;LTCHEDGE/USD;9744,00000000;9946,00000000;9675,00000000;9842,00000000;1,0
2020-04-04T00:00:00+00:00;LTCHEDGE/USD;9813,00000000;9938,00000000;9622,00000000;9744,00000000;-0,71
2020-04-03T00:00:00+00:00;LTCHEDGE/USD;9978,00000000;10017,00000000;9629,00000000;9813,00000000;-1,68
2020-04-02T00:00:00+00:00;LTCHEDGE/USD;10121,00000000;10478,00000000;9238,00000000;9978,00000000;-1,43
2020-04-01T00:00:00+00:00;LTCHEDGE/USD;10187,00000000;10952,00000000;10067,00000000;10121,00000000;-0,65
2020-03-31T00:00:00+00:00;LTCHEDGE/USD;10236,00000000;10552,00000000;10124,00000000;10187,00000000;-0,48
2020-03-30T00:00:00+00:00;LTCHEDGE/USD;10784,00000000;10914,00000000;10004,00000000;10234,00000000;-5,37
2020-03-29T00:00:00+00:00;LTCHEDGE/USD;10316,00000000;10952,00000000;10241,00000000;10784,00000000;4,34
2020-03-28T00:00:00+00:00;LTCHEDGE/USD;10626,00000000;10999,00000000;10144,00000000;10316,00000000;-3,01
2020-03-27T00:00:00+00:00;LTCHEDGE/USD;10030,00000000;10774,00000000;9809,00000000;10626,00000000;5,61
2020-03-26T00:00:00+00:00;LTCHEDGE/USD;10368,00000000;10952,00000000;10004,00000000;10028,00000000;-3,39
2020-03-25T00:00:00+00:00;LTCHEDGE/USD;10030,00000000;10661,00000000;9921,00000000;10368,00000000;3,26
2020-03-24T00:00:00+00:00;LTCHEDGE/USD;10487,00000000;10656,00000000;9930,00000000;10032,00000000;-4,54
2020-03-23T00:00:00+00:00;LTCHEDGE/USD;11708,00000000;11970,00000000;10180,00000000;10486,00000000;-11,65
2020-03-22T00:00:00+00:00;LTCHEDGE/USD;10885,00000000;11878,00000000;10498,00000000;11708,00000000;7,03
2020-03-21T00:00:00+00:00;LTCHEDGE/USD;10969,00000000;11512,00000000;10460,00000000;10885,00000000;-0,77
2020-03-20T00:00:00+00:00;LTCHEDGE/USD;10729,00000000;12075,00000000;9413,00000000;10969,00000000;2,19
2020-03-19T00:00:00+00:00;LTCHEDGE/USD;12317,00000000;12558,00000000;8975,00000000;10729,00000000;-14,8
2020-03-18T00:00:00+00:00;LTCHEDGE/USD;12581,00000000;13215,00000000;12273,00000000;12317,00000000;-2,14
2020-03-17T00:00:00+00:00;LTCHEDGE/USD;12991,00000000;13295,00000000;11803,00000000;12573,00000000;-3,32
2020-03-16T00:00:00+00:00;LTCHEDGE/USD;11956,00000000;14352,00000000;11948,00000000;12996,00000000;8,0
2020-03-15T00:00:00+00:00;LTCHEDGE/USD;12686,00000000;12825,00000000;10784,00000000;11950,00000000;-6,16
2020-03-14T00:00:00+00:00;LTCHEDGE/USD;11668,00000000;12865,00000000;11638,00000000;12686,00000000;8,02
2020-03-13T00:00:00+00:00;LTCHEDGE/USD;14854,00000000;18097,00000000;11037,00000000;11672,00000000;-27,26
2020-03-12T00:00:00+00:00;LTCHEDGE/USD;10728,00000000;15167,00000000;10684,00000000;14885,00000000;27,93
2020-03-11T00:00:00+00:00;LTCHEDGE/USD;10397,00000000;11380,00000000;10278,00000000;10728,00000000;3,09
2020-03-10T00:00:00+00:00;LTCHEDGE/USD;10354,00000000;10665,00000000;10147,00000000;10397,00000000;0,41
2020-03-09T00:00:00+00:00;LTCHEDGE/USD;10200,00000000;11094,00000000;9992,00000000;10359,00000000;1,53
2020-03-08T00:00:00+00:00;LTCHEDGE/USD;8805,00000000;10273,00000000;8805,00000000;10198,00000000;13,66
2020-03-07T00:00:00+00:00;LTCHEDGE/USD;8435,00000000;8863,00000000;8340,00000000;8805,00000000;4,2
2020-03-06T00:00:00+00:00;LTCHEDGE/USD;8596,00000000;8712,00000000;8355,00000000;8435,00000000;-1,91
2020-03-05T00:00:00+00:00;LTCHEDGE/USD;8857,00000000;8861,00000000;8421,00000000;8596,00000000;-3,04
2020-03-04T00:00:00+00:00;LTCHEDGE/USD;8765,00000000;9076,00000000;8648,00000000;8859,00000000;1,06
2020-03-03T00:00:00+00:00;LTCHEDGE/USD;8693,00000000;8983,00000000;8554,00000000;8765,00000000;0,82
2020-03-02T00:00:00+00:00;LTCHEDGE/USD;9295,00000000;9368,00000000;8552,00000000;8694,00000000;-6,91
2020-03-01T00:00:00+00:00;LTCHEDGE/USD;9219,00000000;9528,00000000;8889,00000000;9299,00000000;0,86
2020-02-29T00:00:00+00:00;LTCHEDGE/USD;8933,00000000;9253,00000000;8687,00000000;9219,00000000;3,1
2020-02-28T00:00:00+00:00;LTCHEDGE/USD;8695,00000000;9399,00000000;8464,00000000;8930,00000000;2,63
2020-02-27T00:00:00+00:00;LTCHEDGE/USD;8888,00000000;9364,00000000;8199,00000000;8695,00000000;-2,22
2020-02-26T00:00:00+00:00;LTCHEDGE/USD;7742,00000000;9233,00000000;7612,00000000;8900,00000000;13,01
2020-02-25T00:00:00+00:00;LTCHEDGE/USD;7299,00000000;7884,00000000;7254,00000000;7733,00000000;5,61
2020-02-24T00:00:00+00:00;LTCHEDGE/USD;6907,50000000;7627,00000000;6890,50000000;7299,00000000;5,36
2020-02-23T00:00:00+00:00;LTCHEDGE/USD;7391,00000000;7400,00000000;6851,00000000;6908,00000000;-6,99
2020-02-22T00:00:00+00:00;LTCHEDGE/USD;7537,00000000;7646,00000000;7189,00000000;7391,00000000;-1,98
2020-02-21T00:00:00+00:00;LTCHEDGE/USD;7995,00000000;8086,00000000;7298,00000000;7537,00000000;-6,08
2020-02-20T00:00:00+00:00;LTCHEDGE/USD;7870,00000000;8388,00000000;7660,00000000;7993,00000000;1,54
2020-02-19T00:00:00+00:00;LTCHEDGE/USD;7222,00000000;8092,00000000;7010,00000000;7869,00000000;8,22
2020-02-18T00:00:00+00:00;LTCHEDGE/USD;7624,00000000;7978,00000000;7039,00000000;7222,00000000;-5,57
2020-02-17T00:00:00+00:00;LTCHEDGE/USD;7495,00000000;8110,00000000;7414,00000000;7624,00000000;1,69
2020-02-16T00:00:00+00:00;LTCHEDGE/USD;7283,00000000;8143,00000000;6902,00000000;7481,00000000;2,65
2020-02-15T00:00:00+00:00;LTCHEDGE/USD;6732,50000000;7421,00000000;6704,50000000;7281,00000000;7,53
2020-02-14T00:00:00+00:00;LTCHEDGE/USD;6955,50000000;7137,50000000;6684,00000000;6732,50000000;-3,31
2020-02-13T00:00:00+00:00;LTCHEDGE/USD;6874,00000000;7237,50000000;6602,00000000;6953,00000000;1,14
2020-02-12T00:00:00+00:00;LTCHEDGE/USD;7295,00000000;7297,00000000;6728,00000000;6875,50000000;-6,1
2020-02-11T00:00:00+00:00;LTCHEDGE/USD;7563,00000000;7716,00000000;7215,00000000;7295,00000000;-3,67
2020-02-10T00:00:00+00:00;LTCHEDGE/USD;7274,00000000;7717,00000000;7229,00000000;7563,00000000;3,82
2020-02-09T00:00:00+00:00;LTCHEDGE/USD;7312,00000000;7466,00000000;7132,00000000;7274,00000000;-0,52
2020-02-08T00:00:00+00:00;LTCHEDGE/USD;7539,00000000;7827,00000000;7161,00000000;7312,00000000;-3,1
2020-02-07T00:00:00+00:00;LTCHEDGE/USD;7619,00000000;7707,00000000;7420,00000000;7539,00000000;-1,06
2020-02-06T00:00:00+00:00;LTCHEDGE/USD;7696,00000000;7891,00000000;7459,00000000;7621,00000000;-0,98
2020-02-05T00:00:00+00:00;LTCHEDGE/USD;8286,00000000;8338,00000000;7596,00000000;7696,00000000;-7,67
2020-02-04T00:00:00+00:00;LTCHEDGE/USD;8086,00000000;8443,00000000;7985,00000000;8282,00000000;2,37
2020-02-03T00:00:00+00:00;LTCHEDGE/USD;8058,00000000;8226,00000000;7695,00000000;8084,00000000;0,32
2020-02-02T00:00:00+00:00;LTCHEDGE/USD;7946,00000000;8325,00000000;7635,00000000;8058,00000000;1,39
2020-02-01T00:00:00+00:00;LTCHEDGE/USD;8289,00000000;8333,00000000;7677,00000000;7946,00000000;-4,32
2020-01-31T00:00:00+00:00;LTCHEDGE/USD;8271,00000000;8613,00000000;8037,00000000;8285,00000000;0,17
2020-01-30T00:00:00+00:00;LTCHEDGE/USD;9590,00000000;9845,00000000;8003,00000000;8270,00000000;-15,96
2020-01-29T00:00:00+00:00;LTCHEDGE/USD;9440,00000000;9649,00000000;9161,00000000;9590,00000000;1,56
2020-01-28T00:00:00+00:00;LTCHEDGE/USD;9783,00000000;9998,00000000;9288,00000000;9444,00000000;-3,59
2020-01-27T00:00:00+00:00;LTCHEDGE/USD;10199,00000000;10257,00000000;9595,00000000;9783,00000000;-4,25
2020-01-26T00:00:00+00:00;LTCHEDGE/USD;10809,00000000;10879,00000000;10121,00000000;10199,00000000;-5,98
2020-01-25T00:00:00+00:00;LTCHEDGE/USD;10562,00000000;10973,00000000;10559,00000000;10799,00000000;2,19
2020-01-24T00:00:00+00:00;LTCHEDGE/USD;10534,00000000;11272,00000000;10369,00000000;10562,00000000;0,27
2020-01-23T00:00:00+00:00;LTCHEDGE/USD;9884,00000000;10892,00000000;9872,00000000;10539,00000000;6,22
2020-01-22T00:00:00+00:00;LTCHEDGE/USD;9988,00000000;10061,00000000;9708,00000000;9881,00000000;-1,08
2020-01-21T00:00:00+00:00;LTCHEDGE/USD;10048,00000000;10279,00000000;9893,00000000;9991,00000000;-0,57
2020-01-20T00:00:00+00:00;LTCHEDGE/USD;9950,00000000;10270,00000000;9863,00000000;10048,00000000;0,98
2020-01-19T00:00:00+00:00;LTCHEDGE/USD;9674,00000000;10319,00000000;9180,00000000;9953,00000000;2,8
2020-01-18T00:00:00+00:00;LTCHEDGE/USD;9405,00000000;9885,00000000;9177,00000000;9678,00000000;2,82
2020-01-17T00:00:00+00:00;LTCHEDGE/USD;9978,00000000;10116,00000000;9011,00000000;9415,00000000;-5,98
2020-01-16T00:00:00+00:00;LTCHEDGE/USD;9860,00000000;10440,00000000;9806,00000000;9980,00000000;1,2
2020-01-15T00:00:00+00:00;LTCHEDGE/USD;9802,00000000;10339,00000000;9483,00000000;9860,00000000;0,59
2020-01-14T00:00:00+00:00;LTCHEDGE/USD;11786,00000000;11815,00000000;9364,00000000;9802,00000000;-20,24
2020-01-13T00:00:00+00:00;LTCHEDGE/USD;11385,00000000;11952,00000000;11345,00000000;11789,00000000;3,43
2020-01-12T00:00:00+00:00;LTCHEDGE/USD;11881,00000000;12004,00000000;11318,00000000;11385,00000000;-4,36
2020-01-11T00:00:00+00:00;LTCHEDGE/USD;11940,00000000;12254,00000000;11248,00000000;11880,00000000;-0,51
2020-01-10T00:00:00+00:00;LTCHEDGE/USD;13191,00000000;13490,00000000;11753,00000000;11940,00000000;-10,48
2020-01-09T00:00:00+00:00;LTCHEDGE/USD;13028,00000000;13443,00000000;12892,00000000;13189,00000000;1,22
2020-01-08T00:00:00+00:00;LTCHEDGE/USD;12739,00000000;13372,00000000;12142,00000000;13028,00000000;2,22
2020-01-07T00:00:00+00:00;LTCHEDGE/USD;12889,00000000;13258,00000000;12645,00000000;12735,00000000;-1,21

