DATE/TIME;SYMBOL;OPEN;HIGH;LOW;CLOSE;EVOL % CLOSE/HIGH
2022-01-05T00:00:00+00:00;ADABEAR/USD;0,00000001;0,00000001;0,00000001;0,00000001;0,0
2022-01-04T00:00:00+00:00;ADABEAR/USD;0,00000001;0,00000001;0,00000001;0,00000001;0,0
2022-01-03T00:00:00+00:00;ADABEAR/USD;0,00000001;0,00000001;0,00000001;0,00000001;0,0
2022-01-02T00:00:00+00:00;ADABEAR/USD;0,00000001;0,00000001;0,00000001;0,00000001;0,0
2022-01-01T00:00:00+00:00;ADABEAR/USD;0,00000001;0,00000001;0,00000001;0,00000001;0,0
2021-12-31T00:00:00+00:00;ADABEAR/USD;0,00000001;0,00000001;0,00000001;0,00000001;0,0
2021-12-30T00:00:00+00:00;ADABEAR/USD;0,00000001;0,00000001;0,00000001;0,00000001;0,0
2021-12-29T00:00:00+00:00;ADABEAR/USD;0,00000001;0,00000001;0,00000001;0,00000001;0,0
2021-12-28T00:00:00+00:00;ADABEAR/USD;0,00000001;0,00000001;0,00000001;0,00000001;0,0
2021-12-27T00:00:00+00:00;ADABEAR/USD;0,00000001;0,00000001;0,00000001;0,00000001;0,0
2021-12-26T00:00:00+00:00;ADABEAR/USD;0,00000001;0,00000001;0,00000001;0,00000001;0,0
2021-12-25T00:00:00+00:00;ADABEAR/USD;0,00000001;0,00000001;0,00000001;0,00000001;0,0
2021-12-24T00:00:00+00:00;ADABEAR/USD;0,00000001;0,00000001;0,00000001;0,00000001;0,0
2021-12-23T00:00:00+00:00;ADABEAR/USD;0,00000001;0,00000001;0,00000001;0,00000001;0,0
2021-12-22T00:00:00+00:00;ADABEAR/USD;0,00000001;0,00000001;0,00000001;0,00000001;0,0
2021-12-21T00:00:00+00:00;ADABEAR/USD;0,00000001;0,00000001;0,00000001;0,00000001;0,0
2021-12-20T00:00:00+00:00;ADABEAR/USD;0,00000001;0,00000001;0,00000001;0,00000001;0,0
2021-12-19T00:00:00+00:00;ADABEAR/USD;0,00000001;0,00000001;0,00000001;0,00000001;0,0
2021-12-18T00:00:00+00:00;ADABEAR/USD;0,00000001;0,00000001;0,00000001;0,00000001;0,0
2021-12-17T00:00:00+00:00;ADABEAR/USD;0,00000001;0,00000001;0,00000001;0,00000001;0,0
2021-12-16T00:00:00+00:00;ADABEAR/USD;0,00000001;0,00000001;0,00000001;0,00000001;0,0
2021-12-15T00:00:00+00:00;ADABEAR/USD;0,00000001;0,00000001;0,00000001;0,00000001;0,0
2021-12-14T00:00:00+00:00;ADABEAR/USD;0,00000001;0,00000001;0,00000001;0,00000001;0,0
2021-12-13T00:00:00+00:00;ADABEAR/USD;0,00000001;0,00000001;0,00000001;0,00000001;0,0
2021-12-12T00:00:00+00:00;ADABEAR/USD;0,00000001;0,00000001;0,00000001;0,00000001;0,0
2021-12-11T00:00:00+00:00;ADABEAR/USD;0,00000001;0,00000001;0,00000001;0,00000001;0,0
2021-12-10T00:00:00+00:00;ADABEAR/USD;0,00000001;0,00000001;0,00000001;0,00000001;0,0
2021-12-09T00:00:00+00:00;ADABEAR/USD;0,00000001;0,00000001;0,00000001;0,00000001;0,0
2021-12-08T00:00:00+00:00;ADABEAR/USD;0,00000001;0,00000001;0,00000001;0,00000001;0,0
2021-12-07T00:00:00+00:00;ADABEAR/USD;0,00000001;0,00000001;0,00000001;0,00000001;0,0
2021-12-06T00:00:00+00:00;ADABEAR/USD;0,00000001;0,00000001;0,00000001;0,00000001;0,0
2021-12-05T00:00:00+00:00;ADABEAR/USD;0,00000001;0,00000001;0,00000001;0,00000001;0,0
2021-12-04T00:00:00+00:00;ADABEAR/USD;0,00000001;0,00000002;0,00000001;0,00000002;50,0
2021-12-03T00:00:00+00:00;ADABEAR/USD;0,00000001;0,00000001;0,00000001;0,00000001;0,0
2021-12-02T00:00:00+00:00;ADABEAR/USD;0,00000001;0,00000001;0,00000001;0,00000001;0,0
2021-12-01T00:00:00+00:00;ADABEAR/USD;0,00000001;0,00000001;0,00000001;0,00000001;0,0
2021-11-30T00:00:00+00:00;ADABEAR/USD;0,00000001;0,00000001;0,00000001;0,00000001;0,0
2021-11-29T00:00:00+00:00;ADABEAR/USD;0,00000001;0,00000001;0,00000001;0,00000001;0,0
2021-11-28T00:00:00+00:00;ADABEAR/USD;0,00000001;0,00000001;0,00000001;0,00000001;0,0
2021-11-27T00:00:00+00:00;ADABEAR/USD;0,00000001;0,00000001;0,00000001;0,00000001;0,0
2021-11-26T00:00:00+00:00;ADABEAR/USD;0,00000001;0,00000001;0,00000001;0,00000001;0,0
2021-11-25T00:00:00+00:00;ADABEAR/USD;0,00000001;0,00000001;0,00000001;0,00000001;0,0
2021-11-24T00:00:00+00:00;ADABEAR/USD;0,00000001;0,00000001;0,00000001;0,00000001;0,0
2021-11-23T00:00:00+00:00;ADABEAR/USD;0,00000001;0,00000001;0,00000001;0,00000001;0,0
2021-11-22T00:00:00+00:00;ADABEAR/USD;0,00000001;0,00000001;0,00000001;0,00000001;0,0
2021-11-21T00:00:00+00:00;ADABEAR/USD;0,00000001;0,00000001;0,00000001;0,00000001;0,0
2021-11-20T00:00:00+00:00;ADABEAR/USD;0,00000001;0,00000001;0,00000001;0,00000001;0,0
2021-11-19T00:00:00+00:00;ADABEAR/USD;0,00000001;0,00000001;0,00000001;0,00000001;0,0
2021-11-18T00:00:00+00:00;ADABEAR/USD;0,00000001;0,00000001;0,00000001;0,00000001;0,0
2021-11-17T00:00:00+00:00;ADABEAR/USD;0,00000001;0,00000001;0,00000001;0,00000001;0,0
2021-11-16T00:00:00+00:00;ADABEAR/USD;0,00000001;0,00000001;0,00000001;0,00000001;0,0
2021-11-15T00:00:00+00:00;ADABEAR/USD;0,00000001;0,00000001;0,00000001;0,00000001;0,0
2021-11-14T00:00:00+00:00;ADABEAR/USD;0,00000001;0,00000001;0,00000001;0,00000001;0,0
2021-11-13T00:00:00+00:00;ADABEAR/USD;0,00000001;0,00000001;0,00000001;0,00000001;0,0
2021-11-12T00:00:00+00:00;ADABEAR/USD;0,00000001;0,00000001;0,00000001;0,00000001;0,0
2021-11-11T00:00:00+00:00;ADABEAR/USD;0,00000001;0,00000001;0,00000001;0,00000001;0,0
2021-11-10T00:00:00+00:00;ADABEAR/USD;0,00000001;0,00000001;0,00000001;0,00000001;0,0
2021-11-09T00:00:00+00:00;ADABEAR/USD;0,00000001;0,00000001;0,00000001;0,00000001;0,0
2021-11-08T00:00:00+00:00;ADABEAR/USD;0,00000001;0,00000001;0,00000001;0,00000001;0,0
2021-11-07T00:00:00+00:00;ADABEAR/USD;0,00000001;0,00000001;0,00000001;0,00000001;0,0
2021-11-06T00:00:00+00:00;ADABEAR/USD;0,00000001;0,00000001;0,00000001;0,00000001;0,0
2021-11-05T00:00:00+00:00;ADABEAR/USD;0,00000001;0,00000001;0,00000001;0,00000001;0,0
2021-11-04T00:00:00+00:00;ADABEAR/USD;0,00000001;0,00000001;0,00000001;0,00000001;0,0
2021-11-03T00:00:00+00:00;ADABEAR/USD;0,00000001;0,00000001;0,00000001;0,00000001;0,0
2021-11-02T00:00:00+00:00;ADABEAR/USD;0,00000001;0,00000001;0,00000001;0,00000001;0,0
2021-11-01T00:00:00+00:00;ADABEAR/USD;0,00000001;0,00000001;0,00000001;0,00000001;0,0
2021-10-31T00:00:00+00:00;ADABEAR/USD;0,00000001;0,00000001;0,00000001;0,00000001;0,0
2021-10-30T00:00:00+00:00;ADABEAR/USD;0,00000001;0,00000001;0,00000001;0,00000001;0,0
2021-10-29T00:00:00+00:00;ADABEAR/USD;0,00000001;0,00000001;0,00000001;0,00000001;0,0
2021-10-28T00:00:00+00:00;ADABEAR/USD;0,00000001;0,00000001;0,00000001;0,00000001;0,0
2021-10-27T00:00:00+00:00;ADABEAR/USD;0,00000001;0,00000001;0,00000001;0,00000001;0,0
2021-10-26T00:00:00+00:00;ADABEAR/USD;0,00000001;0,00000001;0,00000001;0,00000001;0,0
2021-10-25T00:00:00+00:00;ADABEAR/USD;0,00000001;0,00000001;0,00000001;0,00000001;0,0
2021-10-24T00:00:00+00:00;ADABEAR/USD;0,00000001;0,00000001;0,00000001;0,00000001;0,0
2021-10-23T00:00:00+00:00;ADABEAR/USD;0,00000001;0,00000001;0,00000001;0,00000001;0,0
2021-10-22T00:00:00+00:00;ADABEAR/USD;0,00000001;0,00000001;0,00000001;0,00000001;0,0
2021-10-21T00:00:00+00:00;ADABEAR/USD;0,00000001;0,00000001;0,00000001;0,00000001;0,0
2021-10-20T00:00:00+00:00;ADABEAR/USD;0,00000001;0,00000001;0,00000001;0,00000001;0,0
2021-10-19T00:00:00+00:00;ADABEAR/USD;0,00000001;0,00000001;0,00000001;0,00000001;0,0
2021-10-18T00:00:00+00:00;ADABEAR/USD;0,00000001;0,00000001;0,00000001;0,00000001;0,0
2021-10-17T00:00:00+00:00;ADABEAR/USD;0,00000001;0,00000001;0,00000001;0,00000001;0,0
2021-10-16T00:00:00+00:00;ADABEAR/USD;0,00000001;0,00000001;0,00000001;0,00000001;0,0
2021-10-15T00:00:00+00:00;ADABEAR/USD;0,00000001;0,00000001;0,00000001;0,00000001;0,0
2021-10-14T00:00:00+00:00;ADABEAR/USD;0,00000001;0,00000001;0,00000001;0,00000001;0,0
2021-10-13T00:00:00+00:00;ADABEAR/USD;0,00000001;0,00000001;0,00000001;0,00000001;0,0
2021-10-12T00:00:00+00:00;ADABEAR/USD;0,00000001;0,00000001;0,00000001;0,00000001;0,0
2021-10-11T00:00:00+00:00;ADABEAR/USD;0,00000001;0,00000001;0,00000001;0,00000001;0,0
2021-10-10T00:00:00+00:00;ADABEAR/USD;0,00000001;0,00000001;0,00000001;0,00000001;0,0
2021-10-09T00:00:00+00:00;ADABEAR/USD;0,00000001;0,00000001;0,00000001;0,00000001;0,0
2021-10-08T00:00:00+00:00;ADABEAR/USD;0,00000001;0,00000001;0,00000001;0,00000001;0,0
2021-10-07T00:00:00+00:00;ADABEAR/USD;0,00000001;0,00000001;0,00000001;0,00000001;0,0
2021-10-06T00:00:00+00:00;ADABEAR/USD;0,00000001;0,00000001;0,00000001;0,00000001;0,0
2021-10-05T00:00:00+00:00;ADABEAR/USD;0,00000001;0,00000001;0,00000001;0,00000001;0,0
2021-10-04T00:00:00+00:00;ADABEAR/USD;0,00000001;0,00000001;0,00000001;0,00000001;0,0
2021-10-03T00:00:00+00:00;ADABEAR/USD;0,00000001;0,00000001;0,00000001;0,00000001;0,0
2021-10-02T00:00:00+00:00;ADABEAR/USD;0,00000001;0,00000001;0,00000001;0,00000001;0,0
2021-10-01T00:00:00+00:00;ADABEAR/USD;0,00000001;0,00000001;0,00000001;0,00000001;0,0
2021-09-30T00:00:00+00:00;ADABEAR/USD;0,00000001;0,00000001;0,00000001;0,00000001;0,0
2021-09-29T00:00:00+00:00;ADABEAR/USD;0,00000001;0,00000001;0,00000001;0,00000001;0,0
2021-09-28T00:00:00+00:00;ADABEAR/USD;0,00000001;0,00000001;0,00000001;0,00000001;0,0
2021-09-27T00:00:00+00:00;ADABEAR/USD;0,00000001;0,00000001;0,00000001;0,00000001;0,0
2021-09-26T00:00:00+00:00;ADABEAR/USD;0,00000001;0,00000001;0,00000001;0,00000001;0,0
2021-09-25T00:00:00+00:00;ADABEAR/USD;0,00000001;0,00000001;0,00000001;0,00000001;0,0
2021-09-24T00:00:00+00:00;ADABEAR/USD;0,00000001;0,00000001;0,00000001;0,00000001;0,0
2021-09-23T00:00:00+00:00;ADABEAR/USD;0,00000001;0,00000001;0,00000001;0,00000001;0,0
2021-09-22T00:00:00+00:00;ADABEAR/USD;0,00000001;0,00000001;0,00000001;0,00000001;0,0
2021-09-21T00:00:00+00:00;ADABEAR/USD;0,00000001;0,00000001;0,00000001;0,00000001;0,0
2021-09-20T00:00:00+00:00;ADABEAR/USD;0,00000001;0,00000001;0,00000001;0,00000001;0,0
2021-09-19T00:00:00+00:00;ADABEAR/USD;0,00000001;0,00000001;0,00000001;0,00000001;0,0
2021-09-18T00:00:00+00:00;ADABEAR/USD;0,00000001;0,00000001;0,00000001;0,00000001;0,0
2021-09-17T00:00:00+00:00;ADABEAR/USD;0,00000001;0,00000001;0,00000001;0,00000001;0,0
2021-09-16T00:00:00+00:00;ADABEAR/USD;0,00000001;0,00000001;0,00000001;0,00000001;0,0
2021-09-15T00:00:00+00:00;ADABEAR/USD;0,00000001;0,00000001;0,00000001;0,00000001;0,0
2021-09-14T00:00:00+00:00;ADABEAR/USD;0,00000001;0,00000001;0,00000001;0,00000001;0,0
2021-09-13T00:00:00+00:00;ADABEAR/USD;0,00000001;0,00000001;0,00000001;0,00000001;0,0
2021-09-12T00:00:00+00:00;ADABEAR/USD;0,00000001;0,00000001;0,00000001;0,00000001;0,0
2021-09-11T00:00:00+00:00;ADABEAR/USD;0,00000001;0,00000001;0,00000001;0,00000001;0,0
2021-09-10T00:00:00+00:00;ADABEAR/USD;0,00000001;0,00000001;0,00000001;0,00000001;0,0
2021-09-09T00:00:00+00:00;ADABEAR/USD;0,00000001;0,00000001;0,00000001;0,00000001;0,0
2021-09-08T00:00:00+00:00;ADABEAR/USD;0,00000001;0,00000001;0,00000001;0,00000001;0,0
2021-09-07T00:00:00+00:00;ADABEAR/USD;0,00000001;0,00000001;0,00000001;0,00000001;0,0
2021-09-06T00:00:00+00:00;ADABEAR/USD;0,00000001;0,00000001;0,00000001;0,00000001;0,0
2021-09-05T00:00:00+00:00;ADABEAR/USD;0,00000001;0,00000001;0,00000001;0,00000001;0,0
2021-09-04T00:00:00+00:00;ADABEAR/USD;0,00000001;0,00000001;0,00000001;0,00000001;0,0
2021-09-03T00:00:00+00:00;ADABEAR/USD;0,00000001;0,00000001;0,00000001;0,00000001;0,0
2021-09-02T00:00:00+00:00;ADABEAR/USD;0,00000001;0,00000001;0,00000001;0,00000001;0,0
2021-09-01T00:00:00+00:00;ADABEAR/USD;0,00000001;0,00000001;0,00000001;0,00000001;0,0
2021-08-31T00:00:00+00:00;ADABEAR/USD;0,00000001;0,00000001;0,00000001;0,00000001;0,0
2021-08-30T00:00:00+00:00;ADABEAR/USD;0,00000001;0,00000001;0,00000001;0,00000001;0,0
2021-08-29T00:00:00+00:00;ADABEAR/USD;0,00000001;0,00000001;0,00000001;0,00000001;0,0
2021-08-28T00:00:00+00:00;ADABEAR/USD;0,00000001;0,00000001;0,00000001;0,00000001;0,0
2021-08-27T00:00:00+00:00;ADABEAR/USD;0,00000001;0,00000001;0,00000001;0,00000001;0,0
2021-08-26T00:00:00+00:00;ADABEAR/USD;0,00000001;0,00000001;0,00000001;0,00000001;0,0
2021-08-25T00:00:00+00:00;ADABEAR/USD;0,00000001;0,00000001;0,00000001;0,00000001;0,0
2021-08-24T00:00:00+00:00;ADABEAR/USD;0,00000001;0,00000001;0,00000001;0,00000001;0,0
2021-08-23T00:00:00+00:00;ADABEAR/USD;0,00000001;0,00000001;0,00000001;0,00000001;0,0
2021-08-22T00:00:00+00:00;ADABEAR/USD;0,00000001;0,00000001;0,00000001;0,00000001;0,0
2021-08-21T00:00:00+00:00;ADABEAR/USD;0,00000002;0,00000002;0,00000001;0,00000001;-100,0
2021-08-20T00:00:00+00:00;ADABEAR/USD;0,00000002;0,00000002;0,00000001;0,00000002;0,0
2021-08-19T00:00:00+00:00;ADABEAR/USD;0,00000001;0,00000002;0,00000001;0,00000002;50,0
2021-08-18T00:00:00+00:00;ADABEAR/USD;0,00000001;0,00000002;0,00000001;0,00000001;0,0
2021-08-17T00:00:00+00:00;ADABEAR/USD;0,00000001;0,00000002;0,00000001;0,00000001;0,0
2021-08-16T00:00:00+00:00;ADABEAR/USD;0,00000001;0,00000002;0,00000001;0,00000001;0,0
2021-08-15T00:00:00+00:00;ADABEAR/USD;0,00000001;0,00000002;0,00000001;0,00000001;0,0
2021-08-14T00:00:00+00:00;ADABEAR/USD;0,00000001;0,00000002;0,00000001;0,00000001;0,0
2021-08-13T00:00:00+00:00;ADABEAR/USD;0,00000002;0,00000002;0,00000001;0,00000001;-100,0
2021-08-12T00:00:00+00:00;ADABEAR/USD;0,00000002;0,00000003;0,00000002;0,00000002;0,0
2021-08-11T00:00:00+00:00;ADABEAR/USD;0,00000002;0,00000003;0,00000002;0,00000002;0,0
2021-08-10T00:00:00+00:00;ADABEAR/USD;0,00000004;0,00000004;0,00000002;0,00000002;-100,0
2021-08-09T00:00:00+00:00;ADABEAR/USD;0,00000004;0,00000005;0,00000003;0,00000004;0,0
2021-08-08T00:00:00+00:00;ADABEAR/USD;0,00000004;0,00000005;0,00000003;0,00000004;0,0
2021-08-07T00:00:00+00:00;ADABEAR/USD;0,00000004;0,00000005;0,00000003;0,00000004;0,0
2021-08-06T00:00:00+00:00;ADABEAR/USD;0,00000005;0,00000005;0,00000004;0,00000004;-25,0
2021-08-05T00:00:00+00:00;ADABEAR/USD;0,00000005;0,00000005;0,00000004;0,00000005;0,0
2021-08-04T00:00:00+00:00;ADABEAR/USD;0,00000005;0,00000006;0,00000004;0,00000005;0,0
2021-08-03T00:00:00+00:00;ADABEAR/USD;0,00000006;0,00000006;0,00000004;0,00000005;-20,0
2021-08-02T00:00:00+00:00;ADABEAR/USD;0,00000006;0,00000006;0,00000004;0,00000006;0,0
2021-08-01T00:00:00+00:00;ADABEAR/USD;0,00000005;0,00000006;0,00000004;0,00000005;0,0
2021-07-31T00:00:00+00:00;ADABEAR/USD;0,00000006;0,00000006;0,00000004;0,00000005;-20,0
2021-07-30T00:00:00+00:00;ADABEAR/USD;0,00000006;0,00000006;0,00000005;0,00000006;0,0
2021-07-29T00:00:00+00:00;ADABEAR/USD;0,00000005;0,00000006;0,00000005;0,00000006;16,67
2021-07-28T00:00:00+00:00;ADABEAR/USD;0,00000005;0,00000006;0,00000005;0,00000005;0,0
2021-07-27T00:00:00+00:00;ADABEAR/USD;0,00000006;0,00000007;0,00000005;0,00000005;-20,0
2021-07-26T00:00:00+00:00;ADABEAR/USD;0,00000008;0,00000008;0,00000004;0,00000006;-33,33
2021-07-25T00:00:00+00:00;ADABEAR/USD;0,00000008;0,00000008;0,00000007;0,00000007;-14,29
2021-07-24T00:00:00+00:00;ADABEAR/USD;0,00000008;0,00000008;0,00000007;0,00000008;0,0
2021-07-23T00:00:00+00:00;ADABEAR/USD;0,00000008;0,00000009;0,00000007;0,00000008;0,0
2021-07-22T00:00:00+00:00;ADABEAR/USD;0,00000008;0,00000009;0,00000007;0,00000008;0,0
2021-07-21T00:00:00+00:00;ADABEAR/USD;0,00000013;0,00000013;0,00000008;0,00000008;-62,5
2021-07-20T00:00:00+00:00;ADABEAR/USD;0,00000011;0,00000013;0,00000010;0,00000013;15,38
2021-07-19T00:00:00+00:00;ADABEAR/USD;0,00000010;0,00000011;0,00000008;0,00000011;9,09
2021-07-18T00:00:00+00:00;ADABEAR/USD;0,00000009;0,00000010;0,00000008;0,00000010;10,0
2021-07-17T00:00:00+00:00;ADABEAR/USD;0,00000010;0,00000010;0,00000008;0,00000009;-11,11
2021-07-16T00:00:00+00:00;ADABEAR/USD;0,00000009;0,00000010;0,00000008;0,00000010;10,0
2021-07-15T00:00:00+00:00;ADABEAR/USD;0,00000008;0,00000009;0,00000007;0,00000009;11,11
2021-07-14T00:00:00+00:00;ADABEAR/USD;0,00000007;0,00000009;0,00000007;0,00000008;12,5
2021-07-13T00:00:00+00:00;ADABEAR/USD;0,00000006;0,00000008;0,00000006;0,00000007;14,29
2021-07-12T00:00:00+00:00;ADABEAR/USD;0,00000007;0,00000008;0,00000006;0,00000006;-16,67
2021-07-11T00:00:00+00:00;ADABEAR/USD;0,00000006;0,00000007;0,00000006;0,00000007;14,29
2021-07-10T00:00:00+00:00;ADABEAR/USD;0,00000007;0,00000007;0,00000006;0,00000006;-16,67
2021-07-09T00:00:00+00:00;ADABEAR/USD;0,00000006;0,00000008;0,00000006;0,00000007;14,29
2021-07-08T00:00:00+00:00;ADABEAR/USD;0,00000006;0,00000007;0,00000006;0,00000006;0,0
2021-07-07T00:00:00+00:00;ADABEAR/USD;0,00000006;0,00000006;0,00000005;0,00000006;0,0
2021-07-06T00:00:00+00:00;ADABEAR/USD;0,00000006;0,00000006;0,00000005;0,00000006;0,0
2021-07-05T00:00:00+00:00;ADABEAR/USD;0,00000005;0,00000007;0,00000005;0,00000006;16,67
2021-07-04T00:00:00+00:00;ADABEAR/USD;0,00000006;0,00000007;0,00000005;0,00000005;-20,0
2021-07-03T00:00:00+00:00;ADABEAR/USD;0,00000006;0,00000007;0,00000005;0,00000006;0,0
2021-07-02T00:00:00+00:00;ADABEAR/USD;0,00000008;0,00000008;0,00000006;0,00000006;-33,33
2021-07-01T00:00:00+00:00;ADABEAR/USD;0,00000007;0,00000008;0,00000006;0,00000008;12,5
2021-06-30T00:00:00+00:00;ADABEAR/USD;0,00000007;0,00000008;0,00000006;0,00000007;0,0
2021-06-29T00:00:00+00:00;ADABEAR/USD;0,00000008;0,00000008;0,00000006;0,00000007;-14,29
2021-06-28T00:00:00+00:00;ADABEAR/USD;0,00000007;0,00000008;0,00000007;0,00000008;12,5
2021-06-27T00:00:00+00:00;ADABEAR/USD;0,00000010;0,00000010;0,00000007;0,00000007;-42,86
2021-06-26T00:00:00+00:00;ADABEAR/USD;0,00000010;0,00000010;0,00000008;0,00000010;0,0
2021-06-25T00:00:00+00:00;ADABEAR/USD;0,00000008;0,00000010;0,00000007;0,00000010;20,0
2021-06-24T00:00:00+00:00;ADABEAR/USD;0,00000010;0,00000012;0,00000007;0,00000008;-25,0
2021-06-23T00:00:00+00:00;ADABEAR/USD;0,00000014;0,00000014;0,00000009;0,00000010;-40,0
2021-06-22T00:00:00+00:00;ADABEAR/USD;0,00000013;0,00000014;0,00000010;0,00000014;7,14
2021-06-21T00:00:00+00:00;ADABEAR/USD;0,00000009;0,00000014;0,00000009;0,00000013;30,77
2021-06-20T00:00:00+00:00;ADABEAR/USD;0,00000010;0,00000012;0,00000007;0,00000009;-11,11
2021-06-19T00:00:00+00:00;ADABEAR/USD;0,00000009;0,00000010;0,00000008;0,00000010;10,0
2021-06-18T00:00:00+00:00;ADABEAR/USD;0,00000009;0,00000010;0,00000008;0,00000009;0,0
2021-06-17T00:00:00+00:00;ADABEAR/USD;0,00000008;0,00000009;0,00000007;0,00000009;11,11
2021-06-16T00:00:00+00:00;ADABEAR/USD;0,00000007;0,00000009;0,00000006;0,00000008;12,5
2021-06-15T00:00:00+00:00;ADABEAR/USD;0,00000007;0,00000008;0,00000006;0,00000007;0,0
2021-06-14T00:00:00+00:00;ADABEAR/USD;0,00000007;0,00000008;0,00000007;0,00000007;0,0
2021-06-13T00:00:00+00:00;ADABEAR/USD;0,00000009;0,00000010;0,00000007;0,00000007;-28,57
2021-06-12T00:00:00+00:00;ADABEAR/USD;0,00000010;0,00000011;0,00000008;0,00000009;-11,11
2021-06-11T00:00:00+00:00;ADABEAR/USD;0,00000007;0,00000010;0,00000007;0,00000010;30,0
2021-06-10T00:00:00+00:00;ADABEAR/USD;0,00000008;0,00000009;0,00000007;0,00000007;-14,29
2021-06-09T00:00:00+00:00;ADABEAR/USD;0,00000008;0,00000009;0,00000007;0,00000008;0,0
2021-06-08T00:00:00+00:00;ADABEAR/USD;0,00000008;0,00000010;0,00000007;0,00000008;0,0
2021-06-07T00:00:00+00:00;ADABEAR/USD;0,00000007;0,00000009;0,00000005;0,00000008;12,5
2021-06-06T00:00:00+00:00;ADABEAR/USD;0,00000007;0,00000008;0,00000006;0,00000007;0,0
2021-06-05T00:00:00+00:00;ADABEAR/USD;0,00000006;0,00000008;0,00000005;0,00000007;14,29
2021-06-04T00:00:00+00:00;ADABEAR/USD;0,00000006;0,00000008;0,00000006;0,00000006;0,0
2021-06-03T00:00:00+00:00;ADABEAR/USD;0,00000007;0,00000007;0,00000005;0,00000006;-16,67
2021-06-02T00:00:00+00:00;ADABEAR/USD;0,00000007;0,00000008;0,00000005;0,00000007;0,0
2021-06-01T00:00:00+00:00;ADABEAR/USD;0,00000007;0,00000008;0,00000006;0,00000007;0,0
2021-05-31T00:00:00+00:00;ADABEAR/USD;0,00000010;0,00000010;0,00000006;0,00000007;-42,86
2021-05-30T00:00:00+00:00;ADABEAR/USD;0,00000016;0,00000017;0,00000008;0,00000010;-60,0
2021-05-29T00:00:00+00:00;ADABEAR/USD;0,00000012;0,00000017;0,00000011;0,00000016;25,0
2021-05-28T00:00:00+00:00;ADABEAR/USD;0,00000010;0,00000014;0,00000009;0,00000012;16,67
2021-05-27T00:00:00+00:00;ADABEAR/USD;0,00000009;0,00000011;0,00000008;0,00000010;10,0
2021-05-26T00:00:00+00:00;ADABEAR/USD;0,00000012;0,00000012;0,00000007;0,00000009;-33,33
2021-05-25T00:00:00+00:00;ADABEAR/USD;0,00000014;0,00000015;0,00000011;0,00000012;-16,67
2021-05-24T00:00:00+00:00;ADABEAR/USD;0,00000025;0,00000026;0,00000012;0,00000014;-78,57
2021-05-23T00:00:00+00:00;ADABEAR/USD;0,00000020;0,00000035;0,00000016;0,00000025;20,0
2021-05-22T00:00:00+00:00;ADABEAR/USD;0,00000017;0,00000021;0,00000014;0,00000020;15,0
2021-05-21T00:00:00+00:00;ADABEAR/USD;0,00000012;0,00000021;0,00000010;0,00000017;29,41
2021-05-20T00:00:00+00:00;ADABEAR/USD;0,00000022;0,00000028;0,00000009;0,00000012;-83,33
2021-05-19T00:00:00+00:00;ADABEAR/USD;0,00000013;0,00000030;0,00000012;0,00000022;40,91
2021-05-18T00:00:00+00:00;ADABEAR/USD;0,00000013;0,00000013;0,00000010;0,00000013;0,0
2021-05-17T00:00:00+00:00;ADABEAR/USD;0,00000009;0,00000014;0,00000009;0,00000013;30,77
2021-05-16T00:00:00+00:00;ADABEAR/USD;0,00000013;0,00000013;0,00000008;0,00000009;-44,44
2021-05-15T00:00:00+00:00;ADABEAR/USD;0,00000017;0,00000018;0,00000009;0,00000013;-30,77
2021-05-14T00:00:00+00:00;ADABEAR/USD;0,00000018;0,00000023;0,00000016;0,00000017;-5,88
2021-05-13T00:00:00+00:00;ADABEAR/USD;0,00000039;0,00000044;0,00000018;0,00000018;-116,67
2021-05-12T00:00:00+00:00;ADABEAR/USD;0,00000030;0,00000041;0,00000028;0,00000039;23,08
2021-05-11T00:00:00+00:00;ADABEAR/USD;0,00000039;0,00000044;0,00000030;0,00000030;-30,0
2021-05-10T00:00:00+00:00;ADABEAR/USD;0,00000032;0,00000044;0,00000030;0,00000039;17,95
2021-05-09T00:00:00+00:00;ADABEAR/USD;0,00000044;0,00000047;0,00000029;0,00000032;-37,5
2021-05-08T00:00:00+00:00;ADABEAR/USD;0,00000041;0,00000046;0,00000041;0,00000044;6,82
2021-05-07T00:00:00+00:00;ADABEAR/USD;0,00000041;0,00000048;0,00000034;0,00000041;0,0
2021-05-06T00:00:00+00:00;ADABEAR/USD;0,00000060;0,00000064;0,00000037;0,00000041;-46,34
2021-05-05T00:00:00+00:00;ADABEAR/USD;0,00000102;0,00000102;0,00000058;0,00000060;-70,0
2021-05-04T00:00:00+00:00;ADABEAR/USD;0,00000086;0,00000105;0,00000086;0,00000102;15,69
2021-05-03T00:00:00+00:00;ADABEAR/USD;0,00000094;0,00000094;0,00000083;0,00000086;-9,3
2021-05-02T00:00:00+00:00;ADABEAR/USD;0,00000087;0,00000098;0,00000087;0,00000094;7,45
2021-05-01T00:00:00+00:00;ADABEAR/USD;0,00000088;0,00000094;0,00000085;0,00000087;-1,15
2021-04-30T00:00:00+00:00;ADABEAR/USD;0,00000100;0,00000100;0,00000084;0,00000088;-13,64
2021-04-29T00:00:00+00:00;ADABEAR/USD;0,00000094;0,00000105;0,00000077;0,00000100;6,0
2021-04-28T00:00:00+00:00;ADABEAR/USD;0,00000097;0,00000112;0,00000088;0,00000094;-3,19
2021-04-27T00:00:00+00:00;ADABEAR/USD;0,00000121;0,00000124;0,00000092;0,00000097;-24,74
2021-04-26T00:00:00+00:00;ADABEAR/USD;0,00000189;0,00000191;0,00000116;0,00000121;-56,2
2021-04-25T00:00:00+00:00;ADABEAR/USD;0,00000182;0,00000219;0,00000160;0,00000189;3,7
2021-04-24T00:00:00+00:00;ADABEAR/USD;0,00000157;0,00000187;0,00000138;0,00000182;13,74
2021-04-23T00:00:00+00:00;ADABEAR/USD;0,00000164;0,00000259;0,00000157;0,00000157;-4,46
2021-04-22T00:00:00+00:00;ADABEAR/USD;0,00000145;0,00000174;0,00000120;0,00000164;11,59
2021-04-21T00:00:00+00:00;ADABEAR/USD;0,00000129;0,00000146;0,00000120;0,00000145;11,03
2021-04-20T00:00:00+00:00;ADABEAR/USD;0,00000157;0,00000183;0,00000121;0,00000129;-21,71
2021-04-19T00:00:00+00:00;ADABEAR/USD;0,00000130;0,00000161;0,00000118;0,00000157;17,2
2021-04-18T00:00:00+00:00;ADABEAR/USD;0,00000108;0,00000180;0,00000108;0,00000130;16,92
2021-04-17T00:00:00+00:00;ADABEAR/USD;0,00000100;0,00000113;0,00000089;0,00000108;7,41
2021-04-16T00:00:00+00:00;ADABEAR/USD;0,00000087;0,00000111;0,00000080;0,00000100;13,0
2021-04-15T00:00:00+00:00;ADABEAR/USD;0,00000092;0,00000097;0,00000084;0,00000087;-5,75
2021-04-14T00:00:00+00:00;ADABEAR/USD;0,00000099;0,00000106;0,00000074;0,00000092;-7,61
2021-04-13T00:00:00+00:00;ADABEAR/USD;0,00000127;0,00000136;0,00000096;0,00000099;-28,28
2021-04-12T00:00:00+00:00;ADABEAR/USD;0,00000144;0,00000145;0,00000117;0,00000127;-13,39
2021-04-11T00:00:00+00:00;ADABEAR/USD;0,00000163;0,00000172;0,00000135;0,00000144;-13,19
2021-04-10T00:00:00+00:00;ADABEAR/USD;0,00000167;0,00000171;0,00000147;0,00000163;-2,45
2021-04-09T00:00:00+00:00;ADABEAR/USD;0,00000160;0,00000169;0,00000154;0,00000167;4,19
2021-04-08T00:00:00+00:00;ADABEAR/USD;0,00000177;0,00000180;0,00000158;0,00000160;-10,63
2021-04-07T00:00:00+00:00;ADABEAR/USD;0,00000151;0,00000183;0,00000138;0,00000177;14,69
2021-04-06T00:00:00+00:00;ADABEAR/USD;0,00000172;0,00000179;0,00000122;0,00000151;-13,91
2021-04-05T00:00:00+00:00;ADABEAR/USD;0,00000186;0,00000193;0,00000163;0,00000172;-8,14
2021-04-04T00:00:00+00:00;ADABEAR/USD;0,00000191;0,00000196;0,00000177;0,00000186;-2,69
2021-04-03T00:00:00+00:00;ADABEAR/USD;0,00000178;0,00000193;0,00000157;0,00000191;6,81
2021-04-02T00:00:00+00:00;ADABEAR/USD;0,00000180;0,00000181;0,00000152;0,00000178;-1,12
2021-04-01T00:00:00+00:00;ADABEAR/USD;0,00000176;0,00000183;0,00000169;0,00000180;2,22
2021-03-31T00:00:00+00:00;ADABEAR/USD;0,00000165;0,00000187;0,00000165;0,00000176;6,25
2021-03-30T00:00:00+00:00;ADABEAR/USD;0,00000171;0,00000176;0,00000156;0,00000165;-3,64
2021-03-29T00:00:00+00:00;ADABEAR/USD;0,00000174;0,00000178;0,00000156;0,00000171;-1,75
2021-03-28T00:00:00+00:00;ADABEAR/USD;0,00000179;0,00000181;0,00000162;0,00000174;-2,87
2021-03-27T00:00:00+00:00;ADABEAR/USD;0,00000165;0,00000186;0,00000155;0,00000179;7,82
2021-03-26T00:00:00+00:00;ADABEAR/USD;0,00000234;0,00000234;0,00000139;0,00000165;-41,82
2021-03-25T00:00:00+00:00;ADABEAR/USD;0,00000263;0,00000281;0,00000208;0,00000234;-12,39
2021-03-24T00:00:00+00:00;ADABEAR/USD;0,00000232;0,00000282;0,00000204;0,00000263;11,79
2021-03-23T00:00:00+00:00;ADABEAR/USD;0,00000256;0,00000268;0,00000205;0,00000232;-10,34
2021-03-22T00:00:00+00:00;ADABEAR/USD;0,00000213;0,00000265;0,00000198;0,00000256;16,8
2021-03-21T00:00:00+00:00;ADABEAR/USD;0,00000203;0,00000222;0,00000184;0,00000213;4,69
2021-03-20T00:00:00+00:00;ADABEAR/USD;0,00000165;0,00000203;0,00000163;0,00000203;18,72
2021-03-19T00:00:00+00:00;ADABEAR/USD;0,00000203;0,00000225;0,00000151;0,00000165;-23,03
2021-03-18T00:00:00+00:00;ADABEAR/USD;0,00000171;0,00000206;0,00000135;0,00000203;15,76
2021-03-17T00:00:00+00:00;ADABEAR/USD;0,00000248;0,00000272;0,00000157;0,00000171;-45,03
2021-03-16T00:00:00+00:00;ADABEAR/USD;0,00000491;0,00000530;0,00000237;0,00000248;-97,98
2021-03-15T00:00:00+00:00;ADABEAR/USD;0,00000450;0,00000520;0,00000430;0,00000491;8,35
2021-03-14T00:00:00+00:00;ADABEAR/USD;0,00000400;0,00000451;0,00000398;0,00000450;11,11
2021-03-13T00:00:00+00:00;ADABEAR/USD;0,00000527;0,00000590;0,00000330;0,00000399;-32,08
2021-03-12T00:00:00+00:00;ADABEAR/USD;0,00000430;0,00000540;0,00000426;0,00000527;18,41
2021-03-11T00:00:00+00:00;ADABEAR/USD;0,00000424;0,00000448;0,00000412;0,00000430;1,4
2021-03-10T00:00:00+00:00;ADABEAR/USD;0,00000362;0,00000433;0,00000353;0,00000424;14,62
2021-03-09T00:00:00+00:00;ADABEAR/USD;0,00000454;0,00000468;0,00000341;0,00000362;-25,41
2021-03-08T00:00:00+00:00;ADABEAR/USD;0,00000447;0,00000470;0,00000381;0,00000454;1,54
2021-03-07T00:00:00+00:00;ADABEAR/USD;0,00000442;0,00000473;0,00000423;0,00000447;1,12
2021-03-06T00:00:00+00:00;ADABEAR/USD;0,00000417;0,00000487;0,00000392;0,00000442;5,66
2021-03-05T00:00:00+00:00;ADABEAR/USD;0,00000490;0,00000588;0,00000381;0,00000417;-17,51
2021-03-04T00:00:00+00:00;ADABEAR/USD;0,00000385;0,00000530;0,00000371;0,00000490;21,43
2021-03-03T00:00:00+00:00;ADABEAR/USD;0,00000381;0,00000391;0,00000340;0,00000385;1,04
2021-03-02T00:00:00+00:00;ADABEAR/USD;0,00000323;0,00000410;0,00000321;0,00000381;15,22
2021-03-01T00:00:00+00:00;ADABEAR/USD;0,00000312;0,00000371;0,00000287;0,00000323;3,41
2021-02-28T00:00:00+00:00;ADABEAR/USD;0,00000309;0,00000433;0,00000272;0,00000312;0,96
2021-02-27T00:00:00+00:00;ADABEAR/USD;0,00000428;0,00000433;0,00000229;0,00000308;-38,96
2021-02-26T00:00:00+00:00;ADABEAR/USD;0,00000732;0,00000930;0,00000364;0,00000424;-72,64
2021-02-25T00:00:00+00:00;ADABEAR/USD;0,00000841;0,00000930;0,00000571;0,00000732;-14,89
2021-02-24T00:00:00+00:00;ADABEAR/USD;0,00001150;0,00001359;0,00000784;0,00000841;-36,74
2021-02-23T00:00:00+00:00;ADABEAR/USD;0,00000844;0,00001459;0,00000744;0,00001150;26,61
2021-02-22T00:00:00+00:00;ADABEAR/USD;0,00000836;0,00001459;0,00000735;0,00000844;0,95
2021-02-21T00:00:00+00:00;ADABEAR/USD;0,00000818;0,00000916;0,00000726;0,00000836;2,15
2021-02-20T00:00:00+00:00;ADABEAR/USD;0,00001537;0,00001613;0,00000633;0,00000818;-87,9
2021-02-19T00:00:00+00:00;ADABEAR/USD;0,00001634;0,00001780;0,00001446;0,00001526;-7,08
2021-02-18T00:00:00+00:00;ADABEAR/USD;0,00001805;0,00001805;0,00001409;0,00001634;-10,47
2021-02-17T00:00:00+00:00;ADABEAR/USD;0,00001970;0,00002288;0,00001722;0,00001805;-9,14
2021-02-16T00:00:00+00:00;ADABEAR/USD;0,00002086;0,00002240;0,00001715;0,00001970;-5,89
2021-02-15T00:00:00+00:00;ADABEAR/USD;0,00002284;0,00003403;0,00001791;0,00002086;-9,49
2021-02-14T00:00:00+00:00;ADABEAR/USD;0,00001893;0,00002478;0,00001833;0,00002284;17,12
2021-02-13T00:00:00+00:00;ADABEAR/USD;0,00001793;0,00002419;0,00001631;0,00001893;5,28
2021-02-12T00:00:00+00:00;ADABEAR/USD;0,00001837;0,00002170;0,00001700;0,00001793;-2,45
2021-02-11T00:00:00+00:00;ADABEAR/USD;0,00001806;0,00002186;0,00001500;0,00001837;1,69
2021-02-10T00:00:00+00:00;ADABEAR/USD;0,00004815;0,00004815;0,00001706;0,00001806;-166,61
2021-02-09T00:00:00+00:00;ADABEAR/USD;0,00005346;0,00005808;0,00004753;0,00004815;-11,03
2021-02-08T00:00:00+00:00;ADABEAR/USD;0,00006214;0,00006923;0,00004514;0,00005346;-16,24
2021-02-07T00:00:00+00:00;ADABEAR/USD;0,00007350;0,00008259;0,00005074;0,00006214;-18,28
2021-02-06T00:00:00+00:00;ADABEAR/USD;0,00013365;0,00014265;0,00006500;0,00007350;-81,84
2021-02-05T00:00:00+00:00;ADABEAR/USD;0,00027030;0,00027030;0,00011810;0,00013365;-102,24
2021-02-04T00:00:00+00:00;ADABEAR/USD;0,00027180;0,00033000;0,00025530;0,00027030;-0,55
2021-02-03T00:00:00+00:00;ADABEAR/USD;0,00030620;0,00032630;0,00025300;0,00027180;-12,66
2021-02-02T00:00:00+00:00;ADABEAR/USD;0,00036720;0,00041620;0,00025350;0,00030620;-19,92
2021-02-01T00:00:00+00:00;ADABEAR/USD;0,00067975;0,00074475;0,00032980;0,00036720;-85,12
2021-01-31T00:00:00+00:00;ADABEAR/USD;0,00058450;0,00070650;0,00051725;0,00067975;14,01
2021-01-30T00:00:00+00:00;ADABEAR/USD;0,00069300;0,00076000;0,00053100;0,00058450;-18,56
2021-01-29T00:00:00+00:00;ADABEAR/USD;0,00071650;0,00079125;0,00057400;0,00069300;-3,39
2021-01-28T00:00:00+00:00;ADABEAR/USD;0,00105300;0,00110775;0,00065950;0,00071650;-46,96
2021-01-27T00:00:00+00:00;ADABEAR/USD;0,00082600;0,00109825;0,00082325;0,00105300;21,56
2021-01-26T00:00:00+00:00;ADABEAR/USD;0,00083200;0,00096375;0,00077125;0,00082600;-0,73
2021-01-25T00:00:00+00:00;ADABEAR/USD;0,00076650;0,00085550;0,00070100;0,00083200;7,87
2021-01-24T00:00:00+00:00;ADABEAR/USD;0,00085275;0,00087675;0,00066425;0,00076650;-11,25
2021-01-23T00:00:00+00:00;ADABEAR/USD;0,00082275;0,00091150;0,00076625;0,00085275;3,52
2021-01-22T00:00:00+00:00;ADABEAR/USD;0,00130450;0,00164200;0,00075325;0,00082275;-58,55
2021-01-21T00:00:00+00:00;ADABEAR/USD;0,00087175;0,00135850;0,00084300;0,00130450;33,17
2021-01-20T00:00:00+00:00;ADABEAR/USD;0,00092375;0,00121000;0,00086250;0,00087175;-5,97
2021-01-19T00:00:00+00:00;ADABEAR/USD;0,00090575;0,00095925;0,00080950;0,00092375;1,95
2021-01-18T00:00:00+00:00;ADABEAR/USD;0,00084425;0,00094100;0,00074250;0,00090575;6,79
2021-01-17T00:00:00+00:00;ADABEAR/USD;0,00114650;0,00123000;0,00074875;0,00084425;-35,8
2021-01-16T00:00:00+00:00;ADABEAR/USD;0,00202900;0,00203000;0,00103650;0,00114650;-76,97
2021-01-15T00:00:00+00:00;ADABEAR/USD;0,00198900;0,00236800;0,00159250;0,00202900;1,97
2021-01-14T00:00:00+00:00;ADABEAR/USD;0,00199750;0,00223750;0,00178350;0,00198900;-0,43
2021-01-13T00:00:00+00:00;ADABEAR/USD;0,00267200;0,00308800;0,00196050;0,00199750;-33,77
2021-01-12T00:00:00+00:00;ADABEAR/USD;0,00335400;0,00369500;0,00211400;0,00267200;-25,52
2021-01-11T00:00:00+00:00;ADABEAR/USD;0,00264300;0,00455600;0,00264300;0,00335400;21,2
2021-01-10T00:00:00+00:00;ADABEAR/USD;0,00209000;0,00304400;0,00192350;0,00264300;20,92
2021-01-09T00:00:00+00:00;ADABEAR/USD;0,00280600;0,00301700;0,00197950;0,00209000;-34,26
2021-01-08T00:00:00+00:00;ADABEAR/USD;0,00310400;0,00415400;0,00243900;0,00280600;-10,62
2021-01-07T00:00:00+00:00;ADABEAR/USD;0,00267600;0,00359400;0,00214600;0,00310400;13,79
2021-01-06T00:00:00+00:00;ADABEAR/USD;0,00646000;0,00674250;0,00236300;0,00267600;-141,41
2021-01-05T00:00:00+00:00;ADABEAR/USD;0,01055000;0,01271000;0,00610750;0,00646000;-63,31
2021-01-04T00:00:00+00:00;ADABEAR/USD;0,01476500;0,01476500;0,00864750;0,01055000;-39,95
2021-01-03T00:00:00+00:00;ADABEAR/USD;0,02440000;0,02632000;0,01392000;0,01476500;-65,26
2021-01-02T00:00:00+00:00;ADABEAR/USD;0,02560000;0,02845000;0,02148000;0,02440000;-4,92
2021-01-01T00:00:00+00:00;ADABEAR/USD;0,02325500;0,02745500;0,02190000;0,02560000;9,16
2020-12-31T00:00:00+00:00;ADABEAR/USD;0,02242000;0,02552000;0,02146000;0,02325500;3,59
2020-12-30T00:00:00+00:00;ADABEAR/USD;0,02023000;0,02496000;0,01951000;0,02242000;9,77
2020-12-29T00:00:00+00:00;ADABEAR/USD;0,02644000;0,02647000;0,01842500;0,02023000;-30,7
2020-12-28T00:00:00+00:00;ADABEAR/USD;0,04136000;0,04274000;0,02485000;0,02644000;-56,43
2020-12-27T00:00:00+00:00;ADABEAR/USD;0,03894000;0,04510000;0,03375000;0,04136000;5,85
2020-12-26T00:00:00+00:00;ADABEAR/USD;0,03919000;0,04538000;0,03596000;0,03894000;-0,64
2020-12-25T00:00:00+00:00;ADABEAR/USD;0,04496000;0,04732000;0,03324000;0,03919000;-14,72
2020-12-24T00:00:00+00:00;ADABEAR/USD;0,06930000;0,07462500;0,04359000;0,04496000;-54,14
2020-12-23T00:00:00+00:00;ADABEAR/USD;0,05011000;0,07797500;0,04893000;0,06930000;27,69
2020-12-22T00:00:00+00:00;ADABEAR/USD;0,05392500;0,05781000;0,04538000;0,05011000;-7,61
2020-12-21T00:00:00+00:00;ADABEAR/USD;0,04561000;0,05821000;0,04231000;0,05392500;15,42
2020-12-20T00:00:00+00:00;ADABEAR/USD;0,04399000;0,05000000;0,04034000;0,04561000;3,55
2020-12-19T00:00:00+00:00;ADABEAR/USD;0,04359000;0,04472000;0,03916000;0,04399000;0,91
2020-12-18T00:00:00+00:00;ADABEAR/USD;0,04485000;0,04812000;0,03990000;0,04359000;-2,89
2020-12-17T00:00:00+00:00;ADABEAR/USD;0,04171000;0,04618000;0,03602000;0,04485000;7,0
2020-12-16T00:00:00+00:00;ADABEAR/USD;0,05680000;0,06132500;0,04163000;0,04171000;-36,18
2020-12-15T00:00:00+00:00;ADABEAR/USD;0,05250000;0,05773000;0,05080000;0,05680000;7,57
2020-12-14T00:00:00+00:00;ADABEAR/USD;0,05785000;0,06220000;0,05250000;0,05250000;-10,19
2020-12-13T00:00:00+00:00;ADABEAR/USD;0,07225000;0,07407500;0,05497500;0,05785000;-24,89
2020-12-12T00:00:00+00:00;ADABEAR/USD;0,08087500;0,08155000;0,06765000;0,07225000;-11,94
2020-12-11T00:00:00+00:00;ADABEAR/USD;0,07705000;0,08792500;0,07592500;0,08087500;4,73
2020-12-10T00:00:00+00:00;ADABEAR/USD;0,06870000;0,08007500;0,06790000;0,07705000;10,84
2020-12-09T00:00:00+00:00;ADABEAR/USD;0,08175000;0,10040000;0,06575000;0,06870000;-19,0
2020-12-08T00:00:00+00:00;ADABEAR/USD;0,06530000;0,08552500;0,06405000;0,08175000;20,12
2020-12-07T00:00:00+00:00;ADABEAR/USD;0,05982500;0,06795000;0,05962500;0,06530000;8,38
2020-12-06T00:00:00+00:00;ADABEAR/USD;0,05847500;0,06552500;0,05510000;0,05982500;2,26
2020-12-05T00:00:00+00:00;ADABEAR/USD;0,07660000;0,07900000;0,05617500;0,05847500;-31,0
2020-12-04T00:00:00+00:00;ADABEAR/USD;0,05870000;0,07860000;0,05835000;0,07660000;23,37
2020-12-03T00:00:00+00:00;ADABEAR/USD;0,06540000;0,06887500;0,05382500;0,05870000;-11,41
2020-12-02T00:00:00+00:00;ADABEAR/USD;0,06952500;0,07592500;0,06430000;0,06540000;-6,31
2020-12-01T00:00:00+00:00;ADABEAR/USD;0,05517500;0,08295000;0,05272500;0,06952500;20,64
2020-11-30T00:00:00+00:00;ADABEAR/USD;0,06092500;0,06720000;0,05285000;0,05517500;-10,42
2020-11-29T00:00:00+00:00;ADABEAR/USD;0,06252500;0,07025000;0,05522500;0,06092500;-2,63
2020-11-28T00:00:00+00:00;ADABEAR/USD;0,10755000;0,11000000;0,05400000;0,06252500;-72,01
2020-11-27T00:00:00+00:00;ADABEAR/USD;0,11780000;0,13210000;0,09905000;0,10755000;-9,53
2020-11-26T00:00:00+00:00;ADABEAR/USD;0,09037500;0,13805000;0,08052500;0,11780000;23,28
2020-11-25T00:00:00+00:00;ADABEAR/USD;0,07470000;0,10052500;0,06425000;0,09037500;17,34
2020-11-24T00:00:00+00:00;ADABEAR/USD;0,10170000;0,10170000;0,05667500;0,07470000;-36,14
2020-11-23T00:00:00+00:00;ADABEAR/USD;0,12225000;0,13285000;0,09335000;0,10170000;-20,21
2020-11-22T00:00:00+00:00;ADABEAR/USD;0,17410000;0,22180000;0,10785000;0,12225000;-42,41
2020-11-21T00:00:00+00:00;ADABEAR/USD;0,26000000;0,27060000;0,16790000;0,17410000;-49,34
2020-11-20T00:00:00+00:00;ADABEAR/USD;0,38220000;0,38670000;0,25630000;0,26000000;-47,0
2020-11-19T00:00:00+00:00;ADABEAR/USD;0,37300000;0,39390000;0,35770000;0,38220000;2,41
2020-11-18T00:00:00+00:00;ADABEAR/USD;0,34210000;0,40460000;0,32390000;0,37300000;8,28
2020-11-17T00:00:00+00:00;ADABEAR/USD;0,41200000;0,41580000;0,31770000;0,34210000;-20,43
2020-11-16T00:00:00+00:00;ADABEAR/USD;0,46310000;0,47220000;0,39800000;0,41200000;-12,4
2020-11-15T00:00:00+00:00;ADABEAR/USD;0,41490000;0,48420000;0,40540000;0,46310000;10,41
2020-11-14T00:00:00+00:00;ADABEAR/USD;0,39130000;0,44440000;0,38310000;0,41490000;5,69
2020-11-13T00:00:00+00:00;ADABEAR/USD;0,41280000;0,41770000;0,37520000;0,39130000;-5,49
2020-11-12T00:00:00+00:00;ADABEAR/USD;0,39480000;0,43570000;0,39060000;0,41280000;4,36
2020-11-11T00:00:00+00:00;ADABEAR/USD;0,39580000;0,39980000;0,36400000;0,39480000;-0,25
2020-11-10T00:00:00+00:00;ADABEAR/USD;0,39840000;0,42020000;0,36140000;0,39580000;-0,66
2020-11-09T00:00:00+00:00;ADABEAR/USD;0,38590000;0,44280000;0,37260000;0,39840000;3,14
2020-11-08T00:00:00+00:00;ADABEAR/USD;0,46350000;0,47810000;0,36810000;0,38590000;-20,11
2020-11-07T00:00:00+00:00;ADABEAR/USD;0,38470000;0,49100000;0,33440000;0,46350000;17,0
2020-11-06T00:00:00+00:00;ADABEAR/USD;0,55950000;0,56875000;0,37330000;0,38470000;-45,44
2020-11-05T00:00:00+00:00;ADABEAR/USD;0,60425000;0,66225000;0,55425000;0,55950000;-8,0
2020-11-04T00:00:00+00:00;ADABEAR/USD;0,64100000;0,68225000;0,58975000;0,60425000;-6,08
2020-11-03T00:00:00+00:00;ADABEAR/USD;0,67300000;0,76050000;0,63400000;0,64100000;-4,99
2020-11-02T00:00:00+00:00;ADABEAR/USD;0,58375000;0,68475000;0,54150000;0,67300000;13,26
2020-11-01T00:00:00+00:00;ADABEAR/USD;0,70350000;0,70750000;0,57600000;0,58375000;-20,51
2020-10-31T00:00:00+00:00;ADABEAR/USD;0,69200000;0,71875000;0,64950000;0,70350000;1,63
2020-10-30T00:00:00+00:00;ADABEAR/USD;0,65425000;0,76800000;0,64950000;0,69200000;5,46
2020-10-29T00:00:00+00:00;ADABEAR/USD;0,59125000;0,66025000;0,55150000;0,65425000;9,63
2020-10-28T00:00:00+00:00;ADABEAR/USD;0,53325000;0,64750000;0,52275000;0,59125000;9,81
2020-10-27T00:00:00+00:00;ADABEAR/USD;0,52540000;0,54275000;0,48725000;0,53325000;1,47
2020-10-26T00:00:00+00:00;ADABEAR/USD;0,47970000;0,58010000;0,46560000;0,52540000;8,7
2020-10-25T00:00:00+00:00;ADABEAR/USD;0,45860000;0,48440000;0,45040000;0,47970000;4,4
2020-10-24T00:00:00+00:00;ADABEAR/USD;0,45980000;0,46680000;0,43620000;0,45860000;-0,26
2020-10-23T00:00:00+00:00;ADABEAR/USD;0,42560000;0,49180000;0,40990000;0,45980000;7,44
2020-10-22T00:00:00+00:00;ADABEAR/USD;0,48900000;0,49840000;0,39700000;0,42560000;-14,9
2020-10-21T00:00:00+00:00;ADABEAR/USD;0,56950000;0,58075000;0,45780000;0,48900000;-16,46
2020-10-20T00:00:00+00:00;ADABEAR/USD;0,48340000;0,59080000;0,48270000;0,56950000;15,12
2020-10-19T00:00:00+00:00;ADABEAR/USD;0,50040000;0,51890000;0,45180000;0,48340000;-3,52
2020-10-18T00:00:00+00:00;ADABEAR/USD;0,52120000;0,53440000;0,49800000;0,50040000;-4,16
2020-10-17T00:00:00+00:00;ADABEAR/USD;0,55000000;0,56425000;0,50225000;0,52120000;-5,53
2020-10-16T00:00:00+00:00;ADABEAR/USD;0,51580000;0,57750000;0,50590000;0,55000000;6,22
2020-10-15T00:00:00+00:00;ADABEAR/USD;0,50750000;0,54510000;0,50030000;0,51580000;1,61
2020-10-14T00:00:00+00:00;ADABEAR/USD;0,47760000;0,53190000;0,44020000;0,50750000;5,89
2020-10-13T00:00:00+00:00;ADABEAR/USD;0,47410000;0,50300000;0,41570000;0,47760000;0,73
2020-10-12T00:00:00+00:00;ADABEAR/USD;0,53900000;0,60500000;0,43350000;0,47410000;-13,69
2020-10-11T00:00:00+00:00;ADABEAR/USD;0,56075000;0,57200000;0,50000000;0,53900000;-4,04
2020-10-10T00:00:00+00:00;ADABEAR/USD;0,64325000;0,64325000;0,47210000;0,56075000;-14,71
2020-10-09T00:00:00+00:00;ADABEAR/USD;0,76575000;0,79400000;0,61875000;0,64325000;-19,04
2020-10-08T00:00:00+00:00;ADABEAR/USD;0,83400000;0,93600000;0,74350000;0,76575000;-8,91
2020-10-07T00:00:00+00:00;ADABEAR/USD;0,85750000;0,94950000;0,81450000;0,83400000;-2,82
2020-10-06T00:00:00+00:00;ADABEAR/USD;0,75400000;0,89075000;0,72625000;0,85750000;12,07
2020-10-05T00:00:00+00:00;ADABEAR/USD;0,76300000;0,78525000;0,70350000;0,75400000;-1,19
2020-10-04T00:00:00+00:00;ADABEAR/USD;0,86000000;0,89575000;0,72950000;0,76300000;-12,71
2020-10-03T00:00:00+00:00;ADABEAR/USD;0,86875000;0,88925000;0,80700000;0,86000000;-1,02
2020-10-02T00:00:00+00:00;ADABEAR/USD;0,75400000;0,95050000;0,69800000;0,86875000;13,21
2020-10-01T00:00:00+00:00;ADABEAR/USD;0,68050000;0,81875000;0,61825000;0,75400000;9,75
2020-09-30T00:00:00+00:00;ADABEAR/USD;0,68325000;0,77325000;0,67600000;0,68050000;-0,4
2020-09-29T00:00:00+00:00;ADABEAR/USD;0,70550000;0,76425000;0,63625000;0,68325000;-3,26
2020-09-28T00:00:00+00:00;ADABEAR/USD;0,68375000;0,71525000;0,58100000;0,70550000;3,08
2020-09-27T00:00:00+00:00;ADABEAR/USD;0,83800000;0,87300000;0,65675000;0,68375000;-22,56
2020-09-26T00:00:00+00:00;ADABEAR/USD;0,80475000;0,91600000;0,73000000;0,83800000;3,97
2020-09-25T00:00:00+00:00;ADABEAR/USD;1,39000000;1,39850000;0,76500000;0,80475000;-72,72
2020-09-24T00:00:00+00:00;ADABEAR/USD;1,80850000;1,87350000;1,33800000;1,39000000;-30,11
2020-09-23T00:00:00+00:00;ADABEAR/USD;1,54000000;1,87250000;1,47200000;1,80850000;14,85
2020-09-22T00:00:00+00:00;ADABEAR/USD;1,65800000;1,69100000;1,42800000;1,54000000;-7,66
2020-09-21T00:00:00+00:00;ADABEAR/USD;1,25700000;1,78400000;1,22850000;1,65800000;24,19
2020-09-20T00:00:00+00:00;ADABEAR/USD;1,18000000;1,32700000;1,15200000;1,25700000;6,13
2020-09-19T00:00:00+00:00;ADABEAR/USD;1,19850000;1,20950000;1,10700000;1,18000000;-1,57
2020-09-18T00:00:00+00:00;ADABEAR/USD;1,07900000;1,23550000;1,07900000;1,19850000;9,97
2020-09-17T00:00:00+00:00;ADABEAR/USD;1,18600000;1,21400000;1,06900000;1,07900000;-9,92
2020-09-16T00:00:00+00:00;ADABEAR/USD;1,12800000;1,25550000;1,12500000;1,18600000;4,89
2020-09-15T00:00:00+00:00;ADABEAR/USD;1,02000000;1,13800000;0,98300000;1,12800000;9,57
2020-09-14T00:00:00+00:00;ADABEAR/USD;1,07900000;1,14600000;0,98800000;1,02000000;-5,78
2020-09-13T00:00:00+00:00;ADABEAR/USD;0,99800000;1,16100000;0,93725000;1,07900000;7,51
2020-09-12T00:00:00+00:00;ADABEAR/USD;1,02000000;1,09475000;0,97500000;0,99800000;-2,2
2020-09-11T00:00:00+00:00;ADABEAR/USD;1,01800000;1,13900000;1,00300000;1,02000000;0,2
2020-09-10T00:00:00+00:00;ADABEAR/USD;1,19350000;1,20750000;0,95175000;1,01800000;-17,24
2020-09-09T00:00:00+00:00;ADABEAR/USD;1,29350000;1,35800000;1,08650000;1,19350000;-8,38
2020-09-08T00:00:00+00:00;ADABEAR/USD;1,19500000;1,38250000;1,06700000;1,29350000;7,61
2020-09-07T00:00:00+00:00;ADABEAR/USD;1,22700000;1,48550000;1,17150000;1,19500000;-2,68
2020-09-06T00:00:00+00:00;ADABEAR/USD;1,40275000;1,59950000;1,12850000;1,22700000;-14,32
2020-09-05T00:00:00+00:00;ADABEAR/USD;1,04500000;1,51950000;0,97650000;1,40275000;25,5
2020-09-04T00:00:00+00:00;ADABEAR/USD;1,34050000;1,42700000;0,97600000;1,04500000;-28,28
2020-09-03T00:00:00+00:00;ADABEAR/USD;0,87175000;1,39100000;0,82650000;1,34050000;34,97
2020-09-02T00:00:00+00:00;ADABEAR/USD;0,70950000;0,93900000;0,67825000;0,87175000;18,61
2020-09-01T00:00:00+00:00;ADABEAR/USD;0,74825000;0,81775000;0,64450000;0,70950000;-5,46
2020-08-31T00:00:00+00:00;ADABEAR/USD;0,87675000;0,97175000;0,67725000;0,74825000;-17,17
2020-08-30T00:00:00+00:00;ADABEAR/USD;0,90050000;0,95825000;0,84625000;0,87675000;-2,71
2020-08-29T00:00:00+00:00;ADABEAR/USD;1,11750000;1,14850000;0,86550000;0,90050000;-24,1
2020-08-28T00:00:00+00:00;ADABEAR/USD;1,19550000;1,22250000;1,04500000;1,11750000;-6,98
2020-08-27T00:00:00+00:00;ADABEAR/USD;1,00850000;1,31975000;0,96725000;1,19550000;15,64
2020-08-26T00:00:00+00:00;ADABEAR/USD;1,06300000;1,11300000;0,89450000;1,00850000;-5,4
2020-08-25T00:00:00+00:00;ADABEAR/USD;0,83450000;1,20525000;0,83100000;1,06300000;21,5
2020-08-24T00:00:00+00:00;ADABEAR/USD;0,88000000;0,91050000;0,76050000;0,83450000;-5,45
2020-08-23T00:00:00+00:00;ADABEAR/USD;0,80750000;0,91825000;0,79800000;0,88000000;8,24
2020-08-22T00:00:00+00:00;ADABEAR/USD;0,84500000;0,95200000;0,78900000;0,80750000;-4,64
2020-08-21T00:00:00+00:00;ADABEAR/USD;0,67650000;0,87075000;0,67575000;0,84500000;19,94
2020-08-20T00:00:00+00:00;ADABEAR/USD;0,75325000;0,81600000;0,67150000;0,67650000;-11,35
2020-08-19T00:00:00+00:00;ADABEAR/USD;0,64600000;0,79875000;0,62950000;0,75325000;14,24
2020-08-18T00:00:00+00:00;ADABEAR/USD;0,59675000;0,68200000;0,55550000;0,64600000;7,62
2020-08-17T00:00:00+00:00;ADABEAR/USD;0,61825000;0,63450000;0,54000000;0,59675000;-3,6
2020-08-16T00:00:00+00:00;ADABEAR/USD;0,61750000;0,66700000;0,60550000;0,61825000;0,12
2020-08-15T00:00:00+00:00;ADABEAR/USD;0,61825000;0,64400000;0,57650000;0,61750000;-0,12
2020-08-14T00:00:00+00:00;ADABEAR/USD;0,60625000;0,62250000;0,58125000;0,61825000;1,94
2020-08-13T00:00:00+00:00;ADABEAR/USD;0,64250000;0,70675000;0,56600000;0,60625000;-5,98
2020-08-12T00:00:00+00:00;ADABEAR/USD;0,64400000;0,83500000;0,62625000;0,64250000;-0,23
2020-08-11T00:00:00+00:00;ADABEAR/USD;0,55825000;0,70500000;0,55350000;0,64400000;13,32
2020-08-10T00:00:00+00:00;ADABEAR/USD;0,54175000;0,57625000;0,52700000;0,55825000;2,96
2020-08-09T00:00:00+00:00;ADABEAR/USD;0,51790000;0,57000000;0,46130000;0,54175000;4,4
2020-08-08T00:00:00+00:00;ADABEAR/USD;0,63125000;0,64700000;0,50810000;0,51790000;-21,89
2020-08-07T00:00:00+00:00;ADABEAR/USD;0,56800000;0,69875000;0,53375000;0,63125000;10,02
2020-08-06T00:00:00+00:00;ADABEAR/USD;0,58950000;0,61700000;0,55100000;0,56800000;-3,79
2020-08-05T00:00:00+00:00;ADABEAR/USD;0,58075000;0,61825000;0,55800000;0,58950000;1,48
2020-08-04T00:00:00+00:00;ADABEAR/USD;0,67875000;0,68975000;0,52600000;0,58075000;-16,87
2020-08-03T00:00:00+00:00;ADABEAR/USD;0,74100000;0,76000000;0,64850000;0,67875000;-9,17
2020-08-02T00:00:00+00:00;ADABEAR/USD;0,60600000;0,79325000;0,55350000;0,74100000;18,22
2020-08-01T00:00:00+00:00;ADABEAR/USD;0,68500000;0,69300000;0,56550000;0,60600000;-13,04
2020-07-31T00:00:00+00:00;ADABEAR/USD;0,66650000;0,73275000;0,65875000;0,68500000;2,7
2020-07-30T00:00:00+00:00;ADABEAR/USD;0,68675000;0,71900000;0,63725000;0,66650000;-3,04
2020-07-29T00:00:00+00:00;ADABEAR/USD;0,57700000;0,69650000;0,56575000;0,68675000;15,98
2020-07-28T00:00:00+00:00;ADABEAR/USD;0,72900000;0,79875000;0,55150000;0,57700000;-26,34
2020-07-27T00:00:00+00:00;ADABEAR/USD;0,61050000;0,84825000;0,59375000;0,72900000;16,26
2020-07-26T00:00:00+00:00;ADABEAR/USD;0,70100000;0,73075000;0,54450000;0,61050000;-14,82
2020-07-25T00:00:00+00:00;ADABEAR/USD;1,22150000;1,22150000;0,67250000;0,70100000;-74,25
2020-07-24T00:00:00+00:00;ADABEAR/USD;1,16150000;1,25350000;1,15600000;1,22150000;4,91
2020-07-23T00:00:00+00:00;ADABEAR/USD;1,16750000;1,17400000;1,09450000;1,16150000;-0,52
2020-07-22T00:00:00+00:00;ADABEAR/USD;1,19150000;1,26900000;1,14000000;1,16750000;-2,06
2020-07-21T00:00:00+00:00;ADABEAR/USD;1,39600000;1,42550000;1,14800000;1,19150000;-17,16
2020-07-20T00:00:00+00:00;ADABEAR/USD;1,21350000;1,47350000;1,21100000;1,39600000;13,07
2020-07-19T00:00:00+00:00;ADABEAR/USD;1,26650000;1,30500000;1,20200000;1,21350000;-4,37
2020-07-18T00:00:00+00:00;ADABEAR/USD;1,28150000;1,40450000;1,19950000;1,26650000;-1,18
2020-07-17T00:00:00+00:00;ADABEAR/USD;1,18000000;1,29850000;1,16500000;1,28150000;7,92
2020-07-16T00:00:00+00:00;ADABEAR/USD;1,06750000;1,37500000;1,00500000;1,18000000;9,53
2020-07-15T00:00:00+00:00;ADABEAR/USD;1,02400000;1,14950000;1,00850000;1,06750000;4,07
2020-07-14T00:00:00+00:00;ADABEAR/USD;1,29750000;1,39700000;0,96200000;1,02400000;-26,71
2020-07-13T00:00:00+00:00;ADABEAR/USD;1,31500000;1,36500000;1,03950000;1,29750000;-1,35
2020-07-12T00:00:00+00:00;ADABEAR/USD;1,36500000;1,52600000;1,25700000;1,31500000;-3,8
2020-07-11T00:00:00+00:00;ADABEAR/USD;1,66550000;1,69050000;1,31800000;1,36500000;-22,01
2020-07-10T00:00:00+00:00;ADABEAR/USD;1,46900000;1,96800000;1,46300000;1,66550000;11,8
2020-07-09T00:00:00+00:00;ADABEAR/USD;1,28600000;1,66500000;1,28400000;1,46900000;12,46
2020-07-08T00:00:00+00:00;ADABEAR/USD;1,90000000;2,03150000;1,08750000;1,28600000;-47,74
2020-07-07T00:00:00+00:00;ADABEAR/USD;2,78000000;2,95600000;1,81050000;1,90000000;-46,32
2020-07-06T00:00:00+00:00;ADABEAR/USD;3,55200000;3,65200000;2,68200000;2,78000000;-27,77
2020-07-05T00:00:00+00:00;ADABEAR/USD;3,41700000;3,97900000;3,41700000;3,55200000;3,8
2020-07-04T00:00:00+00:00;ADABEAR/USD;3,87300000;3,93100000;3,30000000;3,41700000;-13,35
2020-07-03T00:00:00+00:00;ADABEAR/USD;4,51400000;4,57700000;3,26000000;3,87300000;-16,55
2020-07-02T00:00:00+00:00;ADABEAR/USD;4,05200000;5,19200000;4,03600000;4,51400000;10,23
2020-07-01T00:00:00+00:00;ADABEAR/USD;6,83500000;6,98000000;4,00000000;4,05200000;-68,68
2020-06-30T00:00:00+00:00;ADABEAR/USD;6,75000000;7,13000000;6,50250000;6,83500000;1,24
2020-06-29T00:00:00+00:00;ADABEAR/USD;7,86000000;7,86000000;6,57500000;6,75000000;-16,44
2020-06-28T00:00:00+00:00;ADABEAR/USD;8,81000000;9,20500000;7,56000000;7,86000000;-12,09
2020-06-27T00:00:00+00:00;ADABEAR/USD;7,90000000;9,60750000;7,77000000;8,81000000;10,33
2020-06-26T00:00:00+00:00;ADABEAR/USD;7,62500000;8,18750000;7,56250000;7,90000000;3,48
2020-06-25T00:00:00+00:00;ADABEAR/USD;7,43000000;8,41000000;7,15750000;7,62500000;2,56
2020-06-24T00:00:00+00:00;ADABEAR/USD;7,35500000;8,02750000;6,15500000;7,43000000;1,01
2020-06-23T00:00:00+00:00;ADABEAR/USD;7,12500000;7,65750000;6,94250000;7,35500000;3,13
2020-06-22T00:00:00+00:00;ADABEAR/USD;9,03750000;9,05750000;7,07000000;7,12500000;-26,84
2020-06-21T00:00:00+00:00;ADABEAR/USD;8,65000000;9,05000000;8,16750000;9,03750000;4,29
2020-06-20T00:00:00+00:00;ADABEAR/USD;8,51000000;9,38750000;8,43750000;8,65000000;1,62
2020-06-19T00:00:00+00:00;ADABEAR/USD;7,98250000;8,91500000;7,97000000;8,51000000;6,2
2020-06-18T00:00:00+00:00;ADABEAR/USD;7,59000000;8,45500000;7,32500000;7,98250000;4,92
2020-06-17T00:00:00+00:00;ADABEAR/USD;9,06500000;9,65000000;7,52000000;7,59250000;-19,39
2020-06-16T00:00:00+00:00;ADABEAR/USD;9,44500000;9,95500000;8,92000000;9,06500000;-4,19
2020-06-15T00:00:00+00:00;ADABEAR/USD;10,11000000;13,00000000;8,85500000;9,44500000;-7,04
2020-06-14T00:00:00+00:00;ADABEAR/USD;9,20000000;10,36250000;9,17250000;10,11000000;9,0
2020-06-13T00:00:00+00:00;ADABEAR/USD;9,06250000;9,79000000;9,03000000;9,20000000;1,49
2020-06-12T00:00:00+00:00;ADABEAR/USD;11,01500000;11,09500000;8,61500000;9,06250000;-21,54
2020-06-11T00:00:00+00:00;ADABEAR/USD;8,51500000;11,47000000;8,03500000;11,01500000;22,7
2020-06-10T00:00:00+00:00;ADABEAR/USD;8,70750000;9,82250000;8,37750000;8,51500000;-2,26
2020-06-09T00:00:00+00:00;ADABEAR/USD;7,84000000;8,70750000;7,71000000;8,70750000;9,96
2020-06-08T00:00:00+00:00;ADABEAR/USD;7,81000000;8,28000000;7,69000000;7,84000000;0,38
2020-06-07T00:00:00+00:00;ADABEAR/USD;7,95000000;8,90000000;7,27250000;7,81000000;-1,79
2020-06-06T00:00:00+00:00;ADABEAR/USD;8,25750000;8,34750000;7,65250000;7,95000000;-3,87
2020-06-05T00:00:00+00:00;ADABEAR/USD;7,36000000;8,56000000;7,29750000;8,25750000;10,87
2020-06-04T00:00:00+00:00;ADABEAR/USD;8,35750000;8,86750000;6,94000000;7,36000000;-13,55
2020-06-03T00:00:00+00:00;ADABEAR/USD;11,02000000;11,68500000;8,24000000;8,35750000;-31,86
2020-06-02T00:00:00+00:00;ADABEAR/USD;10,16750000;14,40500000;9,59250000;11,02000000;7,74
2020-06-01T00:00:00+00:00;ADABEAR/USD;13,89000000;14,04000000;9,15000000;10,16750000;-36,61
2020-05-31T00:00:00+00:00;ADABEAR/USD;13,57000000;14,61500000;9,05000000;13,87000000;2,16
2020-05-30T00:00:00+00:00;ADABEAR/USD;24,64000000;25,59000000;13,22000000;13,57000000;-81,58
2020-05-29T00:00:00+00:00;ADABEAR/USD;24,39000000;26,78000000;22,60000000;24,64000000;1,01
2020-05-28T00:00:00+00:00;ADABEAR/USD;44,12000000;44,77000000;21,48000000;24,39000000;-80,89
2020-05-27T00:00:00+00:00;ADABEAR/USD;48,36000000;49,41000000;42,27000000;44,12000000;-9,61
2020-05-26T00:00:00+00:00;ADABEAR/USD;47,35000000;52,39000000;46,93000000;48,36000000;2,09
2020-05-25T00:00:00+00:00;ADABEAR/USD;56,85000000;58,00000000;46,25000000;47,35000000;-20,06
2020-05-24T00:00:00+00:00;ADABEAR/USD;47,10000000;56,90000000;44,11000000;56,85000000;17,15
2020-05-23T00:00:00+00:00;ADABEAR/USD;45,23000000;48,76000000;43,47000000;47,10000000;3,97
2020-05-22T00:00:00+00:00;ADABEAR/USD;57,65000000;60,02500000;42,13000000;45,23000000;-27,46
2020-05-21T00:00:00+00:00;ADABEAR/USD;45,90000000;61,97000000;44,11000000;57,65000000;20,38
2020-05-20T00:00:00+00:00;ADABEAR/USD;45,82500000;52,38000000;43,91000000;45,90000000;0,16
2020-05-19T00:00:00+00:00;ADABEAR/USD;52,97500000;57,72500000;45,00000000;45,82500000;-15,6
2020-05-18T00:00:00+00:00;ADABEAR/USD;64,25000000;65,82500000;50,77000000;52,97500000;-21,28
2020-05-17T00:00:00+00:00;ADABEAR/USD;65,50000000;65,80000000;60,35000000;64,25000000;-1,95
2020-05-16T00:00:00+00:00;ADABEAR/USD;68,37500000;69,80000000;63,82500000;65,50000000;-4,39
2020-05-15T00:00:00+00:00;ADABEAR/USD;65,77500000;69,97500000;62,35000000;68,37500000;3,8
2020-05-14T00:00:00+00:00;ADABEAR/USD;64,02500000;67,92500000;62,35000000;65,77500000;2,66
2020-05-13T00:00:00+00:00;ADABEAR/USD;69,12500000;72,47500000;60,67500000;64,02500000;-7,97
2020-05-12T00:00:00+00:00;ADABEAR/USD;81,37500000;81,62500000;65,80000000;69,12500000;-17,72
2020-05-11T00:00:00+00:00;ADABEAR/USD;83,70000000;97,00000000;70,37500000;81,37500000;-2,86
2020-05-10T00:00:00+00:00;ADABEAR/USD;67,85000000;104,17500000;67,55000000;83,70000000;18,94
2020-05-09T00:00:00+00:00;ADABEAR/USD;64,87500000;67,85000000;61,32500000;67,85000000;4,38
2020-05-08T00:00:00+00:00;ADABEAR/USD;67,72500000;68,72500000;58,17500000;64,87500000;-4,39
2020-05-07T00:00:00+00:00;ADABEAR/USD;80,27500000;82,87500000;66,77500000;67,72500000;-18,53
2020-05-06T00:00:00+00:00;ADABEAR/USD;78,67500000;81,62500000;70,20000000;80,27500000;1,99
2020-05-05T00:00:00+00:00;ADABEAR/USD;78,27500000;81,55000000;73,05000000;78,67500000;0,51
2020-05-04T00:00:00+00:00;ADABEAR/USD;80,70000000;94,57500000;74,37500000;78,27500000;-3,1
2020-05-03T00:00:00+00:00;ADABEAR/USD;71,80000000;85,80000000;68,60000000;80,70000000;11,03
2020-05-02T00:00:00+00:00;ADABEAR/USD;71,80000000;77,85000000;69,45000000;71,80000000;0,0
2020-05-01T00:00:00+00:00;ADABEAR/USD;90,82500000;91,52500000;67,67500000;71,80000000;-26,5
2020-04-30T00:00:00+00:00;ADABEAR/USD;73,75000000;92,50000000;61,55000000;90,82500000;18,8
2020-04-29T00:00:00+00:00;ADABEAR/USD;101,67500000;101,70000000;71,10000000;73,75000000;-37,86
2020-04-28T00:00:00+00:00;ADABEAR/USD;104,30000000;107,72500000;94,07500000;101,67500000;-2,58
2020-04-27T00:00:00+00:00;ADABEAR/USD;109,35000000;120,20000000;96,20000000;104,30000000;-4,84
2020-04-26T00:00:00+00:00;ADABEAR/USD;145,90000000;148,30000000;107,70000000;109,35000000;-33,42
2020-04-25T00:00:00+00:00;ADABEAR/USD;151,25000000;156,60000000;130,25000000;145,90000000;-3,67
2020-04-24T00:00:00+00:00;ADABEAR/USD;167,90000000;168,00000000;131,70000000;151,25000000;-11,01
2020-04-23T00:00:00+00:00;ADABEAR/USD;250,00000000;250,10000000;148,65000000;167,90000000;-48,9
2020-04-22T00:00:00+00:00;ADABEAR/USD;302,10000000;307,20000000;250,00000000;250,00000000;-20,84
2020-04-21T00:00:00+00:00;ADABEAR/USD;321,10000000;326,00000000;293,10000000;302,10000000;-6,29
2020-04-20T00:00:00+00:00;ADABEAR/USD;285,10000000;323,90000000;260,60000000;321,10000000;11,21
2020-04-19T00:00:00+00:00;ADABEAR/USD;264,70000000;293,60000000;262,80000000;285,10000000;7,16
2020-04-18T00:00:00+00:00;ADABEAR/USD;328,90000000;328,90000000;257,50000000;264,70000000;-24,25
2020-04-17T00:00:00+00:00;ADABEAR/USD;329,80000000;338,00000000;317,00000000;328,90000000;-0,27
2020-04-16T00:00:00+00:00;ADABEAR/USD;440,50000000;470,50000000;313,60000000;329,80000000;-33,57
2020-04-15T00:00:00+00:00;ADABEAR/USD;396,00000000;441,30000000;374,80000000;440,50000000;10,1
2020-04-14T00:00:00+00:00;ADABEAR/USD;393,90000000;403,30000000;371,20000000;396,00000000;0,53
2020-04-13T00:00:00+00:00;ADABEAR/USD;379,10000000;430,70000000;376,00000000;393,90000000;3,76
2020-04-12T00:00:00+00:00;ADABEAR/USD;387,70000000;400,30000000;332,40000000;379,10000000;-2,27
2020-04-11T00:00:00+00:00;ADABEAR/USD;391,50000000;409,90000000;362,50000000;387,70000000;-0,98
2020-04-10T00:00:00+00:00;ADABEAR/USD;316,40000000;413,70000000;312,70000000;391,50000000;19,18
2020-04-09T00:00:00+00:00;ADABEAR/USD;308,80000000;333,20000000;306,20000000;316,40000000;2,4
2020-04-08T00:00:00+00:00;ADABEAR/USD;340,90000000;340,90000000;297,60000000;308,80000000;-10,4
2020-04-07T00:00:00+00:00;ADABEAR/USD;322,50000000;358,50000000;295,20000000;340,90000000;5,4
2020-04-06T00:00:00+00:00;ADABEAR/USD;495,50000000;495,50000000;317,40000000;322,50000000;-53,64
2020-04-05T00:00:00+00:00;ADABEAR/USD;470,10000000;503,90000000;461,40000000;495,50000000;5,13
2020-04-04T00:00:00+00:00;ADABEAR/USD;473,10000000;492,20000000;456,90000000;470,10000000;-0,64
2020-04-03T00:00:00+00:00;ADABEAR/USD;498,40000000;511,20000000;456,00000000;473,10000000;-5,35
2020-04-02T00:00:00+00:00;ADABEAR/USD;569,75000000;579,00000000;431,40000000;498,40000000;-14,32
2020-04-01T00:00:00+00:00;ADABEAR/USD;601,75000000;656,50000000;569,75000000;569,75000000;-5,62
2020-03-31T00:00:00+00:00;ADABEAR/USD;649,75000000;663,00000000;591,75000000;601,75000000;-7,98
2020-03-30T00:00:00+00:00;ADABEAR/USD;807,75000000;810,75000000;611,00000000;649,75000000;-24,32
2020-03-29T00:00:00+00:00;ADABEAR/USD;686,00000000;809,75000000;674,75000000;807,75000000;15,07
2020-03-28T00:00:00+00:00;ADABEAR/USD;804,00000000;877,00000000;682,00000000;686,00000000;-17,2
2020-03-27T00:00:00+00:00;ADABEAR/USD;675,25000000;830,50000000;639,25000000;804,00000000;16,01
2020-03-26T00:00:00+00:00;ADABEAR/USD;803,75000000;805,75000000;669,00000000;675,25000000;-19,03
2020-03-25T00:00:00+00:00;ADABEAR/USD;743,25000000;844,00000000;729,50000000;803,75000000;7,53
2020-03-24T00:00:00+00:00;ADABEAR/USD;832,00000000;850,75000000;730,50000000;743,25000000;-11,94
2020-03-23T00:00:00+00:00;ADABEAR/USD;1111,50000000;1153,50000000;772,75000000;832,00000000;-33,59
2020-03-22T00:00:00+00:00;ADABEAR/USD;893,00000000;1135,00000000;824,75000000;1111,50000000;19,66
2020-03-21T00:00:00+00:00;ADABEAR/USD;914,25000000;1044,00000000;798,00000000;893,00000000;-2,38
2020-03-20T00:00:00+00:00;ADABEAR/USD;907,25000000;1094,50000000;627,25000000;914,25000000;0,77
2020-03-19T00:00:00+00:00;ADABEAR/USD;1615,50000000;1643,50000000;790,00000000;907,25000000;-78,07
2020-03-18T00:00:00+00:00;ADABEAR/USD;1735,50000000;1959,50000000;1591,00000000;1615,50000000;-7,43
2020-03-17T00:00:00+00:00;ADABEAR/USD;2207,50000000;2279,50000000;1581,00000000;1730,50000000;-27,56
2020-03-16T00:00:00+00:00;ADABEAR/USD;1673,50000000;2720,00000000;1673,50000000;2207,50000000;24,19
2020-03-15T00:00:00+00:00;ADABEAR/USD;1988,00000000;2036,00000000;1310,50000000;1673,50000000;-18,79
2020-03-14T00:00:00+00:00;ADABEAR/USD;1569,50000000;2067,00000000;1480,00000000;1988,00000000;21,05
2020-03-13T00:00:00+00:00;ADABEAR/USD;3017,00000000;5293,00000000;1455,00000000;1568,00000000;-92,41
2020-03-12T00:00:00+00:00;ADABEAR/USD;1361,00000000;3128,00000000;1351,50000000;3021,00000000;54,95
2020-03-11T00:00:00+00:00;ADABEAR/USD;1213,50000000;1566,00000000;1180,50000000;1361,00000000;10,84
2020-03-10T00:00:00+00:00;ADABEAR/USD;1199,50000000;1303,00000000;1073,50000000;1213,50000000;1,15
2020-03-09T00:00:00+00:00;ADABEAR/USD;1088,00000000;1376,00000000;1036,00000000;1199,50000000;9,3
2020-03-08T00:00:00+00:00;ADABEAR/USD;791,25000000;1107,00000000;791,25000000;1088,00000000;27,27
2020-03-07T00:00:00+00:00;ADABEAR/USD;676,75000000;815,25000000;671,25000000;791,25000000;14,47
2020-03-06T00:00:00+00:00;ADABEAR/USD;709,25000000;752,50000000;676,75000000;676,75000000;-4,8
2020-03-05T00:00:00+00:00;ADABEAR/USD;825,25000000;825,25000000;658,25000000;709,25000000;-16,36
2020-03-04T00:00:00+00:00;ADABEAR/USD;839,25000000;872,50000000;757,25000000;825,25000000;-1,7
2020-03-03T00:00:00+00:00;ADABEAR/USD;808,25000000;899,75000000;806,00000000;839,25000000;3,69
2020-03-02T00:00:00+00:00;ADABEAR/USD;1051,75000000;1066,50000000;783,75000000;808,25000000;-30,13
2020-03-01T00:00:00+00:00;ADABEAR/USD;960,25000000;1086,25000000;893,50000000;1051,75000000;8,7
2020-02-29T00:00:00+00:00;ADABEAR/USD;864,25000000;961,50000000;809,25000000;960,25000000;10,0
2020-02-28T00:00:00+00:00;ADABEAR/USD;823,25000000;984,00000000;750,50000000;864,25000000;4,74
2020-02-27T00:00:00+00:00;ADABEAR/USD;858,75000000;1011,50000000;701,75000000;823,25000000;-4,31
2020-02-26T00:00:00+00:00;ADABEAR/USD;626,50000000;939,00000000;608,75000000;858,75000000;27,05
2020-02-25T00:00:00+00:00;ADABEAR/USD;544,00000000;630,25000000;540,50000000;626,50000000;13,17
2020-02-24T00:00:00+00:00;ADABEAR/USD;476,30000000;580,75000000;472,10000000;544,00000000;12,44
2020-02-23T00:00:00+00:00;ADABEAR/USD;582,50000000;583,00000000;469,50000000;476,30000000;-22,3
2020-02-22T00:00:00+00:00;ADABEAR/USD;571,75000000;617,75000000;561,50000000;582,50000000;1,85
2020-02-21T00:00:00+00:00;ADABEAR/USD;584,50000000;605,25000000;530,75000000;571,75000000;-2,23
2020-02-20T00:00:00+00:00;ADABEAR/USD;615,25000000;676,50000000;564,75000000;584,50000000;-5,26
2020-02-19T00:00:00+00:00;ADABEAR/USD;484,90000000;631,80000000;481,60000000;613,50000000;20,96
2020-02-18T00:00:00+00:00;ADABEAR/USD;562,00000000;635,00000000;459,25000000;485,10000000;-15,85
2020-02-17T00:00:00+00:00;ADABEAR/USD;526,20000000;673,00000000;499,10000000;562,50000000;6,45
2020-02-16T00:00:00+00:00;ADABEAR/USD;467,80000000;634,30000000;400,00000000;524,80000000;10,86
2020-02-15T00:00:00+00:00;ADABEAR/USD;364,10000000;497,30000000;353,40000000;467,00000000;22,03
2020-02-14T00:00:00+00:00;ADABEAR/USD;396,60000000;425,10000000;355,30000000;364,10000000;-8,93
2020-02-13T00:00:00+00:00;ADABEAR/USD;397,20000000;452,50000000;327,90000000;396,60000000;-0,15
2020-02-12T00:00:00+00:00;ADABEAR/USD;507,60000000;508,20000000;359,60000000;397,20000000;-27,79
2020-02-11T00:00:00+00:00;ADABEAR/USD;606,75000000;646,25000000;504,90000000;508,40000000;-19,35
2020-02-10T00:00:00+00:00;ADABEAR/USD;560,50000000;652,75000000;552,00000000;606,75000000;7,62
2020-02-09T00:00:00+00:00;ADABEAR/USD;609,25000000;611,25000000;539,75000000;560,50000000;-8,7
2020-02-08T00:00:00+00:00;ADABEAR/USD;616,00000000;702,75000000;571,00000000;609,25000000;-1,11
2020-02-07T00:00:00+00:00;ADABEAR/USD;606,25000000;628,00000000;527,25000000;616,00000000;1,58
2020-02-06T00:00:00+00:00;ADABEAR/USD;620,00000000;666,25000000;578,00000000;606,25000000;-2,27
2020-02-05T00:00:00+00:00;ADABEAR/USD;774,00000000;790,50000000;595,00000000;620,00000000;-24,84
2020-02-04T00:00:00+00:00;ADABEAR/USD;730,00000000;847,50000000;694,50000000;774,75000000;5,78
2020-02-03T00:00:00+00:00;ADABEAR/USD;782,75000000;802,50000000;694,00000000;730,00000000;-7,23
2020-02-02T00:00:00+00:00;ADABEAR/USD;762,50000000;816,25000000;657,75000000;782,75000000;2,59
2020-02-01T00:00:00+00:00;ADABEAR/USD;874,25000000;909,75000000;705,25000000;763,25000000;-14,54
2020-01-31T00:00:00+00:00;ADABEAR/USD;773,50000000;946,00000000;746,00000000;874,75000000;11,57
2020-01-30T00:00:00+00:00;ADABEAR/USD;936,25000000;995,25000000;730,25000000;773,25000000;-21,08
2020-01-29T00:00:00+00:00;ADABEAR/USD;992,00000000;1010,75000000;748,75000000;934,75000000;-6,12
2020-01-28T00:00:00+00:00;ADABEAR/USD;1433,50000000;1467,00000000;915,00000000;992,00000000;-44,51
2020-01-27T00:00:00+00:00;ADABEAR/USD;1811,50000000;1880,00000000;1329,00000000;1433,50000000;-26,37
2020-01-26T00:00:00+00:00;ADABEAR/USD;2043,00000000;2072,50000000;1813,00000000;1813,00000000;-12,69
2020-01-25T00:00:00+00:00;ADABEAR/USD;1834,00000000;2072,50000000;1801,00000000;2043,00000000;10,23
2020-01-24T00:00:00+00:00;ADABEAR/USD;2085,00000000;2348,50000000;1769,00000000;1834,00000000;-13,69
2020-01-23T00:00:00+00:00;ADABEAR/USD;1787,50000000;2209,50000000;1769,50000000;2085,00000000;14,27
2020-01-22T00:00:00+00:00;ADABEAR/USD;1747,00000000;1824,50000000;1690,50000000;1787,00000000;2,24
2020-01-21T00:00:00+00:00;ADABEAR/USD;2090,50000000;2134,00000000;1673,50000000;1748,00000000;-19,59
2020-01-20T00:00:00+00:00;ADABEAR/USD;2395,00000000;2396,00000000;1993,00000000;2093,00000000;-14,43
2020-01-19T00:00:00+00:00;ADABEAR/USD;2005,00000000;2488,50000000;1859,50000000;2395,00000000;16,28
2020-01-18T00:00:00+00:00;ADABEAR/USD;2010,00000000;2239,50000000;1883,00000000;2005,00000000;-0,25
2020-01-17T00:00:00+00:00;ADABEAR/USD;2580,00000000;2654,00000000;1869,50000000;2004,50000000;-28,71
2020-01-16T00:00:00+00:00;ADABEAR/USD;2405,00000000;2820,50000000;2302,00000000;2578,00000000;6,71
2020-01-15T00:00:00+00:00;ADABEAR/USD;2609,00000000;2912,00000000;2304,00000000;2405,00000000;-8,48
2020-01-14T00:00:00+00:00;ADABEAR/USD;4010,00000000;4023,00000000;2406,00000000;2605,00000000;-53,93
2020-01-13T00:00:00+00:00;ADABEAR/USD;3694,00000000;4043,00000000;3679,00000000;4010,00000000;7,88
2020-01-12T00:00:00+00:00;ADABEAR/USD;4074,00000000;4140,00000000;3690,00000000;3707,00000000;-9,9
2020-01-11T00:00:00+00:00;ADABEAR/USD;3981,00000000;4164,00000000;3734,00000000;4065,00000000;2,07
2020-01-10T00:00:00+00:00;ADABEAR/USD;4240,00000000;4775,00000000;3910,00000000;3984,00000000;-6,43
2020-01-09T00:00:00+00:00;ADABEAR/USD;4219,00000000;4457,00000000;4174,00000000;4240,00000000;0,5
2020-01-08T00:00:00+00:00;ADABEAR/USD;3978,00000000;4380,00000000;3446,00000000;4218,00000000;5,69
2020-01-07T00:00:00+00:00;ADABEAR/USD;3881,00000000;4139,00000000;3643,00000000;3978,00000000;2,44

