DATE/TIME;SYMBOL;OPEN;HIGH;LOW;CLOSE;EVOL % CLOSE/HIGH
2022-01-05T00:00:00+00:00;LINKBEAR/USD;0,00000001;0,00000001;0,00000001;0,00000001;0,0
2022-01-04T00:00:00+00:00;LINKBEAR/USD;0,00000001;0,00000001;0,00000001;0,00000001;0,0
2022-01-03T00:00:00+00:00;LINKBEAR/USD;0,00000001;0,00000001;0,00000001;0,00000001;0,0
2022-01-02T00:00:00+00:00;LINKBEAR/USD;0,00000001;0,00000001;0,00000001;0,00000001;0,0
2022-01-01T00:00:00+00:00;LINKBEAR/USD;0,00000001;0,00000001;0,00000001;0,00000001;0,0
2021-12-31T00:00:00+00:00;LINKBEAR/USD;0,00000001;0,00000001;0,00000001;0,00000001;0,0
2021-12-30T00:00:00+00:00;LINKBEAR/USD;0,00000001;0,00000001;0,00000001;0,00000001;0,0
2021-12-29T00:00:00+00:00;LINKBEAR/USD;0,00000001;0,00000001;0,00000001;0,00000001;0,0
2021-12-28T00:00:00+00:00;LINKBEAR/USD;0,00000001;0,00000001;0,00000001;0,00000001;0,0
2021-12-27T00:00:00+00:00;LINKBEAR/USD;0,00000001;0,00000001;0,00000001;0,00000001;0,0
2021-12-26T00:00:00+00:00;LINKBEAR/USD;0,00000001;0,00000001;0,00000001;0,00000001;0,0
2021-12-25T00:00:00+00:00;LINKBEAR/USD;0,00000001;0,00000001;0,00000001;0,00000001;0,0
2021-12-24T00:00:00+00:00;LINKBEAR/USD;0,00000001;0,00000001;0,00000001;0,00000001;0,0
2021-12-23T00:00:00+00:00;LINKBEAR/USD;0,00000001;0,00000001;0,00000001;0,00000001;0,0
2021-12-22T00:00:00+00:00;LINKBEAR/USD;0,00000001;0,00000001;0,00000001;0,00000001;0,0
2021-12-21T00:00:00+00:00;LINKBEAR/USD;0,00000001;0,00000001;0,00000001;0,00000001;0,0
2021-12-20T00:00:00+00:00;LINKBEAR/USD;0,00000001;0,00000001;0,00000001;0,00000001;0,0
2021-12-19T00:00:00+00:00;LINKBEAR/USD;0,00000001;0,00000001;0,00000001;0,00000001;0,0
2021-12-18T00:00:00+00:00;LINKBEAR/USD;0,00000001;0,00000001;0,00000001;0,00000001;0,0
2021-12-17T00:00:00+00:00;LINKBEAR/USD;0,00000001;0,00000001;0,00000001;0,00000001;0,0
2021-12-16T00:00:00+00:00;LINKBEAR/USD;0,00000001;0,00000001;0,00000001;0,00000001;0,0
2021-12-15T00:00:00+00:00;LINKBEAR/USD;0,00000001;0,00000001;0,00000001;0,00000001;0,0
2021-12-14T00:00:00+00:00;LINKBEAR/USD;0,00000001;0,00000001;0,00000001;0,00000001;0,0
2021-12-13T00:00:00+00:00;LINKBEAR/USD;0,00000001;0,00000001;0,00000001;0,00000001;0,0
2021-12-12T00:00:00+00:00;LINKBEAR/USD;0,00000001;0,00000001;0,00000001;0,00000001;0,0
2021-12-11T00:00:00+00:00;LINKBEAR/USD;0,00000001;0,00000001;0,00000001;0,00000001;0,0
2021-12-10T00:00:00+00:00;LINKBEAR/USD;0,00000001;0,00000001;0,00000001;0,00000001;0,0
2021-12-09T00:00:00+00:00;LINKBEAR/USD;0,00000001;0,00000001;0,00000001;0,00000001;0,0
2021-12-08T00:00:00+00:00;LINKBEAR/USD;0,00000001;0,00000001;0,00000001;0,00000001;0,0
2021-12-07T00:00:00+00:00;LINKBEAR/USD;0,00000001;0,00000001;0,00000001;0,00000001;0,0
2021-12-06T00:00:00+00:00;LINKBEAR/USD;0,00000001;0,00000001;0,00000001;0,00000001;0,0
2021-12-05T00:00:00+00:00;LINKBEAR/USD;0,00000001;0,00000001;0,00000001;0,00000001;0,0
2021-12-04T00:00:00+00:00;LINKBEAR/USD;0,00000001;0,00000002;0,00000001;0,00000001;0,0
2021-12-03T00:00:00+00:00;LINKBEAR/USD;0,00000001;0,00000001;0,00000001;0,00000001;0,0
2021-12-02T00:00:00+00:00;LINKBEAR/USD;0,00000001;0,00000001;0,00000001;0,00000001;0,0
2021-12-01T00:00:00+00:00;LINKBEAR/USD;0,00000001;0,00000001;0,00000001;0,00000001;0,0
2021-11-30T00:00:00+00:00;LINKBEAR/USD;0,00000001;0,00000001;0,00000001;0,00000001;0,0
2021-11-29T00:00:00+00:00;LINKBEAR/USD;0,00000001;0,00000001;0,00000001;0,00000001;0,0
2021-11-28T00:00:00+00:00;LINKBEAR/USD;0,00000001;0,00000001;0,00000001;0,00000001;0,0
2021-11-27T00:00:00+00:00;LINKBEAR/USD;0,00000001;0,00000001;0,00000001;0,00000001;0,0
2021-11-26T00:00:00+00:00;LINKBEAR/USD;0,00000001;0,00000001;0,00000001;0,00000001;0,0
2021-11-25T00:00:00+00:00;LINKBEAR/USD;0,00000001;0,00000001;0,00000001;0,00000001;0,0
2021-11-24T00:00:00+00:00;LINKBEAR/USD;0,00000001;0,00000001;0,00000001;0,00000001;0,0
2021-11-23T00:00:00+00:00;LINKBEAR/USD;0,00000001;0,00000001;0,00000001;0,00000001;0,0
2021-11-22T00:00:00+00:00;LINKBEAR/USD;0,00000001;0,00000001;0,00000001;0,00000001;0,0
2021-11-21T00:00:00+00:00;LINKBEAR/USD;0,00000001;0,00000001;0,00000001;0,00000001;0,0
2021-11-20T00:00:00+00:00;LINKBEAR/USD;0,00000001;0,00000001;0,00000001;0,00000001;0,0
2021-11-19T00:00:00+00:00;LINKBEAR/USD;0,00000001;0,00000001;0,00000001;0,00000001;0,0
2021-11-18T00:00:00+00:00;LINKBEAR/USD;0,00000001;0,00000001;0,00000001;0,00000001;0,0
2021-11-17T00:00:00+00:00;LINKBEAR/USD;0,00000001;0,00000001;0,00000001;0,00000001;0,0
2021-11-16T00:00:00+00:00;LINKBEAR/USD;0,00000001;0,00000001;0,00000001;0,00000001;0,0
2021-11-15T00:00:00+00:00;LINKBEAR/USD;0,00000001;0,00000001;0,00000001;0,00000001;0,0
2021-11-14T00:00:00+00:00;LINKBEAR/USD;0,00000001;0,00000001;0,00000001;0,00000001;0,0
2021-11-13T00:00:00+00:00;LINKBEAR/USD;0,00000001;0,00000001;0,00000001;0,00000001;0,0
2021-11-12T00:00:00+00:00;LINKBEAR/USD;0,00000001;0,00000001;0,00000001;0,00000001;0,0
2021-11-11T00:00:00+00:00;LINKBEAR/USD;0,00000001;0,00000001;0,00000001;0,00000001;0,0
2021-11-10T00:00:00+00:00;LINKBEAR/USD;0,00000001;0,00000001;0,00000001;0,00000001;0,0
2021-11-09T00:00:00+00:00;LINKBEAR/USD;0,00000001;0,00000001;0,00000001;0,00000001;0,0
2021-11-08T00:00:00+00:00;LINKBEAR/USD;0,00000001;0,00000001;0,00000001;0,00000001;0,0
2021-11-07T00:00:00+00:00;LINKBEAR/USD;0,00000001;0,00000001;0,00000001;0,00000001;0,0
2021-11-06T00:00:00+00:00;LINKBEAR/USD;0,00000001;0,00000001;0,00000001;0,00000001;0,0
2021-11-05T00:00:00+00:00;LINKBEAR/USD;0,00000001;0,00000001;0,00000001;0,00000001;0,0
2021-11-04T00:00:00+00:00;LINKBEAR/USD;0,00000001;0,00000001;0,00000001;0,00000001;0,0
2021-11-03T00:00:00+00:00;LINKBEAR/USD;0,00000001;0,00000001;0,00000001;0,00000001;0,0
2021-11-02T00:00:00+00:00;LINKBEAR/USD;0,00000001;0,00000001;0,00000001;0,00000001;0,0
2021-11-01T00:00:00+00:00;LINKBEAR/USD;0,00000001;0,00000001;0,00000001;0,00000001;0,0
2021-10-31T00:00:00+00:00;LINKBEAR/USD;0,00000001;0,00000001;0,00000001;0,00000001;0,0
2021-10-30T00:00:00+00:00;LINKBEAR/USD;0,00000001;0,00000001;0,00000001;0,00000001;0,0
2021-10-29T00:00:00+00:00;LINKBEAR/USD;0,00000001;0,00000001;0,00000001;0,00000001;0,0
2021-10-28T00:00:00+00:00;LINKBEAR/USD;0,00000001;0,00000001;0,00000001;0,00000001;0,0
2021-10-27T00:00:00+00:00;LINKBEAR/USD;0,00000001;0,00000001;0,00000001;0,00000001;0,0
2021-10-26T00:00:00+00:00;LINKBEAR/USD;0,00000001;0,00000001;0,00000001;0,00000001;0,0
2021-10-25T00:00:00+00:00;LINKBEAR/USD;0,00000002;0,00000002;0,00000001;0,00000001;-100,0
2021-10-24T00:00:00+00:00;LINKBEAR/USD;0,00000002;0,00000002;0,00000002;0,00000002;0,0
2021-10-23T00:00:00+00:00;LINKBEAR/USD;0,00000002;0,00000002;0,00000002;0,00000002;0,0
2021-10-22T00:00:00+00:00;LINKBEAR/USD;0,00000001;0,00000002;0,00000001;0,00000002;50,0
2021-10-21T00:00:00+00:00;LINKBEAR/USD;0,00000001;0,00000002;0,00000001;0,00000001;0,0
2021-10-20T00:00:00+00:00;LINKBEAR/USD;0,00000001;0,00000002;0,00000001;0,00000001;0,0
2021-10-19T00:00:00+00:00;LINKBEAR/USD;0,00000001;0,00000002;0,00000001;0,00000001;0,0
2021-10-18T00:00:00+00:00;LINKBEAR/USD;0,00000001;0,00000002;0,00000001;0,00000001;0,0
2021-10-17T00:00:00+00:00;LINKBEAR/USD;0,00000001;0,00000002;0,00000001;0,00000001;0,0
2021-10-16T00:00:00+00:00;LINKBEAR/USD;0,00000001;0,00000002;0,00000001;0,00000001;0,0
2021-10-15T00:00:00+00:00;LINKBEAR/USD;0,00000001;0,00000002;0,00000001;0,00000001;0,0
2021-10-14T00:00:00+00:00;LINKBEAR/USD;0,00000001;0,00000002;0,00000001;0,00000001;0,0
2021-10-13T00:00:00+00:00;LINKBEAR/USD;0,00000001;0,00000002;0,00000001;0,00000001;0,0
2021-10-12T00:00:00+00:00;LINKBEAR/USD;0,00000001;0,00000002;0,00000001;0,00000001;0,0
2021-10-11T00:00:00+00:00;LINKBEAR/USD;0,00000001;0,00000002;0,00000001;0,00000001;0,0
2021-10-10T00:00:00+00:00;LINKBEAR/USD;0,00000001;0,00000002;0,00000001;0,00000001;0,0
2021-10-09T00:00:00+00:00;LINKBEAR/USD;0,00000001;0,00000002;0,00000001;0,00000001;0,0
2021-10-08T00:00:00+00:00;LINKBEAR/USD;0,00000001;0,00000002;0,00000001;0,00000001;0,0
2021-10-07T00:00:00+00:00;LINKBEAR/USD;0,00000001;0,00000003;0,00000001;0,00000001;0,0
2021-10-06T00:00:00+00:00;LINKBEAR/USD;0,00000001;0,00000002;0,00000001;0,00000001;0,0
2021-10-05T00:00:00+00:00;LINKBEAR/USD;0,00000001;0,00000002;0,00000001;0,00000001;0,0
2021-10-04T00:00:00+00:00;LINKBEAR/USD;0,00000001;0,00000002;0,00000001;0,00000001;0,0
2021-10-03T00:00:00+00:00;LINKBEAR/USD;0,00000002;0,00000002;0,00000001;0,00000001;-100,0
2021-10-02T00:00:00+00:00;LINKBEAR/USD;0,00000002;0,00000003;0,00000002;0,00000002;0,0
2021-10-01T00:00:00+00:00;LINKBEAR/USD;0,00000002;0,00000003;0,00000002;0,00000002;0,0
2021-09-30T00:00:00+00:00;LINKBEAR/USD;0,00000002;0,00000002;0,00000002;0,00000002;0,0
2021-09-29T00:00:00+00:00;LINKBEAR/USD;0,00000002;0,00000002;0,00000002;0,00000002;0,0
2021-09-28T00:00:00+00:00;LINKBEAR/USD;0,00000002;0,00000002;0,00000002;0,00000002;0,0
2021-09-27T00:00:00+00:00;LINKBEAR/USD;0,00000002;0,00000002;0,00000002;0,00000002;0,0
2021-09-26T00:00:00+00:00;LINKBEAR/USD;0,00000002;0,00000002;0,00000002;0,00000002;0,0
2021-09-25T00:00:00+00:00;LINKBEAR/USD;0,00000002;0,00000002;0,00000002;0,00000002;0,0
2021-09-24T00:00:00+00:00;LINKBEAR/USD;0,00000002;0,00000002;0,00000002;0,00000002;0,0
2021-09-23T00:00:00+00:00;LINKBEAR/USD;0,00000002;0,00000002;0,00000002;0,00000002;0,0
2021-09-22T00:00:00+00:00;LINKBEAR/USD;0,00000002;0,00000002;0,00000002;0,00000002;0,0
2021-09-21T00:00:00+00:00;LINKBEAR/USD;0,00000002;0,00000002;0,00000002;0,00000002;0,0
2021-09-20T00:00:00+00:00;LINKBEAR/USD;0,00000001;0,00000002;0,00000001;0,00000002;50,0
2021-09-19T00:00:00+00:00;LINKBEAR/USD;0,00000002;0,00000002;0,00000001;0,00000001;-100,0
2021-09-18T00:00:00+00:00;LINKBEAR/USD;0,00000002;0,00000002;0,00000001;0,00000002;0,0
2021-09-17T00:00:00+00:00;LINKBEAR/USD;0,00000002;0,00000002;0,00000001;0,00000002;0,0
2021-09-16T00:00:00+00:00;LINKBEAR/USD;0,00000002;0,00000003;0,00000002;0,00000002;0,0
2021-09-15T00:00:00+00:00;LINKBEAR/USD;0,00000002;0,00000003;0,00000001;0,00000002;0,0
2021-09-14T00:00:00+00:00;LINKBEAR/USD;0,00000002;0,00000002;0,00000002;0,00000002;0,0
2021-09-13T00:00:00+00:00;LINKBEAR/USD;0,00000002;0,00000002;0,00000002;0,00000002;0,0
2021-09-12T00:00:00+00:00;LINKBEAR/USD;0,00000002;0,00000002;0,00000002;0,00000002;0,0
2021-09-11T00:00:00+00:00;LINKBEAR/USD;0,00000002;0,00000002;0,00000002;0,00000002;0,0
2021-09-10T00:00:00+00:00;LINKBEAR/USD;0,00000002;0,00000002;0,00000002;0,00000002;0,0
2021-09-09T00:00:00+00:00;LINKBEAR/USD;0,00000002;0,00000003;0,00000002;0,00000002;0,0
2021-09-08T00:00:00+00:00;LINKBEAR/USD;0,00000002;0,00000003;0,00000002;0,00000002;0,0
2021-09-07T00:00:00+00:00;LINKBEAR/USD;0,00000002;0,00000003;0,00000002;0,00000002;0,0
2021-09-06T00:00:00+00:00;LINKBEAR/USD;0,00000002;0,00000003;0,00000002;0,00000002;0,0
2021-09-05T00:00:00+00:00;LINKBEAR/USD;0,00000003;0,00000004;0,00000002;0,00000002;-50,0
2021-09-04T00:00:00+00:00;LINKBEAR/USD;0,00000003;0,00000004;0,00000003;0,00000003;0,0
2021-09-03T00:00:00+00:00;LINKBEAR/USD;0,00000003;0,00000004;0,00000003;0,00000003;0,0
2021-09-02T00:00:00+00:00;LINKBEAR/USD;0,00000003;0,00000004;0,00000003;0,00000003;0,0
2021-09-01T00:00:00+00:00;LINKBEAR/USD;0,00000003;0,00000004;0,00000003;0,00000003;0,0
2021-08-31T00:00:00+00:00;LINKBEAR/USD;0,00000004;0,00000005;0,00000003;0,00000003;-33,33
2021-08-30T00:00:00+00:00;LINKBEAR/USD;0,00000003;0,00000005;0,00000003;0,00000004;25,0
2021-08-29T00:00:00+00:00;LINKBEAR/USD;0,00000003;0,00000005;0,00000003;0,00000003;0,0
2021-08-28T00:00:00+00:00;LINKBEAR/USD;0,00000003;0,00000005;0,00000003;0,00000003;0,0
2021-08-27T00:00:00+00:00;LINKBEAR/USD;0,00000004;0,00000005;0,00000003;0,00000003;-33,33
2021-08-26T00:00:00+00:00;LINKBEAR/USD;0,00000004;0,00000005;0,00000003;0,00000004;0,0
2021-08-25T00:00:00+00:00;LINKBEAR/USD;0,00000004;0,00000005;0,00000004;0,00000004;0,0
2021-08-24T00:00:00+00:00;LINKBEAR/USD;0,00000003;0,00000005;0,00000003;0,00000004;25,0
2021-08-23T00:00:00+00:00;LINKBEAR/USD;0,00000003;0,00000005;0,00000003;0,00000003;0,0
2021-08-22T00:00:00+00:00;LINKBEAR/USD;0,00000003;0,00000005;0,00000003;0,00000003;0,0
2021-08-21T00:00:00+00:00;LINKBEAR/USD;0,00000003;0,00000005;0,00000003;0,00000003;0,0
2021-08-20T00:00:00+00:00;LINKBEAR/USD;0,00000003;0,00000006;0,00000003;0,00000003;0,0
2021-08-19T00:00:00+00:00;LINKBEAR/USD;0,00000004;0,00000007;0,00000003;0,00000003;-33,33
2021-08-18T00:00:00+00:00;LINKBEAR/USD;0,00000004;0,00000007;0,00000003;0,00000004;0,0
2021-08-17T00:00:00+00:00;LINKBEAR/USD;0,00000003;0,00000006;0,00000003;0,00000004;25,0
2021-08-16T00:00:00+00:00;LINKBEAR/USD;0,00000004;0,00000006;0,00000003;0,00000003;-33,33
2021-08-15T00:00:00+00:00;LINKBEAR/USD;0,00000004;0,00000005;0,00000004;0,00000004;0,0
2021-08-14T00:00:00+00:00;LINKBEAR/USD;0,00000004;0,00000005;0,00000004;0,00000004;0,0
2021-08-13T00:00:00+00:00;LINKBEAR/USD;0,00000005;0,00000006;0,00000003;0,00000004;-25,0
2021-08-12T00:00:00+00:00;LINKBEAR/USD;0,00000005;0,00000006;0,00000004;0,00000005;0,0
2021-08-11T00:00:00+00:00;LINKBEAR/USD;0,00000006;0,00000006;0,00000004;0,00000005;-20,0
2021-08-10T00:00:00+00:00;LINKBEAR/USD;0,00000006;0,00000007;0,00000005;0,00000006;0,0
2021-08-09T00:00:00+00:00;LINKBEAR/USD;0,00000007;0,00000008;0,00000006;0,00000006;-16,67
2021-08-08T00:00:00+00:00;LINKBEAR/USD;0,00000006;0,00000008;0,00000005;0,00000007;14,29
2021-08-07T00:00:00+00:00;LINKBEAR/USD;0,00000007;0,00000007;0,00000005;0,00000006;-16,67
2021-08-06T00:00:00+00:00;LINKBEAR/USD;0,00000006;0,00000008;0,00000005;0,00000007;14,29
2021-08-05T00:00:00+00:00;LINKBEAR/USD;0,00000006;0,00000008;0,00000006;0,00000006;0,0
2021-08-04T00:00:00+00:00;LINKBEAR/USD;0,00000007;0,00000008;0,00000005;0,00000006;-16,67
2021-08-03T00:00:00+00:00;LINKBEAR/USD;0,00000007;0,00000008;0,00000006;0,00000007;0,0
2021-08-02T00:00:00+00:00;LINKBEAR/USD;0,00000008;0,00000009;0,00000007;0,00000007;-14,29
2021-08-01T00:00:00+00:00;LINKBEAR/USD;0,00000008;0,00000009;0,00000006;0,00000008;0,0
2021-07-31T00:00:00+00:00;LINKBEAR/USD;0,00000009;0,00000010;0,00000007;0,00000008;-12,5
2021-07-30T00:00:00+00:00;LINKBEAR/USD;0,00000013;0,00000014;0,00000008;0,00000009;-44,44
2021-07-29T00:00:00+00:00;LINKBEAR/USD;0,00000014;0,00000015;0,00000013;0,00000013;-7,69
2021-07-28T00:00:00+00:00;LINKBEAR/USD;0,00000013;0,00000015;0,00000011;0,00000014;7,14
2021-07-27T00:00:00+00:00;LINKBEAR/USD;0,00000017;0,00000018;0,00000012;0,00000013;-30,77
2021-07-26T00:00:00+00:00;LINKBEAR/USD;0,00000022;0,00000022;0,00000013;0,00000017;-29,41
2021-07-25T00:00:00+00:00;LINKBEAR/USD;0,00000024;0,00000025;0,00000022;0,00000022;-9,09
2021-07-24T00:00:00+00:00;LINKBEAR/USD;0,00000024;0,00000025;0,00000021;0,00000024;0,0
2021-07-23T00:00:00+00:00;LINKBEAR/USD;0,00000027;0,00000030;0,00000024;0,00000024;-12,5
2021-07-22T00:00:00+00:00;LINKBEAR/USD;0,00000031;0,00000032;0,00000025;0,00000027;-14,81
2021-07-21T00:00:00+00:00;LINKBEAR/USD;0,00000046;0,00000047;0,00000029;0,00000031;-48,39
2021-07-20T00:00:00+00:00;LINKBEAR/USD;0,00000039;0,00000049;0,00000038;0,00000046;15,22
2021-07-19T00:00:00+00:00;LINKBEAR/USD;0,00000032;0,00000039;0,00000032;0,00000039;17,95
2021-07-18T00:00:00+00:00;LINKBEAR/USD;0,00000034;0,00000035;0,00000029;0,00000032;-6,25
2021-07-17T00:00:00+00:00;LINKBEAR/USD;0,00000034;0,00000036;0,00000032;0,00000034;0,0
2021-07-16T00:00:00+00:00;LINKBEAR/USD;0,00000032;0,00000035;0,00000029;0,00000034;5,88
2021-07-15T00:00:00+00:00;LINKBEAR/USD;0,00000026;0,00000033;0,00000025;0,00000032;18,75
2021-07-14T00:00:00+00:00;LINKBEAR/USD;0,00000026;0,00000030;0,00000024;0,00000026;0,0
2021-07-13T00:00:00+00:00;LINKBEAR/USD;0,00000024;0,00000027;0,00000024;0,00000026;7,69
2021-07-12T00:00:00+00:00;LINKBEAR/USD;0,00000022;0,00000025;0,00000020;0,00000024;8,33
2021-07-11T00:00:00+00:00;LINKBEAR/USD;0,00000022;0,00000022;0,00000020;0,00000022;0,0
2021-07-10T00:00:00+00:00;LINKBEAR/USD;0,00000020;0,00000023;0,00000020;0,00000022;9,09
2021-07-09T00:00:00+00:00;LINKBEAR/USD;0,00000021;0,00000024;0,00000019;0,00000020;-5,0
2021-07-08T00:00:00+00:00;LINKBEAR/USD;0,00000017;0,00000021;0,00000017;0,00000021;19,05
2021-07-07T00:00:00+00:00;LINKBEAR/USD;0,00000017;0,00000017;0,00000014;0,00000017;0,0
2021-07-06T00:00:00+00:00;LINKBEAR/USD;0,00000022;0,00000022;0,00000017;0,00000017;-29,41
2021-07-05T00:00:00+00:00;LINKBEAR/USD;0,00000019;0,00000024;0,00000019;0,00000022;13,64
2021-07-04T00:00:00+00:00;LINKBEAR/USD;0,00000024;0,00000024;0,00000019;0,00000019;-26,32
2021-07-03T00:00:00+00:00;LINKBEAR/USD;0,00000024;0,00000025;0,00000022;0,00000024;0,0
2021-07-02T00:00:00+00:00;LINKBEAR/USD;0,00000025;0,00000027;0,00000024;0,00000024;-4,17
2021-07-01T00:00:00+00:00;LINKBEAR/USD;0,00000020;0,00000026;0,00000020;0,00000025;20,0
2021-06-30T00:00:00+00:00;LINKBEAR/USD;0,00000020;0,00000024;0,00000019;0,00000020;0,0
2021-06-29T00:00:00+00:00;LINKBEAR/USD;0,00000024;0,00000024;0,00000017;0,00000020;-20,0
2021-06-28T00:00:00+00:00;LINKBEAR/USD;0,00000026;0,00000027;0,00000020;0,00000024;-8,33
2021-06-27T00:00:00+00:00;LINKBEAR/USD;0,00000034;0,00000036;0,00000026;0,00000026;-30,77
2021-06-26T00:00:00+00:00;LINKBEAR/USD;0,00000033;0,00000040;0,00000030;0,00000034;2,94
2021-06-25T00:00:00+00:00;LINKBEAR/USD;0,00000027;0,00000034;0,00000025;0,00000033;18,18
2021-06-24T00:00:00+00:00;LINKBEAR/USD;0,00000029;0,00000033;0,00000023;0,00000027;-7,41
2021-06-23T00:00:00+00:00;LINKBEAR/USD;0,00000039;0,00000043;0,00000025;0,00000029;-34,48
2021-06-22T00:00:00+00:00;LINKBEAR/USD;0,00000037;0,00000049;0,00000030;0,00000039;5,13
2021-06-21T00:00:00+00:00;LINKBEAR/USD;0,00000024;0,00000040;0,00000024;0,00000037;35,14
2021-06-20T00:00:00+00:00;LINKBEAR/USD;0,00000030;0,00000036;0,00000024;0,00000024;-25,0
2021-06-19T00:00:00+00:00;LINKBEAR/USD;0,00000028;0,00000030;0,00000024;0,00000030;6,67
2021-06-18T00:00:00+00:00;LINKBEAR/USD;0,00000022;0,00000028;0,00000022;0,00000028;21,43
2021-06-17T00:00:00+00:00;LINKBEAR/USD;0,00000022;0,00000024;0,00000018;0,00000022;0,0
2021-06-16T00:00:00+00:00;LINKBEAR/USD;0,00000019;0,00000022;0,00000018;0,00000022;13,64
2021-06-15T00:00:00+00:00;LINKBEAR/USD;0,00000019;0,00000019;0,00000015;0,00000019;0,0
2021-06-14T00:00:00+00:00;LINKBEAR/USD;0,00000023;0,00000024;0,00000018;0,00000019;-21,05
2021-06-13T00:00:00+00:00;LINKBEAR/USD;0,00000029;0,00000035;0,00000021;0,00000023;-26,09
2021-06-12T00:00:00+00:00;LINKBEAR/USD;0,00000031;0,00000036;0,00000028;0,00000029;-6,9
2021-06-11T00:00:00+00:00;LINKBEAR/USD;0,00000025;0,00000031;0,00000024;0,00000031;19,35
2021-06-10T00:00:00+00:00;LINKBEAR/USD;0,00000020;0,00000026;0,00000017;0,00000025;20,0
2021-06-09T00:00:00+00:00;LINKBEAR/USD;0,00000024;0,00000029;0,00000020;0,00000020;-20,0
2021-06-08T00:00:00+00:00;LINKBEAR/USD;0,00000023;0,00000031;0,00000021;0,00000024;4,17
2021-06-07T00:00:00+00:00;LINKBEAR/USD;0,00000017;0,00000023;0,00000016;0,00000023;26,09
2021-06-06T00:00:00+00:00;LINKBEAR/USD;0,00000018;0,00000020;0,00000016;0,00000017;-5,88
2021-06-05T00:00:00+00:00;LINKBEAR/USD;0,00000016;0,00000021;0,00000014;0,00000018;11,11
2021-06-04T00:00:00+00:00;LINKBEAR/USD;0,00000012;0,00000018;0,00000012;0,00000016;25,0
2021-06-03T00:00:00+00:00;LINKBEAR/USD;0,00000015;0,00000016;0,00000011;0,00000012;-25,0
2021-06-02T00:00:00+00:00;LINKBEAR/USD;0,00000014;0,00000016;0,00000012;0,00000015;6,67
2021-06-01T00:00:00+00:00;LINKBEAR/USD;0,00000013;0,00000016;0,00000012;0,00000014;7,14
2021-05-31T00:00:00+00:00;LINKBEAR/USD;0,00000024;0,00000028;0,00000013;0,00000013;-84,62
2021-05-30T00:00:00+00:00;LINKBEAR/USD;0,00000033;0,00000039;0,00000019;0,00000024;-37,5
2021-05-29T00:00:00+00:00;LINKBEAR/USD;0,00000024;0,00000035;0,00000022;0,00000033;27,27
2021-05-28T00:00:00+00:00;LINKBEAR/USD;0,00000019;0,00000027;0,00000018;0,00000024;20,83
2021-05-27T00:00:00+00:00;LINKBEAR/USD;0,00000016;0,00000022;0,00000014;0,00000019;15,79
2021-05-26T00:00:00+00:00;LINKBEAR/USD;0,00000033;0,00000033;0,00000016;0,00000016;-106,25
2021-05-25T00:00:00+00:00;LINKBEAR/USD;0,00000038;0,00000048;0,00000033;0,00000033;-15,15
2021-05-24T00:00:00+00:00;LINKBEAR/USD;0,00000099;0,00000103;0,00000037;0,00000038;-160,53
2021-05-23T00:00:00+00:00;LINKBEAR/USD;0,00000068;0,00000143;0,00000059;0,00000099;31,31
2021-05-22T00:00:00+00:00;LINKBEAR/USD;0,00000056;0,00000075;0,00000053;0,00000068;17,65
2021-05-21T00:00:00+00:00;LINKBEAR/USD;0,00000038;0,00000065;0,00000034;0,00000056;32,14
2021-05-20T00:00:00+00:00;LINKBEAR/USD;0,00000064;0,00000097;0,00000033;0,00000038;-68,42
2021-05-19T00:00:00+00:00;LINKBEAR/USD;0,00000032;0,00000077;0,00000028;0,00000064;50,0
2021-05-18T00:00:00+00:00;LINKBEAR/USD;0,00000050;0,00000050;0,00000025;0,00000032;-56,25
2021-05-17T00:00:00+00:00;LINKBEAR/USD;0,00000041;0,00000056;0,00000041;0,00000050;18,0
2021-05-16T00:00:00+00:00;LINKBEAR/USD;0,00000041;0,00000046;0,00000030;0,00000041;0,0
2021-05-15T00:00:00+00:00;LINKBEAR/USD;0,00000031;0,00000041;0,00000027;0,00000041;24,39
2021-05-14T00:00:00+00:00;LINKBEAR/USD;0,00000039;0,00000039;0,00000028;0,00000031;-25,81
2021-05-13T00:00:00+00:00;LINKBEAR/USD;0,00000046;0,00000050;0,00000034;0,00000039;-17,95
2021-05-12T00:00:00+00:00;LINKBEAR/USD;0,00000034;0,00000047;0,00000031;0,00000046;26,09
2021-05-11T00:00:00+00:00;LINKBEAR/USD;0,00000040;0,00000044;0,00000034;0,00000034;-17,65
2021-05-10T00:00:00+00:00;LINKBEAR/USD;0,00000031;0,00000044;0,00000028;0,00000040;22,5
2021-05-09T00:00:00+00:00;LINKBEAR/USD;0,00000038;0,00000043;0,00000030;0,00000031;-22,58
2021-05-08T00:00:00+00:00;LINKBEAR/USD;0,00000038;0,00000043;0,00000034;0,00000038;0,0
2021-05-07T00:00:00+00:00;LINKBEAR/USD;0,00000043;0,00000047;0,00000031;0,00000038;-13,16
2021-05-06T00:00:00+00:00;LINKBEAR/USD;0,00000037;0,00000046;0,00000037;0,00000043;13,95
2021-05-05T00:00:00+00:00;LINKBEAR/USD;0,00000052;0,00000052;0,00000034;0,00000037;-40,54
2021-05-04T00:00:00+00:00;LINKBEAR/USD;0,00000071;0,00000085;0,00000043;0,00000052;-36,54
2021-05-03T00:00:00+00:00;LINKBEAR/USD;0,00000089;0,00000089;0,00000068;0,00000071;-25,35
2021-05-02T00:00:00+00:00;LINKBEAR/USD;0,00000078;0,00000092;0,00000077;0,00000089;12,36
2021-05-01T00:00:00+00:00;LINKBEAR/USD;0,00000103;0,00000105;0,00000078;0,00000078;-32,05
2021-04-30T00:00:00+00:00;LINKBEAR/USD;0,00000121;0,00000122;0,00000097;0,00000103;-17,48
2021-04-29T00:00:00+00:00;LINKBEAR/USD;0,00000122;0,00000133;0,00000111;0,00000121;-0,83
2021-04-28T00:00:00+00:00;LINKBEAR/USD;0,00000118;0,00000141;0,00000107;0,00000122;3,28
2021-04-27T00:00:00+00:00;LINKBEAR/USD;0,00000139;0,00000144;0,00000109;0,00000118;-17,8
2021-04-26T00:00:00+00:00;LINKBEAR/USD;0,00000199;0,00000199;0,00000139;0,00000139;-43,17
2021-04-25T00:00:00+00:00;LINKBEAR/USD;0,00000215;0,00000225;0,00000171;0,00000199;-8,04
2021-04-24T00:00:00+00:00;LINKBEAR/USD;0,00000164;0,00000215;0,00000163;0,00000215;23,72
2021-04-23T00:00:00+00:00;LINKBEAR/USD;0,00000160;0,00000230;0,00000154;0,00000164;2,44
2021-04-22T00:00:00+00:00;LINKBEAR/USD;0,00000158;0,00000170;0,00000103;0,00000160;1,25
2021-04-21T00:00:00+00:00;LINKBEAR/USD;0,00000132;0,00000163;0,00000129;0,00000158;16,46
2021-04-20T00:00:00+00:00;LINKBEAR/USD;0,00000178;0,00000214;0,00000129;0,00000132;-34,85
2021-04-19T00:00:00+00:00;LINKBEAR/USD;0,00000157;0,00000185;0,00000110;0,00000178;11,8
2021-04-18T00:00:00+00:00;LINKBEAR/USD;0,00000147;0,00000250;0,00000145;0,00000157;6,37
2021-04-17T00:00:00+00:00;LINKBEAR/USD;0,00000130;0,00000155;0,00000112;0,00000147;11,56
2021-04-16T00:00:00+00:00;LINKBEAR/USD;0,00000119;0,00000153;0,00000118;0,00000130;8,46
2021-04-15T00:00:00+00:00;LINKBEAR/USD;0,00000131;0,00000148;0,00000107;0,00000119;-10,08
2021-04-14T00:00:00+00:00;LINKBEAR/USD;0,00000221;0,00000232;0,00000128;0,00000131;-68,7
2021-04-13T00:00:00+00:00;LINKBEAR/USD;0,00000283;0,00000297;0,00000217;0,00000221;-28,05
2021-04-12T00:00:00+00:00;LINKBEAR/USD;0,00000266;0,00000307;0,00000261;0,00000283;6,01
2021-04-11T00:00:00+00:00;LINKBEAR/USD;0,00000325;0,00000325;0,00000251;0,00000266;-22,18
2021-04-10T00:00:00+00:00;LINKBEAR/USD;0,00000330;0,00000344;0,00000282;0,00000325;-1,54
2021-04-09T00:00:00+00:00;LINKBEAR/USD;0,00000301;0,00000334;0,00000285;0,00000330;8,79
2021-04-08T00:00:00+00:00;LINKBEAR/USD;0,00000346;0,00000350;0,00000296;0,00000301;-14,95
2021-04-07T00:00:00+00:00;LINKBEAR/USD;0,00000272;0,00000366;0,00000261;0,00000346;21,39
2021-04-06T00:00:00+00:00;LINKBEAR/USD;0,00000344;0,00000367;0,00000267;0,00000272;-26,47
2021-04-05T00:00:00+00:00;LINKBEAR/USD;0,00000406;0,00000443;0,00000335;0,00000344;-18,02
2021-04-04T00:00:00+00:00;LINKBEAR/USD;0,00000479;0,00000493;0,00000374;0,00000406;-17,98
2021-04-03T00:00:00+00:00;LINKBEAR/USD;0,00000377;0,00000481;0,00000353;0,00000479;21,29
2021-04-02T00:00:00+00:00;LINKBEAR/USD;0,00000484;0,00000505;0,00000373;0,00000377;-28,38
2021-04-01T00:00:00+00:00;LINKBEAR/USD;0,00000521;0,00000521;0,00000433;0,00000484;-7,64
2021-03-31T00:00:00+00:00;LINKBEAR/USD;0,00000625;0,00000717;0,00000520;0,00000521;-19,96
2021-03-30T00:00:00+00:00;LINKBEAR/USD;0,00000594;0,00000640;0,00000571;0,00000625;4,96
2021-03-29T00:00:00+00:00;LINKBEAR/USD;0,00000730;0,00000735;0,00000572;0,00000594;-22,9
2021-03-28T00:00:00+00:00;LINKBEAR/USD;0,00000686;0,00000760;0,00000644;0,00000730;6,03
2021-03-27T00:00:00+00:00;LINKBEAR/USD;0,00000659;0,00000758;0,00000655;0,00000686;3,94
2021-03-26T00:00:00+00:00;LINKBEAR/USD;0,00000837;0,00000851;0,00000655;0,00000659;-27,01
2021-03-25T00:00:00+00:00;LINKBEAR/USD;0,00000939;0,00000978;0,00000748;0,00000837;-12,19
2021-03-24T00:00:00+00:00;LINKBEAR/USD;0,00000775;0,00001057;0,00000689;0,00000939;17,47
2021-03-23T00:00:00+00:00;LINKBEAR/USD;0,00000733;0,00000786;0,00000678;0,00000775;5,42
2021-03-22T00:00:00+00:00;LINKBEAR/USD;0,00000610;0,00000742;0,00000606;0,00000733;16,78
2021-03-21T00:00:00+00:00;LINKBEAR/USD;0,00000577;0,00000644;0,00000561;0,00000610;5,41
2021-03-20T00:00:00+00:00;LINKBEAR/USD;0,00000572;0,00000584;0,00000482;0,00000577;0,87
2021-03-19T00:00:00+00:00;LINKBEAR/USD;0,00000606;0,00000640;0,00000531;0,00000569;-6,5
2021-03-18T00:00:00+00:00;LINKBEAR/USD;0,00000533;0,00000629;0,00000510;0,00000606;12,05
2021-03-17T00:00:00+00:00;LINKBEAR/USD;0,00000758;0,00000802;0,00000519;0,00000533;-42,21
2021-03-16T00:00:00+00:00;LINKBEAR/USD;0,00000792;0,00000887;0,00000737;0,00000758;-4,49
2021-03-15T00:00:00+00:00;LINKBEAR/USD;0,00000717;0,00000846;0,00000653;0,00000792;9,47
2021-03-14T00:00:00+00:00;LINKBEAR/USD;0,00000632;0,00000720;0,00000615;0,00000717;11,85
2021-03-13T00:00:00+00:00;LINKBEAR/USD;0,00000775;0,00000880;0,00000594;0,00000632;-22,63
2021-03-12T00:00:00+00:00;LINKBEAR/USD;0,00000652;0,00000819;0,00000641;0,00000775;15,87
2021-03-11T00:00:00+00:00;LINKBEAR/USD;0,00000673;0,00000762;0,00000638;0,00000652;-3,22
2021-03-10T00:00:00+00:00;LINKBEAR/USD;0,00000590;0,00000714;0,00000574;0,00000673;12,33
2021-03-09T00:00:00+00:00;LINKBEAR/USD;0,00000573;0,00000649;0,00000563;0,00000590;2,88
2021-03-08T00:00:00+00:00;LINKBEAR/USD;0,00000818;0,00000843;0,00000573;0,00000573;-42,76
2021-03-07T00:00:00+00:00;LINKBEAR/USD;0,00000857;0,00000927;0,00000775;0,00000818;-4,77
2021-03-06T00:00:00+00:00;LINKBEAR/USD;0,00000886;0,00001024;0,00000841;0,00000857;-3,38
2021-03-05T00:00:00+00:00;LINKBEAR/USD;0,00000895;0,00001086;0,00000851;0,00000886;-1,02
2021-03-04T00:00:00+00:00;LINKBEAR/USD;0,00000730;0,00000926;0,00000688;0,00000895;18,44
2021-03-03T00:00:00+00:00;LINKBEAR/USD;0,00000887;0,00000900;0,00000630;0,00000730;-21,51
2021-03-02T00:00:00+00:00;LINKBEAR/USD;0,00000992;0,00001033;0,00000720;0,00000887;-11,84
2021-03-01T00:00:00+00:00;LINKBEAR/USD;0,00001489;0,00001489;0,00000992;0,00000992;-50,1
2021-02-28T00:00:00+00:00;LINKBEAR/USD;0,00001276;0,00001764;0,00001178;0,00001489;14,3
2021-02-27T00:00:00+00:00;LINKBEAR/USD;0,00001504;0,00001544;0,00001123;0,00001276;-17,87
2021-02-26T00:00:00+00:00;LINKBEAR/USD;0,00001684;0,00001853;0,00001208;0,00001504;-11,97
2021-02-25T00:00:00+00:00;LINKBEAR/USD;0,00001215;0,00001688;0,00001154;0,00001685;27,89
2021-02-24T00:00:00+00:00;LINKBEAR/USD;0,00001627;0,00001800;0,00001068;0,00001215;-33,91
2021-02-23T00:00:00+00:00;LINKBEAR/USD;0,00001056;0,00002161;0,00001048;0,00001627;35,1
2021-02-22T00:00:00+00:00;LINKBEAR/USD;0,00000850;0,00001463;0,00000845;0,00001056;19,51
2021-02-21T00:00:00+00:00;LINKBEAR/USD;0,00000865;0,00000915;0,00000774;0,00000850;-1,76
2021-02-20T00:00:00+00:00;LINKBEAR/USD;0,00000824;0,00000920;0,00000666;0,00000865;4,74
2021-02-19T00:00:00+00:00;LINKBEAR/USD;0,00001030;0,00001125;0,00000768;0,00000824;-25,0
2021-02-18T00:00:00+00:00;LINKBEAR/USD;0,00001042;0,00001081;0,00000916;0,00001030;-1,17
2021-02-17T00:00:00+00:00;LINKBEAR/USD;0,00001079;0,00001282;0,00001000;0,00001042;-3,55
2021-02-16T00:00:00+00:00;LINKBEAR/USD;0,00001021;0,00001185;0,00000945;0,00001079;5,38
2021-02-15T00:00:00+00:00;LINKBEAR/USD;0,00000969;0,00001454;0,00000823;0,00001021;5,09
2021-02-14T00:00:00+00:00;LINKBEAR/USD;0,00000908;0,00001031;0,00000788;0,00000969;6,3
2021-02-13T00:00:00+00:00;LINKBEAR/USD;0,00001289;0,00001478;0,00000850;0,00000908;-41,96
2021-02-12T00:00:00+00:00;LINKBEAR/USD;0,00001802;0,00002012;0,00001193;0,00001289;-39,8
2021-02-11T00:00:00+00:00;LINKBEAR/USD;0,00002084;0,00002213;0,00001675;0,00001802;-15,65
2021-02-10T00:00:00+00:00;LINKBEAR/USD;0,00001896;0,00002453;0,00001728;0,00002084;9,02
2021-02-09T00:00:00+00:00;LINKBEAR/USD;0,00002517;0,00002649;0,00001850;0,00001894;-32,89
2021-02-08T00:00:00+00:00;LINKBEAR/USD;0,00002758;0,00003005;0,00002348;0,00002517;-9,57
2021-02-07T00:00:00+00:00;LINKBEAR/USD;0,00002684;0,00003367;0,00002604;0,00002740;2,04
2021-02-06T00:00:00+00:00;LINKBEAR/USD;0,00002314;0,00002827;0,00002232;0,00002684;13,79
2021-02-05T00:00:00+00:00;LINKBEAR/USD;0,00002992;0,00003000;0,00002150;0,00002331;-28,36
2021-02-04T00:00:00+00:00;LINKBEAR/USD;0,00002790;0,00003551;0,00002435;0,00002992;6,75
2021-02-03T00:00:00+00:00;LINKBEAR/USD;0,00003419;0,00003455;0,00002633;0,00002790;-22,54
2021-02-02T00:00:00+00:00;LINKBEAR/USD;0,00003758;0,00003895;0,00003202;0,00003419;-9,92
2021-02-01T00:00:00+00:00;LINKBEAR/USD;0,00003996;0,00004458;0,00003659;0,00003758;-6,33
2021-01-31T00:00:00+00:00;LINKBEAR/USD;0,00003500;0,00004211;0,00002948;0,00003996;12,41
2021-01-30T00:00:00+00:00;LINKBEAR/USD;0,00003971;0,00004369;0,00003338;0,00003500;-13,46
2021-01-29T00:00:00+00:00;LINKBEAR/USD;0,00003744;0,00004244;0,00003189;0,00003971;5,72
2021-01-28T00:00:00+00:00;LINKBEAR/USD;0,00005440;0,00005690;0,00003173;0,00003744;-45,3
2021-01-27T00:00:00+00:00;LINKBEAR/USD;0,00004252;0,00005800;0,00004185;0,00005440;21,84
2021-01-26T00:00:00+00:00;LINKBEAR/USD;0,00004108;0,00005089;0,00003787;0,00004252;3,39
2021-01-25T00:00:00+00:00;LINKBEAR/USD;0,00003544;0,00004419;0,00003118;0,00004108;13,73
2021-01-24T00:00:00+00:00;LINKBEAR/USD;0,00003541;0,00004206;0,00003475;0,00003544;0,08
2021-01-23T00:00:00+00:00;LINKBEAR/USD;0,00005818;0,00006196;0,00003216;0,00003541;-64,3
2021-01-22T00:00:00+00:00;LINKBEAR/USD;0,00010498;0,00012685;0,00005185;0,00005818;-80,44
2021-01-21T00:00:00+00:00;LINKBEAR/USD;0,00007147;0,00010716;0,00007000;0,00010498;31,92
2021-01-20T00:00:00+00:00;LINKBEAR/USD;0,00008889;0,00011057;0,00007081;0,00007147;-24,37
2021-01-19T00:00:00+00:00;LINKBEAR/USD;0,00007478;0,00009067;0,00006630;0,00008889;15,87
2021-01-18T00:00:00+00:00;LINKBEAR/USD;0,00006500;0,00008182;0,00006119;0,00007478;13,08
2021-01-17T00:00:00+00:00;LINKBEAR/USD;0,00010855;0,00012345;0,00006082;0,00006500;-67,0
2021-01-16T00:00:00+00:00;LINKBEAR/USD;0,00011210;0,00011797;0,00007911;0,00010855;-3,27
2021-01-15T00:00:00+00:00;LINKBEAR/USD;0,00018675;0,00019895;0,00010000;0,00011210;-66,59
2021-01-14T00:00:00+00:00;LINKBEAR/USD;0,00027590;0,00030850;0,00018605;0,00018675;-47,74
2021-01-13T00:00:00+00:00;LINKBEAR/USD;0,00043740;0,00049350;0,00026120;0,00027590;-58,54
2021-01-12T00:00:00+00:00;LINKBEAR/USD;0,00038730;0,00045340;0,00032650;0,00043740;11,45
2021-01-11T00:00:00+00:00;LINKBEAR/USD;0,00030260;0,00051000;0,00029970;0,00038730;21,87
2021-01-10T00:00:00+00:00;LINKBEAR/USD;0,00024550;0,00032790;0,00020980;0,00030260;18,87
2021-01-09T00:00:00+00:00;LINKBEAR/USD;0,00040440;0,00042860;0,00023010;0,00024550;-64,73
2021-01-08T00:00:00+00:00;LINKBEAR/USD;0,00035550;0,00047750;0,00033110;0,00040440;12,09
2021-01-07T00:00:00+00:00;LINKBEAR/USD;0,00028800;0,00039320;0,00028010;0,00035550;18,99
2021-01-06T00:00:00+00:00;LINKBEAR/USD;0,00052130;0,00056200;0,00028240;0,00028800;-81,01
2021-01-05T00:00:00+00:00;LINKBEAR/USD;0,00066350;0,00072400;0,00049170;0,00052130;-27,28
2021-01-04T00:00:00+00:00;LINKBEAR/USD;0,00075600;0,00077000;0,00046780;0,00066350;-13,94
2021-01-03T00:00:00+00:00;LINKBEAR/USD;0,00114050;0,00123150;0,00068500;0,00075600;-50,86
2021-01-02T00:00:00+00:00;LINKBEAR/USD;0,00125000;0,00136750;0,00106800;0,00113800;-9,84
2021-01-01T00:00:00+00:00;LINKBEAR/USD;0,00151000;0,00156050;0,00106750;0,00125000;-20,8
2020-12-31T00:00:00+00:00;LINKBEAR/USD;0,00149550;0,00162500;0,00131000;0,00151000;0,96
2020-12-30T00:00:00+00:00;LINKBEAR/USD;0,00134000;0,00156000;0,00126450;0,00149550;10,4
2020-12-29T00:00:00+00:00;LINKBEAR/USD;0,00110650;0,00158500;0,00100600;0,00134000;17,43
2020-12-28T00:00:00+00:00;LINKBEAR/USD;0,00127450;0,00132950;0,00103675;0,00110650;-15,18
2020-12-27T00:00:00+00:00;LINKBEAR/USD;0,00183150;0,00207650;0,00099000;0,00127450;-43,7
2020-12-26T00:00:00+00:00;LINKBEAR/USD;0,00158400;0,00196650;0,00149500;0,00183150;13,51
2020-12-25T00:00:00+00:00;LINKBEAR/USD;0,00159850;0,00180300;0,00145550;0,00158400;-0,92
2020-12-24T00:00:00+00:00;LINKBEAR/USD;0,00202000;0,00253950;0,00155400;0,00159850;-26,37
2020-12-23T00:00:00+00:00;LINKBEAR/USD;0,00140500;0,00294500;0,00139450;0,00202000;30,45
2020-12-22T00:00:00+00:00;LINKBEAR/USD;0,00158400;0,00176200;0,00140000;0,00140500;-12,74
2020-12-21T00:00:00+00:00;LINKBEAR/USD;0,00134650;0,00162950;0,00128300;0,00158400;14,99
2020-12-20T00:00:00+00:00;LINKBEAR/USD;0,00123100;0,00145000;0,00116000;0,00134650;8,58
2020-12-19T00:00:00+00:00;LINKBEAR/USD;0,00123500;0,00127950;0,00110000;0,00123100;-0,32
2020-12-18T00:00:00+00:00;LINKBEAR/USD;0,00123350;0,00131350;0,00108200;0,00123500;0,12
2020-12-17T00:00:00+00:00;LINKBEAR/USD;0,00123000;0,00132200;0,00100000;0,00123350;0,28
2020-12-16T00:00:00+00:00;LINKBEAR/USD;0,00153300;0,00165800;0,00123000;0,00123000;-24,63
2020-12-15T00:00:00+00:00;LINKBEAR/USD;0,00148200;0,00160000;0,00143000;0,00153300;3,33
2020-12-14T00:00:00+00:00;LINKBEAR/USD;0,00145600;0,00164500;0,00141750;0,00148200;1,75
2020-12-13T00:00:00+00:00;LINKBEAR/USD;0,00180450;0,00184700;0,00135350;0,00145600;-23,94
2020-12-12T00:00:00+00:00;LINKBEAR/USD;0,00208650;0,00208650;0,00174000;0,00180450;-15,63
2020-12-11T00:00:00+00:00;LINKBEAR/USD;0,00197050;0,00218500;0,00195000;0,00208650;5,56
2020-12-10T00:00:00+00:00;LINKBEAR/USD;0,00169100;0,00200000;0,00167500;0,00197050;14,18
2020-12-09T00:00:00+00:00;LINKBEAR/USD;0,00191000;0,00220000;0,00161650;0,00169100;-12,95
2020-12-08T00:00:00+00:00;LINKBEAR/USD;0,00159700;0,00196200;0,00155500;0,00191000;16,39
2020-12-07T00:00:00+00:00;LINKBEAR/USD;0,00145500;0,00164800;0,00144450;0,00159700;8,89
2020-12-06T00:00:00+00:00;LINKBEAR/USD;0,00158000;0,00170150;0,00144500;0,00145500;-8,59
2020-12-05T00:00:00+00:00;LINKBEAR/USD;0,00178200;0,00185000;0,00150000;0,00158000;-12,78
2020-12-04T00:00:00+00:00;LINKBEAR/USD;0,00140000;0,00184000;0,00138650;0,00178200;21,44
2020-12-03T00:00:00+00:00;LINKBEAR/USD;0,00138600;0,00148000;0,00133250;0,00140000;1,0
2020-12-02T00:00:00+00:00;LINKBEAR/USD;0,00167500;0,00174000;0,00133550;0,00138600;-20,85
2020-12-01T00:00:00+00:00;LINKBEAR/USD;0,00139500;0,00171450;0,00124250;0,00167500;16,72
2020-11-30T00:00:00+00:00;LINKBEAR/USD;0,00174350;0,00174350;0,00134100;0,00139500;-24,98
2020-11-29T00:00:00+00:00;LINKBEAR/USD;0,00187000;0,00195100;0,00170000;0,00174350;-7,26
2020-11-28T00:00:00+00:00;LINKBEAR/USD;0,00218450;0,00228950;0,00173000;0,00187000;-16,82
2020-11-27T00:00:00+00:00;LINKBEAR/USD;0,00208300;0,00245100;0,00196300;0,00218450;4,65
2020-11-26T00:00:00+00:00;LINKBEAR/USD;0,00162000;0,00259000;0,00151350;0,00208300;22,23
2020-11-25T00:00:00+00:00;LINKBEAR/USD;0,00127200;0,00169100;0,00122850;0,00162100;21,53
2020-11-24T00:00:00+00:00;LINKBEAR/USD;0,00142900;0,00142900;0,00111300;0,00127200;-12,34
2020-11-23T00:00:00+00:00;LINKBEAR/USD;0,00167600;0,00174050;0,00138500;0,00142900;-17,28
2020-11-22T00:00:00+00:00;LINKBEAR/USD;0,00142000;0,00183900;0,00136500;0,00167600;15,27
2020-11-21T00:00:00+00:00;LINKBEAR/USD;0,00192900;0,00210000;0,00140350;0,00142000;-35,85
2020-11-20T00:00:00+00:00;LINKBEAR/USD;0,00219150;0,00222700;0,00177000;0,00192900;-13,61
2020-11-19T00:00:00+00:00;LINKBEAR/USD;0,00220000;0,00244950;0,00199800;0,00219150;-0,39
2020-11-18T00:00:00+00:00;LINKBEAR/USD;0,00232000;0,00255500;0,00197900;0,00220000;-5,45
2020-11-17T00:00:00+00:00;LINKBEAR/USD;0,00285900;0,00285900;0,00230000;0,00232000;-23,23
2020-11-16T00:00:00+00:00;LINKBEAR/USD;0,00325000;0,00333000;0,00271400;0,00285900;-13,68
2020-11-15T00:00:00+00:00;LINKBEAR/USD;0,00295100;0,00346000;0,00285100;0,00325000;9,2
2020-11-14T00:00:00+00:00;LINKBEAR/USD;0,00277000;0,00310600;0,00273000;0,00295100;6,13
2020-11-13T00:00:00+00:00;LINKBEAR/USD;0,00310500;0,00314900;0,00263900;0,00277000;-12,09
2020-11-12T00:00:00+00:00;LINKBEAR/USD;0,00287100;0,00321400;0,00263300;0,00310500;7,54
2020-11-11T00:00:00+00:00;LINKBEAR/USD;0,00270000;0,00287100;0,00246000;0,00287100;5,96
2020-11-10T00:00:00+00:00;LINKBEAR/USD;0,00313500;0,00327200;0,00257300;0,00270000;-16,11
2020-11-09T00:00:00+00:00;LINKBEAR/USD;0,00301700;0,00344000;0,00281000;0,00313500;3,76
2020-11-08T00:00:00+00:00;LINKBEAR/USD;0,00395400;0,00417100;0,00271900;0,00301700;-31,06
2020-11-07T00:00:00+00:00;LINKBEAR/USD;0,00394700;0,00420000;0,00271700;0,00395400;0,18
2020-11-06T00:00:00+00:00;LINKBEAR/USD;0,00554500;0,00567000;0,00383500;0,00394700;-40,49
2020-11-05T00:00:00+00:00;LINKBEAR/USD;0,00663000;0,00730000;0,00524600;0,00554500;-19,57
2020-11-04T00:00:00+00:00;LINKBEAR/USD;0,00681000;0,00805500;0,00623500;0,00663000;-2,71
2020-11-03T00:00:00+00:00;LINKBEAR/USD;0,00619500;0,00747250;0,00618250;0,00681000;9,03
2020-11-02T00:00:00+00:00;LINKBEAR/USD;0,00522200;0,00629900;0,00494700;0,00619500;15,71
2020-11-01T00:00:00+00:00;LINKBEAR/USD;0,00570500;0,00601750;0,00519000;0,00522200;-9,25
2020-10-31T00:00:00+00:00;LINKBEAR/USD;0,00593500;0,00621000;0,00541000;0,00570500;-4,03
2020-10-30T00:00:00+00:00;LINKBEAR/USD;0,00566500;0,00643500;0,00538000;0,00593500;4,55
2020-10-29T00:00:00+00:00;LINKBEAR/USD;0,00545000;0,00595900;0,00494000;0,00566500;3,8
2020-10-28T00:00:00+00:00;LINKBEAR/USD;0,00486100;0,00580000;0,00458100;0,00545000;10,81
2020-10-27T00:00:00+00:00;LINKBEAR/USD;0,00535000;0,00566500;0,00426900;0,00486100;-10,06
2020-10-26T00:00:00+00:00;LINKBEAR/USD;0,00484800;0,00590000;0,00450000;0,00535000;9,38
2020-10-25T00:00:00+00:00;LINKBEAR/USD;0,00429500;0,00508800;0,00416700;0,00484800;11,41
2020-10-24T00:00:00+00:00;LINKBEAR/USD;0,00511100;0,00530700;0,00408000;0,00429500;-19,0
2020-10-23T00:00:00+00:00;LINKBEAR/USD;0,00537250;0,00584000;0,00496000;0,00511100;-5,12
2020-10-22T00:00:00+00:00;LINKBEAR/USD;0,00778000;0,00785750;0,00487200;0,00537250;-44,81
2020-10-21T00:00:00+00:00;LINKBEAR/USD;0,01106000;0,01112500;0,00720750;0,00780500;-41,7
2020-10-20T00:00:00+00:00;LINKBEAR/USD;0,00853500;0,01119000;0,00843250;0,01106000;22,83
2020-10-19T00:00:00+00:00;LINKBEAR/USD;0,00856500;0,00910000;0,00791750;0,00853500;-0,35
2020-10-18T00:00:00+00:00;LINKBEAR/USD;0,00931250;0,00946000;0,00846500;0,00856500;-8,73
2020-10-17T00:00:00+00:00;LINKBEAR/USD;0,00956000;0,00986000;0,00917500;0,00931250;-2,66
2020-10-16T00:00:00+00:00;LINKBEAR/USD;0,00912000;0,01023500;0,00873000;0,00956000;4,6
2020-10-15T00:00:00+00:00;LINKBEAR/USD;0,00873500;0,00977750;0,00867500;0,00912000;4,22
2020-10-14T00:00:00+00:00;LINKBEAR/USD;0,00857000;0,00934250;0,00769000;0,00873500;1,89
2020-10-13T00:00:00+00:00;LINKBEAR/USD;0,00776250;0,00936000;0,00741250;0,00857000;9,42
2020-10-12T00:00:00+00:00;LINKBEAR/USD;0,00935000;0,00967500;0,00702500;0,00776250;-20,45
2020-10-11T00:00:00+00:00;LINKBEAR/USD;0,01026500;0,01128000;0,00880000;0,00935000;-9,79
2020-10-10T00:00:00+00:00;LINKBEAR/USD;0,01075000;0,01082000;0,00915500;0,01026500;-4,72
2020-10-09T00:00:00+00:00;LINKBEAR/USD;0,01442000;0,01516500;0,01031000;0,01075000;-34,14
2020-10-08T00:00:00+00:00;LINKBEAR/USD;0,01781500;0,02086500;0,01388500;0,01442000;-23,54
2020-10-07T00:00:00+00:00;LINKBEAR/USD;0,01931000;0,02158500;0,01762000;0,01781500;-8,39
2020-10-06T00:00:00+00:00;LINKBEAR/USD;0,01542500;0,02023000;0,01520500;0,01931000;20,12
2020-10-05T00:00:00+00:00;LINKBEAR/USD;0,01668000;0,01732000;0,01494500;0,01542500;-8,14
2020-10-04T00:00:00+00:00;LINKBEAR/USD;0,01733000;0,01807500;0,01623000;0,01668000;-3,9
2020-10-03T00:00:00+00:00;LINKBEAR/USD;0,01775000;0,01824000;0,01568500;0,01733000;-2,42
2020-10-02T00:00:00+00:00;LINKBEAR/USD;0,01562000;0,01954500;0,01471000;0,01775000;12,0
2020-10-01T00:00:00+00:00;LINKBEAR/USD;0,01471500;0,01701000;0,01237500;0,01562000;5,79
2020-09-30T00:00:00+00:00;LINKBEAR/USD;0,01359500;0,01583000;0,01327500;0,01471500;7,61
2020-09-29T00:00:00+00:00;LINKBEAR/USD;0,01313500;0,01634500;0,01263500;0,01359500;3,38
2020-09-28T00:00:00+00:00;LINKBEAR/USD;0,01173000;0,01348500;0,01088500;0,01313500;10,7
2020-09-27T00:00:00+00:00;LINKBEAR/USD;0,01357500;0,01513000;0,01102000;0,01173000;-15,73
2020-09-26T00:00:00+00:00;LINKBEAR/USD;0,01237500;0,01468000;0,01108500;0,01357500;8,84
2020-09-25T00:00:00+00:00;LINKBEAR/USD;0,01632000;0,01849000;0,01080000;0,01237500;-31,88
2020-09-24T00:00:00+00:00;LINKBEAR/USD;0,03686000;0,03826000;0,01416500;0,01632000;-125,86
2020-09-23T00:00:00+00:00;LINKBEAR/USD;0,02683000;0,03980000;0,02637000;0,03686000;27,21
2020-09-22T00:00:00+00:00;LINKBEAR/USD;0,02761000;0,02852000;0,02380000;0,02683000;-2,91
2020-09-21T00:00:00+00:00;LINKBEAR/USD;0,02156500;0,02863500;0,02066500;0,02761000;21,89
2020-09-20T00:00:00+00:00;LINKBEAR/USD;0,01943000;0,02292000;0,01667000;0,02156500;9,9
2020-09-19T00:00:00+00:00;LINKBEAR/USD;0,01952500;0,02072500;0,01732000;0,01943000;-0,49
2020-09-18T00:00:00+00:00;LINKBEAR/USD;0,01571000;0,02089500;0,01518000;0,01952500;19,54
2020-09-17T00:00:00+00:00;LINKBEAR/USD;0,01740500;0,01815500;0,01340000;0,01571000;-10,79
2020-09-16T00:00:00+00:00;LINKBEAR/USD;0,01669000;0,01860000;0,01491000;0,01740500;4,11
2020-09-15T00:00:00+00:00;LINKBEAR/USD;0,01302500;0,01735500;0,01249500;0,01669000;21,96
2020-09-14T00:00:00+00:00;LINKBEAR/USD;0,01333500;0,01448000;0,01207000;0,01302500;-2,38
2020-09-13T00:00:00+00:00;LINKBEAR/USD;0,01146000;0,01400000;0,01023000;0,01333500;14,06
2020-09-12T00:00:00+00:00;LINKBEAR/USD;0,01231500;0,01323000;0,01146000;0,01146000;-7,46
2020-09-11T00:00:00+00:00;LINKBEAR/USD;0,01215500;0,01352000;0,01169500;0,01231500;1,3
2020-09-10T00:00:00+00:00;LINKBEAR/USD;0,01331500;0,01344500;0,01041250;0,01215500;-9,54
2020-09-09T00:00:00+00:00;LINKBEAR/USD;0,01613500;0,01717000;0,01240500;0,01331500;-21,18
2020-09-08T00:00:00+00:00;LINKBEAR/USD;0,01374000;0,01815500;0,01292000;0,01613500;14,84
2020-09-07T00:00:00+00:00;LINKBEAR/USD;0,01276000;0,01728500;0,01173500;0,01374000;7,13
2020-09-06T00:00:00+00:00;LINKBEAR/USD;0,02562000;0,03126000;0,01148000;0,01276000;-100,78
2020-09-05T00:00:00+00:00;LINKBEAR/USD;0,01775500;0,03130000;0,01621000;0,02562000;30,7
2020-09-04T00:00:00+00:00;LINKBEAR/USD;0,02055500;0,02494000;0,01593500;0,01775500;-15,77
2020-09-03T00:00:00+00:00;LINKBEAR/USD;0,01307000;0,02304000;0,01250000;0,02055500;36,41
2020-09-02T00:00:00+00:00;LINKBEAR/USD;0,01052250;0,01431250;0,00985250;0,01307000;19,49
2020-09-01T00:00:00+00:00;LINKBEAR/USD;0,01159000;0,01251000;0,00953500;0,01052250;-10,14
2020-08-31T00:00:00+00:00;LINKBEAR/USD;0,00993500;0,01167000;0,00910500;0,01159000;14,28
2020-08-30T00:00:00+00:00;LINKBEAR/USD;0,01063500;0,01074250;0,00806000;0,00993500;-7,05
2020-08-29T00:00:00+00:00;LINKBEAR/USD;0,01387500;0,01417000;0,00939000;0,01063500;-30,47
2020-08-28T00:00:00+00:00;LINKBEAR/USD;0,01573000;0,01631000;0,01283000;0,01387500;-13,37
2020-08-27T00:00:00+00:00;LINKBEAR/USD;0,01383000;0,01698000;0,01300000;0,01573000;12,08
2020-08-26T00:00:00+00:00;LINKBEAR/USD;0,01776000;0,01803500;0,01261500;0,01383000;-28,42
2020-08-25T00:00:00+00:00;LINKBEAR/USD;0,01472500;0,01958000;0,01420000;0,01776000;17,09
2020-08-24T00:00:00+00:00;LINKBEAR/USD;0,01461500;0,01578500;0,01259000;0,01472500;0,75
2020-08-23T00:00:00+00:00;LINKBEAR/USD;0,01304000;0,01591500;0,01277500;0,01459500;10,65
2020-08-22T00:00:00+00:00;LINKBEAR/USD;0,02104000;0,02147500;0,01191500;0,01304000;-61,35
2020-08-21T00:00:00+00:00;LINKBEAR/USD;0,01475000;0,02347500;0,01463500;0,02104000;29,9
2020-08-20T00:00:00+00:00;LINKBEAR/USD;0,01436000;0,01546500;0,01289500;0,01475000;2,64
2020-08-19T00:00:00+00:00;LINKBEAR/USD;0,01429500;0,01763000;0,01176000;0,01436000;0,45
2020-08-18T00:00:00+00:00;LINKBEAR/USD;0,01307000;0,01764000;0,01096000;0,01429500;8,57
2020-08-17T00:00:00+00:00;LINKBEAR/USD;0,00990000;0,01457500;0,00849000;0,01307000;24,25
2020-08-16T00:00:00+00:00;LINKBEAR/USD;0,00935000;0,01040250;0,00810000;0,00990000;5,56
2020-08-15T00:00:00+00:00;LINKBEAR/USD;0,01467500;0,01563000;0,00850000;0,00935000;-56,95
2020-08-14T00:00:00+00:00;LINKBEAR/USD;0,01428500;0,01641500;0,01320000;0,01467500;2,66
2020-08-13T00:00:00+00:00;LINKBEAR/USD;0,01689500;0,01800000;0,01163000;0,01428500;-18,27
2020-08-12T00:00:00+00:00;LINKBEAR/USD;0,03810000;0,04249000;0,01590000;0,01689500;-125,51
2020-08-11T00:00:00+00:00;LINKBEAR/USD;0,03506000;0,04490000;0,03399000;0,03810000;7,98
2020-08-10T00:00:00+00:00;LINKBEAR/USD;0,03244000;0,04092000;0,03150000;0,03506000;7,47
2020-08-09T00:00:00+00:00;LINKBEAR/USD;0,04323000;0,04958000;0,02769000;0,03244000;-33,26
2020-08-08T00:00:00+00:00;LINKBEAR/USD;0,11680000;0,12110000;0,03570000;0,04323000;-170,18
2020-08-07T00:00:00+00:00;LINKBEAR/USD;0,11300000;0,15200000;0,11250000;0,11680000;3,25
2020-08-06T00:00:00+00:00;LINKBEAR/USD;0,14020000;0,14280000;0,11150000;0,11300000;-24,07
2020-08-05T00:00:00+00:00;LINKBEAR/USD;0,13220000;0,14900000;0,12870000;0,14020000;5,71
2020-08-04T00:00:00+00:00;LINKBEAR/USD;0,16685000;0,17375000;0,12600000;0,13220000;-26,21
2020-08-03T00:00:00+00:00;LINKBEAR/USD;0,24090000;0,24730000;0,16600000;0,16685000;-44,38
2020-08-02T00:00:00+00:00;LINKBEAR/USD;0,23410000;0,35060000;0,20110000;0,24090000;2,82
2020-08-01T00:00:00+00:00;LINKBEAR/USD;0,29270000;0,31000000;0,22390000;0,23410000;-25,03
2020-07-31T00:00:00+00:00;LINKBEAR/USD;0,34320000;0,34490000;0,28760000;0,29270000;-17,25
2020-07-30T00:00:00+00:00;LINKBEAR/USD;0,40920000;0,41960000;0,32780000;0,34320000;-19,23
2020-07-29T00:00:00+00:00;LINKBEAR/USD;0,38840000;0,42840000;0,34680000;0,40920000;5,08
2020-07-28T00:00:00+00:00;LINKBEAR/USD;0,41230000;0,44110000;0,35920000;0,38840000;-6,15
2020-07-27T00:00:00+00:00;LINKBEAR/USD;0,35760000;0,49680000;0,35760000;0,41230000;13,27
2020-07-26T00:00:00+00:00;LINKBEAR/USD;0,33740000;0,39660000;0,30100000;0,35760000;5,65
2020-07-25T00:00:00+00:00;LINKBEAR/USD;0,37390000;0,37970000;0,31810000;0,33740000;-10,82
2020-07-24T00:00:00+00:00;LINKBEAR/USD;0,31840000;0,37740000;0,31840000;0,37390000;14,84
2020-07-23T00:00:00+00:00;LINKBEAR/USD;0,39030000;0,39990000;0,30190000;0,31840000;-22,58
2020-07-22T00:00:00+00:00;LINKBEAR/USD;0,42330000;0,46040000;0,37140000;0,39030000;-8,46
2020-07-21T00:00:00+00:00;LINKBEAR/USD;0,43520000;0,48350000;0,35790000;0,42330000;-2,81
2020-07-20T00:00:00+00:00;LINKBEAR/USD;0,33040000;0,44660000;0,32470000;0,43520000;24,08
2020-07-19T00:00:00+00:00;LINKBEAR/USD;0,35060000;0,37610000;0,31880000;0,33040000;-6,11
2020-07-18T00:00:00+00:00;LINKBEAR/USD;0,31780000;0,37690000;0,31780000;0,35060000;9,36
2020-07-17T00:00:00+00:00;LINKBEAR/USD;0,30670000;0,32770000;0,27760000;0,31780000;3,49
2020-07-16T00:00:00+00:00;LINKBEAR/USD;0,28180000;0,35070000;0,26280000;0,30670000;8,12
2020-07-15T00:00:00+00:00;LINKBEAR/USD;0,35520000;0,40010000;0,26390000;0,28180000;-26,05
2020-07-14T00:00:00+00:00;LINKBEAR/USD;0,56250000;0,59500000;0,33000000;0,35520000;-58,36
2020-07-13T00:00:00+00:00;LINKBEAR/USD;0,62775000;0,65050000;0,37380000;0,56250000;-11,6
2020-07-12T00:00:00+00:00;LINKBEAR/USD;1,17750000;1,18050000;0,60800000;0,62775000;-87,57
2020-07-11T00:00:00+00:00;LINKBEAR/USD;1,15600000;1,25300000;1,08550000;1,17750000;1,83
2020-07-10T00:00:00+00:00;LINKBEAR/USD;1,18400000;1,40000000;1,12450000;1,15600000;-2,42
2020-07-09T00:00:00+00:00;LINKBEAR/USD;0,98225000;1,38050000;0,98225000;1,18400000;17,04
2020-07-08T00:00:00+00:00;LINKBEAR/USD;1,54600000;1,64500000;0,96450000;0,98225000;-57,39
2020-07-07T00:00:00+00:00;LINKBEAR/USD;1,94050000;1,97850000;1,42800000;1,54600000;-25,52
2020-07-06T00:00:00+00:00;LINKBEAR/USD;3,04700000;3,05500000;1,83150000;1,94050000;-57,02
2020-07-05T00:00:00+00:00;LINKBEAR/USD;2,91900000;3,24500000;2,87500000;3,04700000;4,2
2020-07-04T00:00:00+00:00;LINKBEAR/USD;3,09400000;3,11100000;2,86200000;2,91900000;-6,0
2020-07-03T00:00:00+00:00;LINKBEAR/USD;2,96000000;3,11100000;2,78600000;3,09400000;4,33
2020-07-02T00:00:00+00:00;LINKBEAR/USD;3,17100000;3,32700000;2,70000000;2,96000000;-7,13
2020-07-01T00:00:00+00:00;LINKBEAR/USD;3,47600000;3,58100000;3,10400000;3,17100000;-9,62
2020-06-30T00:00:00+00:00;LINKBEAR/USD;3,37000000;3,53200000;3,29000000;3,47600000;3,05
2020-06-29T00:00:00+00:00;LINKBEAR/USD;3,53300000;3,80700000;3,30100000;3,37000000;-4,84
2020-06-28T00:00:00+00:00;LINKBEAR/USD;3,97100000;4,15000000;3,39400000;3,53300000;-12,4
2020-06-27T00:00:00+00:00;LINKBEAR/USD;3,36200000;4,21400000;3,35900000;3,97100000;15,34
2020-06-26T00:00:00+00:00;LINKBEAR/USD;3,11600000;3,45500000;3,01600000;3,36200000;7,32
2020-06-25T00:00:00+00:00;LINKBEAR/USD;3,36800000;3,78000000;3,08000000;3,11600000;-8,09
2020-06-24T00:00:00+00:00;LINKBEAR/USD;3,14500000;3,74100000;2,89700000;3,36800000;6,62
2020-06-23T00:00:00+00:00;LINKBEAR/USD;4,02500000;4,13300000;2,88000000;3,14500000;-27,98
2020-06-22T00:00:00+00:00;LINKBEAR/USD;5,05200000;5,09000000;3,99600000;4,02500000;-25,52
2020-06-21T00:00:00+00:00;LINKBEAR/USD;5,07900000;5,23250000;4,95500000;5,05200000;-0,53
2020-06-20T00:00:00+00:00;LINKBEAR/USD;5,44500000;5,52750000;5,01000000;5,07900000;-7,21
2020-06-19T00:00:00+00:00;LINKBEAR/USD;5,22700000;5,59000000;5,10400000;5,44500000;4,0
2020-06-18T00:00:00+00:00;LINKBEAR/USD;5,15750000;5,38700000;4,87100000;5,22300000;1,25
2020-06-17T00:00:00+00:00;LINKBEAR/USD;5,63500000;5,98750000;5,07250000;5,15750000;-9,26
2020-06-16T00:00:00+00:00;LINKBEAR/USD;6,21500000;6,35750000;5,44000000;5,63500000;-10,29
2020-06-15T00:00:00+00:00;LINKBEAR/USD;6,19750000;7,47250000;5,95500000;6,21500000;0,28
2020-06-14T00:00:00+00:00;LINKBEAR/USD;5,50000000;6,21750000;5,49500000;6,19750000;11,25
2020-06-13T00:00:00+00:00;LINKBEAR/USD;5,60250000;5,86000000;5,45750000;5,50000000;-1,86
2020-06-12T00:00:00+00:00;LINKBEAR/USD;6,26500000;6,55250000;5,12250000;5,60250000;-11,83
2020-06-11T00:00:00+00:00;LINKBEAR/USD;4,69500000;6,41500000;4,62000000;6,26500000;25,06
2020-06-10T00:00:00+00:00;LINKBEAR/USD;4,63300000;4,91000000;4,63300000;4,69500000;1,32
2020-06-09T00:00:00+00:00;LINKBEAR/USD;4,59000000;4,84100000;4,38000000;4,63300000;0,93
2020-06-08T00:00:00+00:00;LINKBEAR/USD;5,00000000;5,04900000;4,58100000;4,59000000;-8,93
2020-06-07T00:00:00+00:00;LINKBEAR/USD;5,00500000;5,46200000;4,83000000;5,00000000;-0,1
2020-06-06T00:00:00+00:00;LINKBEAR/USD;4,91600000;5,09100000;4,82500000;5,00500000;1,78
2020-06-05T00:00:00+00:00;LINKBEAR/USD;4,72200000;4,95300000;4,52900000;4,91600000;3,95
2020-06-04T00:00:00+00:00;LINKBEAR/USD;4,46400000;5,08000000;4,45000000;4,71500000;5,32
2020-06-03T00:00:00+00:00;LINKBEAR/USD;4,80500000;5,11400000;4,36900000;4,46400000;-7,64
2020-06-02T00:00:00+00:00;LINKBEAR/USD;4,73800000;5,93000000;4,02700000;4,80500000;1,39
2020-06-01T00:00:00+00:00;LINKBEAR/USD;5,92000000;5,93500000;4,48500000;4,73800000;-24,95
2020-05-31T00:00:00+00:00;LINKBEAR/USD;5,70000000;6,17000000;5,23250000;5,92000000;3,72
2020-05-30T00:00:00+00:00;LINKBEAR/USD;6,66500000;6,86500000;5,68750000;5,70000000;-16,93
2020-05-29T00:00:00+00:00;LINKBEAR/USD;6,42000000;6,76000000;5,99000000;6,66500000;3,68
2020-05-28T00:00:00+00:00;LINKBEAR/USD;7,46750000;7,61250000;6,31000000;6,42000000;-16,32
2020-05-27T00:00:00+00:00;LINKBEAR/USD;7,55500000;7,68750000;7,10250000;7,46750000;-1,17
2020-05-26T00:00:00+00:00;LINKBEAR/USD;7,40500000;7,90250000;7,27250000;7,55500000;1,99
2020-05-25T00:00:00+00:00;LINKBEAR/USD;7,80000000;7,90250000;7,14250000;7,40500000;-5,33
2020-05-24T00:00:00+00:00;LINKBEAR/USD;7,05250000;7,80500000;6,55000000;7,80000000;9,58
2020-05-23T00:00:00+00:00;LINKBEAR/USD;6,44750000;7,16000000;6,26500000;7,05250000;8,58
2020-05-22T00:00:00+00:00;LINKBEAR/USD;7,90250000;8,08000000;6,08750000;6,44750000;-22,57
2020-05-21T00:00:00+00:00;LINKBEAR/USD;6,65250000;8,35500000;6,24750000;7,90250000;15,82
2020-05-20T00:00:00+00:00;LINKBEAR/USD;7,44250000;7,69250000;6,39000000;6,65250000;-11,88
2020-05-19T00:00:00+00:00;LINKBEAR/USD;7,77000000;8,41500000;7,42250000;7,44250000;-4,4
2020-05-18T00:00:00+00:00;LINKBEAR/USD;8,45500000;8,45500000;7,32250000;7,77000000;-8,82
2020-05-17T00:00:00+00:00;LINKBEAR/USD;8,55500000;8,61000000;7,98500000;8,45500000;-1,18
2020-05-16T00:00:00+00:00;LINKBEAR/USD;9,32250000;9,64500000;8,40000000;8,55500000;-8,97
2020-05-15T00:00:00+00:00;LINKBEAR/USD;8,36500000;9,55500000;8,23750000;9,32250000;10,27
2020-05-14T00:00:00+00:00;LINKBEAR/USD;8,63500000;9,10750000;8,03000000;8,36500000;-3,23
2020-05-13T00:00:00+00:00;LINKBEAR/USD;9,15000000;9,68250000;8,33500000;8,63500000;-5,96
2020-05-12T00:00:00+00:00;LINKBEAR/USD;10,26750000;10,48250000;8,43500000;9,15000000;-12,21
2020-05-11T00:00:00+00:00;LINKBEAR/USD;8,91250000;12,25500000;8,47500000;10,26750000;13,2
2020-05-10T00:00:00+00:00;LINKBEAR/USD;7,52250000;10,62500000;7,50000000;8,91250000;15,6
2020-05-09T00:00:00+00:00;LINKBEAR/USD;9,04250000;9,31000000;6,42000000;7,52250000;-20,21
2020-05-08T00:00:00+00:00;LINKBEAR/USD;9,25750000;9,84250000;8,60750000;9,04250000;-2,38
2020-05-07T00:00:00+00:00;LINKBEAR/USD;11,12000000;11,25000000;8,63250000;9,25750000;-20,12
2020-05-06T00:00:00+00:00;LINKBEAR/USD;10,35000000;11,16500000;9,60250000;11,12000000;6,92
2020-05-05T00:00:00+00:00;LINKBEAR/USD;9,84000000;10,49750000;9,32000000;10,35000000;4,93
2020-05-04T00:00:00+00:00;LINKBEAR/USD;10,10000000;11,77750000;9,18000000;9,84000000;-2,64
2020-05-03T00:00:00+00:00;LINKBEAR/USD;9,35500000;10,62250000;9,01750000;10,10000000;7,38
2020-05-02T00:00:00+00:00;LINKBEAR/USD;9,71000000;9,93750000;8,96500000;9,35500000;-3,79
2020-05-01T00:00:00+00:00;LINKBEAR/USD;10,16750000;10,16750000;8,51750000;9,71000000;-4,71
2020-04-30T00:00:00+00:00;LINKBEAR/USD;8,84250000;10,62000000;8,25250000;10,16750000;13,03
2020-04-29T00:00:00+00:00;LINKBEAR/USD;11,03500000;11,15000000;8,00250000;8,84250000;-24,8
2020-04-28T00:00:00+00:00;LINKBEAR/USD;11,22000000;11,68500000;10,26500000;11,03500000;-1,68
2020-04-27T00:00:00+00:00;LINKBEAR/USD;10,52000000;12,55000000;10,32500000;11,22000000;6,24
2020-04-26T00:00:00+00:00;LINKBEAR/USD;10,06500000;11,19000000;9,79500000;10,52000000;4,33
2020-04-25T00:00:00+00:00;LINKBEAR/USD;10,02500000;10,33250000;9,06250000;10,06500000;0,4
2020-04-24T00:00:00+00:00;LINKBEAR/USD;10,20750000;10,30500000;9,13250000;10,02500000;-1,82
2020-04-23T00:00:00+00:00;LINKBEAR/USD;10,90000000;11,53500000;8,79000000;10,20750000;-6,78
2020-04-22T00:00:00+00:00;LINKBEAR/USD;13,59000000;13,74000000;10,87000000;10,90000000;-24,68
2020-04-21T00:00:00+00:00;LINKBEAR/USD;13,90000000;14,32000000;12,25000000;13,59000000;-2,28
2020-04-20T00:00:00+00:00;LINKBEAR/USD;12,39500000;14,55500000;10,23500000;13,90000000;10,83
2020-04-19T00:00:00+00:00;LINKBEAR/USD;10,78500000;12,94000000;10,48000000;12,37000000;12,81
2020-04-18T00:00:00+00:00;LINKBEAR/USD;14,78000000;14,81500000;10,32500000;10,78500000;-37,04
2020-04-17T00:00:00+00:00;LINKBEAR/USD;14,40500000;15,56000000;13,82000000;14,78000000;2,54
2020-04-16T00:00:00+00:00;LINKBEAR/USD;22,08000000;24,95500000;13,33500000;14,42500000;-53,07
2020-04-15T00:00:00+00:00;LINKBEAR/USD;20,05500000;22,40000000;18,81000000;22,08000000;9,17
2020-04-14T00:00:00+00:00;LINKBEAR/USD;18,16000000;20,68500000;17,05000000;20,03000000;9,34
2020-04-13T00:00:00+00:00;LINKBEAR/USD;17,90000000;21,49000000;17,00000000;18,16000000;1,43
2020-04-12T00:00:00+00:00;LINKBEAR/USD;20,87000000;23,03000000;14,59000000;17,90000000;-16,59
2020-04-11T00:00:00+00:00;LINKBEAR/USD;22,47500000;25,61500000;17,91000000;20,88500000;-7,61
2020-04-10T00:00:00+00:00;LINKBEAR/USD;20,65500000;27,50000000;20,51500000;22,47500000;8,1
2020-04-09T00:00:00+00:00;LINKBEAR/USD;24,76000000;26,00000000;18,03500000;20,65500000;-19,87
2020-04-08T00:00:00+00:00;LINKBEAR/USD;41,24000000;41,91000000;22,28000000;24,76000000;-66,56
2020-04-07T00:00:00+00:00;LINKBEAR/USD;55,25000000;55,30000000;35,05000000;41,24000000;-33,97
2020-04-06T00:00:00+00:00;LINKBEAR/USD;83,62500000;83,62500000;55,05000000;55,25000000;-51,36
2020-04-05T00:00:00+00:00;LINKBEAR/USD;79,75000000;85,77500000;78,52500000;83,62500000;4,63
2020-04-04T00:00:00+00:00;LINKBEAR/USD;81,57500000;85,35000000;77,20000000;79,75000000;-2,29
2020-04-03T00:00:00+00:00;LINKBEAR/USD;82,65000000;84,47500000;72,57500000;81,57500000;-1,32
2020-04-02T00:00:00+00:00;LINKBEAR/USD;83,80000000;85,75000000;66,72500000;82,65000000;-1,39
2020-04-01T00:00:00+00:00;LINKBEAR/USD;86,77500000;98,72500000;81,95000000;83,80000000;-3,55
2020-03-31T00:00:00+00:00;LINKBEAR/USD;106,82500000;111,30000000;82,20000000;86,77500000;-23,11
2020-03-30T00:00:00+00:00;LINKBEAR/USD;134,55000000;135,40000000;98,47500000;106,82500000;-25,95
2020-03-29T00:00:00+00:00;LINKBEAR/USD;116,70000000;134,55000000;114,30000000;134,55000000;13,27
2020-03-28T00:00:00+00:00;LINKBEAR/USD;119,05000000;133,65000000;114,50000000;116,70000000;-2,01
2020-03-27T00:00:00+00:00;LINKBEAR/USD;98,12500000;122,45000000;92,60000000;119,05000000;17,58
2020-03-26T00:00:00+00:00;LINKBEAR/USD;107,70000000;112,12500000;98,12500000;98,12500000;-9,76
2020-03-25T00:00:00+00:00;LINKBEAR/USD;99,20000000;115,12500000;95,07500000;107,70000000;7,89
2020-03-24T00:00:00+00:00;LINKBEAR/USD;109,60000000;115,80000000;91,50000000;99,20000000;-10,48
2020-03-23T00:00:00+00:00;LINKBEAR/USD;177,00000000;184,80000000;103,05000000;109,60000000;-61,5
2020-03-22T00:00:00+00:00;LINKBEAR/USD;126,95000000;184,20000000;117,80000000;177,00000000;28,28
2020-03-21T00:00:00+00:00;LINKBEAR/USD;130,40000000;155,60000000;112,70000000;126,95000000;-2,72
2020-03-20T00:00:00+00:00;LINKBEAR/USD;157,00000000;163,75000000;89,67500000;130,40000000;-20,4
2020-03-19T00:00:00+00:00;LINKBEAR/USD;260,00000000;278,90000000;131,55000000;157,00000000;-65,61
2020-03-18T00:00:00+00:00;LINKBEAR/USD;303,30000000;351,90000000;259,80000000;260,30000000;-16,52
2020-03-17T00:00:00+00:00;LINKBEAR/USD;394,50000000;419,20000000;189,70000000;303,30000000;-30,07
2020-03-16T00:00:00+00:00;LINKBEAR/USD;272,90000000;493,60000000;272,10000000;394,50000000;30,82
2020-03-15T00:00:00+00:00;LINKBEAR/USD;278,90000000;300,20000000;188,20000000;272,90000000;-2,2
2020-03-14T00:00:00+00:00;LINKBEAR/USD;206,55000000;297,50000000;180,20000000;278,90000000;25,94
2020-03-13T00:00:00+00:00;LINKBEAR/USD;468,30000000;900,50000000;158,80000000;206,55000000;-126,72
2020-03-12T00:00:00+00:00;LINKBEAR/USD;195,80000000;504,10000000;192,55000000;468,30000000;58,19
2020-03-11T00:00:00+00:00;LINKBEAR/USD;164,85000000;229,15000000;161,20000000;195,80000000;15,81
2020-03-10T00:00:00+00:00;LINKBEAR/USD;160,70000000;184,40000000;151,80000000;164,85000000;2,52
2020-03-09T00:00:00+00:00;LINKBEAR/USD;170,40000000;220,35000000;131,70000000;160,60000000;-6,1
2020-03-08T00:00:00+00:00;LINKBEAR/USD;141,50000000;189,10000000;133,85000000;170,40000000;16,96
2020-03-07T00:00:00+00:00;LINKBEAR/USD;116,00000000;143,65000000;116,00000000;141,50000000;18,02
2020-03-06T00:00:00+00:00;LINKBEAR/USD;115,20000000;127,00000000;111,85000000;116,00000000;0,69
2020-03-05T00:00:00+00:00;LINKBEAR/USD;121,80000000;122,75000000;101,05000000;115,20000000;-5,73
2020-03-04T00:00:00+00:00;LINKBEAR/USD;133,00000000;137,00000000;100,60000000;121,80000000;-9,2
2020-03-03T00:00:00+00:00;LINKBEAR/USD;175,15000000;187,15000000;124,25000000;133,00000000;-31,69
2020-03-02T00:00:00+00:00;LINKBEAR/USD;244,20000000;250,80000000;161,95000000;175,15000000;-39,42
2020-03-01T00:00:00+00:00;LINKBEAR/USD;212,45000000;258,95000000;186,90000000;244,20000000;13,0
2020-02-29T00:00:00+00:00;LINKBEAR/USD;198,00000000;212,95000000;174,70000000;212,10000000;6,65
2020-02-28T00:00:00+00:00;LINKBEAR/USD;241,60000000;277,55000000;188,90000000;198,00000000;-22,02
2020-02-27T00:00:00+00:00;LINKBEAR/USD;356,10000000;396,30000000;213,30000000;241,60000000;-47,39
2020-02-26T00:00:00+00:00;LINKBEAR/USD;392,50000000;458,20000000;283,30000000;356,10000000;-10,22
2020-02-25T00:00:00+00:00;LINKBEAR/USD;295,10000000;392,80000000;286,80000000;392,50000000;24,82
2020-02-24T00:00:00+00:00;LINKBEAR/USD;238,50000000;315,50000000;231,00000000;295,10000000;19,18
2020-02-23T00:00:00+00:00;LINKBEAR/USD;274,20000000;279,80000000;219,20000000;238,50000000;-14,97
2020-02-22T00:00:00+00:00;LINKBEAR/USD;244,10000000;282,60000000;233,30000000;274,20000000;10,98
2020-02-21T00:00:00+00:00;LINKBEAR/USD;245,40000000;259,00000000;204,80000000;244,10000000;-0,53
2020-02-20T00:00:00+00:00;LINKBEAR/USD;226,45000000;274,55000000;213,40000000;245,40000000;7,72
2020-02-19T00:00:00+00:00;LINKBEAR/USD;201,95000000;248,65000000;163,40000000;226,45000000;10,82
2020-02-18T00:00:00+00:00;LINKBEAR/USD;248,80000000;275,60000000;192,95000000;202,15000000;-23,08
2020-02-17T00:00:00+00:00;LINKBEAR/USD;224,65000000;313,80000000;211,75000000;248,80000000;9,71
2020-02-16T00:00:00+00:00;LINKBEAR/USD;255,55000000;285,40000000;170,45000000;224,65000000;-13,75
2020-02-15T00:00:00+00:00;LINKBEAR/USD;235,80000000;298,25000000;208,55000000;255,55000000;7,73
2020-02-14T00:00:00+00:00;LINKBEAR/USD;372,50000000;395,70000000;225,70000000;235,80000000;-57,97
2020-02-13T00:00:00+00:00;LINKBEAR/USD;337,00000000;411,30000000;310,40000000;372,30000000;9,48
2020-02-12T00:00:00+00:00;LINKBEAR/USD;340,40000000;368,50000000;286,60000000;337,00000000;-1,01
2020-02-11T00:00:00+00:00;LINKBEAR/USD;600,25000000;617,50000000;338,60000000;340,40000000;-76,34
2020-02-10T00:00:00+00:00;LINKBEAR/USD;545,75000000;643,50000000;543,50000000;600,25000000;9,08
2020-02-09T00:00:00+00:00;LINKBEAR/USD;581,75000000;675,50000000;542,25000000;545,25000000;-6,69
2020-02-08T00:00:00+00:00;LINKBEAR/USD;649,00000000;751,75000000;551,50000000;581,75000000;-11,56
2020-02-07T00:00:00+00:00;LINKBEAR/USD;1025,75000000;1026,50000000;619,50000000;649,50000000;-57,93
2020-02-06T00:00:00+00:00;LINKBEAR/USD;1078,50000000;1122,50000000;973,50000000;1025,75000000;-5,14
2020-02-05T00:00:00+00:00;LINKBEAR/USD;1225,00000000;1240,50000000;1020,00000000;1078,50000000;-13,58
2020-02-04T00:00:00+00:00;LINKBEAR/USD;1169,50000000;1294,00000000;1132,50000000;1225,00000000;4,53
2020-02-03T00:00:00+00:00;LINKBEAR/USD;1100,00000000;1201,00000000;1042,50000000;1169,50000000;5,94
2020-02-02T00:00:00+00:00;LINKBEAR/USD;1082,50000000;1206,50000000;1028,50000000;1100,00000000;1,59
2020-02-01T00:00:00+00:00;LINKBEAR/USD;1092,50000000;1191,50000000;1030,50000000;1082,50000000;-0,92
2020-01-31T00:00:00+00:00;LINKBEAR/USD;1006,75000000;1158,50000000;1004,25000000;1092,50000000;7,85
2020-01-30T00:00:00+00:00;LINKBEAR/USD;1172,50000000;1256,00000000;967,50000000;1006,75000000;-16,46
2020-01-29T00:00:00+00:00;LINKBEAR/USD;1351,50000000;1367,50000000;1096,50000000;1174,50000000;-15,07
2020-01-28T00:00:00+00:00;LINKBEAR/USD;1418,00000000;1453,00000000;1314,50000000;1351,50000000;-4,92
2020-01-27T00:00:00+00:00;LINKBEAR/USD;1469,50000000;1487,00000000;1312,00000000;1418,00000000;-3,63
2020-01-26T00:00:00+00:00;LINKBEAR/USD;1762,00000000;1797,00000000;1469,50000000;1469,50000000;-19,9
2020-01-25T00:00:00+00:00;LINKBEAR/USD;1646,50000000;1800,50000000;1631,50000000;1763,00000000;6,61
2020-01-24T00:00:00+00:00;LINKBEAR/USD;1725,50000000;1944,50000000;1588,50000000;1646,50000000;-4,8
2020-01-23T00:00:00+00:00;LINKBEAR/USD;1438,00000000;1792,00000000;1436,50000000;1725,50000000;16,66
2020-01-22T00:00:00+00:00;LINKBEAR/USD;1387,50000000;1464,00000000;1360,00000000;1438,00000000;3,51
2020-01-21T00:00:00+00:00;LINKBEAR/USD;1354,50000000;1534,50000000;1277,50000000;1386,50000000;2,31
2020-01-20T00:00:00+00:00;LINKBEAR/USD;1461,50000000;1587,50000000;1266,00000000;1354,50000000;-7,9
2020-01-19T00:00:00+00:00;LINKBEAR/USD;1257,50000000;1569,50000000;1149,50000000;1461,50000000;13,96
2020-01-18T00:00:00+00:00;LINKBEAR/USD;1369,50000000;1540,50000000;1222,00000000;1257,50000000;-8,91
2020-01-17T00:00:00+00:00;LINKBEAR/USD;1868,00000000;1929,50000000;1162,00000000;1369,50000000;-36,4
2020-01-16T00:00:00+00:00;LINKBEAR/USD;2092,50000000;2367,00000000;1834,00000000;1868,00000000;-12,02
2020-01-15T00:00:00+00:00;LINKBEAR/USD;2238,00000000;2363,00000000;1760,00000000;2089,50000000;-7,11
2020-01-14T00:00:00+00:00;LINKBEAR/USD;2953,00000000;2965,00000000;1959,00000000;2238,00000000;-31,95
2020-01-13T00:00:00+00:00;LINKBEAR/USD;2775,00000000;3069,00000000;2775,00000000;2953,00000000;6,03
2020-01-12T00:00:00+00:00;LINKBEAR/USD;2701,00000000;2868,00000000;2538,00000000;2773,00000000;2,6
2020-01-11T00:00:00+00:00;LINKBEAR/USD;2863,00000000;2899,00000000;2415,00000000;2697,00000000;-6,15
2020-01-10T00:00:00+00:00;LINKBEAR/USD;3027,00000000;3197,00000000;2796,00000000;2873,00000000;-5,36
2020-01-09T00:00:00+00:00;LINKBEAR/USD;3015,00000000;3390,00000000;2842,00000000;3025,00000000;0,33
2020-01-08T00:00:00+00:00;LINKBEAR/USD;3542,00000000;3548,00000000;2484,00000000;3015,00000000;-17,48
2020-01-07T00:00:00+00:00;LINKBEAR/USD;4740,00000000;4974,00000000;3399,00000000;3546,00000000;-33,67

