DATE/TIME;SYMBOL;OPEN;HIGH;LOW;CLOSE;EVOL % CLOSE/HIGH
2022-01-05T00:00:00+00:00;ETCBEAR/USD;0,00000015;0,00000015;0,00000015;0,00000015;0,0
2022-01-04T00:00:00+00:00;ETCBEAR/USD;0,00000015;0,00000016;0,00000015;0,00000015;0,0
2022-01-03T00:00:00+00:00;ETCBEAR/USD;0,00000014;0,00000015;0,00000013;0,00000015;6,67
2022-01-02T00:00:00+00:00;ETCBEAR/USD;0,00000014;0,00000015;0,00000014;0,00000014;0,0
2022-01-01T00:00:00+00:00;ETCBEAR/USD;0,00000016;0,00000016;0,00000014;0,00000014;-14,29
2021-12-31T00:00:00+00:00;ETCBEAR/USD;0,00000014;0,00000016;0,00000014;0,00000016;12,5
2021-12-30T00:00:00+00:00;ETCBEAR/USD;0,00000015;0,00000016;0,00000014;0,00000014;-7,14
2021-12-29T00:00:00+00:00;ETCBEAR/USD;0,00000014;0,00000015;0,00000013;0,00000015;6,67
2021-12-28T00:00:00+00:00;ETCBEAR/USD;0,00000012;0,00000014;0,00000012;0,00000014;14,29
2021-12-27T00:00:00+00:00;ETCBEAR/USD;0,00000011;0,00000012;0,00000011;0,00000012;8,33
2021-12-26T00:00:00+00:00;ETCBEAR/USD;0,00000012;0,00000012;0,00000011;0,00000011;-9,09
2021-12-25T00:00:00+00:00;ETCBEAR/USD;0,00000012;0,00000012;0,00000011;0,00000012;0,0
2021-12-24T00:00:00+00:00;ETCBEAR/USD;0,00000013;0,00000013;0,00000011;0,00000012;-8,33
2021-12-23T00:00:00+00:00;ETCBEAR/USD;0,00000014;0,00000015;0,00000012;0,00000013;-7,69
2021-12-22T00:00:00+00:00;ETCBEAR/USD;0,00000015;0,00000015;0,00000013;0,00000014;-7,14
2021-12-21T00:00:00+00:00;ETCBEAR/USD;0,00000015;0,00000016;0,00000014;0,00000015;0,0
2021-12-20T00:00:00+00:00;ETCBEAR/USD;0,00000015;0,00000017;0,00000015;0,00000015;0,0
2021-12-19T00:00:00+00:00;ETCBEAR/USD;0,00000015;0,00000016;0,00000014;0,00000015;0,0
2021-12-18T00:00:00+00:00;ETCBEAR/USD;0,00000016;0,00000016;0,00000014;0,00000015;-6,67
2021-12-17T00:00:00+00:00;ETCBEAR/USD;0,00000015;0,00000018;0,00000015;0,00000016;6,25
2021-12-16T00:00:00+00:00;ETCBEAR/USD;0,00000014;0,00000015;0,00000013;0,00000015;6,67
2021-12-15T00:00:00+00:00;ETCBEAR/USD;0,00000015;0,00000017;0,00000013;0,00000014;-7,14
2021-12-14T00:00:00+00:00;ETCBEAR/USD;0,00000017;0,00000018;0,00000015;0,00000015;-13,33
2021-12-13T00:00:00+00:00;ETCBEAR/USD;0,00000013;0,00000017;0,00000013;0,00000017;23,53
2021-12-12T00:00:00+00:00;ETCBEAR/USD;0,00000014;0,00000015;0,00000013;0,00000013;-7,69
2021-12-11T00:00:00+00:00;ETCBEAR/USD;0,00000015;0,00000017;0,00000013;0,00000014;-7,14
2021-12-10T00:00:00+00:00;ETCBEAR/USD;0,00000013;0,00000015;0,00000013;0,00000015;13,33
2021-12-09T00:00:00+00:00;ETCBEAR/USD;0,00000011;0,00000015;0,00000011;0,00000013;15,38
2021-12-08T00:00:00+00:00;ETCBEAR/USD;0,00000012;0,00000013;0,00000011;0,00000011;-9,09
2021-12-07T00:00:00+00:00;ETCBEAR/USD;0,00000013;0,00000015;0,00000011;0,00000012;-8,33
2021-12-06T00:00:00+00:00;ETCBEAR/USD;0,00000015;0,00000019;0,00000012;0,00000013;-15,38
2021-12-05T00:00:00+00:00;ETCBEAR/USD;0,00000011;0,00000015;0,00000011;0,00000015;26,67
2021-12-04T00:00:00+00:00;ETCBEAR/USD;0,00000011;0,00000016;0,00000011;0,00000011;0,0
2021-12-03T00:00:00+00:00;ETCBEAR/USD;0,00000010;0,00000011;0,00000010;0,00000011;9,09
2021-12-02T00:00:00+00:00;ETCBEAR/USD;0,00000010;0,00000010;0,00000010;0,00000010;0,0
2021-12-01T00:00:00+00:00;ETCBEAR/USD;0,00000010;0,00000010;0,00000010;0,00000010;0,0
2021-11-30T00:00:00+00:00;ETCBEAR/USD;0,00000010;0,00000010;0,00000010;0,00000010;0,0
2021-11-29T00:00:00+00:00;ETCBEAR/USD;0,00000011;0,00000011;0,00000010;0,00000010;-10,0
2021-11-28T00:00:00+00:00;ETCBEAR/USD;0,00000010;0,00000011;0,00000008;0,00000011;9,09
2021-11-27T00:00:00+00:00;ETCBEAR/USD;0,00000007;0,00000010;0,00000007;0,00000010;30,0
2021-11-26T00:00:00+00:00;ETCBEAR/USD;0,00000008;0,00000008;0,00000007;0,00000007;-14,29
2021-11-25T00:00:00+00:00;ETCBEAR/USD;0,00000010;0,00000010;0,00000007;0,00000008;-25,0
2021-11-24T00:00:00+00:00;ETCBEAR/USD;0,00000008;0,00000010;0,00000007;0,00000010;20,0
2021-11-23T00:00:00+00:00;ETCBEAR/USD;0,00000007;0,00000009;0,00000007;0,00000008;12,5
2021-11-22T00:00:00+00:00;ETCBEAR/USD;0,00000008;0,00000009;0,00000007;0,00000007;-14,29
2021-11-21T00:00:00+00:00;ETCBEAR/USD;0,00000007;0,00000008;0,00000007;0,00000008;12,5
2021-11-20T00:00:00+00:00;ETCBEAR/USD;0,00000007;0,00000009;0,00000007;0,00000007;0,0
2021-11-19T00:00:00+00:00;ETCBEAR/USD;0,00000009;0,00000009;0,00000007;0,00000007;-28,57
2021-11-18T00:00:00+00:00;ETCBEAR/USD;0,00000007;0,00000009;0,00000007;0,00000009;22,22
2021-11-17T00:00:00+00:00;ETCBEAR/USD;0,00000008;0,00000008;0,00000007;0,00000007;-14,29
2021-11-16T00:00:00+00:00;ETCBEAR/USD;0,00000006;0,00000008;0,00000006;0,00000008;25,0
2021-11-15T00:00:00+00:00;ETCBEAR/USD;0,00000005;0,00000007;0,00000005;0,00000006;16,67
2021-11-14T00:00:00+00:00;ETCBEAR/USD;0,00000005;0,00000007;0,00000005;0,00000005;0,0
2021-11-13T00:00:00+00:00;ETCBEAR/USD;0,00000006;0,00000007;0,00000005;0,00000005;-20,0
2021-11-12T00:00:00+00:00;ETCBEAR/USD;0,00000006;0,00000007;0,00000005;0,00000006;0,0
2021-11-11T00:00:00+00:00;ETCBEAR/USD;0,00000006;0,00000006;0,00000005;0,00000006;0,0
2021-11-10T00:00:00+00:00;ETCBEAR/USD;0,00000005;0,00000006;0,00000004;0,00000006;16,67
2021-11-09T00:00:00+00:00;ETCBEAR/USD;0,00000007;0,00000007;0,00000004;0,00000005;-40,0
2021-11-08T00:00:00+00:00;ETCBEAR/USD;0,00000007;0,00000007;0,00000006;0,00000007;0,0
2021-11-07T00:00:00+00:00;ETCBEAR/USD;0,00000008;0,00000008;0,00000007;0,00000007;-14,29
2021-11-06T00:00:00+00:00;ETCBEAR/USD;0,00000008;0,00000008;0,00000007;0,00000008;0,0
2021-11-05T00:00:00+00:00;ETCBEAR/USD;0,00000008;0,00000008;0,00000008;0,00000008;0,0
2021-11-04T00:00:00+00:00;ETCBEAR/USD;0,00000006;0,00000008;0,00000006;0,00000008;25,0
2021-11-03T00:00:00+00:00;ETCBEAR/USD;0,00000007;0,00000008;0,00000006;0,00000006;-16,67
2021-11-02T00:00:00+00:00;ETCBEAR/USD;0,00000007;0,00000008;0,00000006;0,00000007;0,0
2021-11-01T00:00:00+00:00;ETCBEAR/USD;0,00000007;0,00000008;0,00000006;0,00000007;0,0
2021-10-31T00:00:00+00:00;ETCBEAR/USD;0,00000009;0,00000009;0,00000006;0,00000007;-28,57
2021-10-30T00:00:00+00:00;ETCBEAR/USD;0,00000007;0,00000009;0,00000007;0,00000009;22,22
2021-10-29T00:00:00+00:00;ETCBEAR/USD;0,00000009;0,00000009;0,00000007;0,00000007;-28,57
2021-10-28T00:00:00+00:00;ETCBEAR/USD;0,00000010;0,00000010;0,00000009;0,00000009;-11,11
2021-10-27T00:00:00+00:00;ETCBEAR/USD;0,00000008;0,00000012;0,00000008;0,00000010;20,0
2021-10-26T00:00:00+00:00;ETCBEAR/USD;0,00000007;0,00000008;0,00000007;0,00000008;12,5
2021-10-25T00:00:00+00:00;ETCBEAR/USD;0,00000009;0,00000009;0,00000007;0,00000007;-28,57
2021-10-24T00:00:00+00:00;ETCBEAR/USD;0,00000007;0,00000009;0,00000007;0,00000009;22,22
2021-10-23T00:00:00+00:00;ETCBEAR/USD;0,00000008;0,00000009;0,00000007;0,00000007;-14,29
2021-10-22T00:00:00+00:00;ETCBEAR/USD;0,00000008;0,00000009;0,00000007;0,00000008;0,0
2021-10-21T00:00:00+00:00;ETCBEAR/USD;0,00000008;0,00000008;0,00000006;0,00000008;0,0
2021-10-20T00:00:00+00:00;ETCBEAR/USD;0,00000009;0,00000010;0,00000008;0,00000008;-12,5
2021-10-19T00:00:00+00:00;ETCBEAR/USD;0,00000010;0,00000010;0,00000009;0,00000009;-11,11
2021-10-18T00:00:00+00:00;ETCBEAR/USD;0,00000010;0,00000010;0,00000009;0,00000010;0,0
2021-10-17T00:00:00+00:00;ETCBEAR/USD;0,00000009;0,00000010;0,00000008;0,00000010;10,0
2021-10-16T00:00:00+00:00;ETCBEAR/USD;0,00000009;0,00000009;0,00000008;0,00000009;0,0
2021-10-15T00:00:00+00:00;ETCBEAR/USD;0,00000009;0,00000010;0,00000008;0,00000009;0,0
2021-10-14T00:00:00+00:00;ETCBEAR/USD;0,00000009;0,00000009;0,00000008;0,00000009;0,0
2021-10-13T00:00:00+00:00;ETCBEAR/USD;0,00000010;0,00000010;0,00000009;0,00000009;-11,11
2021-10-12T00:00:00+00:00;ETCBEAR/USD;0,00000009;0,00000010;0,00000009;0,00000010;10,0
2021-10-11T00:00:00+00:00;ETCBEAR/USD;0,00000010;0,00000010;0,00000008;0,00000009;-11,11
2021-10-10T00:00:00+00:00;ETCBEAR/USD;0,00000007;0,00000010;0,00000007;0,00000010;30,0
2021-10-09T00:00:00+00:00;ETCBEAR/USD;0,00000010;0,00000010;0,00000007;0,00000007;-42,86
2021-10-08T00:00:00+00:00;ETCBEAR/USD;0,00000008;0,00000010;0,00000008;0,00000010;20,0
2021-10-07T00:00:00+00:00;ETCBEAR/USD;0,00000008;0,00000009;0,00000008;0,00000008;0,0
2021-10-06T00:00:00+00:00;ETCBEAR/USD;0,00000009;0,00000011;0,00000008;0,00000008;-12,5
2021-10-05T00:00:00+00:00;ETCBEAR/USD;0,00000010;0,00000010;0,00000009;0,00000009;-11,11
2021-10-04T00:00:00+00:00;ETCBEAR/USD;0,00000009;0,00000011;0,00000009;0,00000010;10,0
2021-10-03T00:00:00+00:00;ETCBEAR/USD;0,00000010;0,00000010;0,00000008;0,00000009;-11,11
2021-10-02T00:00:00+00:00;ETCBEAR/USD;0,00000010;0,00000010;0,00000008;0,00000010;0,0
2021-10-01T00:00:00+00:00;ETCBEAR/USD;0,00000015;0,00000015;0,00000009;0,00000010;-50,0
2021-09-30T00:00:00+00:00;ETCBEAR/USD;0,00000015;0,00000016;0,00000014;0,00000015;0,0
2021-09-29T00:00:00+00:00;ETCBEAR/USD;0,00000016;0,00000016;0,00000015;0,00000015;-6,67
2021-09-28T00:00:00+00:00;ETCBEAR/USD;0,00000017;0,00000018;0,00000014;0,00000016;-6,25
2021-09-27T00:00:00+00:00;ETCBEAR/USD;0,00000016;0,00000017;0,00000015;0,00000017;5,88
2021-09-26T00:00:00+00:00;ETCBEAR/USD;0,00000016;0,00000019;0,00000015;0,00000016;0,0
2021-09-25T00:00:00+00:00;ETCBEAR/USD;0,00000016;0,00000016;0,00000014;0,00000016;0,0
2021-09-24T00:00:00+00:00;ETCBEAR/USD;0,00000013;0,00000017;0,00000013;0,00000016;18,75
2021-09-23T00:00:00+00:00;ETCBEAR/USD;0,00000012;0,00000014;0,00000012;0,00000013;7,69
2021-09-22T00:00:00+00:00;ETCBEAR/USD;0,00000018;0,00000018;0,00000012;0,00000012;-50,0
2021-09-21T00:00:00+00:00;ETCBEAR/USD;0,00000015;0,00000018;0,00000014;0,00000018;16,67
2021-09-20T00:00:00+00:00;ETCBEAR/USD;0,00000011;0,00000016;0,00000011;0,00000015;26,67
2021-09-19T00:00:00+00:00;ETCBEAR/USD;0,00000011;0,00000011;0,00000010;0,00000011;0,0
2021-09-18T00:00:00+00:00;ETCBEAR/USD;0,00000011;0,00000011;0,00000010;0,00000011;0,0
2021-09-17T00:00:00+00:00;ETCBEAR/USD;0,00000011;0,00000011;0,00000010;0,00000011;0,0
2021-09-16T00:00:00+00:00;ETCBEAR/USD;0,00000010;0,00000011;0,00000009;0,00000011;9,09
2021-09-15T00:00:00+00:00;ETCBEAR/USD;0,00000010;0,00000011;0,00000009;0,00000010;0,0
2021-09-14T00:00:00+00:00;ETCBEAR/USD;0,00000012;0,00000012;0,00000009;0,00000010;-20,0
2021-09-13T00:00:00+00:00;ETCBEAR/USD;0,00000011;0,00000013;0,00000010;0,00000012;8,33
2021-09-12T00:00:00+00:00;ETCBEAR/USD;0,00000011;0,00000012;0,00000009;0,00000011;0,0
2021-09-11T00:00:00+00:00;ETCBEAR/USD;0,00000012;0,00000012;0,00000010;0,00000011;-9,09
2021-09-10T00:00:00+00:00;ETCBEAR/USD;0,00000010;0,00000013;0,00000010;0,00000012;16,67
2021-09-09T00:00:00+00:00;ETCBEAR/USD;0,00000010;0,00000011;0,00000009;0,00000010;0,0
2021-09-08T00:00:00+00:00;ETCBEAR/USD;0,00000011;0,00000013;0,00000009;0,00000010;-10,0
2021-09-07T00:00:00+00:00;ETCBEAR/USD;0,00000006;0,00000012;0,00000006;0,00000011;45,45
2021-09-06T00:00:00+00:00;ETCBEAR/USD;0,00000006;0,00000007;0,00000006;0,00000006;0,0
2021-09-05T00:00:00+00:00;ETCBEAR/USD;0,00000008;0,00000008;0,00000006;0,00000006;-33,33
2021-09-04T00:00:00+00:00;ETCBEAR/USD;0,00000007;0,00000009;0,00000007;0,00000008;12,5
2021-09-03T00:00:00+00:00;ETCBEAR/USD;0,00000008;0,00000009;0,00000006;0,00000007;-14,29
2021-09-02T00:00:00+00:00;ETCBEAR/USD;0,00000007;0,00000009;0,00000007;0,00000008;12,5
2021-09-01T00:00:00+00:00;ETCBEAR/USD;0,00000010;0,00000011;0,00000007;0,00000007;-42,86
2021-08-31T00:00:00+00:00;ETCBEAR/USD;0,00000012;0,00000012;0,00000009;0,00000010;-20,0
2021-08-30T00:00:00+00:00;ETCBEAR/USD;0,00000010;0,00000012;0,00000010;0,00000012;16,67
2021-08-29T00:00:00+00:00;ETCBEAR/USD;0,00000010;0,00000011;0,00000009;0,00000010;0,0
2021-08-28T00:00:00+00:00;ETCBEAR/USD;0,00000011;0,00000011;0,00000009;0,00000010;-10,0
2021-08-27T00:00:00+00:00;ETCBEAR/USD;0,00000012;0,00000014;0,00000010;0,00000011;-9,09
2021-08-26T00:00:00+00:00;ETCBEAR/USD;0,00000010;0,00000013;0,00000010;0,00000012;16,67
2021-08-25T00:00:00+00:00;ETCBEAR/USD;0,00000011;0,00000013;0,00000010;0,00000010;-10,0
2021-08-24T00:00:00+00:00;ETCBEAR/USD;0,00000010;0,00000013;0,00000009;0,00000011;9,09
2021-08-23T00:00:00+00:00;ETCBEAR/USD;0,00000009;0,00000010;0,00000008;0,00000010;10,0
2021-08-22T00:00:00+00:00;ETCBEAR/USD;0,00000010;0,00000011;0,00000009;0,00000009;-11,11
2021-08-21T00:00:00+00:00;ETCBEAR/USD;0,00000009;0,00000010;0,00000008;0,00000010;10,0
2021-08-20T00:00:00+00:00;ETCBEAR/USD;0,00000010;0,00000010;0,00000008;0,00000009;-11,11
2021-08-19T00:00:00+00:00;ETCBEAR/USD;0,00000011;0,00000013;0,00000010;0,00000010;-10,0
2021-08-18T00:00:00+00:00;ETCBEAR/USD;0,00000012;0,00000013;0,00000010;0,00000011;-9,09
2021-08-17T00:00:00+00:00;ETCBEAR/USD;0,00000009;0,00000012;0,00000008;0,00000012;25,0
2021-08-16T00:00:00+00:00;ETCBEAR/USD;0,00000008;0,00000009;0,00000008;0,00000009;11,11
2021-08-15T00:00:00+00:00;ETCBEAR/USD;0,00000011;0,00000011;0,00000007;0,00000008;-37,5
2021-08-14T00:00:00+00:00;ETCBEAR/USD;0,00000013;0,00000014;0,00000011;0,00000011;-18,18
2021-08-13T00:00:00+00:00;ETCBEAR/USD;0,00000016;0,00000016;0,00000013;0,00000013;-23,08
2021-08-12T00:00:00+00:00;ETCBEAR/USD;0,00000016;0,00000017;0,00000013;0,00000016;0,0
2021-08-11T00:00:00+00:00;ETCBEAR/USD;0,00000018;0,00000018;0,00000014;0,00000016;-12,5
2021-08-10T00:00:00+00:00;ETCBEAR/USD;0,00000019;0,00000020;0,00000017;0,00000018;-5,56
2021-08-09T00:00:00+00:00;ETCBEAR/USD;0,00000020;0,00000022;0,00000017;0,00000019;-5,26
2021-08-08T00:00:00+00:00;ETCBEAR/USD;0,00000018;0,00000020;0,00000015;0,00000020;10,0
2021-08-07T00:00:00+00:00;ETCBEAR/USD;0,00000028;0,00000028;0,00000017;0,00000018;-55,56
2021-08-06T00:00:00+00:00;ETCBEAR/USD;0,00000028;0,00000029;0,00000027;0,00000028;0,0
2021-08-05T00:00:00+00:00;ETCBEAR/USD;0,00000029;0,00000034;0,00000027;0,00000028;-3,57
2021-08-04T00:00:00+00:00;ETCBEAR/USD;0,00000035;0,00000035;0,00000027;0,00000029;-20,69
2021-08-03T00:00:00+00:00;ETCBEAR/USD;0,00000030;0,00000035;0,00000030;0,00000035;14,29
2021-08-02T00:00:00+00:00;ETCBEAR/USD;0,00000033;0,00000033;0,00000030;0,00000030;-10,0
2021-08-01T00:00:00+00:00;ETCBEAR/USD;0,00000031;0,00000033;0,00000026;0,00000033;6,06
2021-07-31T00:00:00+00:00;ETCBEAR/USD;0,00000031;0,00000034;0,00000030;0,00000031;0,0
2021-07-30T00:00:00+00:00;ETCBEAR/USD;0,00000034;0,00000038;0,00000031;0,00000031;-9,68
2021-07-29T00:00:00+00:00;ETCBEAR/USD;0,00000036;0,00000037;0,00000034;0,00000034;-5,88
2021-07-28T00:00:00+00:00;ETCBEAR/USD;0,00000034;0,00000038;0,00000032;0,00000036;5,56
2021-07-27T00:00:00+00:00;ETCBEAR/USD;0,00000036;0,00000043;0,00000033;0,00000034;-5,88
2021-07-26T00:00:00+00:00;ETCBEAR/USD;0,00000042;0,00000042;0,00000027;0,00000036;-16,67
2021-07-25T00:00:00+00:00;ETCBEAR/USD;0,00000040;0,00000047;0,00000040;0,00000042;4,76
2021-07-24T00:00:00+00:00;ETCBEAR/USD;0,00000053;0,00000055;0,00000036;0,00000040;-32,5
2021-07-23T00:00:00+00:00;ETCBEAR/USD;0,00000064;0,00000064;0,00000050;0,00000053;-20,75
2021-07-22T00:00:00+00:00;ETCBEAR/USD;0,00000065;0,00000069;0,00000060;0,00000064;-1,56
2021-07-21T00:00:00+00:00;ETCBEAR/USD;0,00000090;0,00000094;0,00000061;0,00000065;-38,46
2021-07-20T00:00:00+00:00;ETCBEAR/USD;0,00000076;0,00000097;0,00000075;0,00000090;15,56
2021-07-19T00:00:00+00:00;ETCBEAR/USD;0,00000073;0,00000080;0,00000065;0,00000076;3,95
2021-07-18T00:00:00+00:00;ETCBEAR/USD;0,00000076;0,00000079;0,00000067;0,00000073;-4,11
2021-07-17T00:00:00+00:00;ETCBEAR/USD;0,00000077;0,00000084;0,00000068;0,00000076;-1,32
2021-07-16T00:00:00+00:00;ETCBEAR/USD;0,00000070;0,00000082;0,00000068;0,00000077;9,09
2021-07-15T00:00:00+00:00;ETCBEAR/USD;0,00000061;0,00000072;0,00000055;0,00000070;12,86
2021-07-14T00:00:00+00:00;ETCBEAR/USD;0,00000061;0,00000071;0,00000053;0,00000061;0,0
2021-07-13T00:00:00+00:00;ETCBEAR/USD;0,00000054;0,00000062;0,00000052;0,00000061;11,48
2021-07-12T00:00:00+00:00;ETCBEAR/USD;0,00000048;0,00000055;0,00000045;0,00000054;11,11
2021-07-11T00:00:00+00:00;ETCBEAR/USD;0,00000050;0,00000051;0,00000046;0,00000048;-4,17
2021-07-10T00:00:00+00:00;ETCBEAR/USD;0,00000048;0,00000051;0,00000044;0,00000050;4,0
2021-07-09T00:00:00+00:00;ETCBEAR/USD;0,00000049;0,00000056;0,00000044;0,00000048;-2,08
2021-07-08T00:00:00+00:00;ETCBEAR/USD;0,00000040;0,00000051;0,00000040;0,00000049;18,37
2021-07-07T00:00:00+00:00;ETCBEAR/USD;0,00000038;0,00000040;0,00000036;0,00000040;5,0
2021-07-06T00:00:00+00:00;ETCBEAR/USD;0,00000039;0,00000039;0,00000033;0,00000038;-2,63
2021-07-05T00:00:00+00:00;ETCBEAR/USD;0,00000034;0,00000040;0,00000034;0,00000039;12,82
2021-07-04T00:00:00+00:00;ETCBEAR/USD;0,00000034;0,00000035;0,00000030;0,00000034;0,0
2021-07-03T00:00:00+00:00;ETCBEAR/USD;0,00000042;0,00000044;0,00000031;0,00000034;-23,53
2021-07-02T00:00:00+00:00;ETCBEAR/USD;0,00000041;0,00000048;0,00000038;0,00000042;2,38
2021-07-01T00:00:00+00:00;ETCBEAR/USD;0,00000034;0,00000044;0,00000032;0,00000041;17,07
2021-06-30T00:00:00+00:00;ETCBEAR/USD;0,00000039;0,00000044;0,00000028;0,00000034;-14,71
2021-06-29T00:00:00+00:00;ETCBEAR/USD;0,00000099;0,00000100;0,00000035;0,00000039;-153,85
2021-06-28T00:00:00+00:00;ETCBEAR/USD;0,00000109;0,00000114;0,00000091;0,00000099;-10,1
2021-06-27T00:00:00+00:00;ETCBEAR/USD;0,00000125;0,00000133;0,00000107;0,00000109;-14,68
2021-06-26T00:00:00+00:00;ETCBEAR/USD;0,00000133;0,00000148;0,00000122;0,00000125;-6,4
2021-06-25T00:00:00+00:00;ETCBEAR/USD;0,00000108;0,00000137;0,00000093;0,00000133;18,8
2021-06-24T00:00:00+00:00;ETCBEAR/USD;0,00000133;0,00000145;0,00000108;0,00000108;-23,15
2021-06-23T00:00:00+00:00;ETCBEAR/USD;0,00000191;0,00000217;0,00000120;0,00000133;-43,61
2021-06-22T00:00:00+00:00;ETCBEAR/USD;0,00000184;0,00000230;0,00000137;0,00000191;3,66
2021-06-21T00:00:00+00:00;ETCBEAR/USD;0,00000105;0,00000185;0,00000105;0,00000184;42,93
2021-06-20T00:00:00+00:00;ETCBEAR/USD;0,00000107;0,00000131;0,00000105;0,00000105;-1,9
2021-06-19T00:00:00+00:00;ETCBEAR/USD;0,00000099;0,00000107;0,00000096;0,00000107;7,48
2021-06-18T00:00:00+00:00;ETCBEAR/USD;0,00000086;0,00000107;0,00000086;0,00000099;13,13
2021-06-17T00:00:00+00:00;ETCBEAR/USD;0,00000085;0,00000090;0,00000079;0,00000086;1,16
2021-06-16T00:00:00+00:00;ETCBEAR/USD;0,00000076;0,00000087;0,00000075;0,00000085;10,59
2021-06-15T00:00:00+00:00;ETCBEAR/USD;0,00000073;0,00000077;0,00000069;0,00000076;3,95
2021-06-14T00:00:00+00:00;ETCBEAR/USD;0,00000074;0,00000079;0,00000069;0,00000073;-1,37
2021-06-13T00:00:00+00:00;ETCBEAR/USD;0,00000091;0,00000098;0,00000068;0,00000074;-22,97
2021-06-12T00:00:00+00:00;ETCBEAR/USD;0,00000086;0,00000111;0,00000086;0,00000091;5,49
2021-06-11T00:00:00+00:00;ETCBEAR/USD;0,00000080;0,00000088;0,00000071;0,00000086;6,98
2021-06-10T00:00:00+00:00;ETCBEAR/USD;0,00000070;0,00000082;0,00000063;0,00000080;12,5
2021-06-09T00:00:00+00:00;ETCBEAR/USD;0,00000092;0,00000108;0,00000069;0,00000070;-31,43
2021-06-08T00:00:00+00:00;ETCBEAR/USD;0,00000087;0,00000124;0,00000085;0,00000092;5,43
2021-06-07T00:00:00+00:00;ETCBEAR/USD;0,00000068;0,00000089;0,00000067;0,00000087;21,84
2021-06-06T00:00:00+00:00;ETCBEAR/USD;0,00000074;0,00000075;0,00000066;0,00000068;-8,82
2021-06-05T00:00:00+00:00;ETCBEAR/USD;0,00000068;0,00000076;0,00000060;0,00000074;8,11
2021-06-04T00:00:00+00:00;ETCBEAR/USD;0,00000056;0,00000075;0,00000056;0,00000068;17,65
2021-06-03T00:00:00+00:00;ETCBEAR/USD;0,00000061;0,00000063;0,00000050;0,00000056;-8,93
2021-06-02T00:00:00+00:00;ETCBEAR/USD;0,00000060;0,00000066;0,00000056;0,00000061;1,64
2021-06-01T00:00:00+00:00;ETCBEAR/USD;0,00000058;0,00000066;0,00000054;0,00000060;3,33
2021-05-31T00:00:00+00:00;ETCBEAR/USD;0,00000068;0,00000084;0,00000057;0,00000058;-17,24
2021-05-30T00:00:00+00:00;ETCBEAR/USD;0,00000084;0,00000095;0,00000066;0,00000068;-23,53
2021-05-29T00:00:00+00:00;ETCBEAR/USD;0,00000070;0,00000089;0,00000062;0,00000084;16,67
2021-05-28T00:00:00+00:00;ETCBEAR/USD;0,00000063;0,00000080;0,00000050;0,00000070;10,0
2021-05-27T00:00:00+00:00;ETCBEAR/USD;0,00000051;0,00000068;0,00000051;0,00000063;19,05
2021-05-26T00:00:00+00:00;ETCBEAR/USD;0,00000060;0,00000065;0,00000046;0,00000051;-17,65
2021-05-25T00:00:00+00:00;ETCBEAR/USD;0,00000078;0,00000080;0,00000049;0,00000060;-30,0
2021-05-24T00:00:00+00:00;ETCBEAR/USD;0,00000242;0,00000299;0,00000068;0,00000078;-210,26
2021-05-23T00:00:00+00:00;ETCBEAR/USD;0,00000203;0,00000338;0,00000166;0,00000242;16,12
2021-05-22T00:00:00+00:00;ETCBEAR/USD;0,00000180;0,00000242;0,00000161;0,00000203;11,33
2021-05-21T00:00:00+00:00;ETCBEAR/USD;0,00000120;0,00000225;0,00000111;0,00000180;33,33
2021-05-20T00:00:00+00:00;ETCBEAR/USD;0,00000280;0,00000329;0,00000105;0,00000120;-133,33
2021-05-19T00:00:00+00:00;ETCBEAR/USD;0,00000137;0,00000350;0,00000128;0,00000280;51,07
2021-05-18T00:00:00+00:00;ETCBEAR/USD;0,00000144;0,00000144;0,00000106;0,00000137;-5,11
2021-05-17T00:00:00+00:00;ETCBEAR/USD;0,00000129;0,00000169;0,00000121;0,00000144;10,42
2021-05-16T00:00:00+00:00;ETCBEAR/USD;0,00000124;0,00000158;0,00000094;0,00000129;3,88
2021-05-15T00:00:00+00:00;ETCBEAR/USD;0,00000111;0,00000130;0,00000084;0,00000124;10,48
2021-05-14T00:00:00+00:00;ETCBEAR/USD;0,00000217;0,00000225;0,00000100;0,00000111;-95,5
2021-05-13T00:00:00+00:00;ETCBEAR/USD;0,00000280;0,00000310;0,00000149;0,00000217;-29,03
2021-05-12T00:00:00+00:00;ETCBEAR/USD;0,00000162;0,00000291;0,00000143;0,00000280;42,14
2021-05-11T00:00:00+00:00;ETCBEAR/USD;0,00000194;0,00000242;0,00000138;0,00000162;-19,75
2021-05-10T00:00:00+00:00;ETCBEAR/USD;0,00000169;0,00000268;0,00000119;0,00000194;12,89
2021-05-09T00:00:00+00:00;ETCBEAR/USD;0,00000139;0,00000182;0,00000130;0,00000169;17,75
2021-05-08T00:00:00+00:00;ETCBEAR/USD;0,00000175;0,00000213;0,00000108;0,00000139;-25,9
2021-05-07T00:00:00+00:00;ETCBEAR/USD;0,00000147;0,00000197;0,00000114;0,00000175;16,0
2021-05-06T00:00:00+00:00;ETCBEAR/USD;0,00000721;0,00000913;0,00000089;0,00000147;-390,48
2021-05-05T00:00:00+00:00;ETCBEAR/USD;0,00002311;0,00002426;0,00000630;0,00000721;-220,53
2021-05-04T00:00:00+00:00;ETCBEAR/USD;0,00005934;0,00006795;0,00001980;0,00002311;-156,77
2021-05-03T00:00:00+00:00;ETCBEAR/USD;0,00009827;0,00009827;0,00005499;0,00005934;-65,6
2021-05-02T00:00:00+00:00;ETCBEAR/USD;0,00009493;0,00011682;0,00007708;0,00009827;3,4
2021-05-01T00:00:00+00:00;ETCBEAR/USD;0,00022405;0,00022405;0,00008754;0,00009493;-136,02
2021-04-30T00:00:00+00:00;ETCBEAR/USD;0,00025840;0,00025840;0,00021895;0,00022405;-15,33
2021-04-29T00:00:00+00:00;ETCBEAR/USD;0,00023100;0,00027920;0,00020720;0,00025840;10,6
2021-04-28T00:00:00+00:00;ETCBEAR/USD;0,00030080;0,00031175;0,00019745;0,00023100;-30,22
2021-04-27T00:00:00+00:00;ETCBEAR/USD;0,00033190;0,00033470;0,00022910;0,00030080;-10,34
2021-04-26T00:00:00+00:00;ETCBEAR/USD;0,00041850;0,00041850;0,00025460;0,00033190;-26,09
2021-04-25T00:00:00+00:00;ETCBEAR/USD;0,00044800;0,00050000;0,00037590;0,00041850;-7,05
2021-04-24T00:00:00+00:00;ETCBEAR/USD;0,00035250;0,00046470;0,00034690;0,00044800;21,32
2021-04-23T00:00:00+00:00;ETCBEAR/USD;0,00028150;0,00054460;0,00028120;0,00035250;20,14
2021-04-22T00:00:00+00:00;ETCBEAR/USD;0,00042080;0,00045000;0,00022010;0,00028150;-49,48
2021-04-21T00:00:00+00:00;ETCBEAR/USD;0,00043510;0,00044480;0,00035000;0,00042080;-3,4
2021-04-20T00:00:00+00:00;ETCBEAR/USD;0,00039220;0,00055000;0,00029970;0,00043510;9,86
2021-04-19T00:00:00+00:00;ETCBEAR/USD;0,00032900;0,00048410;0,00026600;0,00039220;16,11
2021-04-18T00:00:00+00:00;ETCBEAR/USD;0,00029380;0,00047150;0,00022910;0,00032900;10,7
2021-04-17T00:00:00+00:00;ETCBEAR/USD;0,00047650;0,00047930;0,00017135;0,00029380;-62,19
2021-04-16T00:00:00+00:00;ETCBEAR/USD;0,00148850;0,00152050;0,00032510;0,00047650;-212,38
2021-04-15T00:00:00+00:00;ETCBEAR/USD;0,00412200;0,00425300;0,00128750;0,00148850;-176,92
2021-04-14T00:00:00+00:00;ETCBEAR/USD;0,00465600;0,00465600;0,00373200;0,00412200;-12,95
2021-04-13T00:00:00+00:00;ETCBEAR/USD;0,00603200;0,00641250;0,00348000;0,00465600;-29,55
2021-04-12T00:00:00+00:00;ETCBEAR/USD;0,00568200;0,00681700;0,00489200;0,00603200;5,8
2021-04-11T00:00:00+00:00;ETCBEAR/USD;0,00534200;0,00593100;0,00474000;0,00568200;5,98
2021-04-10T00:00:00+00:00;ETCBEAR/USD;0,00675250;0,00675250;0,00485000;0,00534200;-26,4
2021-04-09T00:00:00+00:00;ETCBEAR/USD;0,00649750;0,00700000;0,00475000;0,00675250;3,78
2021-04-08T00:00:00+00:00;ETCBEAR/USD;0,00674750;0,00799750;0,00632500;0,00649750;-3,85
2021-04-07T00:00:00+00:00;ETCBEAR/USD;0,00942000;0,00951750;0,00530250;0,00674750;-39,61
2021-04-06T00:00:00+00:00;ETCBEAR/USD;0,01270000;0,01320000;0,00849250;0,00942000;-34,82
2021-04-05T00:00:00+00:00;ETCBEAR/USD;0,01873000;0,01873000;0,01270000;0,01270000;-47,48
2021-04-04T00:00:00+00:00;ETCBEAR/USD;0,02298000;0,02315500;0,01862000;0,01873000;-22,69
2021-04-03T00:00:00+00:00;ETCBEAR/USD;0,01750000;0,02315500;0,01745000;0,02298000;23,85
2021-04-02T00:00:00+00:00;ETCBEAR/USD;0,02004500;0,02004500;0,01550000;0,01750000;-14,54
2021-04-01T00:00:00+00:00;ETCBEAR/USD;0,02313000;0,02313000;0,02000000;0,02004500;-15,39
2021-03-31T00:00:00+00:00;ETCBEAR/USD;0,02950000;0,03269000;0,02075000;0,02313000;-27,54
2021-03-30T00:00:00+00:00;ETCBEAR/USD;0,03159000;0,03383000;0,02423000;0,02950000;-7,08
2021-03-29T00:00:00+00:00;ETCBEAR/USD;0,03782000;0,03782000;0,03148000;0,03159000;-19,72
2021-03-28T00:00:00+00:00;ETCBEAR/USD;0,03827000;0,03888000;0,03394000;0,03782000;-1,19
2021-03-27T00:00:00+00:00;ETCBEAR/USD;0,03477000;0,04133000;0,03041000;0,03827000;9,15
2021-03-26T00:00:00+00:00;ETCBEAR/USD;0,04469000;0,04591000;0,03128000;0,03477000;-28,53
2021-03-25T00:00:00+00:00;ETCBEAR/USD;0,03797000;0,05326000;0,03797000;0,04469000;15,04
2021-03-24T00:00:00+00:00;ETCBEAR/USD;0,03489000;0,03988000;0,03004000;0,03797000;8,11
2021-03-23T00:00:00+00:00;ETCBEAR/USD;0,03728000;0,03728000;0,03489000;0,03489000;-6,85
2021-03-22T00:00:00+00:00;ETCBEAR/USD;0,03489000;0,03773000;0,03397000;0,03728000;6,41
2021-03-21T00:00:00+00:00;ETCBEAR/USD;0,03128000;0,03612000;0,03128000;0,03489000;10,35
2021-03-20T00:00:00+00:00;ETCBEAR/USD;0,03390000;0,03488000;0,02847000;0,03128000;-8,38
2021-03-19T00:00:00+00:00;ETCBEAR/USD;0,03489000;0,03611000;0,03367000;0,03390000;-2,92
2021-03-18T00:00:00+00:00;ETCBEAR/USD;0,03549000;0,03673000;0,03428000;0,03489000;-1,72
2021-03-17T00:00:00+00:00;ETCBEAR/USD;0,03725000;0,03734000;0,03367000;0,03549000;-4,96
2021-03-16T00:00:00+00:00;ETCBEAR/USD;0,03553000;0,03857000;0,03183000;0,03725000;4,62
2021-03-15T00:00:00+00:00;ETCBEAR/USD;0,02795000;0,04223000;0,02500000;0,03553000;21,33
2021-03-14T00:00:00+00:00;ETCBEAR/USD;0,02770000;0,03060000;0,02600000;0,02817000;1,67
2021-03-13T00:00:00+00:00;ETCBEAR/USD;0,04731000;0,05051000;0,02001000;0,02770000;-70,79
2021-03-12T00:00:00+00:00;ETCBEAR/USD;0,04086000;0,05296000;0,03620000;0,04731000;13,63
2021-03-11T00:00:00+00:00;ETCBEAR/USD;0,04582000;0,04582000;0,04086000;0,04086000;-12,14
2021-03-10T00:00:00+00:00;ETCBEAR/USD;0,04208000;0,04582000;0,03950000;0,04582000;8,16
2021-03-09T00:00:00+00:00;ETCBEAR/USD;0,05194000;0,05465000;0,03597000;0,04208000;-23,43
2021-03-08T00:00:00+00:00;ETCBEAR/USD;0,04925000;0,06367000;0,04587000;0,05194000;5,18
2021-03-07T00:00:00+00:00;ETCBEAR/USD;0,06045000;0,06045000;0,04457500;0,04925000;-22,74
2021-03-06T00:00:00+00:00;ETCBEAR/USD;0,06160000;0,06160000;0,05885000;0,06045000;-1,9
2021-03-05T00:00:00+00:00;ETCBEAR/USD;0,06252500;0,06775000;0,06160000;0,06160000;-1,5
2021-03-04T00:00:00+00:00;ETCBEAR/USD;0,05050000;0,06477000;0,05050000;0,06252500;19,23
2021-03-03T00:00:00+00:00;ETCBEAR/USD;0,05880000;0,05880000;0,05048000;0,05050000;-16,44
2021-03-02T00:00:00+00:00;ETCBEAR/USD;0,05830000;0,05920000;0,05267500;0,05880000;0,85
2021-03-01T00:00:00+00:00;ETCBEAR/USD;0,06777500;0,06862500;0,05267500;0,05830000;-16,25
2021-02-28T00:00:00+00:00;ETCBEAR/USD;0,06752500;0,08597500;0,06090000;0,06777500;0,37
2021-02-27T00:00:00+00:00;ETCBEAR/USD;0,06652500;0,07010000;0,06087500;0,06752500;1,48
2021-02-26T00:00:00+00:00;ETCBEAR/USD;0,05787500;0,08000000;0,05490000;0,06652500;13,0
2021-02-25T00:00:00+00:00;ETCBEAR/USD;0,05245000;0,05857500;0,05245000;0,05787500;9,37
2021-02-24T00:00:00+00:00;ETCBEAR/USD;0,05932500;0,06354000;0,04382000;0,05245000;-13,11
2021-02-23T00:00:00+00:00;ETCBEAR/USD;0,04433000;0,07660000;0,04433000;0,05932500;25,28
2021-02-22T00:00:00+00:00;ETCBEAR/USD;0,02839000;0,04929000;0,02839000;0,04433000;35,96
2021-02-21T00:00:00+00:00;ETCBEAR/USD;0,03782000;0,03782000;0,02316000;0,02839000;-33,22
2021-02-20T00:00:00+00:00;ETCBEAR/USD;0,03735000;0,03782000;0,02530000;0,03782000;1,24
2021-02-19T00:00:00+00:00;ETCBEAR/USD;0,04041000;0,04041000;0,02566000;0,03735000;-8,19
2021-02-18T00:00:00+00:00;ETCBEAR/USD;0,03926000;0,04048000;0,03525000;0,04041000;2,85
2021-02-17T00:00:00+00:00;ETCBEAR/USD;0,04253000;0,04639000;0,03547000;0,03926000;-8,33
2021-02-16T00:00:00+00:00;ETCBEAR/USD;0,04153000;0,04502000;0,03477000;0,04253000;2,35
2021-02-15T00:00:00+00:00;ETCBEAR/USD;0,03345000;0,04443000;0,03033000;0,04153000;19,46
2021-02-14T00:00:00+00:00;ETCBEAR/USD;0,03000000;0,03462000;0,02282500;0,03345000;10,31
2021-02-13T00:00:00+00:00;ETCBEAR/USD;0,10702500;0,10702500;0,02625000;0,03000000;-256,75
2021-02-12T00:00:00+00:00;ETCBEAR/USD;0,11625000;0,11700000;0,09000000;0,10702500;-8,62
2021-02-11T00:00:00+00:00;ETCBEAR/USD;0,17030000;0,17030000;0,11625000;0,11625000;-46,49
2021-02-10T00:00:00+00:00;ETCBEAR/USD;0,23395000;0,23395000;0,12825000;0,17030000;-37,38
2021-02-09T00:00:00+00:00;ETCBEAR/USD;0,34350000;0,35580000;0,21525000;0,23395000;-46,83
2021-02-08T00:00:00+00:00;ETCBEAR/USD;0,38450000;0,38450000;0,33580000;0,34350000;-11,94
2021-02-07T00:00:00+00:00;ETCBEAR/USD;0,31630000;0,38450000;0,31630000;0,38450000;17,74
2021-02-06T00:00:00+00:00;ETCBEAR/USD;0,29780000;0,37280000;0,29480000;0,31630000;5,85
2021-02-05T00:00:00+00:00;ETCBEAR/USD;0,47840000;0,47840000;0,29780000;0,29780000;-60,64
2021-02-04T00:00:00+00:00;ETCBEAR/USD;0,47840000;0,47840000;0,44900000;0,47840000;0,0
2021-02-03T00:00:00+00:00;ETCBEAR/USD;0,48370000;0,49300000;0,46720000;0,47840000;-1,11
2021-02-02T00:00:00+00:00;ETCBEAR/USD;0,54700000;0,56250000;0,48150000;0,48370000;-13,09
2021-02-01T00:00:00+00:00;ETCBEAR/USD;0,49420000;0,56250000;0,49420000;0,54730000;9,7
2021-01-31T00:00:00+00:00;ETCBEAR/USD;0,47370000;0,49420000;0,47350000;0,49420000;4,15
2021-01-30T00:00:00+00:00;ETCBEAR/USD;0,47370000;0,47370000;0,47350000;0,47370000;0,0
2021-01-29T00:00:00+00:00;ETCBEAR/USD;0,49800000;0,49800000;0,43550000;0,47370000;-5,13
2021-01-28T00:00:00+00:00;ETCBEAR/USD;0,77750000;0,77750000;0,42600000;0,49800000;-56,12
2021-01-27T00:00:00+00:00;ETCBEAR/USD;0,62600000;0,82525000;0,57925000;0,77750000;19,49
2021-01-26T00:00:00+00:00;ETCBEAR/USD;0,56800000;0,62600000;0,56225000;0,62600000;9,27
2021-01-25T00:00:00+00:00;ETCBEAR/USD;0,57950000;0,57950000;0,43750000;0,56800000;-2,02
2021-01-24T00:00:00+00:00;ETCBEAR/USD;0,66125000;0,66125000;0,57950000;0,57950000;-14,11
2021-01-23T00:00:00+00:00;ETCBEAR/USD;0,66075000;0,66275000;0,64325000;0,66125000;0,08
2021-01-22T00:00:00+00:00;ETCBEAR/USD;0,64650000;0,73050000;0,64650000;0,66075000;2,16
2021-01-21T00:00:00+00:00;ETCBEAR/USD;0,59875000;0,64650000;0,53750000;0,64650000;7,39
2021-01-20T00:00:00+00:00;ETCBEAR/USD;0,49570000;0,69325000;0,46475000;0,59875000;17,21
2021-01-19T00:00:00+00:00;ETCBEAR/USD;0,57825000;0,57975000;0,44960000;0,49570000;-16,65
2021-01-18T00:00:00+00:00;ETCBEAR/USD;0,62825000;0,62825000;0,57825000;0,57825000;-8,65
2021-01-17T00:00:00+00:00;ETCBEAR/USD;0,60800000;0,62825000;0,60500000;0,62825000;3,22
2021-01-16T00:00:00+00:00;ETCBEAR/USD;0,61750000;0,63725000;0,58975000;0,60800000;-1,56
2021-01-15T00:00:00+00:00;ETCBEAR/USD;0,59950000;0,65450000;0,59950000;0,61750000;2,91
2021-01-14T00:00:00+00:00;ETCBEAR/USD;0,60050000;0,70000000;0,59950000;0,59950000;-0,17
2021-01-13T00:00:00+00:00;ETCBEAR/USD;0,75450000;0,78850000;0,59975000;0,60050000;-25,65
2021-01-12T00:00:00+00:00;ETCBEAR/USD;0,81050000;0,81050000;0,69250000;0,75450000;-7,42
2021-01-11T00:00:00+00:00;ETCBEAR/USD;0,50680000;0,81075000;0,50680000;0,81050000;37,47
2021-01-10T00:00:00+00:00;ETCBEAR/USD;0,82975000;0,82975000;0,44010000;0,50680000;-63,72
2021-01-09T00:00:00+00:00;ETCBEAR/USD;1,13300000;1,13600000;0,81525000;0,82975000;-36,55
2021-01-08T00:00:00+00:00;ETCBEAR/USD;1,00000000;1,13300000;1,00000000;1,13300000;11,74
2021-01-07T00:00:00+00:00;ETCBEAR/USD;1,05525000;1,13850000;0,99525000;1,00000000;-5,53
2021-01-06T00:00:00+00:00;ETCBEAR/USD;1,26650000;1,34500000;0,98600000;1,05525000;-20,02
2021-01-05T00:00:00+00:00;ETCBEAR/USD;1,24900000;1,34500000;1,21100000;1,26650000;1,38
2021-01-04T00:00:00+00:00;ETCBEAR/USD;1,85800000;1,87800000;1,07150000;1,24900000;-48,76
2021-01-03T00:00:00+00:00;ETCBEAR/USD;2,30700000;2,32350000;1,75800000;1,85800000;-24,17
2021-01-02T00:00:00+00:00;ETCBEAR/USD;2,53800000;2,53800000;2,14800000;2,30700000;-10,01
2021-01-01T00:00:00+00:00;ETCBEAR/USD;2,57000000;2,57000000;2,49900000;2,53800000;-1,26
2020-12-31T00:00:00+00:00;ETCBEAR/USD;2,57000000;2,57000000;2,57000000;2,57000000;0,0
2020-12-30T00:00:00+00:00;ETCBEAR/USD;2,57000000;2,57000000;2,57000000;2,57000000;0,0
2020-12-29T00:00:00+00:00;ETCBEAR/USD;2,19650000;3,02800000;2,00100000;2,57000000;14,53
2020-12-28T00:00:00+00:00;ETCBEAR/USD;2,75100000;3,06100000;1,99500000;2,19650000;-25,24
2020-12-27T00:00:00+00:00;ETCBEAR/USD;2,71600000;3,06100000;2,36500000;2,75100000;1,27
2020-12-26T00:00:00+00:00;ETCBEAR/USD;2,67900000;3,06100000;2,56800000;2,71600000;1,36
2020-12-25T00:00:00+00:00;ETCBEAR/USD;2,99900000;3,06100000;2,53000000;2,67900000;-11,94
2020-12-24T00:00:00+00:00;ETCBEAR/USD;3,21600000;3,33600000;2,93900000;2,99900000;-7,24
2020-12-23T00:00:00+00:00;ETCBEAR/USD;2,71700000;3,83000000;2,69700000;3,21600000;15,52
2020-12-22T00:00:00+00:00;ETCBEAR/USD;2,23500000;3,06100000;2,02700000;2,71700000;17,74
2020-12-21T00:00:00+00:00;ETCBEAR/USD;2,25900000;2,27950000;1,80550000;2,23500000;-1,07
2020-12-20T00:00:00+00:00;ETCBEAR/USD;2,74300000;2,86600000;2,22050000;2,25900000;-21,43
2020-12-19T00:00:00+00:00;ETCBEAR/USD;2,78300000;2,86600000;2,60000000;2,74300000;-1,46
2020-12-18T00:00:00+00:00;ETCBEAR/USD;2,76300000;2,86600000;2,52700000;2,78300000;0,72
2020-12-17T00:00:00+00:00;ETCBEAR/USD;2,21100000;2,77100000;2,21100000;2,76300000;19,98
2020-12-16T00:00:00+00:00;ETCBEAR/USD;3,30800000;3,30800000;2,21100000;2,21100000;-49,62
2020-12-15T00:00:00+00:00;ETCBEAR/USD;2,85800000;3,30800000;2,85800000;3,30800000;13,6
2020-12-14T00:00:00+00:00;ETCBEAR/USD;2,85800000;2,85800000;2,85800000;2,85800000;0,0
2020-12-13T00:00:00+00:00;ETCBEAR/USD;2,85800000;2,88400000;2,85800000;2,85800000;0,0
2020-12-12T00:00:00+00:00;ETCBEAR/USD;3,06600000;3,08400000;2,85800000;2,85800000;-7,28
2020-12-11T00:00:00+00:00;ETCBEAR/USD;2,99400000;3,20500000;2,85800000;3,06600000;2,35
2020-12-10T00:00:00+00:00;ETCBEAR/USD;3,21100000;3,21100000;2,99400000;2,99400000;-7,25
2020-12-09T00:00:00+00:00;ETCBEAR/USD;3,63600000;3,63600000;2,52600000;3,21100000;-13,24
2020-12-08T00:00:00+00:00;ETCBEAR/USD;3,27000000;3,63600000;3,27000000;3,63600000;10,07
2020-12-07T00:00:00+00:00;ETCBEAR/USD;2,64700000;3,29200000;2,60300000;3,27000000;19,05
2020-12-06T00:00:00+00:00;ETCBEAR/USD;2,60300000;2,83300000;2,60300000;2,64700000;1,66
2020-12-05T00:00:00+00:00;ETCBEAR/USD;3,01700000;3,02800000;2,60300000;2,60300000;-15,9
2020-12-04T00:00:00+00:00;ETCBEAR/USD;2,78400000;3,09900000;2,78400000;3,01700000;7,72
2020-12-03T00:00:00+00:00;ETCBEAR/USD;3,33600000;3,54500000;2,76600000;2,78400000;-19,83
2020-12-02T00:00:00+00:00;ETCBEAR/USD;3,54500000;3,54500000;3,17800000;3,33600000;-6,26
2020-12-01T00:00:00+00:00;ETCBEAR/USD;2,81600000;4,29800000;2,51200000;3,54500000;20,56
2020-11-30T00:00:00+00:00;ETCBEAR/USD;3,30800000;3,66300000;2,71300000;2,81600000;-17,47
2020-11-29T00:00:00+00:00;ETCBEAR/USD;3,54100000;4,03600000;3,24900000;3,30800000;-7,04
2020-11-28T00:00:00+00:00;ETCBEAR/USD;3,83900000;4,48600000;3,26200000;3,54100000;-8,42
2020-11-27T00:00:00+00:00;ETCBEAR/USD;4,07500000;4,48600000;3,38100000;3,83900000;-6,15
2020-11-26T00:00:00+00:00;ETCBEAR/USD;2,36300000;4,48600000;2,23400000;4,07600000;42,03
2020-11-25T00:00:00+00:00;ETCBEAR/USD;2,71800000;2,92700000;1,71600000;2,36300000;-15,02
2020-11-24T00:00:00+00:00;ETCBEAR/USD;3,79400000;4,20900000;2,38800000;2,71800000;-39,59
2020-11-23T00:00:00+00:00;ETCBEAR/USD;4,04900000;4,23900000;3,33000000;3,79400000;-6,72
2020-11-22T00:00:00+00:00;ETCBEAR/USD;3,30100000;5,10700000;3,30000000;4,04900000;18,47
2020-11-21T00:00:00+00:00;ETCBEAR/USD;5,24750000;5,25000000;3,04900000;3,30100000;-58,97
2020-11-20T00:00:00+00:00;ETCBEAR/USD;4,83000000;5,25000000;4,57750000;5,24750000;7,96
2020-11-19T00:00:00+00:00;ETCBEAR/USD;5,47000000;5,67200000;4,60000000;4,83000000;-13,25
2020-11-18T00:00:00+00:00;ETCBEAR/USD;6,37000000;6,44750000;4,62500000;5,47000000;-16,45
2020-11-17T00:00:00+00:00;ETCBEAR/USD;8,15500000;8,55500000;5,78750000;6,37000000;-28,02
2020-11-16T00:00:00+00:00;ETCBEAR/USD;10,29250000;10,29250000;7,85500000;8,15500000;-26,21
2020-11-15T00:00:00+00:00;ETCBEAR/USD;10,29250000;10,29250000;10,25000000;10,29250000;0,0
2020-11-14T00:00:00+00:00;ETCBEAR/USD;10,07250000;10,29250000;9,83250000;10,29250000;2,14
2020-11-13T00:00:00+00:00;ETCBEAR/USD;8,69250000;10,29250000;8,29750000;10,07250000;13,7
2020-11-12T00:00:00+00:00;ETCBEAR/USD;8,44000000;8,96000000;8,29750000;8,69250000;2,9
2020-11-11T00:00:00+00:00;ETCBEAR/USD;9,20000000;9,20000000;8,29750000;8,44000000;-9,0
2020-11-10T00:00:00+00:00;ETCBEAR/USD;9,20000000;9,20000000;9,20000000;9,20000000;0,0
2020-11-09T00:00:00+00:00;ETCBEAR/USD;9,96000000;10,29250000;9,20000000;9,20000000;-8,26
2020-11-08T00:00:00+00:00;ETCBEAR/USD;10,29250000;10,29250000;9,61750000;9,96000000;-3,34
2020-11-07T00:00:00+00:00;ETCBEAR/USD;7,63250000;10,29250000;7,47250000;10,29250000;25,84
2020-11-06T00:00:00+00:00;ETCBEAR/USD;9,69000000;10,64250000;7,47250000;7,63250000;-26,96
2020-11-05T00:00:00+00:00;ETCBEAR/USD;10,69500000;12,45000000;9,69000000;9,69000000;-10,37
2020-11-04T00:00:00+00:00;ETCBEAR/USD;12,78500000;13,15500000;10,57500000;10,69500000;-19,54
2020-11-03T00:00:00+00:00;ETCBEAR/USD;10,08000000;13,47000000;9,71500000;12,78500000;21,16
2020-11-02T00:00:00+00:00;ETCBEAR/USD;9,02250000;10,37000000;9,02250000;10,08000000;10,49
2020-11-01T00:00:00+00:00;ETCBEAR/USD;9,02250000;9,20500000;9,02250000;9,02250000;0,0
2020-10-31T00:00:00+00:00;ETCBEAR/USD;9,02250000;9,02250000;9,02250000;9,02250000;0,0
2020-10-30T00:00:00+00:00;ETCBEAR/USD;8,07750000;9,15500000;7,88250000;9,02250000;10,47
2020-10-29T00:00:00+00:00;ETCBEAR/USD;8,28250000;8,59750000;7,88250000;8,07750000;-2,54
2020-10-28T00:00:00+00:00;ETCBEAR/USD;9,14000000;10,58000000;7,85250000;8,28250000;-10,35
2020-10-27T00:00:00+00:00;ETCBEAR/USD;8,50000000;9,14000000;8,50000000;9,14000000;7,0
2020-10-26T00:00:00+00:00;ETCBEAR/USD;8,08750000;8,50000000;8,08750000;8,50000000;4,85
2020-10-25T00:00:00+00:00;ETCBEAR/USD;8,08750000;8,08750000;8,08750000;8,08750000;0,0
2020-10-24T00:00:00+00:00;ETCBEAR/USD;8,08750000;8,08750000;8,08750000;8,08750000;0,0
2020-10-23T00:00:00+00:00;ETCBEAR/USD;8,08750000;8,08750000;8,08750000;8,08750000;0,0
2020-10-22T00:00:00+00:00;ETCBEAR/USD;8,09250000;8,09500000;8,08750000;8,08750000;-0,06
2020-10-21T00:00:00+00:00;ETCBEAR/USD;10,65000000;10,65000000;8,08750000;8,09250000;-31,6
2020-10-20T00:00:00+00:00;ETCBEAR/USD;10,65250000;11,37750000;10,65000000;10,65000000;-0,02
2020-10-19T00:00:00+00:00;ETCBEAR/USD;10,65250000;10,65250000;10,62000000;10,65250000;0,0
2020-10-18T00:00:00+00:00;ETCBEAR/USD;9,80250000;10,65250000;9,80250000;10,65250000;7,98
2020-10-17T00:00:00+00:00;ETCBEAR/USD;9,80250000;9,80250000;9,80250000;9,80250000;0,0
2020-10-16T00:00:00+00:00;ETCBEAR/USD;9,80250000;9,80250000;9,80250000;9,80250000;0,0
2020-10-15T00:00:00+00:00;ETCBEAR/USD;9,80250000;9,80250000;9,80250000;9,80250000;0,0
2020-10-14T00:00:00+00:00;ETCBEAR/USD;8,32000000;10,73000000;8,15000000;9,80250000;15,12
2020-10-13T00:00:00+00:00;ETCBEAR/USD;8,33000000;8,68500000;8,15000000;8,32000000;-0,12
2020-10-12T00:00:00+00:00;ETCBEAR/USD;9,21000000;9,21000000;7,97500000;8,33000000;-10,56
2020-10-11T00:00:00+00:00;ETCBEAR/USD;9,21000000;9,21000000;9,21000000;9,21000000;0,0
2020-10-10T00:00:00+00:00;ETCBEAR/USD;9,21000000;9,21250000;9,21000000;9,21000000;0,0
2020-10-09T00:00:00+00:00;ETCBEAR/USD;9,21000000;9,39750000;9,21000000;9,21000000;0,0
2020-10-08T00:00:00+00:00;ETCBEAR/USD;10,69250000;10,69250000;9,13000000;9,21000000;-16,1
2020-10-07T00:00:00+00:00;ETCBEAR/USD;10,69250000;10,69250000;10,69250000;10,69250000;0,0
2020-10-06T00:00:00+00:00;ETCBEAR/USD;11,10000000;11,10000000;10,09000000;10,69250000;-3,81
2020-10-05T00:00:00+00:00;ETCBEAR/USD;11,30000000;11,30000000;11,10000000;11,10000000;-1,8
2020-10-04T00:00:00+00:00;ETCBEAR/USD;10,04500000;11,30000000;10,04500000;11,30000000;11,11
2020-10-03T00:00:00+00:00;ETCBEAR/USD;9,93000000;10,13500000;9,93000000;10,04500000;1,14
2020-10-02T00:00:00+00:00;ETCBEAR/USD;11,44000000;11,44000000;9,93000000;9,93000000;-15,21
2020-10-01T00:00:00+00:00;ETCBEAR/USD;11,35750000;11,44000000;10,79000000;11,44000000;0,72
2020-09-30T00:00:00+00:00;ETCBEAR/USD;11,24500000;11,35750000;11,13250000;11,35750000;0,99
2020-09-29T00:00:00+00:00;ETCBEAR/USD;11,13250000;11,35750000;11,06500000;11,24500000;1,0
2020-09-28T00:00:00+00:00;ETCBEAR/USD;10,91750000;11,13250000;10,56250000;11,13250000;1,93
2020-09-27T00:00:00+00:00;ETCBEAR/USD;9,35500000;10,91750000;9,11000000;10,91750000;14,31
2020-09-26T00:00:00+00:00;ETCBEAR/USD;11,21000000;11,50000000;9,11000000;9,35500000;-19,83
2020-09-25T00:00:00+00:00;ETCBEAR/USD;11,82500000;11,82500000;11,21000000;11,21000000;-5,49
2020-09-24T00:00:00+00:00;ETCBEAR/USD;11,82500000;11,82500000;11,82500000;11,82500000;0,0
2020-09-23T00:00:00+00:00;ETCBEAR/USD;11,82500000;11,82500000;11,82500000;11,82500000;0,0
2020-09-22T00:00:00+00:00;ETCBEAR/USD;11,82500000;11,82500000;11,82500000;11,82500000;0,0
2020-09-21T00:00:00+00:00;ETCBEAR/USD;11,80000000;13,84000000;11,80000000;11,82500000;0,21
2020-09-20T00:00:00+00:00;ETCBEAR/USD;11,62000000;11,80000000;11,59000000;11,80000000;1,53
2020-09-19T00:00:00+00:00;ETCBEAR/USD;11,75000000;12,31000000;11,52500000;11,62000000;-1,12
2020-09-18T00:00:00+00:00;ETCBEAR/USD;12,31000000;12,31000000;11,67000000;11,75000000;-4,77
2020-09-17T00:00:00+00:00;ETCBEAR/USD;12,31000000;12,31000000;12,31000000;12,31000000;0,0
2020-09-16T00:00:00+00:00;ETCBEAR/USD;14,64500000;14,64500000;12,31000000;12,31000000;-18,97
2020-09-15T00:00:00+00:00;ETCBEAR/USD;19,82500000;20,63500000;14,64500000;14,64500000;-35,37
2020-09-14T00:00:00+00:00;ETCBEAR/USD;20,34000000;21,52000000;19,58000000;19,82500000;-2,6
2020-09-13T00:00:00+00:00;ETCBEAR/USD;21,44500000;21,47500000;16,47500000;20,34000000;-5,43
2020-09-12T00:00:00+00:00;ETCBEAR/USD;20,55000000;22,59500000;18,01000000;21,44500000;4,17
2020-09-11T00:00:00+00:00;ETCBEAR/USD;21,63000000;22,31000000;20,47500000;20,55000000;-5,26
2020-09-10T00:00:00+00:00;ETCBEAR/USD;23,48500000;23,48500000;21,44000000;21,63000000;-8,58
2020-09-09T00:00:00+00:00;ETCBEAR/USD;23,53000000;24,63500000;22,47000000;23,48500000;-0,19
2020-09-08T00:00:00+00:00;ETCBEAR/USD;23,00500000;25,27000000;22,27500000;23,53000000;2,23
2020-09-07T00:00:00+00:00;ETCBEAR/USD;20,84500000;25,72500000;20,58000000;23,00500000;9,39
2020-09-06T00:00:00+00:00;ETCBEAR/USD;25,99000000;26,79000000;20,31000000;20,84500000;-24,68
2020-09-05T00:00:00+00:00;ETCBEAR/USD;23,43500000;27,46500000;22,35000000;25,99000000;9,83
2020-09-04T00:00:00+00:00;ETCBEAR/USD;22,28000000;30,65000000;22,07500000;23,43500000;4,93
2020-09-03T00:00:00+00:00;ETCBEAR/USD;16,47000000;29,57500000;15,79000000;22,28000000;26,08
2020-09-02T00:00:00+00:00;ETCBEAR/USD;13,65000000;17,95500000;13,32000000;16,47000000;17,12
2020-09-01T00:00:00+00:00;ETCBEAR/USD;14,61500000;15,16500000;13,28500000;13,65000000;-7,07
2020-08-31T00:00:00+00:00;ETCBEAR/USD;13,97000000;14,82500000;13,49500000;14,61500000;4,41
2020-08-30T00:00:00+00:00;ETCBEAR/USD;15,15000000;15,56500000;13,89500000;13,97000000;-8,45
2020-08-29T00:00:00+00:00;ETCBEAR/USD;14,98000000;15,19000000;14,16000000;15,15000000;1,12
2020-08-28T00:00:00+00:00;ETCBEAR/USD;16,09500000;16,94500000;14,28000000;14,98000000;-7,44
2020-08-27T00:00:00+00:00;ETCBEAR/USD;15,32500000;17,34500000;13,45000000;16,09500000;4,78
2020-08-26T00:00:00+00:00;ETCBEAR/USD;15,40500000;15,74000000;14,75500000;15,32500000;-0,52
2020-08-25T00:00:00+00:00;ETCBEAR/USD;13,19500000;15,86500000;13,09500000;15,40500000;14,35
2020-08-24T00:00:00+00:00;ETCBEAR/USD;13,60000000;13,91500000;12,86500000;13,19500000;-3,07
2020-08-23T00:00:00+00:00;ETCBEAR/USD;13,50000000;14,43500000;13,24500000;13,60000000;0,74
2020-08-22T00:00:00+00:00;ETCBEAR/USD;14,33000000;15,06000000;13,37000000;13,50000000;-6,15
2020-08-21T00:00:00+00:00;ETCBEAR/USD;12,52000000;14,63500000;11,90000000;14,36000000;12,81
2020-08-20T00:00:00+00:00;ETCBEAR/USD;13,53500000;13,75500000;12,08000000;12,52000000;-8,11
2020-08-19T00:00:00+00:00;ETCBEAR/USD;11,32500000;14,30500000;10,73500000;13,53500000;16,33
2020-08-18T00:00:00+00:00;ETCBEAR/USD;10,64000000;11,72000000;9,08000000;11,32500000;6,05
2020-08-17T00:00:00+00:00;ETCBEAR/USD;11,31500000;11,97000000;9,95500000;10,64000000;-6,34
2020-08-16T00:00:00+00:00;ETCBEAR/USD;11,52000000;12,68000000;11,01500000;11,31500000;-1,81
2020-08-15T00:00:00+00:00;ETCBEAR/USD;13,11500000;13,17500000;10,92000000;11,52000000;-13,85
2020-08-14T00:00:00+00:00;ETCBEAR/USD;12,92000000;13,53000000;12,64000000;13,11500000;1,49
2020-08-13T00:00:00+00:00;ETCBEAR/USD;13,92500000;15,05000000;12,72500000;12,92000000;-7,78
2020-08-12T00:00:00+00:00;ETCBEAR/USD;13,91500000;15,43000000;13,68500000;13,92500000;0,07
2020-08-11T00:00:00+00:00;ETCBEAR/USD;12,32000000;15,48000000;11,71500000;13,91500000;11,46
2020-08-10T00:00:00+00:00;ETCBEAR/USD;13,34000000;14,06500000;11,95500000;12,32000000;-8,28
2020-08-09T00:00:00+00:00;ETCBEAR/USD;12,88500000;14,17000000;11,51500000;13,34000000;3,41
2020-08-08T00:00:00+00:00;ETCBEAR/USD;13,24500000;13,74000000;12,58000000;12,88500000;-2,79
2020-08-07T00:00:00+00:00;ETCBEAR/USD;12,02000000;14,55000000;11,12500000;13,24500000;9,25
2020-08-06T00:00:00+00:00;ETCBEAR/USD;11,32000000;12,31000000;11,25000000;12,02000000;5,82
2020-08-05T00:00:00+00:00;ETCBEAR/USD;11,59000000;11,98500000;10,66000000;11,32000000;-2,39
2020-08-04T00:00:00+00:00;ETCBEAR/USD;11,50500000;12,14000000;10,98500000;11,59000000;0,73
2020-08-03T00:00:00+00:00;ETCBEAR/USD;11,31500000;11,92000000;10,51500000;11,50500000;1,65
2020-08-02T00:00:00+00:00;ETCBEAR/USD;8,92500000;12,51500000;7,39500000;11,31500000;21,12
2020-08-01T00:00:00+00:00;ETCBEAR/USD;10,93000000;11,26500000;8,61750000;8,92500000;-22,46
2020-07-31T00:00:00+00:00;ETCBEAR/USD;11,09500000;11,49000000;10,18500000;10,93000000;-1,51
2020-07-30T00:00:00+00:00;ETCBEAR/USD;11,41500000;12,66500000;10,52000000;11,09500000;-2,88
2020-07-29T00:00:00+00:00;ETCBEAR/USD;11,58500000;11,91500000;10,10500000;11,41500000;-1,49
2020-07-28T00:00:00+00:00;ETCBEAR/USD;12,00500000;13,53000000;10,73000000;11,58500000;-3,63
2020-07-27T00:00:00+00:00;ETCBEAR/USD;15,21000000;15,24500000;10,92000000;12,00500000;-26,7
2020-07-26T00:00:00+00:00;ETCBEAR/USD;14,72000000;16,32000000;13,65000000;15,21000000;3,22
2020-07-25T00:00:00+00:00;ETCBEAR/USD;18,67000000;18,80000000;14,63000000;14,72000000;-26,83
2020-07-24T00:00:00+00:00;ETCBEAR/USD;17,12000000;19,04000000;17,07500000;18,67000000;8,3
2020-07-23T00:00:00+00:00;ETCBEAR/USD;17,89500000;18,25000000;16,78500000;17,12000000;-4,53
2020-07-22T00:00:00+00:00;ETCBEAR/USD;19,46500000;20,24000000;17,54000000;17,89500000;-8,77
2020-07-21T00:00:00+00:00;ETCBEAR/USD;20,97000000;21,18500000;19,40000000;19,46500000;-7,73
2020-07-20T00:00:00+00:00;ETCBEAR/USD;20,26500000;21,32500000;19,50500000;20,97000000;3,36
2020-07-19T00:00:00+00:00;ETCBEAR/USD;20,72500000;21,79000000;20,13500000;20,26500000;-2,27
2020-07-18T00:00:00+00:00;ETCBEAR/USD;20,94000000;21,77000000;20,12500000;20,72500000;-1,04
2020-07-17T00:00:00+00:00;ETCBEAR/USD;21,02000000;21,56500000;20,21500000;20,94000000;-0,38
2020-07-16T00:00:00+00:00;ETCBEAR/USD;19,24500000;22,02500000;18,84000000;21,02000000;8,44
2020-07-15T00:00:00+00:00;ETCBEAR/USD;18,24000000;19,43000000;17,95500000;19,24500000;5,22
2020-07-14T00:00:00+00:00;ETCBEAR/USD;18,45000000;19,44500000;18,22500000;18,24000000;-1,15
2020-07-13T00:00:00+00:00;ETCBEAR/USD;17,12000000;19,39500000;16,36500000;18,45000000;7,21
2020-07-12T00:00:00+00:00;ETCBEAR/USD;16,74000000;17,89000000;16,31000000;17,12000000;2,22
2020-07-11T00:00:00+00:00;ETCBEAR/USD;17,74000000;17,74000000;16,13000000;16,74000000;-5,97
2020-07-10T00:00:00+00:00;ETCBEAR/USD;15,81500000;18,62000000;15,81500000;17,74000000;10,85
2020-07-09T00:00:00+00:00;ETCBEAR/USD;15,75000000;17,49000000;14,62000000;15,81500000;0,41
2020-07-08T00:00:00+00:00;ETCBEAR/USD;19,73500000;20,68500000;15,71000000;15,75000000;-25,3
2020-07-07T00:00:00+00:00;ETCBEAR/USD;20,88500000;22,24500000;18,76500000;19,74000000;-5,8
2020-07-06T00:00:00+00:00;ETCBEAR/USD;26,97000000;27,10000000;20,10500000;20,88500000;-29,14
2020-07-05T00:00:00+00:00;ETCBEAR/USD;26,39000000;28,90000000;26,21000000;26,97000000;2,15
2020-07-04T00:00:00+00:00;ETCBEAR/USD;27,20000000;27,28000000;25,74000000;26,39000000;-3,07
2020-07-03T00:00:00+00:00;ETCBEAR/USD;27,20000000;27,77000000;26,04000000;27,20000000;0,0
2020-07-02T00:00:00+00:00;ETCBEAR/USD;26,32000000;28,61000000;25,35000000;27,20000000;3,24
2020-07-01T00:00:00+00:00;ETCBEAR/USD;26,21000000;27,45000000;25,41000000;26,32000000;0,42
2020-06-30T00:00:00+00:00;ETCBEAR/USD;24,85000000;26,78000000;24,70000000;26,21000000;5,19
2020-06-29T00:00:00+00:00;ETCBEAR/USD;26,05000000;26,20000000;24,19000000;24,85000000;-4,83
2020-06-28T00:00:00+00:00;ETCBEAR/USD;28,53000000;29,26000000;24,83000000;26,05000000;-9,52
2020-06-27T00:00:00+00:00;ETCBEAR/USD;23,20000000;32,14000000;23,16000000;28,53000000;18,68
2020-06-26T00:00:00+00:00;ETCBEAR/USD;22,05500000;23,59500000;21,85500000;23,20000000;4,94
2020-06-25T00:00:00+00:00;ETCBEAR/USD;21,27500000;23,08500000;21,09000000;22,05500000;3,54
2020-06-24T00:00:00+00:00;ETCBEAR/USD;19,74000000;22,04500000;18,40000000;21,27500000;7,22
2020-06-23T00:00:00+00:00;ETCBEAR/USD;19,67000000;20,52000000;19,23500000;19,74000000;0,35
2020-06-22T00:00:00+00:00;ETCBEAR/USD;21,47500000;21,63000000;19,51500000;19,67000000;-9,18
2020-06-21T00:00:00+00:00;ETCBEAR/USD;20,89500000;21,69000000;20,73500000;21,47500000;2,7
2020-06-20T00:00:00+00:00;ETCBEAR/USD;20,16000000;21,79500000;19,94500000;20,89500000;3,52
2020-06-19T00:00:00+00:00;ETCBEAR/USD;21,46000000;22,00000000;19,39000000;20,16000000;-6,45
2020-06-18T00:00:00+00:00;ETCBEAR/USD;20,72500000;22,46500000;20,60000000;21,48500000;3,54
2020-06-17T00:00:00+00:00;ETCBEAR/USD;20,95000000;22,03000000;19,78000000;20,72500000;-1,09
2020-06-16T00:00:00+00:00;ETCBEAR/USD;20,90000000;21,67000000;20,39500000;20,95000000;0,24
2020-06-15T00:00:00+00:00;ETCBEAR/USD;20,21000000;23,46500000;20,21000000;20,90000000;3,3
2020-06-14T00:00:00+00:00;ETCBEAR/USD;18,72000000;20,77000000;18,72000000;20,21000000;7,37
2020-06-13T00:00:00+00:00;ETCBEAR/USD;19,44500000;20,09000000;18,59000000;18,72000000;-3,87
2020-06-12T00:00:00+00:00;ETCBEAR/USD;20,98000000;21,40500000;18,68500000;19,44500000;-7,89
2020-06-11T00:00:00+00:00;ETCBEAR/USD;16,93000000;22,66000000;16,76000000;20,98000000;19,3
2020-06-10T00:00:00+00:00;ETCBEAR/USD;16,98500000;17,67000000;16,68000000;16,92500000;-0,35
2020-06-09T00:00:00+00:00;ETCBEAR/USD;16,16500000;17,46500000;16,03000000;16,98500000;4,83
2020-06-08T00:00:00+00:00;ETCBEAR/USD;16,70500000;17,42500000;16,04000000;16,16500000;-3,34
2020-06-07T00:00:00+00:00;ETCBEAR/USD;16,52000000;18,30000000;16,43500000;16,70500000;1,11
2020-06-06T00:00:00+00:00;ETCBEAR/USD;16,75500000;17,19000000;16,28000000;16,52000000;-1,42
2020-06-05T00:00:00+00:00;ETCBEAR/USD;16,34500000;17,18500000;15,89500000;16,75500000;2,45
2020-06-04T00:00:00+00:00;ETCBEAR/USD;16,05000000;17,16500000;15,43500000;16,31500000;1,62
2020-06-03T00:00:00+00:00;ETCBEAR/USD;15,84500000;16,95000000;15,67000000;16,05000000;1,28
2020-06-02T00:00:00+00:00;ETCBEAR/USD;14,33000000;18,00000000;13,77000000;15,84500000;9,56
2020-06-01T00:00:00+00:00;ETCBEAR/USD;16,51000000;16,87500000;14,07500000;14,33000000;-15,21
2020-05-31T00:00:00+00:00;ETCBEAR/USD;13,47000000;18,30500000;13,45500000;16,51000000;18,41
2020-05-30T00:00:00+00:00;ETCBEAR/USD;15,16500000;15,79500000;13,00000000;13,47000000;-12,58
2020-05-29T00:00:00+00:00;ETCBEAR/USD;17,98000000;17,99500000;14,56000000;15,16500000;-18,56
2020-05-28T00:00:00+00:00;ETCBEAR/USD;18,63500000;19,36500000;17,76500000;17,98000000;-3,64
2020-05-27T00:00:00+00:00;ETCBEAR/USD;19,25500000;19,47500000;18,17000000;18,63500000;-3,33
2020-05-26T00:00:00+00:00;ETCBEAR/USD;18,50500000;20,54000000;18,23500000;19,25500000;3,9
2020-05-25T00:00:00+00:00;ETCBEAR/USD;20,67500000;21,40000000;17,48500000;18,50500000;-11,73
2020-05-24T00:00:00+00:00;ETCBEAR/USD;20,82000000;21,41500000;18,70000000;20,67500000;-0,7
2020-05-23T00:00:00+00:00;ETCBEAR/USD;21,85500000;22,53500000;20,11500000;20,82000000;-4,97
2020-05-22T00:00:00+00:00;ETCBEAR/USD;26,46000000;26,97000000;20,34500000;21,85500000;-21,07
2020-05-21T00:00:00+00:00;ETCBEAR/USD;22,94000000;28,63000000;22,21000000;26,46000000;13,3
2020-05-20T00:00:00+00:00;ETCBEAR/USD;20,84500000;24,84000000;20,75000000;22,94000000;9,13
2020-05-19T00:00:00+00:00;ETCBEAR/USD;20,41000000;21,93500000;20,32500000;20,84500000;2,09
2020-05-18T00:00:00+00:00;ETCBEAR/USD;20,90500000;21,65000000;18,44000000;20,42000000;-2,38
2020-05-17T00:00:00+00:00;ETCBEAR/USD;20,54500000;22,27500000;19,70000000;20,90500000;1,72
2020-05-16T00:00:00+00:00;ETCBEAR/USD;22,70000000;23,20000000;18,92000000;20,54500000;-10,49
2020-05-15T00:00:00+00:00;ETCBEAR/USD;25,37000000;27,53000000;20,22000000;22,70000000;-11,76
2020-05-14T00:00:00+00:00;ETCBEAR/USD;26,04000000;27,64000000;24,14000000;25,37000000;-2,64
2020-05-13T00:00:00+00:00;ETCBEAR/USD;27,91000000;29,00000000;25,26000000;26,04000000;-7,18
2020-05-12T00:00:00+00:00;ETCBEAR/USD;28,83000000;30,91000000;26,14000000;27,91000000;-3,3
2020-05-11T00:00:00+00:00;ETCBEAR/USD;26,69000000;34,22000000;25,04000000;28,83000000;7,42
2020-05-10T00:00:00+00:00;ETCBEAR/USD;19,58500000;33,09000000;19,56500000;26,69000000;26,62
2020-05-09T00:00:00+00:00;ETCBEAR/USD;18,67000000;19,95500000;17,81500000;19,58500000;4,67
2020-05-08T00:00:00+00:00;ETCBEAR/USD;19,07000000;20,36000000;17,33500000;18,67000000;-2,14
2020-05-07T00:00:00+00:00;ETCBEAR/USD;21,80000000;22,20500000;17,98500000;19,07000000;-14,32
2020-05-06T00:00:00+00:00;ETCBEAR/USD;18,96500000;22,19000000;17,89500000;21,80000000;13,0
2020-05-05T00:00:00+00:00;ETCBEAR/USD;18,78500000;20,27000000;16,65500000;18,96500000;0,95
2020-05-04T00:00:00+00:00;ETCBEAR/USD;18,81000000;23,06000000;17,74500000;18,78500000;-0,13
2020-05-03T00:00:00+00:00;ETCBEAR/USD;16,96500000;20,06500000;15,89000000;18,81000000;9,81
2020-05-02T00:00:00+00:00;ETCBEAR/USD;25,80000000;26,75000000;16,01500000;16,96500000;-52,08
2020-05-01T00:00:00+00:00;ETCBEAR/USD;28,45000000;28,48000000;25,23000000;25,81000000;-10,23
2020-04-30T00:00:00+00:00;ETCBEAR/USD;25,00000000;29,99000000;22,23000000;28,45000000;12,13
2020-04-29T00:00:00+00:00;ETCBEAR/USD;34,11000000;34,34000000;23,06000000;25,00000000;-36,44
2020-04-28T00:00:00+00:00;ETCBEAR/USD;34,95000000;37,42000000;33,80000000;34,11000000;-2,46
2020-04-27T00:00:00+00:00;ETCBEAR/USD;33,31000000;37,71000000;32,33000000;34,93000000;4,64
2020-04-26T00:00:00+00:00;ETCBEAR/USD;43,68000000;44,09000000;32,71000000;33,31000000;-31,13
2020-04-25T00:00:00+00:00;ETCBEAR/USD;47,62000000;49,20000000;40,72000000;43,68000000;-9,02
2020-04-24T00:00:00+00:00;ETCBEAR/USD;47,61000000;49,54000000;45,40000000;47,62000000;0,02
2020-04-23T00:00:00+00:00;ETCBEAR/USD;55,35000000;57,77500000;43,27000000;47,61000000;-16,26
2020-04-22T00:00:00+00:00;ETCBEAR/USD;61,92500000;63,52500000;52,90000000;55,35000000;-11,88
2020-04-21T00:00:00+00:00;ETCBEAR/USD;61,15000000;64,75000000;58,47500000;61,92500000;1,25
2020-04-20T00:00:00+00:00;ETCBEAR/USD;53,87500000;63,47500000;50,20000000;61,15000000;11,9
2020-04-19T00:00:00+00:00;ETCBEAR/USD;49,58000000;55,75000000;48,15000000;53,87500000;7,97
2020-04-18T00:00:00+00:00;ETCBEAR/USD;58,62500000;58,70000000;48,77500000;49,58000000;-18,24
2020-04-17T00:00:00+00:00;ETCBEAR/USD;55,77500000;59,97500000;55,10000000;58,62500000;4,86
2020-04-16T00:00:00+00:00;ETCBEAR/USD;72,32500000;82,82500000;52,82500000;55,77500000;-29,67
2020-04-15T00:00:00+00:00;ETCBEAR/USD;66,65000000;73,22500000;62,50000000;72,32500000;7,85
2020-04-14T00:00:00+00:00;ETCBEAR/USD;69,60000000;72,87500000;62,82500000;66,65000000;-4,43
2020-04-13T00:00:00+00:00;ETCBEAR/USD;64,92500000;75,97500000;64,90000000;69,60000000;6,72
2020-04-12T00:00:00+00:00;ETCBEAR/USD;66,90000000;70,52500000;58,65000000;64,92500000;-3,04
2020-04-11T00:00:00+00:00;ETCBEAR/USD;67,97000000;72,60000000;62,35000000;66,90000000;-1,6
2020-04-10T00:00:00+00:00;ETCBEAR/USD;51,25000000;73,06000000;50,85000000;67,97000000;24,6
2020-04-09T00:00:00+00:00;ETCBEAR/USD;53,57500000;61,25000000;49,22500000;51,25000000;-4,54
2020-04-08T00:00:00+00:00;ETCBEAR/USD;67,20000000;69,70000000;51,62500000;53,57500000;-25,43
2020-04-07T00:00:00+00:00;ETCBEAR/USD;62,65000000;70,40000000;55,52500000;67,20000000;6,77
2020-04-06T00:00:00+00:00;ETCBEAR/USD;91,67500000;91,72500000;62,02500000;62,65000000;-46,33
2020-04-05T00:00:00+00:00;ETCBEAR/USD;85,52500000;97,17500000;84,37500000;91,67500000;6,71
2020-04-04T00:00:00+00:00;ETCBEAR/USD;87,57500000;91,40000000;80,87500000;85,52500000;-2,4
2020-04-03T00:00:00+00:00;ETCBEAR/USD;89,07500000;94,20000000;81,62500000;87,57500000;-1,71
2020-04-02T00:00:00+00:00;ETCBEAR/USD;92,95000000;95,52500000;75,27500000;89,07500000;-4,35
2020-04-01T00:00:00+00:00;ETCBEAR/USD;98,65000000;108,27500000;91,95000000;92,95000000;-6,13
2020-03-31T00:00:00+00:00;ETCBEAR/USD;97,12500000;103,80000000;94,52500000;98,65000000;1,55
2020-03-30T00:00:00+00:00;ETCBEAR/USD;108,10000000;108,65000000;91,20000000;97,12500000;-11,3
2020-03-29T00:00:00+00:00;ETCBEAR/USD;108,20000000;115,75000000;91,70000000;108,10000000;-0,09
2020-03-28T00:00:00+00:00;ETCBEAR/USD;102,85000000;121,35000000;102,85000000;108,15000000;4,9
2020-03-27T00:00:00+00:00;ETCBEAR/USD;92,97500000;108,10000000;87,02500000;102,85000000;9,6
2020-03-26T00:00:00+00:00;ETCBEAR/USD;98,27500000;103,72500000;91,97500000;93,05000000;-5,62
2020-03-25T00:00:00+00:00;ETCBEAR/USD;96,47500000;105,35000000;84,00000000;98,32500000;1,88
2020-03-24T00:00:00+00:00;ETCBEAR/USD;102,35000000;108,72500000;88,32500000;96,47500000;-6,09
2020-03-23T00:00:00+00:00;ETCBEAR/USD;136,20000000;142,80000000;95,90000000;102,20000000;-33,27
2020-03-22T00:00:00+00:00;ETCBEAR/USD;109,65000000;140,30000000;94,30000000;136,20000000;19,49
2020-03-21T00:00:00+00:00;ETCBEAR/USD;119,20000000;133,75000000;99,50000000;109,65000000;-8,71
2020-03-20T00:00:00+00:00;ETCBEAR/USD;117,65000000;137,72500000;85,80000000;119,40000000;1,47
2020-03-19T00:00:00+00:00;ETCBEAR/USD;171,25000000;183,55000000;102,65000000;117,65000000;-45,56
2020-03-18T00:00:00+00:00;ETCBEAR/USD;171,85000000;203,85000000;163,65000000;171,25000000;-0,35
2020-03-17T00:00:00+00:00;ETCBEAR/USD;197,20000000;212,95000000;134,60000000;171,85000000;-14,75
2020-03-16T00:00:00+00:00;ETCBEAR/USD;149,75000000;241,25000000;149,30000000;197,10000000;24,02
2020-03-15T00:00:00+00:00;ETCBEAR/USD;216,05000000;221,00000000;128,60000000;149,75000000;-44,27
2020-03-14T00:00:00+00:00;ETCBEAR/USD;194,60000000;232,00000000;182,30000000;216,05000000;9,93
2020-03-13T00:00:00+00:00;ETCBEAR/USD;506,70000000;584,00000000;150,45000000;194,60000000;-160,38
2020-03-12T00:00:00+00:00;ETCBEAR/USD;220,55000000;515,00000000;218,65000000;506,70000000;56,47
2020-03-11T00:00:00+00:00;ETCBEAR/USD;200,40000000;265,25000000;195,25000000;220,55000000;9,14
2020-03-10T00:00:00+00:00;ETCBEAR/USD;193,65000000;218,60000000;190,05000000;200,35000000;3,34
2020-03-09T00:00:00+00:00;ETCBEAR/USD;245,30000000;255,50000000;183,35000000;193,55000000;-26,74
2020-03-08T00:00:00+00:00;ETCBEAR/USD;160,20000000;262,45000000;160,20000000;245,50000000;34,75
2020-03-07T00:00:00+00:00;ETCBEAR/USD;139,35000000;162,65000000;138,90000000;160,20000000;13,01
2020-03-06T00:00:00+00:00;ETCBEAR/USD;141,45000000;158,15000000;134,70000000;139,35000000;-1,51
2020-03-05T00:00:00+00:00;ETCBEAR/USD;157,50000000;157,50000000;126,85000000;141,40000000;-11,39
2020-03-04T00:00:00+00:00;ETCBEAR/USD;133,10000000;174,45000000;131,75000000;157,50000000;15,49
2020-03-03T00:00:00+00:00;ETCBEAR/USD;134,60000000;149,80000000;126,20000000;133,10000000;-1,13
2020-03-02T00:00:00+00:00;ETCBEAR/USD;182,40000000;185,10000000;124,45000000;134,70000000;-35,41
2020-03-01T00:00:00+00:00;ETCBEAR/USD;218,85000000;219,20000000;169,80000000;182,40000000;-19,98
2020-02-29T00:00:00+00:00;ETCBEAR/USD;209,75000000;220,40000000;192,00000000;218,75000000;4,11
2020-02-28T00:00:00+00:00;ETCBEAR/USD;192,00000000;232,25000000;182,30000000;209,55000000;8,38
2020-02-27T00:00:00+00:00;ETCBEAR/USD;198,20000000;224,60000000;164,05000000;191,80000000;-3,34
2020-02-26T00:00:00+00:00;ETCBEAR/USD;132,70000000;217,50000000;125,70000000;198,65000000;33,2
2020-02-25T00:00:00+00:00;ETCBEAR/USD;125,40000000;142,70000000;121,90000000;132,80000000;5,57
2020-02-24T00:00:00+00:00;ETCBEAR/USD;110,85000000;138,00000000;109,90000000;125,45000000;11,64
2020-02-23T00:00:00+00:00;ETCBEAR/USD;121,00000000;122,15000000;101,85000000;110,85000000;-9,16
2020-02-22T00:00:00+00:00;ETCBEAR/USD;124,00000000;128,80000000;111,35000000;120,95000000;-2,52
2020-02-21T00:00:00+00:00;ETCBEAR/USD;153,35000000;158,45000000;105,90000000;124,00000000;-23,67
2020-02-20T00:00:00+00:00;ETCBEAR/USD;157,95000000;181,45000000;145,05000000;153,35000000;-3,0
2020-02-19T00:00:00+00:00;ETCBEAR/USD;119,55000000;163,15000000;119,55000000;157,95000000;24,31
2020-02-18T00:00:00+00:00;ETCBEAR/USD;129,30000000;149,40000000;114,80000000;119,75000000;-7,97
2020-02-17T00:00:00+00:00;ETCBEAR/USD;133,65000000;170,00000000;119,65000000;129,50000000;-3,2
2020-02-16T00:00:00+00:00;ETCBEAR/USD;109,15000000;155,85000000;99,15000000;133,65000000;18,33
2020-02-15T00:00:00+00:00;ETCBEAR/USD;76,57500000;123,85000000;75,85000000;109,15000000;29,84
2020-02-14T00:00:00+00:00;ETCBEAR/USD;75,85000000;83,27500000;75,60000000;76,57500000;0,95
2020-02-13T00:00:00+00:00;ETCBEAR/USD;76,40000000;87,42500000;60,80000000;75,85000000;-0,73
2020-02-12T00:00:00+00:00;ETCBEAR/USD;80,45000000;80,45000000;70,42500000;76,40000000;-5,3
2020-02-11T00:00:00+00:00;ETCBEAR/USD;83,65000000;88,77500000;77,62500000;80,45000000;-3,98
2020-02-10T00:00:00+00:00;ETCBEAR/USD;85,87500000;93,22500000;78,62500000;83,65000000;-2,66
2020-02-09T00:00:00+00:00;ETCBEAR/USD;85,70000000;94,52500000;75,70000000;85,87500000;0,2
2020-02-08T00:00:00+00:00;ETCBEAR/USD;86,05000000;98,47500000;80,15000000;85,70000000;-0,41
2020-02-07T00:00:00+00:00;ETCBEAR/USD;77,90000000;93,90000000;74,95000000;86,05000000;9,47
2020-02-06T00:00:00+00:00;ETCBEAR/USD;72,87500000;97,12500000;58,62500000;77,95000000;6,51
2020-02-05T00:00:00+00:00;ETCBEAR/USD;95,57500000;97,70000000;66,80000000;72,82500000;-31,24
2020-02-04T00:00:00+00:00;ETCBEAR/USD;86,70000000;101,05000000;84,22500000;95,57500000;9,29
2020-02-03T00:00:00+00:00;ETCBEAR/USD;99,47500000;101,20000000;77,55000000;86,62500000;-14,83
2020-02-02T00:00:00+00:00;ETCBEAR/USD;94,82500000;104,10000000;89,47500000;99,52500000;4,72
2020-02-01T00:00:00+00:00;ETCBEAR/USD;100,00000000;107,02500000;88,22500000;94,80000000;-5,49
2020-01-31T00:00:00+00:00;ETCBEAR/USD;80,37500000;112,97500000;79,62500000;99,90000000;19,54
2020-01-30T00:00:00+00:00;ETCBEAR/USD;81,20000000;92,32500000;71,95000000;80,37500000;-1,03
2020-01-29T00:00:00+00:00;ETCBEAR/USD;101,55000000;103,30000000;68,25000000;80,85000000;-25,6
2020-01-28T00:00:00+00:00;ETCBEAR/USD;138,15000000;140,40000000;93,65000000;101,32500000;-36,34
2020-01-27T00:00:00+00:00;ETCBEAR/USD;212,85000000;213,35000000;112,75000000;138,15000000;-54,07
2020-01-26T00:00:00+00:00;ETCBEAR/USD;288,80000000;304,30000000;198,30000000;213,25000000;-35,43
2020-01-25T00:00:00+00:00;ETCBEAR/USD;267,20000000;314,20000000;265,30000000;288,80000000;7,48
2020-01-24T00:00:00+00:00;ETCBEAR/USD;284,10000000;341,80000000;244,20000000;267,20000000;-6,32
2020-01-23T00:00:00+00:00;ETCBEAR/USD;220,45000000;303,20000000;217,85000000;284,30000000;22,46
2020-01-22T00:00:00+00:00;ETCBEAR/USD;253,10000000;254,30000000;206,10000000;220,60000000;-14,73
2020-01-21T00:00:00+00:00;ETCBEAR/USD;280,00000000;290,50000000;234,40000000;253,10000000;-10,63
2020-01-20T00:00:00+00:00;ETCBEAR/USD;290,20000000;333,90000000;236,00000000;280,00000000;-3,64
2020-01-19T00:00:00+00:00;ETCBEAR/USD;324,10000000;352,00000000;210,60000000;290,20000000;-11,68
2020-01-18T00:00:00+00:00;ETCBEAR/USD;235,30000000;338,70000000;217,10000000;324,10000000;27,4
2020-01-17T00:00:00+00:00;ETCBEAR/USD;480,40000000;520,00000000;140,70000000;236,35000000;-103,26
2020-01-16T00:00:00+00:00;ETCBEAR/USD;577,50000000;715,75000000;451,40000000;480,40000000;-20,21
2020-01-15T00:00:00+00:00;ETCBEAR/USD;1020,50000000;1098,75000000;549,00000000;580,75000000;-75,72
2020-01-14T00:00:00+00:00;ETCBEAR/USD;2164,00000000;2175,50000000;931,25000000;1019,25000000;-112,31
2020-01-13T00:00:00+00:00;ETCBEAR/USD;2042,50000000;2318,50000000;2029,00000000;2164,00000000;5,61
2020-01-12T00:00:00+00:00;ETCBEAR/USD;2050,50000000;2251,00000000;1966,50000000;2044,00000000;-0,32
2020-01-11T00:00:00+00:00;ETCBEAR/USD;2385,00000000;2441,00000000;1796,00000000;2048,00000000;-16,46
2020-01-10T00:00:00+00:00;ETCBEAR/USD;2662,00000000;3063,00000000;2331,00000000;2388,00000000;-11,47
2020-01-09T00:00:00+00:00;ETCBEAR/USD;3075,00000000;3242,00000000;2632,00000000;2662,00000000;-15,51
2020-01-08T00:00:00+00:00;ETCBEAR/USD;3308,00000000;3552,00000000;2869,00000000;3075,00000000;-7,58
2020-01-07T00:00:00+00:00;ETCBEAR/USD;2952,00000000;3505,00000000;2885,00000000;3308,00000000;10,76

