DATE/TIME;SYMBOL;OPEN;HIGH;LOW;CLOSE;EVOL % CLOSE/HIGH
2022-01-05T00:00:00+00:00;HTBEAR/USD;0,00168950;0,00171650;0,00165850;0,00166500;-1,47
2022-01-04T00:00:00+00:00;HTBEAR/USD;0,00171100;0,00175150;0,00165800;0,00168950;-1,27
2022-01-03T00:00:00+00:00;HTBEAR/USD;0,00169400;0,00175600;0,00163800;0,00171300;1,11
2022-01-02T00:00:00+00:00;HTBEAR/USD;0,00167700;0,00171050;0,00167700;0,00169400;1,0
2022-01-01T00:00:00+00:00;HTBEAR/USD;0,00169300;0,00177050;0,00167200;0,00167700;-0,95
2021-12-31T00:00:00+00:00;HTBEAR/USD;0,00165900;0,00181300;0,00165900;0,00169300;2,01
2021-12-30T00:00:00+00:00;HTBEAR/USD;0,00155700;0,00169300;0,00153900;0,00165900;6,15
2021-12-29T00:00:00+00:00;HTBEAR/USD;0,00153450;0,00164500;0,00152300;0,00155700;1,45
2021-12-28T00:00:00+00:00;HTBEAR/USD;0,00146000;0,00154700;0,00145500;0,00153450;4,86
2021-12-27T00:00:00+00:00;HTBEAR/USD;0,00145500;0,00156550;0,00143850;0,00146000;0,34
2021-12-26T00:00:00+00:00;HTBEAR/USD;0,00145750;0,00149000;0,00143700;0,00145500;-0,17
2021-12-25T00:00:00+00:00;HTBEAR/USD;0,00179750;0,00190250;0,00142100;0,00145750;-23,33
2021-12-24T00:00:00+00:00;HTBEAR/USD;0,00150050;0,00181650;0,00150050;0,00179750;16,52
2021-12-23T00:00:00+00:00;HTBEAR/USD;0,00151950;0,00155700;0,00150050;0,00150050;-1,27
2021-12-22T00:00:00+00:00;HTBEAR/USD;0,00152300;0,00160000;0,00150350;0,00151950;-0,23
2021-12-21T00:00:00+00:00;HTBEAR/USD;0,00150700;0,00162500;0,00147450;0,00152300;1,05
2021-12-20T00:00:00+00:00;HTBEAR/USD;0,00145950;0,00156400;0,00145950;0,00150700;3,15
2021-12-19T00:00:00+00:00;HTBEAR/USD;0,00151900;0,00155100;0,00122800;0,00145950;-4,08
2021-12-18T00:00:00+00:00;HTBEAR/USD;0,00153450;0,00158200;0,00150200;0,00151900;-1,02
2021-12-17T00:00:00+00:00;HTBEAR/USD;0,00159550;0,00175800;0,00151600;0,00153450;-3,98
2021-12-16T00:00:00+00:00;HTBEAR/USD;0,00152450;0,00177950;0,00149350;0,00159550;4,45
2021-12-15T00:00:00+00:00;HTBEAR/USD;0,00162600;0,00177050;0,00151750;0,00152450;-6,66
2021-12-14T00:00:00+00:00;HTBEAR/USD;0,00214750;0,00214750;0,00148650;0,00162600;-32,07
2021-12-13T00:00:00+00:00;HTBEAR/USD;0,00168900;0,00224950;0,00166150;0,00214750;21,35
2021-12-12T00:00:00+00:00;HTBEAR/USD;0,00170700;0,00171750;0,00164700;0,00168900;-1,07
2021-12-11T00:00:00+00:00;HTBEAR/USD;0,00173500;0,00175250;0,00166450;0,00170700;-1,64
2021-12-10T00:00:00+00:00;HTBEAR/USD;0,00169800;0,00194100;0,00161750;0,00173500;2,13
2021-12-09T00:00:00+00:00;HTBEAR/USD;0,00177200;0,00185050;0,00161000;0,00169800;-4,36
2021-12-08T00:00:00+00:00;HTBEAR/USD;0,00275800;0,00283700;0,00174750;0,00177200;-55,64
2021-12-07T00:00:00+00:00;HTBEAR/USD;0,00264300;0,00284200;0,00264300;0,00275800;4,17
2021-12-06T00:00:00+00:00;HTBEAR/USD;0,00271000;0,00298200;0,00257100;0,00264300;-2,53
2021-12-05T00:00:00+00:00;HTBEAR/USD;0,00339400;0,00339400;0,00271000;0,00271000;-25,24
2021-12-04T00:00:00+00:00;HTBEAR/USD;0,00205850;0,00347450;0,00205850;0,00339400;39,35
2021-12-03T00:00:00+00:00;HTBEAR/USD;0,00207650;0,00230050;0,00202150;0,00205850;-0,87
2021-12-02T00:00:00+00:00;HTBEAR/USD;0,00210950;0,00237300;0,00202150;0,00207650;-1,59
2021-12-01T00:00:00+00:00;HTBEAR/USD;0,00203700;0,00223550;0,00203700;0,00210950;3,44
2021-11-30T00:00:00+00:00;HTBEAR/USD;0,00199850;0,00214750;0,00193550;0,00203700;1,89
2021-11-29T00:00:00+00:00;HTBEAR/USD;0,00199850;0,00199850;0,00199850;0,00199850;0,0
2021-11-28T00:00:00+00:00;HTBEAR/USD;0,00218150;0,00225600;0,00197700;0,00199850;-9,16
2021-11-27T00:00:00+00:00;HTBEAR/USD;0,00224800;0,00228100;0,00208900;0,00218150;-3,05
2021-11-26T00:00:00+00:00;HTBEAR/USD;0,00194650;0,00229300;0,00191500;0,00224800;13,41
2021-11-25T00:00:00+00:00;HTBEAR/USD;0,00244850;0,00244850;0,00180450;0,00194650;-25,79
2021-11-24T00:00:00+00:00;HTBEAR/USD;0,00203800;0,00244850;0,00197800;0,00244850;16,77
2021-11-23T00:00:00+00:00;HTBEAR/USD;0,00214650;0,00219100;0,00197800;0,00203800;-5,32
2021-11-22T00:00:00+00:00;HTBEAR/USD;0,00194800;0,00216900;0,00194800;0,00214650;9,25
2021-11-21T00:00:00+00:00;HTBEAR/USD;0,00222650;0,00230050;0,00181000;0,00194800;-14,3
2021-11-20T00:00:00+00:00;HTBEAR/USD;0,00212750;0,00232950;0,00209250;0,00222650;4,45
2021-11-19T00:00:00+00:00;HTBEAR/USD;0,00217100;0,00227900;0,00194050;0,00212750;-2,04
2021-11-18T00:00:00+00:00;HTBEAR/USD;0,00190200;0,00235100;0,00186600;0,00217100;12,39
2021-11-17T00:00:00+00:00;HTBEAR/USD;0,00179450;0,00200250;0,00176400;0,00190200;5,65
2021-11-16T00:00:00+00:00;HTBEAR/USD;0,00195800;0,00228550;0,00163200;0,00179450;-9,11
2021-11-15T00:00:00+00:00;HTBEAR/USD;0,00231200;0,00233950;0,00174250;0,00195800;-18,08
2021-11-14T00:00:00+00:00;HTBEAR/USD;0,00228800;0,00245050;0,00228400;0,00231200;1,04
2021-11-13T00:00:00+00:00;HTBEAR/USD;0,00239000;0,00244800;0,00225150;0,00228800;-4,46
2021-11-12T00:00:00+00:00;HTBEAR/USD;0,00221650;0,00250200;0,00218250;0,00239000;7,26
2021-11-11T00:00:00+00:00;HTBEAR/USD;0,00214600;0,00228950;0,00205650;0,00221650;3,18
2021-11-10T00:00:00+00:00;HTBEAR/USD;0,00186750;0,00219200;0,00184350;0,00214600;12,98
2021-11-09T00:00:00+00:00;HTBEAR/USD;0,00187600;0,00198450;0,00171950;0,00186750;-0,46
2021-11-08T00:00:00+00:00;HTBEAR/USD;0,00187400;0,00201800;0,00168950;0,00187600;0,11
2021-11-07T00:00:00+00:00;HTBEAR/USD;0,00206900;0,00208000;0,00170000;0,00187400;-10,41
2021-11-06T00:00:00+00:00;HTBEAR/USD;0,00199100;0,00233250;0,00193500;0,00206900;3,77
2021-11-05T00:00:00+00:00;HTBEAR/USD;0,00195400;0,00213250;0,00179950;0,00199100;1,86
2021-11-04T00:00:00+00:00;HTBEAR/USD;0,00152700;0,00207400;0,00152700;0,00195400;21,85
2021-11-03T00:00:00+00:00;HTBEAR/USD;0,00168300;0,00188050;0,00151150;0,00152700;-10,22
2021-11-02T00:00:00+00:00;HTBEAR/USD;0,00215900;0,00229950;0,00168300;0,00168300;-28,28
2021-11-01T00:00:00+00:00;HTBEAR/USD;0,00255900;0,00288800;0,00210400;0,00215900;-18,53
2021-10-31T00:00:00+00:00;HTBEAR/USD;0,00342600;0,00343100;0,00234200;0,00255900;-33,88
2021-10-30T00:00:00+00:00;HTBEAR/USD;0,00307300;0,00343100;0,00305500;0,00342600;10,3
2021-10-29T00:00:00+00:00;HTBEAR/USD;0,00298300;0,00321700;0,00277100;0,00307300;2,93
2021-10-28T00:00:00+00:00;HTBEAR/USD;0,00364700;0,00375400;0,00273900;0,00298300;-22,26
2021-10-27T00:00:00+00:00;HTBEAR/USD;0,00290500;0,00365400;0,00279100;0,00364700;20,35
2021-10-26T00:00:00+00:00;HTBEAR/USD;0,00277600;0,00340100;0,00244400;0,00290500;4,44
2021-10-25T00:00:00+00:00;HTBEAR/USD;0,00258800;0,00284600;0,00258800;0,00277600;6,77
2021-10-24T00:00:00+00:00;HTBEAR/USD;0,00277700;0,00302400;0,00246000;0,00258800;-7,3
2021-10-23T00:00:00+00:00;HTBEAR/USD;0,00238000;0,00300000;0,00232300;0,00277700;14,3
2021-10-22T00:00:00+00:00;HTBEAR/USD;0,00396200;0,00396200;0,00221500;0,00238000;-66,47
2021-10-21T00:00:00+00:00;HTBEAR/USD;0,00348000;0,00441300;0,00345600;0,00396200;12,17
2021-10-20T00:00:00+00:00;HTBEAR/USD;0,00678500;0,00679500;0,00342000;0,00348000;-94,97
2021-10-19T00:00:00+00:00;HTBEAR/USD;0,00742500;0,00768000;0,00611250;0,00678500;-9,43
2021-10-18T00:00:00+00:00;HTBEAR/USD;0,00782250;0,00808500;0,00691500;0,00742500;-5,35
2021-10-17T00:00:00+00:00;HTBEAR/USD;0,00733000;0,00817500;0,00733000;0,00782250;6,3
2021-10-16T00:00:00+00:00;HTBEAR/USD;0,00768500;0,00788500;0,00693250;0,00733000;-4,84
2021-10-15T00:00:00+00:00;HTBEAR/USD;0,00768250;0,00842500;0,00717500;0,00768500;0,03
2021-10-14T00:00:00+00:00;HTBEAR/USD;0,00782750;0,00820250;0,00738000;0,00768250;-1,89
2021-10-13T00:00:00+00:00;HTBEAR/USD;0,00832250;0,00873250;0,00754250;0,00782750;-6,32
2021-10-12T00:00:00+00:00;HTBEAR/USD;0,00761750;0,00874750;0,00758250;0,00832250;8,47
2021-10-11T00:00:00+00:00;HTBEAR/USD;0,00752250;0,00779250;0,00656500;0,00761750;1,25
2021-10-10T00:00:00+00:00;HTBEAR/USD;0,00693750;0,00752250;0,00638250;0,00752250;7,78
2021-10-09T00:00:00+00:00;HTBEAR/USD;0,00692500;0,00699000;0,00663500;0,00693750;0,18
2021-10-08T00:00:00+00:00;HTBEAR/USD;0,00658500;0,00697500;0,00642500;0,00692500;4,91
2021-10-07T00:00:00+00:00;HTBEAR/USD;0,00560500;0,00672000;0,00560500;0,00658500;14,88
2021-10-06T00:00:00+00:00;HTBEAR/USD;0,00642000;0,00743250;0,00468400;0,00560500;-14,54
2021-10-05T00:00:00+00:00;HTBEAR/USD;0,00633000;0,00688500;0,00623250;0,00642000;1,4
2021-10-04T00:00:00+00:00;HTBEAR/USD;0,00635250;0,00698500;0,00611000;0,00633000;-0,36
2021-10-03T00:00:00+00:00;HTBEAR/USD;0,00587750;0,00712500;0,00582250;0,00635250;7,48
2021-10-02T00:00:00+00:00;HTBEAR/USD;0,00510100;0,00588250;0,00499700;0,00587750;13,21
2021-10-01T00:00:00+00:00;HTBEAR/USD;0,00659750;0,00675000;0,00505800;0,00510100;-29,34
2021-09-30T00:00:00+00:00;HTBEAR/USD;0,00719750;0,00726750;0,00610250;0,00659750;-9,09
2021-09-29T00:00:00+00:00;HTBEAR/USD;0,00878000;0,00878000;0,00704750;0,00719750;-21,99
2021-09-28T00:00:00+00:00;HTBEAR/USD;0,00945750;0,00949250;0,00666250;0,00878000;-7,72
2021-09-27T00:00:00+00:00;HTBEAR/USD;0,01112000;0,01200000;0,00754500;0,00945750;-17,58
2021-09-26T00:00:00+00:00;HTBEAR/USD;0,00683250;0,01346750;0,00682250;0,01112000;38,56
2021-09-25T00:00:00+00:00;HTBEAR/USD;0,00569250;0,00722250;0,00561250;0,00683250;16,68
2021-09-24T00:00:00+00:00;HTBEAR/USD;0,00339700;0,00600000;0,00339700;0,00569250;40,32
2021-09-23T00:00:00+00:00;HTBEAR/USD;0,00339800;0,00374600;0,00327400;0,00339700;-0,03
2021-09-22T00:00:00+00:00;HTBEAR/USD;0,00459700;0,00460900;0,00339800;0,00339800;-35,29
2021-09-21T00:00:00+00:00;HTBEAR/USD;0,00419800;0,00494400;0,00347400;0,00459700;8,68
2021-09-20T00:00:00+00:00;HTBEAR/USD;0,00279400;0,00423100;0,00278100;0,00419800;33,44
2021-09-19T00:00:00+00:00;HTBEAR/USD;0,00258700;0,00289900;0,00258500;0,00279400;7,41
2021-09-18T00:00:00+00:00;HTBEAR/USD;0,00263400;0,00272700;0,00248600;0,00258700;-1,82
2021-09-17T00:00:00+00:00;HTBEAR/USD;0,00259700;0,00280900;0,00249300;0,00263400;1,4
2021-09-16T00:00:00+00:00;HTBEAR/USD;0,00242100;0,00265700;0,00226100;0,00259700;6,78
2021-09-15T00:00:00+00:00;HTBEAR/USD;0,00262300;0,00280200;0,00240100;0,00242100;-8,34
2021-09-14T00:00:00+00:00;HTBEAR/USD;0,00284500;0,00289900;0,00259400;0,00262300;-8,46
2021-09-13T00:00:00+00:00;HTBEAR/USD;0,00260100;0,00304600;0,00254700;0,00284500;8,58
2021-09-12T00:00:00+00:00;HTBEAR/USD;0,00287500;0,00292700;0,00255000;0,00260100;-10,53
2021-09-11T00:00:00+00:00;HTBEAR/USD;0,00303200;0,00306900;0,00269200;0,00287200;-5,57
2021-09-10T00:00:00+00:00;HTBEAR/USD;0,00263400;0,00310300;0,00249000;0,00303200;13,13
2021-09-09T00:00:00+00:00;HTBEAR/USD;0,00279100;0,00294100;0,00255200;0,00263400;-5,96
2021-09-08T00:00:00+00:00;HTBEAR/USD;0,00286100;0,00328900;0,00267100;0,00279100;-2,51
2021-09-07T00:00:00+00:00;HTBEAR/USD;0,00188300;0,00313100;0,00185000;0,00286100;34,18
2021-09-06T00:00:00+00:00;HTBEAR/USD;0,00224800;0,00236200;0,00175150;0,00188300;-19,38
2021-09-05T00:00:00+00:00;HTBEAR/USD;0,00278700;0,00286600;0,00224800;0,00224800;-23,98
2021-09-04T00:00:00+00:00;HTBEAR/USD;0,00279400;0,00286800;0,00264300;0,00278700;-0,25
2021-09-03T00:00:00+00:00;HTBEAR/USD;0,00276000;0,00307900;0,00255900;0,00279400;1,22
2021-09-02T00:00:00+00:00;HTBEAR/USD;0,00260600;0,00281500;0,00256300;0,00276000;5,58
2021-09-01T00:00:00+00:00;HTBEAR/USD;0,00309800;0,00340300;0,00260000;0,00260600;-18,88
2021-08-31T00:00:00+00:00;HTBEAR/USD;0,00366800;0,00382600;0,00300000;0,00309800;-18,4
2021-08-30T00:00:00+00:00;HTBEAR/USD;0,00353400;0,00381700;0,00349500;0,00366800;3,65
2021-08-29T00:00:00+00:00;HTBEAR/USD;0,00351700;0,00374200;0,00338800;0,00353400;0,48
2021-08-28T00:00:00+00:00;HTBEAR/USD;0,00348900;0,00367400;0,00344800;0,00351700;0,8
2021-08-27T00:00:00+00:00;HTBEAR/USD;0,00449200;0,00464800;0,00343300;0,00348900;-28,75
2021-08-26T00:00:00+00:00;HTBEAR/USD;0,00386600;0,00461700;0,00386600;0,00449200;13,94
2021-08-25T00:00:00+00:00;HTBEAR/USD;0,00408100;0,00444600;0,00373400;0,00386600;-5,56
2021-08-24T00:00:00+00:00;HTBEAR/USD;0,00345600;0,00424000;0,00341400;0,00408100;15,31
2021-08-23T00:00:00+00:00;HTBEAR/USD;0,00366500;0,00371000;0,00329100;0,00345600;-6,05
2021-08-22T00:00:00+00:00;HTBEAR/USD;0,00356000;0,00406100;0,00341800;0,00366500;2,86
2021-08-21T00:00:00+00:00;HTBEAR/USD;0,00320800;0,00362000;0,00317300;0,00356000;9,89
2021-08-20T00:00:00+00:00;HTBEAR/USD;0,00365900;0,00380700;0,00315300;0,00320800;-14,06
2021-08-19T00:00:00+00:00;HTBEAR/USD;0,00404600;0,00474300;0,00365900;0,00365900;-10,58
2021-08-18T00:00:00+00:00;HTBEAR/USD;0,00388700;0,00422900;0,00373100;0,00404600;3,93
2021-08-17T00:00:00+00:00;HTBEAR/USD;0,00349200;0,00395900;0,00295100;0,00388700;10,16
2021-08-16T00:00:00+00:00;HTBEAR/USD;0,00498200;0,00498200;0,00314400;0,00349200;-42,67
2021-08-15T00:00:00+00:00;HTBEAR/USD;0,00501500;0,00559700;0,00466000;0,00498200;-0,66
2021-08-14T00:00:00+00:00;HTBEAR/USD;0,00453800;0,00537700;0,00449900;0,00501500;9,51
2021-08-13T00:00:00+00:00;HTBEAR/USD;0,00555000;0,00563750;0,00448000;0,00453800;-22,3
2021-08-12T00:00:00+00:00;HTBEAR/USD;0,00480100;0,00623900;0,00467000;0,00555000;13,5
2021-08-11T00:00:00+00:00;HTBEAR/USD;0,00560750;0,00562250;0,00453250;0,00480100;-16,8
2021-08-10T00:00:00+00:00;HTBEAR/USD;0,00646000;0,00675500;0,00505500;0,00560750;-15,2
2021-08-09T00:00:00+00:00;HTBEAR/USD;0,00743750;0,00821250;0,00626500;0,00646000;-15,13
2021-08-08T00:00:00+00:00;HTBEAR/USD;0,00631750;0,00775000;0,00631750;0,00743750;15,06
2021-08-07T00:00:00+00:00;HTBEAR/USD;0,00938250;0,00952250;0,00626750;0,00631750;-48,52
2021-08-06T00:00:00+00:00;HTBEAR/USD;0,01078000;0,01136500;0,00876000;0,00938250;-14,89
2021-08-05T00:00:00+00:00;HTBEAR/USD;0,01226000;0,01383000;0,01039000;0,01078000;-13,73
2021-08-04T00:00:00+00:00;HTBEAR/USD;0,01375500;0,01441000;0,01199500;0,01226000;-12,19
2021-08-03T00:00:00+00:00;HTBEAR/USD;0,01268000;0,01521500;0,01246500;0,01375500;7,82
2021-08-02T00:00:00+00:00;HTBEAR/USD;0,01189500;0,01305000;0,01168500;0,01268000;6,19
2021-08-01T00:00:00+00:00;HTBEAR/USD;0,01120500;0,01195500;0,01006500;0,01189500;5,8
2021-07-31T00:00:00+00:00;HTBEAR/USD;0,01114000;0,01283500;0,01062000;0,01120500;0,58
2021-07-30T00:00:00+00:00;HTBEAR/USD;0,01110000;0,01431500;0,01032000;0,01114000;0,36
2021-07-29T00:00:00+00:00;HTBEAR/USD;0,01175000;0,01206000;0,01080000;0,01110000;-5,86
2021-07-28T00:00:00+00:00;HTBEAR/USD;0,01173500;0,01194000;0,00979000;0,01175000;0,13
2021-07-27T00:00:00+00:00;HTBEAR/USD;0,01635500;0,01880000;0,00930750;0,01173500;-39,37
2021-07-26T00:00:00+00:00;HTBEAR/USD;0,01912000;0,01931500;0,01346000;0,01635500;-16,91
2021-07-25T00:00:00+00:00;HTBEAR/USD;0,02025500;0,02222000;0,01912000;0,01912000;-5,94
2021-07-24T00:00:00+00:00;HTBEAR/USD;0,02261000;0,02339500;0,01979500;0,02025500;-11,63
2021-07-23T00:00:00+00:00;HTBEAR/USD;0,02328000;0,02655000;0,02254500;0,02261000;-2,96
2021-07-22T00:00:00+00:00;HTBEAR/USD;0,02761000;0,02900000;0,02272000;0,02328000;-18,6
2021-07-21T00:00:00+00:00;HTBEAR/USD;0,04193000;0,04267000;0,02638000;0,02761000;-51,87
2021-07-20T00:00:00+00:00;HTBEAR/USD;0,03482000;0,04343000;0,03455000;0,04193000;16,96
2021-07-19T00:00:00+00:00;HTBEAR/USD;0,02996000;0,03644000;0,02943000;0,03482000;13,96
2021-07-18T00:00:00+00:00;HTBEAR/USD;0,02978000;0,03034000;0,02674000;0,02996000;0,6
2021-07-17T00:00:00+00:00;HTBEAR/USD;0,02732000;0,03045000;0,02723000;0,02978000;8,26
2021-07-16T00:00:00+00:00;HTBEAR/USD;0,02582000;0,02769000;0,02451000;0,02732000;5,49
2021-07-15T00:00:00+00:00;HTBEAR/USD;0,02267500;0,02610000;0,02201000;0,02582000;12,18
2021-07-14T00:00:00+00:00;HTBEAR/USD;0,02427500;0,02671000;0,02109000;0,02267500;-7,06
2021-07-13T00:00:00+00:00;HTBEAR/USD;0,02300000;0,02476500;0,02271500;0,02427500;5,25
2021-07-12T00:00:00+00:00;HTBEAR/USD;0,02378000;0,02441000;0,01900000;0,02300000;-3,39
2021-07-11T00:00:00+00:00;HTBEAR/USD;0,02634000;0,02766000;0,02211000;0,02378000;-10,77
2021-07-10T00:00:00+00:00;HTBEAR/USD;0,02252500;0,02783500;0,02169000;0,02634000;14,48
2021-07-09T00:00:00+00:00;HTBEAR/USD;0,02064500;0,02474000;0,02055500;0,02252500;8,35
2021-07-08T00:00:00+00:00;HTBEAR/USD;0,01869000;0,02166000;0,01869000;0,02064500;9,47
2021-07-07T00:00:00+00:00;HTBEAR/USD;0,01806500;0,01871500;0,01737500;0,01869000;3,34
2021-07-06T00:00:00+00:00;HTBEAR/USD;0,01858500;0,01939500;0,01708000;0,01806500;-2,88
2021-07-05T00:00:00+00:00;HTBEAR/USD;0,01671000;0,01941000;0,01671000;0,01858500;10,09
2021-07-04T00:00:00+00:00;HTBEAR/USD;0,01810500;0,01887500;0,01592000;0,01671000;-8,35
2021-07-03T00:00:00+00:00;HTBEAR/USD;0,01857500;0,01887500;0,01725500;0,01810500;-2,6
2021-07-02T00:00:00+00:00;HTBEAR/USD;0,01837500;0,02021500;0,01790000;0,01857500;1,08
2021-07-01T00:00:00+00:00;HTBEAR/USD;0,01671000;0,01893500;0,01635500;0,01837500;9,06
2021-06-30T00:00:00+00:00;HTBEAR/USD;0,01602500;0,01887500;0,01590000;0,01671000;4,1
2021-06-29T00:00:00+00:00;HTBEAR/USD;0,01957500;0,01957500;0,01452000;0,01602500;-22,15
2021-06-28T00:00:00+00:00;HTBEAR/USD;0,02072000;0,02198500;0,01849500;0,01957500;-5,85
2021-06-27T00:00:00+00:00;HTBEAR/USD;0,02347500;0,02463000;0,02070000;0,02072000;-13,3
2021-06-26T00:00:00+00:00;HTBEAR/USD;0,02290000;0,02705000;0,02113500;0,02347500;2,45
2021-06-25T00:00:00+00:00;HTBEAR/USD;0,01770500;0,02332000;0,01718500;0,02290000;22,69
2021-06-24T00:00:00+00:00;HTBEAR/USD;0,02428000;0,02664000;0,01664500;0,01770500;-37,14
2021-06-23T00:00:00+00:00;HTBEAR/USD;0,03322000;0,03515000;0,02233000;0,02428000;-36,82
2021-06-22T00:00:00+00:00;HTBEAR/USD;0,03165000;0,04023000;0,02657000;0,03322000;4,73
2021-06-21T00:00:00+00:00;HTBEAR/USD;0,01981000;0,03165000;0,01937500;0,03165000;37,41
2021-06-20T00:00:00+00:00;HTBEAR/USD;0,01862000;0,02322000;0,01819000;0,01981000;6,01
2021-06-19T00:00:00+00:00;HTBEAR/USD;0,01739500;0,01898000;0,01647000;0,01862000;6,58
2021-06-18T00:00:00+00:00;HTBEAR/USD;0,01537500;0,01841000;0,01517500;0,01739500;11,61
2021-06-17T00:00:00+00:00;HTBEAR/USD;0,01473500;0,01611000;0,01322500;0,01537500;4,16
2021-06-16T00:00:00+00:00;HTBEAR/USD;0,01227500;0,01506000;0,01227500;0,01473500;16,69
2021-06-15T00:00:00+00:00;HTBEAR/USD;0,01108000;0,01267500;0,01096500;0,01227500;9,74
2021-06-14T00:00:00+00:00;HTBEAR/USD;0,01415000;0,01445500;0,01091500;0,01108000;-27,71
2021-06-13T00:00:00+00:00;HTBEAR/USD;0,01694000;0,01757500;0,01383000;0,01415000;-19,72
2021-06-12T00:00:00+00:00;HTBEAR/USD;0,01466000;0,01780000;0,01466000;0,01694000;13,46
2021-06-11T00:00:00+00:00;HTBEAR/USD;0,01302500;0,01547000;0,01294000;0,01466000;11,15
2021-06-10T00:00:00+00:00;HTBEAR/USD;0,01265500;0,01357000;0,01054000;0,01302500;2,84
2021-06-09T00:00:00+00:00;HTBEAR/USD;0,01499000;0,01655500;0,01261000;0,01265500;-18,45
2021-06-08T00:00:00+00:00;HTBEAR/USD;0,01329000;0,01752000;0,01250500;0,01499000;11,34
2021-06-07T00:00:00+00:00;HTBEAR/USD;0,01130500;0,01339000;0,01025000;0,01329000;14,94
2021-06-06T00:00:00+00:00;HTBEAR/USD;0,01061500;0,01141500;0,01030000;0,01130500;6,1
2021-06-05T00:00:00+00:00;HTBEAR/USD;0,01014000;0,01091000;0,00881250;0,01061500;4,47
2021-06-04T00:00:00+00:00;HTBEAR/USD;0,00836750;0,01042750;0,00833500;0,01014000;17,48
2021-06-03T00:00:00+00:00;HTBEAR/USD;0,00876250;0,00961500;0,00790000;0,00836750;-4,72
2021-06-02T00:00:00+00:00;HTBEAR/USD;0,01140000;0,01210000;0,00762750;0,00876250;-30,1
2021-06-01T00:00:00+00:00;HTBEAR/USD;0,01208500;0,01362500;0,01099500;0,01140000;-6,01
2021-05-31T00:00:00+00:00;HTBEAR/USD;0,01401500;0,01554000;0,01208500;0,01208500;-15,97
2021-05-30T00:00:00+00:00;HTBEAR/USD;0,01385500;0,01619500;0,01324500;0,01414000;2,02
2021-05-29T00:00:00+00:00;HTBEAR/USD;0,01541500;0,01541500;0,01154500;0,01385500;-11,26
2021-05-28T00:00:00+00:00;HTBEAR/USD;0,01169000;0,01623500;0,01147000;0,01541500;24,16
2021-05-27T00:00:00+00:00;HTBEAR/USD;0,01036750;0,01324000;0,01036750;0,01169000;11,31
2021-05-26T00:00:00+00:00;HTBEAR/USD;0,01012500;0,01253500;0,00996750;0,01036750;2,34
2021-05-25T00:00:00+00:00;HTBEAR/USD;0,01244000;0,01777500;0,00996750;0,01012500;-22,86
2021-05-24T00:00:00+00:00;HTBEAR/USD;0,03000000;0,03000000;0,01173500;0,01244000;-141,16
2021-05-23T00:00:00+00:00;HTBEAR/USD;0,02073500;0,03828500;0,01871500;0,03000000;30,88
2021-05-22T00:00:00+00:00;HTBEAR/USD;0,01407500;0,02200000;0,01407500;0,02073500;32,12
2021-05-21T00:00:00+00:00;HTBEAR/USD;0,00830750;0,01575750;0,00670500;0,01407500;40,98
2021-05-20T00:00:00+00:00;HTBEAR/USD;0,01373000;0,01848500;0,00717750;0,00830750;-65,27
2021-05-19T00:00:00+00:00;HTBEAR/USD;0,00773000;0,01481000;0,00728000;0,01373000;43,7
2021-05-18T00:00:00+00:00;HTBEAR/USD;0,00710000;0,00877750;0,00655000;0,00773000;8,15
2021-05-17T00:00:00+00:00;HTBEAR/USD;0,00665600;0,00930000;0,00665600;0,00710000;6,25
2021-05-16T00:00:00+00:00;HTBEAR/USD;0,00655000;0,00755800;0,00514000;0,00665600;1,59
2021-05-15T00:00:00+00:00;HTBEAR/USD;0,00489300;0,00655000;0,00486700;0,00655000;25,3
2021-05-14T00:00:00+00:00;HTBEAR/USD;0,00575500;0,00575500;0,00412300;0,00489300;-17,62
2021-05-13T00:00:00+00:00;HTBEAR/USD;0,00515400;0,00607800;0,00463500;0,00575500;10,44
2021-05-12T00:00:00+00:00;HTBEAR/USD;0,00639500;0,00655000;0,00367300;0,00515400;-24,08
2021-05-11T00:00:00+00:00;HTBEAR/USD;0,01085000;0,01206000;0,00570000;0,00639500;-69,66
2021-05-10T00:00:00+00:00;HTBEAR/USD;0,01249500;0,01263500;0,00834500;0,01085000;-15,16
2021-05-09T00:00:00+00:00;HTBEAR/USD;0,01618500;0,01800000;0,01249500;0,01249500;-29,53
2021-05-08T00:00:00+00:00;HTBEAR/USD;0,01542000;0,01645000;0,01354000;0,01618500;4,73
2021-05-07T00:00:00+00:00;HTBEAR/USD;0,02268500;0,02317000;0,01351500;0,01542000;-47,11
2021-05-06T00:00:00+00:00;HTBEAR/USD;0,01892500;0,02347500;0,01892500;0,02268500;16,57
2021-05-05T00:00:00+00:00;HTBEAR/USD;0,02350000;0,02407000;0,01793000;0,01892500;-24,17
2021-05-04T00:00:00+00:00;HTBEAR/USD;0,01708500;0,02536000;0,01708500;0,02350000;27,3
2021-05-03T00:00:00+00:00;HTBEAR/USD;0,01651000;0,01852000;0,01428000;0,01708500;3,37
2021-05-02T00:00:00+00:00;HTBEAR/USD;0,01527000;0,01836500;0,01502500;0,01651000;7,51
2021-05-01T00:00:00+00:00;HTBEAR/USD;0,02851000;0,03038000;0,01369500;0,01527000;-86,71
2021-04-30T00:00:00+00:00;HTBEAR/USD;0,03897000;0,03910000;0,02578000;0,02851000;-36,69
2021-04-29T00:00:00+00:00;HTBEAR/USD;0,06377500;0,06935000;0,03871000;0,03897000;-63,65
2021-04-28T00:00:00+00:00;HTBEAR/USD;0,06250000;0,06965000;0,05762500;0,06377500;2,0
2021-04-27T00:00:00+00:00;HTBEAR/USD;0,06665000;0,06785000;0,06115000;0,06250000;-6,64
2021-04-26T00:00:00+00:00;HTBEAR/USD;0,08270000;0,08270000;0,06665000;0,06665000;-24,08
2021-04-25T00:00:00+00:00;HTBEAR/USD;0,08037500;0,09192500;0,07257500;0,08270000;2,81
2021-04-24T00:00:00+00:00;HTBEAR/USD;0,06990000;0,08037500;0,06990000;0,08037500;13,03
2021-04-23T00:00:00+00:00;HTBEAR/USD;0,06382500;0,08442500;0,06300000;0,06990000;8,69
2021-04-22T00:00:00+00:00;HTBEAR/USD;0,05377000;0,06385000;0,04770000;0,06382500;15,75
2021-04-21T00:00:00+00:00;HTBEAR/USD;0,06665000;0,06682500;0,04382500;0,05377000;-23,95
2021-04-20T00:00:00+00:00;HTBEAR/USD;0,09110000;0,10225000;0,06610000;0,06665000;-36,68
2021-04-19T00:00:00+00:00;HTBEAR/USD;0,08652500;0,10777500;0,07832500;0,09110000;5,02
2021-04-18T00:00:00+00:00;HTBEAR/USD;0,07087500;0,10677500;0,07015000;0,08652500;18,09
2021-04-17T00:00:00+00:00;HTBEAR/USD;0,05975000;0,07387500;0,05967500;0,07087500;15,7
2021-04-16T00:00:00+00:00;HTBEAR/USD;0,05297500;0,06432500;0,05210000;0,05975000;11,34
2021-04-15T00:00:00+00:00;HTBEAR/USD;0,05895000;0,06260000;0,05205000;0,05297500;-11,28
2021-04-14T00:00:00+00:00;HTBEAR/USD;0,06020000;0,06257500;0,05307500;0,05895000;-2,12
2021-04-13T00:00:00+00:00;HTBEAR/USD;0,05162000;0,06075000;0,04830000;0,06020000;14,25
2021-04-12T00:00:00+00:00;HTBEAR/USD;0,06417500;0,06417500;0,04251000;0,05162000;-24,32
2021-04-11T00:00:00+00:00;HTBEAR/USD;0,08072500;0,08077500;0,06375000;0,06417500;-25,79
2021-04-10T00:00:00+00:00;HTBEAR/USD;0,08685000;0,08742500;0,07122500;0,08072500;-7,59
2021-04-09T00:00:00+00:00;HTBEAR/USD;0,09547500;0,10162500;0,08542500;0,08685000;-9,93
2021-04-08T00:00:00+00:00;HTBEAR/USD;0,12707500;0,12707500;0,09402500;0,09547500;-33,1
2021-04-07T00:00:00+00:00;HTBEAR/USD;0,09390000;0,12742500;0,09325000;0,12707500;26,11
2021-04-06T00:00:00+00:00;HTBEAR/USD;0,12220000;0,12220000;0,08795000;0,09390000;-30,14
2021-04-05T00:00:00+00:00;HTBEAR/USD;0,13750000;0,14445000;0,11615000;0,12220000;-12,52
2021-04-04T00:00:00+00:00;HTBEAR/USD;0,15485000;0,16010000;0,13710000;0,13750000;-12,62
2021-04-03T00:00:00+00:00;HTBEAR/USD;0,12990000;0,15485000;0,12095000;0,15485000;16,11
2021-04-02T00:00:00+00:00;HTBEAR/USD;0,13350000;0,13885000;0,12110000;0,12990000;-2,77
2021-04-01T00:00:00+00:00;HTBEAR/USD;0,16335000;0,18195000;0,13220000;0,13350000;-22,36
2021-03-31T00:00:00+00:00;HTBEAR/USD;0,14905000;0,18085000;0,14145000;0,16335000;8,75
2021-03-30T00:00:00+00:00;HTBEAR/USD;0,21050000;0,21705000;0,14715000;0,14905000;-41,23
2021-03-29T00:00:00+00:00;HTBEAR/USD;0,27610000;0,28700000;0,21050000;0,21050000;-31,16
2021-03-28T00:00:00+00:00;HTBEAR/USD;0,31900000;0,31970000;0,25240000;0,27610000;-15,54
2021-03-27T00:00:00+00:00;HTBEAR/USD;0,33160000;0,33160000;0,31020000;0,31900000;-3,95
2021-03-26T00:00:00+00:00;HTBEAR/USD;0,37370000;0,37370000;0,33050000;0,33160000;-12,7
2021-03-25T00:00:00+00:00;HTBEAR/USD;0,35370000;0,39310000;0,34300000;0,37370000;5,35
2021-03-24T00:00:00+00:00;HTBEAR/USD;0,35760000;0,36850000;0,26330000;0,35370000;-1,1
2021-03-23T00:00:00+00:00;HTBEAR/USD;0,35150000;0,37810000;0,33450000;0,35760000;1,71
2021-03-22T00:00:00+00:00;HTBEAR/USD;0,28480000;0,35150000;0,28290000;0,35150000;18,98
2021-03-21T00:00:00+00:00;HTBEAR/USD;0,26180000;0,29230000;0,25710000;0,28480000;8,08
2021-03-20T00:00:00+00:00;HTBEAR/USD;0,26590000;0,26770000;0,24940000;0,26180000;-1,57
2021-03-19T00:00:00+00:00;HTBEAR/USD;0,25110000;0,26590000;0,25110000;0,26590000;5,57
2021-03-18T00:00:00+00:00;HTBEAR/USD;0,24720000;0,25720000;0,23520000;0,25110000;1,55
2021-03-17T00:00:00+00:00;HTBEAR/USD;0,24700000;0,26780000;0,24140000;0,24720000;0,08
2021-03-16T00:00:00+00:00;HTBEAR/USD;0,24640000;0,27490000;0,23390000;0,24700000;0,24
2021-03-15T00:00:00+00:00;HTBEAR/USD;0,23640000;0,26350000;0,21270000;0,24640000;4,06
2021-03-14T00:00:00+00:00;HTBEAR/USD;0,20760000;0,23930000;0,20745000;0,23640000;12,18
2021-03-13T00:00:00+00:00;HTBEAR/USD;0,24200000;0,26230000;0,20745000;0,20760000;-16,57
2021-03-12T00:00:00+00:00;HTBEAR/USD;0,20530000;0,25800000;0,20515000;0,24200000;15,17
2021-03-11T00:00:00+00:00;HTBEAR/USD;0,19395000;0,22920000;0,18695000;0,20530000;5,53
2021-03-10T00:00:00+00:00;HTBEAR/USD;0,16065000;0,19395000;0,15415000;0,19395000;17,17
2021-03-09T00:00:00+00:00;HTBEAR/USD;0,22425000;0,23085000;0,15545000;0,16065000;-39,59
2021-03-08T00:00:00+00:00;HTBEAR/USD;0,22930000;0,28550000;0,21700000;0,22425000;-2,25
2021-03-07T00:00:00+00:00;HTBEAR/USD;0,24580000;0,25650000;0,22195000;0,22930000;-7,2
2021-03-06T00:00:00+00:00;HTBEAR/USD;0,23795000;0,26915000;0,22760000;0,24580000;3,19
2021-03-05T00:00:00+00:00;HTBEAR/USD;0,21865000;0,27635000;0,21865000;0,23795000;8,11
2021-03-04T00:00:00+00:00;HTBEAR/USD;0,26660000;0,27800000;0,15810000;0,21865000;-21,93
2021-03-03T00:00:00+00:00;HTBEAR/USD;0,31640000;0,33290000;0,23520000;0,26660000;-18,68
2021-03-02T00:00:00+00:00;HTBEAR/USD;0,31140000;0,35160000;0,27010000;0,31640000;1,58
2021-03-01T00:00:00+00:00;HTBEAR/USD;0,38460000;0,40280000;0,31130000;0,31140000;-23,51
2021-02-28T00:00:00+00:00;HTBEAR/USD;0,26630000;0,44300000;0,25540000;0,38460000;30,76
2021-02-27T00:00:00+00:00;HTBEAR/USD;0,33970000;0,33970000;0,22080000;0,26630000;-27,56
2021-02-26T00:00:00+00:00;HTBEAR/USD;0,26580000;0,34450000;0,24205000;0,33970000;21,75
2021-02-25T00:00:00+00:00;HTBEAR/USD;0,20070000;0,27180000;0,17210000;0,26580000;24,49
2021-02-24T00:00:00+00:00;HTBEAR/USD;0,24600000;0,27710000;0,15225000;0,20070000;-22,57
2021-02-23T00:00:00+00:00;HTBEAR/USD;0,17045000;0,29270000;0,17045000;0,24600000;30,71
2021-02-22T00:00:00+00:00;HTBEAR/USD;0,11890000;0,21840000;0,11890000;0,17045000;30,24
2021-02-21T00:00:00+00:00;HTBEAR/USD;0,22730000;0,22860000;0,11130000;0,11890000;-91,17
2021-02-20T00:00:00+00:00;HTBEAR/USD;0,15715000;0,23995000;0,14620000;0,22730000;30,86
2021-02-19T00:00:00+00:00;HTBEAR/USD;0,81325000;0,82275000;0,15300000;0,15715000;-417,5
2021-02-18T00:00:00+00:00;HTBEAR/USD;1,15050000;1,24050000;0,75650000;0,81325000;-41,47
2021-02-17T00:00:00+00:00;HTBEAR/USD;2,16400000;2,36700000;1,09400000;1,15050000;-88,09
2021-02-16T00:00:00+00:00;HTBEAR/USD;2,10450000;2,27350000;2,02700000;2,16400000;2,75
2021-02-15T00:00:00+00:00;HTBEAR/USD;2,10950000;2,70250000;2,04150000;2,10450000;-0,24
2021-02-14T00:00:00+00:00;HTBEAR/USD;1,94550000;2,32550000;1,94550000;2,10950000;7,77
2021-02-13T00:00:00+00:00;HTBEAR/USD;1,79950000;1,94550000;1,70500000;1,94550000;7,5
2021-02-12T00:00:00+00:00;HTBEAR/USD;1,94100000;1,97250000;1,61700000;1,79950000;-7,86
2021-02-11T00:00:00+00:00;HTBEAR/USD;1,65850000;2,11350000;1,64300000;1,94100000;14,55
2021-02-10T00:00:00+00:00;HTBEAR/USD;2,71600000;2,92000000;1,49200000;1,65850000;-63,76
2021-02-09T00:00:00+00:00;HTBEAR/USD;6,22750000;6,22750000;2,49200000;2,71600000;-129,29
2021-02-08T00:00:00+00:00;HTBEAR/USD;6,69500000;6,98750000;6,20750000;6,22750000;-7,51
2021-02-07T00:00:00+00:00;HTBEAR/USD;6,79000000;7,38750000;5,83750000;6,69500000;-1,42
2021-02-06T00:00:00+00:00;HTBEAR/USD;8,91250000;10,01750000;6,63500000;6,79000000;-31,26
2021-02-05T00:00:00+00:00;HTBEAR/USD;10,52500000;10,52500000;8,89000000;8,91250000;-18,09
2021-02-04T00:00:00+00:00;HTBEAR/USD;11,76000000;11,76000000;9,72500000;10,52500000;-11,73
2021-02-03T00:00:00+00:00;HTBEAR/USD;15,23000000;15,23000000;11,76000000;11,76000000;-29,51
2021-02-02T00:00:00+00:00;HTBEAR/USD;16,08500000;16,46500000;15,22000000;15,23000000;-5,61
2021-02-01T00:00:00+00:00;HTBEAR/USD;15,49500000;17,04000000;15,49500000;16,08500000;3,67
2021-01-31T00:00:00+00:00;HTBEAR/USD;20,06500000;20,15000000;14,89000000;15,49500000;-29,49
2021-01-30T00:00:00+00:00;HTBEAR/USD;23,06000000;23,82000000;19,98000000;20,06500000;-14,93
2021-01-29T00:00:00+00:00;HTBEAR/USD;25,00000000;25,54000000;22,33000000;23,06000000;-8,41
2021-01-28T00:00:00+00:00;HTBEAR/USD;32,74000000;32,74000000;25,00000000;25,00000000;-30,96
2021-01-27T00:00:00+00:00;HTBEAR/USD;30,09000000;33,13000000;29,94000000;32,74000000;8,09
2021-01-26T00:00:00+00:00;HTBEAR/USD;28,51000000;32,17000000;27,47000000;30,09000000;5,25
2021-01-25T00:00:00+00:00;HTBEAR/USD;28,82000000;29,11000000;25,56000000;28,51000000;-1,09
2021-01-24T00:00:00+00:00;HTBEAR/USD;28,80000000;29,76000000;27,20000000;28,82000000;0,07
2021-01-23T00:00:00+00:00;HTBEAR/USD;34,08000000;34,61000000;28,11000000;28,80000000;-18,33
2021-01-22T00:00:00+00:00;HTBEAR/USD;39,46000000;44,96000000;34,08000000;34,08000000;-15,79
2021-01-21T00:00:00+00:00;HTBEAR/USD;31,46000000;39,91000000;31,46000000;39,46000000;20,27
2021-01-20T00:00:00+00:00;HTBEAR/USD;29,93000000;35,70000000;29,65000000;31,46000000;4,86
2021-01-19T00:00:00+00:00;HTBEAR/USD;33,06000000;33,41000000;24,27000000;29,93000000;-10,46
2021-01-18T00:00:00+00:00;HTBEAR/USD;42,96000000;42,96000000;32,62000000;33,06000000;-29,95
2021-01-17T00:00:00+00:00;HTBEAR/USD;44,49000000;49,32000000;42,74000000;42,96000000;-3,56
2021-01-16T00:00:00+00:00;HTBEAR/USD;50,54000000;50,54000000;40,55000000;44,49000000;-13,6
2021-01-15T00:00:00+00:00;HTBEAR/USD;53,10000000;53,10000000;45,51000000;50,54000000;-5,07
2021-01-14T00:00:00+00:00;HTBEAR/USD;55,55000000;55,55000000;52,62500000;53,10000000;-4,61
2021-01-13T00:00:00+00:00;HTBEAR/USD;63,95000000;65,67500000;55,55000000;55,55000000;-15,12
2021-01-12T00:00:00+00:00;HTBEAR/USD;62,85000000;65,67500000;57,00000000;63,95000000;1,72
2021-01-11T00:00:00+00:00;HTBEAR/USD;42,10000000;62,85000000;42,10000000;62,85000000;33,02
2021-01-10T00:00:00+00:00;HTBEAR/USD;55,37500000;56,07500000;39,73000000;42,10000000;-31,53
2021-01-09T00:00:00+00:00;HTBEAR/USD;67,30000000;67,30000000;53,97500000;55,37500000;-21,53
2021-01-08T00:00:00+00:00;HTBEAR/USD;62,75000000;67,47500000;62,75000000;67,30000000;6,76
2021-01-07T00:00:00+00:00;HTBEAR/USD;60,55000000;63,92500000;60,55000000;62,75000000;3,51
2021-01-06T00:00:00+00:00;HTBEAR/USD;69,72500000;69,72500000;60,55000000;60,55000000;-15,15
2021-01-05T00:00:00+00:00;HTBEAR/USD;70,52500000;70,52500000;69,72500000;69,72500000;-1,15
2021-01-04T00:00:00+00:00;HTBEAR/USD;63,00000000;70,52500000;54,85000000;70,52500000;10,67
2021-01-03T00:00:00+00:00;HTBEAR/USD;66,15000000;68,20000000;61,07500000;63,00000000;-5,0
2021-01-02T00:00:00+00:00;HTBEAR/USD;54,45000000;66,17000000;49,02000000;66,15000000;17,69
2021-01-01T00:00:00+00:00;HTBEAR/USD;98,45000000;100,00000000;54,17500000;54,45000000;-80,81
2020-12-31T00:00:00+00:00;HTBEAR/USD;101,25000000;108,27500000;98,45000000;98,45000000;-2,84
2020-12-30T00:00:00+00:00;HTBEAR/USD;100,95000000;105,22500000;99,85000000;101,25000000;0,3
2020-12-29T00:00:00+00:00;HTBEAR/USD;107,85000000;113,10000000;96,92500000;100,95000000;-6,84
2020-12-28T00:00:00+00:00;HTBEAR/USD;122,90000000;122,90000000;103,90000000;107,85000000;-13,95
2020-12-27T00:00:00+00:00;HTBEAR/USD;122,30000000;130,35000000;110,00000000;122,90000000;0,49
2020-12-26T00:00:00+00:00;HTBEAR/USD;122,50000000;129,25000000;120,60000000;122,30000000;-0,16
2020-12-25T00:00:00+00:00;HTBEAR/USD;128,70000000;131,10000000;110,65000000;122,50000000;-5,06
2020-12-24T00:00:00+00:00;HTBEAR/USD;127,35000000;135,15000000;124,80000000;128,70000000;1,05
2020-12-23T00:00:00+00:00;HTBEAR/USD;116,65000000;134,90000000;115,55000000;127,35000000;8,4
2020-12-22T00:00:00+00:00;HTBEAR/USD;122,65000000;126,15000000;111,90000000;116,65000000;-5,14
2020-12-21T00:00:00+00:00;HTBEAR/USD;116,85000000;129,00000000;109,17500000;122,65000000;4,73
2020-12-20T00:00:00+00:00;HTBEAR/USD;102,45000000;121,30000000;99,82500000;116,85000000;12,32
2020-12-19T00:00:00+00:00;HTBEAR/USD;131,30000000;131,85000000;90,50000000;102,45000000;-28,16
2020-12-18T00:00:00+00:00;HTBEAR/USD;138,50000000;143,30000000;127,50000000;131,30000000;-5,48
2020-12-17T00:00:00+00:00;HTBEAR/USD;129,20000000;141,00000000;122,85000000;138,50000000;6,71
2020-12-16T00:00:00+00:00;HTBEAR/USD;144,50000000;148,05000000;124,85000000;129,20000000;-11,84
2020-12-15T00:00:00+00:00;HTBEAR/USD;143,95000000;146,35000000;140,25000000;144,50000000;0,38
2020-12-14T00:00:00+00:00;HTBEAR/USD;138,65000000;149,75000000;138,25000000;143,95000000;3,68
2020-12-13T00:00:00+00:00;HTBEAR/USD;136,50000000;139,65000000;133,65000000;138,65000000;1,55
2020-12-12T00:00:00+00:00;HTBEAR/USD;139,60000000;141,50000000;132,85000000;136,50000000;-2,27
2020-12-11T00:00:00+00:00;HTBEAR/USD;134,90000000;149,15000000;120,15000000;139,60000000;3,37
2020-12-10T00:00:00+00:00;HTBEAR/USD;126,45000000;140,45000000;120,15000000;134,90000000;6,26
2020-12-09T00:00:00+00:00;HTBEAR/USD;122,55000000;139,25000000;120,15000000;126,45000000;3,08
2020-12-08T00:00:00+00:00;HTBEAR/USD;147,40000000;147,60000000;119,40000000;122,55000000;-20,28
2020-12-07T00:00:00+00:00;HTBEAR/USD;148,85000000;152,60000000;143,10000000;147,40000000;-0,98
2020-12-06T00:00:00+00:00;HTBEAR/USD;147,80000000;152,00000000;144,75000000;148,85000000;0,71
2020-12-05T00:00:00+00:00;HTBEAR/USD;153,60000000;156,40000000;144,75000000;147,80000000;-3,92
2020-12-04T00:00:00+00:00;HTBEAR/USD;144,10000000;155,60000000;142,95000000;153,60000000;6,18
2020-12-03T00:00:00+00:00;HTBEAR/USD;140,20000000;145,70000000;139,35000000;144,10000000;2,71
2020-12-02T00:00:00+00:00;HTBEAR/USD;146,80000000;148,35000000;138,85000000;140,20000000;-4,71
2020-12-01T00:00:00+00:00;HTBEAR/USD;128,20000000;148,35000000;124,10000000;146,80000000;12,67
2020-11-30T00:00:00+00:00;HTBEAR/USD;137,10000000;137,70000000;121,40000000;128,20000000;-6,94
2020-11-29T00:00:00+00:00;HTBEAR/USD;133,95000000;139,00000000;133,65000000;137,10000000;2,3
2020-11-28T00:00:00+00:00;HTBEAR/USD;141,50000000;144,85000000;130,95000000;133,95000000;-5,64
2020-11-27T00:00:00+00:00;HTBEAR/USD;147,10000000;155,30000000;141,50000000;141,50000000;-3,96
2020-11-26T00:00:00+00:00;HTBEAR/USD;121,00000000;155,30000000;118,00000000;147,10000000;17,74
2020-11-25T00:00:00+00:00;HTBEAR/USD;106,17500000;125,95000000;103,27500000;121,00000000;12,25
2020-11-24T00:00:00+00:00;HTBEAR/USD;118,00000000;118,60000000;97,80000000;106,17500000;-11,14
2020-11-23T00:00:00+00:00;HTBEAR/USD;118,00000000;121,45000000;113,15000000;118,00000000;0,0
2020-11-22T00:00:00+00:00;HTBEAR/USD;113,75000000;132,10000000;112,30000000;118,00000000;3,6
2020-11-21T00:00:00+00:00;HTBEAR/USD;116,75000000;123,15000000;110,25000000;113,75000000;-2,64
2020-11-20T00:00:00+00:00;HTBEAR/USD;129,85000000;131,80000000;105,85000000;116,75000000;-11,22
2020-11-19T00:00:00+00:00;HTBEAR/USD;173,80000000;174,90000000;126,40000000;129,85000000;-33,85
2020-11-18T00:00:00+00:00;HTBEAR/USD;189,20000000;195,75000000;166,45000000;173,80000000;-8,86
2020-11-17T00:00:00+00:00;HTBEAR/USD;210,55000000;211,25000000;175,55000000;189,20000000;-11,28
2020-11-16T00:00:00+00:00;HTBEAR/USD;196,85000000;214,90000000;193,20000000;210,55000000;6,51
2020-11-15T00:00:00+00:00;HTBEAR/USD;198,05000000;205,25000000;191,05000000;196,85000000;-0,61
2020-11-14T00:00:00+00:00;HTBEAR/USD;195,85000000;201,20000000;192,00000000;198,05000000;1,11
2020-11-13T00:00:00+00:00;HTBEAR/USD;197,90000000;201,25000000;191,05000000;195,85000000;-1,05
2020-11-12T00:00:00+00:00;HTBEAR/USD;196,00000000;202,50000000;191,05000000;197,90000000;0,96
2020-11-11T00:00:00+00:00;HTBEAR/USD;196,10000000;199,35000000;191,05000000;196,00000000;-0,05
2020-11-10T00:00:00+00:00;HTBEAR/USD;188,90000000;203,85000000;188,60000000;196,10000000;3,67
2020-11-09T00:00:00+00:00;HTBEAR/USD;184,15000000;199,95000000;179,90000000;188,90000000;2,51
2020-11-08T00:00:00+00:00;HTBEAR/USD;190,75000000;191,80000000;181,95000000;184,15000000;-3,58
2020-11-07T00:00:00+00:00;HTBEAR/USD;179,65000000;199,80000000;169,35000000;190,75000000;5,82
2020-11-06T00:00:00+00:00;HTBEAR/USD;218,15000000;220,00000000;171,85000000;179,65000000;-21,43
2020-11-05T00:00:00+00:00;HTBEAR/USD;232,95000000;244,10000000;204,40000000;218,15000000;-6,78
2020-11-04T00:00:00+00:00;HTBEAR/USD;214,20000000;266,20000000;213,55000000;232,95000000;8,05
2020-11-03T00:00:00+00:00;HTBEAR/USD;194,80000000;238,00000000;194,80000000;214,20000000;9,06
2020-11-02T00:00:00+00:00;HTBEAR/USD;155,25000000;215,90000000;154,05000000;194,80000000;20,3
2020-11-01T00:00:00+00:00;HTBEAR/USD;149,25000000;159,85000000;146,75000000;155,25000000;3,86
2020-10-31T00:00:00+00:00;HTBEAR/USD;163,65000000;180,25000000;145,50000000;149,25000000;-9,65
2020-10-30T00:00:00+00:00;HTBEAR/USD;149,25000000;166,40000000;148,60000000;163,65000000;8,8
2020-10-29T00:00:00+00:00;HTBEAR/USD;151,00000000;157,65000000;146,05000000;149,25000000;-1,17
2020-10-28T00:00:00+00:00;HTBEAR/USD;142,95000000;158,35000000;139,75000000;151,00000000;5,33
2020-10-27T00:00:00+00:00;HTBEAR/USD;134,10000000;145,65000000;133,10000000;142,95000000;6,19
2020-10-26T00:00:00+00:00;HTBEAR/USD;133,10000000;135,35000000;130,00000000;134,10000000;0,75
2020-10-25T00:00:00+00:00;HTBEAR/USD;128,65000000;135,10000000;128,65000000;133,10000000;3,34
2020-10-24T00:00:00+00:00;HTBEAR/USD;129,60000000;129,95000000;127,90000000;128,65000000;-0,74
2020-10-23T00:00:00+00:00;HTBEAR/USD;124,30000000;139,25000000;123,35000000;129,60000000;4,09
2020-10-22T00:00:00+00:00;HTBEAR/USD;131,45000000;135,10000000;123,20000000;124,30000000;-5,75
2020-10-21T00:00:00+00:00;HTBEAR/USD;145,25000000;147,15000000;125,40000000;131,45000000;-10,5
2020-10-20T00:00:00+00:00;HTBEAR/USD;140,75000000;146,40000000;136,95000000;145,25000000;3,1
2020-10-19T00:00:00+00:00;HTBEAR/USD;136,30000000;145,10000000;134,25000000;140,75000000;3,16
2020-10-18T00:00:00+00:00;HTBEAR/USD;149,25000000;151,90000000;134,80000000;136,30000000;-9,5
2020-10-17T00:00:00+00:00;HTBEAR/USD;139,35000000;156,95000000;139,35000000;149,25000000;6,63
2020-10-16T00:00:00+00:00;HTBEAR/USD;122,35000000;146,60000000;121,30000000;139,35000000;12,2
2020-10-15T00:00:00+00:00;HTBEAR/USD;118,35000000;124,15000000;118,05000000;122,35000000;3,27
2020-10-14T00:00:00+00:00;HTBEAR/USD;118,05000000;119,45000000;115,25000000;118,35000000;0,25
2020-10-13T00:00:00+00:00;HTBEAR/USD;114,95000000;118,05000000;114,25000000;118,05000000;2,63
2020-10-12T00:00:00+00:00;HTBEAR/USD;118,25000000;118,55000000;114,20000000;114,95000000;-2,87
2020-10-11T00:00:00+00:00;HTBEAR/USD;118,55000000;118,90000000;117,55000000;118,25000000;-0,25
2020-10-10T00:00:00+00:00;HTBEAR/USD;118,55000000;118,55000000;113,30000000;118,55000000;0,0
2020-10-09T00:00:00+00:00;HTBEAR/USD;124,80000000;126,60000000;117,20000000;118,55000000;-5,27
2020-10-08T00:00:00+00:00;HTBEAR/USD;129,70000000;130,80000000;123,95000000;124,80000000;-3,93
2020-10-07T00:00:00+00:00;HTBEAR/USD;129,35000000;134,05000000;128,95000000;129,70000000;0,27
2020-10-06T00:00:00+00:00;HTBEAR/USD;124,10000000;130,10000000;123,15000000;129,35000000;4,06
2020-10-05T00:00:00+00:00;HTBEAR/USD;124,30000000;125,35000000;122,50000000;124,10000000;-0,16
2020-10-04T00:00:00+00:00;HTBEAR/USD;125,75000000;125,90000000;122,40000000;124,30000000;-1,17
2020-10-03T00:00:00+00:00;HTBEAR/USD;124,95000000;125,75000000;121,80000000;125,75000000;0,64
2020-10-02T00:00:00+00:00;HTBEAR/USD;128,25000000;131,75000000;118,20000000;124,95000000;-2,64
2020-10-01T00:00:00+00:00;HTBEAR/USD;126,85000000;130,15000000;115,35000000;128,25000000;1,09
2020-09-30T00:00:00+00:00;HTBEAR/USD;126,85000000;127,90000000;126,55000000;126,85000000;0,0
2020-09-29T00:00:00+00:00;HTBEAR/USD;127,65000000;128,50000000;126,15000000;126,85000000;-0,63
2020-09-28T00:00:00+00:00;HTBEAR/USD;127,15000000;130,00000000;124,35000000;127,65000000;0,39
2020-09-27T00:00:00+00:00;HTBEAR/USD;126,30000000;131,10000000;124,65000000;127,15000000;0,67
2020-09-26T00:00:00+00:00;HTBEAR/USD;129,15000000;130,80000000;126,15000000;126,30000000;-2,26
2020-09-25T00:00:00+00:00;HTBEAR/USD;128,95000000;132,00000000;126,90000000;129,15000000;0,15
2020-09-24T00:00:00+00:00;HTBEAR/USD;139,00000000;140,35000000;126,45000000;128,95000000;-7,79
2020-09-23T00:00:00+00:00;HTBEAR/USD;134,75000000;140,70000000;130,90000000;139,00000000;3,06
2020-09-22T00:00:00+00:00;HTBEAR/USD;137,35000000;143,40000000;134,15000000;134,75000000;-1,93
2020-09-21T00:00:00+00:00;HTBEAR/USD;118,95000000;143,65000000;113,35000000;137,35000000;13,4
2020-09-20T00:00:00+00:00;HTBEAR/USD;111,30000000;124,55000000;110,30000000;118,95000000;6,43
2020-09-19T00:00:00+00:00;HTBEAR/USD;113,75000000;114,60000000;109,75000000;111,30000000;-2,2
2020-09-18T00:00:00+00:00;HTBEAR/USD;114,80000000;117,35000000;111,20000000;113,75000000;-0,92
2020-09-17T00:00:00+00:00;HTBEAR/USD;122,15000000;122,20000000;113,85000000;114,80000000;-6,4
2020-09-16T00:00:00+00:00;HTBEAR/USD;121,05000000;125,45000000;120,65000000;122,15000000;0,9
2020-09-15T00:00:00+00:00;HTBEAR/USD;119,75000000;122,70000000;116,65000000;121,05000000;1,07
2020-09-14T00:00:00+00:00;HTBEAR/USD;119,15000000;125,85000000;115,55000000;119,75000000;0,5
2020-09-13T00:00:00+00:00;HTBEAR/USD;131,65000000;132,45000000;106,00000000;119,15000000;-10,49
2020-09-12T00:00:00+00:00;HTBEAR/USD;129,70000000;134,80000000;124,45000000;131,65000000;1,48
2020-09-11T00:00:00+00:00;HTBEAR/USD;130,55000000;136,75000000;127,05000000;129,70000000;-0,66
2020-09-10T00:00:00+00:00;HTBEAR/USD;137,70000000;138,40000000;128,30000000;130,55000000;-5,48
2020-09-09T00:00:00+00:00;HTBEAR/USD;152,25000000;154,50000000;133,90000000;137,70000000;-10,57
2020-09-08T00:00:00+00:00;HTBEAR/USD;144,05000000;156,55000000;143,00000000;152,25000000;5,39
2020-09-07T00:00:00+00:00;HTBEAR/USD;138,20000000;157,45000000;120,55000000;144,05000000;4,06
2020-09-06T00:00:00+00:00;HTBEAR/USD;184,15000000;193,45000000;131,05000000;138,20000000;-33,25
2020-09-05T00:00:00+00:00;HTBEAR/USD;168,35000000;190,50000000;158,40000000;184,15000000;8,58
2020-09-04T00:00:00+00:00;HTBEAR/USD;179,65000000;184,50000000;159,20000000;168,35000000;-6,71
2020-09-03T00:00:00+00:00;HTBEAR/USD;128,35000000;179,45000000;125,05000000;179,25000000;28,4
2020-09-02T00:00:00+00:00;HTBEAR/USD;134,95000000;155,05000000;120,20000000;128,35000000;-5,14
2020-09-01T00:00:00+00:00;HTBEAR/USD;136,05000000;143,70000000;127,05000000;134,95000000;-0,82
2020-08-31T00:00:00+00:00;HTBEAR/USD;143,70000000;144,30000000;130,65000000;136,05000000;-5,62
2020-08-30T00:00:00+00:00;HTBEAR/USD;149,55000000;151,60000000;141,65000000;143,70000000;-4,07
2020-08-29T00:00:00+00:00;HTBEAR/USD;145,55000000;152,85000000;145,15000000;149,55000000;2,67
2020-08-28T00:00:00+00:00;HTBEAR/USD;151,40000000;152,20000000;141,30000000;145,55000000;-4,02
2020-08-27T00:00:00+00:00;HTBEAR/USD;133,70000000;160,55000000;132,60000000;151,40000000;11,69
2020-08-26T00:00:00+00:00;HTBEAR/USD;154,65000000;158,95000000;122,30000000;133,70000000;-15,67
2020-08-25T00:00:00+00:00;HTBEAR/USD;156,55000000;164,10000000;136,30000000;154,65000000;-1,23
2020-08-24T00:00:00+00:00;HTBEAR/USD;170,05000000;170,25000000;155,00000000;156,55000000;-8,62
2020-08-23T00:00:00+00:00;HTBEAR/USD;170,05000000;176,30000000;162,95000000;170,05000000;0,0
2020-08-22T00:00:00+00:00;HTBEAR/USD;165,00000000;179,35000000;163,65000000;170,05000000;2,97
2020-08-21T00:00:00+00:00;HTBEAR/USD;154,50000000;165,15000000;148,05000000;165,00000000;6,36
2020-08-20T00:00:00+00:00;HTBEAR/USD;178,35000000;178,50000000;151,75000000;154,50000000;-15,44
2020-08-19T00:00:00+00:00;HTBEAR/USD;161,95000000;181,40000000;159,35000000;178,35000000;9,2
2020-08-18T00:00:00+00:00;HTBEAR/USD;156,00000000;171,25000000;153,05000000;161,95000000;3,67
2020-08-17T00:00:00+00:00;HTBEAR/USD;153,30000000;160,35000000;152,35000000;156,00000000;1,73
2020-08-16T00:00:00+00:00;HTBEAR/USD;152,95000000;165,30000000;149,30000000;153,30000000;0,23
2020-08-15T00:00:00+00:00;HTBEAR/USD;163,80000000;169,70000000;141,60000000;152,95000000;-7,09
2020-08-14T00:00:00+00:00;HTBEAR/USD;169,85000000;173,25000000;156,00000000;163,80000000;-3,69
2020-08-13T00:00:00+00:00;HTBEAR/USD;183,70000000;189,50000000;166,95000000;169,85000000;-8,15
2020-08-12T00:00:00+00:00;HTBEAR/USD;174,45000000;191,05000000;171,85000000;183,70000000;5,04
2020-08-11T00:00:00+00:00;HTBEAR/USD;158,10000000;187,05000000;157,45000000;174,45000000;9,37
2020-08-10T00:00:00+00:00;HTBEAR/USD;157,45000000;164,05000000;152,50000000;158,10000000;0,41
2020-08-09T00:00:00+00:00;HTBEAR/USD;154,15000000;163,95000000;152,05000000;157,45000000;2,1
2020-08-08T00:00:00+00:00;HTBEAR/USD;156,45000000;159,05000000;152,30000000;154,15000000;-1,49
2020-08-07T00:00:00+00:00;HTBEAR/USD;145,00000000;160,40000000;144,20000000;156,45000000;7,32
2020-08-06T00:00:00+00:00;HTBEAR/USD;137,40000000;147,45000000;137,20000000;145,00000000;5,24
2020-08-05T00:00:00+00:00;HTBEAR/USD;142,05000000;149,65000000;131,45000000;137,40000000;-3,38
2020-08-04T00:00:00+00:00;HTBEAR/USD;147,90000000;153,70000000;126,40000000;142,05000000;-4,12
2020-08-03T00:00:00+00:00;HTBEAR/USD;176,55000000;186,85000000;137,65000000;147,90000000;-19,37
2020-08-02T00:00:00+00:00;HTBEAR/USD;155,00000000;182,70000000;146,90000000;176,55000000;12,21
2020-08-01T00:00:00+00:00;HTBEAR/USD;199,50000000;199,50000000;153,55000000;155,00000000;-28,71
2020-07-31T00:00:00+00:00;HTBEAR/USD;197,35000000;199,50000000;195,80000000;199,50000000;1,08
2020-07-30T00:00:00+00:00;HTBEAR/USD;188,50000000;202,55000000;188,50000000;197,35000000;4,48
2020-07-29T00:00:00+00:00;HTBEAR/USD;187,70000000;191,85000000;178,75000000;188,50000000;0,42
2020-07-28T00:00:00+00:00;HTBEAR/USD;190,70000000;200,35000000;176,65000000;187,70000000;-1,6
2020-07-27T00:00:00+00:00;HTBEAR/USD;214,90000000;215,90000000;183,45000000;190,70000000;-12,69
2020-07-26T00:00:00+00:00;HTBEAR/USD;214,25000000;220,05000000;205,10000000;214,90000000;0,3
2020-07-25T00:00:00+00:00;HTBEAR/USD;228,50000000;229,30000000;213,45000000;214,25000000;-6,65
2020-07-24T00:00:00+00:00;HTBEAR/USD;207,30000000;230,50000000;206,00000000;228,50000000;9,28
2020-07-23T00:00:00+00:00;HTBEAR/USD;210,75000000;213,70000000;204,75000000;207,30000000;-1,66
2020-07-22T00:00:00+00:00;HTBEAR/USD;221,90000000;226,80000000;207,55000000;210,75000000;-5,29
2020-07-21T00:00:00+00:00;HTBEAR/USD;226,40000000;227,30000000;218,60000000;221,90000000;-2,03
2020-07-20T00:00:00+00:00;HTBEAR/USD;226,80000000;228,10000000;225,05000000;226,40000000;-0,18
2020-07-19T00:00:00+00:00;HTBEAR/USD;230,15000000;232,90000000;226,80000000;226,80000000;-1,48
2020-07-18T00:00:00+00:00;HTBEAR/USD;232,75000000;233,95000000;228,50000000;230,15000000;-1,13
2020-07-17T00:00:00+00:00;HTBEAR/USD;230,85000000;234,40000000;226,80000000;232,75000000;0,82
2020-07-16T00:00:00+00:00;HTBEAR/USD;225,05000000;239,15000000;222,95000000;230,85000000;2,51
2020-07-15T00:00:00+00:00;HTBEAR/USD;223,65000000;226,80000000;218,60000000;225,05000000;0,62
2020-07-14T00:00:00+00:00;HTBEAR/USD;224,45000000;227,45000000;220,85000000;223,65000000;-0,36
2020-07-13T00:00:00+00:00;HTBEAR/USD;224,80000000;228,05000000;220,45000000;224,45000000;-0,16
2020-07-12T00:00:00+00:00;HTBEAR/USD;227,85000000;227,85000000;223,00000000;224,80000000;-1,36
2020-07-11T00:00:00+00:00;HTBEAR/USD;227,85000000;227,85000000;224,70000000;227,85000000;0,0
2020-07-10T00:00:00+00:00;HTBEAR/USD;233,70000000;235,80000000;225,90000000;227,85000000;-2,57
2020-07-09T00:00:00+00:00;HTBEAR/USD;223,80000000;235,80000000;223,20000000;233,70000000;4,24
2020-07-08T00:00:00+00:00;HTBEAR/USD;238,30000000;239,20000000;219,80000000;223,80000000;-6,48
2020-07-07T00:00:00+00:00;HTBEAR/USD;222,30000000;238,30000000;217,40000000;238,30000000;6,71
2020-07-06T00:00:00+00:00;HTBEAR/USD;250,10000000;250,10000000;222,30000000;222,30000000;-12,51
2020-07-05T00:00:00+00:00;HTBEAR/USD;243,60000000;253,10000000;243,60000000;250,10000000;2,6
2020-07-04T00:00:00+00:00;HTBEAR/USD;247,10000000;249,10000000;239,40000000;243,60000000;-1,44
2020-07-03T00:00:00+00:00;HTBEAR/USD;249,40000000;249,90000000;243,30000000;247,10000000;-0,93
2020-07-02T00:00:00+00:00;HTBEAR/USD;237,80000000;251,10000000;237,80000000;249,40000000;4,65
2020-07-01T00:00:00+00:00;HTBEAR/USD;238,10000000;245,90000000;232,20000000;237,80000000;-0,13
2020-06-30T00:00:00+00:00;HTBEAR/USD;232,20000000;243,35000000;231,20000000;238,10000000;2,48
2020-06-29T00:00:00+00:00;HTBEAR/USD;245,40000000;248,70000000;229,10000000;232,20000000;-5,68
2020-06-28T00:00:00+00:00;HTBEAR/USD;244,40000000;253,40000000;238,40000000;245,40000000;0,41
2020-06-27T00:00:00+00:00;HTBEAR/USD;229,55000000;255,90000000;226,05000000;244,40000000;6,08
2020-06-26T00:00:00+00:00;HTBEAR/USD;226,80000000;235,65000000;225,05000000;229,55000000;1,2
2020-06-25T00:00:00+00:00;HTBEAR/USD;218,75000000;238,10000000;218,10000000;226,80000000;3,55
2020-06-24T00:00:00+00:00;HTBEAR/USD;223,30000000;235,40000000;186,70000000;218,75000000;-2,08
2020-06-23T00:00:00+00:00;HTBEAR/USD;223,20000000;226,00000000;221,05000000;223,30000000;0,04
2020-06-22T00:00:00+00:00;HTBEAR/USD;266,60000000;267,40000000;218,70000000;223,20000000;-19,44
2020-06-21T00:00:00+00:00;HTBEAR/USD;259,90000000;268,00000000;254,90000000;266,60000000;2,51
2020-06-20T00:00:00+00:00;HTBEAR/USD;260,70000000;267,80000000;256,50000000;259,90000000;-0,31
2020-06-19T00:00:00+00:00;HTBEAR/USD;248,60000000;264,40000000;247,40000000;260,70000000;4,64
2020-06-18T00:00:00+00:00;HTBEAR/USD;238,50000000;253,80000000;236,25000000;248,60000000;4,06
2020-06-17T00:00:00+00:00;HTBEAR/USD;233,60000000;246,00000000;232,35000000;238,50000000;2,05
2020-06-16T00:00:00+00:00;HTBEAR/USD;240,00000000;243,50000000;228,00000000;233,60000000;-2,74
2020-06-15T00:00:00+00:00;HTBEAR/USD;239,70000000;265,70000000;235,10000000;240,00000000;0,13
2020-06-14T00:00:00+00:00;HTBEAR/USD;224,75000000;241,90000000;222,80000000;239,70000000;6,24
2020-06-13T00:00:00+00:00;HTBEAR/USD;219,90000000;228,60000000;219,90000000;224,75000000;2,16
2020-06-12T00:00:00+00:00;HTBEAR/USD;244,90000000;250,50000000;219,25000000;219,90000000;-11,37
2020-06-11T00:00:00+00:00;HTBEAR/USD;209,50000000;260,70000000;196,90000000;244,90000000;14,45
2020-06-10T00:00:00+00:00;HTBEAR/USD;202,85000000;211,35000000;202,85000000;209,50000000;3,17
2020-06-09T00:00:00+00:00;HTBEAR/USD;205,10000000;209,25000000;198,55000000;202,85000000;-1,11
2020-06-08T00:00:00+00:00;HTBEAR/USD;204,00000000;209,95000000;203,45000000;205,10000000;0,54
2020-06-07T00:00:00+00:00;HTBEAR/USD;203,65000000;219,90000000;186,35000000;204,00000000;0,17
2020-06-06T00:00:00+00:00;HTBEAR/USD;222,30000000;232,00000000;203,60000000;203,65000000;-9,16
2020-06-05T00:00:00+00:00;HTBEAR/USD;269,00000000;269,90000000;209,70000000;222,30000000;-21,01
2020-06-04T00:00:00+00:00;HTBEAR/USD;272,60000000;277,50000000;263,30000000;269,00000000;-1,34
2020-06-03T00:00:00+00:00;HTBEAR/USD;271,50000000;282,30000000;270,10000000;272,60000000;0,4
2020-06-02T00:00:00+00:00;HTBEAR/USD;257,00000000;283,20000000;239,50000000;271,50000000;5,34
2020-06-01T00:00:00+00:00;HTBEAR/USD;272,90000000;275,50000000;252,30000000;257,00000000;-6,19
2020-05-31T00:00:00+00:00;HTBEAR/USD;259,10000000;276,30000000;259,10000000;272,90000000;5,06
2020-05-30T00:00:00+00:00;HTBEAR/USD;273,40000000;280,20000000;258,60000000;259,10000000;-5,52
2020-05-29T00:00:00+00:00;HTBEAR/USD;280,10000000;295,10000000;267,70000000;273,40000000;-2,45
2020-05-28T00:00:00+00:00;HTBEAR/USD;304,70000000;306,90000000;278,80000000;280,10000000;-8,78
2020-05-27T00:00:00+00:00;HTBEAR/USD;315,00000000;320,30000000;301,80000000;304,70000000;-3,38
2020-05-26T00:00:00+00:00;HTBEAR/USD;315,20000000;331,80000000;313,00000000;315,00000000;-0,06
2020-05-25T00:00:00+00:00;HTBEAR/USD;328,80000000;331,90000000;307,00000000;315,20000000;-4,31
2020-05-24T00:00:00+00:00;HTBEAR/USD;302,40000000;329,40000000;293,70000000;328,80000000;8,03
2020-05-23T00:00:00+00:00;HTBEAR/USD;300,10000000;305,80000000;287,00000000;302,40000000;0,76
2020-05-22T00:00:00+00:00;HTBEAR/USD;308,60000000;319,40000000;295,90000000;300,10000000;-2,83
2020-05-21T00:00:00+00:00;HTBEAR/USD;282,50000000;323,10000000;277,40000000;308,60000000;8,46
2020-05-20T00:00:00+00:00;HTBEAR/USD;267,80000000;290,60000000;264,00000000;282,50000000;5,2
2020-05-19T00:00:00+00:00;HTBEAR/USD;266,50000000;275,30000000;263,90000000;267,80000000;0,49
2020-05-18T00:00:00+00:00;HTBEAR/USD;275,40000000;277,30000000;256,20000000;266,50000000;-3,34
2020-05-17T00:00:00+00:00;HTBEAR/USD;284,30000000;286,70000000;264,10000000;275,40000000;-3,23
2020-05-16T00:00:00+00:00;HTBEAR/USD;289,60000000;293,10000000;277,70000000;284,30000000;-1,86
2020-05-15T00:00:00+00:00;HTBEAR/USD;270,50000000;292,70000000;268,50000000;289,60000000;6,6
2020-05-14T00:00:00+00:00;HTBEAR/USD;310,80000000;311,00000000;269,30000000;270,50000000;-14,9
2020-05-13T00:00:00+00:00;HTBEAR/USD;325,60000000;327,10000000;305,10000000;310,80000000;-4,76
2020-05-12T00:00:00+00:00;HTBEAR/USD;359,30000000;360,30000000;321,30000000;325,60000000;-10,35
2020-05-11T00:00:00+00:00;HTBEAR/USD;339,20000000;380,60000000;320,90000000;359,30000000;5,59
2020-05-10T00:00:00+00:00;HTBEAR/USD;284,80000000;371,10000000;284,40000000;339,20000000;16,04
2020-05-09T00:00:00+00:00;HTBEAR/USD;269,50000000;286,50000000;260,10000000;284,80000000;5,37
2020-05-08T00:00:00+00:00;HTBEAR/USD;258,10000000;270,20000000;250,10000000;269,50000000;4,23
2020-05-07T00:00:00+00:00;HTBEAR/USD;285,20000000;294,10000000;256,80000000;258,10000000;-10,5
2020-05-06T00:00:00+00:00;HTBEAR/USD;273,30000000;287,00000000;260,10000000;285,50000000;4,27
2020-05-05T00:00:00+00:00;HTBEAR/USD;267,40000000;283,60000000;261,70000000;272,60000000;1,91
2020-05-04T00:00:00+00:00;HTBEAR/USD;272,50000000;303,50000000;260,70000000;267,40000000;-1,91
2020-05-03T00:00:00+00:00;HTBEAR/USD;257,70000000;283,60000000;246,50000000;272,50000000;5,43
2020-05-02T00:00:00+00:00;HTBEAR/USD;263,80000000;269,90000000;257,40000000;257,70000000;-2,37
2020-05-01T00:00:00+00:00;HTBEAR/USD;267,30000000;269,90000000;248,50000000;263,80000000;-1,33
2020-04-30T00:00:00+00:00;HTBEAR/USD;249,10000000;283,90000000;216,30000000;267,10000000;6,74
2020-04-29T00:00:00+00:00;HTBEAR/USD;309,40000000;309,40000000;242,50000000;249,10000000;-24,21
2020-04-28T00:00:00+00:00;HTBEAR/USD;305,10000000;315,00000000;304,80000000;309,40000000;1,39
2020-04-27T00:00:00+00:00;HTBEAR/USD;313,20000000;318,80000000;296,20000000;305,10000000;-2,65
2020-04-26T00:00:00+00:00;HTBEAR/USD;327,50000000;330,70000000;298,10000000;313,20000000;-4,57
2020-04-25T00:00:00+00:00;HTBEAR/USD;325,10000000;333,20000000;313,20000000;327,50000000;0,73
2020-04-24T00:00:00+00:00;HTBEAR/USD;333,20000000;338,60000000;315,80000000;325,10000000;-2,49
2020-04-23T00:00:00+00:00;HTBEAR/USD;360,80000000;382,70000000;302,40000000;333,20000000;-8,28
2020-04-22T00:00:00+00:00;HTBEAR/USD;410,50000000;415,20000000;350,70000000;360,80000000;-13,77
2020-04-21T00:00:00+00:00;HTBEAR/USD;400,90000000;421,50000000;381,30000000;410,50000000;2,34
2020-04-20T00:00:00+00:00;HTBEAR/USD;362,00000000;411,00000000;349,50000000;400,90000000;9,7
2020-04-19T00:00:00+00:00;HTBEAR/USD;341,60000000;371,30000000;339,10000000;362,00000000;5,64
2020-04-18T00:00:00+00:00;HTBEAR/USD;381,70000000;385,30000000;333,50000000;341,60000000;-11,74
2020-04-17T00:00:00+00:00;HTBEAR/USD;375,60000000;394,60000000;367,50000000;381,70000000;1,6
2020-04-16T00:00:00+00:00;HTBEAR/USD;450,00000000;479,60000000;361,80000000;375,60000000;-19,81
2020-04-15T00:00:00+00:00;HTBEAR/USD;421,40000000;451,10000000;381,10000000;450,00000000;6,36
2020-04-14T00:00:00+00:00;HTBEAR/USD;428,50000000;436,70000000;395,70000000;421,40000000;-1,68
2020-04-13T00:00:00+00:00;HTBEAR/USD;424,60000000;465,50000000;422,60000000;428,50000000;0,91
2020-04-12T00:00:00+00:00;HTBEAR/USD;439,20000000;455,10000000;371,10000000;424,60000000;-3,44
2020-04-11T00:00:00+00:00;HTBEAR/USD;461,80000000;477,30000000;429,30000000;439,20000000;-5,15
2020-04-10T00:00:00+00:00;HTBEAR/USD;385,80000000;494,90000000;385,80000000;461,80000000;16,46
2020-04-09T00:00:00+00:00;HTBEAR/USD;370,80000000;390,00000000;369,90000000;385,80000000;3,89
2020-04-08T00:00:00+00:00;HTBEAR/USD;385,80000000;393,10000000;360,60000000;370,80000000;-4,05
2020-04-07T00:00:00+00:00;HTBEAR/USD;376,20000000;399,40000000;345,50000000;385,80000000;2,49
2020-04-06T00:00:00+00:00;HTBEAR/USD;474,50000000;474,50000000;374,00000000;376,20000000;-26,13
2020-04-05T00:00:00+00:00;HTBEAR/USD;478,90000000;483,80000000;450,60000000;474,50000000;-0,93
2020-04-04T00:00:00+00:00;HTBEAR/USD;554,00000000;569,50000000;477,00000000;478,90000000;-15,68
2020-04-03T00:00:00+00:00;HTBEAR/USD;621,00000000;644,50000000;528,75000000;554,00000000;-12,09
2020-04-02T00:00:00+00:00;HTBEAR/USD;650,25000000;673,50000000;532,50000000;621,00000000;-4,71
2020-04-01T00:00:00+00:00;HTBEAR/USD;693,75000000;729,25000000;644,00000000;650,25000000;-6,69
2020-03-31T00:00:00+00:00;HTBEAR/USD;720,25000000;733,00000000;680,75000000;693,75000000;-3,82
2020-03-30T00:00:00+00:00;HTBEAR/USD;894,00000000;911,75000000;679,00000000;720,25000000;-24,12
2020-03-29T00:00:00+00:00;HTBEAR/USD;786,50000000;902,25000000;785,00000000;894,00000000;12,02
2020-03-28T00:00:00+00:00;HTBEAR/USD;782,75000000;857,75000000;750,75000000;786,50000000;0,48
2020-03-27T00:00:00+00:00;HTBEAR/USD;707,00000000;798,50000000;688,50000000;782,75000000;9,68
2020-03-26T00:00:00+00:00;HTBEAR/USD;743,00000000;757,50000000;705,75000000;707,00000000;-5,09
2020-03-25T00:00:00+00:00;HTBEAR/USD;702,75000000;762,00000000;678,00000000;743,00000000;5,42
2020-03-24T00:00:00+00:00;HTBEAR/USD;759,25000000;786,25000000;693,75000000;702,75000000;-8,04
2020-03-23T00:00:00+00:00;HTBEAR/USD;948,75000000;978,00000000;721,50000000;759,25000000;-24,96
2020-03-22T00:00:00+00:00;HTBEAR/USD;786,00000000;956,75000000;760,00000000;948,75000000;17,15
2020-03-21T00:00:00+00:00;HTBEAR/USD;877,75000000;942,50000000;753,00000000;786,00000000;-11,67
2020-03-20T00:00:00+00:00;HTBEAR/USD;928,25000000;970,50000000;683,25000000;877,75000000;-5,75
2020-03-19T00:00:00+00:00;HTBEAR/USD;1337,00000000;1415,50000000;844,00000000;928,25000000;-44,03
2020-03-18T00:00:00+00:00;HTBEAR/USD;1429,00000000;1602,50000000;1254,00000000;1337,00000000;-6,88
2020-03-17T00:00:00+00:00;HTBEAR/USD;1607,50000000;1664,50000000;1304,00000000;1424,00000000;-12,89
2020-03-16T00:00:00+00:00;HTBEAR/USD;1311,50000000;1966,00000000;1304,00000000;1607,50000000;18,41
2020-03-15T00:00:00+00:00;HTBEAR/USD;1764,00000000;1789,00000000;1191,50000000;1311,50000000;-34,5
2020-03-14T00:00:00+00:00;HTBEAR/USD;1596,50000000;1841,00000000;1440,50000000;1764,00000000;9,5
2020-03-13T00:00:00+00:00;HTBEAR/USD;3369,00000000;5692,00000000;1592,00000000;1595,00000000;-111,22
2020-03-12T00:00:00+00:00;HTBEAR/USD;1535,00000000;3532,00000000;1510,50000000;3369,00000000;54,44
2020-03-11T00:00:00+00:00;HTBEAR/USD;1505,50000000;1716,50000000;1438,00000000;1535,00000000;1,92
2020-03-10T00:00:00+00:00;HTBEAR/USD;1450,00000000;1640,50000000;1374,00000000;1505,50000000;3,69
2020-03-09T00:00:00+00:00;HTBEAR/USD;1335,50000000;1680,00000000;1268,50000000;1450,00000000;7,9
2020-03-08T00:00:00+00:00;HTBEAR/USD;1030,00000000;1343,00000000;1030,00000000;1335,50000000;22,88
2020-03-07T00:00:00+00:00;HTBEAR/USD;955,75000000;1039,50000000;944,50000000;1030,00000000;7,21
2020-03-06T00:00:00+00:00;HTBEAR/USD;1005,50000000;1025,00000000;946,75000000;955,75000000;-5,21
2020-03-05T00:00:00+00:00;HTBEAR/USD;1042,75000000;1045,00000000;939,75000000;1005,50000000;-3,7
2020-03-04T00:00:00+00:00;HTBEAR/USD;1060,50000000;1093,00000000;985,00000000;1042,75000000;-1,7
2020-03-03T00:00:00+00:00;HTBEAR/USD;960,25000000;1085,50000000;956,50000000;1060,50000000;9,45
2020-03-02T00:00:00+00:00;HTBEAR/USD;1119,00000000;1133,50000000;949,00000000;960,25000000;-16,53
2020-03-01T00:00:00+00:00;HTBEAR/USD;1002,75000000;1191,75000000;873,75000000;1119,00000000;10,39
2020-02-29T00:00:00+00:00;HTBEAR/USD;1209,00000000;1212,00000000;717,75000000;1002,75000000;-20,57
2020-02-28T00:00:00+00:00;HTBEAR/USD;1741,00000000;1909,50000000;1089,50000000;1209,00000000;-44,0
2020-02-27T00:00:00+00:00;HTBEAR/USD;2032,50000000;2280,00000000;1624,00000000;1741,00000000;-16,74
2020-02-26T00:00:00+00:00;HTBEAR/USD;1836,50000000;2284,50000000;1768,50000000;2032,50000000;9,64
2020-02-25T00:00:00+00:00;HTBEAR/USD;1440,50000000;1890,00000000;1437,50000000;1836,50000000;21,56
2020-02-24T00:00:00+00:00;HTBEAR/USD;1332,00000000;1548,50000000;1310,50000000;1440,50000000;7,53
2020-02-23T00:00:00+00:00;HTBEAR/USD;1636,00000000;1637,50000000;1319,50000000;1332,00000000;-22,82
2020-02-22T00:00:00+00:00;HTBEAR/USD;1418,00000000;1640,50000000;1403,50000000;1636,00000000;13,33
2020-02-21T00:00:00+00:00;HTBEAR/USD;1434,00000000;1489,50000000;1367,50000000;1418,00000000;-1,13
2020-02-20T00:00:00+00:00;HTBEAR/USD;1388,00000000;1656,00000000;1300,00000000;1434,00000000;3,21
2020-02-19T00:00:00+00:00;HTBEAR/USD;1233,50000000;1390,00000000;1118,00000000;1381,50000000;10,71
2020-02-18T00:00:00+00:00;HTBEAR/USD;1416,50000000;1572,50000000;1217,50000000;1233,50000000;-14,84
2020-02-17T00:00:00+00:00;HTBEAR/USD;1225,50000000;1640,00000000;1194,50000000;1416,50000000;13,48
2020-02-16T00:00:00+00:00;HTBEAR/USD;1368,00000000;1535,00000000;1038,00000000;1224,50000000;-11,72
2020-02-15T00:00:00+00:00;HTBEAR/USD;1235,00000000;1435,50000000;1054,00000000;1368,00000000;9,72
2020-02-14T00:00:00+00:00;HTBEAR/USD;1466,00000000;1501,50000000;1186,00000000;1235,00000000;-18,7
2020-02-13T00:00:00+00:00;HTBEAR/USD;1346,00000000;1590,50000000;1238,50000000;1464,50000000;8,09
2020-02-12T00:00:00+00:00;HTBEAR/USD;1561,50000000;1614,50000000;1311,50000000;1346,50000000;-15,97
2020-02-11T00:00:00+00:00;HTBEAR/USD;1534,00000000;1808,50000000;1447,50000000;1561,50000000;1,76
2020-02-10T00:00:00+00:00;HTBEAR/USD;2688,00000000;2889,00000000;1376,00000000;1534,00000000;-75,23
2020-02-09T00:00:00+00:00;HTBEAR/USD;2959,00000000;2964,00000000;2580,00000000;2688,00000000;-10,08
2020-02-08T00:00:00+00:00;HTBEAR/USD;2777,00000000;3087,00000000;2753,00000000;2959,00000000;6,15
2020-02-07T00:00:00+00:00;HTBEAR/USD;3253,00000000;3276,00000000;2605,00000000;2777,00000000;-17,14
2020-02-06T00:00:00+00:00;HTBEAR/USD;3709,00000000;3785,00000000;3047,00000000;3253,00000000;-14,02
2020-02-05T00:00:00+00:00;HTBEAR/USD;4269,00000000;4328,00000000;3593,00000000;3709,00000000;-15,1
2020-02-04T00:00:00+00:00;HTBEAR/USD;4181,00000000;4584,00000000;4089,00000000;4269,00000000;2,06
2020-02-03T00:00:00+00:00;HTBEAR/USD;4085,00000000;4294,00000000;3872,00000000;4181,00000000;2,3
2020-02-02T00:00:00+00:00;HTBEAR/USD;4033,00000000;4383,00000000;3899,00000000;4085,00000000;1,27
2020-02-01T00:00:00+00:00;HTBEAR/USD;4088,00000000;4185,00000000;3890,00000000;4033,00000000;-1,36
2020-01-31T00:00:00+00:00;HTBEAR/USD;3875,00000000;4334,00000000;3672,00000000;4088,00000000;5,21
2020-01-30T00:00:00+00:00;HTBEAR/USD;4240,00000000;4424,00000000;3823,00000000;3875,00000000;-9,42
2020-01-29T00:00:00+00:00;HTBEAR/USD;4780,00000000;4825,00000000;3941,00000000;4236,00000000;-12,84
2020-01-28T00:00:00+00:00;HTBEAR/USD;5101,00000000;5214,00000000;4749,00000000;4780,00000000;-6,72
2020-01-27T00:00:00+00:00;HTBEAR/USD;5297,50000000;5377,00000000;4997,00000000;5101,00000000;-3,85
2020-01-26T00:00:00+00:00;HTBEAR/USD;5730,00000000;5762,50000000;5292,50000000;5297,50000000;-8,16
2020-01-25T00:00:00+00:00;HTBEAR/USD;5412,50000000;5755,00000000;5385,00000000;5730,00000000;5,54
2020-01-24T00:00:00+00:00;HTBEAR/USD;5317,50000000;5780,00000000;5212,50000000;5412,50000000;1,76
2020-01-23T00:00:00+00:00;HTBEAR/USD;4847,00000000;5697,00000000;4846,00000000;5312,50000000;8,76
2020-01-22T00:00:00+00:00;HTBEAR/USD;4767,00000000;4966,00000000;4638,00000000;4847,00000000;1,65
2020-01-21T00:00:00+00:00;HTBEAR/USD;5114,00000000;5144,00000000;4584,00000000;4767,00000000;-7,28
2020-01-20T00:00:00+00:00;HTBEAR/USD;5191,00000000;5590,00000000;4935,00000000;5114,00000000;-1,51
2020-01-19T00:00:00+00:00;HTBEAR/USD;4933,00000000;5544,00000000;4567,00000000;5191,00000000;4,97
2020-01-18T00:00:00+00:00;HTBEAR/USD;4699,00000000;4978,00000000;4550,00000000;4933,00000000;4,74
2020-01-17T00:00:00+00:00;HTBEAR/USD;4782,00000000;4949,00000000;4463,00000000;4699,00000000;-1,77
2020-01-16T00:00:00+00:00;HTBEAR/USD;4549,00000000;5146,00000000;4480,00000000;4782,00000000;4,87
2020-01-15T00:00:00+00:00;HTBEAR/USD;4758,00000000;5392,00000000;4216,00000000;4549,00000000;-4,59
2020-01-14T00:00:00+00:00;HTBEAR/USD;5867,50000000;5867,50000000;4530,00000000;4758,00000000;-23,32
2020-01-13T00:00:00+00:00;HTBEAR/USD;5567,50000000;6057,50000000;5490,00000000;5867,50000000;5,11
2020-01-12T00:00:00+00:00;HTBEAR/USD;5202,00000000;5655,00000000;4988,00000000;5572,50000000;6,65
2020-01-11T00:00:00+00:00;HTBEAR/USD;5440,00000000;5647,50000000;4740,00000000;5202,00000000;-4,58
2020-01-10T00:00:00+00:00;HTBEAR/USD;5782,50000000;6232,50000000;5400,00000000;5445,00000000;-6,2
2020-01-09T00:00:00+00:00;HTBEAR/USD;5650,00000000;6200,00000000;5622,50000000;5782,50000000;2,29
2020-01-08T00:00:00+00:00;HTBEAR/USD;5313,00000000;5928,00000000;4943,00000000;5650,00000000;5,96
2020-01-07T00:00:00+00:00;HTBEAR/USD;5847,50000000;5982,50000000;5197,50000000;5313,00000000;-10,06

