DATE/TIME;SYMBOL;OPEN;HIGH;LOW;CLOSE;EVOL % CLOSE/HIGH
2022-01-05T00:00:00+00:00;BULLSHIT/USD;27,91000000;30,55000000;27,68000000;30,01000000;7,0
2022-01-04T00:00:00+00:00;BULLSHIT/USD;28,51000000;30,76000000;26,59000000;27,91000000;-2,15
2022-01-03T00:00:00+00:00;BULLSHIT/USD;31,43000000;31,68000000;27,21000000;28,51000000;-10,24
2022-01-02T00:00:00+00:00;BULLSHIT/USD;29,73000000;32,21000000;28,40000000;31,43000000;5,41
2022-01-01T00:00:00+00:00;BULLSHIT/USD;27,62000000;29,73000000;27,24000000;29,73000000;7,1
2021-12-31T00:00:00+00:00;BULLSHIT/USD;28,26000000;31,08000000;25,14000000;27,62000000;-2,32
2021-12-30T00:00:00+00:00;BULLSHIT/USD;26,98000000;30,34000000;25,65000000;28,26000000;4,53
2021-12-29T00:00:00+00:00;BULLSHIT/USD;29,67000000;31,98000000;26,12000000;26,98000000;-9,97
2021-12-28T00:00:00+00:00;BULLSHIT/USD;39,68000000;39,96000000;28,39000000;29,67000000;-33,74
2021-12-27T00:00:00+00:00;BULLSHIT/USD;42,44000000;44,70000000;39,57000000;39,68000000;-6,96
2021-12-26T00:00:00+00:00;BULLSHIT/USD;37,91000000;42,59000000;35,38000000;42,44000000;10,67
2021-12-25T00:00:00+00:00;BULLSHIT/USD;32,84000000;38,64000000;32,34000000;37,91000000;13,37
2021-12-24T00:00:00+00:00;BULLSHIT/USD;37,99000000;38,84000000;31,97000000;32,84000000;-15,68
2021-12-23T00:00:00+00:00;BULLSHIT/USD;31,06000000;38,50000000;29,87000000;37,99000000;18,24
2021-12-22T00:00:00+00:00;BULLSHIT/USD;29,57000000;33,26000000;29,23000000;31,06000000;4,8
2021-12-21T00:00:00+00:00;BULLSHIT/USD;24,20000000;29,57000000;23,32000000;29,57000000;18,16
2021-12-20T00:00:00+00:00;BULLSHIT/USD;25,94000000;26,66000000;20,78000000;24,20000000;-7,19
2021-12-19T00:00:00+00:00;BULLSHIT/USD;27,63000000;28,78000000;25,93000000;25,94000000;-6,52
2021-12-18T00:00:00+00:00;BULLSHIT/USD;24,75000000;28,23000000;23,27000000;27,63000000;10,42
2021-12-17T00:00:00+00:00;BULLSHIT/USD;25,97000000;27,45000000;21,83000000;24,75000000;-4,93
2021-12-16T00:00:00+00:00;BULLSHIT/USD;28,19000000;30,70000000;25,87000000;25,97000000;-8,55
2021-12-15T00:00:00+00:00;BULLSHIT/USD;23,99000000;28,99000000;20,00000000;28,19000000;14,9
2021-12-14T00:00:00+00:00;BULLSHIT/USD;22,15000000;24,53000000;20,00000000;23,99000000;7,67
2021-12-13T00:00:00+00:00;BULLSHIT/USD;34,74000000;35,14000000;20,69000000;22,15000000;-56,84
2021-12-12T00:00:00+00:00;BULLSHIT/USD;33,35000000;35,74000000;31,24000000;34,74000000;4,0
2021-12-11T00:00:00+00:00;BULLSHIT/USD;29,53000000;33,88000000;27,67000000;33,35000000;11,45
2021-12-10T00:00:00+00:00;BULLSHIT/USD;33,40000000;38,20000000;29,40000000;29,53000000;-13,11
2021-12-09T00:00:00+00:00;BULLSHIT/USD;46,16000000;47,46000000;32,78000000;33,40000000;-38,2
2021-12-08T00:00:00+00:00;BULLSHIT/USD;43,71000000;48,41000000;38,65000000;46,16000000;5,31
2021-12-07T00:00:00+00:00;BULLSHIT/USD;43,16000000;48,96000000;41,38000000;43,71000000;1,26
2021-12-06T00:00:00+00:00;BULLSHIT/USD;35,44000000;43,90000000;23,99000000;43,16000000;17,89
2021-12-05T00:00:00+00:00;BULLSHIT/USD;42,70000000;51,88000000;31,84000000;35,44000000;-20,49
2021-12-04T00:00:00+00:00;BULLSHIT/USD;100,90000000;100,90000000;25,40000000;42,70000000;-136,3
2021-12-03T00:00:00+00:00;BULLSHIT/USD;116,30000000;125,05000000;89,40000000;100,90000000;-15,26
2021-12-02T00:00:00+00:00;BULLSHIT/USD;119,95000000;123,10000000;105,05000000;116,30000000;-3,14
2021-12-01T00:00:00+00:00;BULLSHIT/USD;116,45000000;129,75000000;114,40000000;119,95000000;2,92
2021-11-30T00:00:00+00:00;BULLSHIT/USD;129,70000000;131,00000000;108,35000000;116,45000000;-11,38
2021-11-29T00:00:00+00:00;BULLSHIT/USD;122,00000000;133,10000000;118,65000000;129,70000000;5,94
2021-11-28T00:00:00+00:00;BULLSHIT/USD;114,10000000;123,50000000;89,70000000;122,00000000;6,48
2021-11-27T00:00:00+00:00;BULLSHIT/USD;111,35000000;124,25000000;109,30000000;114,10000000;2,41
2021-11-26T00:00:00+00:00;BULLSHIT/USD;160,10000000;169,20000000;98,50000000;111,35000000;-43,78
2021-11-25T00:00:00+00:00;BULLSHIT/USD;143,75000000;170,75000000;142,60000000;160,10000000;10,21
2021-11-24T00:00:00+00:00;BULLSHIT/USD;129,60000000;146,30000000;123,10000000;143,75000000;9,84
2021-11-23T00:00:00+00:00;BULLSHIT/USD;109,20000000;130,75000000;106,55000000;129,60000000;15,74
2021-11-22T00:00:00+00:00;BULLSHIT/USD;110,50000000;118,15000000;94,10000000;109,20000000;-1,19
2021-11-21T00:00:00+00:00;BULLSHIT/USD;121,55000000;122,15000000;108,90000000;110,50000000;-10,0
2021-11-20T00:00:00+00:00;BULLSHIT/USD;117,95000000;121,55000000;103,60000000;121,55000000;2,96
2021-11-19T00:00:00+00:00;BULLSHIT/USD;91,17500000;131,27500000;88,07500000;117,95000000;22,7
2021-11-18T00:00:00+00:00;BULLSHIT/USD;113,65000000;117,95000000;77,65000000;91,17500000;-24,65
2021-11-17T00:00:00+00:00;BULLSHIT/USD;106,35000000;115,30000000;97,95000000;113,65000000;6,42
2021-11-16T00:00:00+00:00;BULLSHIT/USD;139,85000000;140,80000000;87,80000000;106,35000000;-31,5
2021-11-15T00:00:00+00:00;BULLSHIT/USD;147,00000000;154,30000000;135,25000000;139,85000000;-5,11
2021-11-14T00:00:00+00:00;BULLSHIT/USD;143,60000000;151,40000000;138,30000000;147,00000000;2,31
2021-11-13T00:00:00+00:00;BULLSHIT/USD;150,65000000;157,15000000;140,60000000;143,60000000;-4,91
2021-11-12T00:00:00+00:00;BULLSHIT/USD;151,85000000;156,90000000;132,60000000;150,65000000;-0,8
2021-11-11T00:00:00+00:00;BULLSHIT/USD;132,55000000;153,60000000;126,95000000;151,85000000;12,71
2021-11-10T00:00:00+00:00;BULLSHIT/USD;147,95000000;173,10000000;109,80000000;132,55000000;-11,62
2021-11-09T00:00:00+00:00;BULLSHIT/USD;142,15000000;151,95000000;137,10000000;147,95000000;3,92
2021-11-08T00:00:00+00:00;BULLSHIT/USD;130,50000000;144,65000000;124,25000000;142,15000000;8,2
2021-11-07T00:00:00+00:00;BULLSHIT/USD;127,55000000;131,20000000;123,45000000;130,50000000;2,26
2021-11-06T00:00:00+00:00;BULLSHIT/USD;118,80000000;131,00000000;112,50000000;127,55000000;6,86
2021-11-05T00:00:00+00:00;BULLSHIT/USD;119,90000000;126,10000000;113,00000000;118,80000000;-0,93
2021-11-04T00:00:00+00:00;BULLSHIT/USD;129,50000000;134,15000000;110,10000000;119,90000000;-8,01
2021-11-03T00:00:00+00:00;BULLSHIT/USD;141,15000000;142,35000000;119,80000000;129,50000000;-9,0
2021-11-02T00:00:00+00:00;BULLSHIT/USD;120,20000000;142,95000000;119,35000000;141,15000000;14,84
2021-11-01T00:00:00+00:00;BULLSHIT/USD;110,95000000;123,65000000;97,10000000;120,20000000;7,7
2021-10-31T00:00:00+00:00;BULLSHIT/USD;127,15000000;141,05000000;98,90000000;110,95000000;-14,6
2021-10-30T00:00:00+00:00;BULLSHIT/USD;87,35000000;130,82500000;82,67500000;127,15000000;31,3
2021-10-29T00:00:00+00:00;BULLSHIT/USD;76,77500000;89,02500000;76,70000000;87,35000000;12,11
2021-10-28T00:00:00+00:00;BULLSHIT/USD;60,20000000;77,65000000;59,30000000;76,77500000;21,59
2021-10-27T00:00:00+00:00;BULLSHIT/USD;79,42500000;87,57500000;55,57500000;60,20000000;-31,94
2021-10-26T00:00:00+00:00;BULLSHIT/USD;78,55000000;87,67500000;77,42500000;79,42500000;1,1
2021-10-25T00:00:00+00:00;BULLSHIT/USD;70,90000000;79,27500000;69,65000000;78,55000000;9,74
2021-10-24T00:00:00+00:00;BULLSHIT/USD;74,77500000;77,05000000;65,77500000;70,90000000;-5,47
2021-10-23T00:00:00+00:00;BULLSHIT/USD;73,55000000;78,20000000;68,70000000;74,77500000;1,64
2021-10-22T00:00:00+00:00;BULLSHIT/USD;69,40000000;78,30000000;69,12500000;73,55000000;5,64
2021-10-21T00:00:00+00:00;BULLSHIT/USD;77,30000000;82,20000000;65,45000000;69,40000000;-11,38
2021-10-20T00:00:00+00:00;BULLSHIT/USD;68,12500000;78,30000000;65,20000000;77,30000000;11,87
2021-10-19T00:00:00+00:00;BULLSHIT/USD;66,20000000;70,50000000;64,67500000;68,12500000;2,83
2021-10-18T00:00:00+00:00;BULLSHIT/USD;66,35000000;69,40000000;61,72500000;66,20000000;-0,23
2021-10-17T00:00:00+00:00;BULLSHIT/USD;71,92500000;72,32500000;60,42500000;66,35000000;-8,4
2021-10-16T00:00:00+00:00;BULLSHIT/USD;73,55000000;76,47500000;70,55000000;71,92500000;-2,26
2021-10-15T00:00:00+00:00;BULLSHIT/USD;69,50000000;74,75000000;65,75000000;73,55000000;5,51
2021-10-14T00:00:00+00:00;BULLSHIT/USD;66,05000000;71,87500000;65,75000000;69,50000000;4,96
2021-10-13T00:00:00+00:00;BULLSHIT/USD;59,65000000;66,37500000;55,40000000;66,05000000;9,69
2021-10-12T00:00:00+00:00;BULLSHIT/USD;61,92500000;61,92500000;51,47500000;59,65000000;-3,81
2021-10-11T00:00:00+00:00;BULLSHIT/USD;60,90000000;68,52500000;57,80000000;61,92500000;1,66
2021-10-10T00:00:00+00:00;BULLSHIT/USD;76,57500000;77,27500000;60,12500000;60,90000000;-25,74
2021-10-09T00:00:00+00:00;BULLSHIT/USD;72,67500000;77,50000000;71,60000000;76,57500000;5,09
2021-10-08T00:00:00+00:00;BULLSHIT/USD;70,45000000;78,47500000;70,22500000;72,67500000;3,06
2021-10-07T00:00:00+00:00;BULLSHIT/USD;68,22500000;71,72500000;61,47500000;70,45000000;3,16
2021-10-06T00:00:00+00:00;BULLSHIT/USD;72,45000000;73,75000000;56,40000000;68,22500000;-6,19
2021-10-05T00:00:00+00:00;BULLSHIT/USD;62,50000000;72,85000000;61,50000000;72,45000000;13,73
2021-10-04T00:00:00+00:00;BULLSHIT/USD;65,75000000;65,75000000;56,00000000;62,50000000;-5,2
2021-10-03T00:00:00+00:00;BULLSHIT/USD;61,67500000;68,52500000;58,50000000;65,75000000;6,2
2021-10-02T00:00:00+00:00;BULLSHIT/USD;58,17500000;67,90000000;55,85000000;61,67500000;5,67
2021-10-01T00:00:00+00:00;BULLSHIT/USD;44,20000000;58,20000000;42,48000000;58,17500000;24,02
2021-09-30T00:00:00+00:00;BULLSHIT/USD;37,64000000;44,25000000;37,44000000;44,20000000;14,84
2021-09-29T00:00:00+00:00;BULLSHIT/USD;34,50000000;41,13000000;33,69000000;37,64000000;8,34
2021-09-28T00:00:00+00:00;BULLSHIT/USD;39,88000000;41,39000000;34,15000000;34,50000000;-15,59
2021-09-27T00:00:00+00:00;BULLSHIT/USD;44,91000000;48,61000000;39,72000000;39,88000000;-12,61
2021-09-26T00:00:00+00:00;BULLSHIT/USD;45,16000000;47,95000000;34,60000000;44,91000000;-0,56
2021-09-25T00:00:00+00:00;BULLSHIT/USD;48,07000000;49,71000000;41,04000000;45,16000000;-6,44
2021-09-24T00:00:00+00:00;BULLSHIT/USD;63,20000000;63,92500000;38,93000000;48,07000000;-31,47
2021-09-23T00:00:00+00:00;BULLSHIT/USD;60,12500000;63,20000000;54,20000000;63,20000000;4,87
2021-09-22T00:00:00+00:00;BULLSHIT/USD;42,16000000;60,22500000;41,31000000;60,12500000;29,88
2021-09-21T00:00:00+00:00;BULLSHIT/USD;53,97500000;60,92500000;39,10000000;42,16000000;-28,02
2021-09-20T00:00:00+00:00;BULLSHIT/USD;88,50000000;89,00000000;48,82500000;53,85000000;-64,35
2021-09-19T00:00:00+00:00;BULLSHIT/USD;100,75000000;100,75000000;86,00000000;88,50000000;-13,84
2021-09-18T00:00:00+00:00;BULLSHIT/USD;98,92500000;107,90000000;95,57500000;100,75000000;1,81
2021-09-17T00:00:00+00:00;BULLSHIT/USD;107,15000000;111,40000000;93,30000000;98,92500000;-8,31
2021-09-16T00:00:00+00:00;BULLSHIT/USD;117,15000000;120,00000000;99,90000000;107,15000000;-9,33
2021-09-15T00:00:00+00:00;BULLSHIT/USD;99,22500000;118,15000000;99,05000000;117,15000000;15,3
2021-09-14T00:00:00+00:00;BULLSHIT/USD;86,60000000;99,22500000;83,72500000;99,22500000;12,72
2021-09-13T00:00:00+00:00;BULLSHIT/USD;104,37500000;105,92500000;70,37500000;86,60000000;-20,53
2021-09-12T00:00:00+00:00;BULLSHIT/USD;93,20000000;106,85000000;88,02500000;104,37500000;10,71
2021-09-11T00:00:00+00:00;BULLSHIT/USD;88,90000000;101,07500000;87,00000000;93,20000000;4,61
2021-09-10T00:00:00+00:00;BULLSHIT/USD;109,30000000;119,30000000;81,72500000;88,90000000;-22,95
2021-09-09T00:00:00+00:00;BULLSHIT/USD;97,30000000;117,45000000;91,87500000;109,30000000;10,98
2021-09-08T00:00:00+00:00;BULLSHIT/USD;91,30000000;102,67500000;65,67500000;97,30000000;6,17
2021-09-07T00:00:00+00:00;BULLSHIT/USD;199,95000000;202,40000000;56,60000000;91,30000000;-119,0
2021-09-06T00:00:00+00:00;BULLSHIT/USD;189,30000000;202,90000000;166,95000000;199,95000000;5,33
2021-09-05T00:00:00+00:00;BULLSHIT/USD;180,85000000;189,30000000;173,00000000;189,30000000;4,46
2021-09-04T00:00:00+00:00;BULLSHIT/USD;153,35000000;181,75000000;151,15000000;180,85000000;15,21
2021-09-03T00:00:00+00:00;BULLSHIT/USD;139,40000000;157,35000000;132,10000000;153,35000000;9,1
2021-09-02T00:00:00+00:00;BULLSHIT/USD;143,20000000;149,50000000;136,95000000;139,40000000;-2,73
2021-09-01T00:00:00+00:00;BULLSHIT/USD;120,75000000;143,25000000;111,80000000;143,20000000;15,68
2021-08-31T00:00:00+00:00;BULLSHIT/USD;112,05000000;128,00000000;108,20000000;120,75000000;7,2
2021-08-30T00:00:00+00:00;BULLSHIT/USD;126,70000000;130,00000000;111,20000000;112,05000000;-13,07
2021-08-29T00:00:00+00:00;BULLSHIT/USD;122,25000000;129,75000000;111,80000000;126,70000000;3,51
2021-08-28T00:00:00+00:00;BULLSHIT/USD;125,45000000;126,95000000;116,85000000;122,25000000;-2,62
2021-08-27T00:00:00+00:00;BULLSHIT/USD;104,20000000;125,52500000;95,20000000;125,45000000;16,94
2021-08-26T00:00:00+00:00;BULLSHIT/USD;136,10000000;140,45000000;100,80000000;104,20000000;-30,61
2021-08-25T00:00:00+00:00;BULLSHIT/USD;120,25000000;136,85000000;107,60000000;136,10000000;11,65
2021-08-24T00:00:00+00:00;BULLSHIT/USD;159,25000000;162,25000000;111,60000000;120,25000000;-32,43
2021-08-23T00:00:00+00:00;BULLSHIT/USD;141,50000000;161,60000000;139,30000000;159,25000000;11,15
2021-08-22T00:00:00+00:00;BULLSHIT/USD;131,95000000;144,35000000;127,45000000;141,50000000;6,75
2021-08-21T00:00:00+00:00;BULLSHIT/USD;127,05000000;142,90000000;120,60000000;131,95000000;3,71
2021-08-20T00:00:00+00:00;BULLSHIT/USD;111,65000000;127,10000000;111,20000000;127,05000000;12,12
2021-08-19T00:00:00+00:00;BULLSHIT/USD;94,80000000;111,65000000;87,50000000;111,65000000;15,09
2021-08-18T00:00:00+00:00;BULLSHIT/USD;97,37500000;106,15000000;83,62500000;94,80000000;-2,72
2021-08-17T00:00:00+00:00;BULLSHIT/USD;119,60000000;132,75000000;94,65000000;97,37500000;-22,82
2021-08-16T00:00:00+00:00;BULLSHIT/USD;125,40000000;141,65000000;116,30000000;119,60000000;-4,85
2021-08-15T00:00:00+00:00;BULLSHIT/USD;121,70000000;127,00000000;105,95000000;125,40000000;2,95
2021-08-14T00:00:00+00:00;BULLSHIT/USD;119,65000000;126,90000000;107,35000000;121,70000000;1,68
2021-08-13T00:00:00+00:00;BULLSHIT/USD;94,90000000;139,87500000;93,02500000;119,65000000;20,69
2021-08-12T00:00:00+00:00;BULLSHIT/USD;100,37500000;113,10000000;81,50000000;94,90000000;-5,77
2021-08-11T00:00:00+00:00;BULLSHIT/USD;86,67500000;110,37500000;85,82500000;100,37500000;13,65
2021-08-10T00:00:00+00:00;BULLSHIT/USD;78,40000000;89,02500000;76,00000000;86,67500000;9,55
2021-08-09T00:00:00+00:00;BULLSHIT/USD;65,95000000;80,20000000;59,30000000;78,40000000;15,88
2021-08-08T00:00:00+00:00;BULLSHIT/USD;81,32500000;82,47500000;63,97500000;65,95000000;-23,31
2021-08-07T00:00:00+00:00;BULLSHIT/USD;73,60000000;85,35000000;72,40000000;81,32500000;9,5
2021-08-06T00:00:00+00:00;BULLSHIT/USD;68,05000000;75,80000000;64,67500000;73,60000000;7,54
2021-08-05T00:00:00+00:00;BULLSHIT/USD;60,42500000;68,05000000;56,35000000;68,05000000;11,2
2021-08-04T00:00:00+00:00;BULLSHIT/USD;54,00000000;61,25000000;51,15000000;60,42500000;10,63
2021-08-03T00:00:00+00:00;BULLSHIT/USD;56,40000000;57,77500000;49,55000000;54,00000000;-4,44
2021-08-02T00:00:00+00:00;BULLSHIT/USD;54,67500000;58,55000000;51,10000000;56,40000000;3,06
2021-08-01T00:00:00+00:00;BULLSHIT/USD;59,70000000;66,32500000;53,52500000;54,67500000;-9,19
2021-07-31T00:00:00+00:00;BULLSHIT/USD;55,98000000;60,77500000;53,65000000;59,70000000;6,23
2021-07-30T00:00:00+00:00;BULLSHIT/USD;50,68000000;56,00000000;45,18000000;55,98000000;9,47
2021-07-29T00:00:00+00:00;BULLSHIT/USD;45,86000000;51,07000000;43,28000000;50,68000000;9,51
2021-07-28T00:00:00+00:00;BULLSHIT/USD;46,95000000;48,96000000;43,01000000;45,86000000;-2,38
2021-07-27T00:00:00+00:00;BULLSHIT/USD;42,78000000;47,34000000;36,55000000;46,95000000;8,88
2021-07-26T00:00:00+00:00;BULLSHIT/USD;42,53000000;53,58000000;41,03000000;42,78000000;0,58
2021-07-25T00:00:00+00:00;BULLSHIT/USD;39,23000000;42,62000000;36,70000000;42,53000000;7,76
2021-07-24T00:00:00+00:00;BULLSHIT/USD;34,86000000;41,45000000;33,95000000;39,23000000;11,14
2021-07-23T00:00:00+00:00;BULLSHIT/USD;30,45000000;34,86000000;28,29000000;34,86000000;12,65
2021-07-22T00:00:00+00:00;BULLSHIT/USD;27,21000000;31,03000000;25,94000000;30,45000000;10,64
2021-07-21T00:00:00+00:00;BULLSHIT/USD;19,70500000;29,00000000;18,07500000;27,21000000;27,58
2021-07-20T00:00:00+00:00;BULLSHIT/USD;25,98000000;27,22000000;17,13500000;19,70500000;-31,84
2021-07-19T00:00:00+00:00;BULLSHIT/USD;32,43000000;32,43000000;25,46000000;25,98000000;-24,83
2021-07-18T00:00:00+00:00;BULLSHIT/USD;32,49000000;35,87000000;31,09000000;32,43000000;-0,19
2021-07-17T00:00:00+00:00;BULLSHIT/USD;31,67000000;33,28000000;29,93000000;32,49000000;2,52
2021-07-16T00:00:00+00:00;BULLSHIT/USD;38,30000000;40,09000000;31,25000000;31,67000000;-20,93
2021-07-15T00:00:00+00:00;BULLSHIT/USD;43,83000000;45,82000000;35,87000000;38,30000000;-14,44
2021-07-14T00:00:00+00:00;BULLSHIT/USD;43,10000000;44,85000000;33,91000000;43,83000000;1,67
2021-07-13T00:00:00+00:00;BULLSHIT/USD;48,48000000;48,86000000;41,54000000;43,10000000;-12,48
2021-07-12T00:00:00+00:00;BULLSHIT/USD;54,72000000;55,62500000;45,03000000;48,48000000;-12,87
2021-07-11T00:00:00+00:00;BULLSHIT/USD;51,84000000;55,81000000;49,34000000;54,72000000;5,26
2021-07-10T00:00:00+00:00;BULLSHIT/USD;54,22500000;56,67500000;48,60000000;51,84000000;-4,6
2021-07-09T00:00:00+00:00;BULLSHIT/USD;51,96000000;55,22000000;43,67000000;54,22500000;4,18
2021-07-08T00:00:00+00:00;BULLSHIT/USD;65,47500000;66,77500000;47,97500000;51,96000000;-26,01
2021-07-07T00:00:00+00:00;BULLSHIT/USD;59,62500000;70,75000000;58,77500000;65,47500000;8,93
2021-07-06T00:00:00+00:00;BULLSHIT/USD;54,25000000;63,10000000;54,10000000;59,62500000;9,01
2021-07-05T00:00:00+00:00;BULLSHIT/USD;63,07500000;63,07500000;51,30000000;54,25000000;-16,27
2021-07-04T00:00:00+00:00;BULLSHIT/USD;59,07500000;67,17500000;56,15000000;63,07500000;6,34
2021-07-03T00:00:00+00:00;BULLSHIT/USD;55,22500000;60,55000000;52,15000000;59,07500000;6,52
2021-07-02T00:00:00+00:00;BULLSHIT/USD;55,17500000;56,32500000;46,30000000;55,22500000;0,09
2021-07-01T00:00:00+00:00;BULLSHIT/USD;65,87500000;65,87500000;50,92500000;55,17500000;-19,39
2021-06-30T00:00:00+00:00;BULLSHIT/USD;63,10000000;66,32500000;51,67500000;65,87500000;4,21
2021-06-29T00:00:00+00:00;BULLSHIT/USD;52,73000000;67,55000000;52,12500000;63,10000000;16,43
2021-06-28T00:00:00+00:00;BULLSHIT/USD;49,30000000;55,56000000;47,07000000;52,73000000;6,5
2021-06-27T00:00:00+00:00;BULLSHIT/USD;42,75000000;50,09000000;40,70000000;49,30000000;13,29
2021-06-26T00:00:00+00:00;BULLSHIT/USD;41,25000000;45,84000000;34,89000000;42,75000000;3,51
2021-06-25T00:00:00+00:00;BULLSHIT/USD;58,92500000;63,15000000;40,04000000;41,25000000;-42,85
2021-06-24T00:00:00+00:00;BULLSHIT/USD;51,86000000;61,02000000;45,53000000;58,92500000;11,99
2021-06-23T00:00:00+00:00;BULLSHIT/USD;39,96000000;59,57000000;35,79000000;51,86000000;22,95
2021-06-22T00:00:00+00:00;BULLSHIT/USD;48,95000000;60,55000000;25,87000000;39,96000000;-22,5
2021-06-21T00:00:00+00:00;BULLSHIT/USD;120,85000000;122,15000000;47,85000000;48,95000000;-146,88
2021-06-20T00:00:00+00:00;BULLSHIT/USD;118,00000000;123,45000000;92,05000000;120,85000000;2,36
2021-06-19T00:00:00+00:00;BULLSHIT/USD;124,95000000;132,05000000;115,20000000;118,00000000;-5,89
2021-06-18T00:00:00+00:00;BULLSHIT/USD;166,35000000;168,30000000;112,40000000;124,95000000;-33,13
2021-06-17T00:00:00+00:00;BULLSHIT/USD;161,25000000;180,40000000;155,90000000;166,35000000;3,07
2021-06-16T00:00:00+00:00;BULLSHIT/USD;178,55000000;187,70000000;156,00000000;161,25000000;-10,73
2021-06-15T00:00:00+00:00;BULLSHIT/USD;170,15000000;186,30000000;164,80000000;178,55000000;4,7
2021-06-14T00:00:00+00:00;BULLSHIT/USD;157,25000000;175,00000000;146,40000000;170,15000000;7,58
2021-06-13T00:00:00+00:00;BULLSHIT/USD;126,15000000;159,65000000;120,60000000;157,25000000;19,78
2021-06-12T00:00:00+00:00;BULLSHIT/USD;131,65000000;133,30000000;106,85000000;126,35000000;-4,19
2021-06-11T00:00:00+00:00;BULLSHIT/USD;161,85000000;170,80000000;125,00000000;131,65000000;-22,94
2021-06-10T00:00:00+00:00;BULLSHIT/USD;188,25000000;190,85000000;150,20000000;161,85000000;-16,31
2021-06-09T00:00:00+00:00;BULLSHIT/USD;166,75000000;192,05000000;137,65000000;188,25000000;11,42
2021-06-08T00:00:00+00:00;BULLSHIT/USD;180,80000000;192,45000000;120,55000000;166,75000000;-8,43
2021-06-07T00:00:00+00:00;BULLSHIT/USD;237,00000000;265,60000000;176,80000000;180,80000000;-31,08
2021-06-06T00:00:00+00:00;BULLSHIT/USD;221,20000000;245,60000000;218,10000000;237,00000000;6,67
2021-06-05T00:00:00+00:00;BULLSHIT/USD;244,10000000;286,80000000;200,60000000;221,20000000;-10,35
2021-06-04T00:00:00+00:00;BULLSHIT/USD;336,40000000;343,80000000;203,70000000;244,10000000;-37,81
2021-06-03T00:00:00+00:00;BULLSHIT/USD;272,30000000;337,90000000;261,30000000;336,40000000;19,05
2021-06-02T00:00:00+00:00;BULLSHIT/USD;242,90000000;282,20000000;230,70000000;272,30000000;10,8
2021-06-01T00:00:00+00:00;BULLSHIT/USD;247,70000000;263,10000000;222,80000000;242,90000000;-1,98
2021-05-31T00:00:00+00:00;BULLSHIT/USD;210,10000000;249,35000000;177,55000000;247,70000000;15,18
2021-05-30T00:00:00+00:00;BULLSHIT/USD;185,35000000;231,10000000;152,50000000;210,10000000;11,78
2021-05-29T00:00:00+00:00;BULLSHIT/USD;225,55000000;257,10000000;156,00000000;185,35000000;-21,69
2021-05-28T00:00:00+00:00;BULLSHIT/USD;340,40000000;358,30000000;202,80000000;225,55000000;-50,92
2021-05-27T00:00:00+00:00;BULLSHIT/USD;397,20000000;402,20000000;269,70000000;340,40000000;-16,69
2021-05-26T00:00:00+00:00;BULLSHIT/USD;267,30000000;397,20000000;252,50000000;397,20000000;32,7
2021-05-25T00:00:00+00:00;BULLSHIT/USD;242,50000000;281,90000000;170,00000000;267,30000000;9,28
2021-05-24T00:00:00+00:00;BULLSHIT/USD;135,75000000;254,50000000;119,60000000;242,50000000;44,02
2021-05-23T00:00:00+00:00;BULLSHIT/USD;282,20000000;306,70000000;73,30000000;135,75000000;-107,88
2021-05-22T00:00:00+00:00;BULLSHIT/USD;361,50000000;391,30000000;228,70000000;282,20000000;-28,1
2021-05-21T00:00:00+00:00;BULLSHIT/USD;627,75000000;720,75000000;223,50000000;361,50000000;-73,65
2021-05-20T00:00:00+00:00;BULLSHIT/USD;467,60000000;720,00000000;298,90000000;627,75000000;25,51
2021-05-19T00:00:00+00:00;BULLSHIT/USD;2963,00000000;3092,00000000;303,50000000;467,60000000;-533,66
2021-05-18T00:00:00+00:00;BULLSHIT/USD;2457,00000000;3115,00000000;2414,00000000;2963,00000000;17,08
2021-05-17T00:00:00+00:00;BULLSHIT/USD;3057,00000000;3119,00000000;1951,00000000;2457,00000000;-24,42
2021-05-16T00:00:00+00:00;BULLSHIT/USD;2975,00000000;3727,00000000;2405,00000000;3057,00000000;2,68
2021-05-15T00:00:00+00:00;BULLSHIT/USD;3659,00000000;3939,00000000;2950,00000000;2975,00000000;-22,99
2021-05-14T00:00:00+00:00;BULLSHIT/USD;2827,00000000;3923,00000000;2758,00000000;3659,00000000;22,74
2021-05-13T00:00:00+00:00;BULLSHIT/USD;2759,00000000;3661,00000000;2451,00000000;2827,00000000;2,41
2021-05-12T00:00:00+00:00;BULLSHIT/USD;5108,00000000;5687,00000000;2702,00000000;2759,00000000;-85,14
2021-05-11T00:00:00+00:00;BULLSHIT/USD;4205,00000000;5108,00000000;3696,00000000;5108,00000000;17,68
2021-05-10T00:00:00+00:00;BULLSHIT/USD;6465,00000000;6797,50000000;3555,00000000;4205,00000000;-53,75
2021-05-09T00:00:00+00:00;BULLSHIT/USD;6615,00000000;6682,50000000;5395,00000000;6465,00000000;-2,32
2021-05-08T00:00:00+00:00;BULLSHIT/USD;6217,50000000;7087,50000000;6015,00000000;6615,00000000;6,01
2021-05-07T00:00:00+00:00;BULLSHIT/USD;6137,50000000;7395,00000000;5585,00000000;6217,50000000;1,29
2021-05-06T00:00:00+00:00;BULLSHIT/USD;5770,00000000;6325,00000000;5332,50000000;6137,50000000;5,99
2021-05-05T00:00:00+00:00;BULLSHIT/USD;4317,00000000;5770,00000000;4122,00000000;5770,00000000;25,18
2021-05-04T00:00:00+00:00;BULLSHIT/USD;5917,50000000;5917,50000000;4043,00000000;4317,00000000;-37,07
2021-05-03T00:00:00+00:00;BULLSHIT/USD;5590,00000000;6600,00000000;5580,00000000;5917,50000000;5,53
2021-05-02T00:00:00+00:00;BULLSHIT/USD;6010,00000000;6037,50000000;5102,00000000;5590,00000000;-7,51
2021-05-01T00:00:00+00:00;BULLSHIT/USD;5855,00000000;6127,50000000;5300,00000000;6010,00000000;2,58
2021-04-30T00:00:00+00:00;BULLSHIT/USD;4957,00000000;5865,00000000;4764,00000000;5855,00000000;15,34
2021-04-29T00:00:00+00:00;BULLSHIT/USD;4980,00000000;5370,00000000;4275,00000000;4957,00000000;-0,46
2021-04-28T00:00:00+00:00;BULLSHIT/USD;5310,00000000;5632,50000000;3805,00000000;4980,00000000;-6,63
2021-04-27T00:00:00+00:00;BULLSHIT/USD;3974,00000000;5310,00000000;3852,00000000;5310,00000000;25,16
2021-04-26T00:00:00+00:00;BULLSHIT/USD;2572,00000000;4111,00000000;2550,00000000;3974,00000000;35,28
2021-04-25T00:00:00+00:00;BULLSHIT/USD;2574,00000000;3178,00000000;2076,00000000;2572,00000000;-0,08
2021-04-24T00:00:00+00:00;BULLSHIT/USD;3527,00000000;3600,00000000;2525,00000000;2574,00000000;-37,02
2021-04-23T00:00:00+00:00;BULLSHIT/USD;4902,00000000;4902,00000000;1925,00000000;3527,00000000;-38,98
2021-04-22T00:00:00+00:00;BULLSHIT/USD;6810,00000000;7447,50000000;4642,50000000;4898,00000000;-39,04
2021-04-21T00:00:00+00:00;BULLSHIT/USD;7517,50000000;8435,00000000;6517,50000000;6810,00000000;-10,39
2021-04-20T00:00:00+00:00;BULLSHIT/USD;6780,00000000;7922,50000000;4872,50000000;7517,50000000;9,81
2021-04-19T00:00:00+00:00;BULLSHIT/USD;9225,00000000;10155,00000000;6127,50000000;6780,00000000;-36,06
2021-04-18T00:00:00+00:00;BULLSHIT/USD;16890,00000000;17070,00000000;6120,00000000;9225,00000000;-83,09
2021-04-17T00:00:00+00:00;BULLSHIT/USD;17075,00000000;19440,00000000;15395,00000000;16890,00000000;-1,1
2021-04-16T00:00:00+00:00;BULLSHIT/USD;14380,00000000;17190,00000000;12115,00000000;17075,00000000;15,78
2021-04-15T00:00:00+00:00;BULLSHIT/USD;12465,00000000;14380,00000000;11935,00000000;14380,00000000;13,32
2021-04-14T00:00:00+00:00;BULLSHIT/USD;12425,00000000;12915,00000000;10465,00000000;12465,00000000;0,32
2021-04-13T00:00:00+00:00;BULLSHIT/USD;11900,00000000;12675,00000000;10605,00000000;12425,00000000;4,23
2021-04-12T00:00:00+00:00;BULLSHIT/USD;12075,00000000;12410,00000000;10875,00000000;11900,00000000;-1,47
2021-04-11T00:00:00+00:00;BULLSHIT/USD;12280,00000000;12555,00000000;11330,00000000;12075,00000000;-1,7
2021-04-10T00:00:00+00:00;BULLSHIT/USD;13245,00000000;13730,00000000;11310,00000000;12280,00000000;-7,86
2021-04-09T00:00:00+00:00;BULLSHIT/USD;12400,00000000;13495,00000000;11980,00000000;13245,00000000;6,38
2021-04-08T00:00:00+00:00;BULLSHIT/USD;9847,50000000;12490,00000000;9452,50000000;12400,00000000;20,58
2021-04-07T00:00:00+00:00;BULLSHIT/USD;10950,00000000;11290,00000000;7325,00000000;9847,50000000;-11,2
2021-04-06T00:00:00+00:00;BULLSHIT/USD;11755,00000000;11990,00000000;9365,00000000;10950,00000000;-7,35
2021-04-05T00:00:00+00:00;BULLSHIT/USD;11895,00000000;12490,00000000;10525,00000000;11755,00000000;-1,19
2021-04-04T00:00:00+00:00;BULLSHIT/USD;9337,50000000;11902,50000000;8842,50000000;11895,00000000;21,5
2021-04-03T00:00:00+00:00;BULLSHIT/USD;11740,00000000;12365,00000000;9100,00000000;9337,50000000;-25,73
2021-04-02T00:00:00+00:00;BULLSHIT/USD;10645,00000000;11785,00000000;10190,00000000;11740,00000000;9,33
2021-04-01T00:00:00+00:00;BULLSHIT/USD;11310,00000000;11760,00000000;9950,00000000;10645,00000000;-6,25
2021-03-31T00:00:00+00:00;BULLSHIT/USD;11525,00000000;12080,00000000;9375,00000000;11310,00000000;-1,9
2021-03-30T00:00:00+00:00;BULLSHIT/USD;11330,00000000;11675,00000000;10945,00000000;11525,00000000;1,69
2021-03-29T00:00:00+00:00;BULLSHIT/USD;10120,00000000;11385,00000000;9797,50000000;11330,00000000;10,68
2021-03-28T00:00:00+00:00;BULLSHIT/USD;9020,00000000;10300,00000000;8625,00000000;10120,00000000;10,87
2021-03-27T00:00:00+00:00;BULLSHIT/USD;9002,50000000;9230,00000000;7835,00000000;9020,00000000;0,19
2021-03-26T00:00:00+00:00;BULLSHIT/USD;7565,00000000;9032,50000000;7525,00000000;9002,50000000;15,97
2021-03-25T00:00:00+00:00;BULLSHIT/USD;7342,50000000;8260,00000000;6175,00000000;7565,00000000;2,94
2021-03-24T00:00:00+00:00;BULLSHIT/USD;8895,00000000;10795,00000000;6582,50000000;7342,50000000;-21,14
2021-03-23T00:00:00+00:00;BULLSHIT/USD;7690,00000000;9747,50000000;6822,50000000;8895,00000000;13,55
2021-03-22T00:00:00+00:00;BULLSHIT/USD;8897,50000000;9582,50000000;7135,00000000;7690,00000000;-15,7
2021-03-21T00:00:00+00:00;BULLSHIT/USD;7647,50000000;9062,50000000;7207,50000000;8897,50000000;14,05
2021-03-20T00:00:00+00:00;BULLSHIT/USD;8447,50000000;9870,00000000;7640,00000000;7647,50000000;-10,46
2021-03-19T00:00:00+00:00;BULLSHIT/USD;7650,00000000;8800,00000000;7182,50000000;8447,50000000;9,44
2021-03-18T00:00:00+00:00;BULLSHIT/USD;7247,50000000;7907,50000000;7042,50000000;7650,00000000;5,26
2021-03-17T00:00:00+00:00;BULLSHIT/USD;6090,00000000;7295,00000000;5270,00000000;7272,50000000;16,26
2021-03-16T00:00:00+00:00;BULLSHIT/USD;6945,00000000;7100,00000000;5482,50000000;6090,00000000;-14,04
2021-03-15T00:00:00+00:00;BULLSHIT/USD;6970,00000000;7715,00000000;5460,00000000;6945,00000000;-0,36
2021-03-14T00:00:00+00:00;BULLSHIT/USD;6722,50000000;7585,00000000;6212,50000000;6970,00000000;3,55
2021-03-13T00:00:00+00:00;BULLSHIT/USD;6020,00000000;7210,00000000;5595,00000000;6722,50000000;10,45
2021-03-12T00:00:00+00:00;BULLSHIT/USD;4806,00000000;6090,00000000;4549,00000000;6020,00000000;20,17
2021-03-11T00:00:00+00:00;BULLSHIT/USD;3843,00000000;5119,00000000;3633,00000000;4806,00000000;20,04
2021-03-10T00:00:00+00:00;BULLSHIT/USD;3880,00000000;4000,00000000;3109,00000000;3843,00000000;-0,96
2021-03-09T00:00:00+00:00;BULLSHIT/USD;3104,00000000;3900,00000000;3104,00000000;3878,00000000;19,96
2021-03-08T00:00:00+00:00;BULLSHIT/USD;2522,00000000;3105,00000000;2372,00000000;3104,00000000;18,75
2021-03-07T00:00:00+00:00;BULLSHIT/USD;2182,00000000;2548,00000000;2182,00000000;2522,00000000;13,48
2021-03-06T00:00:00+00:00;BULLSHIT/USD;2176,00000000;2259,00000000;1840,50000000;2182,00000000;0,27
2021-03-05T00:00:00+00:00;BULLSHIT/USD;2204,00000000;2204,00000000;1872,50000000;2176,00000000;-1,29
2021-03-04T00:00:00+00:00;BULLSHIT/USD;2164,00000000;2486,00000000;1942,00000000;2204,00000000;1,81
2021-03-03T00:00:00+00:00;BULLSHIT/USD;1744,50000000;2209,00000000;1692,00000000;2164,00000000;19,39
2021-03-02T00:00:00+00:00;BULLSHIT/USD;1742,00000000;1955,00000000;1519,50000000;1744,50000000;0,14
2021-03-01T00:00:00+00:00;BULLSHIT/USD;1344,50000000;1750,00000000;1334,50000000;1742,00000000;22,82
2021-02-28T00:00:00+00:00;BULLSHIT/USD;1657,00000000;1684,00000000;1036,00000000;1344,50000000;-23,24
2021-02-27T00:00:00+00:00;BULLSHIT/USD;1531,50000000;1844,00000000;1517,00000000;1657,00000000;7,57
2021-02-26T00:00:00+00:00;BULLSHIT/USD;1631,00000000;1846,00000000;1256,50000000;1531,50000000;-6,5
2021-02-25T00:00:00+00:00;BULLSHIT/USD;1995,50000000;2363,00000000;1626,00000000;1631,00000000;-22,35
2021-02-24T00:00:00+00:00;BULLSHIT/USD;1760,00000000;2367,00000000;1517,50000000;1995,50000000;11,8
2021-02-23T00:00:00+00:00;BULLSHIT/USD;3720,00000000;3761,50000000;1012,00000000;1760,00000000;-111,36
2021-02-22T00:00:00+00:00;BULLSHIT/USD;4973,00000000;5123,00000000;1998,00000000;3720,00000000;-33,68
2021-02-21T00:00:00+00:00;BULLSHIT/USD;4422,00000000;5195,00000000;4189,00000000;4973,00000000;11,08
2021-02-20T00:00:00+00:00;BULLSHIT/USD;5178,00000000;5831,00000000;3843,00000000;4422,00000000;-17,1
2021-02-19T00:00:00+00:00;BULLSHIT/USD;4158,00000000;5211,00000000;3722,00000000;5178,00000000;19,7
2021-02-18T00:00:00+00:00;BULLSHIT/USD;3618,00000000;4180,00000000;3530,00000000;4158,00000000;12,99
2021-02-17T00:00:00+00:00;BULLSHIT/USD;3063,00000000;3750,00000000;2512,00000000;3618,00000000;15,34
2021-02-16T00:00:00+00:00;BULLSHIT/USD;3059,00000000;3533,00000000;2682,00000000;3063,00000000;0,13
2021-02-15T00:00:00+00:00;BULLSHIT/USD;3543,00000000;3694,00000000;1918,00000000;3059,00000000;-15,82
2021-02-14T00:00:00+00:00;BULLSHIT/USD;4326,00000000;4389,00000000;3052,00000000;3543,00000000;-22,1
2021-02-13T00:00:00+00:00;BULLSHIT/USD;3646,00000000;4394,00000000;3065,00000000;4326,00000000;15,72
2021-02-12T00:00:00+00:00;BULLSHIT/USD;3005,00000000;3776,00000000;2700,00000000;3646,00000000;17,58
2021-02-11T00:00:00+00:00;BULLSHIT/USD;2231,00000000;3058,00000000;2157,50000000;3005,00000000;25,76
2021-02-10T00:00:00+00:00;BULLSHIT/USD;2158,00000000;2474,50000000;1634,50000000;2231,00000000;3,27
2021-02-09T00:00:00+00:00;BULLSHIT/USD;1648,00000000;2191,00000000;1619,50000000;2158,00000000;23,63
2021-02-08T00:00:00+00:00;BULLSHIT/USD;1244,00000000;1676,00000000;1206,00000000;1648,00000000;24,51
2021-02-07T00:00:00+00:00;BULLSHIT/USD;1303,50000000;1337,00000000;1007,00000000;1244,00000000;-4,78
2021-02-06T00:00:00+00:00;BULLSHIT/USD;1502,00000000;1535,50000000;1123,00000000;1303,50000000;-15,23
2021-02-05T00:00:00+00:00;BULLSHIT/USD;1052,00000000;1508,50000000;1052,00000000;1502,00000000;29,96
2021-02-04T00:00:00+00:00;BULLSHIT/USD;1057,25000000;1111,25000000;884,25000000;1052,00000000;-0,5
2021-02-03T00:00:00+00:00;BULLSHIT/USD;947,25000000;1057,25000000;903,00000000;1057,25000000;10,4
2021-02-02T00:00:00+00:00;BULLSHIT/USD;849,25000000;947,25000000;811,75000000;947,25000000;10,35
2021-02-01T00:00:00+00:00;BULLSHIT/USD;737,25000000;849,25000000;671,25000000;849,25000000;13,19
2021-01-31T00:00:00+00:00;BULLSHIT/USD;780,00000000;839,00000000;680,00000000;737,25000000;-5,8
2021-01-30T00:00:00+00:00;BULLSHIT/USD;781,00000000;807,50000000;697,25000000;780,00000000;-0,13
2021-01-29T00:00:00+00:00;BULLSHIT/USD;713,50000000;886,75000000;691,50000000;781,00000000;8,64
2021-01-28T00:00:00+00:00;BULLSHIT/USD;559,75000000;743,25000000;525,50000000;713,50000000;21,55
2021-01-27T00:00:00+00:00;BULLSHIT/USD;782,25000000;782,25000000;512,40000000;559,75000000;-39,75
2021-01-26T00:00:00+00:00;BULLSHIT/USD;740,50000000;797,50000000;657,50000000;782,25000000;5,34
2021-01-25T00:00:00+00:00;BULLSHIT/USD;782,50000000;861,75000000;733,00000000;740,50000000;-5,67
2021-01-24T00:00:00+00:00;BULLSHIT/USD;741,50000000;843,00000000;711,00000000;782,50000000;5,24
2021-01-23T00:00:00+00:00;BULLSHIT/USD;705,25000000;792,50000000;676,25000000;741,50000000;4,89
2021-01-22T00:00:00+00:00;BULLSHIT/USD;564,75000000;763,50000000;433,75000000;705,25000000;19,92
2021-01-21T00:00:00+00:00;BULLSHIT/USD;1005,25000000;1022,50000000;552,75000000;564,75000000;-78,0
2021-01-20T00:00:00+00:00;BULLSHIT/USD;954,00000000;1022,50000000;753,50000000;1005,25000000;5,1
2021-01-19T00:00:00+00:00;BULLSHIT/USD;935,75000000;1049,75000000;909,50000000;954,00000000;1,91
2021-01-18T00:00:00+00:00;BULLSHIT/USD;855,75000000;951,25000000;821,50000000;935,75000000;8,55
2021-01-17T00:00:00+00:00;BULLSHIT/USD;784,75000000;897,25000000;689,50000000;855,75000000;8,3
2021-01-16T00:00:00+00:00;BULLSHIT/USD;732,50000000;887,75000000;723,00000000;784,75000000;6,66
2021-01-15T00:00:00+00:00;BULLSHIT/USD;732,50000000;798,25000000;541,50000000;732,50000000;0,0
2021-01-14T00:00:00+00:00;BULLSHIT/USD;752,25000000;800,00000000;661,00000000;732,50000000;-2,7
2021-01-13T00:00:00+00:00;BULLSHIT/USD;546,75000000;761,50000000;496,25000000;752,25000000;27,32
2021-01-12T00:00:00+00:00;BULLSHIT/USD;543,00000000;674,25000000;480,50000000;546,75000000;0,69
2021-01-11T00:00:00+00:00;BULLSHIT/USD;933,00000000;933,00000000;349,20000000;543,00000000;-71,82
2021-01-10T00:00:00+00:00;BULLSHIT/USD;1039,00000000;1193,00000000;704,00000000;933,00000000;-11,36
2021-01-09T00:00:00+00:00;BULLSHIT/USD;861,25000000;1067,75000000;807,75000000;1039,00000000;17,11
2021-01-08T00:00:00+00:00;BULLSHIT/USD;903,75000000;955,00000000;588,00000000;861,25000000;-4,93
2021-01-07T00:00:00+00:00;BULLSHIT/USD;872,25000000;1090,50000000;783,75000000;903,75000000;3,49
2021-01-06T00:00:00+00:00;BULLSHIT/USD;714,25000000;923,00000000;696,25000000;872,25000000;18,11
2021-01-05T00:00:00+00:00;BULLSHIT/USD;595,50000000;800,00000000;561,25000000;714,25000000;16,63
2021-01-04T00:00:00+00:00;BULLSHIT/USD;671,00000000;787,75000000;461,25000000;595,50000000;-12,68
2021-01-03T00:00:00+00:00;BULLSHIT/USD;585,00000000;678,25000000;572,00000000;671,00000000;12,82
2021-01-02T00:00:00+00:00;BULLSHIT/USD;558,25000000;644,75000000;525,25000000;585,00000000;4,57
2021-01-01T00:00:00+00:00;BULLSHIT/USD;527,50000000;657,20000000;513,60000000;556,25000000;5,17
2020-12-31T00:00:00+00:00;BULLSHIT/USD;500,70000000;527,50000000;453,60000000;527,50000000;5,08
2020-12-30T00:00:00+00:00;BULLSHIT/USD;531,75000000;541,00000000;461,75000000;500,70000000;-6,2
2020-12-29T00:00:00+00:00;BULLSHIT/USD;574,50000000;595,00000000;476,00000000;531,75000000;-8,04
2020-12-28T00:00:00+00:00;BULLSHIT/USD;492,60000000;591,00000000;480,20000000;574,50000000;14,26
2020-12-27T00:00:00+00:00;BULLSHIT/USD;539,30000000;589,10000000;428,10000000;492,60000000;-9,48
2020-12-26T00:00:00+00:00;BULLSHIT/USD;407,40000000;544,80000000;400,00000000;539,30000000;24,46
2020-12-25T00:00:00+00:00;BULLSHIT/USD;387,10000000;448,20000000;378,80000000;407,40000000;4,98
2020-12-24T00:00:00+00:00;BULLSHIT/USD;329,50000000;387,80000000;279,70000000;387,10000000;14,88
2020-12-23T00:00:00+00:00;BULLSHIT/USD;474,30000000;476,50000000;278,80000000;329,50000000;-43,95
2020-12-22T00:00:00+00:00;BULLSHIT/USD;428,30000000;491,10000000;385,40000000;474,30000000;9,7
2020-12-21T00:00:00+00:00;BULLSHIT/USD;474,20000000;514,70000000;400,00000000;428,30000000;-10,72
2020-12-20T00:00:00+00:00;BULLSHIT/USD;542,25000000;550,50000000;459,50000000;474,20000000;-14,35
2020-12-19T00:00:00+00:00;BULLSHIT/USD;496,20000000;584,00000000;493,00000000;542,25000000;8,49
2020-12-18T00:00:00+00:00;BULLSHIT/USD;480,00000000;497,10000000;438,30000000;496,20000000;3,26
2020-12-17T00:00:00+00:00;BULLSHIT/USD;486,20000000;558,50000000;431,20000000;480,00000000;-1,29
2020-12-16T00:00:00+00:00;BULLSHIT/USD;429,50000000;498,60000000;405,90000000;486,20000000;11,66
2020-12-15T00:00:00+00:00;BULLSHIT/USD;429,70000000;442,70000000;413,10000000;429,50000000;-0,05
2020-12-14T00:00:00+00:00;BULLSHIT/USD;421,80000000;433,40000000;407,50000000;429,70000000;1,84
2020-12-13T00:00:00+00:00;BULLSHIT/USD;391,20000000;437,40000000;391,00000000;421,80000000;7,25
2020-12-12T00:00:00+00:00;BULLSHIT/USD;345,30000000;400,30000000;345,30000000;391,20000000;11,73
2020-12-11T00:00:00+00:00;BULLSHIT/USD;387,60000000;390,50000000;317,10000000;345,30000000;-12,25
2020-12-10T00:00:00+00:00;BULLSHIT/USD;425,10000000;425,10000000;357,60000000;387,60000000;-9,67
2020-12-09T00:00:00+00:00;BULLSHIT/USD;400,00000000;425,10000000;331,60000000;425,10000000;5,9
2020-12-08T00:00:00+00:00;BULLSHIT/USD;500,00000000;519,80000000;393,90000000;400,00000000;-25,0
2020-12-07T00:00:00+00:00;BULLSHIT/USD;507,80000000;530,20000000;486,00000000;500,00000000;-1,56
2020-12-06T00:00:00+00:00;BULLSHIT/USD;518,90000000;530,40000000;474,40000000;507,80000000;-2,19
2020-12-05T00:00:00+00:00;BULLSHIT/USD;435,50000000;519,00000000;419,40000000;518,90000000;16,07
2020-12-04T00:00:00+00:00;BULLSHIT/USD;539,50000000;562,00000000;425,25000000;435,50000000;-23,88
2020-12-03T00:00:00+00:00;BULLSHIT/USD;509,30000000;539,80000000;498,20000000;539,50000000;5,6
2020-12-02T00:00:00+00:00;BULLSHIT/USD;475,00000000;521,50000000;457,50000000;509,30000000;6,73
2020-12-01T00:00:00+00:00;BULLSHIT/USD;530,00000000;566,75000000;419,80000000;475,00000000;-11,58
2020-11-30T00:00:00+00:00;BULLSHIT/USD;471,20000000;531,90000000;441,20000000;530,00000000;11,09
2020-11-29T00:00:00+00:00;BULLSHIT/USD;474,00000000;481,30000000;441,40000000;471,20000000;-0,59
2020-11-28T00:00:00+00:00;BULLSHIT/USD;402,10000000;487,80000000;386,70000000;474,00000000;15,17
2020-11-27T00:00:00+00:00;BULLSHIT/USD;400,00000000;480,70000000;330,40000000;402,10000000;0,52
2020-11-26T00:00:00+00:00;BULLSHIT/USD;653,50000000;671,00000000;346,30000000;400,00000000;-63,38
2020-11-25T00:00:00+00:00;BULLSHIT/USD;684,00000000;830,00000000;585,00000000;653,50000000;-4,67
2020-11-24T00:00:00+00:00;BULLSHIT/USD;571,70000000;729,25000000;568,75000000;684,00000000;16,42
2020-11-23T00:00:00+00:00;BULLSHIT/USD;477,80000000;597,20000000;461,70000000;571,70000000;16,42
2020-11-22T00:00:00+00:00;BULLSHIT/USD;502,30000000;534,10000000;377,70000000;477,80000000;-5,13
2020-11-21T00:00:00+00:00;BULLSHIT/USD;400,00000000;503,70000000;400,00000000;502,30000000;20,37
2020-11-20T00:00:00+00:00;BULLSHIT/USD;355,30000000;406,50000000;355,20000000;400,00000000;11,17
2020-11-19T00:00:00+00:00;BULLSHIT/USD;349,50000000;370,00000000;332,00000000;355,30000000;1,63
2020-11-18T00:00:00+00:00;BULLSHIT/USD;387,50000000;392,20000000;325,60000000;349,50000000;-10,87
2020-11-17T00:00:00+00:00;BULLSHIT/USD;360,00000000;387,50000000;355,00000000;387,50000000;7,1
2020-11-16T00:00:00+00:00;BULLSHIT/USD;313,10000000;360,00000000;312,40000000;360,00000000;13,03
2020-11-15T00:00:00+00:00;BULLSHIT/USD;331,00000000;344,10000000;303,60000000;313,10000000;-5,72
2020-11-14T00:00:00+00:00;BULLSHIT/USD;352,10000000;353,30000000;312,10000000;331,00000000;-6,37
2020-11-13T00:00:00+00:00;BULLSHIT/USD;321,10000000;356,90000000;321,10000000;352,10000000;8,8
2020-11-12T00:00:00+00:00;BULLSHIT/USD;354,40000000;357,40000000;306,00000000;321,10000000;-10,37
2020-11-11T00:00:00+00:00;BULLSHIT/USD;384,00000000;389,80000000;344,20000000;354,40000000;-8,35
2020-11-10T00:00:00+00:00;BULLSHIT/USD;325,10000000;386,00000000;325,10000000;384,00000000;15,34
2020-11-09T00:00:00+00:00;BULLSHIT/USD;320,30000000;332,90000000;275,00000000;325,10000000;1,48
2020-11-08T00:00:00+00:00;BULLSHIT/USD;279,80000000;326,00000000;265,80000000;320,30000000;12,64
2020-11-07T00:00:00+00:00;BULLSHIT/USD;335,00000000;377,90000000;248,70000000;279,80000000;-19,73
2020-11-06T00:00:00+00:00;BULLSHIT/USD;258,50000000;335,00000000;258,50000000;335,00000000;22,84
2020-11-05T00:00:00+00:00;BULLSHIT/USD;227,55000000;260,80000000;220,00000000;258,50000000;11,97
2020-11-04T00:00:00+00:00;BULLSHIT/USD;232,60000000;233,50000000;206,25000000;227,55000000;-2,22
2020-11-03T00:00:00+00:00;BULLSHIT/USD;250,50000000;254,80000000;215,00000000;232,60000000;-7,7
2020-11-02T00:00:00+00:00;BULLSHIT/USD;281,10000000;286,90000000;249,10000000;250,50000000;-12,22
2020-11-01T00:00:00+00:00;BULLSHIT/USD;271,40000000;284,10000000;265,20000000;281,10000000;3,45
2020-10-31T00:00:00+00:00;BULLSHIT/USD;253,90000000;271,40000000;247,80000000;271,40000000;6,45
2020-10-30T00:00:00+00:00;BULLSHIT/USD;261,30000000;265,20000000;223,70000000;253,90000000;-2,91
2020-10-29T00:00:00+00:00;BULLSHIT/USD;289,60000000;298,90000000;256,50000000;261,30000000;-10,83
2020-10-28T00:00:00+00:00;BULLSHIT/USD;322,90000000;330,10000000;271,00000000;289,60000000;-11,5
2020-10-27T00:00:00+00:00;BULLSHIT/USD;325,60000000;336,70000000;311,40000000;322,90000000;-0,84
2020-10-26T00:00:00+00:00;BULLSHIT/USD;369,50000000;373,30000000;310,90000000;325,60000000;-13,48
2020-10-25T00:00:00+00:00;BULLSHIT/USD;395,40000000;398,00000000;364,10000000;369,50000000;-7,01
2020-10-24T00:00:00+00:00;BULLSHIT/USD;385,40000000;397,30000000;381,10000000;395,40000000;2,53
2020-10-23T00:00:00+00:00;BULLSHIT/USD;399,90000000;403,30000000;363,50000000;385,40000000;-3,76
2020-10-22T00:00:00+00:00;BULLSHIT/USD;365,30000000;412,40000000;364,70000000;399,90000000;8,65
2020-10-21T00:00:00+00:00;BULLSHIT/USD;321,00000000;386,50000000;320,20000000;365,30000000;12,13
2020-10-20T00:00:00+00:00;BULLSHIT/USD;382,50000000;386,90000000;311,30000000;321,00000000;-19,16
2020-10-19T00:00:00+00:00;BULLSHIT/USD;393,20000000;397,40000000;366,30000000;382,50000000;-2,8
2020-10-18T00:00:00+00:00;BULLSHIT/USD;381,50000000;394,20000000;381,50000000;393,20000000;2,98
2020-10-17T00:00:00+00:00;BULLSHIT/USD;374,80000000;382,90000000;360,20000000;381,50000000;1,76
2020-10-16T00:00:00+00:00;BULLSHIT/USD;420,80000000;428,70000000;363,10000000;374,80000000;-12,27
2020-10-15T00:00:00+00:00;BULLSHIT/USD;449,30000000;452,40000000;401,40000000;420,80000000;-6,77
2020-10-14T00:00:00+00:00;BULLSHIT/USD;462,40000000;476,30000000;431,80000000;449,30000000;-2,92
2020-10-13T00:00:00+00:00;BULLSHIT/USD;478,90000000;501,10000000;453,60000000;462,40000000;-3,57
2020-10-12T00:00:00+00:00;BULLSHIT/USD;491,60000000;510,70000000;453,10000000;478,90000000;-2,65
2020-10-11T00:00:00+00:00;BULLSHIT/USD;465,70000000;492,80000000;445,70000000;491,60000000;5,27
2020-10-10T00:00:00+00:00;BULLSHIT/USD;426,00000000;481,40000000;422,90000000;465,70000000;8,52
2020-10-09T00:00:00+00:00;BULLSHIT/USD;387,90000000;431,80000000;368,00000000;426,00000000;8,94
2020-10-08T00:00:00+00:00;BULLSHIT/USD;347,30000000;388,70000000;320,20000000;387,90000000;10,47
2020-10-07T00:00:00+00:00;BULLSHIT/USD;333,60000000;347,50000000;296,80000000;347,30000000;3,94
2020-10-06T00:00:00+00:00;BULLSHIT/USD;421,40000000;428,50000000;327,50000000;333,60000000;-26,32
2020-10-05T00:00:00+00:00;BULLSHIT/USD;440,50000000;444,30000000;421,40000000;421,40000000;-4,53
2020-10-04T00:00:00+00:00;BULLSHIT/USD;425,10000000;440,50000000;404,40000000;440,50000000;3,5
2020-10-03T00:00:00+00:00;BULLSHIT/USD;400,10000000;439,20000000;399,10000000;425,10000000;5,88
2020-10-02T00:00:00+00:00;BULLSHIT/USD;462,00000000;470,10000000;342,20000000;400,10000000;-15,47
2020-10-01T00:00:00+00:00;BULLSHIT/USD;492,20000000;523,60000000;417,20000000;462,00000000;-6,54
2020-09-30T00:00:00+00:00;BULLSHIT/USD;480,20000000;492,20000000;447,00000000;492,20000000;2,44
2020-09-29T00:00:00+00:00;BULLSHIT/USD;437,90000000;480,20000000;433,00000000;480,20000000;8,81
2020-09-28T00:00:00+00:00;BULLSHIT/USD;420,30000000;480,20000000;420,30000000;437,90000000;4,02
2020-09-27T00:00:00+00:00;BULLSHIT/USD;421,40000000;435,70000000;379,10000000;420,30000000;-0,26
2020-09-26T00:00:00+00:00;BULLSHIT/USD;402,80000000;426,10000000;399,20000000;421,40000000;4,41
2020-09-25T00:00:00+00:00;BULLSHIT/USD;376,30000000;409,60000000;348,20000000;402,80000000;6,58
2020-09-24T00:00:00+00:00;BULLSHIT/USD;299,80000000;377,20000000;290,40000000;376,30000000;20,33
2020-09-23T00:00:00+00:00;BULLSHIT/USD;392,30000000;400,30000000;291,20000000;299,80000000;-30,85
2020-09-22T00:00:00+00:00;BULLSHIT/USD;365,50000000;393,20000000;337,50000000;392,30000000;6,83
2020-09-21T00:00:00+00:00;BULLSHIT/USD;471,70000000;515,50000000;325,60000000;365,50000000;-29,06
2020-09-20T00:00:00+00:00;BULLSHIT/USD;511,70000000;516,30000000;431,80000000;471,70000000;-8,48
2020-09-19T00:00:00+00:00;BULLSHIT/USD;486,10000000;512,30000000;476,00000000;511,70000000;5,0
2020-09-18T00:00:00+00:00;BULLSHIT/USD;506,90000000;545,00000000;463,20000000;486,10000000;-4,28
2020-09-17T00:00:00+00:00;BULLSHIT/USD;517,70000000;549,20000000;463,90000000;506,90000000;-2,13
2020-09-16T00:00:00+00:00;BULLSHIT/USD;514,60000000;518,90000000;453,20000000;517,70000000;0,6
2020-09-15T00:00:00+00:00;BULLSHIT/USD;607,50000000;623,25000000;510,25000000;514,60000000;-18,05
2020-09-14T00:00:00+00:00;BULLSHIT/USD;586,75000000;642,00000000;554,50000000;607,50000000;3,42
2020-09-13T00:00:00+00:00;BULLSHIT/USD;675,25000000;696,50000000;526,00000000;586,75000000;-15,08
2020-09-12T00:00:00+00:00;BULLSHIT/USD;631,75000000;676,00000000;613,00000000;675,25000000;6,44
2020-09-11T00:00:00+00:00;BULLSHIT/USD;637,25000000;644,00000000;542,75000000;631,75000000;-0,87
2020-09-10T00:00:00+00:00;BULLSHIT/USD;539,25000000;663,75000000;539,25000000;637,25000000;15,38
2020-09-09T00:00:00+00:00;BULLSHIT/USD;445,20000000;551,70000000;415,60000000;539,25000000;17,44
2020-09-08T00:00:00+00:00;BULLSHIT/USD;492,50000000;506,90000000;409,70000000;445,20000000;-10,62
2020-09-07T00:00:00+00:00;BULLSHIT/USD;502,50000000;521,60000000;359,10000000;492,50000000;-2,03
2020-09-06T00:00:00+00:00;BULLSHIT/USD;422,50000000;517,60000000;364,30000000;502,50000000;15,92
2020-09-05T00:00:00+00:00;BULLSHIT/USD;667,00000000;708,75000000;365,00000000;422,50000000;-57,87
2020-09-04T00:00:00+00:00;BULLSHIT/USD;556,50000000;691,00000000;514,75000000;667,00000000;16,57
2020-09-03T00:00:00+00:00;BULLSHIT/USD;1201,00000000;1222,50000000;556,50000000;556,50000000;-115,81
2020-09-02T00:00:00+00:00;BULLSHIT/USD;1492,50000000;1502,50000000;1034,00000000;1201,00000000;-24,27
2020-09-01T00:00:00+00:00;BULLSHIT/USD;1483,50000000;1560,00000000;1442,50000000;1492,50000000;0,6
2020-08-31T00:00:00+00:00;BULLSHIT/USD;1450,50000000;1526,50000000;1430,50000000;1483,50000000;2,22
2020-08-30T00:00:00+00:00;BULLSHIT/USD;1412,50000000;1482,50000000;1410,00000000;1450,50000000;2,62
2020-08-29T00:00:00+00:00;BULLSHIT/USD;1313,50000000;1424,50000000;1299,50000000;1412,50000000;7,01
2020-08-28T00:00:00+00:00;BULLSHIT/USD;1141,50000000;1314,50000000;1120,50000000;1313,50000000;13,09
2020-08-27T00:00:00+00:00;BULLSHIT/USD;1392,50000000;1402,00000000;1037,50000000;1141,50000000;-21,99
2020-08-26T00:00:00+00:00;BULLSHIT/USD;1259,00000000;1423,50000000;1208,50000000;1392,50000000;9,59
2020-08-25T00:00:00+00:00;BULLSHIT/USD;1700,00000000;1709,00000000;1100,00000000;1259,00000000;-35,03
2020-08-24T00:00:00+00:00;BULLSHIT/USD;1647,00000000;1728,00000000;1575,50000000;1700,00000000;3,12
2020-08-23T00:00:00+00:00;BULLSHIT/USD;1696,50000000;1743,00000000;1536,50000000;1647,00000000;-3,01
2020-08-22T00:00:00+00:00;BULLSHIT/USD;1512,00000000;1696,50000000;1266,00000000;1696,50000000;10,88
2020-08-21T00:00:00+00:00;BULLSHIT/USD;1611,50000000;1867,50000000;1480,50000000;1512,00000000;-6,58
2020-08-20T00:00:00+00:00;BULLSHIT/USD;1280,50000000;1616,00000000;1250,50000000;1611,50000000;20,54
2020-08-19T00:00:00+00:00;BULLSHIT/USD;1547,50000000;1566,00000000;1156,00000000;1280,50000000;-20,85
2020-08-18T00:00:00+00:00;BULLSHIT/USD;1604,00000000;1679,50000000;1356,50000000;1547,50000000;-3,65
2020-08-17T00:00:00+00:00;BULLSHIT/USD;1630,00000000;1724,50000000;1509,00000000;1604,00000000;-1,62
2020-08-16T00:00:00+00:00;BULLSHIT/USD;1361,00000000;1630,00000000;1324,00000000;1630,00000000;16,5
2020-08-15T00:00:00+00:00;BULLSHIT/USD;1349,00000000;1450,00000000;1296,00000000;1361,00000000;0,88
2020-08-14T00:00:00+00:00;BULLSHIT/USD;1185,00000000;1357,00000000;1013,00000000;1349,00000000;12,16
2020-08-13T00:00:00+00:00;BULLSHIT/USD;1110,00000000;1213,50000000;992,50000000;1185,00000000;6,33
2020-08-12T00:00:00+00:00;BULLSHIT/USD;935,25000000;1110,00000000;846,00000000;1110,00000000;15,74
2020-08-11T00:00:00+00:00;BULLSHIT/USD;1152,00000000;1152,00000000;829,50000000;935,25000000;-23,18
2020-08-10T00:00:00+00:00;BULLSHIT/USD;970,00000000;1164,50000000;915,00000000;1152,00000000;15,8
2020-08-09T00:00:00+00:00;BULLSHIT/USD;928,50000000;970,00000000;898,50000000;970,00000000;4,28
2020-08-08T00:00:00+00:00;BULLSHIT/USD;774,25000000;928,50000000;764,25000000;928,50000000;16,61
2020-08-07T00:00:00+00:00;BULLSHIT/USD;769,75000000;819,75000000;705,25000000;774,25000000;0,58
2020-08-06T00:00:00+00:00;BULLSHIT/USD;713,75000000;791,50000000;713,75000000;769,75000000;7,28
2020-08-05T00:00:00+00:00;BULLSHIT/USD;666,25000000;713,75000000;656,25000000;713,75000000;6,65
2020-08-04T00:00:00+00:00;BULLSHIT/USD;650,00000000;679,25000000;648,50000000;666,25000000;2,44
2020-08-03T00:00:00+00:00;BULLSHIT/USD;599,00000000;673,75000000;582,75000000;650,00000000;7,85
2020-08-02T00:00:00+00:00;BULLSHIT/USD;675,75000000;696,50000000;541,50000000;599,00000000;-12,81
2020-08-01T00:00:00+00:00;BULLSHIT/USD;579,50000000;675,75000000;579,50000000;675,75000000;14,24
2020-07-31T00:00:00+00:00;BULLSHIT/USD;589,25000000;597,75000000;571,25000000;579,50000000;-1,68
2020-07-30T00:00:00+00:00;BULLSHIT/USD;574,25000000;612,00000000;567,00000000;589,25000000;2,55
2020-07-29T00:00:00+00:00;BULLSHIT/USD;580,50000000;605,00000000;567,00000000;574,25000000;-1,09
2020-07-28T00:00:00+00:00;BULLSHIT/USD;521,50000000;590,50000000;521,50000000;580,50000000;10,16
2020-07-27T00:00:00+00:00;BULLSHIT/USD;605,25000000;609,75000000;458,75000000;521,50000000;-16,06
2020-07-26T00:00:00+00:00;BULLSHIT/USD;651,25000000;651,25000000;583,75000000;605,25000000;-7,6
2020-07-25T00:00:00+00:00;BULLSHIT/USD;619,00000000;660,75000000;616,50000000;651,25000000;4,95
2020-07-24T00:00:00+00:00;BULLSHIT/USD;644,25000000;650,00000000;611,75000000;619,00000000;-4,08
2020-07-23T00:00:00+00:00;BULLSHIT/USD;642,50000000;666,75000000;633,00000000;644,25000000;0,27
2020-07-22T00:00:00+00:00;BULLSHIT/USD;595,75000000;657,75000000;593,75000000;642,50000000;7,28
2020-07-21T00:00:00+00:00;BULLSHIT/USD;575,00000000;602,50000000;575,00000000;595,75000000;3,48
2020-07-20T00:00:00+00:00;BULLSHIT/USD;579,75000000;609,25000000;564,25000000;575,00000000;-0,83
2020-07-19T00:00:00+00:00;BULLSHIT/USD;563,50000000;581,25000000;546,25000000;579,75000000;2,8
2020-07-18T00:00:00+00:00;BULLSHIT/USD;547,00000000;578,00000000;528,25000000;563,50000000;2,93
2020-07-17T00:00:00+00:00;BULLSHIT/USD;500,70000000;547,10000000;492,30000000;547,00000000;8,46
2020-07-16T00:00:00+00:00;BULLSHIT/USD;553,00000000;555,00000000;446,00000000;500,70000000;-10,45
2020-07-15T00:00:00+00:00;BULLSHIT/USD;577,00000000;586,00000000;551,25000000;553,00000000;-4,34
2020-07-14T00:00:00+00:00;BULLSHIT/USD;566,00000000;577,00000000;518,00000000;577,00000000;1,91
2020-07-13T00:00:00+00:00;BULLSHIT/USD;599,00000000;639,50000000;555,50000000;566,00000000;-5,83
2020-07-12T00:00:00+00:00;BULLSHIT/USD;601,25000000;620,00000000;566,25000000;599,00000000;-0,38
2020-07-11T00:00:00+00:00;BULLSHIT/USD;583,00000000;605,25000000;580,25000000;601,25000000;3,04
2020-07-10T00:00:00+00:00;BULLSHIT/USD;561,00000000;583,00000000;524,75000000;583,00000000;3,77
2020-07-09T00:00:00+00:00;BULLSHIT/USD;577,00000000;584,25000000;495,00000000;561,00000000;-2,85
2020-07-08T00:00:00+00:00;BULLSHIT/USD;514,10000000;577,00000000;510,80000000;577,00000000;10,9
2020-07-07T00:00:00+00:00;BULLSHIT/USD;503,00000000;518,20000000;486,40000000;514,10000000;2,16
2020-07-06T00:00:00+00:00;BULLSHIT/USD;449,50000000;504,50000000;448,00000000;503,00000000;10,64
2020-07-05T00:00:00+00:00;BULLSHIT/USD;462,10000000;465,10000000;417,90000000;449,50000000;-2,8
2020-07-04T00:00:00+00:00;BULLSHIT/USD;434,00000000;466,10000000;433,50000000;462,10000000;6,08
2020-07-03T00:00:00+00:00;BULLSHIT/USD;398,50000000;439,40000000;397,50000000;434,00000000;8,18
2020-07-02T00:00:00+00:00;BULLSHIT/USD;413,60000000;429,30000000;369,20000000;398,50000000;-3,79
2020-07-01T00:00:00+00:00;BULLSHIT/USD;383,70000000;413,60000000;372,00000000;413,60000000;7,23
2020-06-30T00:00:00+00:00;BULLSHIT/USD;395,50000000;396,40000000;377,50000000;383,70000000;-3,08
2020-06-29T00:00:00+00:00;BULLSHIT/USD;379,90000000;401,20000000;359,50000000;395,50000000;3,94
2020-06-28T00:00:00+00:00;BULLSHIT/USD;336,30000000;387,60000000;322,40000000;379,90000000;11,48
2020-06-27T00:00:00+00:00;BULLSHIT/USD;415,10000000;415,50000000;314,40000000;336,30000000;-23,43
2020-06-26T00:00:00+00:00;BULLSHIT/USD;429,40000000;440,40000000;398,60000000;415,10000000;-3,44
2020-06-25T00:00:00+00:00;BULLSHIT/USD;463,00000000;463,00000000;395,60000000;429,40000000;-7,82
2020-06-24T00:00:00+00:00;BULLSHIT/USD;516,90000000;535,10000000;434,70000000;463,00000000;-11,64
2020-06-23T00:00:00+00:00;BULLSHIT/USD;508,80000000;522,00000000;499,20000000;516,90000000;1,57
2020-06-22T00:00:00+00:00;BULLSHIT/USD;445,30000000;511,70000000;444,50000000;508,80000000;12,48
2020-06-21T00:00:00+00:00;BULLSHIT/USD;456,50000000;476,00000000;444,50000000;445,30000000;-2,52
2020-06-20T00:00:00+00:00;BULLSHIT/USD;452,30000000;465,20000000;426,60000000;456,50000000;0,92
2020-06-19T00:00:00+00:00;BULLSHIT/USD;463,20000000;469,40000000;419,70000000;452,30000000;-2,41
2020-06-18T00:00:00+00:00;BULLSHIT/USD;481,30000000;490,20000000;440,10000000;463,20000000;-3,91
2020-06-17T00:00:00+00:00;BULLSHIT/USD;491,30000000;507,30000000;456,10000000;481,30000000;-2,08
2020-06-16T00:00:00+00:00;BULLSHIT/USD;469,70000000;501,40000000;456,70000000;491,30000000;4,4
2020-06-15T00:00:00+00:00;BULLSHIT/USD;448,30000000;476,60000000;328,90000000;469,70000000;4,56
2020-06-14T00:00:00+00:00;BULLSHIT/USD;506,10000000;510,00000000;438,50000000;448,30000000;-12,89
2020-06-13T00:00:00+00:00;BULLSHIT/USD;487,00000000;510,50000000;484,70000000;506,10000000;3,77
2020-06-12T00:00:00+00:00;BULLSHIT/USD;394,50000000;487,50000000;387,50000000;487,00000000;18,99
2020-06-11T00:00:00+00:00;BULLSHIT/USD;574,00000000;601,25000000;393,20000000;394,50000000;-45,5
2020-06-10T00:00:00+00:00;BULLSHIT/USD;485,20000000;574,75000000;481,90000000;574,00000000;15,47
2020-06-09T00:00:00+00:00;BULLSHIT/USD;456,20000000;489,20000000;428,80000000;485,20000000;5,98
2020-06-08T00:00:00+00:00;BULLSHIT/USD;450,00000000;460,50000000;406,00000000;456,20000000;1,36
2020-06-07T00:00:00+00:00;BULLSHIT/USD;432,40000000;450,00000000;400,10000000;450,00000000;3,91
2020-06-06T00:00:00+00:00;BULLSHIT/USD;409,90000000;438,40000000;398,30000000;432,40000000;5,2
2020-06-05T00:00:00+00:00;BULLSHIT/USD;410,70000000;428,70000000;408,20000000;409,90000000;-0,2
2020-06-04T00:00:00+00:00;BULLSHIT/USD;400,90000000;422,90000000;380,00000000;410,70000000;2,39
2020-06-03T00:00:00+00:00;BULLSHIT/USD;375,00000000;405,20000000;357,40000000;400,90000000;6,46
2020-06-02T00:00:00+00:00;BULLSHIT/USD;402,00000000;424,60000000;325,10000000;375,00000000;-7,2
2020-06-01T00:00:00+00:00;BULLSHIT/USD;345,10000000;428,90000000;343,30000000;402,00000000;14,15
2020-05-31T00:00:00+00:00;BULLSHIT/USD;379,90000000;386,10000000;343,10000000;345,10000000;-10,08
2020-05-30T00:00:00+00:00;BULLSHIT/USD;350,10000000;396,90000000;344,40000000;379,90000000;7,84
2020-05-29T00:00:00+00:00;BULLSHIT/USD;361,90000000;364,50000000;341,30000000;350,10000000;-3,37
2020-05-28T00:00:00+00:00;BULLSHIT/USD;359,20000000;367,70000000;340,90000000;361,90000000;0,75
2020-05-27T00:00:00+00:00;BULLSHIT/USD;356,00000000;382,70000000;338,60000000;359,20000000;0,89
2020-05-26T00:00:00+00:00;BULLSHIT/USD;347,90000000;367,00000000;333,20000000;356,00000000;2,28
2020-05-25T00:00:00+00:00;BULLSHIT/USD;285,80000000;347,90000000;276,10000000;347,90000000;17,85
2020-05-24T00:00:00+00:00;BULLSHIT/USD;322,10000000;349,50000000;283,30000000;285,80000000;-12,7
2020-05-23T00:00:00+00:00;BULLSHIT/USD;317,60000000;330,40000000;301,80000000;322,10000000;1,4
2020-05-22T00:00:00+00:00;BULLSHIT/USD;244,00000000;321,80000000;242,00000000;317,60000000;23,17
2020-05-21T00:00:00+00:00;BULLSHIT/USD;266,30000000;273,80000000;221,60000000;244,00000000;-9,14
2020-05-20T00:00:00+00:00;BULLSHIT/USD;266,70000000;283,00000000;243,70000000;266,30000000;-0,15
2020-05-19T00:00:00+00:00;BULLSHIT/USD;255,00000000;268,10000000;242,90000000;266,70000000;4,39
2020-05-18T00:00:00+00:00;BULLSHIT/USD;254,30000000;265,30000000;241,30000000;255,00000000;0,27
2020-05-17T00:00:00+00:00;BULLSHIT/USD;249,00000000;268,60000000;245,60000000;254,30000000;2,08
2020-05-16T00:00:00+00:00;BULLSHIT/USD;238,60000000;260,50000000;235,30000000;249,30000000;4,29
2020-05-15T00:00:00+00:00;BULLSHIT/USD;254,20000000;258,10000000;228,80000000;238,60000000;-6,54
2020-05-14T00:00:00+00:00;BULLSHIT/USD;247,00000000;255,20000000;236,20000000;254,20000000;2,83
2020-05-13T00:00:00+00:00;BULLSHIT/USD;219,10000000;253,00000000;218,10000000;247,00000000;11,3
2020-05-12T00:00:00+00:00;BULLSHIT/USD;191,60000000;222,25000000;181,85000000;219,10000000;12,55
2020-05-11T00:00:00+00:00;BULLSHIT/USD;191,15000000;214,55000000;161,70000000;191,60000000;0,23
2020-05-10T00:00:00+00:00;BULLSHIT/USD;287,20000000;290,00000000;154,80000000;191,15000000;-50,25
2020-05-09T00:00:00+00:00;BULLSHIT/USD;303,10000000;310,70000000;285,00000000;287,30000000;-5,5
2020-05-08T00:00:00+00:00;BULLSHIT/USD;281,30000000;317,30000000;270,40000000;303,10000000;7,19
2020-05-07T00:00:00+00:00;BULLSHIT/USD;252,10000000;288,70000000;242,50000000;281,30000000;10,38
2020-05-06T00:00:00+00:00;BULLSHIT/USD;263,00000000;281,50000000;247,40000000;252,10000000;-4,32
2020-05-05T00:00:00+00:00;BULLSHIT/USD;237,90000000;263,00000000;226,20000000;263,00000000;9,54
2020-05-04T00:00:00+00:00;BULLSHIT/USD;237,80000000;241,05000000;195,70000000;237,90000000;0,04
2020-05-03T00:00:00+00:00;BULLSHIT/USD;257,20000000;265,20000000;214,10000000;237,80000000;-8,16
2020-05-02T00:00:00+00:00;BULLSHIT/USD;232,70000000;258,35000000;229,30000000;257,20000000;9,53
2020-05-01T00:00:00+00:00;BULLSHIT/USD;207,90000000;247,65000000;207,55000000;232,70000000;10,66
2020-04-30T00:00:00+00:00;BULLSHIT/USD;230,50000000;256,25000000;186,30000000;207,90000000;-10,87
2020-04-29T00:00:00+00:00;BULLSHIT/USD;190,15000000;241,45000000;190,15000000;230,50000000;17,51
2020-04-28T00:00:00+00:00;BULLSHIT/USD;188,00000000;195,35000000;178,05000000;190,15000000;1,13
2020-04-27T00:00:00+00:00;BULLSHIT/USD;196,60000000;201,10000000;175,75000000;188,00000000;-4,57
2020-04-26T00:00:00+00:00;BULLSHIT/USD;184,10000000;203,25000000;182,85000000;196,60000000;6,36
2020-04-25T00:00:00+00:00;BULLSHIT/USD;167,50000000;189,80000000;161,55000000;184,10000000;9,02
2020-04-24T00:00:00+00:00;BULLSHIT/USD;153,35000000;169,05000000;152,55000000;167,50000000;8,45
2020-04-23T00:00:00+00:00;BULLSHIT/USD;138,65000000;161,35000000;131,45000000;153,35000000;9,59
2020-04-22T00:00:00+00:00;BULLSHIT/USD;118,85000000;138,95000000;118,10000000;138,65000000;14,28
2020-04-21T00:00:00+00:00;BULLSHIT/USD;116,65000000;122,00000000;112,55000000;118,85000000;1,85
2020-04-20T00:00:00+00:00;BULLSHIT/USD;137,00000000;143,50000000;112,85000000;116,65000000;-17,45
2020-04-19T00:00:00+00:00;BULLSHIT/USD;149,55000000;149,55000000;132,25000000;137,00000000;-9,16
2020-04-18T00:00:00+00:00;BULLSHIT/USD;133,30000000;149,95000000;132,65000000;149,55000000;10,87
2020-04-17T00:00:00+00:00;BULLSHIT/USD;130,35000000;138,10000000;126,25000000;133,30000000;2,21
2020-04-16T00:00:00+00:00;BULLSHIT/USD;109,15000000;133,65000000;100,70000000;130,35000000;16,26
2020-04-15T00:00:00+00:00;BULLSHIT/USD;118,40000000;122,00000000;109,15000000;109,15000000;-8,47
2020-04-14T00:00:00+00:00;BULLSHIT/USD;118,15000000;124,10000000;114,05000000;118,40000000;0,21
2020-04-13T00:00:00+00:00;BULLSHIT/USD;121,60000000;121,60000000;104,95000000;118,15000000;-2,92
2020-04-12T00:00:00+00:00;BULLSHIT/USD;120,30000000;134,95000000;115,45000000;121,60000000;1,07
2020-04-11T00:00:00+00:00;BULLSHIT/USD;118,25000000;124,60000000;112,75000000;120,30000000;1,7
2020-04-10T00:00:00+00:00;BULLSHIT/USD;160,05000000;160,05000000;106,35000000;118,25000000;-35,35
2020-04-09T00:00:00+00:00;BULLSHIT/USD;157,40000000;160,55000000;149,30000000;160,05000000;1,66
2020-04-08T00:00:00+00:00;BULLSHIT/USD;140,90000000;157,95000000;138,60000000;157,40000000;10,48
2020-04-07T00:00:00+00:00;BULLSHIT/USD;151,65000000;162,45000000;136,55000000;140,90000000;-7,63
2020-04-06T00:00:00+00:00;BULLSHIT/USD;121,30000000;153,30000000;120,90000000;151,65000000;20,01
2020-04-05T00:00:00+00:00;BULLSHIT/USD;127,50000000;132,70000000;118,90000000;121,30000000;-5,11
2020-04-04T00:00:00+00:00;BULLSHIT/USD;120,45000000;134,50000000;116,65000000;127,50000000;5,53
2020-04-03T00:00:00+00:00;BULLSHIT/USD;113,75000000;127,80000000;111,50000000;120,45000000;5,56
2020-04-02T00:00:00+00:00;BULLSHIT/USD;110,15000000;130,90000000;107,90000000;113,75000000;3,16
2020-04-01T00:00:00+00:00;BULLSHIT/USD;102,57500000;113,45000000;94,75000000;110,15000000;6,88
2020-03-31T00:00:00+00:00;BULLSHIT/USD;100,82500000;107,05000000;98,60000000;102,57500000;1,71
2020-03-30T00:00:00+00:00;BULLSHIT/USD;79,90000000;106,52500000;79,02500000;100,82500000;20,75
2020-03-29T00:00:00+00:00;BULLSHIT/USD;94,67500000;98,25000000;79,45000000;79,90000000;-18,49
2020-03-28T00:00:00+00:00;BULLSHIT/USD;98,15000000;98,15000000;82,15000000;94,67500000;-3,67
2020-03-27T00:00:00+00:00;BULLSHIT/USD;114,25000000;119,05000000;92,55000000;98,15000000;-16,4
2020-03-26T00:00:00+00:00;BULLSHIT/USD;100,77500000;114,27500000;97,12500000;114,25000000;11,79
2020-03-25T00:00:00+00:00;BULLSHIT/USD;104,65000000;111,87500000;90,62500000;100,77500000;-3,85
2020-03-24T00:00:00+00:00;BULLSHIT/USD;98,25000000;108,22500000;90,75000000;104,65000000;6,12
2020-03-23T00:00:00+00:00;BULLSHIT/USD;77,50000000;103,52500000;70,97500000;98,37500000;21,22
2020-03-22T00:00:00+00:00;BULLSHIT/USD;107,82500000;115,20000000;75,55000000;77,50000000;-39,13
2020-03-21T00:00:00+00:00;BULLSHIT/USD;102,02500000;116,70000000;86,55000000;107,82500000;5,38
2020-03-20T00:00:00+00:00;BULLSHIT/USD;124,80000000;167,90000000;73,20000000;102,02500000;-22,32
2020-03-19T00:00:00+00:00;BULLSHIT/USD;79,72500000;135,92500000;79,52500000;124,80000000;36,12
2020-03-18T00:00:00+00:00;BULLSHIT/USD;74,07500000;79,87500000;58,57500000;79,72500000;7,09
2020-03-17T00:00:00+00:00;BULLSHIT/USD;56,62500000;77,62500000;54,27500000;74,07500000;23,56
2020-03-16T00:00:00+00:00;BULLSHIT/USD;87,50000000;87,97500000;38,32500000;56,62500000;-54,53
2020-03-15T00:00:00+00:00;BULLSHIT/USD;78,20000000;110,22500000;76,57500000;87,50000000;10,63
2020-03-14T00:00:00+00:00;BULLSHIT/USD;89,27500000;99,50000000;74,72500000;78,20000000;-14,16
2020-03-13T00:00:00+00:00;BULLSHIT/USD;78,60000000;101,19000000;27,86000000;89,47500000;12,15
2020-03-12T00:00:00+00:00;BULLSHIT/USD;731,00000000;739,75000000;66,70000000;78,60000000;-830,03
2020-03-11T00:00:00+00:00;BULLSHIT/USD;789,00000000;825,50000000;591,25000000;731,00000000;-7,93
2020-03-10T00:00:00+00:00;BULLSHIT/USD;709,25000000;824,50000000;701,50000000;789,00000000;10,11
2020-03-09T00:00:00+00:00;BULLSHIT/USD;693,50000000;756,75000000;582,50000000;709,25000000;2,22
2020-03-08T00:00:00+00:00;BULLSHIT/USD;1207,00000000;1207,00000000;693,00000000;693,50000000;-74,04
2020-03-07T00:00:00+00:00;BULLSHIT/USD;1327,50000000;1405,50000000;1173,00000000;1207,00000000;-9,98
2020-03-06T00:00:00+00:00;BULLSHIT/USD;1223,00000000;1329,50000000;1194,00000000;1327,50000000;7,87
2020-03-05T00:00:00+00:00;BULLSHIT/USD;1082,00000000;1270,50000000;1082,00000000;1224,00000000;11,6
2020-03-04T00:00:00+00:00;BULLSHIT/USD;1024,00000000;1083,00000000;1003,50000000;1082,00000000;5,36
2020-03-03T00:00:00+00:00;BULLSHIT/USD;1072,00000000;1100,00000000;978,00000000;1024,00000000;-4,69
2020-03-02T00:00:00+00:00;BULLSHIT/USD;936,75000000;1112,00000000;915,25000000;1072,00000000;12,62
2020-03-01T00:00:00+00:00;BULLSHIT/USD;876,50000000;1053,75000000;875,00000000;936,75000000;6,43
2020-02-29T00:00:00+00:00;BULLSHIT/USD;889,75000000;959,00000000;868,25000000;877,00000000;-1,45
2020-02-28T00:00:00+00:00;BULLSHIT/USD;935,50000000;1006,75000000;745,00000000;889,75000000;-5,14
2020-02-27T00:00:00+00:00;BULLSHIT/USD;868,25000000;1037,50000000;730,25000000;935,50000000;7,19
2020-02-26T00:00:00+00:00;BULLSHIT/USD;1167,50000000;1240,00000000;758,00000000;867,25000000;-34,62
2020-02-25T00:00:00+00:00;BULLSHIT/USD;1482,00000000;1489,00000000;1112,50000000;1167,50000000;-26,94
2020-02-24T00:00:00+00:00;BULLSHIT/USD;1823,00000000;1856,00000000;1355,50000000;1482,00000000;-23,01
2020-02-23T00:00:00+00:00;BULLSHIT/USD;1574,50000000;1840,50000000;1572,50000000;1824,50000000;13,7
2020-02-22T00:00:00+00:00;BULLSHIT/USD;1650,00000000;1661,50000000;1499,50000000;1574,50000000;-4,8
2020-02-21T00:00:00+00:00;BULLSHIT/USD;1551,50000000;1740,00000000;1534,50000000;1650,00000000;5,97
2020-02-20T00:00:00+00:00;BULLSHIT/USD;1558,50000000;1626,00000000;1380,50000000;1552,00000000;-0,42
2020-02-19T00:00:00+00:00;BULLSHIT/USD;2169,50000000;2247,50000000;1507,00000000;1558,50000000;-39,2
2020-02-18T00:00:00+00:00;BULLSHIT/USD;1837,50000000;2237,00000000;1743,00000000;2169,50000000;15,3
2020-02-17T00:00:00+00:00;BULLSHIT/USD;2085,00000000;2116,00000000;1382,50000000;1837,50000000;-13,47
2020-02-16T00:00:00+00:00;BULLSHIT/USD;2737,00000000;2941,00000000;1623,00000000;2081,00000000;-31,52
2020-02-15T00:00:00+00:00;BULLSHIT/USD;3299,00000000;3819,00000000;2531,00000000;2737,00000000;-20,53
2020-02-14T00:00:00+00:00;BULLSHIT/USD;2845,00000000;3299,00000000;2738,00000000;3299,00000000;13,76
2020-02-13T00:00:00+00:00;BULLSHIT/USD;2883,00000000;3033,00000000;2457,00000000;2845,00000000;-1,34
2020-02-12T00:00:00+00:00;BULLSHIT/USD;2599,50000000;2958,00000000;2599,50000000;2883,00000000;9,83
2020-02-11T00:00:00+00:00;BULLSHIT/USD;2363,00000000;2624,00000000;2091,00000000;2599,50000000;9,1
2020-02-10T00:00:00+00:00;BULLSHIT/USD;2292,50000000;2382,00000000;2036,00000000;2363,00000000;2,98
2020-02-09T00:00:00+00:00;BULLSHIT/USD;1937,00000000;2296,00000000;1930,50000000;2292,50000000;15,51
2020-02-08T00:00:00+00:00;BULLSHIT/USD;2002,00000000;2046,00000000;1726,50000000;1937,00000000;-3,36
2020-02-07T00:00:00+00:00;BULLSHIT/USD;1905,50000000;2012,50000000;1878,00000000;2003,00000000;4,87
2020-02-06T00:00:00+00:00;BULLSHIT/USD;1706,00000000;1917,50000000;1668,50000000;1905,50000000;10,47
2020-02-05T00:00:00+00:00;BULLSHIT/USD;1670,00000000;1756,00000000;1573,00000000;1706,00000000;2,11
2020-02-04T00:00:00+00:00;BULLSHIT/USD;1389,00000000;1670,50000000;1383,50000000;1670,00000000;16,83
2020-02-03T00:00:00+00:00;BULLSHIT/USD;1305,50000000;1411,00000000;1268,00000000;1390,00000000;6,08
2020-02-02T00:00:00+00:00;BULLSHIT/USD;1209,00000000;1359,00000000;1178,50000000;1305,50000000;7,39
2020-02-01T00:00:00+00:00;BULLSHIT/USD;1073,50000000;1212,00000000;1071,50000000;1209,00000000;11,21
2020-01-31T00:00:00+00:00;BULLSHIT/USD;1076,50000000;1101,50000000;986,50000000;1073,50000000;-0,28
2020-01-30T00:00:00+00:00;BULLSHIT/USD;957,75000000;1095,25000000;922,50000000;1076,50000000;11,03
2020-01-29T00:00:00+00:00;BULLSHIT/USD;970,00000000;999,50000000;945,00000000;957,00000000;-1,36
2020-01-28T00:00:00+00:00;BULLSHIT/USD;888,50000000;995,25000000;882,00000000;970,00000000;8,4
2020-01-27T00:00:00+00:00;BULLSHIT/USD;871,50000000;924,00000000;855,25000000;888,50000000;1,91
2020-01-26T00:00:00+00:00;BULLSHIT/USD;802,75000000;874,75000000;793,00000000;871,50000000;7,89
2020-01-25T00:00:00+00:00;BULLSHIT/USD;818,00000000;821,75000000;760,50000000;802,75000000;-1,9
2020-01-24T00:00:00+00:00;BULLSHIT/USD;797,75000000;837,25000000;725,75000000;818,00000000;2,48
2020-01-23T00:00:00+00:00;BULLSHIT/USD;896,00000000;897,75000000;755,50000000;797,75000000;-12,32
2020-01-22T00:00:00+00:00;BULLSHIT/USD;890,75000000;923,25000000;867,75000000;896,00000000;0,59
2020-01-21T00:00:00+00:00;BULLSHIT/USD;866,50000000;897,25000000;821,50000000;890,75000000;2,72
2020-01-20T00:00:00+00:00;BULLSHIT/USD;834,25000000;890,25000000;793,75000000;866,50000000;3,72
2020-01-19T00:00:00+00:00;BULLSHIT/USD;982,25000000;1022,25000000;775,25000000;834,25000000;-17,74
2020-01-18T00:00:00+00:00;BULLSHIT/USD;976,25000000;1009,50000000;907,25000000;982,25000000;0,61
2020-01-17T00:00:00+00:00;BULLSHIT/USD;858,75000000;999,00000000;839,00000000;976,25000000;12,04
2020-01-16T00:00:00+00:00;BULLSHIT/USD;875,50000000;884,25000000;777,25000000;858,75000000;-1,95
2020-01-15T00:00:00+00:00;BULLSHIT/USD;719,50000000;879,50000000;701,50000000;871,25000000;17,42
2020-01-14T00:00:00+00:00;BULLSHIT/USD;612,25000000;749,25000000;612,25000000;724,25000000;15,46
2020-01-13T00:00:00+00:00;BULLSHIT/USD;645,00000000;646,25000000;607,50000000;612,25000000;-5,35
2020-01-12T00:00:00+00:00;BULLSHIT/USD;588,00000000;649,00000000;574,75000000;645,00000000;8,84
2020-01-11T00:00:00+00:00;BULLSHIT/USD;589,75000000;639,25000000;567,75000000;588,25000000;-0,25
2020-01-10T00:00:00+00:00;BULLSHIT/USD;539,75000000;594,00000000;518,50000000;589,75000000;8,48
2020-01-09T00:00:00+00:00;BULLSHIT/USD;573,00000000;576,50000000;523,75000000;539,75000000;-6,16
2020-01-08T00:00:00+00:00;BULLSHIT/USD;598,25000000;626,50000000;541,25000000;573,00000000;-4,41
2020-01-07T00:00:00+00:00;BULLSHIT/USD;606,50000000;640,25000000;565,00000000;598,25000000;-1,38

