DATE/TIME;SYMBOL;OPEN;HIGH;LOW;CLOSE;EVOL % CLOSE/HIGH
2022-01-05T00:00:00+00:00;HTHEDGE/USD;228,65000000;229,65000000;227,30000000;227,40000000;-0,55
2022-01-04T00:00:00+00:00;HTHEDGE/USD;229,82500000;232,65000000;227,90000000;228,65000000;-0,51
2022-01-03T00:00:00+00:00;HTHEDGE/USD;229,07500000;232,65000000;226,60000000;229,82500000;0,33
2022-01-02T00:00:00+00:00;HTHEDGE/USD;228,37500000;232,65000000;228,27500000;229,07500000;0,31
2022-01-01T00:00:00+00:00;HTHEDGE/USD;230,47500000;232,65000000;228,10000000;228,37500000;-0,92
2021-12-31T00:00:00+00:00;HTHEDGE/USD;223,85000000;234,40000000;223,85000000;230,95000000;3,07
2021-12-30T00:00:00+00:00;HTHEDGE/USD;223,75000000;228,05000000;221,77500000;223,85000000;0,04
2021-12-29T00:00:00+00:00;HTHEDGE/USD;221,85000000;227,10000000;221,40000000;223,75000000;0,85
2021-12-28T00:00:00+00:00;HTHEDGE/USD;218,52500000;222,42500000;218,52500000;221,85000000;1,5
2021-12-27T00:00:00+00:00;HTHEDGE/USD;218,42500000;223,45000000;217,80000000;218,52500000;0,05
2021-12-26T00:00:00+00:00;HTHEDGE/USD;218,60000000;219,77500000;218,00000000;218,42500000;-0,08
2021-12-25T00:00:00+00:00;HTHEDGE/USD;232,07500000;236,12500000;217,50000000;218,60000000;-6,16
2021-12-24T00:00:00+00:00;HTHEDGE/USD;219,77500000;233,00000000;219,27500000;232,07500000;5,3
2021-12-23T00:00:00+00:00;HTHEDGE/USD;220,42500000;221,22500000;219,30000000;219,77500000;-0,3
2021-12-22T00:00:00+00:00;HTHEDGE/USD;220,22500000;223,20000000;218,87500000;220,42500000;0,09
2021-12-21T00:00:00+00:00;HTHEDGE/USD;219,27500000;224,22500000;217,67500000;220,22500000;0,43
2021-12-20T00:00:00+00:00;HTHEDGE/USD;217,77500000;220,87500000;217,67500000;219,27500000;0,68
2021-12-19T00:00:00+00:00;HTHEDGE/USD;219,92500000;223,15000000;206,05000000;217,77500000;-0,99
2021-12-18T00:00:00+00:00;HTHEDGE/USD;222,02500000;223,15000000;219,55000000;219,92500000;-0,95
2021-12-17T00:00:00+00:00;HTHEDGE/USD;224,12500000;230,90000000;220,60000000;222,02500000;-0,95
2021-12-16T00:00:00+00:00;HTHEDGE/USD;221,92500000;232,30000000;219,55000000;224,12500000;0,98
2021-12-15T00:00:00+00:00;HTHEDGE/USD;225,17500000;231,77500000;219,55000000;221,92500000;-1,46
2021-12-14T00:00:00+00:00;HTHEDGE/USD;245,52500000;245,72500000;219,42500000;225,17500000;-9,04
2021-12-13T00:00:00+00:00;HTHEDGE/USD;225,95000000;250,75000000;224,45000000;245,52500000;7,97
2021-12-12T00:00:00+00:00;HTHEDGE/USD;225,95000000;226,05000000;225,42500000;225,95000000;0,0
2021-12-11T00:00:00+00:00;HTHEDGE/USD;227,92500000;228,67500000;223,60000000;225,95000000;-0,87
2021-12-10T00:00:00+00:00;HTHEDGE/USD;228,32500000;236,87500000;222,80000000;227,92500000;-0,18
2021-12-09T00:00:00+00:00;HTHEDGE/USD;229,60000000;239,95000000;222,62500000;228,32500000;-0,56
2021-12-08T00:00:00+00:00;HTHEDGE/USD;268,05000000;272,22500000;229,15000000;229,60000000;-16,75
2021-12-07T00:00:00+00:00;HTHEDGE/USD;264,17500000;272,27500000;262,20000000;268,05000000;1,45
2021-12-06T00:00:00+00:00;HTHEDGE/USD;269,65000000;272,87500000;262,52500000;263,77500000;-2,23
2021-12-05T00:00:00+00:00;HTHEDGE/USD;272,87500000;272,87500000;267,90000000;269,65000000;-1,2
2021-12-04T00:00:00+00:00;HTHEDGE/USD;240,92500000;293,75000000;240,92500000;272,87500000;11,71
2021-12-03T00:00:00+00:00;HTHEDGE/USD;241,47500000;244,45000000;240,92500000;240,92500000;-0,23
2021-12-02T00:00:00+00:00;HTHEDGE/USD;241,40000000;250,20000000;240,92500000;241,47500000;0,03
2021-12-01T00:00:00+00:00;HTHEDGE/USD;240,92500000;244,72500000;240,92500000;241,40000000;0,2
2021-11-30T00:00:00+00:00;HTHEDGE/USD;240,92500000;240,92500000;236,40000000;240,92500000;0,0
2021-11-29T00:00:00+00:00;HTHEDGE/USD;240,92500000;240,92500000;240,60000000;240,92500000;0,0
2021-11-28T00:00:00+00:00;HTHEDGE/USD;240,92500000;241,20000000;240,92500000;240,92500000;0,0
2021-11-27T00:00:00+00:00;HTHEDGE/USD;247,80000000;248,60000000;240,92500000;240,92500000;-2,85
2021-11-26T00:00:00+00:00;HTHEDGE/USD;240,92500000;249,67500000;240,92500000;247,80000000;2,77
2021-11-25T00:00:00+00:00;HTHEDGE/USD;240,92500000;240,92500000;240,92500000;240,92500000;0,0
2021-11-24T00:00:00+00:00;HTHEDGE/USD;240,92500000;242,62500000;240,30000000;240,92500000;0,0
2021-11-23T00:00:00+00:00;HTHEDGE/USD;243,30000000;244,92500000;238,47500000;240,92500000;-0,99
2021-11-22T00:00:00+00:00;HTHEDGE/USD;235,25000000;244,17500000;232,80000000;243,30000000;3,31
2021-11-21T00:00:00+00:00;HTHEDGE/USD;244,32500000;248,17500000;230,35000000;235,25000000;-3,86
2021-11-20T00:00:00+00:00;HTHEDGE/USD;242,00000000;249,75000000;241,32500000;244,32500000;0,95
2021-11-19T00:00:00+00:00;HTHEDGE/USD;241,65000000;245,75000000;241,62500000;242,00000000;0,14
2021-11-18T00:00:00+00:00;HTHEDGE/USD;231,70000000;249,45000000;231,62500000;241,65000000;4,12
2021-11-17T00:00:00+00:00;HTHEDGE/USD;228,72500000;237,45000000;226,15000000;231,70000000;1,28
2021-11-16T00:00:00+00:00;HTHEDGE/USD;235,05000000;246,52500000;223,07500000;228,72500000;-2,77
2021-11-15T00:00:00+00:00;HTHEDGE/USD;245,10000000;246,40000000;225,47500000;235,05000000;-4,28
2021-11-14T00:00:00+00:00;HTHEDGE/USD;245,95000000;251,25000000;245,07500000;245,10000000;-0,35
2021-11-13T00:00:00+00:00;HTHEDGE/USD;249,32500000;250,70000000;244,32500000;245,95000000;-1,37
2021-11-12T00:00:00+00:00;HTHEDGE/USD;243,70000000;253,42500000;241,82500000;249,32500000;2,26
2021-11-11T00:00:00+00:00;HTHEDGE/USD;240,15000000;245,52500000;237,22500000;243,70000000;1,46
2021-11-10T00:00:00+00:00;HTHEDGE/USD;230,25000000;242,32500000;228,50000000;240,15000000;4,12
2021-11-09T00:00:00+00:00;HTHEDGE/USD;230,72500000;233,57500000;223,22500000;230,25000000;-0,21
2021-11-08T00:00:00+00:00;HTHEDGE/USD;229,95000000;236,72500000;223,10000000;230,72500000;0,34
2021-11-07T00:00:00+00:00;HTHEDGE/USD;235,05000000;237,37500000;222,00000000;229,95000000;-2,22
2021-11-06T00:00:00+00:00;HTHEDGE/USD;235,57500000;247,55000000;232,02500000;235,05000000;-0,22
2021-11-05T00:00:00+00:00;HTHEDGE/USD;234,17500000;238,32500000;226,85000000;235,57500000;0,59
2021-11-04T00:00:00+00:00;HTHEDGE/USD;214,57500000;238,10000000;213,60000000;234,17500000;8,37
2021-11-03T00:00:00+00:00;HTHEDGE/USD;221,27500000;227,97500000;212,62500000;214,57500000;-3,12
2021-11-02T00:00:00+00:00;HTHEDGE/USD;239,27500000;243,30000000;220,27500000;221,27500000;-8,13
2021-11-01T00:00:00+00:00;HTHEDGE/USD;253,10000000;262,00000000;237,50000000;239,27500000;-5,78
2021-10-31T00:00:00+00:00;HTHEDGE/USD;274,25000000;274,72500000;243,77500000;253,10000000;-8,36
2021-10-30T00:00:00+00:00;HTHEDGE/USD;264,45000000;275,87500000;264,32500000;274,25000000;3,57
2021-10-29T00:00:00+00:00;HTHEDGE/USD;263,32500000;270,12500000;256,97500000;264,32500000;0,38
2021-10-28T00:00:00+00:00;HTHEDGE/USD;279,80000000;282,65000000;255,00000000;263,32500000;-6,26
2021-10-27T00:00:00+00:00;HTHEDGE/USD;257,80000000;280,05000000;249,35000000;279,80000000;7,86
2021-10-26T00:00:00+00:00;HTHEDGE/USD;253,82500000;272,77500000;243,92500000;257,80000000;1,54
2021-10-25T00:00:00+00:00;HTHEDGE/USD;246,67500000;255,52500000;244,22500000;253,82500000;2,82
2021-10-24T00:00:00+00:00;HTHEDGE/USD;251,17500000;256,05000000;244,22500000;246,67500000;-1,82
2021-10-23T00:00:00+00:00;HTHEDGE/USD;240,90000000;255,60000000;239,17500000;251,17500000;4,09
2021-10-22T00:00:00+00:00;HTHEDGE/USD;286,87500000;287,77500000;235,62500000;240,90000000;-19,08
2021-10-21T00:00:00+00:00;HTHEDGE/USD;272,72500000;296,92500000;272,35000000;286,87500000;4,93
2021-10-20T00:00:00+00:00;HTHEDGE/USD;336,60000000;337,50000000;271,10000000;272,72500000;-23,42
2021-10-19T00:00:00+00:00;HTHEDGE/USD;348,75000000;352,30000000;328,15000000;336,60000000;-3,61
2021-10-18T00:00:00+00:00;HTHEDGE/USD;354,95000000;358,60000000;341,40000000;348,75000000;-1,78
2021-10-17T00:00:00+00:00;HTHEDGE/USD;347,85000000;360,55000000;347,75000000;354,95000000;2,0
2021-10-16T00:00:00+00:00;HTHEDGE/USD;351,95000000;355,55000000;341,90000000;347,85000000;-1,18
2021-10-15T00:00:00+00:00;HTHEDGE/USD;353,05000000;363,05000000;345,25000000;351,95000000;-0,31
2021-10-14T00:00:00+00:00;HTHEDGE/USD;355,50000000;361,60000000;348,50000000;353,05000000;-0,69
2021-10-13T00:00:00+00:00;HTHEDGE/USD;362,95000000;368,70000000;351,30000000;355,50000000;-2,1
2021-10-12T00:00:00+00:00;HTHEDGE/USD;352,25000000;369,60000000;351,65000000;362,95000000;2,95
2021-10-11T00:00:00+00:00;HTHEDGE/USD;349,85000000;354,90000000;336,25000000;352,25000000;0,68
2021-10-10T00:00:00+00:00;HTHEDGE/USD;341,45000000;350,10000000;332,30000000;349,85000000;2,4
2021-10-09T00:00:00+00:00;HTHEDGE/USD;340,10000000;342,40000000;336,55000000;341,45000000;0,4
2021-10-08T00:00:00+00:00;HTHEDGE/USD;335,65000000;342,25000000;333,45000000;340,10000000;1,31
2021-10-07T00:00:00+00:00;HTHEDGE/USD;317,00000000;338,20000000;317,00000000;335,65000000;5,56
2021-10-06T00:00:00+00:00;HTHEDGE/USD;329,50000000;345,05000000;296,25000000;317,00000000;-3,94
2021-10-05T00:00:00+00:00;HTHEDGE/USD;327,80000000;335,75000000;324,95000000;329,50000000;0,52
2021-10-04T00:00:00+00:00;HTHEDGE/USD;325,55000000;337,95000000;322,80000000;327,80000000;0,69
2021-10-03T00:00:00+00:00;HTHEDGE/USD;318,65000000;340,80000000;317,40000000;325,55000000;2,12
2021-10-02T00:00:00+00:00;HTHEDGE/USD;302,70000000;318,70000000;301,05000000;318,65000000;5,01
2021-10-01T00:00:00+00:00;HTHEDGE/USD;327,25000000;330,95000000;302,10000000;302,70000000;-8,11
2021-09-30T00:00:00+00:00;HTHEDGE/USD;338,60000000;341,20000000;321,30000000;327,25000000;-3,47
2021-09-29T00:00:00+00:00;HTHEDGE/USD;358,55000000;358,80000000;336,10000000;340,25000000;-5,38
2021-09-28T00:00:00+00:00;HTHEDGE/USD;363,90000000;364,25000000;324,60000000;358,55000000;-1,49
2021-09-27T00:00:00+00:00;HTHEDGE/USD;380,10000000;389,30000000;335,00000000;363,90000000;-4,45
2021-09-26T00:00:00+00:00;HTHEDGE/USD;311,82500000;416,32500000;311,65000000;380,10000000;17,96
2021-09-25T00:00:00+00:00;HTHEDGE/USD;297,05000000;319,20000000;294,42500000;311,82500000;4,74
2021-09-24T00:00:00+00:00;HTHEDGE/USD;240,15000000;300,75000000;239,85000000;297,05000000;19,16
2021-09-23T00:00:00+00:00;HTHEDGE/USD;240,25000000;247,20000000;237,50000000;240,15000000;-0,04
2021-09-22T00:00:00+00:00;HTHEDGE/USD;264,82500000;265,02500000;240,15000000;240,25000000;-10,23
2021-09-21T00:00:00+00:00;HTHEDGE/USD;255,92500000;272,37500000;242,60000000;264,82500000;3,36
2021-09-20T00:00:00+00:00;HTHEDGE/USD;220,22500000;257,95000000;219,82500000;255,92500000;13,95
2021-09-19T00:00:00+00:00;HTHEDGE/USD;215,72500000;222,10000000;214,52500000;220,22500000;2,04
2021-09-18T00:00:00+00:00;HTHEDGE/USD;217,00000000;220,67500000;211,92500000;215,72500000;-0,59
2021-09-17T00:00:00+00:00;HTHEDGE/USD;214,97500000;221,00000000;212,02500000;217,00000000;0,93
2021-09-16T00:00:00+00:00;HTHEDGE/USD;210,57500000;216,62500000;205,45000000;214,97500000;2,05
2021-09-15T00:00:00+00:00;HTHEDGE/USD;215,75000000;219,97500000;209,82500000;210,57500000;-2,46
2021-09-14T00:00:00+00:00;HTHEDGE/USD;221,70000000;222,17500000;215,00000000;215,75000000;-2,76
2021-09-13T00:00:00+00:00;HTHEDGE/USD;214,97500000;227,12500000;213,42500000;221,70000000;3,03
2021-09-12T00:00:00+00:00;HTHEDGE/USD;221,45000000;223,32500000;213,65000000;214,97500000;-3,01
2021-09-11T00:00:00+00:00;HTHEDGE/USD;225,45000000;226,97500000;217,65000000;221,45000000;-1,81
2021-09-10T00:00:00+00:00;HTHEDGE/USD;214,55000000;228,35000000;211,10000000;225,45000000;4,83
2021-09-09T00:00:00+00:00;HTHEDGE/USD;217,15000000;221,02500000;213,40000000;214,55000000;-1,21
2021-09-08T00:00:00+00:00;HTHEDGE/USD;221,42500000;232,45000000;216,27500000;217,15000000;-1,97
2021-09-07T00:00:00+00:00;HTHEDGE/USD;187,92500000;228,50000000;186,27500000;221,42500000;15,13
2021-09-06T00:00:00+00:00;HTHEDGE/USD;200,02500000;204,52500000;183,72500000;187,92500000;-6,44
2021-09-05T00:00:00+00:00;HTHEDGE/USD;211,92500000;214,92500000;199,75000000;200,02500000;-5,95
2021-09-04T00:00:00+00:00;HTHEDGE/USD;212,27500000;215,10000000;208,97500000;211,92500000;-0,17
2021-09-03T00:00:00+00:00;HTHEDGE/USD;212,62500000;219,97500000;207,55000000;212,27500000;-0,16
2021-09-02T00:00:00+00:00;HTHEDGE/USD;208,67500000;214,10000000;207,57500000;212,62500000;1,86
2021-09-01T00:00:00+00:00;HTHEDGE/USD;221,77500000;226,90000000;208,67500000;208,67500000;-6,28
2021-08-31T00:00:00+00:00;HTHEDGE/USD;231,90000000;234,95000000;218,65000000;221,77500000;-4,57
2021-08-30T00:00:00+00:00;HTHEDGE/USD;230,55000000;235,70000000;229,15000000;231,90000000;0,58
2021-08-29T00:00:00+00:00;HTHEDGE/USD;230,15000000;233,97500000;227,15000000;230,55000000;0,17
2021-08-28T00:00:00+00:00;HTHEDGE/USD;229,17500000;233,00000000;228,45000000;230,15000000;0,42
2021-08-27T00:00:00+00:00;HTHEDGE/USD;247,65000000;250,95000000;228,65000000;229,17500000;-8,06
2021-08-26T00:00:00+00:00;HTHEDGE/USD;235,57500000;250,42500000;235,57500000;247,65000000;4,88
2021-08-25T00:00:00+00:00;HTHEDGE/USD;241,22500000;245,90000000;233,00000000;235,57500000;-2,4
2021-08-24T00:00:00+00:00;HTHEDGE/USD;226,72500000;243,75000000;225,40000000;241,22500000;6,01
2021-08-23T00:00:00+00:00;HTHEDGE/USD;230,85000000;231,62500000;222,92500000;226,72500000;-1,82
2021-08-22T00:00:00+00:00;HTHEDGE/USD;228,30000000;239,50000000;225,47500000;230,85000000;1,1
2021-08-21T00:00:00+00:00;HTHEDGE/USD;221,80000000;230,05000000;221,62500000;228,30000000;2,85
2021-08-20T00:00:00+00:00;HTHEDGE/USD;230,45000000;233,42500000;219,65000000;221,80000000;-3,9
2021-08-19T00:00:00+00:00;HTHEDGE/USD;238,27500000;251,60000000;230,45000000;230,45000000;-3,4
2021-08-18T00:00:00+00:00;HTHEDGE/USD;233,82500000;240,92500000;231,77500000;238,27500000;1,87
2021-08-17T00:00:00+00:00;HTHEDGE/USD;226,70000000;235,40000000;214,32500000;233,82500000;3,05
2021-08-16T00:00:00+00:00;HTHEDGE/USD;255,87500000;257,27500000;218,82500000;226,70000000;-12,87
2021-08-15T00:00:00+00:00;HTHEDGE/USD;257,37500000;265,62500000;250,40000000;255,97500000;-0,55
2021-08-14T00:00:00+00:00;HTHEDGE/USD;247,82500000;262,22500000;247,07500000;257,37500000;3,71
2021-08-13T00:00:00+00:00;HTHEDGE/USD;264,52500000;264,65000000;247,35000000;247,82500000;-6,74
2021-08-12T00:00:00+00:00;HTHEDGE/USD;250,72500000;274,75000000;248,17500000;264,52500000;5,22
2021-08-11T00:00:00+00:00;HTHEDGE/USD;262,32500000;262,32500000;247,22500000;250,72500000;-4,63
2021-08-10T00:00:00+00:00;HTHEDGE/USD;273,55000000;276,00000000;253,10000000;262,32500000;-4,28
2021-08-09T00:00:00+00:00;HTHEDGE/USD;284,75000000;295,65000000;271,02500000;273,55000000;-4,09
2021-08-08T00:00:00+00:00;HTHEDGE/USD;272,25000000;290,07500000;271,45000000;284,75000000;4,39
2021-08-07T00:00:00+00:00;HTHEDGE/USD;309,00000000;311,32500000;270,05000000;272,25000000;-13,5
2021-08-06T00:00:00+00:00;HTHEDGE/USD;322,10000000;327,60000000;302,15000000;309,12500000;-4,2
2021-08-05T00:00:00+00:00;HTHEDGE/USD;334,80000000;348,25000000;317,30000000;322,10000000;-3,94
2021-08-04T00:00:00+00:00;HTHEDGE/USD;347,95000000;352,45000000;332,15000000;334,80000000;-3,93
2021-08-03T00:00:00+00:00;HTHEDGE/USD;337,60000000;359,95000000;334,20000000;348,05000000;3,0
2021-08-02T00:00:00+00:00;HTHEDGE/USD;329,35000000;340,95000000;326,15000000;337,60000000;2,44
2021-08-01T00:00:00+00:00;HTHEDGE/USD;324,40000000;330,95000000;313,35000000;329,35000000;1,5
2021-07-31T00:00:00+00:00;HTHEDGE/USD;325,60000000;338,45000000;318,60000000;324,40000000;-0,37
2021-07-30T00:00:00+00:00;HTHEDGE/USD;321,80000000;352,20000000;316,10000000;325,60000000;1,17
2021-07-29T00:00:00+00:00;HTHEDGE/USD;327,05000000;331,55000000;321,60000000;321,80000000;-1,63
2021-07-28T00:00:00+00:00;HTHEDGE/USD;327,20000000;331,50000000;311,45000000;327,05000000;-0,05
2021-07-27T00:00:00+00:00;HTHEDGE/USD;364,00000000;383,90000000;305,32500000;327,20000000;-11,25
2021-07-26T00:00:00+00:00;HTHEDGE/USD;381,85000000;383,75000000;345,70000000;364,00000000;-4,9
2021-07-25T00:00:00+00:00;HTHEDGE/USD;390,15000000;401,35000000;381,85000000;382,00000000;-2,13
2021-07-24T00:00:00+00:00;HTHEDGE/USD;403,50000000;408,00000000;386,65000000;390,15000000;-3,42
2021-07-23T00:00:00+00:00;HTHEDGE/USD;408,95000000;425,25000000;403,50000000;403,50000000;-1,35
2021-07-22T00:00:00+00:00;HTHEDGE/USD;431,45000000;437,00000000;406,40000000;408,95000000;-5,5
2021-07-21T00:00:00+00:00;HTHEDGE/USD;492,30000000;494,80000000;424,00000000;431,45000000;-14,1
2021-07-20T00:00:00+00:00;HTHEDGE/USD;463,15000000;498,90000000;463,05000000;492,30000000;5,92
2021-07-19T00:00:00+00:00;HTHEDGE/USD;439,50000000;468,05000000;436,90000000;463,10000000;5,1
2021-07-18T00:00:00+00:00;HTHEDGE/USD;439,85000000;439,95000000;423,90000000;439,65000000;-0,05
2021-07-17T00:00:00+00:00;HTHEDGE/USD;424,20000000;441,05000000;422,05000000;439,85000000;3,56
2021-07-16T00:00:00+00:00;HTHEDGE/USD;419,45000000;426,60000000;410,95000000;424,20000000;1,12
2021-07-15T00:00:00+00:00;HTHEDGE/USD;399,85000000;419,80000000;395,85000000;419,45000000;4,67
2021-07-14T00:00:00+00:00;HTHEDGE/USD;407,65000000;422,60000000;391,15000000;399,85000000;-1,95
2021-07-13T00:00:00+00:00;HTHEDGE/USD;399,75000000;411,30000000;398,40000000;407,65000000;1,94
2021-07-12T00:00:00+00:00;HTHEDGE/USD;399,65000000;412,45000000;371,95000000;399,75000000;0,03
2021-07-11T00:00:00+00:00;HTHEDGE/USD;413,95000000;418,90000000;390,40000000;399,65000000;-3,58
2021-07-10T00:00:00+00:00;HTHEDGE/USD;388,70000000;419,60000000;385,40000000;413,95000000;6,1
2021-07-09T00:00:00+00:00;HTHEDGE/USD;377,10000000;403,85000000;375,85000000;388,70000000;2,98
2021-07-08T00:00:00+00:00;HTHEDGE/USD;365,60000000;384,35000000;364,40000000;377,10000000;3,05
2021-07-07T00:00:00+00:00;HTHEDGE/USD;362,10000000;366,55000000;358,25000000;365,60000000;0,96
2021-07-06T00:00:00+00:00;HTHEDGE/USD;365,95000000;370,85000000;356,00000000;362,10000000;-1,06
2021-07-05T00:00:00+00:00;HTHEDGE/USD;352,60000000;371,50000000;351,20000000;365,95000000;3,65
2021-07-04T00:00:00+00:00;HTHEDGE/USD;361,95000000;367,05000000;348,20000000;352,60000000;-2,65
2021-07-03T00:00:00+00:00;HTHEDGE/USD;363,90000000;367,35000000;354,70000000;361,95000000;-0,54
2021-07-02T00:00:00+00:00;HTHEDGE/USD;363,45000000;376,65000000;359,15000000;363,90000000;0,12
2021-07-01T00:00:00+00:00;HTHEDGE/USD;350,95000000;368,60000000;346,70000000;363,45000000;3,44
2021-06-30T00:00:00+00:00;HTHEDGE/USD;348,20000000;368,80000000;345,00000000;350,95000000;0,78
2021-06-29T00:00:00+00:00;HTHEDGE/USD;369,75000000;370,90000000;335,45000000;348,20000000;-6,19
2021-06-28T00:00:00+00:00;HTHEDGE/USD;377,55000000;385,85000000;363,10000000;369,75000000;-2,11
2021-06-27T00:00:00+00:00;HTHEDGE/USD;388,70000000;397,75000000;376,35000000;377,55000000;-2,95
2021-06-26T00:00:00+00:00;HTHEDGE/USD;387,95000000;406,25000000;380,40000000;388,70000000;0,19
2021-06-25T00:00:00+00:00;HTHEDGE/USD;353,30000000;389,95000000;349,65000000;387,95000000;8,93
2021-06-24T00:00:00+00:00;HTHEDGE/USD;393,75000000;411,20000000;345,75000000;353,30000000;-11,45
2021-06-23T00:00:00+00:00;HTHEDGE/USD;427,60000000;440,40000000;380,65000000;393,75000000;-8,6
2021-06-22T00:00:00+00:00;HTHEDGE/USD;424,95000000;460,70000000;406,15000000;427,60000000;0,62
2021-06-21T00:00:00+00:00;HTHEDGE/USD;353,35000000;425,25000000;350,75000000;424,95000000;16,85
2021-06-20T00:00:00+00:00;HTHEDGE/USD;344,60000000;371,95000000;342,05000000;353,35000000;2,48
2021-06-19T00:00:00+00:00;HTHEDGE/USD;336,55000000;346,45000000;327,95000000;344,60000000;2,34
2021-06-18T00:00:00+00:00;HTHEDGE/USD;322,65000000;345,70000000;321,45000000;336,55000000;4,13
2021-06-17T00:00:00+00:00;HTHEDGE/USD;319,60000000;329,60000000;309,00000000;322,65000000;0,95
2021-06-16T00:00:00+00:00;HTHEDGE/USD;299,32500000;322,35000000;298,90000000;319,60000000;6,34
2021-06-15T00:00:00+00:00;HTHEDGE/USD;289,85000000;303,32500000;288,40000000;299,32500000;3,17
2021-06-14T00:00:00+00:00;HTHEDGE/USD;312,15000000;315,75000000;288,27500000;289,85000000;-7,69
2021-06-13T00:00:00+00:00;HTHEDGE/USD;330,10000000;334,25000000;310,15000000;312,15000000;-5,75
2021-06-12T00:00:00+00:00;HTHEDGE/USD;315,85000000;335,72500000;315,10000000;330,10000000;4,32
2021-06-11T00:00:00+00:00;HTHEDGE/USD;301,57500000;320,12500000;288,10000000;315,85000000;4,52
2021-06-10T00:00:00+00:00;HTHEDGE/USD;300,47500000;308,42500000;283,60000000;301,57500000;0,36
2021-06-09T00:00:00+00:00;HTHEDGE/USD;314,10000000;323,92500000;300,02500000;300,47500000;-4,53
2021-06-08T00:00:00+00:00;HTHEDGE/USD;300,82500000;334,30000000;296,80000000;314,10000000;4,23
2021-06-07T00:00:00+00:00;HTHEDGE/USD;284,42500000;302,42500000;276,85000000;300,82500000;5,45
2021-06-06T00:00:00+00:00;HTHEDGE/USD;278,62500000;286,47500000;275,57500000;284,42500000;2,04
2021-06-05T00:00:00+00:00;HTHEDGE/USD;275,57500000;282,17500000;263,40000000;278,62500000;1,09
2021-06-04T00:00:00+00:00;HTHEDGE/USD;256,05000000;278,17500000;255,30000000;275,57500000;7,09
2021-06-03T00:00:00+00:00;HTHEDGE/USD;261,25000000;269,37500000;252,92500000;256,05000000;-2,03
2021-06-02T00:00:00+00:00;HTHEDGE/USD;284,07500000;310,77500000;248,82500000;261,25000000;-8,74
2021-06-01T00:00:00+00:00;HTHEDGE/USD;290,72500000;310,77500000;280,52500000;284,07500000;-2,34
2021-05-31T00:00:00+00:00;HTHEDGE/USD;306,27500000;313,15000000;289,15000000;290,72500000;-5,35
2021-05-30T00:00:00+00:00;HTHEDGE/USD;302,95000000;314,82500000;297,52500000;306,27500000;1,09
2021-05-29T00:00:00+00:00;HTHEDGE/USD;307,40000000;317,72500000;279,80000000;302,95000000;-1,47
2021-05-28T00:00:00+00:00;HTHEDGE/USD;282,52500000;321,87500000;277,60000000;307,40000000;8,09
2021-05-27T00:00:00+00:00;HTHEDGE/USD;269,57500000;315,92500000;269,37500000;282,52500000;4,58
2021-05-26T00:00:00+00:00;HTHEDGE/USD;273,00000000;297,87500000;267,70000000;269,57500000;-1,27
2021-05-25T00:00:00+00:00;HTHEDGE/USD;282,52500000;323,62500000;265,42500000;273,00000000;-3,49
2021-05-24T00:00:00+00:00;HTHEDGE/USD;372,80000000;379,60000000;273,17500000;282,52500000;-31,95
2021-05-23T00:00:00+00:00;HTHEDGE/USD;315,40000000;400,80000000;297,55000000;372,80000000;15,4
2021-05-22T00:00:00+00:00;HTHEDGE/USD;277,87500000;320,20000000;275,17500000;315,40000000;11,9
2021-05-21T00:00:00+00:00;HTHEDGE/USD;218,60000000;293,00000000;209,35000000;277,87500000;21,33
2021-05-20T00:00:00+00:00;HTHEDGE/USD;256,87500000;277,12500000;217,00000000;218,60000000;-17,51
2021-05-19T00:00:00+00:00;HTHEDGE/USD;207,30000000;272,42500000;203,85000000;256,40000000;19,15
2021-05-18T00:00:00+00:00;HTHEDGE/USD;201,82500000;216,87500000;199,22500000;207,30000000;2,64
2021-05-17T00:00:00+00:00;HTHEDGE/USD;199,22500000;225,07500000;199,22500000;201,82500000;1,29
2021-05-16T00:00:00+00:00;HTHEDGE/USD;191,50000000;211,37500000;181,45000000;199,22500000;3,88
2021-05-15T00:00:00+00:00;HTHEDGE/USD;172,40000000;192,67500000;168,95000000;191,50000000;9,97
2021-05-14T00:00:00+00:00;HTHEDGE/USD;177,50000000;179,37500000;163,30000000;172,40000000;-2,96
2021-05-13T00:00:00+00:00;HTHEDGE/USD;169,60000000;185,12500000;167,22500000;177,50000000;4,45
2021-05-12T00:00:00+00:00;HTHEDGE/USD;184,80000000;186,15000000;152,86000000;169,60000000;-8,96
2021-05-11T00:00:00+00:00;HTHEDGE/USD;216,62500000;222,10000000;178,05000000;184,80000000;-17,22
2021-05-10T00:00:00+00:00;HTHEDGE/USD;228,12500000;229,77500000;197,80000000;216,62500000;-5,31
2021-05-09T00:00:00+00:00;HTHEDGE/USD;242,20000000;252,60000000;227,92500000;228,12500000;-6,17
2021-05-08T00:00:00+00:00;HTHEDGE/USD;241,17500000;245,17500000;231,65000000;242,20000000;0,42
2021-05-07T00:00:00+00:00;HTHEDGE/USD;271,10000000;275,87500000;233,42500000;241,17500000;-12,41
2021-05-06T00:00:00+00:00;HTHEDGE/USD;259,17500000;277,62500000;258,97500000;271,10000000;4,4
2021-05-05T00:00:00+00:00;HTHEDGE/USD;274,97500000;277,05000000;254,97500000;259,17500000;-6,1
2021-05-04T00:00:00+00:00;HTHEDGE/USD;246,75000000;282,42500000;245,25000000;274,97500000;10,26
2021-05-03T00:00:00+00:00;HTHEDGE/USD;241,82500000;251,50000000;231,52500000;246,75000000;2,0
2021-05-02T00:00:00+00:00;HTHEDGE/USD;232,02500000;251,05000000;227,62500000;241,82500000;4,05
2021-05-01T00:00:00+00:00;HTHEDGE/USD;287,67500000;298,12500000;226,37500000;232,02500000;-23,98
2021-04-30T00:00:00+00:00;HTHEDGE/USD;319,85000000;320,00000000;282,32500000;287,67500000;-11,18
2021-04-29T00:00:00+00:00;HTHEDGE/USD;379,75000000;386,55000000;318,25000000;319,85000000;-18,73
2021-04-28T00:00:00+00:00;HTHEDGE/USD;374,00000000;387,60000000;363,45000000;379,75000000;1,51
2021-04-27T00:00:00+00:00;HTHEDGE/USD;384,85000000;386,55000000;372,30000000;374,00000000;-2,9
2021-04-26T00:00:00+00:00;HTHEDGE/USD;404,90000000;405,85000000;366,00000000;384,85000000;-5,21
2021-04-25T00:00:00+00:00;HTHEDGE/USD;402,50000000;420,60000000;387,95000000;404,90000000;0,59
2021-04-24T00:00:00+00:00;HTHEDGE/USD;379,30000000;403,80000000;375,30000000;402,50000000;5,76
2021-04-23T00:00:00+00:00;HTHEDGE/USD;373,35000000;409,50000000;370,75000000;379,30000000;1,57
2021-04-22T00:00:00+00:00;HTHEDGE/USD;348,95000000;373,35000000;342,20000000;373,35000000;6,54
2021-04-21T00:00:00+00:00;HTHEDGE/USD;366,30000000;371,25000000;325,70000000;348,95000000;-4,97
2021-04-20T00:00:00+00:00;HTHEDGE/USD;412,70000000;431,45000000;363,80000000;366,30000000;-12,67
2021-04-19T00:00:00+00:00;HTHEDGE/USD;408,05000000;426,90000000;360,90000000;412,70000000;1,13
2021-04-18T00:00:00+00:00;HTHEDGE/USD;380,30000000;440,10000000;378,15000000;408,05000000;6,8
2021-04-17T00:00:00+00:00;HTHEDGE/USD;362,15000000;385,10000000;359,45000000;380,30000000;4,77
2021-04-16T00:00:00+00:00;HTHEDGE/USD;342,40000000;367,85000000;340,75000000;362,15000000;5,45
2021-04-15T00:00:00+00:00;HTHEDGE/USD;353,10000000;359,30000000;335,95000000;342,40000000;-3,13
2021-04-14T00:00:00+00:00;HTHEDGE/USD;354,75000000;363,15000000;335,95000000;353,10000000;-0,47
2021-04-13T00:00:00+00:00;HTHEDGE/USD;339,60000000;360,65000000;333,45000000;354,75000000;4,27
2021-04-12T00:00:00+00:00;HTHEDGE/USD;363,85000000;364,95000000;317,60000000;339,60000000;-7,14
2021-04-11T00:00:00+00:00;HTHEDGE/USD;390,70000000;391,65000000;362,65000000;363,85000000;-7,38
2021-04-10T00:00:00+00:00;HTHEDGE/USD;400,45000000;416,90000000;376,05000000;390,70000000;-2,5
2021-04-09T00:00:00+00:00;HTHEDGE/USD;416,30000000;426,05000000;398,40000000;400,45000000;-3,96
2021-04-08T00:00:00+00:00;HTHEDGE/USD;448,90000000;451,05000000;410,75000000;416,30000000;-7,83
2021-04-07T00:00:00+00:00;HTHEDGE/USD;406,15000000;454,35000000;404,50000000;448,90000000;9,52
2021-04-06T00:00:00+00:00;HTHEDGE/USD;443,70000000;444,60000000;396,85000000;406,15000000;-9,25
2021-04-05T00:00:00+00:00;HTHEDGE/USD;454,80000000;466,60000000;435,40000000;443,70000000;-2,5
2021-04-04T00:00:00+00:00;HTHEDGE/USD;476,75000000;481,95000000;452,85000000;454,80000000;-4,83
2021-04-03T00:00:00+00:00;HTHEDGE/USD;444,60000000;476,75000000;436,75000000;476,75000000;6,74
2021-04-02T00:00:00+00:00;HTHEDGE/USD;455,85000000;457,20000000;438,45000000;444,60000000;-2,53
2021-04-01T00:00:00+00:00;HTHEDGE/USD;481,00000000;498,50000000;448,95000000;455,85000000;-5,52
2021-03-31T00:00:00+00:00;HTHEDGE/USD;465,55000000;498,80000000;462,75000000;481,00000000;3,21
2021-03-30T00:00:00+00:00;HTHEDGE/USD;523,50000000;528,80000000;463,70000000;465,55000000;-12,45
2021-03-29T00:00:00+00:00;HTHEDGE/USD;560,75000000;569,85000000;523,50000000;523,50000000;-7,12
2021-03-28T00:00:00+00:00;HTHEDGE/USD;587,45000000;592,65000000;533,90000000;560,75000000;-4,76
2021-03-27T00:00:00+00:00;HTHEDGE/USD;592,10000000;600,65000000;557,10000000;587,45000000;-0,79
2021-03-26T00:00:00+00:00;HTHEDGE/USD;622,10000000;622,10000000;584,90000000;592,10000000;-5,07
2021-03-25T00:00:00+00:00;HTHEDGE/USD;610,25000000;630,95000000;597,90000000;622,10000000;1,9
2021-03-24T00:00:00+00:00;HTHEDGE/USD;600,10000000;610,70000000;534,90000000;610,25000000;1,66
2021-03-23T00:00:00+00:00;HTHEDGE/USD;596,50000000;611,20000000;580,30000000;600,10000000;0,6
2021-03-22T00:00:00+00:00;HTHEDGE/USD;554,05000000;596,50000000;552,55000000;596,50000000;7,12
2021-03-21T00:00:00+00:00;HTHEDGE/USD;538,75000000;559,30000000;531,35000000;554,05000000;2,76
2021-03-20T00:00:00+00:00;HTHEDGE/USD;540,15000000;542,90000000;519,10000000;538,75000000;-0,26
2021-03-19T00:00:00+00:00;HTHEDGE/USD;532,10000000;541,65000000;505,80000000;540,15000000;1,49
2021-03-18T00:00:00+00:00;HTHEDGE/USD;523,65000000;532,75000000;496,80000000;532,10000000;1,59
2021-03-17T00:00:00+00:00;HTHEDGE/USD;524,10000000;541,30000000;518,95000000;523,65000000;-0,09
2021-03-16T00:00:00+00:00;HTHEDGE/USD;529,45000000;549,30000000;503,80000000;524,10000000;-1,02
2021-03-15T00:00:00+00:00;HTHEDGE/USD;522,40000000;542,10000000;497,40000000;529,45000000;1,33
2021-03-14T00:00:00+00:00;HTHEDGE/USD;499,55000000;524,60000000;496,80000000;522,40000000;4,37
2021-03-13T00:00:00+00:00;HTHEDGE/USD;519,65000000;539,85000000;496,80000000;499,55000000;-4,02
2021-03-12T00:00:00+00:00;HTHEDGE/USD;496,80000000;536,20000000;495,40000000;519,65000000;4,4
2021-03-11T00:00:00+00:00;HTHEDGE/USD;490,55000000;515,25000000;486,25000000;496,80000000;1,26
2021-03-10T00:00:00+00:00;HTHEDGE/USD;454,40000000;496,80000000;448,00000000;490,55000000;7,37
2021-03-09T00:00:00+00:00;HTHEDGE/USD;503,90000000;512,90000000;449,40000000;454,40000000;-10,89
2021-03-08T00:00:00+00:00;HTHEDGE/USD;507,65000000;554,10000000;496,80000000;503,90000000;-0,74
2021-03-07T00:00:00+00:00;HTHEDGE/USD;519,80000000;528,55000000;501,30000000;507,65000000;-2,39
2021-03-06T00:00:00+00:00;HTHEDGE/USD;513,85000000;541,60000000;496,80000000;519,80000000;1,14
2021-03-05T00:00:00+00:00;HTHEDGE/USD;500,50000000;548,10000000;500,35000000;513,85000000;2,6
2021-03-04T00:00:00+00:00;HTHEDGE/USD;535,25000000;543,45000000;451,75000000;500,50000000;-6,94
2021-03-03T00:00:00+00:00;HTHEDGE/USD;562,05000000;571,50000000;501,25000000;535,25000000;-5,01
2021-03-02T00:00:00+00:00;HTHEDGE/USD;553,05000000;584,30000000;525,70000000;562,05000000;1,6
2021-03-01T00:00:00+00:00;HTHEDGE/USD;597,80000000;606,95000000;534,85000000;553,05000000;-8,09
2021-02-28T00:00:00+00:00;HTHEDGE/USD;520,65000000;634,80000000;514,40000000;597,80000000;12,91
2021-02-27T00:00:00+00:00;HTHEDGE/USD;557,05000000;558,05000000;487,60000000;520,65000000;-6,99
2021-02-26T00:00:00+00:00;HTHEDGE/USD;512,65000000;566,10000000;496,80000000;557,05000000;7,97
2021-02-25T00:00:00+00:00;HTHEDGE/USD;461,85000000;518,10000000;440,35000000;512,65000000;9,91
2021-02-24T00:00:00+00:00;HTHEDGE/USD;490,80000000;501,00000000;423,10000000;461,85000000;-6,27
2021-02-23T00:00:00+00:00;HTHEDGE/USD;416,80000000;513,20000000;416,80000000;490,80000000;15,08
2021-02-22T00:00:00+00:00;HTHEDGE/USD;368,60000000;459,45000000;366,40000000;416,80000000;11,56
2021-02-21T00:00:00+00:00;HTHEDGE/USD;455,20000000;457,35000000;359,15000000;368,60000000;-23,49
2021-02-20T00:00:00+00:00;HTHEDGE/USD;386,95000000;474,60000000;374,35000000;455,20000000;14,99
2021-02-19T00:00:00+00:00;HTHEDGE/USD;668,00000000;673,10000000;383,40000000;386,95000000;-72,63
2021-02-18T00:00:00+00:00;HTHEDGE/USD;756,40000000;783,40000000;652,90000000;668,00000000;-13,23
2021-02-17T00:00:00+00:00;HTHEDGE/USD;935,80000000;935,80000000;747,00000000;756,40000000;-23,72
2021-02-16T00:00:00+00:00;HTHEDGE/USD;921,60000000;935,80000000;899,90000000;935,80000000;1,52
2021-02-15T00:00:00+00:00;HTHEDGE/USD;911,60000000;996,10000000;901,80000000;921,60000000;1,09
2021-02-14T00:00:00+00:00;HTHEDGE/USD;893,10000000;942,90000000;891,60000000;911,60000000;2,03
2021-02-13T00:00:00+00:00;HTHEDGE/USD;865,30000000;904,10000000;849,00000000;893,80000000;3,19
2021-02-12T00:00:00+00:00;HTHEDGE/USD;895,00000000;911,90000000;829,40000000;865,30000000;-3,43
2021-02-11T00:00:00+00:00;HTHEDGE/USD;847,90000000;923,70000000;843,20000000;895,00000000;5,26
2021-02-10T00:00:00+00:00;HTHEDGE/USD;985,50000000;1063,30000000;805,60000000;847,90000000;-16,23
2021-02-09T00:00:00+00:00;HTHEDGE/USD;1294,30000000;1299,60000000;956,30000000;985,50000000;-31,33
2021-02-08T00:00:00+00:00;HTHEDGE/USD;1324,10000000;1362,50000000;1292,70000000;1294,30000000;-2,3
2021-02-07T00:00:00+00:00;HTHEDGE/USD;1349,50000000;1397,50000000;1270,40000000;1324,10000000;-1,92
2021-02-06T00:00:00+00:00;HTHEDGE/USD;1464,50000000;1555,30000000;1334,20000000;1349,50000000;-8,52
2021-02-05T00:00:00+00:00;HTHEDGE/USD;1540,90000000;1542,90000000;1452,90000000;1464,50000000;-5,22
2021-02-04T00:00:00+00:00;HTHEDGE/USD;1596,90000000;1617,50000000;1498,10000000;1540,90000000;-3,63
2021-02-03T00:00:00+00:00;HTHEDGE/USD;1733,75000000;1808,50000000;1592,50000000;1596,90000000;-8,57
2021-02-02T00:00:00+00:00;HTHEDGE/USD;1752,75000000;2739,50000000;1723,75000000;1733,75000000;-1,1
2021-02-01T00:00:00+00:00;HTHEDGE/USD;1739,00000000;1838,50000000;1738,25000000;1752,75000000;0,78
2021-01-31T00:00:00+00:00;HTHEDGE/USD;1884,50000000;1919,75000000;1711,75000000;1739,00000000;-8,37
2021-01-30T00:00:00+00:00;HTHEDGE/USD;2009,75000000;2061,25000000;1881,25000000;1884,50000000;-6,65
2021-01-29T00:00:00+00:00;HTHEDGE/USD;2037,50000000;2080,50000000;1948,50000000;2009,75000000;-1,38
2021-01-28T00:00:00+00:00;HTHEDGE/USD;2227,25000000;2235,00000000;2025,25000000;2037,50000000;-9,31
2021-01-27T00:00:00+00:00;HTHEDGE/USD;2134,50000000;2379,00000000;2130,75000000;2227,25000000;4,16
2021-01-26T00:00:00+00:00;HTHEDGE/USD;2133,50000000;2246,75000000;2110,00000000;2134,50000000;0,05
2021-01-25T00:00:00+00:00;HTHEDGE/USD;2107,00000000;2137,00000000;2029,25000000;2133,50000000;1,24
2021-01-24T00:00:00+00:00;HTHEDGE/USD;2109,50000000;2196,25000000;2067,00000000;2107,00000000;-0,12
2021-01-23T00:00:00+00:00;HTHEDGE/USD;2253,50000000;2294,00000000;2097,75000000;2109,50000000;-6,83
2021-01-22T00:00:00+00:00;HTHEDGE/USD;2373,25000000;3694,00000000;2222,75000000;2253,50000000;-5,31
2021-01-21T00:00:00+00:00;HTHEDGE/USD;2135,25000000;2450,75000000;2124,50000000;2373,25000000;10,03
2021-01-20T00:00:00+00:00;HTHEDGE/USD;2120,25000000;2336,00000000;2086,50000000;2135,25000000;0,7
2021-01-19T00:00:00+00:00;HTHEDGE/USD;2127,75000000;2155,50000000;1916,00000000;2120,25000000;-0,35
2021-01-18T00:00:00+00:00;HTHEDGE/USD;2320,00000000;2410,75000000;2113,25000000;2127,75000000;-9,04
2021-01-17T00:00:00+00:00;HTHEDGE/USD;2419,25000000;2469,25000000;2300,25000000;2320,00000000;-4,28
2021-01-16T00:00:00+00:00;HTHEDGE/USD;2473,50000000;2555,75000000;2296,75000000;2419,25000000;-2,24
2021-01-15T00:00:00+00:00;HTHEDGE/USD;2482,75000000;2773,75000000;2373,25000000;2473,50000000;-0,37
2021-01-14T00:00:00+00:00;HTHEDGE/USD;2534,00000000;2776,50000000;2475,25000000;2482,75000000;-2,06
2021-01-13T00:00:00+00:00;HTHEDGE/USD;2696,50000000;2796,50000000;2528,50000000;2534,00000000;-6,41
2021-01-12T00:00:00+00:00;HTHEDGE/USD;2739,00000000;2913,00000000;2527,00000000;2696,50000000;-1,58
2021-01-11T00:00:00+00:00;HTHEDGE/USD;2312,75000000;2975,25000000;2299,75000000;2739,00000000;15,56
2021-01-10T00:00:00+00:00;HTHEDGE/USD;2467,50000000;3694,00000000;2201,00000000;2312,75000000;-6,69
2021-01-09T00:00:00+00:00;HTHEDGE/USD;2665,00000000;2720,25000000;2426,75000000;2467,50000000;-8,0
2021-01-08T00:00:00+00:00;HTHEDGE/USD;2608,75000000;2738,75000000;2600,75000000;2665,00000000;2,11
2021-01-07T00:00:00+00:00;HTHEDGE/USD;2561,25000000;2672,50000000;2536,50000000;2608,75000000;1,82
2021-01-06T00:00:00+00:00;HTHEDGE/USD;2677,50000000;2701,25000000;2524,00000000;2561,25000000;-4,54
2021-01-05T00:00:00+00:00;HTHEDGE/USD;2701,75000000;2842,75000000;2642,75000000;2677,50000000;-0,91
2021-01-04T00:00:00+00:00;HTHEDGE/USD;2611,75000000;2871,75000000;2446,50000000;2701,75000000;3,33
2021-01-03T00:00:00+00:00;HTHEDGE/USD;2649,00000000;2749,00000000;2519,00000000;2611,75000000;-1,43
2021-01-02T00:00:00+00:00;HTHEDGE/USD;2426,50000000;2674,00000000;2327,50000000;2649,00000000;8,4
2021-01-01T00:00:00+00:00;HTHEDGE/USD;2941,25000000;2973,00000000;2414,50000000;2426,50000000;-21,21
2020-12-31T00:00:00+00:00;HTHEDGE/USD;2976,75000000;3077,50000000;2931,00000000;2941,25000000;-1,21
2020-12-30T00:00:00+00:00;HTHEDGE/USD;2953,75000000;3151,00000000;2945,25000000;2976,75000000;0,77
2020-12-29T00:00:00+00:00;HTHEDGE/USD;3023,25000000;3096,50000000;2915,75000000;2953,75000000;-2,35
2020-12-28T00:00:00+00:00;HTHEDGE/USD;3220,50000000;3228,25000000;2987,50000000;3023,25000000;-6,52
2020-12-27T00:00:00+00:00;HTHEDGE/USD;3239,00000000;3294,50000000;3152,50000000;3220,50000000;-0,57
2020-12-26T00:00:00+00:00;HTHEDGE/USD;3156,00000000;3339,25000000;3146,00000000;3239,00000000;2,56
2020-12-25T00:00:00+00:00;HTHEDGE/USD;3205,50000000;3502,50000000;3130,50000000;3156,00000000;-1,57
2020-12-24T00:00:00+00:00;HTHEDGE/USD;3333,00000000;3369,00000000;3192,00000000;3205,50000000;-3,98
2020-12-23T00:00:00+00:00;HTHEDGE/USD;3096,75000000;3392,00000000;3088,25000000;3333,00000000;7,09
2020-12-22T00:00:00+00:00;HTHEDGE/USD;3149,00000000;3192,00000000;3070,00000000;3096,75000000;-1,69
2020-12-21T00:00:00+00:00;HTHEDGE/USD;3118,50000000;3271,25000000;3015,50000000;3149,00000000;0,97
2020-12-20T00:00:00+00:00;HTHEDGE/USD;2974,50000000;3437,25000000;2950,25000000;3118,50000000;4,62
2020-12-19T00:00:00+00:00;HTHEDGE/USD;3147,25000000;3175,50000000;2798,75000000;2974,50000000;-5,81
2020-12-18T00:00:00+00:00;HTHEDGE/USD;3205,00000000;3247,75000000;3116,25000000;3147,25000000;-1,83
2020-12-17T00:00:00+00:00;HTHEDGE/USD;3129,75000000;3231,00000000;3077,50000000;3205,00000000;2,35
2020-12-16T00:00:00+00:00;HTHEDGE/USD;3271,00000000;3303,50000000;3095,50000000;3129,75000000;-4,51
2020-12-15T00:00:00+00:00;HTHEDGE/USD;3263,00000000;3294,50000000;3237,50000000;3271,00000000;0,24
2020-12-14T00:00:00+00:00;HTHEDGE/USD;3228,00000000;3317,00000000;3223,50000000;3263,00000000;1,07
2020-12-13T00:00:00+00:00;HTHEDGE/USD;3212,50000000;3244,00000000;3192,50000000;3228,00000000;0,48
2020-12-12T00:00:00+00:00;HTHEDGE/USD;3239,50000000;3257,50000000;3188,50000000;3212,50000000;-0,84
2020-12-11T00:00:00+00:00;HTHEDGE/USD;3198,00000000;3564,50000000;3165,00000000;3239,50000000;1,28
2020-12-10T00:00:00+00:00;HTHEDGE/USD;3133,00000000;3326,50000000;3073,00000000;3198,00000000;2,03
2020-12-09T00:00:00+00:00;HTHEDGE/USD;3134,75000000;3372,75000000;3113,75000000;3133,00000000;-0,06
2020-12-08T00:00:00+00:00;HTHEDGE/USD;3257,50000000;3276,00000000;3031,00000000;3134,75000000;-3,92
2020-12-07T00:00:00+00:00;HTHEDGE/USD;3267,00000000;3302,00000000;3203,50000000;3257,50000000;-0,29
2020-12-06T00:00:00+00:00;HTHEDGE/USD;3262,50000000;3355,00000000;3234,50000000;3267,00000000;0,14
2020-12-05T00:00:00+00:00;HTHEDGE/USD;3304,00000000;3334,00000000;3232,00000000;3262,50000000;-1,27
2020-12-04T00:00:00+00:00;HTHEDGE/USD;3210,50000000;3347,50000000;3200,00000000;3304,00000000;2,83
2020-12-03T00:00:00+00:00;HTHEDGE/USD;3181,00000000;3238,00000000;3174,00000000;3210,50000000;0,92
2020-12-02T00:00:00+00:00;HTHEDGE/USD;3231,50000000;3272,50000000;3171,00000000;3181,00000000;-1,59
2020-12-01T00:00:00+00:00;HTHEDGE/USD;3083,00000000;3273,00000000;3051,00000000;3231,50000000;4,6
2020-11-30T00:00:00+00:00;HTHEDGE/USD;3152,50000000;3242,50000000;3032,75000000;3083,00000000;-2,25
2020-11-29T00:00:00+00:00;HTHEDGE/USD;3127,75000000;3462,50000000;3124,50000000;3152,50000000;0,79
2020-11-28T00:00:00+00:00;HTHEDGE/USD;3187,25000000;3242,00000000;3104,50000000;3127,75000000;-1,9
2020-11-27T00:00:00+00:00;HTHEDGE/USD;3231,75000000;3306,00000000;3187,25000000;3187,25000000;-1,4
2020-11-26T00:00:00+00:00;HTHEDGE/USD;3072,50000000;3373,50000000;3044,00000000;3231,75000000;4,93
2020-11-25T00:00:00+00:00;HTHEDGE/USD;2883,00000000;3109,75000000;2857,25000000;3072,50000000;6,17
2020-11-24T00:00:00+00:00;HTHEDGE/USD;3006,25000000;3017,75000000;2793,25000000;2883,00000000;-4,28
2020-11-23T00:00:00+00:00;HTHEDGE/USD;2992,00000000;3276,50000000;2919,25000000;3006,25000000;0,47
2020-11-22T00:00:00+00:00;HTHEDGE/USD;2920,75000000;3119,25000000;2909,50000000;2992,00000000;2,38
2020-11-21T00:00:00+00:00;HTHEDGE/USD;2946,50000000;3039,00000000;2891,50000000;2920,75000000;-0,88
2020-11-20T00:00:00+00:00;HTHEDGE/USD;3049,25000000;3064,75000000;2860,75000000;2946,50000000;-3,49
2020-11-19T00:00:00+00:00;HTHEDGE/USD;3354,50000000;3365,50000000;3022,00000000;3049,25000000;-10,01
2020-11-18T00:00:00+00:00;HTHEDGE/USD;3445,50000000;3524,00000000;3307,50000000;3354,50000000;-2,71
2020-11-17T00:00:00+00:00;HTHEDGE/USD;3593,00000000;3604,00000000;3369,50000000;3445,50000000;-4,28
2020-11-16T00:00:00+00:00;HTHEDGE/USD;3514,00000000;3657,00000000;3490,50000000;3593,00000000;2,2
2020-11-15T00:00:00+00:00;HTHEDGE/USD;3526,50000000;3577,00000000;3475,50000000;3514,00000000;-0,36
2020-11-14T00:00:00+00:00;HTHEDGE/USD;3511,00000000;3547,50000000;3484,00000000;3526,50000000;0,44
2020-11-13T00:00:00+00:00;HTHEDGE/USD;3525,50000000;3561,00000000;3480,00000000;3511,00000000;-0,41
2020-11-12T00:00:00+00:00;HTHEDGE/USD;3512,00000000;3565,50000000;3481,00000000;3525,50000000;0,38
2020-11-11T00:00:00+00:00;HTHEDGE/USD;3517,00000000;3557,00000000;3463,00000000;3512,00000000;-0,14
2020-11-10T00:00:00+00:00;HTHEDGE/USD;3437,50000000;3589,50000000;3437,00000000;3517,00000000;2,26
2020-11-09T00:00:00+00:00;HTHEDGE/USD;3409,00000000;3524,00000000;3392,00000000;3437,50000000;0,83
2020-11-08T00:00:00+00:00;HTHEDGE/USD;3483,50000000;3694,00000000;3397,50000000;3409,00000000;-2,19
2020-11-07T00:00:00+00:00;HTHEDGE/USD;3378,00000000;3536,00000000;3312,50000000;3483,50000000;3,03
2020-11-06T00:00:00+00:00;HTHEDGE/USD;3604,00000000;3615,00000000;3321,50000000;3378,00000000;-6,69
2020-11-05T00:00:00+00:00;HTHEDGE/USD;3658,00000000;3715,00000000;3497,50000000;3604,00000000;-1,5
2020-11-04T00:00:00+00:00;HTHEDGE/USD;3554,00000000;3840,00000000;3511,00000000;3658,00000000;2,84
2020-11-03T00:00:00+00:00;HTHEDGE/USD;3415,50000000;3683,00000000;3409,00000000;3554,00000000;3,9
2020-11-02T00:00:00+00:00;HTHEDGE/USD;3158,00000000;3583,50000000;3136,00000000;3415,50000000;7,54
2020-11-01T00:00:00+00:00;HTHEDGE/USD;3105,75000000;3178,00000000;3084,00000000;3158,00000000;1,65
2020-10-31T00:00:00+00:00;HTHEDGE/USD;3223,50000000;3331,50000000;3074,00000000;3105,75000000;-3,79
2020-10-30T00:00:00+00:00;HTHEDGE/USD;3102,50000000;3243,50000000;3062,25000000;3223,50000000;3,75
2020-10-29T00:00:00+00:00;HTHEDGE/USD;3136,25000000;3181,50000000;3076,50000000;3102,50000000;-1,09
2020-10-28T00:00:00+00:00;HTHEDGE/USD;3079,75000000;3191,25000000;3062,25000000;3136,25000000;1,8
2020-10-27T00:00:00+00:00;HTHEDGE/USD;3033,00000000;3099,75000000;3019,00000000;3079,75000000;1,52
2020-10-26T00:00:00+00:00;HTHEDGE/USD;3021,25000000;3062,25000000;2983,00000000;3033,00000000;0,39
2020-10-25T00:00:00+00:00;HTHEDGE/USD;2977,75000000;3045,00000000;2974,75000000;3021,25000000;1,44
2020-10-24T00:00:00+00:00;HTHEDGE/USD;2983,75000000;3059,25000000;2969,00000000;2977,75000000;-0,2
2020-10-23T00:00:00+00:00;HTHEDGE/USD;2943,00000000;3061,25000000;2933,50000000;2983,75000000;1,37
2020-10-22T00:00:00+00:00;HTHEDGE/USD;2998,25000000;3041,00000000;2934,50000000;2943,00000000;-1,88
2020-10-21T00:00:00+00:00;HTHEDGE/USD;3078,50000000;3087,75000000;2954,50000000;3001,25000000;-2,57
2020-10-20T00:00:00+00:00;HTHEDGE/USD;3062,25000000;3084,50000000;3035,25000000;3078,50000000;0,53
2020-10-19T00:00:00+00:00;HTHEDGE/USD;3030,00000000;3077,25000000;3015,25000000;3062,25000000;1,05
2020-10-18T00:00:00+00:00;HTHEDGE/USD;3104,75000000;3135,75000000;3019,75000000;3030,00000000;-2,47
2020-10-17T00:00:00+00:00;HTHEDGE/USD;3050,00000000;3178,75000000;3048,75000000;3104,75000000;1,76
2020-10-16T00:00:00+00:00;HTHEDGE/USD;2933,00000000;3106,50000000;2922,25000000;3050,00000000;3,84
2020-10-15T00:00:00+00:00;HTHEDGE/USD;2901,50000000;3031,00000000;2888,75000000;2933,00000000;1,07
2020-10-14T00:00:00+00:00;HTHEDGE/USD;2894,00000000;3022,25000000;2860,75000000;2901,50000000;0,26
2020-10-13T00:00:00+00:00;HTHEDGE/USD;2860,50000000;2900,50000000;2853,00000000;2894,00000000;1,16
2020-10-12T00:00:00+00:00;HTHEDGE/USD;2888,25000000;2921,50000000;2853,25000000;2860,50000000;-0,97
2020-10-11T00:00:00+00:00;HTHEDGE/USD;2895,50000000;2947,25000000;2882,75000000;2888,25000000;-0,25
2020-10-10T00:00:00+00:00;HTHEDGE/USD;2901,25000000;2912,25000000;2849,75000000;2895,50000000;-0,2
2020-10-09T00:00:00+00:00;HTHEDGE/USD;2943,75000000;2961,50000000;2883,75000000;2901,25000000;-1,46
2020-10-08T00:00:00+00:00;HTHEDGE/USD;2983,00000000;3011,75000000;2938,00000000;2943,75000000;-1,33
2020-10-07T00:00:00+00:00;HTHEDGE/USD;2997,75000000;3033,75000000;2981,25000000;2983,00000000;-0,49
2020-10-06T00:00:00+00:00;HTHEDGE/USD;2955,50000000;3023,75000000;2949,25000000;2997,75000000;1,41
2020-10-05T00:00:00+00:00;HTHEDGE/USD;2942,75000000;2972,75000000;2938,75000000;2955,50000000;0,43
2020-10-04T00:00:00+00:00;HTHEDGE/USD;2957,00000000;3032,00000000;2927,25000000;2942,75000000;-0,48
2020-10-03T00:00:00+00:00;HTHEDGE/USD;2950,50000000;3062,25000000;2924,25000000;2957,00000000;0,22
2020-10-02T00:00:00+00:00;HTHEDGE/USD;2977,00000000;3028,75000000;2899,75000000;2950,50000000;-0,9
2020-10-01T00:00:00+00:00;HTHEDGE/USD;2977,50000000;3049,50000000;2887,50000000;2977,00000000;-0,02
2020-09-30T00:00:00+00:00;HTHEDGE/USD;2975,50000000;3050,25000000;2965,25000000;2977,50000000;0,07
2020-09-29T00:00:00+00:00;HTHEDGE/USD;2993,25000000;3023,75000000;2963,75000000;2975,50000000;-0,6
2020-09-28T00:00:00+00:00;HTHEDGE/USD;2981,00000000;3024,00000000;2965,25000000;2993,25000000;0,41
2020-09-27T00:00:00+00:00;HTHEDGE/USD;2967,75000000;3052,25000000;2954,25000000;2981,00000000;0,44
2020-09-26T00:00:00+00:00;HTHEDGE/USD;2991,50000000;3062,25000000;2966,75000000;2967,75000000;-0,8
2020-09-25T00:00:00+00:00;HTHEDGE/USD;2989,25000000;3062,25000000;2974,00000000;2991,50000000;0,08
2020-09-24T00:00:00+00:00;HTHEDGE/USD;3064,00000000;3072,25000000;2971,00000000;2989,25000000;-2,5
2020-09-23T00:00:00+00:00;HTHEDGE/USD;3031,00000000;3075,50000000;3000,75000000;3064,00000000;1,08
2020-09-22T00:00:00+00:00;HTHEDGE/USD;3061,00000000;3094,00000000;3027,25000000;3031,00000000;-0,99
2020-09-21T00:00:00+00:00;HTHEDGE/USD;2912,00000000;3089,75000000;2854,75000000;3061,00000000;4,87
2020-09-20T00:00:00+00:00;HTHEDGE/USD;2853,50000000;2967,50000000;2845,00000000;2912,00000000;2,01
2020-09-19T00:00:00+00:00;HTHEDGE/USD;2857,50000000;2922,25000000;2833,75000000;2853,50000000;-0,14
2020-09-18T00:00:00+00:00;HTHEDGE/USD;2886,25000000;2946,25000000;2836,75000000;2857,50000000;-1,01
2020-09-17T00:00:00+00:00;HTHEDGE/USD;2945,00000000;2961,50000000;2859,75000000;2886,25000000;-2,04
2020-09-16T00:00:00+00:00;HTHEDGE/USD;2936,00000000;3036,00000000;2914,75000000;2945,00000000;0,31
2020-09-15T00:00:00+00:00;HTHEDGE/USD;2927,50000000;2950,50000000;2904,75000000;2936,00000000;0,29
2020-09-14T00:00:00+00:00;HTHEDGE/USD;2907,25000000;2982,25000000;2879,00000000;2927,50000000;0,69
2020-09-13T00:00:00+00:00;HTHEDGE/USD;2968,75000000;2994,50000000;2775,50000000;2907,25000000;-2,12
2020-09-12T00:00:00+00:00;HTHEDGE/USD;2969,75000000;3020,75000000;2914,00000000;2968,75000000;-0,03
2020-09-11T00:00:00+00:00;HTHEDGE/USD;2985,25000000;3032,00000000;2934,50000000;2969,75000000;-0,52
2020-09-10T00:00:00+00:00;HTHEDGE/USD;3016,00000000;3032,50000000;2945,75000000;2985,25000000;-1,03
2020-09-09T00:00:00+00:00;HTHEDGE/USD;3115,00000000;3159,50000000;2991,25000000;3016,00000000;-3,28
2020-09-08T00:00:00+00:00;HTHEDGE/USD;3061,75000000;3186,00000000;3048,50000000;3115,00000000;1,71
2020-09-07T00:00:00+00:00;HTHEDGE/USD;3042,00000000;3182,50000000;2887,75000000;3061,75000000;0,65
2020-09-06T00:00:00+00:00;HTHEDGE/USD;3265,50000000;3360,50000000;2959,50000000;3042,00000000;-7,35
2020-09-05T00:00:00+00:00;HTHEDGE/USD;3186,00000000;3348,00000000;3139,00000000;3265,50000000;2,43
2020-09-04T00:00:00+00:00;HTHEDGE/USD;3269,50000000;3302,50000000;3151,00000000;3186,00000000;-2,62
2020-09-03T00:00:00+00:00;HTHEDGE/USD;2901,00000000;3268,00000000;2877,00000000;3265,50000000;11,16
2020-09-02T00:00:00+00:00;HTHEDGE/USD;2933,00000000;3081,50000000;2824,25000000;2901,00000000;-1,1
2020-09-01T00:00:00+00:00;HTHEDGE/USD;2941,25000000;3008,75000000;2875,50000000;2933,00000000;-0,28
2020-08-31T00:00:00+00:00;HTHEDGE/USD;2994,75000000;3016,75000000;2904,50000000;2941,25000000;-1,82
2020-08-30T00:00:00+00:00;HTHEDGE/USD;3035,50000000;3047,75000000;2993,75000000;2994,75000000;-1,36
2020-08-29T00:00:00+00:00;HTHEDGE/USD;3006,00000000;3057,25000000;3003,00000000;3035,50000000;0,97
2020-08-28T00:00:00+00:00;HTHEDGE/USD;3026,75000000;3051,75000000;2978,00000000;3006,00000000;-0,69
2020-08-27T00:00:00+00:00;HTHEDGE/USD;2918,25000000;3113,75000000;2907,75000000;3026,75000000;3,58
2020-08-26T00:00:00+00:00;HTHEDGE/USD;3016,75000000;3034,00000000;2809,25000000;2918,25000000;-3,38
2020-08-25T00:00:00+00:00;HTHEDGE/USD;3021,75000000;3089,75000000;2907,00000000;3016,75000000;-0,17
2020-08-24T00:00:00+00:00;HTHEDGE/USD;3112,75000000;3122,50000000;3016,75000000;3021,75000000;-3,01
2020-08-23T00:00:00+00:00;HTHEDGE/USD;3106,00000000;3161,25000000;3060,50000000;3112,75000000;0,22
2020-08-22T00:00:00+00:00;HTHEDGE/USD;3092,50000000;3180,00000000;3085,25000000;3106,00000000;0,43
2020-08-21T00:00:00+00:00;HTHEDGE/USD;3016,75000000;3092,75000000;2980,75000000;3092,50000000;2,45
2020-08-20T00:00:00+00:00;HTHEDGE/USD;3142,75000000;3147,25000000;3005,50000000;3016,75000000;-4,18
2020-08-19T00:00:00+00:00;HTHEDGE/USD;3062,00000000;3183,00000000;3022,50000000;3142,75000000;2,57
2020-08-18T00:00:00+00:00;HTHEDGE/USD;3042,75000000;3121,25000000;3006,75000000;3062,00000000;0,63
2020-08-17T00:00:00+00:00;HTHEDGE/USD;3006,00000000;3150,25000000;2998,50000000;3042,75000000;1,21
2020-08-16T00:00:00+00:00;HTHEDGE/USD;3003,25000000;3105,75000000;2979,50000000;3006,00000000;0,09
2020-08-15T00:00:00+00:00;HTHEDGE/USD;3071,50000000;3150,25000000;2932,75000000;3003,25000000;-2,27
2020-08-14T00:00:00+00:00;HTHEDGE/USD;3106,75000000;3150,25000000;3023,25000000;3071,50000000;-1,15
2020-08-13T00:00:00+00:00;HTHEDGE/USD;3186,50000000;3220,00000000;3091,00000000;3106,75000000;-2,57
2020-08-12T00:00:00+00:00;HTHEDGE/USD;3133,00000000;3231,50000000;3117,00000000;3186,50000000;1,68
2020-08-11T00:00:00+00:00;HTHEDGE/USD;3053,50000000;3212,50000000;3042,50000000;3133,00000000;2,54
2020-08-10T00:00:00+00:00;HTHEDGE/USD;3040,00000000;3177,00000000;2993,50000000;3053,50000000;0,44
2020-08-09T00:00:00+00:00;HTHEDGE/USD;3018,25000000;3094,50000000;2990,00000000;3040,00000000;0,72
2020-08-08T00:00:00+00:00;HTHEDGE/USD;3041,75000000;3062,50000000;2992,25000000;3018,25000000;-0,78
2020-08-07T00:00:00+00:00;HTHEDGE/USD;2939,50000000;3073,50000000;2934,50000000;3041,75000000;3,36
2020-08-06T00:00:00+00:00;HTHEDGE/USD;2887,25000000;2957,25000000;2885,75000000;2939,50000000;1,78
2020-08-05T00:00:00+00:00;HTHEDGE/USD;2918,25000000;2991,75000000;2844,75000000;2887,25000000;-1,07
2020-08-04T00:00:00+00:00;HTHEDGE/USD;2960,25000000;3020,75000000;2812,25000000;2918,25000000;-1,44
2020-08-03T00:00:00+00:00;HTHEDGE/USD;3166,00000000;3188,75000000;2883,00000000;2960,25000000;-6,95
2020-08-02T00:00:00+00:00;HTHEDGE/USD;2977,50000000;3469,00000000;2923,25000000;3166,00000000;5,95
2020-08-01T00:00:00+00:00;HTHEDGE/USD;3233,00000000;3258,00000000;2968,50000000;2977,50000000;-8,58
2020-07-31T00:00:00+00:00;HTHEDGE/USD;3216,00000000;3265,50000000;3206,00000000;3233,00000000;0,53
2020-07-30T00:00:00+00:00;HTHEDGE/USD;3200,00000000;3283,00000000;3200,00000000;3216,00000000;0,5
2020-07-29T00:00:00+00:00;HTHEDGE/USD;3197,50000000;3225,50000000;3145,50000000;3200,00000000;0,08
2020-07-28T00:00:00+00:00;HTHEDGE/USD;3177,50000000;3282,50000000;3121,00000000;3197,50000000;0,63
2020-07-27T00:00:00+00:00;HTHEDGE/USD;3303,00000000;3307,50000000;3140,00000000;3177,50000000;-3,95
2020-07-26T00:00:00+00:00;HTHEDGE/USD;3300,50000000;3347,00000000;3252,00000000;3303,00000000;0,08
2020-07-25T00:00:00+00:00;HTHEDGE/USD;3372,00000000;3382,00000000;3297,00000000;3300,50000000;-2,17
2020-07-24T00:00:00+00:00;HTHEDGE/USD;3264,50000000;3469,00000000;3264,50000000;3372,00000000;3,19
2020-07-23T00:00:00+00:00;HTHEDGE/USD;3281,00000000;3322,50000000;3248,50000000;3264,50000000;-0,51
2020-07-22T00:00:00+00:00;HTHEDGE/USD;3336,50000000;3464,50000000;3265,00000000;3281,00000000;-1,69
2020-07-21T00:00:00+00:00;HTHEDGE/USD;3359,50000000;3403,50000000;3320,00000000;3336,50000000;-0,69
2020-07-20T00:00:00+00:00;HTHEDGE/USD;3368,50000000;3428,50000000;3352,50000000;3359,50000000;-0,27
2020-07-19T00:00:00+00:00;HTHEDGE/USD;3394,50000000;3420,50000000;3366,50000000;3368,50000000;-0,77
2020-07-18T00:00:00+00:00;HTHEDGE/USD;3409,50000000;3463,50000000;3389,00000000;3394,50000000;-0,44
2020-07-17T00:00:00+00:00;HTHEDGE/USD;3400,50000000;3469,00000000;3372,50000000;3409,50000000;0,26
2020-07-16T00:00:00+00:00;HTHEDGE/USD;3355,00000000;3452,50000000;3344,00000000;3400,50000000;1,34
2020-07-15T00:00:00+00:00;HTHEDGE/USD;3349,00000000;3392,00000000;3322,50000000;3355,00000000;0,18
2020-07-14T00:00:00+00:00;HTHEDGE/USD;3352,50000000;3469,00000000;3335,50000000;3349,00000000;-0,1
2020-07-13T00:00:00+00:00;HTHEDGE/USD;3356,00000000;3389,50000000;3334,00000000;3352,50000000;-0,1
2020-07-12T00:00:00+00:00;HTHEDGE/USD;3383,50000000;3403,50000000;3346,50000000;3356,00000000;-0,82
2020-07-11T00:00:00+00:00;HTHEDGE/USD;3376,00000000;3410,50000000;3355,00000000;3383,50000000;0,22
2020-07-10T00:00:00+00:00;HTHEDGE/USD;3400,50000000;3442,50000000;3363,00000000;3376,00000000;-0,73
2020-07-09T00:00:00+00:00;HTHEDGE/USD;3351,00000000;3456,00000000;3349,00000000;3400,50000000;1,46
2020-07-08T00:00:00+00:00;HTHEDGE/USD;3438,00000000;3453,50000000;3332,50000000;3351,00000000;-2,6
2020-07-07T00:00:00+00:00;HTHEDGE/USD;3338,00000000;3440,00000000;3314,00000000;3438,00000000;2,91
2020-07-06T00:00:00+00:00;HTHEDGE/USD;3469,00000000;3469,00000000;3338,00000000;3338,00000000;-3,92
2020-07-05T00:00:00+00:00;HTHEDGE/USD;3427,00000000;3487,50000000;3416,00000000;3469,00000000;1,21
2020-07-04T00:00:00+00:00;HTHEDGE/USD;3452,50000000;3460,50000000;3416,00000000;3427,00000000;-0,74
2020-07-03T00:00:00+00:00;HTHEDGE/USD;3462,50000000;3465,50000000;3416,00000000;3452,50000000;-0,29
2020-07-02T00:00:00+00:00;HTHEDGE/USD;3416,00000000;3471,50000000;3416,00000000;3462,50000000;1,34
2020-07-01T00:00:00+00:00;HTHEDGE/USD;3416,00000000;3446,50000000;3396,00000000;3416,00000000;0,0
2020-06-30T00:00:00+00:00;HTHEDGE/USD;3387,50000000;3436,00000000;3377,00000000;3416,00000000;0,83
2020-06-29T00:00:00+00:00;HTHEDGE/USD;3429,00000000;3441,50000000;3366,50000000;3387,50000000;-1,23
2020-06-28T00:00:00+00:00;HTHEDGE/USD;3431,50000000;3482,00000000;3412,50000000;3429,00000000;-0,07
2020-06-27T00:00:00+00:00;HTHEDGE/USD;3385,00000000;3496,00000000;3352,00000000;3431,50000000;1,36
2020-06-26T00:00:00+00:00;HTHEDGE/USD;3371,00000000;3416,00000000;3352,50000000;3385,00000000;0,41
2020-06-25T00:00:00+00:00;HTHEDGE/USD;3315,00000000;3416,00000000;3312,00000000;3371,00000000;1,66
2020-06-24T00:00:00+00:00;HTHEDGE/USD;3351,50000000;3416,00000000;3154,50000000;3315,00000000;-1,1
2020-06-23T00:00:00+00:00;HTHEDGE/USD;3338,00000000;3376,50000000;3327,00000000;3351,50000000;0,4
2020-06-22T00:00:00+00:00;HTHEDGE/USD;3525,00000000;3528,50000000;3316,50000000;3338,00000000;-5,6
2020-06-21T00:00:00+00:00;HTHEDGE/USD;3482,50000000;3532,00000000;3416,00000000;3525,00000000;1,21
2020-06-20T00:00:00+00:00;HTHEDGE/USD;3501,00000000;3533,00000000;3416,00000000;3482,50000000;-0,53
2020-06-19T00:00:00+00:00;HTHEDGE/USD;3440,50000000;3517,50000000;3416,00000000;3501,00000000;1,73
2020-06-18T00:00:00+00:00;HTHEDGE/USD;3414,00000000;3470,50000000;3405,00000000;3440,50000000;0,77
2020-06-17T00:00:00+00:00;HTHEDGE/USD;3376,00000000;3436,50000000;3369,50000000;3414,00000000;1,11
2020-06-16T00:00:00+00:00;HTHEDGE/USD;3414,00000000;3421,50000000;3348,00000000;3376,00000000;-1,13
2020-06-15T00:00:00+00:00;HTHEDGE/USD;3404,50000000;3529,00000000;3382,00000000;3414,00000000;0,28
2020-06-14T00:00:00+00:00;HTHEDGE/USD;3332,50000000;3416,00000000;3320,00000000;3404,50000000;2,11
2020-06-13T00:00:00+00:00;HTHEDGE/USD;3317,50000000;3372,50000000;3311,00000000;3332,50000000;0,45
2020-06-12T00:00:00+00:00;HTHEDGE/USD;3426,50000000;3453,00000000;3312,00000000;3317,50000000;-3,29
2020-06-11T00:00:00+00:00;HTHEDGE/USD;3243,00000000;3506,50000000;3176,50000000;3426,50000000;5,36
2020-06-10T00:00:00+00:00;HTHEDGE/USD;3210,00000000;3302,00000000;3209,00000000;3243,00000000;1,02
2020-06-09T00:00:00+00:00;HTHEDGE/USD;3243,00000000;3271,50000000;3187,50000000;3210,00000000;-1,03
2020-06-08T00:00:00+00:00;HTHEDGE/USD;3240,50000000;3302,00000000;3216,50000000;3243,00000000;0,08
2020-06-07T00:00:00+00:00;HTHEDGE/USD;3216,00000000;3303,50000000;3125,00000000;3240,50000000;0,76
2020-06-06T00:00:00+00:00;HTHEDGE/USD;3306,00000000;3348,50000000;3216,00000000;3216,00000000;-2,8
2020-06-05T00:00:00+00:00;HTHEDGE/USD;3497,00000000;3519,00000000;3231,00000000;3306,00000000;-5,78
2020-06-04T00:00:00+00:00;HTHEDGE/USD;3512,00000000;3760,00000000;3482,50000000;3497,00000000;-0,43
2020-06-03T00:00:00+00:00;HTHEDGE/USD;3514,00000000;4170,00000000;3501,00000000;3512,00000000;-0,06
2020-06-02T00:00:00+00:00;HTHEDGE/USD;3441,00000000;3631,00000000;3364,00000000;3514,00000000;2,08
2020-06-01T00:00:00+00:00;HTHEDGE/USD;3526,50000000;3684,50000000;3422,00000000;3441,00000000;-2,48
2020-05-31T00:00:00+00:00;HTHEDGE/USD;3446,50000000;3554,00000000;3446,00000000;3526,50000000;2,27
2020-05-30T00:00:00+00:00;HTHEDGE/USD;3509,50000000;3642,50000000;3443,50000000;3446,50000000;-1,83
2020-05-29T00:00:00+00:00;HTHEDGE/USD;3535,00000000;3630,00000000;3484,50000000;3509,50000000;-0,73
2020-05-28T00:00:00+00:00;HTHEDGE/USD;3632,00000000;3691,00000000;3530,50000000;3535,00000000;-2,74
2020-05-27T00:00:00+00:00;HTHEDGE/USD;3691,00000000;3747,00000000;3622,50000000;3632,00000000;-1,62
2020-05-26T00:00:00+00:00;HTHEDGE/USD;3674,50000000;4170,00000000;3666,50000000;3691,00000000;0,45
2020-05-25T00:00:00+00:00;HTHEDGE/USD;3753,00000000;3781,00000000;3643,50000000;3674,50000000;-2,14
2020-05-24T00:00:00+00:00;HTHEDGE/USD;3645,00000000;3767,00000000;3590,50000000;3753,00000000;2,88
2020-05-23T00:00:00+00:00;HTHEDGE/USD;3611,50000000;3686,50000000;3558,00000000;3645,00000000;0,92
2020-05-22T00:00:00+00:00;HTHEDGE/USD;3665,00000000;3721,00000000;3594,50000000;3611,50000000;-1,48
2020-05-21T00:00:00+00:00;HTHEDGE/USD;3536,00000000;3746,50000000;3513,50000000;3665,00000000;3,52
2020-05-20T00:00:00+00:00;HTHEDGE/USD;3471,50000000;3599,50000000;3454,50000000;3536,00000000;1,82
2020-05-19T00:00:00+00:00;HTHEDGE/USD;3467,00000000;3546,00000000;3453,50000000;3471,50000000;0,13
2020-05-18T00:00:00+00:00;HTHEDGE/USD;3514,00000000;3531,50000000;3424,00000000;3467,00000000;-1,36
2020-05-17T00:00:00+00:00;HTHEDGE/USD;3544,50000000;3571,50000000;3462,50000000;3514,00000000;-0,87
2020-05-16T00:00:00+00:00;HTHEDGE/USD;3565,00000000;3649,50000000;3514,50000000;3544,50000000;-0,58
2020-05-15T00:00:00+00:00;HTHEDGE/USD;3485,00000000;3601,00000000;3479,50000000;3565,00000000;2,24
2020-05-14T00:00:00+00:00;HTHEDGE/USD;3648,50000000;3738,50000000;3476,00000000;3485,00000000;-4,69
2020-05-13T00:00:00+00:00;HTHEDGE/USD;3700,00000000;3803,00000000;3616,00000000;3648,50000000;-1,41
2020-05-12T00:00:00+00:00;HTHEDGE/USD;3837,00000000;4170,00000000;3679,00000000;3700,00000000;-3,7
2020-05-11T00:00:00+00:00;HTHEDGE/USD;3740,00000000;3942,00000000;3665,00000000;3837,00000000;2,53
2020-05-10T00:00:00+00:00;HTHEDGE/USD;3529,50000000;3907,00000000;3529,00000000;3740,00000000;5,63
2020-05-09T00:00:00+00:00;HTHEDGE/USD;3463,50000000;3541,00000000;3412,50000000;3529,50000000;1,87
2020-05-08T00:00:00+00:00;HTHEDGE/USD;3402,00000000;3486,50000000;3366,00000000;3463,50000000;1,78
2020-05-07T00:00:00+00:00;HTHEDGE/USD;3530,00000000;3635,50000000;3393,50000000;3402,00000000;-3,76
2020-05-06T00:00:00+00:00;HTHEDGE/USD;3459,50000000;3551,00000000;3403,00000000;3530,00000000;2,0
2020-05-05T00:00:00+00:00;HTHEDGE/USD;3434,50000000;3573,50000000;3409,00000000;3456,50000000;0,64
2020-05-04T00:00:00+00:00;HTHEDGE/USD;3459,00000000;3678,00000000;3405,50000000;3434,50000000;-0,71
2020-05-03T00:00:00+00:00;HTHEDGE/USD;3391,50000000;3526,00000000;3342,00000000;3459,00000000;1,95
2020-05-02T00:00:00+00:00;HTHEDGE/USD;3419,00000000;3508,50000000;3391,00000000;3391,50000000;-0,81
2020-05-01T00:00:00+00:00;HTHEDGE/USD;3444,50000000;3467,50000000;3353,50000000;3419,00000000;-0,75
2020-04-30T00:00:00+00:00;HTHEDGE/USD;3363,50000000;3530,00000000;3207,50000000;3444,50000000;2,35
2020-04-29T00:00:00+00:00;HTHEDGE/USD;3592,00000000;3592,00000000;3319,00000000;3363,50000000;-6,79
2020-04-28T00:00:00+00:00;HTHEDGE/USD;3566,50000000;4040,00000000;3564,50000000;3585,00000000;0,52
2020-04-27T00:00:00+00:00;HTHEDGE/USD;3597,50000000;4073,00000000;3532,00000000;3566,50000000;-0,87
2020-04-26T00:00:00+00:00;HTHEDGE/USD;3660,50000000;3686,50000000;3547,00000000;3598,50000000;-1,72
2020-04-25T00:00:00+00:00;HTHEDGE/USD;3646,00000000;3829,50000000;3598,00000000;3660,50000000;0,4
2020-04-24T00:00:00+00:00;HTHEDGE/USD;3683,00000000;3822,50000000;3609,00000000;3646,00000000;-1,01
2020-04-23T00:00:00+00:00;HTHEDGE/USD;3769,00000000;3906,00000000;3565,00000000;3683,00000000;-2,34
2020-04-22T00:00:00+00:00;HTHEDGE/USD;3929,00000000;3957,50000000;3737,00000000;3769,00000000;-4,25
2020-04-21T00:00:00+00:00;HTHEDGE/USD;3909,00000000;4007,00000000;3852,50000000;3929,00000000;0,51
2020-04-20T00:00:00+00:00;HTHEDGE/USD;3774,50000000;3947,50000000;3720,50000000;3909,00000000;3,44
2020-04-19T00:00:00+00:00;HTHEDGE/USD;3690,00000000;3821,50000000;3681,50000000;3774,50000000;2,24
2020-04-18T00:00:00+00:00;HTHEDGE/USD;3834,00000000;3853,50000000;3661,50000000;3690,00000000;-3,9
2020-04-17T00:00:00+00:00;HTHEDGE/USD;3807,00000000;3979,00000000;3776,00000000;3834,00000000;0,7
2020-04-16T00:00:00+00:00;HTHEDGE/USD;4024,00000000;4124,50000000;3753,00000000;3807,00000000;-5,7
2020-04-15T00:00:00+00:00;HTHEDGE/USD;3937,00000000;4034,50000000;3801,50000000;4024,00000000;2,16
2020-04-14T00:00:00+00:00;HTHEDGE/USD;3949,50000000;4007,00000000;3847,50000000;3937,00000000;-0,32
2020-04-13T00:00:00+00:00;HTHEDGE/USD;3949,50000000;4099,50000000;3932,00000000;3949,50000000;0,0
2020-04-12T00:00:00+00:00;HTHEDGE/USD;3983,00000000;4038,00000000;3776,00000000;3949,50000000;-0,85
2020-04-11T00:00:00+00:00;HTHEDGE/USD;4059,00000000;4110,00000000;3953,00000000;3983,00000000;-1,91
2020-04-10T00:00:00+00:00;HTHEDGE/USD;3813,00000000;4170,00000000;3811,00000000;4059,00000000;6,06
2020-04-09T00:00:00+00:00;HTHEDGE/USD;3747,50000000;3841,50000000;3744,50000000;3813,00000000;1,72
2020-04-08T00:00:00+00:00;HTHEDGE/USD;3823,00000000;3848,50000000;3715,00000000;3747,50000000;-2,01
2020-04-07T00:00:00+00:00;HTHEDGE/USD;3765,50000000;3876,50000000;3683,00000000;3823,00000000;1,5
2020-04-06T00:00:00+00:00;HTHEDGE/USD;4044,00000000;4057,00000000;3756,50000000;3765,50000000;-7,4
2020-04-05T00:00:00+00:00;HTHEDGE/USD;4050,00000000;4106,50000000;3975,00000000;4044,00000000;-0,15
2020-04-04T00:00:00+00:00;HTHEDGE/USD;4229,50000000;4279,00000000;4043,00000000;4050,00000000;-4,43
2020-04-03T00:00:00+00:00;HTHEDGE/USD;4363,50000000;4381,50000000;4170,00000000;4229,50000000;-3,17
2020-04-02T00:00:00+00:00;HTHEDGE/USD;4467,00000000;4837,50000000;4193,00000000;4363,50000000;-2,37
2020-04-01T00:00:00+00:00;HTHEDGE/USD;4566,50000000;4837,50000000;4453,00000000;4467,00000000;-2,23
2020-03-31T00:00:00+00:00;HTHEDGE/USD;4622,50000000;4837,50000000;4535,00000000;4566,50000000;-1,23
2020-03-30T00:00:00+00:00;HTHEDGE/USD;4931,50000000;4966,50000000;4527,00000000;4622,50000000;-6,68
2020-03-29T00:00:00+00:00;HTHEDGE/USD;4728,00000000;4949,50000000;4709,00000000;4931,50000000;4,13
2020-03-28T00:00:00+00:00;HTHEDGE/USD;4728,50000000;4859,50000000;4642,00000000;4728,00000000;-0,01
2020-03-27T00:00:00+00:00;HTHEDGE/USD;4536,50000000;4837,50000000;4499,00000000;4728,50000000;4,06
2020-03-26T00:00:00+00:00;HTHEDGE/USD;4610,50000000;4837,50000000;4534,50000000;4536,50000000;-1,63
2020-03-25T00:00:00+00:00;HTHEDGE/USD;4526,00000000;4694,00000000;4474,00000000;4610,50000000;1,83
2020-03-24T00:00:00+00:00;HTHEDGE/USD;4649,50000000;4719,00000000;4507,50000000;4526,00000000;-2,73
2020-03-23T00:00:00+00:00;HTHEDGE/USD;4975,00000000;5029,00000000;4567,50000000;4639,00000000;-7,24
2020-03-22T00:00:00+00:00;HTHEDGE/USD;4684,50000000;4993,00000000;4606,50000000;4975,00000000;5,84
2020-03-21T00:00:00+00:00;HTHEDGE/USD;4825,50000000;4962,00000000;4596,00000000;4672,50000000;-3,27
2020-03-20T00:00:00+00:00;HTHEDGE/USD;4800,00000000;5085,50000000;4351,00000000;4825,50000000;0,53
2020-03-19T00:00:00+00:00;HTHEDGE/USD;5318,50000000;5445,00000000;4600,50000000;4800,00000000;-10,8
2020-03-18T00:00:00+00:00;HTHEDGE/USD;5423,00000000;5684,50000000;5229,50000000;5318,50000000;-1,96
2020-03-17T00:00:00+00:00;HTHEDGE/USD;5643,00000000;5707,50000000;5286,50000000;5423,00000000;-4,06
2020-03-16T00:00:00+00:00;HTHEDGE/USD;5286,50000000;6134,00000000;5286,50000000;5643,00000000;6,32
2020-03-15T00:00:00+00:00;HTHEDGE/USD;5801,00000000;5828,00000000;5097,50000000;5286,50000000;-9,73
2020-03-14T00:00:00+00:00;HTHEDGE/USD;5575,50000000;5887,00000000;5380,00000000;5797,50000000;3,83
2020-03-13T00:00:00+00:00;HTHEDGE/USD;7112,00000000;8800,00000000;5322,50000000;5575,50000000;-27,56
2020-03-12T00:00:00+00:00;HTHEDGE/USD;5080,00000000;7290,00000000;5051,50000000;7112,00000000;28,57
2020-03-11T00:00:00+00:00;HTHEDGE/USD;5057,00000000;5286,50000000;4971,00000000;5080,00000000;0,45
2020-03-10T00:00:00+00:00;HTHEDGE/USD;4992,00000000;5215,50000000;4894,50000000;5059,50000000;1,33
2020-03-09T00:00:00+00:00;HTHEDGE/USD;4859,00000000;5286,50000000;4759,00000000;4990,00000000;2,63
2020-03-08T00:00:00+00:00;HTHEDGE/USD;4416,00000000;4878,00000000;4416,00000000;4861,50000000;9,16
2020-03-07T00:00:00+00:00;HTHEDGE/USD;4305,50000000;4445,50000000;4289,50000000;4416,00000000;2,5
2020-03-06T00:00:00+00:00;HTHEDGE/USD;4377,50000000;4421,50000000;4292,00000000;4305,50000000;-1,67
2020-03-05T00:00:00+00:00;HTHEDGE/USD;4432,00000000;4442,50000000;4287,50000000;4377,50000000;-1,25
2020-03-04T00:00:00+00:00;HTHEDGE/USD;4458,00000000;4517,50000000;4351,50000000;4432,00000000;-0,59
2020-03-03T00:00:00+00:00;HTHEDGE/USD;4308,00000000;4516,00000000;4305,00000000;4458,00000000;3,36
2020-03-02T00:00:00+00:00;HTHEDGE/USD;4520,00000000;4553,50000000;4293,50000000;4308,00000000;-4,92
2020-03-01T00:00:00+00:00;HTHEDGE/USD;4348,50000000;4640,00000000;4156,50000000;4520,00000000;3,79
2020-02-29T00:00:00+00:00;HTHEDGE/USD;4582,50000000;4590,50000000;3853,50000000;4347,50000000;-5,41
2020-02-28T00:00:00+00:00;HTHEDGE/USD;5156,50000000;5324,00000000;4407,50000000;4582,50000000;-12,53
2020-02-27T00:00:00+00:00;HTHEDGE/USD;5379,00000000;5598,00000000;5019,50000000;5156,50000000;-4,31
2020-02-26T00:00:00+00:00;HTHEDGE/USD;5188,50000000;5605,50000000;5133,00000000;5379,00000000;3,54
2020-02-25T00:00:00+00:00;HTHEDGE/USD;4741,00000000;5248,50000000;4734,00000000;5188,50000000;8,62
2020-02-24T00:00:00+00:00;HTHEDGE/USD;4625,50000000;4874,50000000;4600,00000000;4741,00000000;2,44
2020-02-23T00:00:00+00:00;HTHEDGE/USD;4918,50000000;4920,50000000;4605,50000000;4625,50000000;-6,33
2020-02-22T00:00:00+00:00;HTHEDGE/USD;4666,50000000;4923,00000000;4658,50000000;4918,50000000;5,12
2020-02-21T00:00:00+00:00;HTHEDGE/USD;4691,50000000;4754,00000000;4620,00000000;4666,50000000;-0,54
2020-02-20T00:00:00+00:00;HTHEDGE/USD;4643,50000000;4939,00000000;4547,00000000;4690,00000000;0,99
2020-02-19T00:00:00+00:00;HTHEDGE/USD;4449,00000000;4647,75000000;4308,00000000;4639,50000000;4,11
2020-02-18T00:00:00+00:00;HTHEDGE/USD;4650,50000000;4829,25000000;4429,00000000;4449,75000000;-4,51
2020-02-17T00:00:00+00:00;HTHEDGE/USD;4420,25000000;4926,25000000;4384,50000000;4650,50000000;4,95
2020-02-16T00:00:00+00:00;HTHEDGE/USD;4535,25000000;4873,50000000;4145,00000000;4419,75000000;-2,61
2020-02-15T00:00:00+00:00;HTHEDGE/USD;4362,25000000;4615,75000000;4153,00000000;4535,25000000;3,81
2020-02-14T00:00:00+00:00;HTHEDGE/USD;4619,25000000;4654,25000000;4313,50000000;4362,25000000;-5,89
2020-02-13T00:00:00+00:00;HTHEDGE/USD;4479,25000000;4754,00000000;4355,50000000;4619,25000000;3,03
2020-02-12T00:00:00+00:00;HTHEDGE/USD;4694,75000000;4758,50000000;4443,75000000;4479,25000000;-4,81
2020-02-11T00:00:00+00:00;HTHEDGE/USD;4673,75000000;4956,50000000;4580,00000000;4694,75000000;0,45
2020-02-10T00:00:00+00:00;HTHEDGE/USD;5604,00000000;5764,75000000;4511,50000000;4673,75000000;-19,9
2020-02-09T00:00:00+00:00;HTHEDGE/USD;5791,25000000;5799,00000000;5531,00000000;5604,00000000;-3,34
2020-02-08T00:00:00+00:00;HTHEDGE/USD;5668,25000000;5880,00000000;5639,50000000;5791,25000000;2,12
2020-02-07T00:00:00+00:00;HTHEDGE/USD;5918,75000000;5930,50000000;5512,00000000;5668,25000000;-4,42
2020-02-06T00:00:00+00:00;HTHEDGE/USD;6158,75000000;6214,75000000;5788,25000000;5918,75000000;-4,05
2020-02-05T00:00:00+00:00;HTHEDGE/USD;6453,50000000;6485,00000000;6101,50000000;6158,75000000;-4,79
2020-02-04T00:00:00+00:00;HTHEDGE/USD;6405,00000000;6618,00000000;6348,25000000;6453,50000000;0,75
2020-02-03T00:00:00+00:00;HTHEDGE/USD;6348,25000000;6468,00000000;6224,00000000;6405,00000000;0,89
2020-02-02T00:00:00+00:00;HTHEDGE/USD;6314,75000000;6527,75000000;6251,75000000;6347,50000000;0,52
2020-02-01T00:00:00+00:00;HTHEDGE/USD;6352,00000000;6416,00000000;6247,25000000;6320,50000000;-0,5
2020-01-31T00:00:00+00:00;HTHEDGE/USD;6241,75000000;6501,50000000;6129,25000000;6352,00000000;1,74
2020-01-30T00:00:00+00:00;HTHEDGE/USD;6438,00000000;6527,50000000;6220,50000000;6241,75000000;-3,14
2020-01-29T00:00:00+00:00;HTHEDGE/USD;6676,75000000;6699,75000000;6286,25000000;6438,00000000;-3,71
2020-01-28T00:00:00+00:00;HTHEDGE/USD;6823,50000000;6872,25000000;6653,00000000;6678,25000000;-2,17
2020-01-27T00:00:00+00:00;HTHEDGE/USD;6909,75000000;6956,75000000;6776,00000000;6823,50000000;-1,26
2020-01-26T00:00:00+00:00;HTHEDGE/USD;7090,00000000;7115,50000000;6908,50000000;6909,75000000;-2,61
2020-01-25T00:00:00+00:00;HTHEDGE/USD;6964,75000000;7111,25000000;6953,75000000;7090,00000000;1,77
2020-01-24T00:00:00+00:00;HTHEDGE/USD;6927,75000000;7126,00000000;6884,50000000;6964,75000000;0,53
2020-01-23T00:00:00+00:00;HTHEDGE/USD;6711,75000000;7100,50000000;6706,75000000;6925,00000000;3,08
2020-01-22T00:00:00+00:00;HTHEDGE/USD;6662,00000000;6766,50000000;6600,00000000;6711,75000000;0,74
2020-01-21T00:00:00+00:00;HTHEDGE/USD;6827,75000000;6842,00000000;6577,00000000;6662,00000000;-2,49
2020-01-20T00:00:00+00:00;HTHEDGE/USD;6863,75000000;7038,00000000;6736,25000000;6827,75000000;-0,53
2020-01-19T00:00:00+00:00;HTHEDGE/USD;6735,25000000;7024,25000000;6564,25000000;6863,75000000;1,87
2020-01-18T00:00:00+00:00;HTHEDGE/USD;6621,75000000;6760,00000000;6550,75000000;6734,75000000;1,68
2020-01-17T00:00:00+00:00;HTHEDGE/USD;6663,50000000;6756,00000000;6514,75000000;6619,50000000;-0,66
2020-01-16T00:00:00+00:00;HTHEDGE/USD;6557,25000000;6855,50000000;6522,75000000;6663,50000000;1,59
2020-01-15T00:00:00+00:00;HTHEDGE/USD;6650,75000000;6957,75000000;6400,00000000;6553,75000000;-1,48
2020-01-14T00:00:00+00:00;HTHEDGE/USD;7102,50000000;7105,00000000;6531,75000000;6649,25000000;-6,82
2020-01-13T00:00:00+00:00;HTHEDGE/USD;6979,75000000;7180,25000000;6958,75000000;7102,50000000;1,73
2020-01-12T00:00:00+00:00;HTHEDGE/USD;6823,25000000;7017,25000000;6727,25000000;6980,75000000;2,26
2020-01-11T00:00:00+00:00;HTHEDGE/USD;6912,75000000;7011,50000000;6612,75000000;6822,00000000;-1,33
2020-01-10T00:00:00+00:00;HTHEDGE/USD;7054,00000000;7249,50000000;6891,00000000;6913,50000000;-2,03
2020-01-09T00:00:00+00:00;HTHEDGE/USD;7013,50000000;7241,00000000;7011,00000000;7054,00000000;0,57
2020-01-08T00:00:00+00:00;HTHEDGE/USD;6852,25000000;7132,75000000;6689,25000000;7011,75000000;2,27
2020-01-07T00:00:00+00:00;HTHEDGE/USD;7068,00000000;7136,75000000;6801,00000000;6852,25000000;-3,15

