DATE/TIME;SYMBOL;OPEN;HIGH;LOW;CLOSE;EVOL % CLOSE/HIGH
2022-01-05T00:00:00+00:00;ETHBEAR/USD;0,00000006;0,00000006;0,00000006;0,00000006;0,0
2022-01-04T00:00:00+00:00;ETHBEAR/USD;0,00000007;0,00000007;0,00000005;0,00000006;-16,67
2022-01-03T00:00:00+00:00;ETHBEAR/USD;0,00000006;0,00000007;0,00000006;0,00000007;14,29
2022-01-02T00:00:00+00:00;ETHBEAR/USD;0,00000007;0,00000007;0,00000006;0,00000006;-16,67
2022-01-01T00:00:00+00:00;ETHBEAR/USD;0,00000007;0,00000007;0,00000006;0,00000007;0,0
2021-12-31T00:00:00+00:00;ETHBEAR/USD;0,00000007;0,00000007;0,00000007;0,00000007;0,0
2021-12-30T00:00:00+00:00;ETHBEAR/USD;0,00000007;0,00000007;0,00000007;0,00000007;0,0
2021-12-29T00:00:00+00:00;ETHBEAR/USD;0,00000007;0,00000007;0,00000007;0,00000007;0,0
2021-12-28T00:00:00+00:00;ETHBEAR/USD;0,00000007;0,00000007;0,00000007;0,00000007;0,0
2021-12-27T00:00:00+00:00;ETHBEAR/USD;0,00000007;0,00000007;0,00000007;0,00000007;0,0
2021-12-26T00:00:00+00:00;ETHBEAR/USD;0,00000007;0,00000007;0,00000007;0,00000007;0,0
2021-12-25T00:00:00+00:00;ETHBEAR/USD;0,00000007;0,00000007;0,00000007;0,00000007;0,0
2021-12-24T00:00:00+00:00;ETHBEAR/USD;0,00000007;0,00000007;0,00000007;0,00000007;0,0
2021-12-23T00:00:00+00:00;ETHBEAR/USD;0,00000007;0,00000007;0,00000007;0,00000007;0,0
2021-12-22T00:00:00+00:00;ETHBEAR/USD;0,00000007;0,00000007;0,00000007;0,00000007;0,0
2021-12-21T00:00:00+00:00;ETHBEAR/USD;0,00000007;0,00000007;0,00000007;0,00000007;0,0
2021-12-20T00:00:00+00:00;ETHBEAR/USD;0,00000007;0,00000007;0,00000007;0,00000007;0,0
2021-12-19T00:00:00+00:00;ETHBEAR/USD;0,00000007;0,00000007;0,00000007;0,00000007;0,0
2021-12-18T00:00:00+00:00;ETHBEAR/USD;0,00000007;0,00000007;0,00000007;0,00000007;0,0
2021-12-17T00:00:00+00:00;ETHBEAR/USD;0,00000007;0,00000007;0,00000007;0,00000007;0,0
2021-12-16T00:00:00+00:00;ETHBEAR/USD;0,00000007;0,00000007;0,00000007;0,00000007;0,0
2021-12-15T00:00:00+00:00;ETHBEAR/USD;0,00000007;0,00000007;0,00000007;0,00000007;0,0
2021-12-14T00:00:00+00:00;ETHBEAR/USD;0,00000007;0,00000007;0,00000007;0,00000007;0,0
2021-12-13T00:00:00+00:00;ETHBEAR/USD;0,00000007;0,00000007;0,00000007;0,00000007;0,0
2021-12-12T00:00:00+00:00;ETHBEAR/USD;0,00000007;0,00000007;0,00000007;0,00000007;0,0
2021-12-11T00:00:00+00:00;ETHBEAR/USD;0,00000007;0,00000007;0,00000007;0,00000007;0,0
2021-12-10T00:00:00+00:00;ETHBEAR/USD;0,00000007;0,00000007;0,00000007;0,00000007;0,0
2021-12-09T00:00:00+00:00;ETHBEAR/USD;0,00000007;0,00000007;0,00000007;0,00000007;0,0
2021-12-08T00:00:00+00:00;ETHBEAR/USD;0,00000007;0,00000007;0,00000007;0,00000007;0,0
2021-12-07T00:00:00+00:00;ETHBEAR/USD;0,00000007;0,00000007;0,00000007;0,00000007;0,0
2021-12-06T00:00:00+00:00;ETHBEAR/USD;0,00000006;0,00000007;0,00000006;0,00000007;14,29
2021-12-05T00:00:00+00:00;ETHBEAR/USD;0,00000006;0,00000006;0,00000006;0,00000006;0,0
2021-12-04T00:00:00+00:00;ETHBEAR/USD;0,00000006;0,00000009;0,00000006;0,00000006;0,0
2021-12-03T00:00:00+00:00;ETHBEAR/USD;0,00000006;0,00000007;0,00000006;0,00000006;0,0
2021-12-02T00:00:00+00:00;ETHBEAR/USD;0,00000006;0,00000007;0,00000006;0,00000006;0,0
2021-12-01T00:00:00+00:00;ETHBEAR/USD;0,00000006;0,00000007;0,00000006;0,00000006;0,0
2021-11-30T00:00:00+00:00;ETHBEAR/USD;0,00000007;0,00000008;0,00000006;0,00000006;-16,67
2021-11-29T00:00:00+00:00;ETHBEAR/USD;0,00000007;0,00000008;0,00000007;0,00000007;0,0
2021-11-28T00:00:00+00:00;ETHBEAR/USD;0,00000007;0,00000008;0,00000007;0,00000007;0,0
2021-11-27T00:00:00+00:00;ETHBEAR/USD;0,00000007;0,00000008;0,00000007;0,00000007;0,0
2021-11-26T00:00:00+00:00;ETHBEAR/USD;0,00000006;0,00000008;0,00000006;0,00000007;14,29
2021-11-25T00:00:00+00:00;ETHBEAR/USD;0,00000007;0,00000007;0,00000006;0,00000006;-16,67
2021-11-24T00:00:00+00:00;ETHBEAR/USD;0,00000006;0,00000008;0,00000006;0,00000007;14,29
2021-11-23T00:00:00+00:00;ETHBEAR/USD;0,00000007;0,00000008;0,00000005;0,00000006;-16,67
2021-11-22T00:00:00+00:00;ETHBEAR/USD;0,00000007;0,00000008;0,00000006;0,00000007;0,0
2021-11-21T00:00:00+00:00;ETHBEAR/USD;0,00000006;0,00000007;0,00000005;0,00000007;14,29
2021-11-20T00:00:00+00:00;ETHBEAR/USD;0,00000006;0,00000008;0,00000005;0,00000006;0,0
2021-11-19T00:00:00+00:00;ETHBEAR/USD;0,00000007;0,00000008;0,00000006;0,00000006;-16,67
2021-11-18T00:00:00+00:00;ETHBEAR/USD;0,00000007;0,00000008;0,00000006;0,00000007;0,0
2021-11-17T00:00:00+00:00;ETHBEAR/USD;0,00000006;0,00000008;0,00000006;0,00000007;14,29
2021-11-16T00:00:00+00:00;ETHBEAR/USD;0,00000006;0,00000008;0,00000006;0,00000006;0,0
2021-11-15T00:00:00+00:00;ETHBEAR/USD;0,00000006;0,00000006;0,00000005;0,00000006;0,0
2021-11-14T00:00:00+00:00;ETHBEAR/USD;0,00000006;0,00000006;0,00000005;0,00000006;0,0
2021-11-13T00:00:00+00:00;ETHBEAR/USD;0,00000006;0,00000006;0,00000005;0,00000006;0,0
2021-11-12T00:00:00+00:00;ETHBEAR/USD;0,00000004;0,00000006;0,00000004;0,00000006;33,33
2021-11-11T00:00:00+00:00;ETHBEAR/USD;0,00000006;0,00000006;0,00000004;0,00000004;-50,0
2021-11-10T00:00:00+00:00;ETHBEAR/USD;0,00000005;0,00000006;0,00000004;0,00000006;16,67
2021-11-09T00:00:00+00:00;ETHBEAR/USD;0,00000005;0,00000006;0,00000004;0,00000005;0,0
2021-11-08T00:00:00+00:00;ETHBEAR/USD;0,00000006;0,00000006;0,00000004;0,00000005;-20,0
2021-11-07T00:00:00+00:00;ETHBEAR/USD;0,00000006;0,00000006;0,00000005;0,00000006;0,0
2021-11-06T00:00:00+00:00;ETHBEAR/USD;0,00000006;0,00000007;0,00000006;0,00000006;0,0
2021-11-05T00:00:00+00:00;ETHBEAR/USD;0,00000006;0,00000007;0,00000005;0,00000006;0,0
2021-11-04T00:00:00+00:00;ETHBEAR/USD;0,00000006;0,00000007;0,00000005;0,00000006;0,0
2021-11-03T00:00:00+00:00;ETHBEAR/USD;0,00000006;0,00000007;0,00000005;0,00000006;0,0
2021-11-02T00:00:00+00:00;ETHBEAR/USD;0,00000007;0,00000007;0,00000005;0,00000006;-16,67
2021-11-01T00:00:00+00:00;ETHBEAR/USD;0,00000007;0,00000008;0,00000006;0,00000007;0,0
2021-10-31T00:00:00+00:00;ETHBEAR/USD;0,00000006;0,00000008;0,00000006;0,00000007;14,29
2021-10-30T00:00:00+00:00;ETHBEAR/USD;0,00000007;0,00000008;0,00000006;0,00000006;-16,67
2021-10-29T00:00:00+00:00;ETHBEAR/USD;0,00000008;0,00000008;0,00000006;0,00000007;-14,29
2021-10-28T00:00:00+00:00;ETHBEAR/USD;0,00000010;0,00000010;0,00000007;0,00000008;-25,0
2021-10-27T00:00:00+00:00;ETHBEAR/USD;0,00000009;0,00000010;0,00000007;0,00000010;10,0
2021-10-26T00:00:00+00:00;ETHBEAR/USD;0,00000008;0,00000009;0,00000007;0,00000009;11,11
2021-10-25T00:00:00+00:00;ETHBEAR/USD;0,00000009;0,00000009;0,00000007;0,00000008;-12,5
2021-10-24T00:00:00+00:00;ETHBEAR/USD;0,00000009;0,00000010;0,00000008;0,00000009;0,0
2021-10-23T00:00:00+00:00;ETHBEAR/USD;0,00000010;0,00000012;0,00000008;0,00000009;-11,11
2021-10-22T00:00:00+00:00;ETHBEAR/USD;0,00000009;0,00000010;0,00000008;0,00000010;10,0
2021-10-21T00:00:00+00:00;ETHBEAR/USD;0,00000009;0,00000009;0,00000006;0,00000009;0,0
2021-10-20T00:00:00+00:00;ETHBEAR/USD;0,00000011;0,00000011;0,00000008;0,00000009;-22,22
2021-10-19T00:00:00+00:00;ETHBEAR/USD;0,00000012;0,00000012;0,00000010;0,00000011;-9,09
2021-10-18T00:00:00+00:00;ETHBEAR/USD;0,00000011;0,00000013;0,00000011;0,00000012;8,33
2021-10-17T00:00:00+00:00;ETHBEAR/USD;0,00000011;0,00000013;0,00000010;0,00000011;0,0
2021-10-16T00:00:00+00:00;ETHBEAR/USD;0,00000011;0,00000012;0,00000010;0,00000011;0,0
2021-10-15T00:00:00+00:00;ETHBEAR/USD;0,00000012;0,00000012;0,00000010;0,00000011;-9,09
2021-10-14T00:00:00+00:00;ETHBEAR/USD;0,00000013;0,00000014;0,00000011;0,00000012;-8,33
2021-10-13T00:00:00+00:00;ETHBEAR/USD;0,00000014;0,00000016;0,00000013;0,00000013;-7,69
2021-10-12T00:00:00+00:00;ETHBEAR/USD;0,00000014;0,00000016;0,00000014;0,00000014;0,0
2021-10-11T00:00:00+00:00;ETHBEAR/USD;0,00000016;0,00000017;0,00000013;0,00000014;-14,29
2021-10-10T00:00:00+00:00;ETHBEAR/USD;0,00000015;0,00000017;0,00000014;0,00000016;6,25
2021-10-09T00:00:00+00:00;ETHBEAR/USD;0,00000015;0,00000015;0,00000014;0,00000015;0,0
2021-10-08T00:00:00+00:00;ETHBEAR/USD;0,00000014;0,00000015;0,00000013;0,00000015;6,67
2021-10-07T00:00:00+00:00;ETHBEAR/USD;0,00000015;0,00000016;0,00000013;0,00000014;-7,14
2021-10-06T00:00:00+00:00;ETHBEAR/USD;0,00000015;0,00000018;0,00000014;0,00000015;0,0
2021-10-05T00:00:00+00:00;ETHBEAR/USD;0,00000017;0,00000018;0,00000015;0,00000015;-13,33
2021-10-04T00:00:00+00:00;ETHBEAR/USD;0,00000017;0,00000019;0,00000016;0,00000017;0,0
2021-10-03T00:00:00+00:00;ETHBEAR/USD;0,00000017;0,00000018;0,00000015;0,00000017;0,0
2021-10-02T00:00:00+00:00;ETHBEAR/USD;0,00000019;0,00000020;0,00000015;0,00000017;-11,76
2021-10-01T00:00:00+00:00;ETHBEAR/USD;0,00000025;0,00000027;0,00000018;0,00000019;-31,58
2021-09-30T00:00:00+00:00;ETHBEAR/USD;0,00000031;0,00000031;0,00000024;0,00000025;-24,0
2021-09-29T00:00:00+00:00;ETHBEAR/USD;0,00000032;0,00000033;0,00000028;0,00000031;-3,23
2021-09-28T00:00:00+00:00;ETHBEAR/USD;0,00000028;0,00000033;0,00000027;0,00000032;12,5
2021-09-27T00:00:00+00:00;ETHBEAR/USD;0,00000026;0,00000028;0,00000022;0,00000028;7,14
2021-09-26T00:00:00+00:00;ETHBEAR/USD;0,00000030;0,00000036;0,00000024;0,00000026;-15,38
2021-09-25T00:00:00+00:00;ETHBEAR/USD;0,00000030;0,00000033;0,00000029;0,00000030;0,0
2021-09-24T00:00:00+00:00;ETHBEAR/USD;0,00000025;0,00000034;0,00000025;0,00000030;16,67
2021-09-23T00:00:00+00:00;ETHBEAR/USD;0,00000026;0,00000028;0,00000024;0,00000025;-4,0
2021-09-22T00:00:00+00:00;ETHBEAR/USD;0,00000039;0,00000040;0,00000026;0,00000026;-50,0
2021-09-21T00:00:00+00:00;ETHBEAR/USD;0,00000032;0,00000041;0,00000027;0,00000039;17,95
2021-09-20T00:00:00+00:00;ETHBEAR/USD;0,00000024;0,00000033;0,00000024;0,00000032;25,0
2021-09-19T00:00:00+00:00;ETHBEAR/USD;0,00000023;0,00000025;0,00000022;0,00000024;4,17
2021-09-18T00:00:00+00:00;ETHBEAR/USD;0,00000023;0,00000024;0,00000020;0,00000023;0,0
2021-09-17T00:00:00+00:00;ETHBEAR/USD;0,00000020;0,00000024;0,00000019;0,00000023;13,04
2021-09-16T00:00:00+00:00;ETHBEAR/USD;0,00000020;0,00000023;0,00000018;0,00000020;0,0
2021-09-15T00:00:00+00:00;ETHBEAR/USD;0,00000024;0,00000024;0,00000019;0,00000020;-20,0
2021-09-14T00:00:00+00:00;ETHBEAR/USD;0,00000027;0,00000027;0,00000022;0,00000024;-12,5
2021-09-13T00:00:00+00:00;ETHBEAR/USD;0,00000024;0,00000030;0,00000024;0,00000027;11,11
2021-09-12T00:00:00+00:00;ETHBEAR/USD;0,00000028;0,00000029;0,00000023;0,00000024;-16,67
2021-09-11T00:00:00+00:00;ETHBEAR/USD;0,00000029;0,00000030;0,00000025;0,00000028;-3,57
2021-09-10T00:00:00+00:00;ETHBEAR/USD;0,00000024;0,00000031;0,00000023;0,00000029;17,24
2021-09-09T00:00:00+00:00;ETHBEAR/USD;0,00000023;0,00000026;0,00000022;0,00000024;4,17
2021-09-08T00:00:00+00:00;ETHBEAR/USD;0,00000025;0,00000030;0,00000022;0,00000023;-8,7
2021-09-07T00:00:00+00:00;ETHBEAR/USD;0,00000018;0,00000030;0,00000017;0,00000025;28,0
2021-09-06T00:00:00+00:00;ETHBEAR/USD;0,00000018;0,00000019;0,00000017;0,00000018;0,0
2021-09-05T00:00:00+00:00;ETHBEAR/USD;0,00000018;0,00000020;0,00000017;0,00000018;0,0
2021-09-04T00:00:00+00:00;ETHBEAR/USD;0,00000018;0,00000020;0,00000017;0,00000018;0,0
2021-09-03T00:00:00+00:00;ETHBEAR/USD;0,00000020;0,00000022;0,00000016;0,00000018;-11,11
2021-09-02T00:00:00+00:00;ETHBEAR/USD;0,00000020;0,00000022;0,00000019;0,00000020;0,0
2021-09-01T00:00:00+00:00;ETHBEAR/USD;0,00000029;0,00000030;0,00000019;0,00000020;-45,0
2021-08-31T00:00:00+00:00;ETHBEAR/USD;0,00000035;0,00000037;0,00000027;0,00000029;-20,69
2021-08-30T00:00:00+00:00;ETHBEAR/USD;0,00000035;0,00000038;0,00000031;0,00000035;0,0
2021-08-29T00:00:00+00:00;ETHBEAR/USD;0,00000035;0,00000038;0,00000033;0,00000035;0,0
2021-08-28T00:00:00+00:00;ETHBEAR/USD;0,00000034;0,00000036;0,00000034;0,00000035;2,86
2021-08-27T00:00:00+00:00;ETHBEAR/USD;0,00000040;0,00000042;0,00000034;0,00000034;-17,65
2021-08-26T00:00:00+00:00;ETHBEAR/USD;0,00000036;0,00000042;0,00000036;0,00000040;10,0
2021-08-25T00:00:00+00:00;ETHBEAR/USD;0,00000038;0,00000041;0,00000035;0,00000036;-5,56
2021-08-24T00:00:00+00:00;ETHBEAR/USD;0,00000034;0,00000039;0,00000032;0,00000038;10,53
2021-08-23T00:00:00+00:00;ETHBEAR/USD;0,00000036;0,00000037;0,00000032;0,00000034;-5,88
2021-08-22T00:00:00+00:00;ETHBEAR/USD;0,00000037;0,00000040;0,00000035;0,00000036;-2,78
2021-08-21T00:00:00+00:00;ETHBEAR/USD;0,00000035;0,00000038;0,00000034;0,00000037;5,41
2021-08-20T00:00:00+00:00;ETHBEAR/USD;0,00000038;0,00000039;0,00000034;0,00000035;-8,57
2021-08-19T00:00:00+00:00;ETHBEAR/USD;0,00000046;0,00000049;0,00000038;0,00000038;-21,05
2021-08-18T00:00:00+00:00;ETHBEAR/USD;0,00000047;0,00000048;0,00000041;0,00000046;-2,17
2021-08-17T00:00:00+00:00;ETHBEAR/USD;0,00000040;0,00000051;0,00000036;0,00000047;14,89
2021-08-16T00:00:00+00:00;ETHBEAR/USD;0,00000036;0,00000041;0,00000034;0,00000040;10,0
2021-08-15T00:00:00+00:00;ETHBEAR/USD;0,00000037;0,00000043;0,00000036;0,00000036;-2,78
2021-08-14T00:00:00+00:00;ETHBEAR/USD;0,00000036;0,00000039;0,00000035;0,00000037;2,7
2021-08-13T00:00:00+00:00;ETHBEAR/USD;0,00000048;0,00000048;0,00000036;0,00000036;-33,33
2021-08-12T00:00:00+00:00;ETHBEAR/USD;0,00000042;0,00000050;0,00000039;0,00000048;12,5
2021-08-11T00:00:00+00:00;ETHBEAR/USD;0,00000044;0,00000045;0,00000038;0,00000042;-4,76
2021-08-10T00:00:00+00:00;ETHBEAR/USD;0,00000043;0,00000047;0,00000037;0,00000044;2,27
2021-08-09T00:00:00+00:00;ETHBEAR/USD;0,00000049;0,00000056;0,00000041;0,00000043;-13,95
2021-08-08T00:00:00+00:00;ETHBEAR/USD;0,00000044;0,00000054;0,00000035;0,00000049;10,2
2021-08-07T00:00:00+00:00;ETHBEAR/USD;0,00000059;0,00000059;0,00000042;0,00000044;-34,09
2021-08-06T00:00:00+00:00;ETHBEAR/USD;0,00000064;0,00000070;0,00000055;0,00000059;-8,47
2021-08-05T00:00:00+00:00;ETHBEAR/USD;0,00000071;0,00000087;0,00000062;0,00000064;-10,94
2021-08-04T00:00:00+00:00;ETHBEAR/USD;0,00000093;0,00000100;0,00000067;0,00000071;-30,99
2021-08-03T00:00:00+00:00;ETHBEAR/USD;0,00000084;0,00000101;0,00000083;0,00000093;9,68
2021-08-02T00:00:00+00:00;ETHBEAR/USD;0,00000091;0,00000094;0,00000079;0,00000084;-8,33
2021-08-01T00:00:00+00:00;ETHBEAR/USD;0,00000096;0,00000098;0,00000078;0,00000091;-5,49
2021-07-31T00:00:00+00:00;ETHBEAR/USD;0,00000104;0,00000111;0,00000094;0,00000096;-8,33
2021-07-30T00:00:00+00:00;ETHBEAR/USD;0,00000118;0,00000126;0,00000104;0,00000104;-13,46
2021-07-29T00:00:00+00:00;ETHBEAR/USD;0,00000131;0,00000136;0,00000114;0,00000118;-11,02
2021-07-28T00:00:00+00:00;ETHBEAR/USD;0,00000131;0,00000140;0,00000124;0,00000131;0,0
2021-07-27T00:00:00+00:00;ETHBEAR/USD;0,00000146;0,00000160;0,00000128;0,00000131;-11,45
2021-07-26T00:00:00+00:00;ETHBEAR/USD;0,00000160;0,00000164;0,00000106;0,00000146;-9,59
2021-07-25T00:00:00+00:00;ETHBEAR/USD;0,00000161;0,00000179;0,00000159;0,00000160;-0,63
2021-07-24T00:00:00+00:00;ETHBEAR/USD;0,00000175;0,00000182;0,00000158;0,00000161;-8,7
2021-07-23T00:00:00+00:00;ETHBEAR/USD;0,00000207;0,00000216;0,00000174;0,00000175;-18,29
2021-07-22T00:00:00+00:00;ETHBEAR/USD;0,00000218;0,00000231;0,00000201;0,00000207;-5,31
2021-07-21T00:00:00+00:00;ETHBEAR/USD;0,00000318;0,00000332;0,00000202;0,00000218;-45,87
2021-07-20T00:00:00+00:00;ETHBEAR/USD;0,00000299;0,00000370;0,00000288;0,00000318;5,97
2021-07-19T00:00:00+00:00;ETHBEAR/USD;0,00000269;0,00000308;0,00000259;0,00000299;10,03
2021-07-18T00:00:00+00:00;ETHBEAR/USD;0,00000267;0,00000275;0,00000228;0,00000269;0,74
2021-07-17T00:00:00+00:00;ETHBEAR/USD;0,00000278;0,00000289;0,00000213;0,00000267;-4,12
2021-07-16T00:00:00+00:00;ETHBEAR/USD;0,00000261;0,00000291;0,00000240;0,00000278;6,12
2021-07-15T00:00:00+00:00;ETHBEAR/USD;0,00000235;0,00000274;0,00000215;0,00000261;9,96
2021-07-14T00:00:00+00:00;ETHBEAR/USD;0,00000257;0,00000286;0,00000221;0,00000235;-9,36
2021-07-13T00:00:00+00:00;ETHBEAR/USD;0,00000224;0,00000264;0,00000222;0,00000257;12,84
2021-07-12T00:00:00+00:00;ETHBEAR/USD;0,00000195;0,00000232;0,00000189;0,00000224;12,95
2021-07-11T00:00:00+00:00;ETHBEAR/USD;0,00000203;0,00000219;0,00000187;0,00000195;-4,1
2021-07-10T00:00:00+00:00;ETHBEAR/USD;0,00000193;0,00000213;0,00000183;0,00000203;4,93
2021-07-09T00:00:00+00:00;ETHBEAR/USD;0,00000205;0,00000225;0,00000184;0,00000193;-6,22
2021-07-08T00:00:00+00:00;ETHBEAR/USD;0,00000163;0,00000210;0,00000162;0,00000205;20,49
2021-07-07T00:00:00+00:00;ETHBEAR/USD;0,00000161;0,00000167;0,00000144;0,00000163;1,23
2021-07-06T00:00:00+00:00;ETHBEAR/USD;0,00000197;0,00000197;0,00000157;0,00000161;-22,36
2021-07-05T00:00:00+00:00;ETHBEAR/USD;0,00000170;0,00000204;0,00000169;0,00000197;13,71
2021-07-04T00:00:00+00:00;ETHBEAR/USD;0,00000199;0,00000207;0,00000157;0,00000170;-17,06
2021-07-03T00:00:00+00:00;ETHBEAR/USD;0,00000222;0,00000234;0,00000192;0,00000199;-11,56
2021-07-02T00:00:00+00:00;ETHBEAR/USD;0,00000238;0,00000269;0,00000218;0,00000222;-7,21
2021-07-01T00:00:00+00:00;ETHBEAR/USD;0,00000195;0,00000246;0,00000195;0,00000238;18,07
2021-06-30T00:00:00+00:00;ETHBEAR/USD;0,00000231;0,00000255;0,00000189;0,00000195;-18,46
2021-06-29T00:00:00+00:00;ETHBEAR/USD;0,00000268;0,00000271;0,00000207;0,00000231;-16,02
2021-06-28T00:00:00+00:00;ETHBEAR/USD;0,00000323;0,00000331;0,00000248;0,00000268;-20,52
2021-06-27T00:00:00+00:00;ETHBEAR/USD;0,00000422;0,00000437;0,00000322;0,00000323;-30,65
2021-06-26T00:00:00+00:00;ETHBEAR/USD;0,00000440;0,00000513;0,00000409;0,00000422;-4,27
2021-06-25T00:00:00+00:00;ETHBEAR/USD;0,00000349;0,00000460;0,00000330;0,00000440;20,68
2021-06-24T00:00:00+00:00;ETHBEAR/USD;0,00000360;0,00000404;0,00000323;0,00000350;-2,86
2021-06-23T00:00:00+00:00;ETHBEAR/USD;0,00000430;0,00000466;0,00000319;0,00000360;-19,44
2021-06-22T00:00:00+00:00;ETHBEAR/USD;0,00000425;0,00000544;0,00000350;0,00000430;1,16
2021-06-21T00:00:00+00:00;ETHBEAR/USD;0,00000292;0,00000434;0,00000284;0,00000425;31,29
2021-06-20T00:00:00+00:00;ETHBEAR/USD;0,00000329;0,00000386;0,00000278;0,00000292;-12,67
2021-06-19T00:00:00+00:00;ETHBEAR/USD;0,00000304;0,00000332;0,00000286;0,00000329;7,6
2021-06-18T00:00:00+00:00;ETHBEAR/USD;0,00000259;0,00000334;0,00000258;0,00000304;14,8
2021-06-17T00:00:00+00:00;ETHBEAR/USD;0,00000263;0,00000285;0,00000230;0,00000259;-1,54
2021-06-16T00:00:00+00:00;ETHBEAR/USD;0,00000216;0,00000265;0,00000214;0,00000263;17,87
2021-06-15T00:00:00+00:00;ETHBEAR/USD;0,00000208;0,00000224;0,00000193;0,00000216;3,7
2021-06-14T00:00:00+00:00;ETHBEAR/USD;0,00000229;0,00000239;0,00000202;0,00000208;-10,1
2021-06-13T00:00:00+00:00;ETHBEAR/USD;0,00000278;0,00000300;0,00000216;0,00000229;-21,4
2021-06-12T00:00:00+00:00;ETHBEAR/USD;0,00000286;0,00000318;0,00000249;0,00000278;-2,88
2021-06-11T00:00:00+00:00;ETHBEAR/USD;0,00000250;0,00000295;0,00000241;0,00000286;12,59
2021-06-10T00:00:00+00:00;ETHBEAR/USD;0,00000216;0,00000261;0,00000213;0,00000250;13,6
2021-06-09T00:00:00+00:00;ETHBEAR/USD;0,00000246;0,00000276;0,00000209;0,00000216;-13,89
2021-06-08T00:00:00+00:00;ETHBEAR/USD;0,00000225;0,00000297;0,00000216;0,00000246;8,54
2021-06-07T00:00:00+00:00;ETHBEAR/USD;0,00000200;0,00000231;0,00000165;0,00000225;11,11
2021-06-06T00:00:00+00:00;ETHBEAR/USD;0,00000220;0,00000223;0,00000190;0,00000200;-10,0
2021-06-05T00:00:00+00:00;ETHBEAR/USD;0,00000205;0,00000237;0,00000176;0,00000220;6,82
2021-06-04T00:00:00+00:00;ETHBEAR/USD;0,00000176;0,00000232;0,00000176;0,00000205;14,15
2021-06-03T00:00:00+00:00;ETHBEAR/USD;0,00000211;0,00000223;0,00000170;0,00000176;-19,89
2021-06-02T00:00:00+00:00;ETHBEAR/USD;0,00000232;0,00000254;0,00000188;0,00000211;-9,95
2021-06-01T00:00:00+00:00;ETHBEAR/USD;0,00000213;0,00000256;0,00000203;0,00000232;8,19
2021-05-31T00:00:00+00:00;ETHBEAR/USD;0,00000334;0,00000379;0,00000211;0,00000213;-56,81
2021-05-30T00:00:00+00:00;ETHBEAR/USD;0,00000395;0,00000446;0,00000296;0,00000334;-18,26
2021-05-29T00:00:00+00:00;ETHBEAR/USD;0,00000338;0,00000428;0,00000276;0,00000395;14,43
2021-05-28T00:00:00+00:00;ETHBEAR/USD;0,00000248;0,00000364;0,00000242;0,00000338;26,63
2021-05-27T00:00:00+00:00;ETHBEAR/USD;0,00000216;0,00000271;0,00000214;0,00000248;12,9
2021-05-26T00:00:00+00:00;ETHBEAR/USD;0,00000272;0,00000288;0,00000210;0,00000216;-25,93
2021-05-25T00:00:00+00:00;ETHBEAR/USD;0,00000291;0,00000384;0,00000255;0,00000272;-6,99
2021-05-24T00:00:00+00:00;ETHBEAR/USD;0,00000636;0,00000675;0,00000283;0,00000295;-115,59
2021-05-23T00:00:00+00:00;ETHBEAR/USD;0,00000512;0,00000893;0,00000448;0,00000636;19,5
2021-05-22T00:00:00+00:00;ETHBEAR/USD;0,00000433;0,00000582;0,00000410;0,00000512;15,43
2021-05-21T00:00:00+00:00;ETHBEAR/USD;0,00000322;0,00000540;0,00000269;0,00000433;25,64
2021-05-20T00:00:00+00:00;ETHBEAR/USD;0,00000490;0,00000667;0,00000250;0,00000322;-52,17
2021-05-19T00:00:00+00:00;ETHBEAR/USD;0,00000265;0,00000600;0,00000252;0,00000490;45,92
2021-05-18T00:00:00+00:00;ETHBEAR/USD;0,00000305;0,00000310;0,00000222;0,00000265;-15,09
2021-05-17T00:00:00+00:00;ETHBEAR/USD;0,00000244;0,00000335;0,00000240;0,00000305;20,0
2021-05-16T00:00:00+00:00;ETHBEAR/USD;0,00000244;0,00000279;0,00000180;0,00000244;0,0
2021-05-15T00:00:00+00:00;ETHBEAR/USD;0,00000186;0,00000248;0,00000167;0,00000244;23,77
2021-05-14T00:00:00+00:00;ETHBEAR/USD;0,00000255;0,00000259;0,00000172;0,00000186;-37,1
2021-05-13T00:00:00+00:00;ETHBEAR/USD;0,00000260;0,00000321;0,00000200;0,00000255;-1,96
2021-05-12T00:00:00+00:00;ETHBEAR/USD;0,00000204;0,00000267;0,00000172;0,00000260;21,54
2021-05-11T00:00:00+00:00;ETHBEAR/USD;0,00000246;0,00000280;0,00000204;0,00000204;-20,59
2021-05-10T00:00:00+00:00;ETHBEAR/USD;0,00000263;0,00000300;0,00000207;0,00000246;-6,91
2021-05-09T00:00:00+00:00;ETHBEAR/USD;0,00000268;0,00000304;0,00000252;0,00000263;-1,9
2021-05-08T00:00:00+00:00;ETHBEAR/USD;0,00000402;0,00000411;0,00000257;0,00000268;-50,0
2021-05-07T00:00:00+00:00;ETHBEAR/USD;0,00000401;0,00000445;0,00000367;0,00000402;0,25
2021-05-06T00:00:00+00:00;ETHBEAR/USD;0,00000388;0,00000439;0,00000358;0,00000401;3,24
2021-05-05T00:00:00+00:00;ETHBEAR/USD;0,00000521;0,00000536;0,00000380;0,00000388;-34,28
2021-05-04T00:00:00+00:00;ETHBEAR/USD;0,00000447;0,00000542;0,00000409;0,00000521;14,2
2021-05-03T00:00:00+00:00;ETHBEAR/USD;0,00000749;0,00000749;0,00000430;0,00000447;-67,56
2021-05-02T00:00:00+00:00;ETHBEAR/USD;0,00000748;0,00000819;0,00000718;0,00000749;0,13
2021-05-01T00:00:00+00:00;ETHBEAR/USD;0,00000925;0,00000943;0,00000741;0,00000747;-23,83
2021-04-30T00:00:00+00:00;ETHBEAR/USD;0,00000935;0,00000971;0,00000895;0,00000925;-1,08
2021-04-29T00:00:00+00:00;ETHBEAR/USD;0,00000949;0,00001024;0,00000895;0,00000935;-1,5
2021-04-28T00:00:00+00:00;ETHBEAR/USD;0,00001041;0,00001153;0,00000930;0,00000949;-9,69
2021-04-27T00:00:00+00:00;ETHBEAR/USD;0,00001226;0,00001297;0,00001019;0,00001041;-17,77
2021-04-26T00:00:00+00:00;ETHBEAR/USD;0,00001654;0,00001678;0,00001218;0,00001223;-35,24
2021-04-25T00:00:00+00:00;ETHBEAR/USD;0,00001965;0,00002089;0,00001575;0,00001654;-18,8
2021-04-24T00:00:00+00:00;ETHBEAR/USD;0,00001646;0,00002083;0,00001637;0,00001965;16,23
2021-04-23T00:00:00+00:00;ETHBEAR/USD;0,00001558;0,00002143;0,00001497;0,00001646;5,35
2021-04-22T00:00:00+00:00;ETHBEAR/USD;0,00001723;0,00001808;0,00001174;0,00001558;-10,59
2021-04-21T00:00:00+00:00;ETHBEAR/USD;0,00001779;0,00001985;0,00001476;0,00001723;-3,25
2021-04-20T00:00:00+00:00;ETHBEAR/USD;0,00002296;0,00002648;0,00001727;0,00001779;-29,06
2021-04-19T00:00:00+00:00;ETHBEAR/USD;0,00002080;0,00002523;0,00001969;0,00002289;9,13
2021-04-18T00:00:00+00:00;ETHBEAR/USD;0,00001900;0,00002802;0,00001840;0,00002080;8,65
2021-04-17T00:00:00+00:00;ETHBEAR/USD;0,00001663;0,00001900;0,00001528;0,00001900;12,47
2021-04-16T00:00:00+00:00;ETHBEAR/USD;0,00001502;0,00001879;0,00001445;0,00001663;9,68
2021-04-15T00:00:00+00:00;ETHBEAR/USD;0,00001668;0,00001722;0,00001443;0,00001502;-11,05
2021-04-14T00:00:00+00:00;ETHBEAR/USD;0,00001993;0,00002039;0,00001634;0,00001668;-19,48
2021-04-13T00:00:00+00:00;ETHBEAR/USD;0,00002557;0,00002560;0,00001947;0,00001993;-28,3
2021-04-12T00:00:00+00:00;ETHBEAR/USD;0,00002495;0,00002676;0,00002315;0,00002557;2,42
2021-04-11T00:00:00+00:00;ETHBEAR/USD;0,00002539;0,00002618;0,00002446;0,00002495;-1,76
2021-04-10T00:00:00+00:00;ETHBEAR/USD;0,00002892;0,00002931;0,00002303;0,00002539;-13,9
2021-04-09T00:00:00+00:00;ETHBEAR/USD;0,00002837;0,00002963;0,00002751;0,00002892;1,9
2021-04-08T00:00:00+00:00;ETHBEAR/USD;0,00003437;0,00003497;0,00002817;0,00002837;-21,15
2021-04-07T00:00:00+00:00;ETHBEAR/USD;0,00002814;0,00003541;0,00002759;0,00003437;18,13
2021-04-06T00:00:00+00:00;ETHBEAR/USD;0,00002835;0,00003079;0,00002640;0,00002814;-0,75
2021-04-05T00:00:00+00:00;ETHBEAR/USD;0,00002943;0,00003266;0,00002719;0,00002835;-3,81
2021-04-04T00:00:00+00:00;ETHBEAR/USD;0,00003290;0,00003418;0,00002878;0,00002943;-11,79
2021-04-03T00:00:00+00:00;ETHBEAR/USD;0,00002790;0,00003324;0,00002770;0,00003290;15,2
2021-04-02T00:00:00+00:00;ETHBEAR/USD;0,00003663;0,00003771;0,00002750;0,00002790;-31,29
2021-04-01T00:00:00+00:00;ETHBEAR/USD;0,00003943;0,00004093;0,00003556;0,00003663;-7,64
2021-03-31T00:00:00+00:00;ETHBEAR/USD;0,00004498;0,00004990;0,00003722;0,00003943;-14,08
2021-03-30T00:00:00+00:00;ETHBEAR/USD;0,00004669;0,00004897;0,00004356;0,00004498;-3,8
2021-03-29T00:00:00+00:00;ETHBEAR/USD;0,00006008;0,00006092;0,00004482;0,00004669;-28,68
2021-03-28T00:00:00+00:00;ETHBEAR/USD;0,00005746;0,00006250;0,00005602;0,00006008;4,36
2021-03-27T00:00:00+00:00;ETHBEAR/USD;0,00005906;0,00006185;0,00005548;0,00005746;-2,78
2021-03-26T00:00:00+00:00;ETHBEAR/USD;0,00007437;0,00007440;0,00005894;0,00005906;-25,92
2021-03-25T00:00:00+00:00;ETHBEAR/USD;0,00007547;0,00007980;0,00006942;0,00007437;-1,48
2021-03-24T00:00:00+00:00;ETHBEAR/USD;0,00006521;0,00007913;0,00005699;0,00007547;13,59
2021-03-23T00:00:00+00:00;ETHBEAR/USD;0,00006401;0,00006710;0,00005924;0,00006532;2,01
2021-03-22T00:00:00+00:00;ETHBEAR/USD;0,00005427;0,00006610;0,00005219;0,00006401;15,22
2021-03-21T00:00:00+00:00;ETHBEAR/USD;0,00005244;0,00005727;0,00005137;0,00005427;3,37
2021-03-20T00:00:00+00:00;ETHBEAR/USD;0,00005206;0,00005270;0,00004665;0,00005244;0,72
2021-03-19T00:00:00+00:00;ETHBEAR/USD;0,00005563;0,00005956;0,00004908;0,00005206;-6,86
2021-03-18T00:00:00+00:00;ETHBEAR/USD;0,00005100;0,00005692;0,00004904;0,00005563;8,32
2021-03-17T00:00:00+00:00;ETHBEAR/USD;0,00005263;0,00005835;0,00004993;0,00005100;-3,2
2021-03-16T00:00:00+00:00;ETHBEAR/USD;0,00005396;0,00006140;0,00005141;0,00005263;-2,53
2021-03-15T00:00:00+00:00;ETHBEAR/USD;0,00004936;0,00005835;0,00004582;0,00005396;8,52
2021-03-14T00:00:00+00:00;ETHBEAR/USD;0,00004400;0,00005007;0,00004323;0,00004936;10,86
2021-03-13T00:00:00+00:00;ETHBEAR/USD;0,00005870;0,00006255;0,00004230;0,00004400;-33,41
2021-03-12T00:00:00+00:00;ETHBEAR/USD;0,00005344;0,00006335;0,00005139;0,00005870;8,96
2021-03-11T00:00:00+00:00;ETHBEAR/USD;0,00005700;0,00006344;0,00005144;0,00005344;-6,66
2021-03-10T00:00:00+00:00;ETHBEAR/USD;0,00005050;0,00005949;0,00004972;0,00005700;11,4
2021-03-09T00:00:00+00:00;ETHBEAR/USD;0,00005402;0,00005647;0,00005050;0,00005050;-6,97
2021-03-08T00:00:00+00:00;ETHBEAR/USD;0,00006569;0,00007231;0,00005295;0,00005402;-21,6
2021-03-07T00:00:00+00:00;ETHBEAR/USD;0,00007634;0,00007876;0,00006495;0,00006569;-16,21
2021-03-06T00:00:00+00:00;ETHBEAR/USD;0,00009845;0,00010182;0,00007329;0,00007634;-28,96
2021-03-05T00:00:00+00:00;ETHBEAR/USD;0,00009700;0,00011552;0,00009496;0,00009845;1,47
2021-03-04T00:00:00+00:00;ETHBEAR/USD;0,00009160;0,00010277;0,00008165;0,00009700;5,57
2021-03-03T00:00:00+00:00;ETHBEAR/USD;0,00011090;0,00011320;0,00007635;0,00009160;-21,07
2021-03-02T00:00:00+00:00;ETHBEAR/USD;0,00009569;0,00011675;0,00008987;0,00011090;13,72
2021-03-01T00:00:00+00:00;ETHBEAR/USD;0,00013510;0,00013685;0,00009565;0,00009569;-41,19
2021-02-28T00:00:00+00:00;ETHBEAR/USD;0,00012445;0,00016820;0,00012205;0,00013515;7,92
2021-02-27T00:00:00+00:00;ETHBEAR/USD;0,00012860;0,00013450;0,00010610;0,00012440;-3,38
2021-02-26T00:00:00+00:00;ETHBEAR/USD;0,00012020;0,00013925;0,00009980;0,00012860;6,53
2021-02-25T00:00:00+00:00;ETHBEAR/USD;0,00009511;0,00012410;0,00008690;0,00012020;20,87
2021-02-24T00:00:00+00:00;ETHBEAR/USD;0,00010850;0,00012360;0,00008146;0,00009511;-14,08
2021-02-23T00:00:00+00:00;ETHBEAR/USD;0,00008110;0,00013864;0,00008032;0,00010850;25,25
2021-02-22T00:00:00+00:00;ETHBEAR/USD;0,00006510;0,00010116;0,00006480;0,00008110;19,73
2021-02-21T00:00:00+00:00;ETHBEAR/USD;0,00006719;0,00007006;0,00006000;0,00006510;-3,21
2021-02-20T00:00:00+00:00;ETHBEAR/USD;0,00006255;0,00007760;0,00005456;0,00006710;6,78
2021-02-19T00:00:00+00:00;ETHBEAR/USD;0,00006425;0,00006890;0,00006071;0,00006255;-2,72
2021-02-18T00:00:00+00:00;ETHBEAR/USD;0,00007400;0,00007400;0,00006265;0,00006425;-15,18
2021-02-17T00:00:00+00:00;ETHBEAR/USD;0,00008313;0,00009040;0,00007217;0,00007400;-12,34
2021-02-16T00:00:00+00:00;ETHBEAR/USD;0,00008320;0,00009136;0,00007607;0,00008313;-0,08
2021-02-15T00:00:00+00:00;ETHBEAR/USD;0,00008011;0,00009873;0,00007540;0,00008320;3,71
2021-02-14T00:00:00+00:00;ETHBEAR/USD;0,00007816;0,00008223;0,00007310;0,00008011;2,43
2021-02-13T00:00:00+00:00;ETHBEAR/USD;0,00007442;0,00008420;0,00007038;0,00007816;4,79
2021-02-12T00:00:00+00:00;ETHBEAR/USD;0,00008202;0,00008848;0,00007089;0,00007440;-10,24
2021-02-11T00:00:00+00:00;ETHBEAR/USD;0,00008863;0,00009485;0,00007672;0,00008202;-8,06
2021-02-10T00:00:00+00:00;ETHBEAR/USD;0,00008432;0,00009893;0,00007436;0,00008863;4,86
2021-02-09T00:00:00+00:00;ETHBEAR/USD;0,00008580;0,00009294;0,00007613;0,00008432;-1,76
2021-02-08T00:00:00+00:00;ETHBEAR/USD;0,00011535;0,00012685;0,00008160;0,00008580;-34,44
2021-02-07T00:00:00+00:00;ETHBEAR/USD;0,00010287;0,00013790;0,00010009;0,00011535;10,82
2021-02-06T00:00:00+00:00;ETHBEAR/USD;0,00009580;0,00010824;0,00009146;0,00010287;6,87
2021-02-05T00:00:00+00:00;ETHBEAR/USD;0,00012305;0,00012435;0,00008841;0,00009549;-28,86
2021-02-04T00:00:00+00:00;ETHBEAR/USD;0,00010910;0,00013000;0,00010245;0,00012305;11,34
2021-02-03T00:00:00+00:00;ETHBEAR/USD;0,00015100;0,00015100;0,00010780;0,00010910;-38,41
2021-02-02T00:00:00+00:00;ETHBEAR/USD;0,00021070;0,00021415;0,00013835;0,00015100;-39,54
2021-02-01T00:00:00+00:00;ETHBEAR/USD;0,00024700;0,00027000;0,00020900;0,00021070;-17,23
2021-01-31T00:00:00+00:00;ETHBEAR/USD;0,00021440;0,00026190;0,00021360;0,00024700;13,2
2021-01-30T00:00:00+00:00;ETHBEAR/USD;0,00021405;0,00024105;0,00020100;0,00021440;0,16
2021-01-29T00:00:00+00:00;ETHBEAR/USD;0,00024670;0,00027000;0,00018635;0,00021405;-15,25
2021-01-28T00:00:00+00:00;ETHBEAR/USD;0,00031610;0,00033000;0,00022860;0,00024670;-28,13
2021-01-27T00:00:00+00:00;ETHBEAR/USD;0,00024630;0,00033500;0,00024170;0,00031610;22,08
2021-01-26T00:00:00+00:00;ETHBEAR/USD;0,00027770;0,00032390;0,00023880;0,00024630;-12,75
2021-01-25T00:00:00+00:00;ETHBEAR/USD;0,00023710;0,00029120;0,00019390;0,00027770;14,62
2021-01-24T00:00:00+00:00;ETHBEAR/USD;0,00036340;0,00037390;0,00023365;0,00023710;-53,27
2021-01-23T00:00:00+00:00;ETHBEAR/USD;0,00036440;0,00039710;0,00032670;0,00036340;-0,28
2021-01-22T00:00:00+00:00;ETHBEAR/USD;0,00054600;0,00063800;0,00033240;0,00036440;-49,84
2021-01-21T00:00:00+00:00;ETHBEAR/USD;0,00034310;0,00056440;0,00033590;0,00054600;37,16
2021-01-20T00:00:00+00:00;ETHBEAR/USD;0,00035040;0,00045370;0,00032030;0,00034340;-2,04
2021-01-19T00:00:00+00:00;ETHBEAR/USD;0,00046490;0,00046910;0,00028970;0,00035040;-32,68
2021-01-18T00:00:00+00:00;ETHBEAR/USD;0,00049550;0,00055450;0,00046150;0,00046490;-6,58
2021-01-17T00:00:00+00:00;ETHBEAR/USD;0,00050200;0,00057900;0,00044890;0,00049550;-1,31
2021-01-16T00:00:00+00:00;ETHBEAR/USD;0,00060525;0,00063000;0,00042380;0,00050200;-20,57
2021-01-15T00:00:00+00:00;ETHBEAR/USD;0,00052000;0,00072400;0,00048950;0,00060525;14,09
2021-01-14T00:00:00+00:00;ETHBEAR/USD;0,00069925;0,00077525;0,00050000;0,00052000;-34,47
2021-01-13T00:00:00+00:00;ETHBEAR/USD;0,00090100;0,00106500;0,00068350;0,00069925;-28,85
2021-01-12T00:00:00+00:00;ETHBEAR/USD;0,00081575;0,00099575;0,00066775;0,00090100;9,46
2021-01-11T00:00:00+00:00;ETHBEAR/USD;0,00057375;0,00106200;0,00057075;0,00081575;29,67
2021-01-10T00:00:00+00:00;ETHBEAR/USD;0,00053875;0,00069420;0,00045475;0,00057375;6,1
2021-01-09T00:00:00+00:00;ETHBEAR/USD;0,00065075;0,00072100;0,00050700;0,00053875;-20,79
2021-01-08T00:00:00+00:00;ETHBEAR/USD;0,00063500;0,00088650;0,00055675;0,00065075;2,42
2021-01-07T00:00:00+00:00;ETHBEAR/USD;0,00065725;0,00075350;0,00052650;0,00063500;-3,5
2021-01-06T00:00:00+00:00;ETHBEAR/USD;0,00088875;0,00099700;0,00064900;0,00065725;-35,22
2021-01-05T00:00:00+00:00;ETHBEAR/USD;0,00107950;0,00117950;0,00081650;0,00088875;-21,46
2021-01-04T00:00:00+00:00;ETHBEAR/USD;0,00141000;0,00152350;0,00077125;0,00107950;-30,62
2021-01-03T00:00:00+00:00;ETHBEAR/USD;0,00325700;0,00331600;0,00125650;0,00141000;-130,99
2021-01-02T00:00:00+00:00;ETHBEAR/USD;0,00402000;0,00423900;0,00308400;0,00325700;-23,43
2021-01-01T00:00:00+00:00;ETHBEAR/USD;0,00389800;0,00422500;0,00369400;0,00402000;3,03
2020-12-31T00:00:00+00:00;ETHBEAR/USD;0,00367000;0,00411500;0,00361900;0,00389800;5,85
2020-12-30T00:00:00+00:00;ETHBEAR/USD;0,00398600;0,00422400;0,00356200;0,00367000;-8,61
2020-12-29T00:00:00+00:00;ETHBEAR/USD;0,00401400;0,00468000;0,00384200;0,00398600;-0,7
2020-12-28T00:00:00+00:00;ETHBEAR/USD;0,00499700;0,00505000;0,00368200;0,00401400;-24,49
2020-12-27T00:00:00+00:00;ETHBEAR/USD;0,00636250;0,00670750;0,00426700;0,00499700;-27,33
2020-12-26T00:00:00+00:00;ETHBEAR/USD;0,00668000;0,00703750;0,00585250;0,00636250;-4,99
2020-12-25T00:00:00+00:00;ETHBEAR/USD;0,00720250;0,00744750;0,00640000;0,00668000;-7,82
2020-12-24T00:00:00+00:00;ETHBEAR/USD;0,00848000;0,00934000;0,00708500;0,00720250;-17,74
2020-12-23T00:00:00+00:00;ETHBEAR/USD;0,00677750;0,00951750;0,00674250;0,00848000;20,08
2020-12-22T00:00:00+00:00;ETHBEAR/USD;0,00791250;0,00870000;0,00676250;0,00677750;-16,75
2020-12-21T00:00:00+00:00;ETHBEAR/USD;0,00693500;0,00832500;0,00658250;0,00791250;12,35
2020-12-20T00:00:00+00:00;ETHBEAR/USD;0,00628000;0,00739000;0,00621500;0,00693500;9,44
2020-12-19T00:00:00+00:00;ETHBEAR/USD;0,00638000;0,00662000;0,00592000;0,00628000;-1,59
2020-12-18T00:00:00+00:00;ETHBEAR/USD;0,00671750;0,00714250;0,00604250;0,00638000;-5,29
2020-12-17T00:00:00+00:00;ETHBEAR/USD;0,00686000;0,00722500;0,00563500;0,00671750;-2,12
2020-12-16T00:00:00+00:00;ETHBEAR/USD;0,00901000;0,00935500;0,00680750;0,00686000;-31,34
2020-12-15T00:00:00+00:00;ETHBEAR/USD;0,00913500;0,00944500;0,00857750;0,00901000;-1,39
2020-12-14T00:00:00+00:00;ETHBEAR/USD;0,00890250;0,00957000;0,00887250;0,00913500;2,55
2020-12-13T00:00:00+00:00;ETHBEAR/USD;0,01011000;0,01030500;0,00866500;0,00890250;-13,56
2020-12-12T00:00:00+00:00;ETHBEAR/USD;0,01161500;0,01168000;0,00974500;0,01011000;-14,89
2020-12-11T00:00:00+00:00;ETHBEAR/USD;0,01076500;0,01210500;0,01067500;0,01161500;7,32
2020-12-10T00:00:00+00:00;ETHBEAR/USD;0,01001500;0,01126000;0,00989000;0,01076500;6,97
2020-12-09T00:00:00+00:00;ETHBEAR/USD;0,01116000;0,01260000;0,00974500;0,01001500;-11,43
2020-12-08T00:00:00+00:00;ETHBEAR/USD;0,00936250;0,01141250;0,00921250;0,01116000;16,11
2020-12-07T00:00:00+00:00;ETHBEAR/USD;0,00891000;0,00969250;0,00885750;0,00936250;4,83
2020-12-06T00:00:00+00:00;ETHBEAR/USD;0,00916250;0,00975000;0,00864000;0,00891000;-2,83
2020-12-05T00:00:00+00:00;ETHBEAR/USD;0,01092000;0,01122500;0,00914500;0,00916250;-19,18
2020-12-04T00:00:00+00:00;ETHBEAR/USD;0,00875500;0,01097500;0,00861250;0,01092000;19,83
2020-12-03T00:00:00+00:00;ETHBEAR/USD;0,00968000;0,01020000;0,00839500;0,00875500;-10,57
2020-12-02T00:00:00+00:00;ETHBEAR/USD;0,01031500;0,01087000;0,00925500;0,00966000;-6,78
2020-12-01T00:00:00+00:00;ETHBEAR/USD;0,00892750;0,01149500;0,00804250;0,01030750;13,39
2020-11-30T00:00:00+00:00;ETHBEAR/USD;0,01127000;0,01151500;0,00892500;0,00892500;-26,27
2020-11-29T00:00:00+00:00;ETHBEAR/USD;0,01430500;0,01476500;0,01121000;0,01127000;-26,93
2020-11-28T00:00:00+00:00;ETHBEAR/USD;0,01604500;0,01708000;0,01336000;0,01430500;-12,16
2020-11-27T00:00:00+00:00;ETHBEAR/USD;0,01599000;0,01827000;0,01486500;0,01604500;0,34
2020-11-26T00:00:00+00:00;ETHBEAR/USD;0,01255000;0,01843000;0,01202000;0,01599000;21,51
2020-11-25T00:00:00+00:00;ETHBEAR/USD;0,01067000;0,01339500;0,01062000;0,01255000;14,98
2020-11-24T00:00:00+00:00;ETHBEAR/USD;0,01042000;0,01142000;0,00968250;0,01067000;2,34
2020-11-23T00:00:00+00:00;ETHBEAR/USD;0,01373500;0,01443500;0,01031500;0,01042000;-31,81
2020-11-22T00:00:00+00:00;ETHBEAR/USD;0,01440000;0,01761500;0,01203500;0,01373500;-4,84
2020-11-21T00:00:00+00:00;ETHBEAR/USD;0,01891000;0,01968000;0,01429500;0,01440000;-31,32
2020-11-20T00:00:00+00:00;ETHBEAR/USD;0,02469000;0,02473000;0,01840500;0,01891000;-30,57
2020-11-19T00:00:00+00:00;ETHBEAR/USD;0,02352000;0,02551000;0,02321500;0,02469000;4,74
2020-11-18T00:00:00+00:00;ETHBEAR/USD;0,02291000;0,02629500;0,02100000;0,02352000;2,59
2020-11-17T00:00:00+00:00;ETHBEAR/USD;0,02673000;0,02681000;0,02249000;0,02291000;-16,67
2020-11-16T00:00:00+00:00;ETHBEAR/USD;0,02920000;0,02975000;0,02568000;0,02671000;-9,32
2020-11-15T00:00:00+00:00;ETHBEAR/USD;0,02710000;0,03058000;0,02665000;0,02920000;7,19
2020-11-14T00:00:00+00:00;ETHBEAR/USD;0,02461000;0,02834000;0,02442000;0,02707000;9,09
2020-11-13T00:00:00+00:00;ETHBEAR/USD;0,02692000;0,02784000;0,02424000;0,02461000;-9,39
2020-11-12T00:00:00+00:00;ETHBEAR/USD;0,02680000;0,02882000;0,02561000;0,02692000;0,45
2020-11-11T00:00:00+00:00;ETHBEAR/USD;0,02928000;0,02937000;0,02425000;0,02680000;-9,25
2020-11-10T00:00:00+00:00;ETHBEAR/USD;0,03053000;0,03157000;0,02826000;0,02928000;-4,27
2020-11-09T00:00:00+00:00;ETHBEAR/USD;0,02860000;0,03242000;0,02755000;0,03053000;6,32
2020-11-08T00:00:00+00:00;ETHBEAR/USD;0,03303000;0,03360000;0,02728000;0,02860000;-15,49
2020-11-07T00:00:00+00:00;ETHBEAR/USD;0,02906000;0,03519000;0,02662000;0,03303000;12,02
2020-11-06T00:00:00+00:00;ETHBEAR/USD;0,03938000;0,03971000;0,02854000;0,02906000;-35,51
2020-11-05T00:00:00+00:00;ETHBEAR/USD;0,04393000;0,04587000;0,03800000;0,03938000;-11,55
2020-11-04T00:00:00+00:00;ETHBEAR/USD;0,04941000;0,05372000;0,04174000;0,04393000;-12,47
2020-11-03T00:00:00+00:00;ETHBEAR/USD;0,05145000;0,05679000;0,04861000;0,04941000;-4,13
2020-11-02T00:00:00+00:00;ETHBEAR/USD;0,04693000;0,05334000;0,04411000;0,05145000;8,79
2020-11-01T00:00:00+00:00;ETHBEAR/USD;0,05100000;0,05177000;0,04653000;0,04696000;-8,6
2020-10-31T00:00:00+00:00;ETHBEAR/USD;0,05270000;0,05347500;0,04785000;0,05100000;-3,33
2020-10-30T00:00:00+00:00;ETHBEAR/USD;0,05088000;0,05648000;0,04895000;0,05270000;3,45
2020-10-29T00:00:00+00:00;ETHBEAR/USD;0,05040000;0,05335000;0,04827000;0,05088000;0,94
2020-10-28T00:00:00+00:00;ETHBEAR/USD;0,04539000;0,05319000;0,04320000;0,05040000;9,94
2020-10-27T00:00:00+00:00;ETHBEAR/USD;0,04960000;0,05045000;0,04268000;0,04539000;-9,28
2020-10-26T00:00:00+00:00;ETHBEAR/USD;0,04513000;0,05344000;0,04333000;0,04960000;9,01
2020-10-25T00:00:00+00:00;ETHBEAR/USD;0,04303000;0,04635000;0,04135000;0,04513000;4,65
2020-10-24T00:00:00+00:00;ETHBEAR/USD;0,04392000;0,04464000;0,04150000;0,04303000;-2,07
2020-10-23T00:00:00+00:00;ETHBEAR/USD;0,04236000;0,04635000;0,04094000;0,04392000;3,55
2020-10-22T00:00:00+00:00;ETHBEAR/USD;0,05187000;0,05187000;0,04033000;0,04236000;-22,45
2020-10-21T00:00:00+00:00;ETHBEAR/USD;0,06390000;0,06420000;0,04764000;0,05187000;-23,19
2020-10-20T00:00:00+00:00;ETHBEAR/USD;0,05882500;0,06540000;0,05820000;0,06390000;7,94
2020-10-19T00:00:00+00:00;ETHBEAR/USD;0,05960000;0,06192500;0,05662500;0,05882500;-1,32
2020-10-18T00:00:00+00:00;ETHBEAR/USD;0,06477500;0,06540000;0,05947500;0,05960000;-8,68
2020-10-17T00:00:00+00:00;ETHBEAR/USD;0,06657500;0,06747500;0,06377500;0,06477500;-2,78
2020-10-16T00:00:00+00:00;ETHBEAR/USD;0,06067500;0,06870000;0,05955000;0,06657500;8,86
2020-10-15T00:00:00+00:00;ETHBEAR/USD;0,06000000;0,06430000;0,05870000;0,06067500;1,11
2020-10-14T00:00:00+00:00;ETHBEAR/USD;0,05905000;0,06280000;0,05590000;0,06000000;1,58
2020-10-13T00:00:00+00:00;ETHBEAR/USD;0,05667500;0,06200000;0,05615000;0,05905000;4,02
2020-10-12T00:00:00+00:00;ETHBEAR/USD;0,06305000;0,06752500;0,05250000;0,05667500;-11,25
2020-10-11T00:00:00+00:00;ETHBEAR/USD;0,06510000;0,06590000;0,06130000;0,06305000;-3,25
2020-10-10T00:00:00+00:00;ETHBEAR/USD;0,06795000;0,06810000;0,06045000;0,06510000;-4,38
2020-10-09T00:00:00+00:00;ETHBEAR/USD;0,07732500;0,07957500;0,06600000;0,06795000;-13,8
2020-10-08T00:00:00+00:00;ETHBEAR/USD;0,08430000;0,08962500;0,07590000;0,07732500;-9,02
2020-10-07T00:00:00+00:00;ETHBEAR/USD;0,08545000;0,09090000;0,08350000;0,08430000;-1,36
2020-10-06T00:00:00+00:00;ETHBEAR/USD;0,07682500;0,08800000;0,07612500;0,08545000;10,09
2020-10-05T00:00:00+00:00;ETHBEAR/USD;0,07800000;0,08032500;0,07560000;0,07682500;-1,53
2020-10-04T00:00:00+00:00;ETHBEAR/USD;0,08277500;0,08412500;0,07662500;0,07800000;-6,12
2020-10-03T00:00:00+00:00;ETHBEAR/USD;0,08310000;0,08435000;0,07920000;0,08277500;-0,39
2020-10-02T00:00:00+00:00;ETHBEAR/USD;0,07875000;0,09082500;0,07750000;0,08310000;5,23
2020-10-01T00:00:00+00:00;ETHBEAR/USD;0,07432500;0,08377500;0,06815000;0,07875000;5,62
2020-09-30T00:00:00+00:00;ETHBEAR/USD;0,07425000;0,07942500;0,07300000;0,07432500;0,1
2020-09-29T00:00:00+00:00;ETHBEAR/USD;0,07875000;0,08067500;0,07372500;0,07425000;-6,06
2020-09-28T00:00:00+00:00;ETHBEAR/USD;0,07640000;0,07982500;0,07000000;0,07875000;2,98
2020-09-27T00:00:00+00:00;ETHBEAR/USD;0,07860000;0,08310000;0,07315000;0,07640000;-2,88
2020-09-26T00:00:00+00:00;ETHBEAR/USD;0,08015000;0,08400000;0,07697500;0,07860000;-1,97
2020-09-25T00:00:00+00:00;ETHBEAR/USD;0,08227500;0,09010000;0,07590000;0,08015000;-2,65
2020-09-24T00:00:00+00:00;ETHBEAR/USD;0,11110000;0,11435000;0,07922500;0,08227500;-35,03
2020-09-23T00:00:00+00:00;ETHBEAR/USD;0,09170000;0,11675000;0,09155000;0,11110000;17,46
2020-09-22T00:00:00+00:00;ETHBEAR/USD;0,09582500;0,09905000;0,08930000;0,09170000;-4,5
2020-09-21T00:00:00+00:00;ETHBEAR/USD;0,07680000;0,10167500;0,07330000;0,09582500;19,85
2020-09-20T00:00:00+00:00;ETHBEAR/USD;0,06902500;0,08000000;0,06902500;0,07680000;10,12
2020-09-19T00:00:00+00:00;ETHBEAR/USD;0,06990000;0,07360000;0,06742500;0,06902500;-1,27
2020-09-18T00:00:00+00:00;ETHBEAR/USD;0,06742500;0,07432500;0,06580000;0,06990000;3,54
2020-09-17T00:00:00+00:00;ETHBEAR/USD;0,08460000;0,08560000;0,06480000;0,06742500;-25,47
2020-09-16T00:00:00+00:00;ETHBEAR/USD;0,08505000;0,09157500;0,07860000;0,08460000;-0,53
2020-09-15T00:00:00+00:00;ETHBEAR/USD;0,07715000;0,08610000;0,07390000;0,08505000;9,29
2020-09-14T00:00:00+00:00;ETHBEAR/USD;0,08527500;0,09222500;0,07210000;0,07715000;-10,53
2020-09-13T00:00:00+00:00;ETHBEAR/USD;0,07265000;0,09270000;0,07152500;0,08527500;14,81
2020-09-12T00:00:00+00:00;ETHBEAR/USD;0,08230000;0,08792500;0,07257500;0,07265000;-13,28
2020-09-11T00:00:00+00:00;ETHBEAR/USD;0,08650000;0,09462500;0,08150000;0,08230000;-5,1
2020-09-10T00:00:00+00:00;ETHBEAR/USD;0,10305000;0,10347500;0,08017500;0,08650000;-19,13
2020-09-09T00:00:00+00:00;ETHBEAR/USD;0,12055000;0,12710000;0,09625000;0,10305000;-16,98
2020-09-08T00:00:00+00:00;ETHBEAR/USD;0,10625000;0,13160000;0,10315000;0,12055000;11,86
2020-09-07T00:00:00+00:00;ETHBEAR/USD;0,10665000;0,13365000;0,10170000;0,10625000;-0,38
2020-09-06T00:00:00+00:00;ETHBEAR/USD;0,12995000;0,15005000;0,10032500;0,10665000;-21,85
2020-09-05T00:00:00+00:00;ETHBEAR/USD;0,09290000;0,14885000;0,08642500;0,12995000;28,51
2020-09-04T00:00:00+00:00;ETHBEAR/USD;0,09610000;0,11325000;0,08165000;0,09290000;-3,44
2020-09-03T00:00:00+00:00;ETHBEAR/USD;0,06930000;0,10090000;0,06375000;0,09610000;27,89
2020-09-02T00:00:00+00:00;ETHBEAR/USD;0,05647500;0,07645000;0,05432500;0,06930000;18,51
2020-09-01T00:00:00+00:00;ETHBEAR/USD;0,07692500;0,07927500;0,05115000;0,05647500;-36,21
2020-08-31T00:00:00+00:00;ETHBEAR/USD;0,07970000;0,08582500;0,07397500;0,07692500;-3,61
2020-08-30T00:00:00+00:00;ETHBEAR/USD;0,10250000;0,10250000;0,07900000;0,07970000;-28,61
2020-08-29T00:00:00+00:00;ETHBEAR/USD;0,10525000;0,10730000;0,09665000;0,10250000;-2,68
2020-08-28T00:00:00+00:00;ETHBEAR/USD;0,11650000;0,11920000;0,10280000;0,10525000;-10,69
2020-08-27T00:00:00+00:00;ETHBEAR/USD;0,11370000;0,12645000;0,10405000;0,11650000;2,4
2020-08-26T00:00:00+00:00;ETHBEAR/USD;0,11660000;0,12145000;0,10710000;0,11370000;-2,55
2020-08-25T00:00:00+00:00;ETHBEAR/USD;0,09900000;0,12650000;0,09800000;0,11660000;15,09
2020-08-24T00:00:00+00:00;ETHBEAR/USD;0,11405000;0,11650000;0,09715000;0,09900000;-15,2
2020-08-23T00:00:00+00:00;ETHBEAR/USD;0,11000000;0,11985000;0,10875000;0,11405000;3,55
2020-08-22T00:00:00+00:00;ETHBEAR/USD;0,11765000;0,12470000;0,10900000;0,11000000;-6,95
2020-08-21T00:00:00+00:00;ETHBEAR/USD;0,09752500;0,11960000;0,09557500;0,11765000;17,11
2020-08-20T00:00:00+00:00;ETHBEAR/USD;0,10370000;0,10755000;0,09540000;0,09752500;-6,33
2020-08-19T00:00:00+00:00;ETHBEAR/USD;0,09402500;0,11270000;0,09080000;0,10370000;9,33
2020-08-18T00:00:00+00:00;ETHBEAR/USD;0,08812500;0,09840000;0,08617500;0,09402500;6,27
2020-08-17T00:00:00+00:00;ETHBEAR/USD;0,08627500;0,09392500;0,07822500;0,08812500;2,1
2020-08-16T00:00:00+00:00;ETHBEAR/USD;0,08670000;0,09862500;0,08370000;0,08627500;-0,49
2020-08-15T00:00:00+00:00;ETHBEAR/USD;0,08275000;0,08862500;0,08017500;0,08670000;4,56
2020-08-14T00:00:00+00:00;ETHBEAR/USD;0,09125000;0,09505000;0,07907500;0,08300000;-9,94
2020-08-13T00:00:00+00:00;ETHBEAR/USD;0,12505000;0,13565000;0,08640000;0,09125000;-37,04
2020-08-12T00:00:00+00:00;ETHBEAR/USD;0,13480000;0,14900000;0,12320000;0,12505000;-7,8
2020-08-11T00:00:00+00:00;ETHBEAR/USD;0,11925000;0,14550000;0,11680000;0,13480000;11,54
2020-08-10T00:00:00+00:00;ETHBEAR/USD;0,12375000;0,12745000;0,11420000;0,11925000;-3,77
2020-08-09T00:00:00+00:00;ETHBEAR/USD;0,11790000;0,12900000;0,11475000;0,12375000;4,73
2020-08-08T00:00:00+00:00;ETHBEAR/USD;0,13785000;0,14070000;0,11780000;0,11790000;-16,92
2020-08-07T00:00:00+00:00;ETHBEAR/USD;0,12340000;0,15230000;0,11990000;0,13785000;10,48
2020-08-06T00:00:00+00:00;ETHBEAR/USD;0,11800000;0,12500000;0,11530000;0,12340000;4,38
2020-08-05T00:00:00+00:00;ETHBEAR/USD;0,12845000;0,13335000;0,11115000;0,11800000;-8,86
2020-08-04T00:00:00+00:00;ETHBEAR/USD;0,13100000;0,13690000;0,11410000;0,12845000;-1,99
2020-08-03T00:00:00+00:00;ETHBEAR/USD;0,15250000;0,15645000;0,11995000;0,13100000;-16,41
2020-08-02T00:00:00+00:00;ETHBEAR/USD;0,14815000;0,17000000;0,11495000;0,15250000;2,85
2020-08-01T00:00:00+00:00;ETHBEAR/USD;0,21700000;0,22195000;0,14000000;0,14815000;-46,47
2020-07-31T00:00:00+00:00;ETHBEAR/USD;0,24020000;0,25400000;0,21020000;0,21700000;-10,69
2020-07-30T00:00:00+00:00;ETHBEAR/USD;0,29060000;0,29760000;0,22500000;0,24020000;-20,98
2020-07-29T00:00:00+00:00;ETHBEAR/USD;0,29130000;0,30230000;0,26850000;0,29060000;-0,24
2020-07-28T00:00:00+00:00;ETHBEAR/USD;0,27570000;0,31750000;0,26420000;0,29130000;5,36
2020-07-27T00:00:00+00:00;ETHBEAR/USD;0,31680000;0,31680000;0,24700000;0,27570000;-14,91
2020-07-26T00:00:00+00:00;ETHBEAR/USD;0,33480000;0,35050000;0,28480000;0,31680000;-5,68
2020-07-25T00:00:00+00:00;ETHBEAR/USD;0,45000000;0,45080000;0,32110000;0,33480000;-34,41
2020-07-24T00:00:00+00:00;ETHBEAR/USD;0,47140000;0,50870000;0,40930000;0,45000000;-4,76
2020-07-23T00:00:00+00:00;ETHBEAR/USD;0,53700000;0,56750000;0,44225000;0,47140000;-13,92
2020-07-22T00:00:00+00:00;ETHBEAR/USD;0,70175000;0,73875000;0,50350000;0,53700000;-30,68
2020-07-21T00:00:00+00:00;ETHBEAR/USD;0,79900000;0,80350000;0,68900000;0,70175000;-13,86
2020-07-20T00:00:00+00:00;ETHBEAR/USD;0,76900000;0,81825000;0,76325000;0,79900000;3,75
2020-07-19T00:00:00+00:00;ETHBEAR/USD;0,80325000;0,82975000;0,76300000;0,76900000;-4,45
2020-07-18T00:00:00+00:00;ETHBEAR/USD;0,83675000;0,84050000;0,79225000;0,80325000;-4,17
2020-07-17T00:00:00+00:00;ETHBEAR/USD;0,82650000;0,84550000;0,81775000;0,83675000;1,22
2020-07-16T00:00:00+00:00;ETHBEAR/USD;0,77875000;0,86225000;0,77000000;0,82650000;5,78
2020-07-15T00:00:00+00:00;ETHBEAR/USD;0,75825000;0,79425000;0,74950000;0,77875000;2,63
2020-07-14T00:00:00+00:00;ETHBEAR/USD;0,77025000;0,79300000;0,74350000;0,75825000;-1,58
2020-07-13T00:00:00+00:00;ETHBEAR/USD;0,73725000;0,78675000;0,71500000;0,77025000;4,28
2020-07-12T00:00:00+00:00;ETHBEAR/USD;0,77200000;0,79825000;0,72550000;0,73775000;-4,64
2020-07-11T00:00:00+00:00;ETHBEAR/USD;0,75250000;0,78925000;0,74700000;0,77200000;2,53
2020-07-10T00:00:00+00:00;ETHBEAR/USD;0,74400000;0,80200000;0,74400000;0,75250000;1,13
2020-07-09T00:00:00+00:00;ETHBEAR/USD;0,70075000;0,78000000;0,69600000;0,74400000;5,81
2020-07-08T00:00:00+00:00;ETHBEAR/USD;0,77650000;0,78775000;0,68100000;0,70075000;-10,81
2020-07-07T00:00:00+00:00;ETHBEAR/USD;0,75300000;0,82000000;0,73300000;0,77650000;3,03
2020-07-06T00:00:00+00:00;ETHBEAR/USD;0,91875000;0,92650000;0,74550000;0,75300000;-22,01
2020-07-05T00:00:00+00:00;ETHBEAR/USD;0,90200000;0,96825000;0,89400000;0,91875000;1,82
2020-07-04T00:00:00+00:00;ETHBEAR/USD;0,96000000;0,96500000;0,88200000;0,90200000;-6,43
2020-07-03T00:00:00+00:00;ETHBEAR/USD;0,94350000;0,96775000;0,92000000;0,96000000;1,72
2020-07-02T00:00:00+00:00;ETHBEAR/USD;0,88900000;0,98350000;0,87550000;0,94350000;5,78
2020-07-01T00:00:00+00:00;ETHBEAR/USD;0,96100000;0,97675000;0,86700000;0,88900000;-8,1
2020-06-30T00:00:00+00:00;ETHBEAR/USD;0,93225000;0,99200000;0,92100000;0,96100000;2,99
2020-06-29T00:00:00+00:00;ETHBEAR/USD;0,97000000;1,01850000;0,90625000;0,93225000;-4,05
2020-06-28T00:00:00+00:00;ETHBEAR/USD;1,02750000;1,06900000;0,93000000;0,97000000;-5,93
2020-06-27T00:00:00+00:00;ETHBEAR/USD;0,92400000;1,09500000;0,90375000;1,02750000;10,07
2020-06-26T00:00:00+00:00;ETHBEAR/USD;0,88975000;0,94675000;0,88075000;0,92400000;3,71
2020-06-25T00:00:00+00:00;ETHBEAR/USD;0,87375000;0,94850000;0,86000000;0,88975000;1,8
2020-06-24T00:00:00+00:00;ETHBEAR/USD;0,78700000;0,90550000;0,72550000;0,87375000;9,93
2020-06-23T00:00:00+00:00;ETHBEAR/USD;0,78300000;0,80650000;0,76725000;0,78700000;0,51
2020-06-22T00:00:00+00:00;ETHBEAR/USD;0,98475000;0,99000000;0,74925000;0,78300000;-25,77
2020-06-21T00:00:00+00:00;ETHBEAR/USD;0,97175000;0,99350000;0,93975000;0,98475000;1,32
2020-06-20T00:00:00+00:00;ETHBEAR/USD;0,97375000;1,03750000;0,94925000;0,97175000;-0,21
2020-06-19T00:00:00+00:00;ETHBEAR/USD;0,94225000;0,99975000;0,93575000;0,97375000;3,23
2020-06-18T00:00:00+00:00;ETHBEAR/USD;0,91300000;0,98350000;0,90125000;0,94225000;3,1
2020-06-17T00:00:00+00:00;ETHBEAR/USD;0,89375000;0,98125000;0,87325000;0,91300000;2,11
2020-06-16T00:00:00+00:00;ETHBEAR/USD;0,94525000;0,97250000;0,88550000;0,89375000;-5,76
2020-06-15T00:00:00+00:00;ETHBEAR/USD;0,93700000;1,11000000;0,91575000;0,94525000;0,87
2020-06-14T00:00:00+00:00;ETHBEAR/USD;0,86800000;0,95750000;0,86375000;0,93700000;7,36
2020-06-13T00:00:00+00:00;ETHBEAR/USD;0,87100000;0,90375000;0,86100000;0,86800000;-0,35
2020-06-12T00:00:00+00:00;ETHBEAR/USD;0,97200000;0,99125000;0,85100000;0,87100000;-11,6
2020-06-11T00:00:00+00:00;ETHBEAR/USD;0,80000000;1,01625000;0,78000000;0,97200000;17,7
2020-06-10T00:00:00+00:00;ETHBEAR/USD;0,84200000;0,87025000;0,76700000;0,80000000;-5,25
2020-06-09T00:00:00+00:00;ETHBEAR/USD;0,81425000;0,90000000;0,78125000;0,84200000;3,3
2020-06-08T00:00:00+00:00;ETHBEAR/USD;0,83600000;0,87000000;0,80425000;0,81425000;-2,67
2020-06-07T00:00:00+00:00;ETHBEAR/USD;0,86125000;0,94275000;0,82575000;0,83600000;-3,02
2020-06-06T00:00:00+00:00;ETHBEAR/USD;0,88500000;0,91350000;0,83425000;0,86125000;-2,76
2020-06-05T00:00:00+00:00;ETHBEAR/USD;0,84725000;0,89625000;0,80125000;0,88500000;4,27
2020-06-04T00:00:00+00:00;ETHBEAR/USD;0,83525000;0,91900000;0,81350000;0,84725000;1,42
2020-06-03T00:00:00+00:00;ETHBEAR/USD;0,92125000;0,96375000;0,82800000;0,83525000;-10,3
2020-06-02T00:00:00+00:00;ETHBEAR/USD;0,80500000;1,07400000;0,76200000;0,92125000;12,62
2020-06-01T00:00:00+00:00;ETHBEAR/USD;1,03675000;1,04925000;0,77900000;0,80500000;-28,79
2020-05-31T00:00:00+00:00;ETHBEAR/USD;0,90100000;1,06150000;0,88375000;1,03675000;13,09
2020-05-30T00:00:00+00:00;ETHBEAR/USD;1,25900000;1,28850000;0,85675000;0,90100000;-39,73
2020-05-29T00:00:00+00:00;ETHBEAR/USD;1,27300000;1,30700000;1,18900000;1,25900000;-1,11
2020-05-28T00:00:00+00:00;ETHBEAR/USD;1,54350000;1,62450000;1,26500000;1,27300000;-21,25
2020-05-27T00:00:00+00:00;ETHBEAR/USD;1,74000000;1,74150000;1,54350000;1,54350000;-12,73
2020-05-26T00:00:00+00:00;ETHBEAR/USD;1,66000000;1,83750000;1,63300000;1,74000000;4,6
2020-05-25T00:00:00+00:00;ETHBEAR/USD;1,78000000;1,82350000;1,61800000;1,66000000;-7,23
2020-05-24T00:00:00+00:00;ETHBEAR/USD;1,62400000;1,78950000;1,52600000;1,78000000;8,76
2020-05-23T00:00:00+00:00;ETHBEAR/USD;1,61500000;1,66550000;1,51650000;1,62400000;0,55
2020-05-22T00:00:00+00:00;ETHBEAR/USD;1,86650000;1,93000000;1,55500000;1,61500000;-15,57
2020-05-21T00:00:00+00:00;ETHBEAR/USD;1,60700000;2,03350000;1,56800000;1,86650000;13,9
2020-05-20T00:00:00+00:00;ETHBEAR/USD;1,50250000;1,70400000;1,48500000;1,60700000;6,5
2020-05-19T00:00:00+00:00;ETHBEAR/USD;1,50550000;1,61350000;1,47800000;1,50250000;-0,2
2020-05-18T00:00:00+00:00;ETHBEAR/USD;1,69000000;1,69000000;1,44200000;1,50550000;-12,26
2020-05-17T00:00:00+00:00;ETHBEAR/USD;1,87500000;1,90000000;1,61000000;1,69000000;-10,95
2020-05-16T00:00:00+00:00;ETHBEAR/USD;2,07250000;2,10600000;1,78500000;1,87500000;-10,53
2020-05-15T00:00:00+00:00;ETHBEAR/USD;1,84550000;2,15450000;1,81500000;2,07250000;10,95
2020-05-14T00:00:00+00:00;ETHBEAR/USD;1,95100000;2,05800000;1,75200000;1,84550000;-5,72
2020-05-13T00:00:00+00:00;ETHBEAR/USD;2,33200000;2,37700000;1,90000000;1,95100000;-19,53
2020-05-12T00:00:00+00:00;ETHBEAR/USD;2,48200000;2,50000000;2,23100000;2,33200000;-6,43
2020-05-11T00:00:00+00:00;ETHBEAR/USD;2,41300000;2,89600000;2,20000000;2,48200000;2,78
2020-05-10T00:00:00+00:00;ETHBEAR/USD;1,83200000;2,72050000;1,83200000;2,41300000;24,08
2020-05-09T00:00:00+00:00;ETHBEAR/USD;1,79000000;1,86950000;1,70850000;1,83200000;2,29
2020-05-08T00:00:00+00:00;ETHBEAR/USD;1,76350000;1,89150000;1,65700000;1,79000000;1,48
2020-05-07T00:00:00+00:00;ETHBEAR/USD;2,23000000;2,30000000;1,68450000;1,76350000;-26,45
2020-05-06T00:00:00+00:00;ETHBEAR/USD;2,03950000;2,25700000;1,86500000;2,23000000;8,54
2020-05-05T00:00:00+00:00;ETHBEAR/USD;2,00100000;2,15900000;1,84500000;2,03950000;1,89
2020-05-04T00:00:00+00:00;ETHBEAR/USD;1,91400000;2,32000000;1,88550000;2,00100000;4,35
2020-05-03T00:00:00+00:00;ETHBEAR/USD;1,80250000;2,04350000;1,66500000;1,91400000;5,83
2020-05-02T00:00:00+00:00;ETHBEAR/USD;1,84800000;1,89250000;1,76200000;1,80250000;-2,52
2020-05-01T00:00:00+00:00;ETHBEAR/USD;2,02150000;2,02250000;1,68900000;1,84800000;-9,39
2020-04-30T00:00:00+00:00;ETHBEAR/USD;1,77500000;2,11500000;1,48450000;2,02150000;12,19
2020-04-29T00:00:00+00:00;ETHBEAR/USD;2,42400000;2,42400000;1,68000000;1,77500000;-36,56
2020-04-28T00:00:00+00:00;ETHBEAR/USD;2,42400000;2,57400000;2,38000000;2,42400000;0,0
2020-04-27T00:00:00+00:00;ETHBEAR/USD;2,40100000;2,68000000;2,34200000;2,42400000;0,95
2020-04-26T00:00:00+00:00;ETHBEAR/USD;2,52700000;2,60300000;2,30200000;2,40100000;-5,25
2020-04-25T00:00:00+00:00;ETHBEAR/USD;2,83200000;2,91300000;2,34100000;2,52600000;-12,11
2020-04-24T00:00:00+00:00;ETHBEAR/USD;2,92300000;2,97200000;2,72000000;2,83200000;-3,21
2020-04-23T00:00:00+00:00;ETHBEAR/USD;3,05400000;3,30900000;2,50000000;2,92300000;-4,48
2020-04-22T00:00:00+00:00;ETHBEAR/USD;3,87600000;3,93600000;3,00000000;3,05400000;-26,92
2020-04-21T00:00:00+00:00;ETHBEAR/USD;3,92400000;4,05300000;3,61900000;3,87600000;-1,24
2020-04-20T00:00:00+00:00;ETHBEAR/USD;3,38500000;4,13200000;2,98300000;3,92400000;13,74
2020-04-19T00:00:00+00:00;ETHBEAR/USD;3,01500000;3,54400000;2,98100000;3,38500000;10,93
2020-04-18T00:00:00+00:00;ETHBEAR/USD;4,17400000;4,19500000;2,91600000;3,01500000;-38,44
2020-04-17T00:00:00+00:00;ETHBEAR/USD;4,07700000;4,35000000;3,90000000;4,17400000;2,32
2020-04-16T00:00:00+00:00;ETHBEAR/USD;6,34000000;6,85250000;3,87500000;4,07700000;-55,51
2020-04-15T00:00:00+00:00;ETHBEAR/USD;5,71500000;6,41250000;5,36000000;6,34000000;9,86
2020-04-14T00:00:00+00:00;ETHBEAR/USD;5,90500000;6,01250000;5,29750000;5,71500000;-3,32
2020-04-13T00:00:00+00:00;ETHBEAR/USD;5,71250000;6,70000000;5,61750000;5,90500000;3,26
2020-04-12T00:00:00+00:00;ETHBEAR/USD;5,74500000;6,08250000;5,00250000;5,71250000;-0,57
2020-04-11T00:00:00+00:00;ETHBEAR/USD;5,81500000;6,24500000;5,45250000;5,74500000;-1,22
2020-04-10T00:00:00+00:00;ETHBEAR/USD;4,80900000;6,30000000;4,77000000;5,81500000;17,3
2020-04-09T00:00:00+00:00;ETHBEAR/USD;4,52700000;5,18000000;4,50900000;4,80900000;5,86
2020-04-08T00:00:00+00:00;ETHBEAR/USD;5,36000000;5,46500000;4,39750000;4,52500000;-18,45
2020-04-07T00:00:00+00:00;ETHBEAR/USD;4,80000000;5,59000000;4,37400000;5,36000000;10,45
2020-04-06T00:00:00+00:00;ETHBEAR/USD;9,13500000;9,18250000;4,75800000;4,80000000;-90,31
2020-04-05T00:00:00+00:00;ETHBEAR/USD;8,88500000;9,49500000;8,62750000;9,13500000;2,74
2020-04-04T00:00:00+00:00;ETHBEAR/USD;9,52500000;10,01000000;8,37000000;8,88500000;-7,2
2020-04-03T00:00:00+00:00;ETHBEAR/USD;9,55000000;10,29250000;8,43250000;9,52500000;-0,26
2020-04-02T00:00:00+00:00;ETHBEAR/USD;11,36500000;11,36500000;8,00000000;9,54750000;-19,04
2020-04-01T00:00:00+00:00;ETHBEAR/USD;12,24500000;13,40000000;10,97500000;11,36500000;-7,74
2020-03-31T00:00:00+00:00;ETHBEAR/USD;12,45500000;12,98500000;11,60000000;12,23000000;-1,84
2020-03-30T00:00:00+00:00;ETHBEAR/USD;15,81000000;15,91500000;11,57500000;12,45500000;-26,94
2020-03-29T00:00:00+00:00;ETHBEAR/USD;13,72500000;15,94500000;13,43000000;15,81000000;13,19
2020-03-28T00:00:00+00:00;ETHBEAR/USD;14,03000000;15,98500000;13,18000000;13,70500000;-2,37
2020-03-27T00:00:00+00:00;ETHBEAR/USD;12,14500000;15,90000000;11,36000000;14,03000000;13,44
2020-03-26T00:00:00+00:00;ETHBEAR/USD;13,02500000;13,67000000;11,83500000;12,16000000;-7,11
2020-03-25T00:00:00+00:00;ETHBEAR/USD;12,30000000;14,00000000;11,32000000;13,04000000;5,67
2020-03-24T00:00:00+00:00;ETHBEAR/USD;13,13000000;14,05000000;10,94500000;12,30000000;-6,75
2020-03-23T00:00:00+00:00;ETHBEAR/USD;19,89500000;20,94000000;12,69000000;13,13000000;-51,52
2020-03-22T00:00:00+00:00;ETHBEAR/USD;16,12500000;20,28000000;14,34500000;19,89500000;18,95
2020-03-21T00:00:00+00:00;ETHBEAR/USD;16,09000000;18,62500000;14,39500000;16,12500000;0,22
2020-03-20T00:00:00+00:00;ETHBEAR/USD;16,33000000;20,80500000;11,00000000;16,09000000;-1,49
2020-03-19T00:00:00+00:00;ETHBEAR/USD;27,72000000;29,37000000;13,81000000;16,31500000;-69,9
2020-03-18T00:00:00+00:00;ETHBEAR/USD;29,51000000;33,80000000;27,43000000;27,74000000;-6,38
2020-03-17T00:00:00+00:00;ETHBEAR/USD;35,69000000;37,17000000;26,13000000;29,51000000;-20,94
2020-03-16T00:00:00+00:00;ETHBEAR/USD;27,30000000;42,90000000;26,76000000;35,69000000;23,51
2020-03-15T00:00:00+00:00;ETHBEAR/USD;29,73000000;31,13000000;21,61500000;27,31000000;-8,86
2020-03-14T00:00:00+00:00;ETHBEAR/USD;23,10000000;30,25000000;23,07000000;29,73000000;22,3
2020-03-13T00:00:00+00:00;ETHBEAR/USD;54,52500000;95,07500000;20,70000000;23,13000000;-135,73
2020-03-12T00:00:00+00:00;ETHBEAR/USD;23,11000000;57,00000000;22,87000000;54,52500000;57,62
2020-03-11T00:00:00+00:00;ETHBEAR/USD;21,20500000;27,28000000;20,42000000;23,11000000;8,24
2020-03-10T00:00:00+00:00;ETHBEAR/USD;20,43000000;22,62500000;19,50000000;21,20500000;3,65
2020-03-09T00:00:00+00:00;ETHBEAR/USD;20,95000000;24,11500000;18,55500000;20,41000000;-2,65
2020-03-08T00:00:00+00:00;ETHBEAR/USD;14,07500000;21,65000000;14,07500000;20,96000000;32,85
2020-03-07T00:00:00+00:00;ETHBEAR/USD;12,79500000;14,19500000;11,76500000;14,08000000;9,13
2020-03-06T00:00:00+00:00;ETHBEAR/USD;16,39000000;16,58500000;12,71500000;12,79500000;-28,1
2020-03-05T00:00:00+00:00;ETHBEAR/USD;17,30500000;17,30500000;15,05500000;16,39000000;-5,58
2020-03-04T00:00:00+00:00;ETHBEAR/USD;17,41000000;18,18000000;16,25000000;17,30000000;-0,64
2020-03-03T00:00:00+00:00;ETHBEAR/USD;15,73000000;18,19000000;15,57500000;17,41000000;9,65
2020-03-02T00:00:00+00:00;ETHBEAR/USD;19,62000000;20,11000000;15,20000000;15,73500000;-24,69
2020-03-01T00:00:00+00:00;ETHBEAR/USD;19,55500000;21,03500000;16,91000000;19,64000000;0,43
2020-02-29T00:00:00+00:00;ETHBEAR/USD;17,22500000;19,64000000;15,91500000;19,55500000;11,92
2020-02-28T00:00:00+00:00;ETHBEAR/USD;17,08500000;20,24500000;15,49000000;17,22500000;0,81
2020-02-27T00:00:00+00:00;ETHBEAR/USD;18,76500000;22,20000000;15,01500000;17,08500000;-9,83
2020-02-26T00:00:00+00:00;ETHBEAR/USD;14,73000000;20,39500000;14,03500000;18,79000000;21,61
2020-02-25T00:00:00+00:00;ETHBEAR/USD;12,05500000;14,99000000;12,01000000;14,73000000;18,16
2020-02-24T00:00:00+00:00;ETHBEAR/USD;10,88500000;13,08500000;10,54000000;12,05500000;9,71
2020-02-23T00:00:00+00:00;ETHBEAR/USD;12,76500000;12,83000000;10,76000000;10,88500000;-17,27
2020-02-22T00:00:00+00:00;ETHBEAR/USD;12,21500000;13,47000000;12,01000000;12,76500000;4,31
2020-02-21T00:00:00+00:00;ETHBEAR/USD;13,45500000;13,96000000;11,77000000;12,22500000;-10,06
2020-02-20T00:00:00+00:00;ETHBEAR/USD;13,32000000;15,30500000;12,45500000;13,45500000;1,0
2020-02-19T00:00:00+00:00;ETHBEAR/USD;10,44500000;13,74500000;10,14500000;13,32000000;21,58
2020-02-18T00:00:00+00:00;ETHBEAR/USD;12,71500000;14,01500000;10,09250000;10,44500000;-21,73
2020-02-17T00:00:00+00:00;ETHBEAR/USD;14,01000000;16,78000000;12,66000000;12,72000000;-10,14
2020-02-16T00:00:00+00:00;ETHBEAR/USD;13,23000000;17,27500000;11,84000000;14,01000000;5,57
2020-02-15T00:00:00+00:00;ETHBEAR/USD;10,83000000;13,50750000;10,39000000;13,23000000;18,14
2020-02-14T00:00:00+00:00;ETHBEAR/USD;13,21500000;14,41000000;10,76000000;10,82000000;-22,13
2020-02-13T00:00:00+00:00;ETHBEAR/USD;13,46500000;15,00500000;11,76000000;13,22500000;-1,81
2020-02-12T00:00:00+00:00;ETHBEAR/USD;20,57500000;20,57500000;12,09500000;13,46500000;-52,8
2020-02-11T00:00:00+00:00;ETHBEAR/USD;25,69000000;27,22000000;20,13500000;20,57000000;-24,89
2020-02-10T00:00:00+00:00;ETHBEAR/USD;23,79000000;27,23000000;23,42000000;25,67000000;7,32
2020-02-09T00:00:00+00:00;ETHBEAR/USD;25,37000000;25,43000000;22,95000000;23,79000000;-6,64
2020-02-08T00:00:00+00:00;ETHBEAR/USD;25,35000000;28,69000000;23,86000000;25,37000000;0,08
2020-02-07T00:00:00+00:00;ETHBEAR/USD;29,47000000;29,47000000;24,94000000;25,35000000;-16,25
2020-02-06T00:00:00+00:00;ETHBEAR/USD;33,68000000;35,00000000;27,97000000;29,47000000;-14,29
2020-02-05T00:00:00+00:00;ETHBEAR/USD;44,11000000;44,55000000;31,84000000;33,66000000;-31,05
2020-02-04T00:00:00+00:00;ETHBEAR/USD;42,95000000;46,56000000;41,92000000;44,11000000;2,63
2020-02-03T00:00:00+00:00;ETHBEAR/USD;43,76000000;45,02000000;39,18000000;42,95000000;-1,89
2020-02-02T00:00:00+00:00;ETHBEAR/USD;47,38000000;50,54000000;39,84000000;43,74000000;-8,32
2020-02-01T00:00:00+00:00;ETHBEAR/USD;50,73000000;51,22000000;46,66000000;47,38000000;-7,07
2020-01-31T00:00:00+00:00;ETHBEAR/USD;46,43000000;53,76000000;45,88000000;50,73000000;8,48
2020-01-30T00:00:00+00:00;ETHBEAR/USD;57,62500000;60,47500000;44,89000000;46,43000000;-24,11
2020-01-29T00:00:00+00:00;ETHBEAR/USD;55,40000000;57,87500000;53,00000000;57,62500000;3,86
2020-01-28T00:00:00+00:00;ETHBEAR/USD;61,47500000;61,47500000;54,92500000;55,32500000;-11,12
2020-01-27T00:00:00+00:00;ETHBEAR/USD;64,12500000;66,80000000;59,62500000;61,47500000;-4,31
2020-01-26T00:00:00+00:00;ETHBEAR/USD;74,77500000;75,95000000;64,07500000;64,12500000;-16,61
2020-01-25T00:00:00+00:00;ETHBEAR/USD;71,87500000;78,07500000;71,87500000;74,70000000;3,78
2020-01-24T00:00:00+00:00;ETHBEAR/USD;71,67500000;80,62500000;69,27500000;71,87500000;0,28
2020-01-23T00:00:00+00:00;ETHBEAR/USD;65,50000000;75,55000000;65,37500000;71,72500000;8,68
2020-01-22T00:00:00+00:00;ETHBEAR/USD;63,72500000;67,27500000;61,70000000;65,50000000;2,71
2020-01-21T00:00:00+00:00;ETHBEAR/USD;66,65000000;68,87500000;63,17500000;63,72500000;-4,59
2020-01-20T00:00:00+00:00;ETHBEAR/USD;66,60000000;72,75000000;63,77500000;66,65000000;0,08
2020-01-19T00:00:00+00:00;ETHBEAR/USD;58,72500000;71,05000000;55,02500000;66,55000000;11,76
2020-01-18T00:00:00+00:00;ETHBEAR/USD;63,30000000;68,95000000;53,15000000;58,72500000;-7,79
2020-01-17T00:00:00+00:00;ETHBEAR/USD;70,72500000;72,95000000;58,05000000;63,30000000;-11,73
2020-01-16T00:00:00+00:00;ETHBEAR/USD;67,72500000;76,62500000;66,52500000;70,72500000;4,24
2020-01-15T00:00:00+00:00;ETHBEAR/USD;68,02500000;76,60000000;60,75000000;67,72500000;-0,44
2020-01-14T00:00:00+00:00;ETHBEAR/USD;111,90000000;112,25000000;61,47500000;67,97500000;-64,62
2020-01-13T00:00:00+00:00;ETHBEAR/USD;105,65000000;114,25000000;104,60000000;111,90000000;5,59
2020-01-12T00:00:00+00:00;ETHBEAR/USD;114,75000000;116,10000000;105,75000000;105,75000000;-8,51
2020-01-11T00:00:00+00:00;ETHBEAR/USD;109,50000000;115,60000000;102,70000000;114,85000000;4,66
2020-01-10T00:00:00+00:00;ETHBEAR/USD;129,10000000;135,35000000;109,30000000;109,45000000;-17,95
2020-01-09T00:00:00+00:00;ETHBEAR/USD;121,55000000;135,40000000;119,10000000;129,10000000;5,85
2020-01-08T00:00:00+00:00;ETHBEAR/USD;115,90000000;130,05000000;104,40000000;121,65000000;4,73
2020-01-07T00:00:00+00:00;ETHBEAR/USD;113,40000000;124,95000000;111,45000000;115,90000000;2,16

