DATE/TIME;SYMBOL;OPEN;HIGH;LOW;CLOSE;EVOL % CLOSE/HIGH
2022-01-05T00:00:00+00:00;LINKHEDGE/USD;10,41700000;10,46800000;9,28500000;9,37900000;-11,07
2022-01-04T00:00:00+00:00;LINKHEDGE/USD;10,36300000;10,85400000;10,01700000;10,41700000;0,52
2022-01-03T00:00:00+00:00;LINKHEDGE/USD;11,30300000;11,60050000;10,35600000;10,36300000;-9,07
2022-01-02T00:00:00+00:00;LINKHEDGE/USD;11,95700000;12,06300000;11,12000000;11,30300000;-5,79
2022-01-01T00:00:00+00:00;LINKHEDGE/USD;12,72100000;12,73200000;11,93200000;11,95700000;-6,39
2021-12-31T00:00:00+00:00;LINKHEDGE/USD;12,29400000;12,98800000;12,08900000;12,72100000;3,36
2021-12-30T00:00:00+00:00;LINKHEDGE/USD;12,64700000;12,92900000;12,22400000;12,29400000;-2,87
2021-12-29T00:00:00+00:00;LINKHEDGE/USD;12,21500000;12,68600000;11,81700000;12,64700000;3,42
2021-12-28T00:00:00+00:00;LINKHEDGE/USD;10,92900000;12,22800000;10,92000000;12,21500000;10,53
2021-12-27T00:00:00+00:00;LINKHEDGE/USD;11,01400000;11,05400000;10,29500000;10,92900000;-0,78
2021-12-26T00:00:00+00:00;LINKHEDGE/USD;11,41000000;11,91700000;10,71800000;11,01400000;-3,6
2021-12-25T00:00:00+00:00;LINKHEDGE/USD;11,83200000;11,85900000;11,30600000;11,41000000;-3,7
2021-12-24T00:00:00+00:00;LINKHEDGE/USD;11,49500000;11,89700000;11,21800000;11,83200000;2,85
2021-12-23T00:00:00+00:00;LINKHEDGE/USD;12,87400000;13,08200000;11,45700000;11,49500000;-12,0
2021-12-22T00:00:00+00:00;LINKHEDGE/USD;13,21800000;13,34500000;12,34400000;12,87400000;-2,67
2021-12-21T00:00:00+00:00;LINKHEDGE/USD;13,76700000;13,98400000;13,10800000;13,21800000;-4,15
2021-12-20T00:00:00+00:00;LINKHEDGE/USD;13,63900000;14,24200000;13,44200000;13,76700000;0,93
2021-12-19T00:00:00+00:00;LINKHEDGE/USD;13,24100000;13,67500000;12,68100000;13,63900000;2,92
2021-12-18T00:00:00+00:00;LINKHEDGE/USD;14,24400000;14,52000000;12,89500000;13,24100000;-7,57
2021-12-17T00:00:00+00:00;LINKHEDGE/USD;13,82800000;14,54600000;13,54400000;14,24400000;2,92
2021-12-16T00:00:00+00:00;LINKHEDGE/USD;13,30600000;13,86800000;12,85200000;13,82800000;3,77
2021-12-15T00:00:00+00:00;LINKHEDGE/USD;14,25200000;15,00000000;13,11700000;13,30600000;-7,11
2021-12-14T00:00:00+00:00;LINKHEDGE/USD;14,77500000;15,00500000;14,03000000;14,25200000;-3,67
2021-12-13T00:00:00+00:00;LINKHEDGE/USD;13,08200000;15,06500000;13,00000000;14,77500000;11,46
2021-12-12T00:00:00+00:00;LINKHEDGE/USD;13,51200000;14,00100000;12,92100000;13,08200000;-3,29
2021-12-11T00:00:00+00:00;LINKHEDGE/USD;14,49000000;14,76800000;13,31200000;13,51200000;-7,24
2021-12-10T00:00:00+00:00;LINKHEDGE/USD;13,38100000;14,53700000;13,06700000;14,49000000;7,65
2021-12-09T00:00:00+00:00;LINKHEDGE/USD;12,08800000;13,38700000;11,99700000;13,38100000;9,66
2021-12-08T00:00:00+00:00;LINKHEDGE/USD;13,22900000;13,43400000;11,98100000;12,08800000;-9,44
2021-12-07T00:00:00+00:00;LINKHEDGE/USD;14,10600000;14,10600000;13,22900000;13,22900000;-6,63
2021-12-06T00:00:00+00:00;LINKHEDGE/USD;14,44600000;15,86200000;14,10600000;14,10600000;-2,41
2021-12-05T00:00:00+00:00;LINKHEDGE/USD;12,65800000;15,57200000;12,50300000;14,44600000;12,38
2021-12-04T00:00:00+00:00;LINKHEDGE/USD;11,85400000;15,57000000;11,85400000;12,65800000;6,35
2021-12-03T00:00:00+00:00;LINKHEDGE/USD;11,62900000;12,02900000;11,25400000;11,85400000;1,9
2021-12-02T00:00:00+00:00;LINKHEDGE/USD;11,10100000;11,62900000;11,04600000;11,62900000;4,54
2021-12-01T00:00:00+00:00;LINKHEDGE/USD;11,10100000;11,27500000;10,45500000;11,10100000;0,0
2021-11-30T00:00:00+00:00;LINKHEDGE/USD;11,59200000;11,83300000;10,76700000;11,10100000;-4,42
2021-11-29T00:00:00+00:00;LINKHEDGE/USD;11,78100000;11,83100000;11,37700000;11,59200000;-1,63
2021-11-28T00:00:00+00:00;LINKHEDGE/USD;11,64700000;12,65300000;11,55100000;11,78100000;1,14
2021-11-27T00:00:00+00:00;LINKHEDGE/USD;11,72700000;11,83500000;10,93400000;11,64700000;-0,69
2021-11-26T00:00:00+00:00;LINKHEDGE/USD;10,70500000;11,91000000;10,65300000;11,70000000;8,5
2021-11-25T00:00:00+00:00;LINKHEDGE/USD;10,96900000;11,06000000;10,65300000;10,70500000;-2,47
2021-11-24T00:00:00+00:00;LINKHEDGE/USD;10,72300000;11,11800000;10,65300000;10,96900000;2,24
2021-11-23T00:00:00+00:00;LINKHEDGE/USD;10,85700000;11,03200000;10,52700000;10,72300000;-1,25
2021-11-22T00:00:00+00:00;LINKHEDGE/USD;10,03200000;10,96500000;10,03200000;10,85700000;7,6
2021-11-21T00:00:00+00:00;LINKHEDGE/USD;10,25300000;10,50200000;9,98200000;10,03200000;-2,2
2021-11-20T00:00:00+00:00;LINKHEDGE/USD;10,29200000;10,64800000;10,17000000;10,25300000;-0,38
2021-11-19T00:00:00+00:00;LINKHEDGE/USD;11,00900000;11,00900000;10,06900000;10,29200000;-6,97
2021-11-18T00:00:00+00:00;LINKHEDGE/USD;10,14800000;11,23300000;9,97300000;11,00900000;7,82
2021-11-17T00:00:00+00:00;LINKHEDGE/USD;10,12800000;10,48200000;9,96300000;10,14800000;0,2
2021-11-16T00:00:00+00:00;LINKHEDGE/USD;9,28400000;10,40200000;9,27200000;10,12800000;8,33
2021-11-15T00:00:00+00:00;LINKHEDGE/USD;8,87600000;9,30100000;8,67700000;9,28400000;4,39
2021-11-14T00:00:00+00:00;LINKHEDGE/USD;8,79500000;9,15400000;8,70100000;8,87600000;0,91
2021-11-13T00:00:00+00:00;LINKHEDGE/USD;8,72900000;8,97900000;8,66300000;8,79500000;0,75
2021-11-12T00:00:00+00:00;LINKHEDGE/USD;8,59100000;9,09500000;8,38600000;8,72900000;1,58
2021-11-11T00:00:00+00:00;LINKHEDGE/USD;8,76200000;8,91700000;8,05200000;8,59100000;-1,99
2021-11-10T00:00:00+00:00;LINKHEDGE/USD;8,82400000;9,28900000;7,69700000;8,76200000;-0,71
2021-11-09T00:00:00+00:00;LINKHEDGE/USD;8,68000000;8,90500000;8,39800000;8,82400000;1,63
2021-11-08T00:00:00+00:00;LINKHEDGE/USD;9,29500000;9,33900000;8,58400000;8,68000000;-7,09
2021-11-07T00:00:00+00:00;LINKHEDGE/USD;9,38300000;9,48200000;9,21500000;9,29700000;-0,93
2021-11-06T00:00:00+00:00;LINKHEDGE/USD;9,15200000;9,71500000;9,05700000;9,38300000;2,46
2021-11-05T00:00:00+00:00;LINKHEDGE/USD;9,74100000;9,78800000;8,89900000;9,15200000;-6,44
2021-11-04T00:00:00+00:00;LINKHEDGE/USD;9,46400000;9,99300000;9,41600000;9,74100000;2,84
2021-11-03T00:00:00+00:00;LINKHEDGE/USD;9,36000000;10,02900000;9,20000000;9,46400000;1,1
2021-11-02T00:00:00+00:00;LINKHEDGE/USD;9,54100000;9,74300000;9,28600000;9,36000000;-1,93
2021-11-01T00:00:00+00:00;LINKHEDGE/USD;10,09200000;10,32800000;9,46900000;9,54100000;-5,78
2021-10-31T00:00:00+00:00;LINKHEDGE/USD;10,12400000;10,50600000;9,86900000;10,09200000;-0,32
2021-10-30T00:00:00+00:00;LINKHEDGE/USD;9,76400000;10,31800000;9,68700000;10,12400000;3,56
2021-10-29T00:00:00+00:00;LINKHEDGE/USD;10,06100000;10,13200000;9,48600000;9,76400000;-3,04
2021-10-28T00:00:00+00:00;LINKHEDGE/USD;10,47000000;10,56600000;9,81800000;10,06100000;-4,07
2021-10-27T00:00:00+00:00;LINKHEDGE/USD;9,48500000;10,60000000;9,06300000;10,47000000;9,41
2021-10-26T00:00:00+00:00;LINKHEDGE/USD;9,49200000;9,76500000;9,08300000;9,48500000;-0,07
2021-10-25T00:00:00+00:00;LINKHEDGE/USD;10,36500000;10,36500000;9,31900000;9,49200000;-9,2
2021-10-24T00:00:00+00:00;LINKHEDGE/USD;9,89300000;10,61200000;9,89300000;10,36500000;4,55
2021-10-23T00:00:00+00:00;LINKHEDGE/USD;10,90900000;10,98900000;9,89300000;9,89300000;-10,27
2021-10-22T00:00:00+00:00;LINKHEDGE/USD;11,00700000;11,10900000;10,37100000;10,90900000;-0,9
2021-10-21T00:00:00+00:00;LINKHEDGE/USD;11,37100000;11,57500000;10,63400000;11,00700000;-3,31
2021-10-20T00:00:00+00:00;LINKHEDGE/USD;12,09900000;12,17900000;11,30200000;11,37100000;-6,4
2021-10-19T00:00:00+00:00;LINKHEDGE/USD;12,18900000;12,31700000;11,92200000;12,09900000;-0,74
2021-10-18T00:00:00+00:00;LINKHEDGE/USD;11,82400000;12,33500000;11,72800000;12,18900000;2,99
2021-10-17T00:00:00+00:00;LINKHEDGE/USD;11,47800000;12,15300000;11,35100000;11,82400000;2,93
2021-10-16T00:00:00+00:00;LINKHEDGE/USD;11,56700000;11,58900000;10,89200000;11,47800000;-0,78
2021-10-15T00:00:00+00:00;LINKHEDGE/USD;11,72200000;11,98900000;11,44900000;11,56700000;-1,34
2021-10-14T00:00:00+00:00;LINKHEDGE/USD;12,23800000;12,33500000;11,18700000;11,72200000;-4,4
2021-10-13T00:00:00+00:00;LINKHEDGE/USD;12,71200000;13,00500000;12,23300000;12,23800000;-3,87
2021-10-12T00:00:00+00:00;LINKHEDGE/USD;12,49300000;13,24600000;12,46500000;12,71200000;1,72
2021-10-11T00:00:00+00:00;LINKHEDGE/USD;12,27500000;12,75100000;11,72600000;12,47000000;1,56
2021-10-10T00:00:00+00:00;LINKHEDGE/USD;11,47300000;12,31400000;11,44300000;12,27500000;6,53
2021-10-09T00:00:00+00:00;LINKHEDGE/USD;11,99600000;12,09100000;11,33000000;11,47300000;-4,56
2021-10-08T00:00:00+00:00;LINKHEDGE/USD;11,75600000;12,04900000;11,52200000;11,99600000;2,0
2021-10-07T00:00:00+00:00;LINKHEDGE/USD;11,75800000;12,14500000;11,40500000;11,75600000;-0,02
2021-10-06T00:00:00+00:00;LINKHEDGE/USD;11,62600000;12,43200000;11,22400000;11,75800000;1,12
2021-10-05T00:00:00+00:00;LINKHEDGE/USD;11,87100000;12,03300000;11,51200000;11,62600000;-2,11
2021-10-04T00:00:00+00:00;LINKHEDGE/USD;11,45800000;12,25000000;11,45300000;11,87100000;3,48
2021-10-03T00:00:00+00:00;LINKHEDGE/USD;11,78800000;11,88100000;11,23600000;11,45800000;-2,88
2021-10-02T00:00:00+00:00;LINKHEDGE/USD;12,05500000;12,21800000;11,36800000;11,78800000;-2,27
2021-10-01T00:00:00+00:00;LINKHEDGE/USD;13,35400000;13,51100000;11,87300000;12,05500000;-10,78
2021-09-30T00:00:00+00:00;LINKHEDGE/USD;14,07500000;14,12400000;13,11300000;13,35400000;-5,4
2021-09-29T00:00:00+00:00;LINKHEDGE/USD;14,50500000;14,55100000;13,37800000;14,06300000;-3,14
2021-09-28T00:00:00+00:00;LINKHEDGE/USD;13,95100000;14,56400000;13,57500000;14,50500000;3,82
2021-09-27T00:00:00+00:00;LINKHEDGE/USD;13,10500000;13,96900000;12,68300000;13,95100000;6,06
2021-09-26T00:00:00+00:00;LINKHEDGE/USD;13,13900000;14,28300000;12,74300000;13,10500000;-0,26
2021-09-25T00:00:00+00:00;LINKHEDGE/USD;13,94400000;14,58500000;13,08500000;13,13900000;-6,13
2021-09-24T00:00:00+00:00;LINKHEDGE/USD;12,85300000;14,76200000;12,81500000;13,94400000;7,82
2021-09-23T00:00:00+00:00;LINKHEDGE/USD;13,38800000;13,87600000;12,82200000;12,85300000;-4,16
2021-09-22T00:00:00+00:00;LINKHEDGE/USD;15,59300000;15,74500000;13,37700000;13,38800000;-16,47
2021-09-21T00:00:00+00:00;LINKHEDGE/USD;14,26000000;15,82900000;13,83100000;15,59300000;8,55
2021-09-20T00:00:00+00:00;LINKHEDGE/USD;12,50400000;14,46400000;12,48100000;14,26000000;12,31
2021-09-19T00:00:00+00:00;LINKHEDGE/USD;12,12700000;12,69000000;11,95100000;12,50400000;3,02
2021-09-18T00:00:00+00:00;LINKHEDGE/USD;12,40200000;12,52900000;11,64200000;12,12700000;-2,27
2021-09-17T00:00:00+00:00;LINKHEDGE/USD;11,63400000;12,53300000;11,50000000;12,40200000;6,19
2021-09-16T00:00:00+00:00;LINKHEDGE/USD;11,30500000;11,86200000;10,78300000;11,63400000;2,83
2021-09-15T00:00:00+00:00;LINKHEDGE/USD;11,25900000;11,63800000;11,02700000;11,30500000;0,41
2021-09-14T00:00:00+00:00;LINKHEDGE/USD;13,17000000;13,26500000;11,25400000;11,25900000;-16,97
2021-09-13T00:00:00+00:00;LINKHEDGE/USD;12,14500000;13,73200000;11,94200000;13,17000000;7,78
2021-09-12T00:00:00+00:00;LINKHEDGE/USD;13,35000000;13,59800000;11,98800000;12,13100000;-10,05
2021-09-11T00:00:00+00:00;LINKHEDGE/USD;13,68300000;13,76300000;13,00200000;13,35000000;-2,49
2021-09-10T00:00:00+00:00;LINKHEDGE/USD;12,87000000;13,92000000;12,17500000;13,68300000;5,94
2021-09-09T00:00:00+00:00;LINKHEDGE/USD;13,24800000;13,56100000;11,95000000;12,87500000;-2,9
2021-09-08T00:00:00+00:00;LINKHEDGE/USD;12,83000000;14,11000000;12,33800000;13,24800000;3,16
2021-09-07T00:00:00+00:00;LINKHEDGE/USD;10,80300000;14,00000000;10,65600000;12,83000000;15,8
2021-09-06T00:00:00+00:00;LINKHEDGE/USD;11,21700000;11,60600000;10,31100000;10,80300000;-3,83
2021-09-05T00:00:00+00:00;LINKHEDGE/USD;12,76600000;12,86500000;11,20200000;11,21700000;-13,81
2021-09-04T00:00:00+00:00;LINKHEDGE/USD;12,44100000;12,89700000;12,23900000;12,76600000;2,55
2021-09-03T00:00:00+00:00;LINKHEDGE/USD;12,68300000;13,04600000;11,97800000;12,40500000;-2,24
2021-09-02T00:00:00+00:00;LINKHEDGE/USD;12,80000000;13,17900000;12,32000000;12,68300000;-0,92
2021-09-01T00:00:00+00:00;LINKHEDGE/USD;14,46800000;14,74600000;12,76000000;12,80000000;-13,03
2021-08-31T00:00:00+00:00;LINKHEDGE/USD;15,52300000;15,63500000;13,99400000;14,46800000;-7,29
2021-08-30T00:00:00+00:00;LINKHEDGE/USD;15,08200000;15,87600000;14,66900000;15,52300000;2,84
2021-08-29T00:00:00+00:00;LINKHEDGE/USD;15,10800000;15,39700000;14,60900000;15,08200000;-0,17
2021-08-28T00:00:00+00:00;LINKHEDGE/USD;14,93500000;15,25700000;14,83900000;15,10800000;1,15
2021-08-27T00:00:00+00:00;LINKHEDGE/USD;15,93700000;16,18750000;14,88000000;14,93500000;-6,71
2021-08-26T00:00:00+00:00;LINKHEDGE/USD;14,76600000;16,16800000;14,57500000;15,93700000;7,35
2021-08-25T00:00:00+00:00;LINKHEDGE/USD;15,21200000;15,44400000;14,61000000;14,76600000;-3,02
2021-08-24T00:00:00+00:00;LINKHEDGE/USD;13,82500000;15,21700000;13,70500000;15,21200000;9,12
2021-08-23T00:00:00+00:00;LINKHEDGE/USD;14,11300000;14,18400000;13,48800000;13,82300000;-2,1
2021-08-22T00:00:00+00:00;LINKHEDGE/USD;14,16800000;14,70300000;13,80200000;14,11300000;-0,39
2021-08-21T00:00:00+00:00;LINKHEDGE/USD;13,81100000;14,25400000;13,58400000;14,16800000;2,52
2021-08-20T00:00:00+00:00;LINKHEDGE/USD;14,68600000;14,93200000;13,63000000;13,81100000;-6,34
2021-08-19T00:00:00+00:00;LINKHEDGE/USD;15,68800000;16,22400000;14,66800000;14,68600000;-6,82
2021-08-18T00:00:00+00:00;LINKHEDGE/USD;15,23700000;15,94700000;14,84700000;15,68800000;2,87
2021-08-17T00:00:00+00:00;LINKHEDGE/USD;14,30300000;15,33500000;13,19300000;15,23700000;6,13
2021-08-16T00:00:00+00:00;LINKHEDGE/USD;14,39300000;17,04000000;13,04900000;14,30300000;-0,63
2021-08-15T00:00:00+00:00;LINKHEDGE/USD;14,78700000;15,39900000;14,35300000;14,39300000;-2,74
2021-08-14T00:00:00+00:00;LINKHEDGE/USD;14,48600000;15,08700000;14,38600000;14,78700000;2,04
2021-08-13T00:00:00+00:00;LINKHEDGE/USD;16,30500000;16,46000000;14,46900000;14,48600000;-12,56
2021-08-12T00:00:00+00:00;LINKHEDGE/USD;15,66500000;16,73500000;15,10700000;16,30500000;3,93
2021-08-11T00:00:00+00:00;LINKHEDGE/USD;16,65250000;16,71000000;14,78250000;15,66500000;-6,3
2021-08-10T00:00:00+00:00;LINKHEDGE/USD;16,88000000;17,11750000;15,98750000;16,66250000;-1,31
2021-08-09T00:00:00+00:00;LINKHEDGE/USD;17,69500000;18,42250000;16,51500000;16,88000000;-4,83
2021-08-08T00:00:00+00:00;LINKHEDGE/USD;16,62750000;18,00000000;16,47000000;17,69500000;6,03
2021-08-07T00:00:00+00:00;LINKHEDGE/USD;17,22000000;17,59500000;16,27250000;16,62750000;-3,56
2021-08-06T00:00:00+00:00;LINKHEDGE/USD;17,00250000;17,68750000;16,85000000;17,22000000;1,26
2021-08-05T00:00:00+00:00;LINKHEDGE/USD;16,94500000;17,99000000;16,88500000;17,00250000;0,34
2021-08-04T00:00:00+00:00;LINKHEDGE/USD;17,17500000;17,84250000;16,42000000;16,94500000;-1,36
2021-08-03T00:00:00+00:00;LINKHEDGE/USD;17,42500000;18,45250000;16,83000000;17,17500000;-1,46
2021-08-02T00:00:00+00:00;LINKHEDGE/USD;18,66500000;19,15250000;17,07000000;17,42500000;-7,12
2021-08-01T00:00:00+00:00;LINKHEDGE/USD;18,08750000;18,73500000;17,20000000;18,66500000;3,09
2021-07-31T00:00:00+00:00;LINKHEDGE/USD;18,51500000;19,32000000;17,65500000;18,08750000;-2,36
2021-07-30T00:00:00+00:00;LINKHEDGE/USD;21,80250000;22,29750000;18,23750000;18,51500000;-17,76
2021-07-29T00:00:00+00:00;LINKHEDGE/USD;22,11500000;22,55000000;21,69500000;21,80250000;-1,43
2021-07-28T00:00:00+00:00;LINKHEDGE/USD;21,74500000;22,51000000;21,17250000;22,11500000;1,67
2021-07-27T00:00:00+00:00;LINKHEDGE/USD;23,49500000;23,97500000;21,61750000;21,71000000;-8,22
2021-07-26T00:00:00+00:00;LINKHEDGE/USD;26,05500000;26,19250000;21,41000000;23,49500000;-10,9
2021-07-25T00:00:00+00:00;LINKHEDGE/USD;26,10500000;26,85250000;25,58750000;26,04250000;-0,24
2021-07-24T00:00:00+00:00;LINKHEDGE/USD;26,50500000;27,42750000;25,45500000;26,10500000;-1,53
2021-07-23T00:00:00+00:00;LINKHEDGE/USD;27,23000000;28,46000000;26,36750000;26,50500000;-2,74
2021-07-22T00:00:00+00:00;LINKHEDGE/USD;28,76250000;29,21250000;27,08500000;27,23000000;-5,63
2021-07-21T00:00:00+00:00;LINKHEDGE/USD;32,58500000;33,22000000;27,98250000;28,76250000;-13,29
2021-07-20T00:00:00+00:00;LINKHEDGE/USD;30,91500000;33,27500000;30,50000000;32,58500000;5,13
2021-07-19T00:00:00+00:00;LINKHEDGE/USD;29,09500000;31,05000000;28,87000000;30,91500000;5,89
2021-07-18T00:00:00+00:00;LINKHEDGE/USD;29,47000000;29,67000000;28,09250000;29,09500000;-1,29
2021-07-17T00:00:00+00:00;LINKHEDGE/USD;29,58750000;29,98750000;28,87250000;29,47000000;-0,4
2021-07-16T00:00:00+00:00;LINKHEDGE/USD;28,71250000;29,76750000;27,73000000;29,58750000;2,96
2021-07-15T00:00:00+00:00;LINKHEDGE/USD;26,79250000;29,03000000;26,43000000;28,71250000;6,69
2021-07-14T00:00:00+00:00;LINKHEDGE/USD;27,00750000;28,26500000;26,14750000;26,79250000;-0,8
2021-07-13T00:00:00+00:00;LINKHEDGE/USD;26,07250000;27,22250000;25,69250000;27,00750000;3,46
2021-07-12T00:00:00+00:00;LINKHEDGE/USD;24,88500000;26,46750000;24,60000000;26,07250000;4,55
2021-07-11T00:00:00+00:00;LINKHEDGE/USD;25,14500000;25,59250000;24,63000000;24,88500000;-1,04
2021-07-10T00:00:00+00:00;LINKHEDGE/USD;24,57500000;25,64500000;24,13000000;25,14500000;2,27
2021-07-09T00:00:00+00:00;LINKHEDGE/USD;24,80750000;25,86500000;24,28750000;24,57500000;-0,95
2021-07-08T00:00:00+00:00;LINKHEDGE/USD;23,21500000;25,11500000;23,17000000;24,80750000;6,42
2021-07-07T00:00:00+00:00;LINKHEDGE/USD;22,88750000;23,40750000;21,62750000;23,21500000;1,41
2021-07-06T00:00:00+00:00;LINKHEDGE/USD;25,37250000;25,43750000;22,75000000;22,88750000;-10,86
2021-07-05T00:00:00+00:00;LINKHEDGE/USD;24,25750000;25,96500000;24,23500000;25,37250000;4,39
2021-07-04T00:00:00+00:00;LINKHEDGE/USD;25,18250000;25,81000000;23,32750000;24,25750000;-3,81
2021-07-03T00:00:00+00:00;LINKHEDGE/USD;25,56750000;26,02250000;24,71500000;25,18250000;-1,53
2021-07-02T00:00:00+00:00;LINKHEDGE/USD;25,72250000;26,90000000;25,22250000;25,56750000;-0,61
2021-07-01T00:00:00+00:00;LINKHEDGE/USD;24,11500000;26,31500000;24,07250000;25,72250000;6,25
2021-06-30T00:00:00+00:00;LINKHEDGE/USD;23,92750000;25,66000000;23,76500000;24,11500000;0,78
2021-06-29T00:00:00+00:00;LINKHEDGE/USD;25,05000000;25,12500000;22,74500000;23,92750000;-4,69
2021-06-28T00:00:00+00:00;LINKHEDGE/USD;25,72750000;26,07500000;24,18500000;25,05000000;-2,7
2021-06-27T00:00:00+00:00;LINKHEDGE/USD;28,19000000;28,48000000;25,72750000;25,72750000;-9,57
2021-06-26T00:00:00+00:00;LINKHEDGE/USD;28,10000000;29,60500000;27,23250000;28,19000000;0,32
2021-06-25T00:00:00+00:00;LINKHEDGE/USD;25,45250000;28,19750000;24,89000000;28,10000000;9,42
2021-06-24T00:00:00+00:00;LINKHEDGE/USD;26,53000000;27,65000000;24,86250000;25,45250000;-4,23
2021-06-23T00:00:00+00:00;LINKHEDGE/USD;28,86250000;29,89500000;25,24000000;26,53000000;-8,79
2021-06-22T00:00:00+00:00;LINKHEDGE/USD;28,01500000;31,73000000;25,91250000;28,86250000;2,94
2021-06-21T00:00:00+00:00;LINKHEDGE/USD;23,74750000;28,42750000;23,47750000;28,01500000;15,23
2021-06-20T00:00:00+00:00;LINKHEDGE/USD;25,48000000;26,86000000;23,21750000;23,74750000;-7,3
2021-06-19T00:00:00+00:00;LINKHEDGE/USD;24,45250000;25,48000000;23,64000000;25,48000000;4,03
2021-06-18T00:00:00+00:00;LINKHEDGE/USD;22,26750000;24,96500000;22,24000000;24,45250000;8,94
2021-06-17T00:00:00+00:00;LINKHEDGE/USD;22,63250000;22,83500000;21,33250000;22,26750000;-1,64
2021-06-16T00:00:00+00:00;LINKHEDGE/USD;21,36500000;22,76500000;21,27000000;22,63250000;5,6
2021-06-15T00:00:00+00:00;LINKHEDGE/USD;21,10000000;21,38250000;19,83250000;21,36500000;1,24
2021-06-14T00:00:00+00:00;LINKHEDGE/USD;22,72250000;23,77500000;20,84750000;21,10000000;-7,69
2021-06-13T00:00:00+00:00;LINKHEDGE/USD;24,62000000;25,89750000;22,12500000;22,72250000;-8,35
2021-06-12T00:00:00+00:00;LINKHEDGE/USD;24,90000000;26,46000000;23,89250000;24,62000000;-1,14
2021-06-11T00:00:00+00:00;LINKHEDGE/USD;23,15000000;25,27000000;22,77750000;24,90000000;7,03
2021-06-10T00:00:00+00:00;LINKHEDGE/USD;21,26250000;23,43250000;21,11750000;23,15000000;8,15
2021-06-09T00:00:00+00:00;LINKHEDGE/USD;22,69250000;24,04250000;21,26250000;21,26250000;-6,73
2021-06-08T00:00:00+00:00;LINKHEDGE/USD;22,26000000;24,77250000;21,80750000;22,69250000;1,91
2021-06-07T00:00:00+00:00;LINKHEDGE/USD;20,11500000;22,34500000;19,26000000;22,26000000;9,64
2021-06-06T00:00:00+00:00;LINKHEDGE/USD;20,43750000;20,56750000;19,61250000;20,11500000;-1,6
2021-06-05T00:00:00+00:00;LINKHEDGE/USD;19,25000000;21,05250000;18,37750000;20,43750000;5,81
2021-06-04T00:00:00+00:00;LINKHEDGE/USD;17,43500000;20,03500000;17,33750000;19,25000000;9,43
2021-06-03T00:00:00+00:00;LINKHEDGE/USD;18,43500000;18,70250000;17,12750000;17,43500000;-5,74
2021-06-02T00:00:00+00:00;LINKHEDGE/USD;18,44000000;18,93500000;17,54750000;18,43500000;-0,03
2021-06-01T00:00:00+00:00;LINKHEDGE/USD;17,73750000;19,20500000;17,41250000;18,44000000;3,81
2021-05-31T00:00:00+00:00;LINKHEDGE/USD;21,63750000;22,61000000;17,71750000;17,73750000;-21,99
2021-05-30T00:00:00+00:00;LINKHEDGE/USD;23,53500000;24,94750000;20,20750000;21,63750000;-8,77
2021-05-29T00:00:00+00:00;LINKHEDGE/USD;21,61000000;24,47000000;20,51250000;23,53500000;8,18
2021-05-28T00:00:00+00:00;LINKHEDGE/USD;19,44500000;22,22500000;19,13250000;21,61000000;10,02
2021-05-27T00:00:00+00:00;LINKHEDGE/USD;18,40750000;20,10000000;17,59250000;19,44500000;5,34
2021-05-26T00:00:00+00:00;LINKHEDGE/USD;23,41750000;23,73500000;18,20250000;18,40500000;-27,23
2021-05-25T00:00:00+00:00;LINKHEDGE/USD;24,62250000;26,31750000;23,32250000;23,41750000;-5,15
2021-05-24T00:00:00+00:00;LINKHEDGE/USD;33,99500000;34,91500000;24,53250000;24,62250000;-38,06
2021-05-23T00:00:00+00:00;LINKHEDGE/USD;29,26750000;39,18250000;28,07250000;33,99500000;13,91
2021-05-22T00:00:00+00:00;LINKHEDGE/USD;27,20000000;29,81750000;26,51250000;29,26750000;7,06
2021-05-21T00:00:00+00:00;LINKHEDGE/USD;23,45250000;28,95750000;22,49500000;27,20000000;13,78
2021-05-20T00:00:00+00:00;LINKHEDGE/USD;26,72500000;30,33500000;21,78250000;23,45250000;-13,95
2021-05-19T00:00:00+00:00;LINKHEDGE/USD;19,55500000;29,09000000;19,34500000;26,72500000;26,83
2021-05-18T00:00:00+00:00;LINKHEDGE/USD;22,85750000;23,06750000;18,85000000;19,55500000;-16,89
2021-05-17T00:00:00+00:00;LINKHEDGE/USD;21,08250000;23,95750000;20,66250000;22,85750000;7,77
2021-05-16T00:00:00+00:00;LINKHEDGE/USD;20,70750000;22,50750000;19,30000000;21,08250000;1,78
2021-05-15T00:00:00+00:00;LINKHEDGE/USD;18,94500000;20,90750000;18,39750000;20,76000000;8,74
2021-05-14T00:00:00+00:00;LINKHEDGE/USD;20,61250000;20,82000000;18,34750000;18,94500000;-8,8
2021-05-13T00:00:00+00:00;LINKHEDGE/USD;21,19000000;22,41250000;19,68250000;20,61250000;-2,8
2021-05-12T00:00:00+00:00;LINKHEDGE/USD;18,94500000;21,31750000;18,53000000;21,19000000;10,59
2021-05-11T00:00:00+00:00;LINKHEDGE/USD;19,80500000;20,47500000;18,93000000;18,94500000;-4,54
2021-05-10T00:00:00+00:00;LINKHEDGE/USD;18,02250000;21,41500000;17,63750000;19,80500000;9,0
2021-05-09T00:00:00+00:00;LINKHEDGE/USD;19,44500000;20,09000000;17,96500000;18,02250000;-7,89
2021-05-08T00:00:00+00:00;LINKHEDGE/USD;19,02000000;20,01750000;18,55250000;19,44500000;2,19
2021-05-07T00:00:00+00:00;LINKHEDGE/USD;20,11500000;20,47250000;18,04250000;19,02000000;-5,76
2021-05-06T00:00:00+00:00;LINKHEDGE/USD;19,13750000;20,53250000;19,04500000;20,11500000;4,86
2021-05-05T00:00:00+00:00;LINKHEDGE/USD;20,85250000;21,08500000;18,39250000;19,13750000;-8,96
2021-05-04T00:00:00+00:00;LINKHEDGE/USD;23,41000000;24,80000000;19,84750000;20,85250000;-12,26
2021-05-03T00:00:00+00:00;LINKHEDGE/USD;24,78250000;24,92500000;22,98250000;23,41000000;-5,86
2021-05-02T00:00:00+00:00;LINKHEDGE/USD;24,02250000;25,17750000;23,87250000;24,78250000;3,07
2021-05-01T00:00:00+00:00;LINKHEDGE/USD;25,86500000;26,31500000;24,02250000;24,02250000;-7,67
2021-04-30T00:00:00+00:00;LINKHEDGE/USD;27,10500000;27,57000000;25,63250000;25,86500000;-4,79
2021-04-29T00:00:00+00:00;LINKHEDGE/USD;27,26750000;28,19000000;26,63250000;27,10500000;-0,6
2021-04-28T00:00:00+00:00;LINKHEDGE/USD;26,86250000;28,17500000;26,37750000;27,26750000;1,49
2021-04-27T00:00:00+00:00;LINKHEDGE/USD;28,52250000;29,00000000;26,46250000;26,86250000;-6,18
2021-04-26T00:00:00+00:00;LINKHEDGE/USD;32,05500000;32,32000000;28,24750000;28,52250000;-12,38
2021-04-25T00:00:00+00:00;LINKHEDGE/USD;32,49000000;33,52500000;30,20750000;32,05500000;-1,36
2021-04-24T00:00:00+00:00;LINKHEDGE/USD;29,31000000;32,49000000;29,23000000;32,49000000;9,79
2021-04-23T00:00:00+00:00;LINKHEDGE/USD;28,83500000;33,42000000;28,63250000;29,31000000;1,62
2021-04-22T00:00:00+00:00;LINKHEDGE/USD;28,00000000;30,45250000;24,91000000;28,83500000;2,9
2021-04-21T00:00:00+00:00;LINKHEDGE/USD;26,65750000;28,18750000;26,28500000;28,00000000;4,79
2021-04-20T00:00:00+00:00;LINKHEDGE/USD;28,88250000;30,75500000;26,38750000;26,65750000;-8,35
2021-04-19T00:00:00+00:00;LINKHEDGE/USD;27,00500000;29,34250000;25,03250000;28,88250000;6,5
2021-04-18T00:00:00+00:00;LINKHEDGE/USD;26,08750000;33,29250000;25,81500000;27,00500000;3,4
2021-04-17T00:00:00+00:00;LINKHEDGE/USD;25,14000000;26,12000000;23,88000000;26,08750000;3,63
2021-04-16T00:00:00+00:00;LINKHEDGE/USD;24,45750000;26,68000000;23,70500000;25,14000000;2,71
2021-04-15T00:00:00+00:00;LINKHEDGE/USD;25,38750000;26,06250000;23,60250000;24,45750000;-3,8
2021-04-14T00:00:00+00:00;LINKHEDGE/USD;30,08000000;30,20500000;24,98250000;25,38750000;-18,48
2021-04-13T00:00:00+00:00;LINKHEDGE/USD;32,08500000;32,76500000;29,68000000;30,08000000;-6,67
2021-04-12T00:00:00+00:00;LINKHEDGE/USD;31,59500000;33,21000000;31,34000000;32,08500000;1,53
2021-04-11T00:00:00+00:00;LINKHEDGE/USD;33,27000000;33,43000000;31,01000000;31,59500000;-5,3
2021-04-10T00:00:00+00:00;LINKHEDGE/USD;33,58000000;34,21000000;32,24500000;33,27000000;-0,93
2021-04-09T00:00:00+00:00;LINKHEDGE/USD;32,46500000;33,90500000;32,10000000;33,58000000;3,32
2021-04-08T00:00:00+00:00;LINKHEDGE/USD;34,08500000;34,24500000;32,46500000;32,46500000;-4,99
2021-04-07T00:00:00+00:00;LINKHEDGE/USD;31,22500000;34,86500000;30,80000000;34,08500000;8,39
2021-04-06T00:00:00+00:00;LINKHEDGE/USD;33,54000000;34,36500000;31,01500000;31,22500000;-7,41
2021-04-05T00:00:00+00:00;LINKHEDGE/USD;35,12000000;36,35000000;33,24000000;33,54000000;-4,71
2021-04-04T00:00:00+00:00;LINKHEDGE/USD;37,03000000;37,46000000;34,46000000;35,12000000;-5,44
2021-04-03T00:00:00+00:00;LINKHEDGE/USD;33,96000000;37,11000000;33,23500000;37,03000000;8,29
2021-04-02T00:00:00+00:00;LINKHEDGE/USD;36,83000000;37,11500000;33,87000000;33,96000000;-8,45
2021-04-01T00:00:00+00:00;LINKHEDGE/USD;37,59000000;37,66000000;35,46500000;36,83000000;-2,06
2021-03-31T00:00:00+00:00;LINKHEDGE/USD;39,46500000;41,60000000;37,59000000;37,59000000;-4,99
2021-03-30T00:00:00+00:00;LINKHEDGE/USD;39,51500000;39,93500000;38,70000000;39,46500000;-0,13
2021-03-29T00:00:00+00:00;LINKHEDGE/USD;41,33500000;41,67500000;38,60500000;39,51500000;-4,61
2021-03-28T00:00:00+00:00;LINKHEDGE/USD;41,21500000;42,14500000;40,04500000;41,33500000;0,29
2021-03-27T00:00:00+00:00;LINKHEDGE/USD;40,43000000;42,11000000;40,26000000;41,21500000;1,9
2021-03-26T00:00:00+00:00;LINKHEDGE/USD;43,18500000;43,48000000;40,41500000;40,43000000;-6,81
2021-03-25T00:00:00+00:00;LINKHEDGE/USD;45,00500000;46,20000000;41,60500000;43,18500000;-4,21
2021-03-24T00:00:00+00:00;LINKHEDGE/USD;41,58500000;46,20000000;40,17500000;45,00500000;7,6
2021-03-23T00:00:00+00:00;LINKHEDGE/USD;40,71500000;41,61500000;40,01000000;41,58500000;2,09
2021-03-22T00:00:00+00:00;LINKHEDGE/USD;37,83000000;40,71500000;37,72000000;40,71500000;7,09
2021-03-21T00:00:00+00:00;LINKHEDGE/USD;37,49000000;38,78500000;37,14500000;37,83000000;0,9
2021-03-20T00:00:00+00:00;LINKHEDGE/USD;37,62500000;37,93500000;35,46000000;37,49000000;-0,36
2021-03-19T00:00:00+00:00;LINKHEDGE/USD;37,83000000;38,67000000;36,56500000;37,62500000;-0,54
2021-03-18T00:00:00+00:00;LINKHEDGE/USD;36,36000000;38,23000000;35,88000000;37,83000000;3,89
2021-03-17T00:00:00+00:00;LINKHEDGE/USD;40,83000000;41,55500000;36,06500000;36,36000000;-12,29
2021-03-16T00:00:00+00:00;LINKHEDGE/USD;41,64500000;42,76500000;40,49500000;40,83000000;-2,0
2021-03-15T00:00:00+00:00;LINKHEDGE/USD;39,65500000;42,19000000;38,79500000;41,64500000;4,78
2021-03-14T00:00:00+00:00;LINKHEDGE/USD;38,47500000;39,73000000;37,88000000;39,65500000;2,98
2021-03-13T00:00:00+00:00;LINKHEDGE/USD;40,40000000;42,22000000;37,33000000;38,47500000;-5,0
2021-03-12T00:00:00+00:00;LINKHEDGE/USD;38,29000000;40,98000000;37,89500000;40,40000000;5,22
2021-03-11T00:00:00+00:00;LINKHEDGE/USD;38,60000000;39,96000000;37,82500000;38,29000000;-0,81
2021-03-10T00:00:00+00:00;LINKHEDGE/USD;36,73000000;39,03000000;36,40000000;38,60000000;4,84
2021-03-09T00:00:00+00:00;LINKHEDGE/USD;36,33500000;37,74500000;36,03500000;36,73000000;1,08
2021-03-08T00:00:00+00:00;LINKHEDGE/USD;40,93500000;41,38500000;36,33000000;36,33500000;-12,66
2021-03-07T00:00:00+00:00;LINKHEDGE/USD;41,54500000;42,36000000;40,13500000;40,93500000;-1,49
2021-03-06T00:00:00+00:00;LINKHEDGE/USD;42,01000000;44,35500000;41,21000000;41,54500000;-1,12
2021-03-05T00:00:00+00:00;LINKHEDGE/USD;42,00500000;44,90500000;41,39000000;42,01000000;0,01
2021-03-04T00:00:00+00:00;LINKHEDGE/USD;38,90500000;42,39000000;38,32500000;42,00500000;7,38
2021-03-03T00:00:00+00:00;LINKHEDGE/USD;41,33000000;41,81500000;36,97000000;38,90500000;-6,23
2021-03-02T00:00:00+00:00;LINKHEDGE/USD;42,26000000;42,86500000;38,24000000;41,33000000;-2,25
2021-03-01T00:00:00+00:00;LINKHEDGE/USD;48,47000000;48,71000000;42,26000000;42,26000000;-14,69
2021-02-28T00:00:00+00:00;LINKHEDGE/USD;45,98500000;51,16000000;45,00500000;48,47000000;5,13
2021-02-27T00:00:00+00:00;LINKHEDGE/USD;47,84500000;47,97500000;43,70500000;45,98500000;-4,04
2021-02-26T00:00:00+00:00;LINKHEDGE/USD;48,63000000;50,35500000;43,86500000;47,84500000;-1,64
2021-02-25T00:00:00+00:00;LINKHEDGE/USD;44,16000000;48,63000000;43,14000000;48,63000000;9,19
2021-02-24T00:00:00+00:00;LINKHEDGE/USD;48,08500000;49,37000000;41,42000000;44,16000000;-8,89
2021-02-23T00:00:00+00:00;LINKHEDGE/USD;40,58500000;53,02000000;40,58500000;48,08500000;15,6
2021-02-22T00:00:00+00:00;LINKHEDGE/USD;37,64500000;46,48000000;37,57500000;40,58500000;7,24
2021-02-21T00:00:00+00:00;LINKHEDGE/USD;37,84000000;39,19000000;36,30500000;37,64500000;-0,52
2021-02-20T00:00:00+00:00;LINKHEDGE/USD;37,06500000;39,19000000;34,60000000;37,84000000;2,05
2021-02-19T00:00:00+00:00;LINKHEDGE/USD;39,29500000;40,36500000;36,03000000;37,06500000;-6,02
2021-02-18T00:00:00+00:00;LINKHEDGE/USD;39,65000000;39,82500000;38,09000000;39,29500000;-0,9
2021-02-17T00:00:00+00:00;LINKHEDGE/USD;39,68000000;42,15000000;39,27000000;39,65000000;-0,08
2021-02-16T00:00:00+00:00;LINKHEDGE/USD;39,12000000;41,02000000;38,35000000;39,68000000;1,41
2021-02-15T00:00:00+00:00;LINKHEDGE/USD;38,53000000;44,01500000;36,77000000;39,12000000;1,51
2021-02-14T00:00:00+00:00;LINKHEDGE/USD;37,31000000;39,26000000;36,06500000;38,53000000;3,17
2021-02-13T00:00:00+00:00;LINKHEDGE/USD;42,32000000;44,14500000;37,17500000;37,31000000;-13,43
2021-02-12T00:00:00+00:00;LINKHEDGE/USD;46,96000000;48,42500000;41,25500000;42,32000000;-10,96
2021-02-11T00:00:00+00:00;LINKHEDGE/USD;49,16500000;49,48500000;46,04000000;46,96000000;-4,7
2021-02-10T00:00:00+00:00;LINKHEDGE/USD;47,52500000;51,86500000;46,02000000;49,16500000;3,34
2021-02-09T00:00:00+00:00;LINKHEDGE/USD;52,17000000;54,31500000;47,09500000;47,52500000;-9,77
2021-02-08T00:00:00+00:00;LINKHEDGE/USD;53,55000000;55,07000000;50,95000000;52,17000000;-2,65
2021-02-07T00:00:00+00:00;LINKHEDGE/USD;52,91500000;59,32500000;52,39500000;53,55000000;1,19
2021-02-06T00:00:00+00:00;LINKHEDGE/USD;50,50500000;56,68000000;49,49000000;52,91500000;4,55
2021-02-05T00:00:00+00:00;LINKHEDGE/USD;54,39500000;54,73000000;48,97000000;50,50500000;-7,7
2021-02-04T00:00:00+00:00;LINKHEDGE/USD;53,13000000;58,73500000;50,90500000;54,39500000;2,33
2021-02-03T00:00:00+00:00;LINKHEDGE/USD;56,49000000;60,13000000;52,09500000;53,13000000;-6,32
2021-02-02T00:00:00+00:00;LINKHEDGE/USD;58,46500000;62,19500000;55,33000000;56,49000000;-3,5
2021-02-01T00:00:00+00:00;LINKHEDGE/USD;59,31000000;63,68500000;57,60000000;58,46500000;-1,45
2021-01-31T00:00:00+00:00;LINKHEDGE/USD;56,71000000;60,49500000;54,29000000;59,31000000;4,38
2021-01-30T00:00:00+00:00;LINKHEDGE/USD;59,16500000;60,68500000;55,94000000;56,71000000;-4,33
2021-01-29T00:00:00+00:00;LINKHEDGE/USD;58,03500000;63,64500000;55,10000000;59,16500000;1,91
2021-01-28T00:00:00+00:00;LINKHEDGE/USD;64,88500000;65,47500000;54,73000000;58,03500000;-11,8
2021-01-27T00:00:00+00:00;LINKHEDGE/USD;59,52000000;69,77000000;59,27500000;64,88500000;8,27
2021-01-26T00:00:00+00:00;LINKHEDGE/USD;58,99000000;63,31500000;57,33000000;59,52000000;0,89
2021-01-25T00:00:00+00:00;LINKHEDGE/USD;55,76000000;60,74000000;53,64000000;58,99000000;5,48
2021-01-24T00:00:00+00:00;LINKHEDGE/USD;55,76500000;61,53500000;55,46000000;55,76000000;-0,01
2021-01-23T00:00:00+00:00;LINKHEDGE/USD;65,59500000;67,10500000;54,31500000;55,76500000;-17,63
2021-01-22T00:00:00+00:00;LINKHEDGE/USD;77,38000000;81,44000000;62,68000000;65,59500000;-17,97
2021-01-21T00:00:00+00:00;LINKHEDGE/USD;68,11000000;78,08000000;67,44500000;77,38000000;11,98
2021-01-20T00:00:00+00:00;LINKHEDGE/USD;72,68000000;76,54000000;67,67000000;68,11000000;-6,71
2021-01-19T00:00:00+00:00;LINKHEDGE/USD;68,08000000;75,92500000;65,46000000;72,68000000;6,33
2021-01-18T00:00:00+00:00;LINKHEDGE/USD;64,91000000;73,55000000;63,71500000;68,19500000;4,82
2021-01-17T00:00:00+00:00;LINKHEDGE/USD;77,00000000;79,92000000;63,56500000;64,91000000;-18,63
2021-01-16T00:00:00+00:00;LINKHEDGE/USD;75,35000000;80,31000000;67,65000000;77,00000000;2,14
2021-01-15T00:00:00+00:00;LINKHEDGE/USD;88,76000000;97,30000000;72,99000000;75,35000000;-17,8
2021-01-14T00:00:00+00:00;LINKHEDGE/USD;99,60000000;101,83000000;88,76000000;88,76000000;-12,21
2021-01-13T00:00:00+00:00;LINKHEDGE/USD;114,27000000;120,59000000;99,60000000;99,60000000;-14,73
2021-01-12T00:00:00+00:00;LINKHEDGE/USD;107,52000000;116,50000000;107,52000000;114,27000000;5,91
2021-01-11T00:00:00+00:00;LINKHEDGE/USD;105,42000000;114,56000000;105,42000000;107,52000000;1,95
2021-01-10T00:00:00+00:00;LINKHEDGE/USD;95,08000000;107,52000000;90,58000000;105,42000000;9,81
2021-01-09T00:00:00+00:00;LINKHEDGE/USD;107,52000000;109,81000000;93,28000000;95,08000000;-13,08
2021-01-08T00:00:00+00:00;LINKHEDGE/USD;107,52000000;113,93000000;107,22000000;107,52000000;0,0
2021-01-07T00:00:00+00:00;LINKHEDGE/USD;99,98000000;107,52000000;99,05000000;107,52000000;7,01
2021-01-06T00:00:00+00:00;LINKHEDGE/USD;121,81000000;126,02000000;99,66000000;99,98000000;-21,83
2021-01-05T00:00:00+00:00;LINKHEDGE/USD;132,96000000;137,84000000;118,31000000;121,81000000;-9,15
2021-01-04T00:00:00+00:00;LINKHEDGE/USD;134,57000000;147,53000000;113,18000000;132,96000000;-1,21
2021-01-03T00:00:00+00:00;LINKHEDGE/USD;154,80000000;157,41000000;131,42000000;134,57000000;-15,03
2021-01-02T00:00:00+00:00;LINKHEDGE/USD;155,80000000;165,15000000;149,55000000;154,80000000;-0,65
2021-01-01T00:00:00+00:00;LINKHEDGE/USD;164,90000000;167,20000000;146,65000000;155,80000000;-5,84
2020-12-31T00:00:00+00:00;LINKHEDGE/USD;164,90000000;167,20000000;157,70000000;164,90000000;0,0
2020-12-30T00:00:00+00:00;LINKHEDGE/USD;157,94000000;167,20000000;154,94000000;164,90000000;4,22
2020-12-29T00:00:00+00:00;LINKHEDGE/USD;147,94000000;167,66000000;143,09000000;157,94000000;6,33
2020-12-28T00:00:00+00:00;LINKHEDGE/USD;155,35000000;157,64000000;143,78000000;147,94000000;-5,01
2020-12-27T00:00:00+00:00;LINKHEDGE/USD;169,35000000;179,15000000;144,23000000;155,35000000;-9,01
2020-12-26T00:00:00+00:00;LINKHEDGE/USD;164,35000000;176,67500000;160,65000000;169,35000000;2,95
2020-12-25T00:00:00+00:00;LINKHEDGE/USD;164,27500000;171,47500000;158,00000000;164,35000000;0,05
2020-12-24T00:00:00+00:00;LINKHEDGE/USD;170,37500000;189,60000000;162,22500000;164,27500000;-3,71
2020-12-23T00:00:00+00:00;LINKHEDGE/USD;154,90000000;199,90000000;153,96000000;170,37500000;9,08
2020-12-22T00:00:00+00:00;LINKHEDGE/USD;161,12500000;165,22500000;154,30000000;154,90000000;-4,02
2020-12-21T00:00:00+00:00;LINKHEDGE/USD;152,92000000;164,06000000;149,85000000;161,12500000;5,09
2020-12-20T00:00:00+00:00;LINKHEDGE/USD;147,92000000;154,77000000;144,47000000;152,92000000;3,27
2020-12-19T00:00:00+00:00;LINKHEDGE/USD;147,38000000;149,68000000;142,36000000;147,92000000;0,37
2020-12-18T00:00:00+00:00;LINKHEDGE/USD;150,59000000;153,59000000;141,95000000;147,38000000;-2,18
2020-12-17T00:00:00+00:00;LINKHEDGE/USD;147,31000000;153,20000000;139,41000000;150,59000000;2,18
2020-12-16T00:00:00+00:00;LINKHEDGE/USD;155,57000000;159,95000000;147,26000000;147,31000000;-5,61
2020-12-15T00:00:00+00:00;LINKHEDGE/USD;154,77000000;158,05000000;153,31000000;155,57000000;0,51
2020-12-14T00:00:00+00:00;LINKHEDGE/USD;154,09000000;159,76000000;153,81000000;154,77000000;0,44
2020-12-13T00:00:00+00:00;LINKHEDGE/USD;162,02500000;164,35000000;150,05000000;154,09000000;-5,15
2020-12-12T00:00:00+00:00;LINKHEDGE/USD;170,60000000;170,65000000;161,87500000;162,02500000;-5,29
2020-12-11T00:00:00+00:00;LINKHEDGE/USD;167,02500000;173,32500000;161,87500000;170,60000000;2,1
2020-12-10T00:00:00+00:00;LINKHEDGE/USD;159,95000000;167,27500000;159,45000000;167,02500000;4,24
2020-12-09T00:00:00+00:00;LINKHEDGE/USD;163,47500000;171,95000000;155,22500000;159,95000000;-2,2
2020-12-08T00:00:00+00:00;LINKHEDGE/USD;155,07000000;165,60000000;153,55000000;163,47500000;5,14
2020-12-07T00:00:00+00:00;LINKHEDGE/USD;150,17000000;157,46000000;149,66000000;155,07000000;3,16
2020-12-06T00:00:00+00:00;LINKHEDGE/USD;154,09000000;160,51000000;149,93000000;150,17000000;-2,61
2020-12-05T00:00:00+00:00;LINKHEDGE/USD;160,47500000;162,62500000;151,90000000;154,09000000;-4,14
2020-12-04T00:00:00+00:00;LINKHEDGE/USD;146,69000000;162,79000000;145,92000000;160,47500000;8,59
2020-12-03T00:00:00+00:00;LINKHEDGE/USD;146,55000000;150,14000000;144,14000000;146,69000000;0,1
2020-12-02T00:00:00+00:00;LINKHEDGE/USD;157,13000000;160,32000000;144,88000000;146,55000000;-7,22
2020-12-01T00:00:00+00:00;LINKHEDGE/USD;145,41000000;161,37000000;139,42000000;157,13000000;7,46
2020-11-30T00:00:00+00:00;LINKHEDGE/USD;155,44000000;155,44000000;143,41000000;145,41000000;-6,9
2020-11-29T00:00:00+00:00;LINKHEDGE/USD;160,02500000;166,95000000;154,60000000;155,44000000;-2,95
2020-11-28T00:00:00+00:00;LINKHEDGE/USD;169,97500000;171,12500000;155,57000000;160,02500000;-6,22
2020-11-27T00:00:00+00:00;LINKHEDGE/USD;171,12500000;171,12500000;166,10000000;169,97500000;-0,68
2020-11-26T00:00:00+00:00;LINKHEDGE/USD;149,16000000;175,46000000;146,15000000;171,12500000;12,84
2020-11-25T00:00:00+00:00;LINKHEDGE/USD;136,30000000;151,18000000;134,72000000;149,16000000;8,62
2020-11-24T00:00:00+00:00;LINKHEDGE/USD;139,64000000;145,28000000;129,26000000;136,30000000;-2,45
2020-11-23T00:00:00+00:00;LINKHEDGE/USD;146,73000000;152,30000000;138,20000000;139,64000000;-5,08
2020-11-22T00:00:00+00:00;LINKHEDGE/USD;138,54000000;158,57000000;135,98000000;146,73000000;5,58
2020-11-21T00:00:00+00:00;LINKHEDGE/USD;153,54000000;157,82000000;137,91000000;138,54000000;-10,83
2020-11-20T00:00:00+00:00;LINKHEDGE/USD;158,77000000;160,48000000;148,62000000;153,54000000;-3,41
2020-11-19T00:00:00+00:00;LINKHEDGE/USD;160,04000000;166,12500000;154,40000000;158,77000000;-0,8
2020-11-18T00:00:00+00:00;LINKHEDGE/USD;161,02500000;171,07500000;150,67500000;160,04000000;-0,62
2020-11-17T00:00:00+00:00;LINKHEDGE/USD;171,12500000;171,12500000;160,77500000;161,02500000;-6,27
2020-11-16T00:00:00+00:00;LINKHEDGE/USD;177,35000000;178,80000000;167,62500000;171,12500000;-3,64
2020-11-15T00:00:00+00:00;LINKHEDGE/USD;171,30000000;181,45000000;169,17500000;177,35000000;3,41
2020-11-14T00:00:00+00:00;LINKHEDGE/USD;167,62500000;174,00000000;167,62500000;170,85000000;1,89
2020-11-13T00:00:00+00:00;LINKHEDGE/USD;173,35000000;174,85000000;167,05000000;167,62500000;-3,42
2020-11-12T00:00:00+00:00;LINKHEDGE/USD;169,00000000;175,25000000;166,17500000;173,35000000;2,51
2020-11-11T00:00:00+00:00;LINKHEDGE/USD;167,62500000;169,10000000;162,17500000;169,00000000;0,81
2020-11-10T00:00:00+00:00;LINKHEDGE/USD;173,95000000;175,10000000;163,75000000;167,62500000;-3,77
2020-11-09T00:00:00+00:00;LINKHEDGE/USD;172,25000000;181,55000000;168,10000000;173,95000000;0,98
2020-11-08T00:00:00+00:00;LINKHEDGE/USD;188,25000000;203,50000000;166,27500000;172,25000000;-9,29
2020-11-07T00:00:00+00:00;LINKHEDGE/USD;181,97500000;193,15000000;160,55000000;188,25000000;3,33
2020-11-06T00:00:00+00:00;LINKHEDGE/USD;204,32500000;205,25000000;179,92500000;181,97500000;-12,28
2020-11-05T00:00:00+00:00;LINKHEDGE/USD;213,02500000;220,70000000;198,55000000;204,32500000;-4,26
2020-11-04T00:00:00+00:00;LINKHEDGE/USD;216,35000000;227,97500000;210,77500000;213,02500000;-1,56
2020-11-03T00:00:00+00:00;LINKHEDGE/USD;209,60000000;222,60000000;209,60000000;216,35000000;3,12
2020-11-02T00:00:00+00:00;LINKHEDGE/USD;196,32500000;212,75000000;194,07500000;209,60000000;6,33
2020-11-01T00:00:00+00:00;LINKHEDGE/USD;202,40000000;207,25000000;195,90000000;196,32500000;-3,09
2020-10-31T00:00:00+00:00;LINKHEDGE/USD;205,07500000;209,15000000;199,45000000;202,40000000;-1,32
2020-10-30T00:00:00+00:00;LINKHEDGE/USD;201,85000000;222,60000000;198,15000000;205,07500000;1,57
2020-10-29T00:00:00+00:00;LINKHEDGE/USD;199,37500000;206,07500000;193,12500000;201,85000000;1,23
2020-10-28T00:00:00+00:00;LINKHEDGE/USD;191,87500000;205,70000000;187,82500000;199,37500000;3,76
2020-10-27T00:00:00+00:00;LINKHEDGE/USD;195,40000000;199,17500000;182,42500000;191,87500000;-1,84
2020-10-26T00:00:00+00:00;LINKHEDGE/USD;188,62500000;202,92500000;184,02500000;195,40000000;3,47
2020-10-25T00:00:00+00:00;LINKHEDGE/USD;180,87500000;195,10000000;178,65000000;188,62500000;4,11
2020-10-24T00:00:00+00:00;LINKHEDGE/USD;189,30000000;192,42500000;177,02500000;180,87500000;-4,66
2020-10-23T00:00:00+00:00;LINKHEDGE/USD;193,00000000;198,70000000;187,67500000;189,30000000;-1,95
2020-10-22T00:00:00+00:00;LINKHEDGE/USD;218,67500000;219,77500000;186,22500000;193,00000000;-13,3
2020-10-21T00:00:00+00:00;LINKHEDGE/USD;240,97500000;242,35000000;210,50000000;218,67500000;-10,2
2020-10-20T00:00:00+00:00;LINKHEDGE/USD;221,32500000;242,72500000;220,85000000;240,97500000;8,15
2020-10-19T00:00:00+00:00;LINKHEDGE/USD;221,02500000;225,10000000;215,45000000;221,32500000;0,14
2020-10-18T00:00:00+00:00;LINKHEDGE/USD;226,50000000;226,97500000;220,22500000;221,02500000;-2,48
2020-10-17T00:00:00+00:00;LINKHEDGE/USD;227,40000000;230,80000000;222,60000000;226,50000000;-0,4
2020-10-16T00:00:00+00:00;LINKHEDGE/USD;224,10000000;233,97500000;222,60000000;227,40000000;1,45
2020-10-15T00:00:00+00:00;LINKHEDGE/USD;222,60000000;229,75000000;222,02500000;224,10000000;0,67
2020-10-14T00:00:00+00:00;LINKHEDGE/USD;219,67500000;226,65000000;214,05000000;222,60000000;1,31
2020-10-13T00:00:00+00:00;LINKHEDGE/USD;213,65000000;226,30000000;210,45000000;219,67500000;2,74
2020-10-12T00:00:00+00:00;LINKHEDGE/USD;225,72500000;229,05000000;205,80000000;213,65000000;-5,65
2020-10-11T00:00:00+00:00;LINKHEDGE/USD;233,32500000;239,62500000;222,22500000;225,72500000;-3,37
2020-10-10T00:00:00+00:00;LINKHEDGE/USD;235,40000000;235,40000000;224,87500000;233,32500000;-0,89
2020-10-09T00:00:00+00:00;LINKHEDGE/USD;258,60000000;263,15000000;233,62500000;235,40000000;-9,86
2020-10-08T00:00:00+00:00;LINKHEDGE/USD;276,62500000;292,77500000;254,65000000;258,60000000;-6,97
2020-10-07T00:00:00+00:00;LINKHEDGE/USD;283,35000000;295,20000000;274,55000000;276,62500000;-2,43
2020-10-06T00:00:00+00:00;LINKHEDGE/USD;260,62500000;287,10000000;259,10000000;283,35000000;8,02
2020-10-05T00:00:00+00:00;LINKHEDGE/USD;267,37500000;270,57500000;257,90000000;260,62500000;-2,59
2020-10-04T00:00:00+00:00;LINKHEDGE/USD;270,85000000;275,05000000;265,30000000;267,37500000;-1,3
2020-10-03T00:00:00+00:00;LINKHEDGE/USD;273,12500000;275,77500000;259,87500000;270,85000000;-0,84
2020-10-02T00:00:00+00:00;LINKHEDGE/USD;261,27500000;283,60000000;255,52500000;273,12500000;4,34
2020-10-01T00:00:00+00:00;LINKHEDGE/USD;255,77500000;268,32500000;239,00000000;261,27500000;2,11
2020-09-30T00:00:00+00:00;LINKHEDGE/USD;249,22500000;262,92500000;246,52500000;255,77500000;2,56
2020-09-29T00:00:00+00:00;LINKHEDGE/USD;246,35000000;266,15000000;243,15000000;249,22500000;1,15
2020-09-28T00:00:00+00:00;LINKHEDGE/USD;235,50000000;248,57500000;232,00000000;246,35000000;4,4
2020-09-27T00:00:00+00:00;LINKHEDGE/USD;247,30000000;256,57500000;233,40000000;236,02500000;-4,78
2020-09-26T00:00:00+00:00;LINKHEDGE/USD;239,15000000;254,82500000;232,27500000;247,30000000;3,3
2020-09-25T00:00:00+00:00;LINKHEDGE/USD;261,52500000;273,62500000;229,30000000;239,15000000;-9,36
2020-09-24T00:00:00+00:00;LINKHEDGE/USD;354,95000000;360,65000000;249,60000000;261,52500000;-35,72
2020-09-23T00:00:00+00:00;LINKHEDGE/USD;315,45000000;366,70000000;313,05000000;354,95000000;11,13
2020-09-22T00:00:00+00:00;LINKHEDGE/USD;317,20000000;322,05000000;295,20000000;315,45000000;-0,55
2020-09-21T00:00:00+00:00;LINKHEDGE/USD;286,75000000;322,35000000;280,27500000;317,20000000;9,6
2020-09-20T00:00:00+00:00;LINKHEDGE/USD;276,00000000;292,57500000;262,30000000;286,75000000;3,75
2020-09-19T00:00:00+00:00;LINKHEDGE/USD;276,97500000;282,27500000;261,52500000;276,00000000;-0,35
2020-09-18T00:00:00+00:00;LINKHEDGE/USD;256,82500000;283,90000000;254,20000000;276,97500000;7,28
2020-09-17T00:00:00+00:00;LINKHEDGE/USD;261,62500000;267,27500000;236,85000000;256,82500000;-1,87
2020-09-16T00:00:00+00:00;LINKHEDGE/USD;257,47500000;267,70000000;241,45000000;261,62500000;1,59
2020-09-15T00:00:00+00:00;LINKHEDGE/USD;234,32500000;261,20000000;233,67500000;257,47500000;8,99
2020-09-14T00:00:00+00:00;LINKHEDGE/USD;236,10000000;244,05000000;231,20000000;234,32500000;-0,76
2020-09-13T00:00:00+00:00;LINKHEDGE/USD;225,90000000;241,27500000;217,12500000;236,10000000;4,32
2020-09-12T00:00:00+00:00;LINKHEDGE/USD;231,40000000;235,90000000;225,45000000;225,90000000;-2,43
2020-09-11T00:00:00+00:00;LINKHEDGE/USD;230,65000000;237,30000000;226,90000000;231,40000000;0,32
2020-09-10T00:00:00+00:00;LINKHEDGE/USD;233,60000000;234,20000000;216,45000000;230,65000000;-1,28
2020-09-09T00:00:00+00:00;LINKHEDGE/USD;244,92500000;250,95000000;227,10000000;233,60000000;-4,85
2020-09-08T00:00:00+00:00;LINKHEDGE/USD;233,32500000;256,50000000;228,50000000;244,92500000;4,74
2020-09-07T00:00:00+00:00;LINKHEDGE/USD;227,65000000;253,27500000;221,12500000;233,32500000;2,43
2020-09-06T00:00:00+00:00;LINKHEDGE/USD;281,05000000;303,32500000;219,77500000;227,65000000;-23,46
2020-09-05T00:00:00+00:00;LINKHEDGE/USD;245,82500000;307,15000000;237,70000000;281,05000000;12,53
2020-09-04T00:00:00+00:00;LINKHEDGE/USD;256,15000000;273,35000000;237,70000000;245,82500000;-4,2
2020-09-03T00:00:00+00:00;LINKHEDGE/USD;215,75000000;262,52500000;212,92500000;256,15000000;15,77
2020-09-02T00:00:00+00:00;LINKHEDGE/USD;200,20000000;229,25000000;196,25000000;215,87500000;7,26
2020-09-01T00:00:00+00:00;LINKHEDGE/USD;206,20000000;212,62500000;194,15000000;200,65000000;-2,77
2020-08-31T00:00:00+00:00;LINKHEDGE/USD;195,45000000;207,17500000;190,02500000;206,20000000;5,21
2020-08-30T00:00:00+00:00;LINKHEDGE/USD;197,32500000;197,52500000;180,17500000;195,45000000;-0,96
2020-08-29T00:00:00+00:00;LINKHEDGE/USD;214,47500000;216,77500000;188,00000000;197,52500000;-8,58
2020-08-28T00:00:00+00:00;LINKHEDGE/USD;224,17500000;228,17500000;208,67500000;214,47500000;-4,52
2020-08-27T00:00:00+00:00;LINKHEDGE/USD;214,05000000;232,50000000;209,55000000;224,17500000;4,52
2020-08-26T00:00:00+00:00;LINKHEDGE/USD;231,45000000;232,90000000;206,90000000;214,05000000;-8,13
2020-08-25T00:00:00+00:00;LINKHEDGE/USD;217,02500000;239,20000000;213,85000000;231,45000000;6,23
2020-08-24T00:00:00+00:00;LINKHEDGE/USD;216,55000000;224,30000000;206,25000000;217,02500000;0,22
2020-08-23T00:00:00+00:00;LINKHEDGE/USD;208,10000000;223,17500000;205,57500000;216,55000000;3,9
2020-08-22T00:00:00+00:00;LINKHEDGE/USD;240,80000000;242,97500000;201,32500000;208,10000000;-15,71
2020-08-21T00:00:00+00:00;LINKHEDGE/USD;212,85000000;252,37500000;211,97500000;240,80000000;11,61
2020-08-20T00:00:00+00:00;LINKHEDGE/USD;211,02500000;214,85000000;203,60000000;212,85000000;0,86
2020-08-19T00:00:00+00:00;LINKHEDGE/USD;209,35000000;226,05000000;197,70000000;211,02500000;0,79
2020-08-18T00:00:00+00:00;LINKHEDGE/USD;202,15000000;224,40000000;189,65000000;209,35000000;3,44
2020-08-17T00:00:00+00:00;LINKHEDGE/USD;182,70000000;210,70000000;175,20000000;202,15000000;9,62
2020-08-16T00:00:00+00:00;LINKHEDGE/USD;180,37500000;186,40000000;171,90000000;182,70000000;1,27
2020-08-15T00:00:00+00:00;LINKHEDGE/USD;209,65000000;212,50000000;175,00000000;180,37500000;-16,23
2020-08-14T00:00:00+00:00;LINKHEDGE/USD;205,10000000;215,50000000;195,00000000;209,65000000;2,17
2020-08-13T00:00:00+00:00;LINKHEDGE/USD;217,92500000;221,85000000;192,47500000;205,10000000;-6,25
2020-08-12T00:00:00+00:00;LINKHEDGE/USD;286,15000000;292,00000000;212,52500000;217,92500000;-31,31
2020-08-11T00:00:00+00:00;LINKHEDGE/USD;275,37500000;299,37500000;274,20000000;285,15000000;3,43
2020-08-10T00:00:00+00:00;LINKHEDGE/USD;268,10000000;290,25000000;265,10000000;275,37500000;2,64
2020-08-09T00:00:00+00:00;LINKHEDGE/USD;292,45000000;305,27500000;256,02500000;268,10000000;-9,08
2020-08-08T00:00:00+00:00;LINKHEDGE/USD;389,65000000;396,95000000;272,50000000;292,45000000;-33,24
2020-08-07T00:00:00+00:00;LINKHEDGE/USD;385,75000000;421,85000000;384,55000000;389,65000000;1,0
2020-08-06T00:00:00+00:00;LINKHEDGE/USD;411,30000000;414,20000000;383,55000000;385,75000000;-6,62
2020-08-05T00:00:00+00:00;LINKHEDGE/USD;405,15000000;419,55000000;405,15000000;411,30000000;1,5
2020-08-04T00:00:00+00:00;LINKHEDGE/USD;434,60000000;442,45000000;400,60000000;405,15000000;-7,27
2020-08-03T00:00:00+00:00;LINKHEDGE/USD;493,60000000;502,75000000;433,00000000;434,60000000;-13,58
2020-08-02T00:00:00+00:00;LINKHEDGE/USD;488,95000000;570,80000000;466,40000000;493,60000000;0,94
2020-08-01T00:00:00+00:00;LINKHEDGE/USD;524,20000000;550,30000000;478,60000000;488,95000000;-7,21
2020-07-31T00:00:00+00:00;LINKHEDGE/USD;553,15000000;553,15000000;520,20000000;524,20000000;-5,52
2020-07-30T00:00:00+00:00;LINKHEDGE/USD;572,05000000;576,95000000;540,05000000;553,15000000;-3,42
2020-07-29T00:00:00+00:00;LINKHEDGE/USD;568,25000000;579,45000000;548,80000000;572,05000000;0,66
2020-07-28T00:00:00+00:00;LINKHEDGE/USD;572,55000000;586,50000000;555,00000000;568,25000000;-0,76
2020-07-27T00:00:00+00:00;LINKHEDGE/USD;548,85000000;616,50000000;548,85000000;572,55000000;4,14
2020-07-26T00:00:00+00:00;LINKHEDGE/USD;536,70000000;570,80000000;517,70000000;548,85000000;2,21
2020-07-25T00:00:00+00:00;LINKHEDGE/USD;555,70000000;560,15000000;527,80000000;536,70000000;-3,54
2020-07-24T00:00:00+00:00;LINKHEDGE/USD;527,35000000;568,35000000;524,90000000;555,70000000;5,1
2020-07-23T00:00:00+00:00;LINKHEDGE/USD;558,20000000;562,95000000;513,70000000;526,50000000;-6,02
2020-07-22T00:00:00+00:00;LINKHEDGE/USD;570,80000000;585,60000000;547,50000000;558,20000000;-2,26
2020-07-21T00:00:00+00:00;LINKHEDGE/USD;577,30000000;597,40000000;542,95000000;570,80000000;-1,14
2020-07-20T00:00:00+00:00;LINKHEDGE/USD;523,25000000;596,50000000;519,85000000;577,30000000;9,36
2020-07-19T00:00:00+00:00;LINKHEDGE/USD;531,80000000;544,20000000;516,40000000;523,25000000;-1,63
2020-07-18T00:00:00+00:00;LINKHEDGE/USD;514,60000000;558,65000000;514,60000000;531,80000000;3,23
2020-07-17T00:00:00+00:00;LINKHEDGE/USD;510,10000000;519,40000000;493,10000000;514,60000000;0,87
2020-07-16T00:00:00+00:00;LINKHEDGE/USD;495,15000000;534,30000000;481,90000000;510,10000000;2,93
2020-07-15T00:00:00+00:00;LINKHEDGE/USD;530,90000000;553,05000000;479,30000000;495,15000000;-7,22
2020-07-14T00:00:00+00:00;LINKHEDGE/USD;615,75000000;627,70000000;516,95000000;530,90000000;-15,98
2020-07-13T00:00:00+00:00;LINKHEDGE/USD;630,85000000;639,60000000;537,70000000;615,75000000;-2,45
2020-07-12T00:00:00+00:00;LINKHEDGE/USD;777,10000000;777,10000000;626,85000000;630,85000000;-23,18
2020-07-11T00:00:00+00:00;LINKHEDGE/USD;772,10000000;799,30000000;756,20000000;777,10000000;0,64
2020-07-10T00:00:00+00:00;LINKHEDGE/USD;778,80000000;829,80000000;765,10000000;772,10000000;-0,87
2020-07-09T00:00:00+00:00;LINKHEDGE/USD;732,40000000;824,40000000;732,40000000;778,80000000;5,96
2020-07-08T00:00:00+00:00;LINKHEDGE/USD;849,80000000;869,80000000;723,90000000;732,40000000;-16,03
2020-07-07T00:00:00+00:00;LINKHEDGE/USD;911,00000000;916,70000000;821,90000000;849,80000000;-7,2
2020-07-06T00:00:00+00:00;LINKHEDGE/USD;1052,70000000;1055,20000000;895,60000000;911,00000000;-15,55
2020-07-05T00:00:00+00:00;LINKHEDGE/USD;1038,20000000;1075,30000000;1034,00000000;1052,60000000;1,37
2020-07-04T00:00:00+00:00;LINKHEDGE/USD;1057,60000000;1064,80000000;1030,30000000;1038,20000000;-1,87
2020-07-03T00:00:00+00:00;LINKHEDGE/USD;1043,50000000;1063,70000000;1022,40000000;1057,60000000;1,33
2020-07-02T00:00:00+00:00;LINKHEDGE/USD;1064,50000000;1091,70000000;1016,00000000;1043,50000000;-2,01
2020-07-01T00:00:00+00:00;LINKHEDGE/USD;1098,90000000;1120,50000000;1058,20000000;1064,50000000;-3,23
2020-06-30T00:00:00+00:00;LINKHEDGE/USD;1086,50000000;1120,20000000;1075,90000000;1098,90000000;1,13
2020-06-29T00:00:00+00:00;LINKHEDGE/USD;1099,50000000;1133,40000000;1079,40000000;1086,50000000;-1,2
2020-06-28T00:00:00+00:00;LINKHEDGE/USD;1143,80000000;1162,80000000;1087,00000000;1099,50000000;-4,03
2020-06-27T00:00:00+00:00;LINKHEDGE/USD;1078,90000000;1168,00000000;1076,30000000;1143,80000000;5,67
2020-06-26T00:00:00+00:00;LINKHEDGE/USD;1051,00000000;1153,80000000;1039,50000000;1078,90000000;2,59
2020-06-25T00:00:00+00:00;LINKHEDGE/USD;1074,90000000;1121,30000000;1045,20000000;1051,00000000;-2,27
2020-06-24T00:00:00+00:00;LINKHEDGE/USD;1052,80000000;1121,10000000;1022,20000000;1074,90000000;2,06
2020-06-23T00:00:00+00:00;LINKHEDGE/USD;1135,20000000;1149,10000000;1018,20000000;1052,80000000;-7,83
2020-06-22T00:00:00+00:00;LINKHEDGE/USD;1217,60000000;1218,50000000;1134,20000000;1135,20000000;-7,26
2020-06-21T00:00:00+00:00;LINKHEDGE/USD;1219,70000000;1231,00000000;1196,40000000;1217,60000000;-0,17
2020-06-20T00:00:00+00:00;LINKHEDGE/USD;1244,90000000;1253,70000000;1196,80000000;1219,70000000;-2,07
2020-06-19T00:00:00+00:00;LINKHEDGE/USD;1230,80000000;1258,20000000;1207,30000000;1244,90000000;1,13
2020-06-18T00:00:00+00:00;LINKHEDGE/USD;1224,80000000;1243,70000000;1199,40000000;1230,80000000;0,49
2020-06-17T00:00:00+00:00;LINKHEDGE/USD;1259,80000000;1286,70000000;1215,10000000;1224,80000000;-2,86
2020-06-16T00:00:00+00:00;LINKHEDGE/USD;1300,70000000;1311,00000000;1241,90000000;1259,80000000;-3,25
2020-06-15T00:00:00+00:00;LINKHEDGE/USD;1295,20000000;1389,40000000;1278,70000000;1300,70000000;0,42
2020-06-14T00:00:00+00:00;LINKHEDGE/USD;1242,90000000;1302,00000000;1241,70000000;1295,20000000;4,04
2020-06-13T00:00:00+00:00;LINKHEDGE/USD;1252,30000000;1275,00000000;1236,40000000;1242,90000000;-0,76
2020-06-12T00:00:00+00:00;LINKHEDGE/USD;1296,90000000;1323,00000000;1217,80000000;1252,30000000;-3,56
2020-06-11T00:00:00+00:00;LINKHEDGE/USD;1175,50000000;1308,80000000;1167,80000000;1296,90000000;9,36
2020-06-10T00:00:00+00:00;LINKHEDGE/USD;1169,90000000;1187,20000000;1168,70000000;1175,50000000;0,48
2020-06-09T00:00:00+00:00;LINKHEDGE/USD;1162,10000000;1182,70000000;1153,50000000;1169,90000000;0,67
2020-06-08T00:00:00+00:00;LINKHEDGE/USD;1187,70000000;1193,00000000;1162,10000000;1162,10000000;-2,2
2020-06-07T00:00:00+00:00;LINKHEDGE/USD;1185,90000000;1225,00000000;1175,60000000;1187,70000000;0,15
2020-06-06T00:00:00+00:00;LINKHEDGE/USD;1186,60000000;1200,50000000;1175,60000000;1185,90000000;-0,06
2020-06-05T00:00:00+00:00;LINKHEDGE/USD;1171,70000000;1189,60000000;1156,90000000;1186,60000000;1,26
2020-06-04T00:00:00+00:00;LINKHEDGE/USD;1154,00000000;1213,70000000;1149,60000000;1171,70000000;1,51
2020-06-03T00:00:00+00:00;LINKHEDGE/USD;1178,10000000;1208,20000000;1143,90000000;1154,00000000;-2,09
2020-06-02T00:00:00+00:00;LINKHEDGE/USD;1176,70000000;1255,90000000;1117,50000000;1178,10000000;0,12
2020-06-01T00:00:00+00:00;LINKHEDGE/USD;1254,80000000;1261,50000000;1150,20000000;1176,70000000;-6,64
2020-05-31T00:00:00+00:00;LINKHEDGE/USD;1239,40000000;1279,30000000;1207,90000000;1254,80000000;1,23
2020-05-30T00:00:00+00:00;LINKHEDGE/USD;1298,10000000;1310,00000000;1238,40000000;1239,40000000;-4,74
2020-05-29T00:00:00+00:00;LINKHEDGE/USD;1285,10000000;1307,00000000;1256,80000000;1298,10000000;1,0
2020-05-28T00:00:00+00:00;LINKHEDGE/USD;1342,40000000;1352,90000000;1278,10000000;1285,10000000;-4,46
2020-05-27T00:00:00+00:00;LINKHEDGE/USD;1347,20000000;1359,50000000;1301,50000000;1342,40000000;-0,36
2020-05-26T00:00:00+00:00;LINKHEDGE/USD;1341,10000000;1372,00000000;1316,60000000;1347,20000000;0,45
2020-05-25T00:00:00+00:00;LINKHEDGE/USD;1365,40000000;1372,10000000;1323,60000000;1341,10000000;-1,81
2020-05-24T00:00:00+00:00;LINKHEDGE/USD;1323,50000000;1366,60000000;1291,30000000;1365,40000000;3,07
2020-05-23T00:00:00+00:00;LINKHEDGE/USD;1283,90000000;1332,10000000;1268,40000000;1323,50000000;2,99
2020-05-22T00:00:00+00:00;LINKHEDGE/USD;1364,80000000;1377,50000000;1253,90000000;1283,90000000;-6,3
2020-05-21T00:00:00+00:00;LINKHEDGE/USD;1282,80000000;1390,60000000;1256,00000000;1364,80000000;6,01
2020-05-20T00:00:00+00:00;LINKHEDGE/USD;1328,90000000;1349,70000000;1266,30000000;1282,80000000;-3,59
2020-05-19T00:00:00+00:00;LINKHEDGE/USD;1347,70000000;1389,90000000;1327,90000000;1328,90000000;-1,41
2020-05-18T00:00:00+00:00;LINKHEDGE/USD;1387,60000000;1389,20000000;1323,20000000;1347,70000000;-2,96
2020-05-17T00:00:00+00:00;LINKHEDGE/USD;1390,60000000;1392,70000000;1359,50000000;1387,60000000;-0,22
2020-05-16T00:00:00+00:00;LINKHEDGE/USD;1429,90000000;1446,30000000;1383,20000000;1390,60000000;-2,83
2020-05-15T00:00:00+00:00;LINKHEDGE/USD;1381,10000000;1443,00000000;1370,60000000;1429,90000000;3,41
2020-05-14T00:00:00+00:00;LINKHEDGE/USD;1391,10000000;1416,90000000;1359,50000000;1381,10000000;-0,72
2020-05-13T00:00:00+00:00;LINKHEDGE/USD;1417,90000000;1440,40000000;1377,30000000;1391,10000000;-1,93
2020-05-12T00:00:00+00:00;LINKHEDGE/USD;1465,40000000;1481,50000000;1387,20000000;1417,90000000;-3,35
2020-05-11T00:00:00+00:00;LINKHEDGE/USD;1400,30000000;1570,00000000;1378,70000000;1465,40000000;4,44
2020-05-10T00:00:00+00:00;LINKHEDGE/USD;1319,70000000;1485,70000000;1318,80000000;1400,30000000;5,76
2020-05-09T00:00:00+00:00;LINKHEDGE/USD;1397,10000000;1406,30000000;1246,90000000;1319,70000000;-5,86
2020-05-08T00:00:00+00:00;LINKHEDGE/USD;1406,30000000;1433,00000000;1375,20000000;1397,10000000;-0,66
2020-05-07T00:00:00+00:00;LINKHEDGE/USD;1477,40000000;1486,70000000;1372,70000000;1406,30000000;-5,06
2020-05-06T00:00:00+00:00;LINKHEDGE/USD;1441,20000000;1483,60000000;1407,50000000;1477,40000000;2,45
2020-05-05T00:00:00+00:00;LINKHEDGE/USD;1416,20000000;1451,60000000;1395,50000000;1441,20000000;1,73
2020-05-04T00:00:00+00:00;LINKHEDGE/USD;1431,40000000;1510,70000000;1390,70000000;1416,20000000;-1,07
2020-05-03T00:00:00+00:00;LINKHEDGE/USD;1397,20000000;1457,40000000;1379,60000000;1431,40000000;2,39
2020-05-02T00:00:00+00:00;LINKHEDGE/USD;1413,10000000;1423,00000000;1378,00000000;1397,20000000;-1,14
2020-05-01T00:00:00+00:00;LINKHEDGE/USD;1433,40000000;1434,10000000;1357,70000000;1413,10000000;-1,44
2020-04-30T00:00:00+00:00;LINKHEDGE/USD;1367,90000000;1458,30000000;1337,50000000;1433,40000000;4,57
2020-04-29T00:00:00+00:00;LINKHEDGE/USD;1462,30000000;1467,20000000;1325,10000000;1367,90000000;-6,9
2020-04-28T00:00:00+00:00;LINKHEDGE/USD;1468,40000000;1489,70000000;1406,30000000;1462,30000000;-0,42
2020-04-27T00:00:00+00:00;LINKHEDGE/USD;1436,40000000;1532,50000000;1428,10000000;1468,40000000;2,18
2020-04-26T00:00:00+00:00;LINKHEDGE/USD;1414,80000000;1466,20000000;1406,00000000;1436,40000000;1,5
2020-04-25T00:00:00+00:00;LINKHEDGE/USD;1416,10000000;1429,20000000;1372,40000000;1414,80000000;-0,09
2020-04-24T00:00:00+00:00;LINKHEDGE/USD;1426,40000000;1510,40000000;1376,10000000;1416,10000000;-0,73
2020-04-23T00:00:00+00:00;LINKHEDGE/USD;1458,80000000;1491,00000000;1365,60000000;1426,40000000;-2,27
2020-04-22T00:00:00+00:00;LINKHEDGE/USD;1561,30000000;1571,80000000;1455,60000000;1458,80000000;-7,03
2020-04-21T00:00:00+00:00;LINKHEDGE/USD;1578,70000000;1594,50000000;1511,70000000;1561,30000000;-1,11
2020-04-20T00:00:00+00:00;LINKHEDGE/USD;1512,40000000;1603,20000000;1424,60000000;1575,80000000;4,02
2020-04-19T00:00:00+00:00;LINKHEDGE/USD;1441,30000000;1540,80000000;1429,70000000;1512,40000000;4,7
2020-04-18T00:00:00+00:00;LINKHEDGE/USD;1594,25000000;1598,00000000;1419,75000000;1441,30000000;-10,61
2020-04-17T00:00:00+00:00;LINKHEDGE/USD;1581,25000000;1722,25000000;1563,00000000;1594,25000000;0,82
2020-04-16T00:00:00+00:00;LINKHEDGE/USD;1809,50000000;1891,50000000;1546,75000000;1581,25000000;-14,43
2020-04-15T00:00:00+00:00;LINKHEDGE/USD;1746,00000000;1817,75000000;1722,25000000;1809,50000000;3,51
2020-04-14T00:00:00+00:00;LINKHEDGE/USD;1697,75000000;1769,25000000;1659,50000000;1746,00000000;2,76
2020-04-13T00:00:00+00:00;LINKHEDGE/USD;1682,75000000;1747,75000000;1658,00000000;1697,75000000;0,88
2020-04-12T00:00:00+00:00;LINKHEDGE/USD;1745,50000000;1808,25000000;1560,75000000;1682,75000000;-3,73
2020-04-11T00:00:00+00:00;LINKHEDGE/USD;1792,25000000;1872,75000000;1671,75000000;1745,50000000;-2,68
2020-04-10T00:00:00+00:00;LINKHEDGE/USD;1745,25000000;1931,00000000;1740,75000000;1792,25000000;2,62
2020-04-09T00:00:00+00:00;LINKHEDGE/USD;1834,00000000;1853,50000000;1654,75000000;1745,25000000;-5,09
2020-04-08T00:00:00+00:00;LINKHEDGE/USD;2175,75000000;2184,75000000;1773,25000000;1834,00000000;-18,63
2020-04-07T00:00:00+00:00;LINKHEDGE/USD;2336,50000000;2340,75000000;2011,75000000;2175,75000000;-7,39
2020-04-06T00:00:00+00:00;LINKHEDGE/USD;2694,25000000;2694,25000000;2334,00000000;2336,50000000;-15,31
2020-04-05T00:00:00+00:00;LINKHEDGE/USD;2635,00000000;2719,50000000;2628,00000000;2694,25000000;2,2
2020-04-04T00:00:00+00:00;LINKHEDGE/USD;2659,75000000;2826,00000000;2607,00000000;2635,00000000;-0,94
2020-04-03T00:00:00+00:00;LINKHEDGE/USD;2668,25000000;2826,00000000;2559,25000000;2659,75000000;-0,32
2020-04-02T00:00:00+00:00;LINKHEDGE/USD;2685,00000000;2826,00000000;2496,00000000;2668,25000000;-0,63
2020-04-01T00:00:00+00:00;LINKHEDGE/USD;2715,00000000;2837,00000000;2658,25000000;2685,00000000;-1,12
2020-03-31T00:00:00+00:00;LINKHEDGE/USD;2890,50000000;2919,25000000;2666,00000000;2715,00000000;-6,46
2020-03-30T00:00:00+00:00;LINKHEDGE/USD;3096,00000000;3103,00000000;2802,50000000;2890,50000000;-7,11
2020-03-29T00:00:00+00:00;LINKHEDGE/USD;2928,25000000;3096,00000000;2904,50000000;3096,00000000;5,42
2020-03-28T00:00:00+00:00;LINKHEDGE/USD;2951,50000000;3077,75000000;2901,75000000;2928,25000000;-0,79
2020-03-27T00:00:00+00:00;LINKHEDGE/USD;2755,25000000;2979,50000000;2698,25000000;2951,50000000;6,65
2020-03-26T00:00:00+00:00;LINKHEDGE/USD;2835,25000000;2873,50000000;2755,25000000;2755,25000000;-2,9
2020-03-25T00:00:00+00:00;LINKHEDGE/USD;2768,25000000;2924,75000000;2725,00000000;2835,25000000;2,36
2020-03-24T00:00:00+00:00;LINKHEDGE/USD;2852,50000000;2915,25000000;2697,75000000;2768,25000000;-3,04
2020-03-23T00:00:00+00:00;LINKHEDGE/USD;3304,50000000;3377,50000000;2817,50000000;2852,50000000;-15,85
2020-03-22T00:00:00+00:00;LINKHEDGE/USD;2938,50000000;3376,75000000;2867,00000000;3304,50000000;11,08
2020-03-21T00:00:00+00:00;LINKHEDGE/USD;2962,75000000;3155,50000000;2814,00000000;2938,50000000;-0,83
2020-03-20T00:00:00+00:00;LINKHEDGE/USD;3105,75000000;3190,50000000;2577,75000000;2963,75000000;-4,79
2020-03-19T00:00:00+00:00;LINKHEDGE/USD;3664,50000000;3774,00000000;2930,75000000;3105,75000000;-17,99
2020-03-18T00:00:00+00:00;LINKHEDGE/USD;3856,00000000;4050,00000000;3659,00000000;3664,50000000;-5,23
2020-03-17T00:00:00+00:00;LINKHEDGE/USD;4173,00000000;4281,00000000;3506,50000000;3856,00000000;-8,22
2020-03-16T00:00:00+00:00;LINKHEDGE/USD;3643,50000000;4609,00000000;3642,00000000;4173,00000000;12,69
2020-03-15T00:00:00+00:00;LINKHEDGE/USD;3573,00000000;3769,00000000;3121,50000000;3643,50000000;1,93
2020-03-14T00:00:00+00:00;LINKHEDGE/USD;3201,50000000;3674,00000000;3070,00000000;3573,00000000;10,4
2020-03-13T00:00:00+00:00;LINKHEDGE/USD;4054,50000000;5302,50000000;2881,00000000;3201,50000000;-26,64
2020-03-12T00:00:00+00:00;LINKHEDGE/USD;2763,75000000;4212,50000000;2740,75000000;4054,50000000;31,83
2020-03-11T00:00:00+00:00;LINKHEDGE/USD;2603,00000000;2935,50000000;2573,00000000;2763,75000000;5,82
2020-03-10T00:00:00+00:00;LINKHEDGE/USD;2576,00000000;2705,50000000;2528,75000000;2603,00000000;1,04
2020-03-09T00:00:00+00:00;LINKHEDGE/USD;2628,25000000;2900,75000000;2426,00000000;2576,00000000;-2,03
2020-03-08T00:00:00+00:00;LINKHEDGE/USD;2463,25000000;2738,75000000;2425,75000000;2626,25000000;6,21
2020-03-07T00:00:00+00:00;LINKHEDGE/USD;2299,25000000;2478,00000000;2297,50000000;2463,25000000;6,66
2020-03-06T00:00:00+00:00;LINKHEDGE/USD;2290,75000000;2373,50000000;2268,50000000;2299,25000000;0,37
2020-03-05T00:00:00+00:00;LINKHEDGE/USD;2340,50000000;2340,50000000;2198,50000000;2290,75000000;-2,17
2020-03-04T00:00:00+00:00;LINKHEDGE/USD;2371,75000000;2398,50000000;2171,00000000;2340,50000000;-1,34
2020-03-03T00:00:00+00:00;LINKHEDGE/USD;2590,25000000;2646,50000000;2312,25000000;2371,75000000;-9,21
2020-03-02T00:00:00+00:00;LINKHEDGE/USD;2878,25000000;2907,50000000;2517,75000000;2590,25000000;-11,12
2020-03-01T00:00:00+00:00;LINKHEDGE/USD;2747,50000000;2946,50000000;2629,00000000;2878,25000000;4,54
2020-02-29T00:00:00+00:00;LINKHEDGE/USD;2686,00000000;2750,50000000;2571,50000000;2746,75000000;2,21
2020-02-28T00:00:00+00:00;LINKHEDGE/USD;2840,75000000;2984,75000000;2633,00000000;2686,00000000;-5,76
2020-02-27T00:00:00+00:00;LINKHEDGE/USD;3235,50000000;3364,00000000;2728,75000000;2841,25000000;-13,88
2020-02-26T00:00:00+00:00;LINKHEDGE/USD;3291,00000000;3471,00000000;2963,00000000;3236,50000000;-1,68
2020-02-25T00:00:00+00:00;LINKHEDGE/USD;2967,25000000;3291,00000000;2937,25000000;3291,00000000;9,84
2020-02-24T00:00:00+00:00;LINKHEDGE/USD;2749,50000000;3042,75000000;2715,50000000;2967,25000000;7,34
2020-02-23T00:00:00+00:00;LINKHEDGE/USD;2846,50000000;2864,75000000;2657,75000000;2742,00000000;-3,81
2020-02-22T00:00:00+00:00;LINKHEDGE/USD;2735,00000000;2877,00000000;2695,75000000;2845,75000000;3,89
2020-02-21T00:00:00+00:00;LINKHEDGE/USD;2740,50000000;2791,00000000;2591,00000000;2735,00000000;-0,2
2020-02-20T00:00:00+00:00;LINKHEDGE/USD;2667,25000000;2865,25000000;2610,50000000;2739,50000000;2,64
2020-02-19T00:00:00+00:00;LINKHEDGE/USD;2564,00000000;2765,75000000;2397,00000000;2666,50000000;3,84
2020-02-18T00:00:00+00:00;LINKHEDGE/USD;2725,75000000;2828,25000000;2516,00000000;2564,75000000;-6,28
2020-02-17T00:00:00+00:00;LINKHEDGE/USD;2638,50000000;2985,75000000;2579,75000000;2726,50000000;3,23
2020-02-16T00:00:00+00:00;LINKHEDGE/USD;2727,00000000;2916,50000000;2385,25000000;2638,50000000;-3,35
2020-02-15T00:00:00+00:00;LINKHEDGE/USD;2654,25000000;2884,25000000;2551,25000000;2727,75000000;2,69
2020-02-14T00:00:00+00:00;LINKHEDGE/USD;3091,75000000;3156,50000000;2617,50000000;2654,25000000;-16,48
2020-02-13T00:00:00+00:00;LINKHEDGE/USD;2991,00000000;3216,50000000;2906,25000000;3091,25000000;3,24
2020-02-12T00:00:00+00:00;LINKHEDGE/USD;2989,50000000;3088,25000000;2835,25000000;2992,00000000;0,08
2020-02-11T00:00:00+00:00;LINKHEDGE/USD;3610,00000000;3653,00000000;2984,50000000;2989,50000000;-20,76
2020-02-10T00:00:00+00:00;LINKHEDGE/USD;3492,00000000;3710,00000000;3488,50000000;3610,00000000;3,27
2020-02-09T00:00:00+00:00;LINKHEDGE/USD;3572,50000000;3765,00000000;3486,00000000;3491,00000000;-2,33
2020-02-08T00:00:00+00:00;LINKHEDGE/USD;3702,00000000;3903,50000000;3507,00000000;3572,50000000;-3,62
2020-02-07T00:00:00+00:00;LINKHEDGE/USD;4317,00000000;4318,00000000;3640,00000000;3702,00000000;-16,61
2020-02-06T00:00:00+00:00;LINKHEDGE/USD;4381,00000000;4451,50000000;4239,00000000;4317,00000000;-1,48
2020-02-05T00:00:00+00:00;LINKHEDGE/USD;4564,00000000;4580,50000000;4309,50000000;4381,00000000;-4,18
2020-02-04T00:00:00+00:00;LINKHEDGE/USD;4500,00000000;4660,50000000;4451,50000000;4564,00000000;1,4
2020-02-03T00:00:00+00:00;LINKHEDGE/USD;4409,50000000;4542,50000000;4318,00000000;4500,00000000;2,01
2020-02-02T00:00:00+00:00;LINKHEDGE/USD;4385,50000000;4560,50000000;4304,50000000;4409,50000000;0,54
2020-02-01T00:00:00+00:00;LINKHEDGE/USD;4400,00000000;4531,00000000;4308,50000000;4385,50000000;-0,33
2020-01-31T00:00:00+00:00;LINKHEDGE/USD;4268,50000000;4494,00000000;4265,50000000;4400,00000000;2,99
2020-01-30T00:00:00+00:00;LINKHEDGE/USD;4480,00000000;4581,50000000;4214,50000000;4268,50000000;-4,95
2020-01-29T00:00:00+00:00;LINKHEDGE/USD;4681,00000000;4714,50000000;4388,50000000;4480,00000000;-4,49
2020-01-28T00:00:00+00:00;LINKHEDGE/USD;4769,00000000;4807,50000000;4650,00000000;4686,00000000;-1,77
2020-01-27T00:00:00+00:00;LINKHEDGE/USD;4828,50000000;4846,50000000;4644,00000000;4769,00000000;-1,25
2020-01-26T00:00:00+00:00;LINKHEDGE/USD;5104,50000000;5138,50000000;4828,00000000;4828,50000000;-5,72
2020-01-25T00:00:00+00:00;LINKHEDGE/USD;4984,00000000;5141,50000000;4969,50000000;5104,50000000;2,36
2020-01-24T00:00:00+00:00;LINKHEDGE/USD;5060,00000000;5275,00000000;4927,00000000;4984,00000000;-1,52
2020-01-23T00:00:00+00:00;LINKHEDGE/USD;4736,50000000;5133,50000000;4734,00000000;5060,00000000;6,39
2020-01-22T00:00:00+00:00;LINKHEDGE/USD;4680,50000000;4775,00000000;4648,50000000;4736,50000000;1,18
2020-01-21T00:00:00+00:00;LINKHEDGE/USD;4641,50000000;4860,50000000;4553,50000000;4679,50000000;0,81
2020-01-20T00:00:00+00:00;LINKHEDGE/USD;4759,50000000;4904,50000000;4546,00000000;4641,50000000;-2,54
2020-01-19T00:00:00+00:00;LINKHEDGE/USD;4509,50000000;4902,00000000;4385,50000000;4759,50000000;5,25
2020-01-18T00:00:00+00:00;LINKHEDGE/USD;4637,50000000;4849,00000000;4471,00000000;4509,50000000;-2,84
2020-01-17T00:00:00+00:00;LINKHEDGE/USD;5127,00000000;5189,50000000;4378,00000000;4638,00000000;-10,54
2020-01-16T00:00:00+00:00;LINKHEDGE/USD;5332,00000000;5559,50000000;5094,50000000;5127,00000000;-4,0
2020-01-15T00:00:00+00:00;LINKHEDGE/USD;5356,50000000;5459,00000000;4959,00000000;5323,00000000;-0,63
2020-01-14T00:00:00+00:00;LINKHEDGE/USD;5860,00000000;5880,00000000;5110,00000000;5356,50000000;-9,4
2020-01-13T00:00:00+00:00;LINKHEDGE/USD;5733,50000000;5948,00000000;5733,50000000;5862,00000000;2,19
2020-01-12T00:00:00+00:00;LINKHEDGE/USD;5683,00000000;5819,00000000;5567,50000000;5732,00000000;0,85
2020-01-11T00:00:00+00:00;LINKHEDGE/USD;5793,50000000;5817,50000000;5491,50000000;5682,00000000;-1,96
2020-01-10T00:00:00+00:00;LINKHEDGE/USD;5910,00000000;6023,00000000;5748,00000000;5794,00000000;-2,0
2020-01-09T00:00:00+00:00;LINKHEDGE/USD;5902,50000000;6147,00000000;5785,00000000;5906,50000000;0,07
2020-01-08T00:00:00+00:00;LINKHEDGE/USD;6170,00000000;6174,00000000;5475,00000000;5901,50000000;-4,55
2020-01-07T00:00:00+00:00;LINKHEDGE/USD;6763,50000000;6887,00000000;6067,00000000;6172,00000000;-9,58

