DATE/TIME;SYMBOL;OPEN;HIGH;LOW;CLOSE;EVOL % CLOSE/HIGH
2022-01-05T00:00:00+00:00;ALTHEDGE/USD;97,83000000;98,23000000;95,08000000;95,82000000;-2,1
2022-01-04T00:00:00+00:00;ALTHEDGE/USD;96,90000000;98,72000000;94,97000000;97,83000000;0,95
2022-01-03T00:00:00+00:00;ALTHEDGE/USD;94,80000000;98,95000000;94,23000000;96,90000000;2,17
2022-01-02T00:00:00+00:00;ALTHEDGE/USD;96,13000000;98,95000000;93,93000000;94,80000000;-1,4
2022-01-01T00:00:00+00:00;ALTHEDGE/USD;99,48000000;99,49000000;96,06000000;96,13000000;-3,48
2021-12-31T00:00:00+00:00;ALTHEDGE/USD;96,63000000;101,01000000;95,96000000;99,48000000;2,86
2021-12-30T00:00:00+00:00;ALTHEDGE/USD;99,59000000;100,96000000;95,87000000;96,63000000;-3,06
2021-12-29T00:00:00+00:00;ALTHEDGE/USD;96,07000000;100,10000000;94,81000000;99,59000000;3,53
2021-12-28T00:00:00+00:00;ALTHEDGE/USD;89,83000000;96,65000000;89,78000000;96,07000000;6,5
2021-12-27T00:00:00+00:00;ALTHEDGE/USD;91,65000000;92,01000000;88,09000000;89,78000000;-2,08
2021-12-26T00:00:00+00:00;ALTHEDGE/USD;92,25000000;93,86000000;91,08000000;91,65000000;-0,65
2021-12-25T00:00:00+00:00;ALTHEDGE/USD;93,98000000;94,06000000;91,43000000;92,25000000;-1,88
2021-12-24T00:00:00+00:00;ALTHEDGE/USD;91,33000000;94,19000000;90,91000000;93,98000000;2,82
2021-12-23T00:00:00+00:00;ALTHEDGE/USD;95,78000000;96,90000000;90,65000000;91,33000000;-4,87
2021-12-22T00:00:00+00:00;ALTHEDGE/USD;97,83000000;98,41000000;94,57000000;95,78000000;-2,14
2021-12-21T00:00:00+00:00;ALTHEDGE/USD;100,45000000;101,15000000;97,15000000;97,83000000;-2,68
2021-12-20T00:00:00+00:00;ALTHEDGE/USD;99,86000000;103,78000000;98,99000000;100,50000000;0,64
2021-12-19T00:00:00+00:00;ALTHEDGE/USD;99,66000000;101,80000000;97,31000000;99,86000000;0,2
2021-12-18T00:00:00+00:00;ALTHEDGE/USD;101,80000000;103,44000000;98,92000000;99,66000000;-2,15
2021-12-17T00:00:00+00:00;ALTHEDGE/USD;99,94000000;104,38000000;97,78000000;101,80000000;1,83
2021-12-16T00:00:00+00:00;ALTHEDGE/USD;97,49000000;100,04000000;96,13000000;99,94000000;2,45
2021-12-15T00:00:00+00:00;ALTHEDGE/USD;100,63000000;105,00000000;96,12000000;97,49000000;-3,22
2021-12-14T00:00:00+00:00;ALTHEDGE/USD;103,37000000;104,62000000;100,01000000;100,63000000;-2,72
2021-12-13T00:00:00+00:00;ALTHEDGE/USD;95,02000000;104,94000000;94,48000000;103,37000000;8,08
2021-12-12T00:00:00+00:00;ALTHEDGE/USD;96,28000000;98,21000000;93,93000000;94,86000000;-1,5
2021-12-11T00:00:00+00:00;ALTHEDGE/USD;100,75000000;102,11000000;96,05000000;96,28000000;-4,64
2021-12-10T00:00:00+00:00;ALTHEDGE/USD;96,88000000;100,98000000;94,08000000;100,75000000;3,84
2021-12-09T00:00:00+00:00;ALTHEDGE/USD;91,46000000;97,19000000;90,43000000;96,88000000;5,59
2021-12-08T00:00:00+00:00;ALTHEDGE/USD;94,62000000;96,31000000;91,39000000;91,46000000;-3,46
2021-12-07T00:00:00+00:00;ALTHEDGE/USD;95,38000000;96,95000000;92,32000000;94,62000000;-0,8
2021-12-06T00:00:00+00:00;ALTHEDGE/USD;98,06000000;103,23000000;94,14000000;94,69000000;-3,56
2021-12-05T00:00:00+00:00;ALTHEDGE/USD;98,06000000;99,43000000;98,06000000;98,06000000;0,0
2021-12-04T00:00:00+00:00;ALTHEDGE/USD;90,14000000;107,78000000;90,14000000;98,06000000;8,08
2021-12-03T00:00:00+00:00;ALTHEDGE/USD;85,28000000;90,14000000;85,10000000;90,14000000;5,39
2021-12-02T00:00:00+00:00;ALTHEDGE/USD;84,14000000;86,58000000;84,08000000;85,28000000;1,34
2021-12-01T00:00:00+00:00;ALTHEDGE/USD;83,88000000;85,03000000;82,87000000;84,14000000;0,31
2021-11-30T00:00:00+00:00;ALTHEDGE/USD;86,72000000;87,62000000;81,88000000;83,88000000;-3,39
2021-11-29T00:00:00+00:00;ALTHEDGE/USD;89,31000000;89,97000000;83,99000000;86,72000000;-2,99
2021-11-28T00:00:00+00:00;ALTHEDGE/USD;88,55000000;94,74000000;88,30000000;89,31000000;0,85
2021-11-27T00:00:00+00:00;ALTHEDGE/USD;93,20000000;93,20000000;87,11000000;88,55000000;-5,25
2021-11-26T00:00:00+00:00;ALTHEDGE/USD;82,66000000;93,20000000;82,66000000;93,20000000;11,31
2021-11-25T00:00:00+00:00;ALTHEDGE/USD;85,60000000;85,60000000;80,69000000;82,66000000;-3,56
2021-11-24T00:00:00+00:00;ALTHEDGE/USD;85,63000000;87,95000000;85,20000000;85,60000000;-0,04
2021-11-23T00:00:00+00:00;ALTHEDGE/USD;88,68000000;89,13000000;84,63000000;85,63000000;-3,56
2021-11-22T00:00:00+00:00;ALTHEDGE/USD;84,67000000;89,13000000;84,36000000;88,68000000;4,52
2021-11-21T00:00:00+00:00;ALTHEDGE/USD;82,79000000;84,82000000;82,71000000;84,67000000;2,22
2021-11-20T00:00:00+00:00;ALTHEDGE/USD;85,00000000;86,17000000;82,73000000;82,79000000;-2,67
2021-11-19T00:00:00+00:00;ALTHEDGE/USD;91,51000000;92,59000000;84,68000000;85,00000000;-7,66
2021-11-18T00:00:00+00:00;ALTHEDGE/USD;85,25000000;92,82000000;83,68000000;91,51000000;6,84
2021-11-17T00:00:00+00:00;ALTHEDGE/USD;85,25000000;88,46000000;84,72000000;85,25000000;0,0
2021-11-16T00:00:00+00:00;ALTHEDGE/USD;79,05000000;87,56000000;78,76000000;85,25000000;7,27
2021-11-15T00:00:00+00:00;ALTHEDGE/USD;77,70000000;79,38000000;76,72000000;79,05000000;1,71
2021-11-14T00:00:00+00:00;ALTHEDGE/USD;77,95000000;79,42000000;77,13000000;77,70000000;-0,32
2021-11-13T00:00:00+00:00;ALTHEDGE/USD;79,11000000;79,96000000;77,30000000;77,95000000;-1,49
2021-11-12T00:00:00+00:00;ALTHEDGE/USD;77,53000000;81,30000000;76,92000000;79,11000000;2,0
2021-11-11T00:00:00+00:00;ALTHEDGE/USD;79,24000000;79,79000000;76,31000000;77,53000000;-2,21
2021-11-10T00:00:00+00:00;ALTHEDGE/USD;75,30000000;81,30000000;73,23000000;79,24000000;4,97
2021-11-09T00:00:00+00:00;ALTHEDGE/USD;75,71000000;75,93000000;73,93000000;75,30000000;-0,54
2021-11-08T00:00:00+00:00;ALTHEDGE/USD;78,69000000;78,71000000;75,63000000;75,71000000;-3,94
2021-11-07T00:00:00+00:00;ALTHEDGE/USD;80,33000000;81,02000000;78,05000000;78,69000000;-2,08
2021-11-06T00:00:00+00:00;ALTHEDGE/USD;81,49000000;83,79000000;80,33000000;80,33000000;-1,44
2021-11-05T00:00:00+00:00;ALTHEDGE/USD;82,08000000;83,19000000;80,63000000;81,49000000;-0,72
2021-11-04T00:00:00+00:00;ALTHEDGE/USD;81,07000000;83,72000000;80,82000000;82,08000000;1,23
2021-11-03T00:00:00+00:00;ALTHEDGE/USD;83,23000000;84,27000000;80,86000000;81,07000000;-2,66
2021-11-02T00:00:00+00:00;ALTHEDGE/USD;85,64000000;86,91000000;82,81000000;83,23000000;-2,9
2021-11-01T00:00:00+00:00;ALTHEDGE/USD;88,65000000;90,62000000;85,39000000;85,64000000;-3,51
2021-10-31T00:00:00+00:00;ALTHEDGE/USD;88,78000000;90,91000000;87,55000000;88,65000000;-0,15
2021-10-30T00:00:00+00:00;ALTHEDGE/USD;87,17000000;89,84000000;86,94000000;88,78000000;1,81
2021-10-29T00:00:00+00:00;ALTHEDGE/USD;90,48000000;90,84000000;86,95000000;87,17000000;-3,8
2021-10-28T00:00:00+00:00;ALTHEDGE/USD;97,01000000;97,58000000;89,71000000;90,48000000;-7,22
2021-10-27T00:00:00+00:00;ALTHEDGE/USD;89,50000000;97,13000000;88,13000000;97,01000000;7,74
2021-10-26T00:00:00+00:00;ALTHEDGE/USD;89,34000000;90,53000000;87,69000000;89,50000000;0,18
2021-10-25T00:00:00+00:00;ALTHEDGE/USD;90,68000000;90,95000000;88,67000000;89,34000000;-1,5
2021-10-24T00:00:00+00:00;ALTHEDGE/USD;88,38000000;92,46000000;88,38000000;90,68000000;2,54
2021-10-23T00:00:00+00:00;ALTHEDGE/USD;91,38000000;91,93000000;88,38000000;88,38000000;-3,39
2021-10-22T00:00:00+00:00;ALTHEDGE/USD;91,15000000;91,93000000;88,15000000;91,38000000;0,25
2021-10-21T00:00:00+00:00;ALTHEDGE/USD;88,31000000;91,49000000;86,13000000;91,15000000;3,12
2021-10-20T00:00:00+00:00;ALTHEDGE/USD;93,17000000;93,73000000;87,95000000;88,31000000;-5,5
2021-10-19T00:00:00+00:00;ALTHEDGE/USD;94,02000000;94,45000000;92,22000000;93,17000000;-0,91
2021-10-18T00:00:00+00:00;ALTHEDGE/USD;93,58000000;95,31000000;92,54000000;94,02000000;0,47
2021-10-17T00:00:00+00:00;ALTHEDGE/USD;92,88000000;96,42000000;92,20000000;93,58000000;0,75
2021-10-16T00:00:00+00:00;ALTHEDGE/USD;91,49000000;93,32000000;90,25000000;92,55000000;1,15
2021-10-15T00:00:00+00:00;ALTHEDGE/USD;93,38000000;95,64000000;91,07000000;91,49000000;-2,07
2021-10-14T00:00:00+00:00;ALTHEDGE/USD;94,46000000;95,01000000;92,66000000;93,38000000;-1,16
2021-10-13T00:00:00+00:00;ALTHEDGE/USD;100,21000000;101,72000000;94,09000000;94,46000000;-6,09
2021-10-12T00:00:00+00:00;ALTHEDGE/USD;100,23000000;105,52000000;99,98000000;100,21000000;-0,02
2021-10-11T00:00:00+00:00;ALTHEDGE/USD;101,34000000;102,45000000;97,17000000;100,23000000;-1,11
2021-10-10T00:00:00+00:00;ALTHEDGE/USD;97,75000000;101,76000000;96,74000000;101,34000000;3,54
2021-10-09T00:00:00+00:00;ALTHEDGE/USD;100,13000000;100,92000000;96,95000000;97,75000000;-2,43
2021-10-08T00:00:00+00:00;ALTHEDGE/USD;98,35000000;100,79000000;97,28000000;100,13000000;1,78
2021-10-07T00:00:00+00:00;ALTHEDGE/USD;99,77000000;102,53000000;96,55000000;98,35000000;-1,44
2021-10-06T00:00:00+00:00;ALTHEDGE/USD;100,35000000;105,63000000;98,84000000;99,77000000;-0,58
2021-10-05T00:00:00+00:00;ALTHEDGE/USD;103,20000000;103,73000000;99,74000000;100,35000000;-2,84
2021-10-04T00:00:00+00:00;ALTHEDGE/USD;101,33000000;106,08000000;101,33000000;103,20000000;1,81
2021-10-03T00:00:00+00:00;ALTHEDGE/USD;102,30000000;103,61000000;99,75000000;101,33000000;-0,96
2021-10-02T00:00:00+00:00;ALTHEDGE/USD;103,74000000;105,32000000;100,04000000;102,30000000;-1,41
2021-10-01T00:00:00+00:00;ALTHEDGE/USD;113,89000000;114,89000000;103,10000000;103,74000000;-9,78
2021-09-30T00:00:00+00:00;ALTHEDGE/USD;119,07000000;119,67000000;113,23000000;113,89000000;-4,55
2021-09-29T00:00:00+00:00;ALTHEDGE/USD;123,49000000;124,19000000;115,31000000;119,11000000;-3,68
2021-09-28T00:00:00+00:00;ALTHEDGE/USD;119,53000000;123,90000000;117,83000000;123,49000000;3,21
2021-09-27T00:00:00+00:00;ALTHEDGE/USD;115,41000000;119,59000000;112,02000000;119,53000000;3,45
2021-09-26T00:00:00+00:00;ALTHEDGE/USD;114,20000000;122,23000000;113,45000000;115,41000000;1,05
2021-09-25T00:00:00+00:00;ALTHEDGE/USD;114,56000000;116,76000000;111,80000000;114,20000000;-0,32
2021-09-24T00:00:00+00:00;ALTHEDGE/USD;107,81000000;121,08000000;107,76000000;114,56000000;5,89
2021-09-23T00:00:00+00:00;ALTHEDGE/USD;110,95000000;113,54000000;107,81000000;107,81000000;-2,91
2021-09-22T00:00:00+00:00;ALTHEDGE/USD;127,36000000;127,46000000;110,84000000;110,95000000;-14,79
2021-09-21T00:00:00+00:00;ALTHEDGE/USD;119,89000000;129,56000000;115,10000000;127,36000000;5,87
2021-09-20T00:00:00+00:00;ALTHEDGE/USD;107,95000000;122,71000000;107,49000000;119,89000000;9,96
2021-09-19T00:00:00+00:00;ALTHEDGE/USD;105,46000000;109,07000000;104,98000000;107,95000000;2,31
2021-09-18T00:00:00+00:00;ALTHEDGE/USD;106,87000000;108,05000000;103,26000000;105,46000000;-1,34
2021-09-17T00:00:00+00:00;ALTHEDGE/USD;102,68000000;107,95000000;101,26000000;106,87000000;3,92
2021-09-16T00:00:00+00:00;ALTHEDGE/USD;100,66000000;104,74000000;100,46000000;102,68000000;1,97
2021-09-15T00:00:00+00:00;ALTHEDGE/USD;104,14000000;107,12000000;100,26000000;100,70000000;-3,42
2021-09-14T00:00:00+00:00;ALTHEDGE/USD;108,49000000;109,27000000;104,03000000;104,14000000;-4,18
2021-09-13T00:00:00+00:00;ALTHEDGE/USD;103,43000000;111,29000000;102,29000000;108,49000000;4,66
2021-09-12T00:00:00+00:00;ALTHEDGE/USD;107,29000000;109,46000000;101,67000000;103,63000000;-3,53
2021-09-11T00:00:00+00:00;ALTHEDGE/USD;112,00000000;112,67000000;103,87000000;107,29000000;-4,39
2021-09-10T00:00:00+00:00;ALTHEDGE/USD;106,85000000;114,24000000;102,92000000;112,00000000;4,6
2021-09-09T00:00:00+00:00;ALTHEDGE/USD;108,19000000;110,54000000;104,02000000;107,08000000;-1,04
2021-09-08T00:00:00+00:00;ALTHEDGE/USD;107,94000000;116,08000000;106,60000000;108,19000000;0,23
2021-09-07T00:00:00+00:00;ALTHEDGE/USD;94,25000000;117,46000000;93,41000000;107,94000000;12,68
2021-09-06T00:00:00+00:00;ALTHEDGE/USD;93,57000000;95,38000000;92,45000000;94,25000000;0,72
2021-09-05T00:00:00+00:00;ALTHEDGE/USD;97,17000000;97,86000000;93,26000000;93,57000000;-3,85
2021-09-04T00:00:00+00:00;ALTHEDGE/USD;95,07000000;97,80000000;94,78000000;97,17000000;2,16
2021-09-03T00:00:00+00:00;ALTHEDGE/USD;97,82000000;99,76000000;94,50000000;95,07000000;-2,89
2021-09-02T00:00:00+00:00;ALTHEDGE/USD;98,44000000;99,52000000;95,95000000;97,82000000;-0,63
2021-09-01T00:00:00+00:00;ALTHEDGE/USD;104,83000000;106,53000000;98,29000000;98,44000000;-6,49
2021-08-31T00:00:00+00:00;ALTHEDGE/USD;109,38000000;110,65000000;103,40000000;104,83000000;-4,34
2021-08-30T00:00:00+00:00;ALTHEDGE/USD;106,46000000;109,99000000;105,52000000;109,38000000;2,67
2021-08-29T00:00:00+00:00;ALTHEDGE/USD;106,46000000;108,51000000;104,80000000;106,46000000;0,0
2021-08-28T00:00:00+00:00;ALTHEDGE/USD;104,23000000;107,59000000;103,98000000;106,46000000;2,09
2021-08-27T00:00:00+00:00;ALTHEDGE/USD;114,21000000;115,91000000;104,21000000;104,23000000;-9,57
2021-08-26T00:00:00+00:00;ALTHEDGE/USD;107,70000000;115,18000000;105,86000000;114,21000000;5,7
2021-08-25T00:00:00+00:00;ALTHEDGE/USD;110,60000000;113,16000000;106,78000000;107,70000000;-2,69
2021-08-24T00:00:00+00:00;ALTHEDGE/USD;103,69000000;112,32000000;103,15000000;110,53000000;6,19
2021-08-23T00:00:00+00:00;ALTHEDGE/USD;110,08000000;110,62000000;102,52000000;103,69000000;-6,16
2021-08-22T00:00:00+00:00;ALTHEDGE/USD;113,08000000;114,50000000;109,11000000;110,08000000;-2,73
2021-08-21T00:00:00+00:00;ALTHEDGE/USD;111,50000000;114,14000000;110,16000000;113,08000000;1,4
2021-08-20T00:00:00+00:00;ALTHEDGE/USD;115,40000000;117,00000000;110,29000000;111,50000000;-3,5
2021-08-19T00:00:00+00:00;ALTHEDGE/USD;127,13000000;129,50000000;115,31000000;115,40000000;-10,16
2021-08-18T00:00:00+00:00;ALTHEDGE/USD;129,85000000;134,08000000;122,93000000;127,13000000;-2,14
2021-08-17T00:00:00+00:00;ALTHEDGE/USD;124,05000000;130,56000000;118,67000000;129,85000000;4,47
2021-08-16T00:00:00+00:00;ALTHEDGE/USD;120,38000000;124,52500000;117,55000000;124,05000000;2,96
2021-08-15T00:00:00+00:00;ALTHEDGE/USD;121,43000000;125,90000000;119,65000000;120,38000000;-0,87
2021-08-14T00:00:00+00:00;ALTHEDGE/USD;124,34000000;126,57000000;120,38000000;121,43000000;-2,4
2021-08-13T00:00:00+00:00;ALTHEDGE/USD;138,39000000;139,36000000;124,17000000;124,34000000;-11,3
2021-08-12T00:00:00+00:00;ALTHEDGE/USD;136,30000000;144,26000000;131,69000000;138,31000000;1,45
2021-08-11T00:00:00+00:00;ALTHEDGE/USD;145,55000000;146,36000000;130,80000000;136,30000000;-6,79
2021-08-10T00:00:00+00:00;ALTHEDGE/USD;151,99000000;153,85000000;143,78000000;145,55000000;-4,42
2021-08-09T00:00:00+00:00;ALTHEDGE/USD;159,00000000;163,37500000;150,12500000;151,99000000;-4,61
2021-08-08T00:00:00+00:00;ALTHEDGE/USD;152,56000000;160,71000000;151,03000000;159,00000000;4,05
2021-08-07T00:00:00+00:00;ALTHEDGE/USD;161,32500000;162,37500000;151,60000000;152,56000000;-5,75
2021-08-06T00:00:00+00:00;ALTHEDGE/USD;165,50000000;168,40000000;160,02500000;161,32500000;-2,59
2021-08-05T00:00:00+00:00;ALTHEDGE/USD;167,72500000;174,32500000;164,47500000;165,50000000;-1,34
2021-08-04T00:00:00+00:00;ALTHEDGE/USD;175,02500000;178,10000000;165,95000000;167,72500000;-4,35
2021-08-03T00:00:00+00:00;ALTHEDGE/USD;173,35000000;180,02500000;170,72500000;175,02500000;0,96
2021-08-02T00:00:00+00:00;ALTHEDGE/USD;174,97500000;176,92500000;169,22500000;173,35000000;-0,94
2021-08-01T00:00:00+00:00;ALTHEDGE/USD;175,25000000;176,40000000;165,85000000;174,97500000;-0,16
2021-07-31T00:00:00+00:00;ALTHEDGE/USD;178,05000000;184,22500000;172,80000000;175,25000000;-1,6
2021-07-30T00:00:00+00:00;ALTHEDGE/USD;183,22500000;192,27500000;177,62500000;178,05000000;-2,91
2021-07-29T00:00:00+00:00;ALTHEDGE/USD;187,02500000;192,27500000;182,00000000;183,22500000;-2,07
2021-07-28T00:00:00+00:00;ALTHEDGE/USD;190,42500000;192,42500000;183,95000000;187,02500000;-1,82
2021-07-27T00:00:00+00:00;ALTHEDGE/USD;197,12500000;200,25000000;188,35000000;190,42500000;-3,52
2021-07-26T00:00:00+00:00;ALTHEDGE/USD;199,55000000;200,47500000;179,85000000;196,97500000;-1,31
2021-07-25T00:00:00+00:00;ALTHEDGE/USD;199,82500000;206,07500000;199,45000000;199,55000000;-0,14
2021-07-24T00:00:00+00:00;ALTHEDGE/USD;204,25000000;204,67500000;198,05000000;199,82500000;-2,21
2021-07-23T00:00:00+00:00;ALTHEDGE/USD;209,02500000;215,50000000;204,05000000;204,25000000;-2,34
2021-07-22T00:00:00+00:00;ALTHEDGE/USD;213,95000000;217,05000000;207,27500000;209,02500000;-2,36
2021-07-21T00:00:00+00:00;ALTHEDGE/USD;239,42500000;242,10000000;207,57500000;213,95000000;-11,91
2021-07-20T00:00:00+00:00;ALTHEDGE/USD;227,80000000;245,97500000;225,50000000;239,42500000;4,86
2021-07-19T00:00:00+00:00;ALTHEDGE/USD;215,47500000;228,87500000;214,92500000;227,80000000;5,41
2021-07-18T00:00:00+00:00;ALTHEDGE/USD;216,85000000;217,82500000;209,60000000;215,47500000;-0,64
2021-07-17T00:00:00+00:00;ALTHEDGE/USD;217,25000000;221,32500000;213,07500000;216,85000000;-0,18
2021-07-16T00:00:00+00:00;ALTHEDGE/USD;210,80000000;218,12500000;206,22500000;217,25000000;2,97
2021-07-15T00:00:00+00:00;ALTHEDGE/USD;206,12500000;213,75000000;202,40000000;210,80000000;2,22
2021-07-14T00:00:00+00:00;ALTHEDGE/USD;206,07500000;216,52500000;203,25000000;206,12500000;0,02
2021-07-13T00:00:00+00:00;ALTHEDGE/USD;200,72500000;208,40000000;199,45000000;206,07500000;2,6
2021-07-12T00:00:00+00:00;ALTHEDGE/USD;194,57500000;203,25000000;190,70000000;200,72500000;3,06
2021-07-11T00:00:00+00:00;ALTHEDGE/USD;197,10000000;199,45000000;192,50000000;194,57500000;-1,3
2021-07-10T00:00:00+00:00;ALTHEDGE/USD;195,20000000;200,05000000;192,32500000;197,10000000;0,96
2021-07-09T00:00:00+00:00;ALTHEDGE/USD;199,57500000;205,85000000;193,70000000;195,20000000;-2,24
2021-07-08T00:00:00+00:00;ALTHEDGE/USD;188,00000000;201,72500000;186,87500000;199,57500000;5,8
2021-07-07T00:00:00+00:00;ALTHEDGE/USD;189,47500000;191,70000000;182,85000000;188,00000000;-0,78
2021-07-06T00:00:00+00:00;ALTHEDGE/USD;196,60000000;196,67500000;186,62500000;189,47500000;-3,76
2021-07-05T00:00:00+00:00;ALTHEDGE/USD;189,20000000;200,02500000;189,20000000;196,60000000;3,76
2021-07-04T00:00:00+00:00;ALTHEDGE/USD;196,45000000;200,12500000;184,10000000;189,20000000;-3,83
2021-07-03T00:00:00+00:00;ALTHEDGE/USD;201,40000000;205,40000000;193,92500000;196,45000000;-2,52
2021-07-02T00:00:00+00:00;ALTHEDGE/USD;203,80000000;211,25000000;201,20000000;201,40000000;-1,19
2021-07-01T00:00:00+00:00;ALTHEDGE/USD;193,75000000;207,22500000;193,62500000;203,80000000;4,93
2021-06-30T00:00:00+00:00;ALTHEDGE/USD;195,37500000;207,25000000;191,47500000;193,75000000;-0,84
2021-06-29T00:00:00+00:00;ALTHEDGE/USD;205,75000000;206,72500000;188,35000000;195,37500000;-5,31
2021-06-28T00:00:00+00:00;ALTHEDGE/USD;209,45000000;227,27500000;201,65000000;205,75000000;-1,8
2021-06-27T00:00:00+00:00;ALTHEDGE/USD;222,62500000;227,27500000;209,02500000;209,45000000;-6,29
2021-06-26T00:00:00+00:00;ALTHEDGE/USD;222,12500000;233,40000000;216,40000000;222,62500000;0,22
2021-06-25T00:00:00+00:00;ALTHEDGE/USD;206,12500000;223,80000000;201,80000000;222,12500000;7,2
2021-06-24T00:00:00+00:00;ALTHEDGE/USD;215,75000000;223,30000000;200,92500000;206,12500000;-4,67
2021-06-23T00:00:00+00:00;ALTHEDGE/USD;239,60000000;246,87500000;205,25000000;215,75000000;-11,05
2021-06-22T00:00:00+00:00;ALTHEDGE/USD;230,72500000;268,00000000;216,85000000;239,60000000;3,7
2021-06-21T00:00:00+00:00;ALTHEDGE/USD;194,70000000;231,60000000;193,55000000;230,72500000;15,61
2021-06-20T00:00:00+00:00;ALTHEDGE/USD;199,90000000;212,47500000;193,32500000;194,70000000;-2,67
2021-06-19T00:00:00+00:00;ALTHEDGE/USD;195,72500000;199,97500000;191,92500000;199,90000000;2,09
2021-06-18T00:00:00+00:00;ALTHEDGE/USD;185,20000000;200,62500000;185,00000000;195,72500000;5,38
2021-06-17T00:00:00+00:00;ALTHEDGE/USD;186,45000000;189,07500000;179,85000000;185,20000000;-0,67
2021-06-16T00:00:00+00:00;ALTHEDGE/USD;177,42500000;187,65000000;174,67500000;186,45000000;4,84
2021-06-15T00:00:00+00:00;ALTHEDGE/USD;174,40000000;178,85000000;171,60000000;177,42500000;1,7
2021-06-14T00:00:00+00:00;ALTHEDGE/USD;180,05000000;184,55000000;174,27500000;174,40000000;-3,24
2021-06-13T00:00:00+00:00;ALTHEDGE/USD;192,87500000;198,30000000;178,82500000;180,05000000;-7,12
2021-06-12T00:00:00+00:00;ALTHEDGE/USD;192,67500000;202,67500000;190,00000000;192,87500000;0,1
2021-06-11T00:00:00+00:00;ALTHEDGE/USD;184,97500000;195,25000000;182,10000000;192,67500000;4,0
2021-06-10T00:00:00+00:00;ALTHEDGE/USD;176,85000000;188,02500000;175,85000000;184,97500000;4,39
2021-06-09T00:00:00+00:00;ALTHEDGE/USD;186,45000000;194,95000000;176,85000000;176,85000000;-5,43
2021-06-08T00:00:00+00:00;ALTHEDGE/USD;184,25000000;202,87500000;182,30000000;186,45000000;1,18
2021-06-07T00:00:00+00:00;ALTHEDGE/USD;172,10000000;185,80000000;165,95000000;184,25000000;6,59
2021-06-06T00:00:00+00:00;ALTHEDGE/USD;175,32500000;179,35000000;170,25000000;172,10000000;-1,87
2021-06-05T00:00:00+00:00;ALTHEDGE/USD;170,25000000;180,00000000;161,65000000;175,32500000;2,89
2021-06-04T00:00:00+00:00;ALTHEDGE/USD;159,15000000;177,67500000;158,77500000;170,25000000;6,52
2021-06-03T00:00:00+00:00;ALTHEDGE/USD;167,27500000;169,60000000;156,02500000;159,15000000;-5,11
2021-06-02T00:00:00+00:00;ALTHEDGE/USD;176,02500000;179,05000000;162,95000000;167,27500000;-5,23
2021-06-01T00:00:00+00:00;ALTHEDGE/USD;174,85000000;182,22500000;170,57500000;176,02500000;0,67
2021-05-31T00:00:00+00:00;ALTHEDGE/USD;196,37500000;204,80000000;174,00000000;174,85000000;-12,31
2021-05-30T00:00:00+00:00;ALTHEDGE/USD;214,27500000;224,02500000;187,75000000;196,37500000;-9,12
2021-05-29T00:00:00+00:00;ALTHEDGE/USD;201,05000000;220,62500000;191,72500000;214,27500000;6,17
2021-05-28T00:00:00+00:00;ALTHEDGE/USD;182,42500000;205,92500000;179,77500000;201,05000000;9,26
2021-05-27T00:00:00+00:00;ALTHEDGE/USD;175,60000000;189,90000000;173,55000000;182,42500000;3,74
2021-05-26T00:00:00+00:00;ALTHEDGE/USD;195,62500000;195,75000000;173,50000000;175,60000000;-11,4
2021-05-25T00:00:00+00:00;ALTHEDGE/USD;197,22500000;211,40000000;185,82500000;195,62500000;-0,82
2021-05-24T00:00:00+00:00;ALTHEDGE/USD;250,57500000;257,05000000;195,00000000;197,22500000;-27,05
2021-05-23T00:00:00+00:00;ALTHEDGE/USD;223,50000000;295,70000000;217,32500000;250,57500000;10,81
2021-05-22T00:00:00+00:00;ALTHEDGE/USD;213,07500000;236,72500000;209,57500000;223,50000000;4,66
2021-05-21T00:00:00+00:00;ALTHEDGE/USD;184,00000000;236,72500000;174,07500000;213,07500000;13,65
2021-05-20T00:00:00+00:00;ALTHEDGE/USD;212,90000000;238,32500000;174,72500000;184,00000000;-15,71
2021-05-19T00:00:00+00:00;ALTHEDGE/USD;162,65000000;238,70000000;159,92500000;212,90000000;23,6
2021-05-18T00:00:00+00:00;ALTHEDGE/USD;166,62500000;168,85000000;156,50000000;162,65000000;-2,44
2021-05-17T00:00:00+00:00;ALTHEDGE/USD;156,72000000;174,61000000;156,53000000;166,62500000;5,94
2021-05-16T00:00:00+00:00;ALTHEDGE/USD;155,61000000;165,88000000;144,42000000;156,72000000;0,71
2021-05-15T00:00:00+00:00;ALTHEDGE/USD;149,16000000;156,48000000;147,68000000;155,61000000;4,14
2021-05-14T00:00:00+00:00;ALTHEDGE/USD;162,55000000;163,67500000;149,07500000;149,16000000;-8,98
2021-05-13T00:00:00+00:00;ALTHEDGE/USD;169,85000000;178,02000000;155,65000000;162,55000000;-4,49
2021-05-12T00:00:00+00:00;ALTHEDGE/USD;152,18000000;169,85000000;147,47000000;169,85000000;10,4
2021-05-11T00:00:00+00:00;ALTHEDGE/USD;164,60000000;166,87500000;152,13000000;152,18000000;-8,16
2021-05-10T00:00:00+00:00;ALTHEDGE/USD;156,84000000;173,50000000;150,42000000;164,60000000;4,71
2021-05-09T00:00:00+00:00;ALTHEDGE/USD;161,80000000;165,92500000;156,59000000;156,84000000;-3,16
2021-05-08T00:00:00+00:00;ALTHEDGE/USD;164,02500000;166,07500000;161,17500000;161,80000000;-1,38
2021-05-07T00:00:00+00:00;ALTHEDGE/USD;162,60000000;168,72500000;160,30000000;164,02500000;0,87
2021-05-06T00:00:00+00:00;ALTHEDGE/USD;164,90000000;171,77500000;158,82500000;162,60000000;-1,41
2021-05-05T00:00:00+00:00;ALTHEDGE/USD;194,17500000;196,35000000;164,67500000;164,90000000;-17,75
2021-05-04T00:00:00+00:00;ALTHEDGE/USD;182,30000000;208,90000000;181,72500000;194,17500000;6,12
2021-05-03T00:00:00+00:00;ALTHEDGE/USD;195,15000000;203,00000000;181,50000000;182,30000000;-7,05
2021-05-02T00:00:00+00:00;ALTHEDGE/USD;192,17500000;203,40000000;191,80000000;195,15000000;1,52
2021-05-01T00:00:00+00:00;ALTHEDGE/USD;195,40000000;199,57500000;191,72500000;192,17500000;-1,68
2021-04-30T00:00:00+00:00;ALTHEDGE/USD;207,12500000;208,90000000;195,22500000;195,40000000;-6,0
2021-04-29T00:00:00+00:00;ALTHEDGE/USD;209,60000000;214,62500000;202,97500000;207,12500000;-1,19
2021-04-28T00:00:00+00:00;ALTHEDGE/USD;209,07500000;220,25000000;206,57500000;209,60000000;0,25
2021-04-27T00:00:00+00:00;ALTHEDGE/USD;223,22500000;224,05000000;208,90000000;209,07500000;-6,77
2021-04-26T00:00:00+00:00;ALTHEDGE/USD;254,62500000;254,82500000;223,22500000;223,22500000;-14,07
2021-04-25T00:00:00+00:00;ALTHEDGE/USD;257,57500000;267,27500000;243,30000000;254,62500000;-1,16
2021-04-24T00:00:00+00:00;ALTHEDGE/USD;240,75000000;266,12500000;240,60000000;257,57500000;6,53
2021-04-23T00:00:00+00:00;ALTHEDGE/USD;238,02500000;278,40000000;232,55000000;240,75000000;1,13
2021-04-22T00:00:00+00:00;ALTHEDGE/USD;226,67500000;243,50000000;212,07500000;238,02500000;4,77
2021-04-21T00:00:00+00:00;ALTHEDGE/USD;220,02500000;240,45000000;215,37500000;226,67500000;2,93
2021-04-20T00:00:00+00:00;ALTHEDGE/USD;238,72500000;252,90000000;218,47500000;220,02500000;-8,5
2021-04-19T00:00:00+00:00;ALTHEDGE/USD;226,70000000;241,92500000;200,52500000;238,72500000;5,04
2021-04-18T00:00:00+00:00;ALTHEDGE/USD;213,85000000;255,52500000;210,87500000;226,70000000;5,67
2021-04-17T00:00:00+00:00;ALTHEDGE/USD;210,17500000;214,92500000;199,97500000;213,85000000;1,72
2021-04-16T00:00:00+00:00;ALTHEDGE/USD;205,37500000;223,50000000;203,45000000;210,17500000;2,28
2021-04-15T00:00:00+00:00;ALTHEDGE/USD;205,32500000;211,42500000;202,97500000;205,37500000;0,02
2021-04-14T00:00:00+00:00;ALTHEDGE/USD;212,02500000;218,50000000;198,62500000;205,32500000;-3,26
2021-04-13T00:00:00+00:00;ALTHEDGE/USD;223,67500000;227,72500000;207,72500000;212,02500000;-5,49
2021-04-12T00:00:00+00:00;ALTHEDGE/USD;234,45000000;236,50000000;217,02500000;223,67500000;-4,82
2021-04-11T00:00:00+00:00;ALTHEDGE/USD;242,77500000;247,27500000;232,85000000;234,45000000;-3,55
2021-04-10T00:00:00+00:00;ALTHEDGE/USD;260,45000000;261,80000000;242,32500000;242,77500000;-7,28
2021-04-09T00:00:00+00:00;ALTHEDGE/USD;261,32500000;267,00000000;258,67500000;260,45000000;-0,34
2021-04-08T00:00:00+00:00;ALTHEDGE/USD;280,02500000;281,95000000;261,10000000;261,32500000;-7,16
2021-04-07T00:00:00+00:00;ALTHEDGE/USD;259,87500000;287,00000000;258,20000000;280,02500000;7,2
2021-04-06T00:00:00+00:00;ALTHEDGE/USD;270,37500000;276,97500000;258,47500000;259,87500000;-4,04
2021-04-05T00:00:00+00:00;ALTHEDGE/USD;291,97500000;303,07500000;270,25000000;270,37500000;-7,99
2021-04-04T00:00:00+00:00;ALTHEDGE/USD;310,45000000;314,45000000;291,32500000;291,97500000;-6,33
2021-04-03T00:00:00+00:00;ALTHEDGE/USD;300,52500000;311,72500000;289,15000000;310,45000000;3,2
2021-04-02T00:00:00+00:00;ALTHEDGE/USD;313,40000000;313,77500000;299,95000000;300,52500000;-4,28
2021-04-01T00:00:00+00:00;ALTHEDGE/USD;325,40000000;325,40000000;312,80000000;313,40000000;-3,83
2021-03-31T00:00:00+00:00;ALTHEDGE/USD;334,45000000;347,40000000;324,90000000;325,40000000;-2,78
2021-03-30T00:00:00+00:00;ALTHEDGE/USD;344,60000000;347,40000000;332,15000000;334,45000000;-3,03
2021-03-29T00:00:00+00:00;ALTHEDGE/USD;360,00000000;360,30000000;341,90000000;344,60000000;-4,47
2021-03-28T00:00:00+00:00;ALTHEDGE/USD;358,75000000;361,15000000;352,15000000;360,00000000;0,35
2021-03-27T00:00:00+00:00;ALTHEDGE/USD;358,20000000;367,60000000;352,70000000;358,75000000;0,15
2021-03-26T00:00:00+00:00;ALTHEDGE/USD;396,55000000;397,50000000;358,20000000;358,20000000;-10,71
2021-03-25T00:00:00+00:00;ALTHEDGE/USD;395,20000000;404,90000000;384,20000000;396,55000000;0,34
2021-03-24T00:00:00+00:00;ALTHEDGE/USD;367,70000000;404,90000000;354,25000000;395,20000000;6,96
2021-03-23T00:00:00+00:00;ALTHEDGE/USD;369,35000000;371,70000000;357,05000000;367,70000000;-0,45
2021-03-22T00:00:00+00:00;ALTHEDGE/USD;352,55000000;369,35000000;341,00000000;369,35000000;4,55
2021-03-21T00:00:00+00:00;ALTHEDGE/USD;350,60000000;362,05000000;343,80000000;352,55000000;0,55
2021-03-20T00:00:00+00:00;ALTHEDGE/USD;349,65000000;351,30000000;340,10000000;350,60000000;0,27
2021-03-19T00:00:00+00:00;ALTHEDGE/USD;360,20000000;366,45000000;343,20000000;349,65000000;-3,02
2021-03-18T00:00:00+00:00;ALTHEDGE/USD;346,25000000;360,20000000;339,65000000;360,20000000;3,87
2021-03-17T00:00:00+00:00;ALTHEDGE/USD;362,20000000;370,00000000;345,55000000;346,25000000;-4,61
2021-03-16T00:00:00+00:00;ALTHEDGE/USD;382,55000000;402,15000000;362,20000000;362,20000000;-5,62
2021-03-15T00:00:00+00:00;ALTHEDGE/USD;367,55000000;387,65000000;361,35000000;382,55000000;3,92
2021-03-14T00:00:00+00:00;ALTHEDGE/USD;353,05000000;367,55000000;353,05000000;367,55000000;3,95
2021-03-13T00:00:00+00:00;ALTHEDGE/USD;374,35000000;386,30000000;348,50000000;353,05000000;-6,03
2021-03-12T00:00:00+00:00;ALTHEDGE/USD;360,05000000;384,35000000;358,15000000;374,35000000;3,82
2021-03-11T00:00:00+00:00;ALTHEDGE/USD;360,20000000;371,20000000;349,95000000;360,05000000;-0,04
2021-03-10T00:00:00+00:00;ALTHEDGE/USD;349,40000000;366,00000000;347,30000000;360,20000000;3,0
2021-03-09T00:00:00+00:00;ALTHEDGE/USD;379,95000000;381,55000000;347,85000000;349,40000000;-8,74
2021-03-08T00:00:00+00:00;ALTHEDGE/USD;386,25000000;396,60000000;379,45000000;379,95000000;-1,66
2021-03-07T00:00:00+00:00;ALTHEDGE/USD;398,65000000;399,05000000;384,85000000;386,25000000;-3,21
2021-03-06T00:00:00+00:00;ALTHEDGE/USD;404,20000000;415,45000000;397,45000000;398,65000000;-1,39
2021-03-05T00:00:00+00:00;ALTHEDGE/USD;400,15000000;422,30000000;395,95000000;404,20000000;1,0
2021-03-04T00:00:00+00:00;ALTHEDGE/USD;380,25000000;405,50000000;370,60000000;400,15000000;4,97
2021-03-03T00:00:00+00:00;ALTHEDGE/USD;392,20000000;398,10000000;365,70000000;380,25000000;-3,14
2021-03-02T00:00:00+00:00;ALTHEDGE/USD;382,65000000;402,55000000;372,80000000;392,20000000;2,43
2021-03-01T00:00:00+00:00;ALTHEDGE/USD;416,95000000;422,40000000;378,90000000;382,65000000;-8,96
2021-02-28T00:00:00+00:00;ALTHEDGE/USD;404,10000000;444,60000000;402,85000000;416,95000000;3,08
2021-02-27T00:00:00+00:00;ALTHEDGE/USD;422,95000000;424,10000000;385,70000000;404,10000000;-4,66
2021-02-26T00:00:00+00:00;ALTHEDGE/USD;420,35000000;456,30000000;392,75000000;422,95000000;0,61
2021-02-25T00:00:00+00:00;ALTHEDGE/USD;409,65000000;424,00000000;382,80000000;420,35000000;2,55
2021-02-24T00:00:00+00:00;ALTHEDGE/USD;428,70000000;455,15000000;379,95000000;409,65000000;-4,65
2021-02-23T00:00:00+00:00;ALTHEDGE/USD;377,10000000;472,55000000;374,90000000;428,70000000;12,04
2021-02-22T00:00:00+00:00;ALTHEDGE/USD;354,40000000;415,10000000;353,55000000;377,10000000;6,02
2021-02-21T00:00:00+00:00;ALTHEDGE/USD;363,25000000;368,75000000;347,15000000;354,40000000;-2,5
2021-02-20T00:00:00+00:00;ALTHEDGE/USD;358,65000000;372,85000000;342,35000000;363,25000000;1,27
2021-02-19T00:00:00+00:00;ALTHEDGE/USD;424,00000000;425,15000000;356,65000000;358,65000000;-18,22
2021-02-18T00:00:00+00:00;ALTHEDGE/USD;436,05000000;436,05000000;418,85000000;424,00000000;-2,84
2021-02-17T00:00:00+00:00;ALTHEDGE/USD;459,30000000;474,95000000;430,35000000;436,05000000;-5,33
2021-02-16T00:00:00+00:00;ALTHEDGE/USD;466,10000000;482,55000000;451,55000000;459,30000000;-1,48
2021-02-15T00:00:00+00:00;ALTHEDGE/USD;459,65000000;509,40000000;450,30000000;466,10000000;1,38
2021-02-14T00:00:00+00:00;ALTHEDGE/USD;450,40000000;471,65000000;446,30000000;459,65000000;2,01
2021-02-13T00:00:00+00:00;ALTHEDGE/USD;466,40000000;488,90000000;450,40000000;450,40000000;-3,55
2021-02-12T00:00:00+00:00;ALTHEDGE/USD;497,00000000;508,15000000;462,05000000;466,40000000;-6,56
2021-02-11T00:00:00+00:00;ALTHEDGE/USD;515,90000000;531,55000000;494,50000000;497,00000000;-3,8
2021-02-10T00:00:00+00:00;ALTHEDGE/USD;558,40000000;559,65000000;498,75000000;515,90000000;-8,24
2021-02-09T00:00:00+00:00;ALTHEDGE/USD;599,45000000;602,75000000;556,45000000;558,40000000;-7,35
2021-02-08T00:00:00+00:00;ALTHEDGE/USD;650,65000000;667,80000000;595,70000000;599,45000000;-8,54
2021-02-07T00:00:00+00:00;ALTHEDGE/USD;644,25000000;691,50000000;636,40000000;650,65000000;0,98
2021-02-06T00:00:00+00:00;ALTHEDGE/USD;656,75000000;673,10000000;630,55000000;644,25000000;-1,94
2021-02-05T00:00:00+00:00;ALTHEDGE/USD;715,10000000;718,90000000;652,90000000;656,75000000;-8,88
2021-02-04T00:00:00+00:00;ALTHEDGE/USD;711,70000000;740,75000000;701,20000000;715,10000000;0,48
2021-02-03T00:00:00+00:00;ALTHEDGE/USD;782,40000000;849,80000000;710,70000000;711,70000000;-9,93
2021-02-02T00:00:00+00:00;ALTHEDGE/USD;821,50000000;897,00000000;769,60000000;782,40000000;-5,0
2021-02-01T00:00:00+00:00;ALTHEDGE/USD;840,10000000;866,70000000;762,70000000;821,50000000;-2,26
2021-01-31T00:00:00+00:00;ALTHEDGE/USD;829,60000000;869,20000000;819,70000000;840,10000000;1,25
2021-01-30T00:00:00+00:00;ALTHEDGE/USD;880,30000000;897,00000000;823,40000000;829,60000000;-6,11
2021-01-29T00:00:00+00:00;ALTHEDGE/USD;894,50000000;919,80000000;830,70000000;880,30000000;-1,61
2021-01-28T00:00:00+00:00;ALTHEDGE/USD;969,30000000;987,20000000;874,70000000;894,50000000;-8,36
2021-01-27T00:00:00+00:00;ALTHEDGE/USD;894,10000000;1036,60000000;894,10000000;969,30000000;7,76
2021-01-26T00:00:00+00:00;ALTHEDGE/USD;899,10000000;951,40000000;877,40000000;894,10000000;-0,56
2021-01-25T00:00:00+00:00;ALTHEDGE/USD;866,90000000;908,60000000;836,00000000;899,10000000;3,58
2021-01-24T00:00:00+00:00;ALTHEDGE/USD;893,60000000;909,90000000;864,10000000;866,90000000;-3,08
2021-01-23T00:00:00+00:00;ALTHEDGE/USD;924,30000000;949,80000000;883,50000000;893,60000000;-3,44
2021-01-22T00:00:00+00:00;ALTHEDGE/USD;1022,40000000;1061,40000000;894,50000000;924,30000000;-10,61
2021-01-21T00:00:00+00:00;ALTHEDGE/USD;888,50000000;1045,80000000;883,00000000;1022,40000000;13,1
2021-01-20T00:00:00+00:00;ALTHEDGE/USD;906,40000000;981,50000000;885,10000000;888,50000000;-2,01
2021-01-19T00:00:00+00:00;ALTHEDGE/USD;912,80000000;917,90000000;856,60000000;906,40000000;-0,71
2021-01-18T00:00:00+00:00;ALTHEDGE/USD;917,60000000;967,20000000;899,30000000;908,90000000;-0,96
2021-01-17T00:00:00+00:00;ALTHEDGE/USD;938,40000000;994,10000000;900,20000000;917,60000000;-2,27
2021-01-16T00:00:00+00:00;ALTHEDGE/USD;1027,30000000;1032,10000000;895,30000000;938,40000000;-9,47
2021-01-15T00:00:00+00:00;ALTHEDGE/USD;983,10000000;1061,40000000;962,00000000;1027,30000000;4,3
2021-01-14T00:00:00+00:00;ALTHEDGE/USD;1061,40000000;1061,40000000;982,30000000;983,10000000;-7,96
2021-01-13T00:00:00+00:00;ALTHEDGE/USD;1159,90000000;1212,00000000;1061,40000000;1061,40000000;-9,28
2021-01-12T00:00:00+00:00;ALTHEDGE/USD;1099,20000000;1201,90000000;1061,40000000;1159,90000000;5,23
2021-01-11T00:00:00+00:00;ALTHEDGE/USD;1059,20000000;1215,40000000;1056,90000000;1099,20000000;3,64
2021-01-10T00:00:00+00:00;ALTHEDGE/USD;1004,80000000;1061,40000000;955,80000000;1058,60000000;5,08
2021-01-09T00:00:00+00:00;ALTHEDGE/USD;1104,30000000;1107,60000000;993,30000000;1004,80000000;-9,9
2021-01-08T00:00:00+00:00;ALTHEDGE/USD;1101,80000000;1253,60000000;1063,20000000;1104,30000000;0,23
2021-01-07T00:00:00+00:00;ALTHEDGE/USD;1093,20000000;1183,70000000;1021,70000000;1101,80000000;0,78
2021-01-06T00:00:00+00:00;ALTHEDGE/USD;1216,60000000;1242,00000000;1089,40000000;1093,20000000;-11,29
2021-01-05T00:00:00+00:00;ALTHEDGE/USD;1281,90000000;1345,00000000;1195,30000000;1216,60000000;-5,37
2021-01-04T00:00:00+00:00;ALTHEDGE/USD;1277,10000000;1428,70000000;1124,50000000;1281,90000000;0,37
2021-01-03T00:00:00+00:00;ALTHEDGE/USD;1501,00000000;1513,60000000;1242,30000000;1277,10000000;-17,53
2021-01-02T00:00:00+00:00;ALTHEDGE/USD;1540,80000000;1591,50000000;1439,00000000;1501,00000000;-2,65
2021-01-01T00:00:00+00:00;ALTHEDGE/USD;1536,80000000;1579,60000000;1485,50000000;1540,80000000;0,26
2020-12-31T00:00:00+00:00;ALTHEDGE/USD;1564,20000000;1613,30000000;1525,60000000;1536,80000000;-1,78
2020-12-30T00:00:00+00:00;ALTHEDGE/USD;1556,70000000;1678,80000000;1544,80000000;1564,20000000;0,48
2020-12-29T00:00:00+00:00;ALTHEDGE/USD;1575,10000000;1680,00000000;1547,50000000;1556,70000000;-1,18
2020-12-28T00:00:00+00:00;ALTHEDGE/USD;1680,00000000;1680,00000000;1537,25000000;1575,10000000;-6,66
2020-12-27T00:00:00+00:00;ALTHEDGE/USD;1680,00000000;1730,00000000;1624,00000000;1680,00000000;0,0
2020-12-26T00:00:00+00:00;ALTHEDGE/USD;1680,00000000;1706,75000000;1646,50000000;1680,00000000;0,0
2020-12-25T00:00:00+00:00;ALTHEDGE/USD;1708,50000000;1741,25000000;1622,50000000;1680,00000000;-1,7
2020-12-24T00:00:00+00:00;ALTHEDGE/USD;1828,00000000;1922,25000000;1680,00000000;1708,50000000;-6,99
2020-12-23T00:00:00+00:00;ALTHEDGE/USD;1675,00000000;2024,00000000;1670,75000000;1828,00000000;8,37
2020-12-22T00:00:00+00:00;ALTHEDGE/USD;1686,75000000;1735,75000000;1643,75000000;1675,00000000;-0,7
2020-12-21T00:00:00+00:00;ALTHEDGE/USD;1588,70000000;1703,00000000;1536,90000000;1686,75000000;5,81
2020-12-20T00:00:00+00:00;ALTHEDGE/USD;1557,90000000;1654,80000000;1516,80000000;1588,70000000;1,94
2020-12-19T00:00:00+00:00;ALTHEDGE/USD;1578,10000000;1601,40000000;1527,30000000;1557,90000000;-1,3
2020-12-18T00:00:00+00:00;ALTHEDGE/USD;1666,00000000;1703,00000000;1544,50000000;1578,10000000;-5,57
2020-12-17T00:00:00+00:00;ALTHEDGE/USD;1616,00000000;1703,00000000;1543,40000000;1666,00000000;3,0
2020-12-16T00:00:00+00:00;ALTHEDGE/USD;1771,00000000;1821,75000000;1612,00000000;1616,00000000;-9,59
2020-12-15T00:00:00+00:00;ALTHEDGE/USD;1752,25000000;1786,00000000;1723,00000000;1771,00000000;1,06
2020-12-14T00:00:00+00:00;ALTHEDGE/USD;1743,50000000;1795,75000000;1734,25000000;1752,25000000;0,5
2020-12-13T00:00:00+00:00;ALTHEDGE/USD;1812,75000000;1838,00000000;1710,25000000;1743,50000000;-3,97
2020-12-12T00:00:00+00:00;ALTHEDGE/USD;1852,00000000;1875,25000000;1785,75000000;1812,75000000;-2,17
2020-12-11T00:00:00+00:00;ALTHEDGE/USD;1797,00000000;1878,50000000;1703,00000000;1852,00000000;2,97
2020-12-10T00:00:00+00:00;ALTHEDGE/USD;1751,25000000;1827,50000000;1703,00000000;1797,00000000;2,55
2020-12-09T00:00:00+00:00;ALTHEDGE/USD;1781,00000000;1911,25000000;1703,00000000;1751,25000000;-1,7
2020-12-08T00:00:00+00:00;ALTHEDGE/USD;1704,50000000;1827,00000000;1703,00000000;1781,00000000;4,3
2020-12-07T00:00:00+00:00;ALTHEDGE/USD;1681,25000000;1734,00000000;1676,75000000;1704,50000000;1,36
2020-12-06T00:00:00+00:00;ALTHEDGE/USD;1705,50000000;1747,50000000;1658,75000000;1681,25000000;-1,44
2020-12-05T00:00:00+00:00;ALTHEDGE/USD;1796,25000000;1815,00000000;1702,75000000;1705,50000000;-5,32
2020-12-04T00:00:00+00:00;ALTHEDGE/USD;1652,25000000;1811,75000000;1642,50000000;1796,25000000;8,02
2020-12-03T00:00:00+00:00;ALTHEDGE/USD;1672,75000000;1702,75000000;1626,00000000;1652,25000000;-1,24
2020-12-02T00:00:00+00:00;ALTHEDGE/USD;1709,25000000;1747,00000000;1657,50000000;1672,75000000;-2,18
2020-12-01T00:00:00+00:00;ALTHEDGE/USD;1617,25000000;1770,00000000;1576,50000000;1715,25000000;5,71
2020-11-30T00:00:00+00:00;ALTHEDGE/USD;1744,25000000;1762,75000000;1605,50000000;1617,25000000;-7,85
2020-11-29T00:00:00+00:00;ALTHEDGE/USD;1783,75000000;1840,00000000;1730,00000000;1744,25000000;-2,26
2020-11-28T00:00:00+00:00;ALTHEDGE/USD;1909,25000000;1952,75000000;1737,75000000;1783,75000000;-7,04
2020-11-27T00:00:00+00:00;ALTHEDGE/USD;1920,50000000;2019,75000000;1835,25000000;1909,25000000;-0,59
2020-11-26T00:00:00+00:00;ALTHEDGE/USD;1726,50000000;2064,25000000;1691,00000000;1920,50000000;10,1
2020-11-25T00:00:00+00:00;ALTHEDGE/USD;1603,75000000;1770,25000000;1579,00000000;1726,50000000;7,11
2020-11-24T00:00:00+00:00;ALTHEDGE/USD;1703,75000000;1754,50000000;1501,75000000;1603,75000000;-6,24
2020-11-23T00:00:00+00:00;ALTHEDGE/USD;1970,50000000;2012,25000000;1697,50000000;1703,75000000;-15,66
2020-11-22T00:00:00+00:00;ALTHEDGE/USD;1921,75000000;2157,25000000;1868,00000000;1970,50000000;2,47
2020-11-21T00:00:00+00:00;ALTHEDGE/USD;2271,75000000;2304,50000000;1911,75000000;1921,75000000;-18,21
2020-11-20T00:00:00+00:00;ALTHEDGE/USD;2419,75000000;2431,75000000;2267,25000000;2271,75000000;-6,51
2020-11-19T00:00:00+00:00;ALTHEDGE/USD;2457,50000000;2527,50000000;2399,00000000;2419,50000000;-1,57
2020-11-18T00:00:00+00:00;ALTHEDGE/USD;2402,50000000;2568,50000000;2366,00000000;2457,50000000;2,24
2020-11-17T00:00:00+00:00;ALTHEDGE/USD;2528,25000000;2538,75000000;2401,75000000;2402,50000000;-5,23
2020-11-16T00:00:00+00:00;ALTHEDGE/USD;2664,00000000;2678,75000000;2512,50000000;2528,25000000;-5,37
2020-11-15T00:00:00+00:00;ALTHEDGE/USD;2619,75000000;2708,25000000;2591,25000000;2664,00000000;1,66
2020-11-14T00:00:00+00:00;ALTHEDGE/USD;2577,75000000;2660,00000000;2571,50000000;2619,75000000;1,6
2020-11-13T00:00:00+00:00;ALTHEDGE/USD;2660,00000000;2678,75000000;2568,50000000;2577,75000000;-3,19
2020-11-12T00:00:00+00:00;ALTHEDGE/USD;2660,00000000;2705,00000000;2629,75000000;2660,00000000;0,0
2020-11-11T00:00:00+00:00;ALTHEDGE/USD;2673,75000000;2676,50000000;2609,25000000;2660,00000000;-0,52
2020-11-10T00:00:00+00:00;ALTHEDGE/USD;2691,75000000;2720,50000000;2638,00000000;2673,75000000;-0,67
2020-11-09T00:00:00+00:00;ALTHEDGE/USD;2660,00000000;2757,25000000;2627,25000000;2691,75000000;1,18
2020-11-08T00:00:00+00:00;ALTHEDGE/USD;2782,00000000;2889,75000000;2623,25000000;2660,00000000;-4,59
2020-11-07T00:00:00+00:00;ALTHEDGE/USD;2664,75000000;2906,75000000;2560,75000000;2782,00000000;4,21
2020-11-06T00:00:00+00:00;ALTHEDGE/USD;2866,25000000;2882,50000000;2647,25000000;2664,75000000;-7,56
2020-11-05T00:00:00+00:00;ALTHEDGE/USD;2984,00000000;3000,25000000;2839,50000000;2866,25000000;-4,11
2020-11-04T00:00:00+00:00;ALTHEDGE/USD;3024,50000000;3141,25000000;2974,00000000;2984,00000000;-1,36
2020-11-03T00:00:00+00:00;ALTHEDGE/USD;2991,50000000;3164,00000000;2986,75000000;3024,50000000;1,09
2020-11-02T00:00:00+00:00;ALTHEDGE/USD;2880,50000000;3130,00000000;2839,75000000;2991,50000000;3,71
2020-11-01T00:00:00+00:00;ALTHEDGE/USD;2928,75000000;2960,25000000;2880,50000000;2880,50000000;-1,68
2020-10-31T00:00:00+00:00;ALTHEDGE/USD;2961,75000000;2999,25000000;2887,25000000;2928,75000000;-1,13
2020-10-30T00:00:00+00:00;ALTHEDGE/USD;2906,75000000;3227,50000000;2872,00000000;2961,75000000;1,86
2020-10-29T00:00:00+00:00;ALTHEDGE/USD;2861,00000000;2973,50000000;2828,50000000;2906,75000000;1,57
2020-10-28T00:00:00+00:00;ALTHEDGE/USD;2780,00000000;2917,00000000;2739,50000000;2861,00000000;2,83
2020-10-27T00:00:00+00:00;ALTHEDGE/USD;2825,75000000;2838,00000000;2720,75000000;2780,00000000;-1,65
2020-10-26T00:00:00+00:00;ALTHEDGE/USD;2789,75000000;2913,25000000;2759,25000000;2825,75000000;1,27
2020-10-25T00:00:00+00:00;ALTHEDGE/USD;2746,75000000;2828,75000000;2736,00000000;2789,75000000;1,54
2020-10-24T00:00:00+00:00;ALTHEDGE/USD;2799,50000000;2817,75000000;2737,75000000;2746,75000000;-1,92
2020-10-23T00:00:00+00:00;ALTHEDGE/USD;2786,00000000;2858,00000000;2746,25000000;2799,50000000;0,48
2020-10-22T00:00:00+00:00;ALTHEDGE/USD;2899,25000000;2906,75000000;2735,75000000;2786,00000000;-4,06
2020-10-21T00:00:00+00:00;ALTHEDGE/USD;3077,50000000;3090,00000000;2835,25000000;2899,25000000;-6,15
2020-10-20T00:00:00+00:00;ALTHEDGE/USD;3007,00000000;3106,75000000;2987,75000000;3077,50000000;2,29
2020-10-19T00:00:00+00:00;ALTHEDGE/USD;3019,50000000;3066,75000000;2977,25000000;3007,00000000;-0,42
2020-10-18T00:00:00+00:00;ALTHEDGE/USD;3073,25000000;3084,00000000;3015,25000000;3019,50000000;-1,78
2020-10-17T00:00:00+00:00;ALTHEDGE/USD;3074,25000000;3186,75000000;3048,75000000;3073,25000000;-0,03
2020-10-16T00:00:00+00:00;ALTHEDGE/USD;2971,75000000;3135,00000000;2946,75000000;3074,25000000;3,33
2020-10-15T00:00:00+00:00;ALTHEDGE/USD;2975,75000000;3070,25000000;2945,50000000;2971,75000000;-0,13
2020-10-14T00:00:00+00:00;ALTHEDGE/USD;2959,75000000;3056,00000000;2928,75000000;2975,75000000;0,54
2020-10-13T00:00:00+00:00;ALTHEDGE/USD;2968,25000000;3021,25000000;2941,25000000;2959,75000000;-0,29
2020-10-12T00:00:00+00:00;ALTHEDGE/USD;3025,00000000;3080,00000000;2924,75000000;2968,25000000;-1,91
2020-10-11T00:00:00+00:00;ALTHEDGE/USD;3054,25000000;3097,25000000;3001,00000000;3025,00000000;-0,97
2020-10-10T00:00:00+00:00;ALTHEDGE/USD;3082,00000000;3090,50000000;2986,75000000;3054,25000000;-0,91
2020-10-09T00:00:00+00:00;ALTHEDGE/USD;3152,50000000;3201,50000000;3066,00000000;3082,00000000;-2,29
2020-10-08T00:00:00+00:00;ALTHEDGE/USD;3213,50000000;3279,00000000;3140,00000000;3152,50000000;-1,93
2020-10-07T00:00:00+00:00;ALTHEDGE/USD;3234,00000000;3299,50000000;3194,50000000;3213,50000000;-0,64
2020-10-06T00:00:00+00:00;ALTHEDGE/USD;3185,00000000;3276,00000000;3115,00000000;3234,00000000;1,52
2020-10-05T00:00:00+00:00;ALTHEDGE/USD;3198,00000000;3227,50000000;3159,50000000;3185,00000000;-0,41
2020-10-04T00:00:00+00:00;ALTHEDGE/USD;3288,50000000;3307,00000000;3186,00000000;3198,00000000;-2,83
2020-10-03T00:00:00+00:00;ALTHEDGE/USD;3303,50000000;3318,00000000;3227,50000000;3288,50000000;-0,46
2020-10-02T00:00:00+00:00;ALTHEDGE/USD;3228,00000000;3396,50000000;3216,00000000;3303,50000000;2,29
2020-10-01T00:00:00+00:00;ALTHEDGE/USD;3181,50000000;3299,00000000;3118,00000000;3228,00000000;1,44
2020-09-30T00:00:00+00:00;ALTHEDGE/USD;3186,50000000;3237,00000000;3167,50000000;3181,50000000;-0,16
2020-09-29T00:00:00+00:00;ALTHEDGE/USD;3251,00000000;3263,50000000;3178,50000000;3186,50000000;-2,02
2020-09-28T00:00:00+00:00;ALTHEDGE/USD;3227,50000000;3267,00000000;3159,00000000;3251,00000000;0,72
2020-09-27T00:00:00+00:00;ALTHEDGE/USD;3275,00000000;3335,00000000;3227,50000000;3227,50000000;-1,47
2020-09-26T00:00:00+00:00;ALTHEDGE/USD;3333,00000000;3373,00000000;3227,50000000;3275,00000000;-1,77
2020-09-25T00:00:00+00:00;ALTHEDGE/USD;3380,00000000;3460,50000000;3227,50000000;3333,00000000;-1,41
2020-09-24T00:00:00+00:00;ALTHEDGE/USD;3607,50000000;3644,00000000;3328,00000000;3380,00000000;-6,73
2020-09-23T00:00:00+00:00;ALTHEDGE/USD;3430,50000000;3664,00000000;3413,00000000;3611,50000000;5,01
2020-09-22T00:00:00+00:00;ALTHEDGE/USD;3529,50000000;3551,50000000;3414,50000000;3430,50000000;-2,89
2020-09-21T00:00:00+00:00;ALTHEDGE/USD;3277,50000000;3570,50000000;3241,00000000;3529,50000000;7,14
2020-09-20T00:00:00+00:00;ALTHEDGE/USD;3191,50000000;3336,00000000;3191,50000000;3277,50000000;2,62
2020-09-19T00:00:00+00:00;ALTHEDGE/USD;3192,00000000;3228,50000000;3155,50000000;3191,50000000;-0,02
2020-09-18T00:00:00+00:00;ALTHEDGE/USD;3183,50000000;3245,00000000;3143,00000000;3192,00000000;0,27
2020-09-17T00:00:00+00:00;ALTHEDGE/USD;3266,00000000;3275,00000000;3141,50000000;3183,50000000;-2,59
2020-09-16T00:00:00+00:00;ALTHEDGE/USD;3283,50000000;3386,50000000;3227,50000000;3266,00000000;-0,54
2020-09-15T00:00:00+00:00;ALTHEDGE/USD;3214,50000000;3300,00000000;3160,50000000;3283,50000000;2,1
2020-09-14T00:00:00+00:00;ALTHEDGE/USD;3266,00000000;3347,50000000;3149,00000000;3214,50000000;-1,6
2020-09-13T00:00:00+00:00;ALTHEDGE/USD;3198,50000000;3340,50000000;3123,50000000;3266,00000000;2,07
2020-09-12T00:00:00+00:00;ALTHEDGE/USD;3314,50000000;3342,00000000;3194,50000000;3198,50000000;-3,63
2020-09-11T00:00:00+00:00;ALTHEDGE/USD;3349,00000000;3448,50000000;3296,00000000;3314,50000000;-1,04
2020-09-10T00:00:00+00:00;ALTHEDGE/USD;3427,50000000;3432,50000000;3260,00000000;3349,00000000;-2,34
2020-09-09T00:00:00+00:00;ALTHEDGE/USD;3506,50000000;3575,50000000;3355,50000000;3427,50000000;-2,3
2020-09-08T00:00:00+00:00;ALTHEDGE/USD;3423,50000000;3615,00000000;3393,00000000;3506,50000000;2,37
2020-09-07T00:00:00+00:00;ALTHEDGE/USD;3450,00000000;3678,50000000;3321,00000000;3423,50000000;-0,77
2020-09-06T00:00:00+00:00;ALTHEDGE/USD;3587,00000000;3725,00000000;3388,50000000;3450,00000000;-3,97
2020-09-05T00:00:00+00:00;ALTHEDGE/USD;3355,50000000;3747,50000000;3278,50000000;3587,00000000;6,45
2020-09-04T00:00:00+00:00;ALTHEDGE/USD;3519,00000000;3555,00000000;3224,50000000;3355,50000000;-4,87
2020-09-03T00:00:00+00:00;ALTHEDGE/USD;3073,75000000;3574,50000000;3028,00000000;3519,00000000;12,65
2020-09-02T00:00:00+00:00;ALTHEDGE/USD;2861,75000000;3227,50000000;2824,50000000;3073,75000000;6,9
2020-09-01T00:00:00+00:00;ALTHEDGE/USD;3073,50000000;3127,25000000;2805,75000000;2871,25000000;-7,04
2020-08-31T00:00:00+00:00;ALTHEDGE/USD;3047,00000000;3128,50000000;3020,75000000;3073,50000000;0,86
2020-08-30T00:00:00+00:00;ALTHEDGE/USD;3227,00000000;3227,50000000;3043,50000000;3047,00000000;-5,91
2020-08-29T00:00:00+00:00;ALTHEDGE/USD;3227,50000000;3252,00000000;3180,50000000;3227,00000000;-0,02
2020-08-28T00:00:00+00:00;ALTHEDGE/USD;3306,00000000;3353,00000000;3212,50000000;3227,50000000;-2,43
2020-08-27T00:00:00+00:00;ALTHEDGE/USD;3240,50000000;3417,50000000;3197,00000000;3313,00000000;2,19
2020-08-26T00:00:00+00:00;ALTHEDGE/USD;3257,50000000;3295,00000000;3198,00000000;3240,50000000;-0,52
2020-08-25T00:00:00+00:00;ALTHEDGE/USD;3091,75000000;3340,50000000;3080,00000000;3257,50000000;5,09
2020-08-24T00:00:00+00:00;ALTHEDGE/USD;3181,00000000;3205,50000000;3070,50000000;3091,75000000;-2,89
2020-08-23T00:00:00+00:00;ALTHEDGE/USD;3154,75000000;3249,00000000;3134,25000000;3181,00000000;0,83
2020-08-22T00:00:00+00:00;ALTHEDGE/USD;3216,50000000;3293,00000000;3142,50000000;3154,75000000;-1,96
2020-08-21T00:00:00+00:00;ALTHEDGE/USD;3057,00000000;3232,50000000;3017,50000000;3216,50000000;4,96
2020-08-20T00:00:00+00:00;ALTHEDGE/USD;3107,25000000;3139,50000000;3039,50000000;3057,00000000;-1,64
2020-08-19T00:00:00+00:00;ALTHEDGE/USD;2988,00000000;3195,50000000;2945,25000000;3107,25000000;3,84
2020-08-18T00:00:00+00:00;ALTHEDGE/USD;2887,50000000;3038,00000000;2849,75000000;2988,00000000;3,36
2020-08-17T00:00:00+00:00;ALTHEDGE/USD;2926,00000000;3084,25000000;2813,75000000;2887,50000000;-1,33
2020-08-16T00:00:00+00:00;ALTHEDGE/USD;2982,25000000;3114,50000000;2925,25000000;2926,00000000;-1,92
2020-08-15T00:00:00+00:00;ALTHEDGE/USD;3053,25000000;3114,50000000;2936,50000000;2982,25000000;-2,38
2020-08-14T00:00:00+00:00;ALTHEDGE/USD;3098,00000000;3137,25000000;2998,50000000;3037,25000000;-2,0
2020-08-13T00:00:00+00:00;ALTHEDGE/USD;3284,00000000;3385,00000000;3090,25000000;3098,00000000;-6,0
2020-08-12T00:00:00+00:00;ALTHEDGE/USD;3316,00000000;3414,50000000;3248,00000000;3284,00000000;-0,97
2020-08-11T00:00:00+00:00;ALTHEDGE/USD;3133,00000000;3401,50000000;3095,50000000;3316,00000000;5,52
2020-08-10T00:00:00+00:00;ALTHEDGE/USD;3193,00000000;3203,50000000;3095,50000000;3133,00000000;-1,92
2020-08-09T00:00:00+00:00;ALTHEDGE/USD;3125,50000000;3249,00000000;3095,50000000;3193,00000000;2,11
2020-08-08T00:00:00+00:00;ALTHEDGE/USD;3206,50000000;3240,00000000;3119,50000000;3125,50000000;-2,59
2020-08-07T00:00:00+00:00;ALTHEDGE/USD;3108,75000000;3351,50000000;3042,75000000;3206,50000000;3,05
2020-08-06T00:00:00+00:00;ALTHEDGE/USD;3119,25000000;3180,50000000;3057,25000000;3108,75000000;-0,34
2020-08-05T00:00:00+00:00;ALTHEDGE/USD;3193,00000000;3285,00000000;3090,50000000;3119,25000000;-2,36
2020-08-04T00:00:00+00:00;ALTHEDGE/USD;3158,75000000;3284,25000000;3062,00000000;3193,00000000;1,07
2020-08-03T00:00:00+00:00;ALTHEDGE/USD;3328,50000000;3379,00000000;3068,00000000;3158,75000000;-5,37
2020-08-02T00:00:00+00:00;ALTHEDGE/USD;3133,00000000;3731,75000000;2909,75000000;3328,50000000;5,87
2020-08-01T00:00:00+00:00;ALTHEDGE/USD;3435,00000000;3531,00000000;3088,00000000;3133,00000000;-9,64
2020-07-31T00:00:00+00:00;ALTHEDGE/USD;3578,00000000;3634,00000000;3427,50000000;3435,00000000;-4,16
2020-07-30T00:00:00+00:00;ALTHEDGE/USD;3657,00000000;3736,00000000;3508,50000000;3578,00000000;-2,21
2020-07-29T00:00:00+00:00;ALTHEDGE/USD;3674,50000000;3712,00000000;3577,50000000;3657,00000000;-0,48
2020-07-28T00:00:00+00:00;ALTHEDGE/USD;3772,00000000;3890,00000000;3601,50000000;3674,50000000;-2,65
2020-07-27T00:00:00+00:00;ALTHEDGE/USD;3991,50000000;4063,00000000;3656,00000000;3772,00000000;-5,82
2020-07-26T00:00:00+00:00;ALTHEDGE/USD;3976,50000000;4060,00000000;3842,50000000;3991,50000000;0,38
2020-07-25T00:00:00+00:00;ALTHEDGE/USD;4289,00000000;4295,50000000;3956,00000000;3976,50000000;-7,86
2020-07-24T00:00:00+00:00;ALTHEDGE/USD;4256,00000000;4431,50000000;4215,50000000;4289,00000000;0,77
2020-07-23T00:00:00+00:00;ALTHEDGE/USD;4330,50000000;4394,00000000;4205,00000000;4256,00000000;-1,75
2020-07-22T00:00:00+00:00;ALTHEDGE/USD;4506,50000000;4580,50000000;4320,50000000;4330,50000000;-4,06
2020-07-21T00:00:00+00:00;ALTHEDGE/USD;4672,50000000;4684,50000000;4478,00000000;4506,50000000;-3,68
2020-07-20T00:00:00+00:00;ALTHEDGE/USD;4584,00000000;4731,50000000;4570,00000000;4672,50000000;1,89
2020-07-19T00:00:00+00:00;ALTHEDGE/USD;4642,00000000;4727,00000000;4564,00000000;4584,00000000;-1,27
2020-07-18T00:00:00+00:00;ALTHEDGE/USD;4708,50000000;4744,00000000;4608,50000000;4642,00000000;-1,43
2020-07-17T00:00:00+00:00;ALTHEDGE/USD;4690,50000000;4751,00000000;4646,00000000;4708,50000000;0,38
2020-07-16T00:00:00+00:00;ALTHEDGE/USD;4593,00000000;4819,00000000;4578,50000000;4690,50000000;2,08
2020-07-15T00:00:00+00:00;ALTHEDGE/USD;4540,00000000;4632,00000000;4522,00000000;4593,00000000;1,15
2020-07-14T00:00:00+00:00;ALTHEDGE/USD;4536,00000000;5000,50000000;4526,00000000;4540,00000000;0,09
2020-07-13T00:00:00+00:00;ALTHEDGE/USD;4457,50000000;4660,50000000;4401,00000000;4531,50000000;1,63
2020-07-12T00:00:00+00:00;ALTHEDGE/USD;4506,00000000;4569,50000000;4408,00000000;4457,50000000;-1,09
2020-07-11T00:00:00+00:00;ALTHEDGE/USD;4507,50000000;4632,00000000;4467,00000000;4506,00000000;-0,03
2020-07-10T00:00:00+00:00;ALTHEDGE/USD;4481,50000000;4626,00000000;4481,50000000;4507,50000000;0,58
2020-07-09T00:00:00+00:00;ALTHEDGE/USD;4392,00000000;4567,00000000;4349,50000000;4481,50000000;2,0
2020-07-08T00:00:00+00:00;ALTHEDGE/USD;4607,00000000;4640,00000000;4370,00000000;4392,00000000;-4,9
2020-07-07T00:00:00+00:00;ALTHEDGE/USD;4534,50000000;4669,50000000;4492,50000000;4607,00000000;1,57
2020-07-06T00:00:00+00:00;ALTHEDGE/USD;4974,00000000;4986,00000000;4506,00000000;4534,50000000;-9,69
2020-07-05T00:00:00+00:00;ALTHEDGE/USD;4921,50000000;5074,50000000;4907,50000000;4974,00000000;1,06
2020-07-04T00:00:00+00:00;ALTHEDGE/USD;4995,00000000;5006,00000000;4894,50000000;4921,50000000;-1,49
2020-07-03T00:00:00+00:00;ALTHEDGE/USD;5014,50000000;5028,00000000;4949,50000000;4994,50000000;-0,4
2020-07-02T00:00:00+00:00;ALTHEDGE/USD;4936,50000000;5089,50000000;4917,50000000;5014,50000000;1,56
2020-07-01T00:00:00+00:00;ALTHEDGE/USD;4994,00000000;5035,50000000;4898,00000000;4936,50000000;-1,16
2020-06-30T00:00:00+00:00;ALTHEDGE/USD;4955,00000000;5037,00000000;4939,00000000;4994,00000000;0,78
2020-06-29T00:00:00+00:00;ALTHEDGE/USD;4979,00000000;5064,00000000;4904,50000000;4955,00000000;-0,48
2020-06-28T00:00:00+00:00;ALTHEDGE/USD;5088,50000000;5143,50000000;4924,00000000;4979,00000000;-2,2
2020-06-27T00:00:00+00:00;ALTHEDGE/USD;4851,00000000;5277,00000000;4833,00000000;5088,50000000;4,67
2020-06-26T00:00:00+00:00;ALTHEDGE/USD;4827,00000000;4936,50000000;4789,00000000;4851,00000000;0,49
2020-06-25T00:00:00+00:00;ALTHEDGE/USD;4800,50000000;4952,50000000;4782,00000000;4827,00000000;0,55
2020-06-24T00:00:00+00:00;ALTHEDGE/USD;4651,00000000;4865,50000000;4577,50000000;4800,50000000;3,11
2020-06-23T00:00:00+00:00;ALTHEDGE/USD;4643,50000000;4683,00000000;4618,00000000;4651,00000000;0,16
2020-06-22T00:00:00+00:00;ALTHEDGE/USD;4846,50000000;4859,50000000;4591,50000000;4643,50000000;-4,37
2020-06-21T00:00:00+00:00;ALTHEDGE/USD;4802,50000000;4859,50000000;4776,50000000;4846,50000000;0,91
2020-06-20T00:00:00+00:00;ALTHEDGE/USD;4829,50000000;4905,50000000;4784,00000000;4802,50000000;-0,56
2020-06-19T00:00:00+00:00;ALTHEDGE/USD;4778,00000000;4948,50000000;4771,00000000;4829,50000000;1,07
2020-06-18T00:00:00+00:00;ALTHEDGE/USD;4708,00000000;4842,00000000;4695,50000000;4778,00000000;1,47
2020-06-17T00:00:00+00:00;ALTHEDGE/USD;4708,00000000;4824,00000000;4623,50000000;4708,00000000;0,0
2020-06-16T00:00:00+00:00;ALTHEDGE/USD;4758,00000000;4810,50000000;4696,50000000;4708,00000000;-1,06
2020-06-15T00:00:00+00:00;ALTHEDGE/USD;4726,00000000;4998,00000000;4717,50000000;4758,00000000;0,67
2020-06-14T00:00:00+00:00;ALTHEDGE/USD;4637,50000000;4778,50000000;4635,00000000;4726,00000000;1,87
2020-06-13T00:00:00+00:00;ALTHEDGE/USD;4643,50000000;4702,50000000;4619,00000000;4637,50000000;-0,13
2020-06-12T00:00:00+00:00;ALTHEDGE/USD;4781,00000000;4822,00000000;4591,00000000;4643,50000000;-2,96
2020-06-11T00:00:00+00:00;ALTHEDGE/USD;4441,00000000;4887,50000000;4414,50000000;4781,00000000;7,11
2020-06-10T00:00:00+00:00;ALTHEDGE/USD;4491,50000000;4537,00000000;4401,00000000;4441,00000000;-1,14
2020-06-09T00:00:00+00:00;ALTHEDGE/USD;4443,50000000;4558,00000000;4406,00000000;4491,50000000;1,07
2020-06-08T00:00:00+00:00;ALTHEDGE/USD;4464,00000000;4517,50000000;4431,50000000;4443,50000000;-0,46
2020-06-07T00:00:00+00:00;ALTHEDGE/USD;4458,00000000;4606,50000000;4429,00000000;4455,00000000;-0,07
2020-06-06T00:00:00+00:00;ALTHEDGE/USD;4459,50000000;4541,50000000;4410,00000000;4458,00000000;-0,03
2020-06-05T00:00:00+00:00;ALTHEDGE/USD;4445,00000000;4511,50000000;4373,00000000;4459,50000000;0,33
2020-06-04T00:00:00+00:00;ALTHEDGE/USD;4455,50000000;4555,00000000;4389,50000000;4445,00000000;-0,24
2020-06-03T00:00:00+00:00;ALTHEDGE/USD;4515,50000000;4592,50000000;4440,50000000;4455,50000000;-1,35
2020-06-02T00:00:00+00:00;ALTHEDGE/USD;4344,00000000;4708,00000000;4231,50000000;4515,50000000;3,8
2020-06-01T00:00:00+00:00;ALTHEDGE/USD;4618,50000000;4639,50000000;4307,00000000;4344,00000000;-6,32
2020-05-31T00:00:00+00:00;ALTHEDGE/USD;4419,00000000;4664,00000000;4403,00000000;4618,50000000;4,32
2020-05-30T00:00:00+00:00;ALTHEDGE/USD;4743,00000000;4785,00000000;4393,50000000;4419,00000000;-7,33
2020-05-29T00:00:00+00:00;ALTHEDGE/USD;4710,00000000;4843,50000000;4640,00000000;4743,00000000;0,7
2020-05-28T00:00:00+00:00;ALTHEDGE/USD;4857,50000000;4943,50000000;4694,50000000;4710,00000000;-3,13
2020-05-27T00:00:00+00:00;ALTHEDGE/USD;4999,00000000;5000,50000000;4857,00000000;4857,50000000;-2,91
2020-05-26T00:00:00+00:00;ALTHEDGE/USD;4939,50000000;5070,00000000;4927,00000000;4999,00000000;1,19
2020-05-25T00:00:00+00:00;ALTHEDGE/USD;5035,00000000;5085,50000000;4916,00000000;4939,50000000;-1,93
2020-05-24T00:00:00+00:00;ALTHEDGE/USD;4870,50000000;5035,00000000;4798,50000000;5035,00000000;3,27
2020-05-23T00:00:00+00:00;ALTHEDGE/USD;4840,50000000;4936,00000000;4776,50000000;4870,50000000;0,62
2020-05-22T00:00:00+00:00;ALTHEDGE/USD;5018,00000000;5051,00000000;4790,00000000;4840,50000000;-3,67
2020-05-21T00:00:00+00:00;ALTHEDGE/USD;4799,00000000;5127,00000000;4731,00000000;5018,00000000;4,36
2020-05-20T00:00:00+00:00;ALTHEDGE/USD;4698,00000000;4903,50000000;4679,00000000;4799,00000000;2,1
2020-05-19T00:00:00+00:00;ALTHEDGE/USD;4696,00000000;4811,00000000;4666,00000000;4698,00000000;0,04
2020-05-18T00:00:00+00:00;ALTHEDGE/USD;4847,00000000;4849,50000000;4616,50000000;4696,00000000;-3,22
2020-05-17T00:00:00+00:00;ALTHEDGE/USD;4922,00000000;4941,50000000;4755,00000000;4847,00000000;-1,55
2020-05-16T00:00:00+00:00;ALTHEDGE/USD;5001,50000000;5033,00000000;4835,50000000;4922,00000000;-1,62
2020-05-15T00:00:00+00:00;ALTHEDGE/USD;4844,50000000;5068,50000000;4827,50000000;5001,50000000;3,14
2020-05-14T00:00:00+00:00;ALTHEDGE/USD;4923,00000000;5009,50000000;4784,00000000;4844,50000000;-1,62
2020-05-13T00:00:00+00:00;ALTHEDGE/USD;5078,50000000;5116,00000000;4859,50000000;4923,00000000;-3,16
2020-05-12T00:00:00+00:00;ALTHEDGE/USD;5154,00000000;5179,00000000;4936,50000000;5078,50000000;-1,49
2020-05-11T00:00:00+00:00;ALTHEDGE/USD;5115,50000000;5455,50000000;5016,00000000;5154,00000000;0,75
2020-05-10T00:00:00+00:00;ALTHEDGE/USD;4635,00000000;5381,00000000;4633,00000000;5115,50000000;9,39
2020-05-09T00:00:00+00:00;ALTHEDGE/USD;4610,00000000;4656,00000000;4470,00000000;4635,00000000;0,54
2020-05-08T00:00:00+00:00;ALTHEDGE/USD;4632,50000000;4713,50000000;4533,50000000;4610,00000000;-0,49
2020-05-07T00:00:00+00:00;ALTHEDGE/USD;4862,00000000;4926,00000000;4575,50000000;4632,50000000;-4,95
2020-05-06T00:00:00+00:00;ALTHEDGE/USD;4720,00000000;4887,50000000;4621,00000000;4862,00000000;2,92
2020-05-05T00:00:00+00:00;ALTHEDGE/USD;4717,00000000;4817,00000000;4624,00000000;4720,00000000;0,06
2020-05-04T00:00:00+00:00;ALTHEDGE/USD;4656,50000000;4953,00000000;4637,00000000;4717,00000000;1,28
2020-05-03T00:00:00+00:00;ALTHEDGE/USD;4545,00000000;4763,00000000;4456,00000000;4656,50000000;2,39
2020-05-02T00:00:00+00:00;ALTHEDGE/USD;4642,00000000;4706,50000000;4535,50000000;4545,00000000;-2,13
2020-05-01T00:00:00+00:00;ALTHEDGE/USD;4767,50000000;4793,00000000;4534,00000000;4643,00000000;-2,68
2020-04-30T00:00:00+00:00;ALTHEDGE/USD;4567,00000000;4844,50000000;4323,50000000;4761,50000000;4,08
2020-04-29T00:00:00+00:00;ALTHEDGE/USD;4919,00000000;4924,00000000;4456,50000000;4567,00000000;-7,71
2020-04-28T00:00:00+00:00;ALTHEDGE/USD;5024,00000000;5711,00000000;4876,00000000;4919,00000000;-2,13
2020-04-27T00:00:00+00:00;ALTHEDGE/USD;5015,00000000;5165,00000000;4951,00000000;5024,00000000;0,18
2020-04-26T00:00:00+00:00;ALTHEDGE/USD;5096,00000000;5210,50000000;4953,50000000;5015,00000000;-1,62
2020-04-25T00:00:00+00:00;ALTHEDGE/USD;5148,50000000;5360,00000000;4966,50000000;5096,00000000;-1,03
2020-04-24T00:00:00+00:00;ALTHEDGE/USD;5184,50000000;5428,00000000;5075,00000000;5148,50000000;-0,7
2020-04-23T00:00:00+00:00;ALTHEDGE/USD;5287,00000000;5411,00000000;5019,50000000;5183,50000000;-2,0
2020-04-22T00:00:00+00:00;ALTHEDGE/USD;5557,50000000;5600,50000000;5227,00000000;5287,00000000;-5,12
2020-04-21T00:00:00+00:00;ALTHEDGE/USD;5596,50000000;5658,50000000;5482,50000000;5557,50000000;-0,7
2020-04-20T00:00:00+00:00;ALTHEDGE/USD;5340,00000000;5700,50000000;5174,00000000;5596,50000000;4,58
2020-04-19T00:00:00+00:00;ALTHEDGE/USD;5124,00000000;5406,00000000;5105,00000000;5340,00000000;4,04
2020-04-18T00:00:00+00:00;ALTHEDGE/USD;5442,50000000;5448,00000000;5045,00000000;5124,00000000;-6,22
2020-04-17T00:00:00+00:00;ALTHEDGE/USD;5391,50000000;5813,50000000;5332,00000000;5442,50000000;0,94
2020-04-16T00:00:00+00:00;ALTHEDGE/USD;5966,50000000;6189,00000000;5288,50000000;5391,50000000;-10,66
2020-04-15T00:00:00+00:00;ALTHEDGE/USD;5750,50000000;6000,50000000;5668,00000000;5966,50000000;3,62
2020-04-14T00:00:00+00:00;ALTHEDGE/USD;5785,50000000;5872,00000000;5646,00000000;5750,50000000;-0,61
2020-04-13T00:00:00+00:00;ALTHEDGE/USD;5727,00000000;6108,50000000;5727,00000000;5785,50000000;1,01
2020-04-12T00:00:00+00:00;ALTHEDGE/USD;5761,50000000;5872,00000000;5471,00000000;5727,00000000;-0,6
2020-04-11T00:00:00+00:00;ALTHEDGE/USD;5796,50000000;5938,50000000;5658,00000000;5761,50000000;-0,61
2020-04-10T00:00:00+00:00;ALTHEDGE/USD;5358,00000000;5972,50000000;5332,50000000;5796,50000000;7,56
2020-04-09T00:00:00+00:00;ALTHEDGE/USD;5252,00000000;5489,00000000;5185,50000000;5358,00000000;1,98
2020-04-08T00:00:00+00:00;ALTHEDGE/USD;5622,00000000;5656,50000000;5162,50000000;5252,00000000;-7,04
2020-04-07T00:00:00+00:00;ALTHEDGE/USD;5455,50000000;5750,00000000;5304,50000000;5622,00000000;2,96
2020-04-06T00:00:00+00:00;ALTHEDGE/USD;6295,50000000;6298,00000000;5435,00000000;5457,00000000;-15,37
2020-04-05T00:00:00+00:00;ALTHEDGE/USD;6224,50000000;6404,00000000;6180,00000000;6295,50000000;1,13
2020-04-04T00:00:00+00:00;ALTHEDGE/USD;6298,50000000;6398,00000000;6119,00000000;6224,50000000;-1,19
2020-04-03T00:00:00+00:00;ALTHEDGE/USD;6407,50000000;6479,00000000;6159,00000000;6298,50000000;-1,73
2020-04-02T00:00:00+00:00;ALTHEDGE/USD;6597,00000000;7639,00000000;5976,50000000;6407,50000000;-2,96
2020-04-01T00:00:00+00:00;ALTHEDGE/USD;6728,50000000;7104,50000000;6550,00000000;6599,00000000;-1,96
2020-03-31T00:00:00+00:00;ALTHEDGE/USD;6773,00000000;6969,00000000;6607,50000000;6728,50000000;-0,66
2020-03-30T00:00:00+00:00;ALTHEDGE/USD;7291,00000000;7308,00000000;6559,00000000;6775,50000000;-7,61
2020-03-29T00:00:00+00:00;ALTHEDGE/USD;6906,00000000;7448,00000000;6862,00000000;7291,00000000;5,28
2020-03-28T00:00:00+00:00;ALTHEDGE/USD;6973,50000000;7639,00000000;6788,00000000;6906,00000000;-0,98
2020-03-27T00:00:00+00:00;ALTHEDGE/USD;6625,50000000;7111,50000000;6490,50000000;6973,50000000;4,99
2020-03-26T00:00:00+00:00;ALTHEDGE/USD;6846,00000000;7585,50000000;6595,50000000;6625,50000000;-3,33
2020-03-25T00:00:00+00:00;ALTHEDGE/USD;6708,50000000;7060,50000000;6585,00000000;6844,00000000;1,98
2020-03-24T00:00:00+00:00;ALTHEDGE/USD;6904,50000000;6987,50000000;6567,00000000;6708,50000000;-2,92
2020-03-23T00:00:00+00:00;ALTHEDGE/USD;7646,00000000;7835,00000000;6787,00000000;6904,50000000;-10,74
2020-03-22T00:00:00+00:00;ALTHEDGE/USD;7149,00000000;7725,00000000;6828,00000000;7646,00000000;6,5
2020-03-21T00:00:00+00:00;ALTHEDGE/USD;7229,00000000;7549,00000000;6909,00000000;7145,00000000;-1,18
2020-03-20T00:00:00+00:00;ALTHEDGE/USD;7077,00000000;8035,00000000;6330,50000000;7232,00000000;2,14
2020-03-19T00:00:00+00:00;ALTHEDGE/USD;8409,00000000;8625,00000000;6770,00000000;7077,00000000;-18,82
2020-03-18T00:00:00+00:00;ALTHEDGE/USD;8594,00000000;9075,00000000;8404,00000000;8409,00000000;-2,2
2020-03-17T00:00:00+00:00;ALTHEDGE/USD;9086,00000000;9218,00000000;8289,00000000;8594,00000000;-5,72
2020-03-16T00:00:00+00:00;ALTHEDGE/USD;8405,00000000;9944,00000000;8348,00000000;9086,00000000;7,5
2020-03-15T00:00:00+00:00;ALTHEDGE/USD;8698,00000000;8802,00000000;7707,00000000;8404,00000000;-3,5
2020-03-14T00:00:00+00:00;ALTHEDGE/USD;8074,00000000;8801,00000000;7965,00000000;8693,00000000;7,12
2020-03-13T00:00:00+00:00;ALTHEDGE/USD;10240,00000000;12314,00000000;7038,00000000;8073,00000000;-26,84
2020-03-12T00:00:00+00:00;ALTHEDGE/USD;7159,00000000;10452,00000000;7124,00000000;10263,00000000;30,24
2020-03-11T00:00:00+00:00;ALTHEDGE/USD;7014,50000000;7611,50000000;6926,50000000;7159,00000000;2,02
2020-03-10T00:00:00+00:00;ALTHEDGE/USD;6980,00000000;7175,00000000;6841,00000000;7014,50000000;0,49
2020-03-09T00:00:00+00:00;ALTHEDGE/USD;7026,50000000;7398,00000000;6812,50000000;6978,50000000;-0,69
2020-03-08T00:00:00+00:00;ALTHEDGE/USD;6060,00000000;7090,50000000;6060,00000000;7026,50000000;13,76
2020-03-07T00:00:00+00:00;ALTHEDGE/USD;5799,50000000;6092,50000000;5757,00000000;6060,00000000;4,3
2020-03-06T00:00:00+00:00;ALTHEDGE/USD;6066,50000000;6128,50000000;5797,00000000;5799,50000000;-4,6
2020-03-05T00:00:00+00:00;ALTHEDGE/USD;6266,00000000;6266,00000000;5944,50000000;6066,50000000;-3,29
2020-03-04T00:00:00+00:00;ALTHEDGE/USD;6225,50000000;6421,00000000;6125,00000000;6266,00000000;0,65
2020-03-03T00:00:00+00:00;ALTHEDGE/USD;6054,00000000;6336,50000000;6045,50000000;6225,50000000;2,75
2020-03-02T00:00:00+00:00;ALTHEDGE/USD;6520,50000000;6567,00000000;6006,00000000;6055,00000000;-7,69
2020-03-01T00:00:00+00:00;ALTHEDGE/USD;6575,50000000;6677,00000000;6273,00000000;6520,50000000;-0,84
2020-02-29T00:00:00+00:00;ALTHEDGE/USD;6384,00000000;6579,00000000;6221,50000000;6575,50000000;2,91
2020-02-28T00:00:00+00:00;ALTHEDGE/USD;6277,00000000;6691,50000000;6127,00000000;6381,50000000;1,64
2020-02-27T00:00:00+00:00;ALTHEDGE/USD;6434,00000000;6725,00000000;6014,00000000;6277,00000000;-2,5
2020-02-26T00:00:00+00:00;ALTHEDGE/USD;5798,50000000;6645,50000000;5712,00000000;6436,50000000;9,91
2020-02-25T00:00:00+00:00;ALTHEDGE/USD;5458,00000000;5857,00000000;5438,50000000;5798,50000000;5,87
2020-02-24T00:00:00+00:00;ALTHEDGE/USD;5209,50000000;5649,00000000;5167,50000000;5458,00000000;4,55
2020-02-23T00:00:00+00:00;ALTHEDGE/USD;5529,00000000;5535,50000000;5185,00000000;5209,00000000;-6,14
2020-02-22T00:00:00+00:00;ALTHEDGE/USD;5485,00000000;5639,00000000;5448,00000000;5528,00000000;0,78
2020-02-21T00:00:00+00:00;ALTHEDGE/USD;5612,00000000;5678,50000000;5374,00000000;5486,00000000;-2,3
2020-02-20T00:00:00+00:00;ALTHEDGE/USD;5592,00000000;5867,00000000;5460,00000000;5612,00000000;0,36
2020-02-19T00:00:00+00:00;ALTHEDGE/USD;5107,00000000;5643,50000000;5047,00000000;5590,00000000;8,64
2020-02-18T00:00:00+00:00;ALTHEDGE/USD;5324,50000000;5580,00000000;5031,50000000;5109,00000000;-4,22
2020-02-17T00:00:00+00:00;ALTHEDGE/USD;5429,00000000;5829,50000000;5311,50000000;5324,50000000;-1,96
2020-02-16T00:00:00+00:00;ALTHEDGE/USD;5173,50000000;5843,50000000;4994,00000000;5426,00000000;4,65
2020-02-15T00:00:00+00:00;ALTHEDGE/USD;4722,00000000;5283,00000000;4693,50000000;5173,50000000;8,73
2020-02-14T00:00:00+00:00;ALTHEDGE/USD;4907,50000000;5044,50000000;4722,00000000;4722,00000000;-3,93
2020-02-13T00:00:00+00:00;ALTHEDGE/USD;4923,00000000;5129,00000000;4759,50000000;4906,50000000;-0,34
2020-02-12T00:00:00+00:00;ALTHEDGE/USD;5226,50000000;5226,50000000;4811,50000000;4923,00000000;-6,16
2020-02-11T00:00:00+00:00;ALTHEDGE/USD;5484,00000000;5610,00000000;5184,00000000;5226,00000000;-4,94
2020-02-10T00:00:00+00:00;ALTHEDGE/USD;5401,00000000;5639,00000000;5377,00000000;5484,00000000;1,51
2020-02-09T00:00:00+00:00;ALTHEDGE/USD;5549,00000000;5597,50000000;5308,00000000;5401,00000000;-2,74
2020-02-08T00:00:00+00:00;ALTHEDGE/USD;5673,50000000;5918,50000000;5435,00000000;5549,00000000;-2,24
2020-02-07T00:00:00+00:00;ALTHEDGE/USD;5743,00000000;5781,50000000;5594,50000000;5675,50000000;-1,19
2020-02-06T00:00:00+00:00;ALTHEDGE/USD;5877,50000000;6033,50000000;5683,00000000;5743,00000000;-2,34
2020-02-05T00:00:00+00:00;ALTHEDGE/USD;6471,00000000;6493,50000000;5857,50000000;5876,00000000;-10,13
2020-02-04T00:00:00+00:00;ALTHEDGE/USD;6429,50000000;6636,50000000;6354,50000000;6471,00000000;0,64
2020-02-03T00:00:00+00:00;ALTHEDGE/USD;6459,50000000;6535,00000000;6221,00000000;6429,50000000;-0,47
2020-02-02T00:00:00+00:00;ALTHEDGE/USD;6532,00000000;6700,00000000;6254,00000000;6460,50000000;-1,11
2020-02-01T00:00:00+00:00;ALTHEDGE/USD;6639,50000000;6665,00000000;6426,50000000;6532,00000000;-1,65
2020-01-31T00:00:00+00:00;ALTHEDGE/USD;6402,00000000;6815,50000000;6358,50000000;6639,50000000;3,58
2020-01-30T00:00:00+00:00;ALTHEDGE/USD;6834,00000000;6966,50000000;6303,00000000;6401,50000000;-6,76
2020-01-29T00:00:00+00:00;ALTHEDGE/USD;6728,50000000;6864,50000000;6570,50000000;6834,00000000;1,54
2020-01-28T00:00:00+00:00;ALTHEDGE/USD;6957,00000000;7028,50000000;6680,50000000;6729,00000000;-3,39
2020-01-27T00:00:00+00:00;ALTHEDGE/USD;7218,00000000;7218,00000000;6774,00000000;6957,00000000;-3,75
2020-01-26T00:00:00+00:00;ALTHEDGE/USD;7656,00000000;7732,00000000;7207,00000000;7218,00000000;-6,07
2020-01-25T00:00:00+00:00;ALTHEDGE/USD;7506,00000000;7765,00000000;7500,00000000;7656,00000000;1,96
2020-01-24T00:00:00+00:00;ALTHEDGE/USD;7508,00000000;7891,00000000;7368,00000000;7506,00000000;-0,03
2020-01-23T00:00:00+00:00;ALTHEDGE/USD;7054,00000000;7671,50000000;7048,00000000;7510,00000000;6,07
2020-01-22T00:00:00+00:00;ALTHEDGE/USD;7029,50000000;7169,00000000;6891,50000000;7052,00000000;0,32
2020-01-21T00:00:00+00:00;ALTHEDGE/USD;7155,00000000;7241,00000000;6985,00000000;7031,50000000;-1,76
2020-01-20T00:00:00+00:00;ALTHEDGE/USD;7203,00000000;7452,00000000;7010,00000000;7154,00000000;-0,68
2020-01-19T00:00:00+00:00;ALTHEDGE/USD;7086,50000000;7539,00000000;6848,00000000;7203,00000000;1,62
2020-01-18T00:00:00+00:00;ALTHEDGE/USD;6921,50000000;7232,00000000;6674,00000000;7088,00000000;2,35
2020-01-17T00:00:00+00:00;ALTHEDGE/USD;7109,00000000;7199,00000000;6718,00000000;6921,50000000;-2,71
2020-01-16T00:00:00+00:00;ALTHEDGE/USD;7001,00000000;7458,00000000;6942,00000000;7109,00000000;1,52
2020-01-15T00:00:00+00:00;ALTHEDGE/USD;6635,50000000;7239,50000000;6536,50000000;7002,50000000;5,24
2020-01-14T00:00:00+00:00;ALTHEDGE/USD;9114,00000000;9135,00000000;6445,50000000;6626,50000000;-37,54
2020-01-13T00:00:00+00:00;ALTHEDGE/USD;8977,00000000;9262,00000000;8960,00000000;9116,00000000;1,52
2020-01-12T00:00:00+00:00;ALTHEDGE/USD;9375,00000000;9466,00000000;8978,00000000;8978,00000000;-4,42
2020-01-11T00:00:00+00:00;ALTHEDGE/USD;9143,00000000;9410,00000000;9022,00000000;9370,00000000;2,42
2020-01-10T00:00:00+00:00;ALTHEDGE/USD;10173,00000000;10369,00000000;9113,00000000;9143,00000000;-11,27
2020-01-09T00:00:00+00:00;ALTHEDGE/USD;10053,00000000;10334,00000000;9944,00000000;10173,00000000;1,18
2020-01-08T00:00:00+00:00;ALTHEDGE/USD;9893,00000000;10251,00000000;9540,00000000;10055,00000000;1,61
2020-01-07T00:00:00+00:00;ALTHEDGE/USD;9788,00000000;10189,00000000;9709,00000000;9891,00000000;1,04

