DATE/TIME;SYMBOL;OPEN;HIGH;LOW;CLOSE;EVOL % CLOSE/HIGH
2022-01-05T00:00:00+00:00;BSVHEDGE/USD;213,95000000;213,95000000;211,00000000;212,40000000;-0,73
2022-01-04T00:00:00+00:00;BSVHEDGE/USD;213,42500000;213,95000000;209,72500000;213,95000000;0,25
2022-01-03T00:00:00+00:00;BSVHEDGE/USD;210,10000000;213,95000000;209,75000000;213,42500000;1,56
2022-01-02T00:00:00+00:00;BSVHEDGE/USD;212,25000000;213,95000000;208,10000000;210,07500000;-1,04
2022-01-01T00:00:00+00:00;BSVHEDGE/USD;213,95000000;213,95000000;212,17500000;212,25000000;-0,8
2021-12-31T00:00:00+00:00;BSVHEDGE/USD;213,35000000;214,55000000;206,92500000;213,95000000;0,28
2021-12-30T00:00:00+00:00;BSVHEDGE/USD;213,40000000;214,90000000;211,75000000;213,35000000;-0,02
2021-12-29T00:00:00+00:00;BSVHEDGE/USD;213,40000000;214,30000000;202,65000000;213,40000000;0,0
2021-12-28T00:00:00+00:00;BSVHEDGE/USD;202,52500000;214,25000000;202,27500000;213,40000000;5,1
2021-12-27T00:00:00+00:00;BSVHEDGE/USD;202,65000000;204,32500000;197,02500000;203,30000000;0,32
2021-12-26T00:00:00+00:00;BSVHEDGE/USD;202,27500000;206,52500000;202,27500000;202,65000000;0,19
2021-12-25T00:00:00+00:00;BSVHEDGE/USD;203,40000000;205,12500000;200,40000000;202,27500000;-0,56
2021-12-24T00:00:00+00:00;BSVHEDGE/USD;203,60000000;209,22500000;197,90000000;203,40000000;-0,1
2021-12-23T00:00:00+00:00;BSVHEDGE/USD;212,92500000;214,25000000;203,27500000;203,60000000;-4,58
2021-12-22T00:00:00+00:00;BSVHEDGE/USD;211,80000000;212,92500000;209,17500000;212,92500000;0,53
2021-12-21T00:00:00+00:00;BSVHEDGE/USD;217,60000000;217,60000000;210,82500000;211,80000000;-2,74
2021-12-20T00:00:00+00:00;BSVHEDGE/USD;212,80000000;218,30000000;211,20000000;217,60000000;2,21
2021-12-19T00:00:00+00:00;BSVHEDGE/USD;209,10000000;213,35000000;207,72500000;212,80000000;1,74
2021-12-18T00:00:00+00:00;BSVHEDGE/USD;211,80000000;215,67500000;208,00000000;209,10000000;-1,29
2021-12-17T00:00:00+00:00;BSVHEDGE/USD;215,97500000;223,42500000;209,37500000;211,80000000;-1,97
2021-12-16T00:00:00+00:00;BSVHEDGE/USD;208,17500000;216,82500000;206,75000000;215,97500000;3,61
2021-12-15T00:00:00+00:00;BSVHEDGE/USD;209,32500000;219,00000000;200,95000000;208,17500000;-0,55
2021-12-14T00:00:00+00:00;BSVHEDGE/USD;211,67500000;218,32500000;203,20000000;209,32500000;-1,12
2021-12-13T00:00:00+00:00;BSVHEDGE/USD;199,40000000;218,95000000;198,95000000;211,07500000;5,53
2021-12-12T00:00:00+00:00;BSVHEDGE/USD;195,17500000;204,00000000;195,17500000;199,40000000;2,12
2021-12-11T00:00:00+00:00;BSVHEDGE/USD;203,55000000;210,65000000;187,12500000;195,17500000;-4,29
2021-12-10T00:00:00+00:00;BSVHEDGE/USD;199,80000000;209,05000000;186,52500000;203,55000000;1,84
2021-12-09T00:00:00+00:00;BSVHEDGE/USD;182,27500000;206,47500000;181,00000000;199,97500000;8,85
2021-12-08T00:00:00+00:00;BSVHEDGE/USD;170,62500000;186,45000000;169,75000000;182,27500000;6,39
2021-12-07T00:00:00+00:00;BSVHEDGE/USD;184,55000000;196,20000000;159,17500000;170,62500000;-8,16
2021-12-06T00:00:00+00:00;BSVHEDGE/USD;246,90000000;258,40000000;184,55000000;184,55000000;-33,78
2021-12-05T00:00:00+00:00;BSVHEDGE/USD;227,62500000;249,02500000;220,42500000;246,90000000;7,81
2021-12-04T00:00:00+00:00;BSVHEDGE/USD;207,70000000;283,70000000;194,20000000;227,62500000;8,75
2021-12-03T00:00:00+00:00;BSVHEDGE/USD;200,45000000;213,52500000;194,20000000;207,70000000;3,49
2021-12-02T00:00:00+00:00;BSVHEDGE/USD;200,77500000;208,42500000;194,20000000;200,45000000;-0,16
2021-12-01T00:00:00+00:00;BSVHEDGE/USD;198,35000000;204,95000000;194,20000000;200,77500000;1,21
2021-11-30T00:00:00+00:00;BSVHEDGE/USD;202,97500000;204,87500000;194,20000000;198,77500000;-2,11
2021-11-29T00:00:00+00:00;BSVHEDGE/USD;201,57500000;205,47500000;198,90000000;202,97500000;0,69
2021-11-28T00:00:00+00:00;BSVHEDGE/USD;203,87500000;212,37500000;197,42500000;201,57500000;-1,14
2021-11-27T00:00:00+00:00;BSVHEDGE/USD;205,80000000;211,25000000;198,70000000;205,12500000;-0,33
2021-11-26T00:00:00+00:00;BSVHEDGE/USD;192,55000000;208,75000000;192,50000000;205,80000000;6,44
2021-11-25T00:00:00+00:00;BSVHEDGE/USD;193,05000000;199,95000000;189,17500000;192,55000000;-0,26
2021-11-24T00:00:00+00:00;BSVHEDGE/USD;194,87500000;201,27500000;191,40000000;193,05000000;-0,95
2021-11-23T00:00:00+00:00;BSVHEDGE/USD;197,25000000;201,20000000;187,20000000;194,87500000;-1,22
2021-11-22T00:00:00+00:00;BSVHEDGE/USD;189,00000000;199,35000000;188,40000000;197,25000000;4,18
2021-11-21T00:00:00+00:00;BSVHEDGE/USD;191,57500000;195,82500000;186,97500000;189,00000000;-1,36
2021-11-20T00:00:00+00:00;BSVHEDGE/USD;196,05000000;198,77500000;188,12500000;191,57500000;-2,34
2021-11-19T00:00:00+00:00;BSVHEDGE/USD;203,92500000;210,20000000;194,82500000;196,05000000;-4,02
2021-11-18T00:00:00+00:00;BSVHEDGE/USD;187,95000000;207,55000000;186,02500000;203,92500000;7,83
2021-11-17T00:00:00+00:00;BSVHEDGE/USD;187,30000000;193,37500000;182,57500000;187,95000000;0,35
2021-11-16T00:00:00+00:00;BSVHEDGE/USD;177,32500000;192,67500000;175,97500000;187,30000000;5,33
2021-11-15T00:00:00+00:00;BSVHEDGE/USD;174,67500000;178,90000000;172,57500000;177,32500000;1,49
2021-11-14T00:00:00+00:00;BSVHEDGE/USD;176,65000000;177,55000000;174,67500000;174,67500000;-1,13
2021-11-13T00:00:00+00:00;BSVHEDGE/USD;178,52500000;180,42500000;174,67500000;176,65000000;-1,06
2021-11-12T00:00:00+00:00;BSVHEDGE/USD;174,67500000;183,80000000;173,35000000;178,52500000;2,16
2021-11-11T00:00:00+00:00;BSVHEDGE/USD;171,95000000;175,20000000;169,10000000;174,67500000;1,56
2021-11-10T00:00:00+00:00;BSVHEDGE/USD;161,55000000;175,55000000;157,35000000;171,95000000;6,05
2021-11-09T00:00:00+00:00;BSVHEDGE/USD;178,70000000;179,05000000;161,42500000;161,55000000;-10,62
2021-11-08T00:00:00+00:00;BSVHEDGE/USD;187,95000000;187,95000000;176,77500000;178,70000000;-5,18
2021-11-07T00:00:00+00:00;BSVHEDGE/USD;187,87500000;193,15000000;186,10000000;187,95000000;0,04
2021-11-06T00:00:00+00:00;BSVHEDGE/USD;182,97500000;191,62500000;182,55000000;187,87500000;2,61
2021-11-05T00:00:00+00:00;BSVHEDGE/USD;185,15000000;187,77500000;178,00000000;182,97500000;-1,19
2021-11-04T00:00:00+00:00;BSVHEDGE/USD;186,72500000;191,12500000;181,52500000;185,15000000;-0,85
2021-11-03T00:00:00+00:00;BSVHEDGE/USD;186,07500000;193,02500000;183,95000000;186,72500000;0,35
2021-11-02T00:00:00+00:00;BSVHEDGE/USD;193,37500000;194,25000000;186,05000000;186,07500000;-3,92
2021-11-01T00:00:00+00:00;BSVHEDGE/USD;191,87500000;194,25000000;188,47500000;193,37500000;0,78
2021-10-31T00:00:00+00:00;BSVHEDGE/USD;194,25000000;195,37500000;190,75000000;191,87500000;-1,24
2021-10-30T00:00:00+00:00;BSVHEDGE/USD;191,22500000;196,52500000;189,87500000;194,25000000;1,56
2021-10-29T00:00:00+00:00;BSVHEDGE/USD;194,25000000;195,67500000;188,95000000;191,22500000;-1,58
2021-10-28T00:00:00+00:00;BSVHEDGE/USD;204,47500000;205,10000000;190,60000000;194,25000000;-5,26
2021-10-27T00:00:00+00:00;BSVHEDGE/USD;183,95000000;205,00000000;183,30000000;204,02500000;9,84
2021-10-26T00:00:00+00:00;BSVHEDGE/USD;185,10000000;186,80000000;183,30000000;184,37500000;-0,39
2021-10-25T00:00:00+00:00;BSVHEDGE/USD;185,10000000;185,95000000;183,90000000;185,10000000;0,0
2021-10-24T00:00:00+00:00;BSVHEDGE/USD;183,47500000;187,27500000;177,65000000;185,10000000;0,88
2021-10-23T00:00:00+00:00;BSVHEDGE/USD;185,72500000;187,02500000;177,65000000;183,47500000;-1,23
2021-10-22T00:00:00+00:00;BSVHEDGE/USD;185,90000000;188,45000000;181,35000000;185,72500000;-0,09
2021-10-21T00:00:00+00:00;BSVHEDGE/USD;182,22500000;190,25000000;177,65000000;185,90000000;1,98
2021-10-20T00:00:00+00:00;BSVHEDGE/USD;189,00000000;191,20000000;182,22500000;182,22500000;-3,72
2021-10-19T00:00:00+00:00;BSVHEDGE/USD;191,52500000;194,20000000;188,12500000;189,00000000;-1,34
2021-10-18T00:00:00+00:00;BSVHEDGE/USD;190,12500000;194,42500000;184,65000000;191,52500000;0,73
2021-10-17T00:00:00+00:00;BSVHEDGE/USD;187,50000000;194,42500000;186,27500000;190,12500000;1,38
2021-10-16T00:00:00+00:00;BSVHEDGE/USD;186,45000000;189,67500000;183,17500000;187,50000000;0,56
2021-10-15T00:00:00+00:00;BSVHEDGE/USD;186,42500000;193,42500000;180,22500000;186,45000000;0,01
2021-10-14T00:00:00+00:00;BSVHEDGE/USD;187,00000000;190,82500000;182,87500000;186,42500000;-0,31
2021-10-13T00:00:00+00:00;BSVHEDGE/USD;189,82500000;194,42500000;183,67500000;187,00000000;-1,51
2021-10-12T00:00:00+00:00;BSVHEDGE/USD;177,45000000;195,40000000;177,45000000;189,82500000;6,52
2021-10-11T00:00:00+00:00;BSVHEDGE/USD;184,75000000;187,60000000;176,97500000;177,45000000;-4,11
2021-10-10T00:00:00+00:00;BSVHEDGE/USD;180,42500000;185,72500000;172,85000000;184,75000000;2,34
2021-10-09T00:00:00+00:00;BSVHEDGE/USD;183,27500000;191,35000000;179,25000000;180,42500000;-1,58
2021-10-08T00:00:00+00:00;BSVHEDGE/USD;178,15000000;186,55000000;177,87500000;183,27500000;2,8
2021-10-07T00:00:00+00:00;BSVHEDGE/USD;220,40000000;226,37500000;177,50000000;178,15000000;-23,72
2021-10-06T00:00:00+00:00;BSVHEDGE/USD;222,47500000;233,87500000;213,45000000;220,47500000;-0,91
2021-10-05T00:00:00+00:00;BSVHEDGE/USD;230,00000000;232,60000000;217,75000000;222,47500000;-3,38
2021-10-04T00:00:00+00:00;BSVHEDGE/USD;229,72500000;241,65000000;225,92500000;230,00000000;0,12
2021-10-03T00:00:00+00:00;BSVHEDGE/USD;240,07500000;243,15000000;225,60000000;229,72500000;-4,51
2021-10-02T00:00:00+00:00;BSVHEDGE/USD;238,70000000;243,15000000;232,72500000;240,07500000;0,57
2021-10-01T00:00:00+00:00;BSVHEDGE/USD;259,37500000;262,42500000;237,70000000;238,70000000;-8,66
2021-09-30T00:00:00+00:00;BSVHEDGE/USD;266,05000000;268,67500000;258,07500000;259,37500000;-2,57
2021-09-29T00:00:00+00:00;BSVHEDGE/USD;270,85000000;275,52500000;259,12500000;266,05000000;-1,8
2021-09-28T00:00:00+00:00;BSVHEDGE/USD;264,15000000;272,75000000;250,47500000;270,85000000;2,47
2021-09-27T00:00:00+00:00;BSVHEDGE/USD;260,12500000;270,25000000;253,65000000;264,15000000;1,52
2021-09-26T00:00:00+00:00;BSVHEDGE/USD;251,32500000;286,65000000;243,47500000;260,12500000;3,38
2021-09-25T00:00:00+00:00;BSVHEDGE/USD;251,95000000;261,55000000;246,67500000;251,32500000;-0,25
2021-09-24T00:00:00+00:00;BSVHEDGE/USD;234,02500000;268,30000000;227,62500000;251,95000000;7,11
2021-09-23T00:00:00+00:00;BSVHEDGE/USD;232,12500000;240,50000000;231,85000000;233,05000000;0,4
2021-09-22T00:00:00+00:00;BSVHEDGE/USD;247,77500000;250,70000000;231,85000000;232,12500000;-6,74
2021-09-21T00:00:00+00:00;BSVHEDGE/USD;265,52500000;276,22500000;225,47500000;247,65000000;-7,22
2021-09-20T00:00:00+00:00;BSVHEDGE/USD;234,12500000;274,22500000;233,67500000;265,52500000;11,83
2021-09-19T00:00:00+00:00;BSVHEDGE/USD;232,50000000;238,47500000;228,17500000;234,12500000;0,69
2021-09-18T00:00:00+00:00;BSVHEDGE/USD;234,12500000;237,90000000;227,40000000;232,50000000;-0,7
2021-09-17T00:00:00+00:00;BSVHEDGE/USD;234,05000000;237,72500000;226,47500000;234,12500000;0,03
2021-09-16T00:00:00+00:00;BSVHEDGE/USD;232,42500000;239,12500000;229,17500000;234,05000000;0,69
2021-09-15T00:00:00+00:00;BSVHEDGE/USD;237,02500000;242,50000000;230,30000000;232,42500000;-1,98
2021-09-14T00:00:00+00:00;BSVHEDGE/USD;244,47500000;246,37500000;236,60000000;237,25000000;-3,05
2021-09-13T00:00:00+00:00;BSVHEDGE/USD;236,72500000;251,15000000;235,62500000;244,20000000;3,06
2021-09-12T00:00:00+00:00;BSVHEDGE/USD;238,25000000;243,77500000;234,55000000;236,67500000;-0,67
2021-09-11T00:00:00+00:00;BSVHEDGE/USD;242,90000000;247,42500000;232,27500000;238,25000000;-1,95
2021-09-10T00:00:00+00:00;BSVHEDGE/USD;236,80000000;247,72500000;228,70000000;242,90000000;2,51
2021-09-09T00:00:00+00:00;BSVHEDGE/USD;236,67500000;241,17500000;225,42500000;236,80000000;0,05
2021-09-08T00:00:00+00:00;BSVHEDGE/USD;235,65000000;250,55000000;228,15000000;236,67500000;0,43
2021-09-07T00:00:00+00:00;BSVHEDGE/USD;200,27500000;250,62500000;198,87500000;235,65000000;15,01
2021-09-06T00:00:00+00:00;BSVHEDGE/USD;200,12500000;222,20000000;192,42500000;200,27500000;0,07
2021-09-05T00:00:00+00:00;BSVHEDGE/USD;206,40000000;224,90000000;199,32500000;200,12500000;-3,14
2021-09-04T00:00:00+00:00;BSVHEDGE/USD;219,20000000;223,02500000;202,52500000;206,40000000;-6,2
2021-09-03T00:00:00+00:00;BSVHEDGE/USD;228,65000000;230,50000000;215,70000000;219,20000000;-4,31
2021-09-02T00:00:00+00:00;BSVHEDGE/USD;230,52500000;231,50000000;225,60000000;228,65000000;-0,82
2021-09-01T00:00:00+00:00;BSVHEDGE/USD;235,87500000;241,20000000;229,55000000;230,52500000;-2,32
2021-08-31T00:00:00+00:00;BSVHEDGE/USD;237,77500000;242,10000000;230,90000000;235,87500000;-0,81
2021-08-30T00:00:00+00:00;BSVHEDGE/USD;228,67500000;240,90000000;223,02500000;237,77500000;3,83
2021-08-29T00:00:00+00:00;BSVHEDGE/USD;239,42500000;239,42500000;210,45000000;228,45000000;-4,8
2021-08-28T00:00:00+00:00;BSVHEDGE/USD;245,70000000;249,40000000;231,37500000;239,42500000;-2,62
2021-08-27T00:00:00+00:00;BSVHEDGE/USD;250,10000000;255,70000000;243,55000000;245,40000000;-1,92
2021-08-26T00:00:00+00:00;BSVHEDGE/USD;241,50000000;256,32500000;238,80000000;250,10000000;3,44
2021-08-25T00:00:00+00:00;BSVHEDGE/USD;246,00000000;251,22500000;239,12500000;241,50000000;-1,86
2021-08-24T00:00:00+00:00;BSVHEDGE/USD;235,77500000;249,85000000;233,35000000;246,00000000;4,16
2021-08-23T00:00:00+00:00;BSVHEDGE/USD;238,67500000;242,15000000;230,65000000;235,77500000;-1,23
2021-08-22T00:00:00+00:00;BSVHEDGE/USD;238,45000000;250,92500000;233,00000000;238,67500000;0,09
2021-08-21T00:00:00+00:00;BSVHEDGE/USD;232,55000000;243,17500000;230,30000000;238,45000000;2,47
2021-08-20T00:00:00+00:00;BSVHEDGE/USD;248,52500000;252,37500000;227,97500000;231,42500000;-7,39
2021-08-19T00:00:00+00:00;BSVHEDGE/USD;254,72500000;263,17500000;247,90000000;248,52500000;-2,49
2021-08-18T00:00:00+00:00;BSVHEDGE/USD;251,30000000;259,95000000;247,25000000;254,72500000;1,34
2021-08-17T00:00:00+00:00;BSVHEDGE/USD;240,00000000;256,25000000;232,00000000;251,30000000;4,5
2021-08-16T00:00:00+00:00;BSVHEDGE/USD;236,02500000;243,12500000;227,20000000;240,00000000;1,66
2021-08-15T00:00:00+00:00;BSVHEDGE/USD;240,65000000;257,52500000;231,37500000;236,02500000;-1,96
2021-08-14T00:00:00+00:00;BSVHEDGE/USD;241,10000000;258,02500000;237,37500000;240,65000000;-0,19
2021-08-13T00:00:00+00:00;BSVHEDGE/USD;260,90000000;290,87500000;240,00000000;241,10000000;-8,21
2021-08-12T00:00:00+00:00;BSVHEDGE/USD;255,32500000;272,25000000;244,22500000;261,52500000;2,37
2021-08-11T00:00:00+00:00;BSVHEDGE/USD;266,47500000;271,02500000;244,77500000;255,32500000;-4,37
2021-08-10T00:00:00+00:00;BSVHEDGE/USD;265,42500000;286,12500000;258,55000000;266,47500000;0,39
2021-08-09T00:00:00+00:00;BSVHEDGE/USD;281,17500000;285,65000000;259,52500000;265,42500000;-5,93
2021-08-08T00:00:00+00:00;BSVHEDGE/USD;263,10000000;290,87500000;262,02500000;281,17500000;6,43
2021-08-07T00:00:00+00:00;BSVHEDGE/USD;282,85000000;290,87500000;253,12500000;263,10000000;-7,51
2021-08-06T00:00:00+00:00;BSVHEDGE/USD;293,20000000;295,35000000;279,50000000;282,85000000;-3,66
2021-08-05T00:00:00+00:00;BSVHEDGE/USD;294,50000000;305,00000000;290,87500000;292,72500000;-0,61
2021-08-04T00:00:00+00:00;BSVHEDGE/USD;298,35000000;307,00000000;288,67500000;294,50000000;-1,31
2021-08-03T00:00:00+00:00;BSVHEDGE/USD;285,05000000;299,67500000;279,47500000;298,35000000;4,46
2021-08-02T00:00:00+00:00;BSVHEDGE/USD;290,87500000;296,60000000;274,80000000;285,05000000;-2,04
2021-08-01T00:00:00+00:00;BSVHEDGE/USD;292,45000000;295,27500000;275,72500000;290,87500000;-0,54
2021-07-31T00:00:00+00:00;BSVHEDGE/USD;292,30000000;314,62500000;289,10000000;292,45000000;0,05
2021-07-30T00:00:00+00:00;BSVHEDGE/USD;298,70000000;314,62500000;291,70000000;292,47500000;-2,13
2021-07-29T00:00:00+00:00;BSVHEDGE/USD;310,00000000;314,62500000;295,60000000;298,70000000;-3,78
2021-07-28T00:00:00+00:00;BSVHEDGE/USD;311,60000000;327,90000000;304,60000000;310,00000000;-0,52
2021-07-27T00:00:00+00:00;BSVHEDGE/USD;322,40000000;327,90000000;311,17500000;311,60000000;-3,47
2021-07-26T00:00:00+00:00;BSVHEDGE/USD;325,85000000;327,90000000;299,50000000;321,75000000;-1,27
2021-07-25T00:00:00+00:00;BSVHEDGE/USD;328,90000000;346,15000000;323,55000000;325,85000000;-0,94
2021-07-24T00:00:00+00:00;BSVHEDGE/USD;331,40000000;338,05000000;321,65000000;328,00000000;-1,04
2021-07-23T00:00:00+00:00;BSVHEDGE/USD;336,95000000;343,95000000;330,15000000;331,40000000;-1,67
2021-07-22T00:00:00+00:00;BSVHEDGE/USD;342,40000000;353,30000000;335,35000000;336,95000000;-1,62
2021-07-21T00:00:00+00:00;BSVHEDGE/USD;369,55000000;374,90000000;336,70000000;342,40000000;-7,93
2021-07-20T00:00:00+00:00;BSVHEDGE/USD;356,30000000;381,65000000;336,95000000;369,95000000;3,69
2021-07-19T00:00:00+00:00;BSVHEDGE/USD;344,50000000;363,25000000;341,85000000;356,30000000;3,31
2021-07-18T00:00:00+00:00;BSVHEDGE/USD;344,35000000;348,50000000;324,55000000;344,10000000;-0,07
2021-07-17T00:00:00+00:00;BSVHEDGE/USD;345,40000000;353,40000000;325,05000000;343,90000000;-0,44
2021-07-16T00:00:00+00:00;BSVHEDGE/USD;332,35000000;347,25000000;326,75000000;345,40000000;3,78
2021-07-15T00:00:00+00:00;BSVHEDGE/USD;322,25000000;340,90000000;319,00000000;332,35000000;3,04
2021-07-14T00:00:00+00:00;BSVHEDGE/USD;312,27500000;338,92500000;308,95000000;322,25000000;3,1
2021-07-13T00:00:00+00:00;BSVHEDGE/USD;311,20000000;315,47500000;307,00000000;312,27500000;0,34
2021-07-12T00:00:00+00:00;BSVHEDGE/USD;311,00000000;314,02500000;298,50000000;311,20000000;0,06
2021-07-11T00:00:00+00:00;BSVHEDGE/USD;309,07500000;313,90000000;298,45000000;311,00000000;0,62
2021-07-10T00:00:00+00:00;BSVHEDGE/USD;309,65000000;316,82500000;303,37500000;309,07500000;-0,19
2021-07-09T00:00:00+00:00;BSVHEDGE/USD;304,95000000;320,40000000;304,92500000;309,65000000;1,52
2021-07-08T00:00:00+00:00;BSVHEDGE/USD;308,25000000;319,65000000;295,40000000;305,85000000;-0,78
2021-07-07T00:00:00+00:00;BSVHEDGE/USD;307,52500000;309,50000000;293,07500000;308,25000000;0,24
2021-07-06T00:00:00+00:00;BSVHEDGE/USD;307,05000000;321,45000000;288,87500000;307,97500000;0,3
2021-07-05T00:00:00+00:00;BSVHEDGE/USD;291,05000000;309,57500000;290,62500000;306,62500000;5,08
2021-07-04T00:00:00+00:00;BSVHEDGE/USD;297,32500000;303,30000000;281,25000000;291,05000000;-2,16
2021-07-03T00:00:00+00:00;BSVHEDGE/USD;300,17500000;307,12500000;292,60000000;297,32500000;-0,96
2021-07-02T00:00:00+00:00;BSVHEDGE/USD;299,00000000;313,57500000;296,57500000;299,62500000;0,21
2021-07-01T00:00:00+00:00;BSVHEDGE/USD;297,32500000;315,77500000;288,02500000;300,05000000;0,91
2021-06-30T00:00:00+00:00;BSVHEDGE/USD;287,90000000;316,62500000;282,57500000;297,32500000;3,17
2021-06-29T00:00:00+00:00;BSVHEDGE/USD;284,67500000;294,72500000;260,32500000;287,90000000;1,12
2021-06-28T00:00:00+00:00;BSVHEDGE/USD;353,05000000;356,80000000;258,15000000;284,25000000;-24,2
2021-06-27T00:00:00+00:00;BSVHEDGE/USD;369,55000000;371,90000000;350,25000000;353,05000000;-4,67
2021-06-26T00:00:00+00:00;BSVHEDGE/USD;383,50000000;398,20000000;368,75000000;369,55000000;-3,77
2021-06-25T00:00:00+00:00;BSVHEDGE/USD;357,90000000;386,80000000;348,60000000;383,50000000;6,68
2021-06-24T00:00:00+00:00;BSVHEDGE/USD;368,50000000;385,35000000;350,80000000;358,05000000;-2,92
2021-06-23T00:00:00+00:00;BSVHEDGE/USD;400,70000000;413,95000000;360,15000000;368,50000000;-8,74
2021-06-22T00:00:00+00:00;BSVHEDGE/USD;388,75000000;440,25000000;372,50000000;400,70000000;2,98
2021-06-21T00:00:00+00:00;BSVHEDGE/USD;327,00000000;395,25000000;324,20000000;388,75000000;15,88
2021-06-20T00:00:00+00:00;BSVHEDGE/USD;322,45000000;343,85000000;320,40000000;327,00000000;1,39
2021-06-19T00:00:00+00:00;BSVHEDGE/USD;318,50000000;323,10000000;312,20000000;322,45000000;1,22
2021-06-18T00:00:00+00:00;BSVHEDGE/USD;307,45000000;328,35000000;305,12500000;318,50000000;3,47
2021-06-17T00:00:00+00:00;BSVHEDGE/USD;306,32500000;312,52500000;298,72500000;307,45000000;0,37
2021-06-16T00:00:00+00:00;BSVHEDGE/USD;296,50000000;312,07500000;296,50000000;306,32500000;3,21
2021-06-15T00:00:00+00:00;BSVHEDGE/USD;289,72500000;307,02500000;287,75000000;296,50000000;2,28
2021-06-14T00:00:00+00:00;BSVHEDGE/USD;295,45000000;299,77500000;286,85000000;289,72500000;-1,98
2021-06-13T00:00:00+00:00;BSVHEDGE/USD;311,75000000;317,32500000;291,12500000;295,45000000;-5,52
2021-06-12T00:00:00+00:00;BSVHEDGE/USD;307,40000000;323,82500000;307,02500000;311,67500000;1,37
2021-06-11T00:00:00+00:00;BSVHEDGE/USD;307,37500000;313,27500000;290,42500000;307,40000000;0,01
2021-06-10T00:00:00+00:00;BSVHEDGE/USD;295,10000000;309,90000000;292,07500000;307,17500000;3,93
2021-06-09T00:00:00+00:00;BSVHEDGE/USD;316,15000000;325,90000000;293,25000000;295,10000000;-7,13
2021-06-08T00:00:00+00:00;BSVHEDGE/USD;309,50000000;338,40000000;306,57500000;316,15000000;2,1
2021-06-07T00:00:00+00:00;BSVHEDGE/USD;290,90000000;311,92500000;287,90000000;309,70000000;6,07
2021-06-06T00:00:00+00:00;BSVHEDGE/USD;291,72500000;297,92500000;285,05000000;290,90000000;-0,28
2021-06-05T00:00:00+00:00;BSVHEDGE/USD;298,70000000;311,82500000;290,87500000;291,72500000;-2,39
2021-06-04T00:00:00+00:00;BSVHEDGE/USD;276,62500000;315,55000000;275,37500000;298,70000000;7,39
2021-06-03T00:00:00+00:00;BSVHEDGE/USD;287,50000000;302,30000000;272,42500000;276,62500000;-3,93
2021-06-02T00:00:00+00:00;BSVHEDGE/USD;298,87500000;315,55000000;277,10000000;287,50000000;-3,96
2021-06-01T00:00:00+00:00;BSVHEDGE/USD;301,37500000;316,02500000;297,17500000;298,87500000;-0,84
2021-05-31T00:00:00+00:00;BSVHEDGE/USD;316,15000000;326,75000000;299,77500000;301,37500000;-4,9
2021-05-30T00:00:00+00:00;BSVHEDGE/USD;320,60000000;340,10000000;310,35000000;316,15000000;-1,41
2021-05-29T00:00:00+00:00;BSVHEDGE/USD;316,52500000;331,22500000;294,50000000;320,60000000;1,27
2021-05-28T00:00:00+00:00;BSVHEDGE/USD;291,15000000;340,60000000;288,15000000;315,55000000;7,73
2021-05-27T00:00:00+00:00;BSVHEDGE/USD;293,67500000;329,60000000;277,75000000;291,15000000;-0,87
2021-05-26T00:00:00+00:00;BSVHEDGE/USD;306,02500000;327,15000000;285,90000000;293,67500000;-4,21
2021-05-25T00:00:00+00:00;BSVHEDGE/USD;301,45000000;343,92500000;288,07500000;306,02500000;1,49
2021-05-24T00:00:00+00:00;BSVHEDGE/USD;371,70000000;383,95000000;298,02500000;301,45000000;-23,3
2021-05-23T00:00:00+00:00;BSVHEDGE/USD;329,95000000;407,60000000;320,25000000;371,70000000;11,23
2021-05-22T00:00:00+00:00;BSVHEDGE/USD;319,70000000;348,30000000;315,60000000;329,95000000;3,11
2021-05-21T00:00:00+00:00;BSVHEDGE/USD;281,82500000;346,97500000;261,80000000;319,70000000;11,85
2021-05-20T00:00:00+00:00;BSVHEDGE/USD;330,75000000;359,25000000;278,95000000;281,82500000;-17,36
2021-05-19T00:00:00+00:00;BSVHEDGE/USD;237,95000000;352,85000000;229,15000000;330,75000000;28,06
2021-05-18T00:00:00+00:00;BSVHEDGE/USD;238,60000000;247,80000000;221,62500000;236,67500000;-0,81
2021-05-17T00:00:00+00:00;BSVHEDGE/USD;217,90000000;260,97500000;216,82500000;238,60000000;8,68
2021-05-16T00:00:00+00:00;BSVHEDGE/USD;221,00000000;238,55000000;207,62500000;218,10000000;-1,33
2021-05-15T00:00:00+00:00;BSVHEDGE/USD;207,45000000;224,67500000;203,57500000;221,00000000;6,13
2021-05-14T00:00:00+00:00;BSVHEDGE/USD;219,67500000;223,90000000;194,97500000;207,45000000;-5,89
2021-05-13T00:00:00+00:00;BSVHEDGE/USD;233,22500000;242,37500000;205,47500000;219,67500000;-6,17
2021-05-12T00:00:00+00:00;BSVHEDGE/USD;191,77500000;240,62500000;184,75000000;230,37500000;16,76
2021-05-11T00:00:00+00:00;BSVHEDGE/USD;222,87500000;231,32500000;189,22500000;192,42500000;-15,82
2021-05-10T00:00:00+00:00;BSVHEDGE/USD;223,37500000;240,95000000;190,50000000;222,87500000;-0,22
2021-05-09T00:00:00+00:00;BSVHEDGE/USD;217,77500000;239,85000000;212,15000000;223,37500000;2,51
2021-05-08T00:00:00+00:00;BSVHEDGE/USD;212,35000000;235,90000000;200,37500000;217,77500000;2,49
2021-05-07T00:00:00+00:00;BSVHEDGE/USD;192,80000000;218,77500000;185,27500000;212,35000000;9,21
2021-05-06T00:00:00+00:00;BSVHEDGE/USD;191,12500000;209,07500000;175,10000000;192,80000000;0,87
2021-05-05T00:00:00+00:00;BSVHEDGE/USD;258,57500000;261,37500000;180,05000000;191,12500000;-35,29
2021-05-04T00:00:00+00:00;BSVHEDGE/USD;232,85000000;267,20000000;229,05000000;258,57500000;9,95
2021-05-03T00:00:00+00:00;BSVHEDGE/USD;261,67500000;262,02500000;227,07500000;232,85000000;-12,38
2021-05-02T00:00:00+00:00;BSVHEDGE/USD;260,90000000;277,15000000;251,17500000;261,67500000;0,3
2021-05-01T00:00:00+00:00;BSVHEDGE/USD;267,45000000;279,90000000;254,65000000;260,90000000;-2,51
2021-04-30T00:00:00+00:00;BSVHEDGE/USD;313,07500000;318,80000000;263,85000000;267,45000000;-17,06
2021-04-29T00:00:00+00:00;BSVHEDGE/USD;305,67500000;323,90000000;302,40000000;313,57500000;2,52
2021-04-28T00:00:00+00:00;BSVHEDGE/USD;307,90000000;326,20000000;297,60000000;305,67500000;-0,73
2021-04-27T00:00:00+00:00;BSVHEDGE/USD;338,40000000;345,35000000;305,75000000;307,90000000;-9,91
2021-04-26T00:00:00+00:00;BSVHEDGE/USD;384,00000000;388,40000000;334,80000000;338,40000000;-13,48
2021-04-25T00:00:00+00:00;BSVHEDGE/USD;387,35000000;397,60000000;353,20000000;384,00000000;-0,87
2021-04-24T00:00:00+00:00;BSVHEDGE/USD;365,60000000;395,45000000;365,10000000;387,35000000;5,62
2021-04-23T00:00:00+00:00;BSVHEDGE/USD;327,40000000;431,50000000;316,50000000;365,60000000;10,45
2021-04-22T00:00:00+00:00;BSVHEDGE/USD;311,80000000;332,10000000;297,15000000;327,40000000;4,76
2021-04-21T00:00:00+00:00;BSVHEDGE/USD;303,60000000;318,92500000;288,05000000;311,80000000;2,63
2021-04-20T00:00:00+00:00;BSVHEDGE/USD;312,97500000;338,35000000;294,90000000;303,60000000;-3,09
2021-04-19T00:00:00+00:00;BSVHEDGE/USD;281,40000000;321,55000000;274,80000000;314,00000000;10,38
2021-04-18T00:00:00+00:00;BSVHEDGE/USD;253,57500000;324,07500000;249,72500000;281,40000000;9,89
2021-04-17T00:00:00+00:00;BSVHEDGE/USD;220,95000000;256,05000000;216,77500000;254,62500000;13,23
2021-04-16T00:00:00+00:00;BSVHEDGE/USD;280,05000000;310,67500000;198,22500000;220,95000000;-26,75
2021-04-15T00:00:00+00:00;BSVHEDGE/USD;317,00000000;327,85000000;270,50000000;279,80000000;-13,3
2021-04-14T00:00:00+00:00;BSVHEDGE/USD;355,55000000;373,75000000;302,20000000;317,00000000;-12,16
2021-04-13T00:00:00+00:00;BSVHEDGE/USD;417,05000000;419,10000000;352,15000000;355,90000000;-17,18
2021-04-12T00:00:00+00:00;BSVHEDGE/USD;391,10000000;427,20000000;387,40000000;416,90000000;6,19
2021-04-11T00:00:00+00:00;BSVHEDGE/USD;395,25000000;406,95000000;372,00000000;390,95000000;-1,1
2021-04-10T00:00:00+00:00;BSVHEDGE/USD;415,00000000;423,70000000;382,05000000;395,25000000;-5,0
2021-04-09T00:00:00+00:00;BSVHEDGE/USD;432,45000000;443,45000000;396,00000000;415,00000000;-4,2
2021-04-08T00:00:00+00:00;BSVHEDGE/USD;452,75000000;465,25000000;428,65000000;432,45000000;-4,69
2021-04-07T00:00:00+00:00;BSVHEDGE/USD;414,20000000;465,25000000;393,85000000;452,75000000;8,51
2021-04-06T00:00:00+00:00;BSVHEDGE/USD;436,55000000;467,85000000;380,55000000;414,20000000;-5,4
2021-04-05T00:00:00+00:00;BSVHEDGE/USD;473,30000000;479,45000000;430,80000000;436,55000000;-8,42
2021-04-04T00:00:00+00:00;BSVHEDGE/USD;497,95000000;501,80000000;465,15000000;474,05000000;-5,04
2021-04-03T00:00:00+00:00;BSVHEDGE/USD;444,75000000;502,45000000;430,95000000;497,95000000;10,68
2021-04-02T00:00:00+00:00;BSVHEDGE/USD;490,30000000;496,25000000;412,00000000;444,45000000;-10,32
2021-04-01T00:00:00+00:00;BSVHEDGE/USD;515,20000000;524,90000000;469,40000000;490,30000000;-5,08
2021-03-31T00:00:00+00:00;BSVHEDGE/USD;536,80000000;560,70000000;510,60000000;515,20000000;-4,19
2021-03-30T00:00:00+00:00;BSVHEDGE/USD;540,10000000;547,55000000;531,40000000;536,80000000;-0,61
2021-03-29T00:00:00+00:00;BSVHEDGE/USD;563,55000000;568,00000000;528,35000000;540,10000000;-4,34
2021-03-28T00:00:00+00:00;BSVHEDGE/USD;561,50000000;570,95000000;552,65000000;563,55000000;0,36
2021-03-27T00:00:00+00:00;BSVHEDGE/USD;553,45000000;573,50000000;548,25000000;561,50000000;1,43
2021-03-26T00:00:00+00:00;BSVHEDGE/USD;584,95000000;588,20000000;548,05000000;553,45000000;-5,69
2021-03-25T00:00:00+00:00;BSVHEDGE/USD;585,90000000;620,35000000;572,90000000;584,95000000;-0,16
2021-03-24T00:00:00+00:00;BSVHEDGE/USD;534,55000000;610,15000000;513,90000000;585,90000000;8,76
2021-03-23T00:00:00+00:00;BSVHEDGE/USD;565,15000000;586,55000000;499,80000000;534,55000000;-5,72
2021-03-22T00:00:00+00:00;BSVHEDGE/USD;568,20000000;635,45000000;507,30000000;565,15000000;-0,54
2021-03-21T00:00:00+00:00;BSVHEDGE/USD;557,90000000;586,25000000;546,75000000;568,20000000;1,81
2021-03-20T00:00:00+00:00;BSVHEDGE/USD;535,10000000;582,50000000;518,85000000;557,05000000;3,94
2021-03-19T00:00:00+00:00;BSVHEDGE/USD;566,55000000;604,10000000;486,40000000;535,10000000;-5,88
2021-03-18T00:00:00+00:00;BSVHEDGE/USD;587,55000000;612,50000000;552,60000000;566,40000000;-3,73
2021-03-17T00:00:00+00:00;BSVHEDGE/USD;589,05000000;626,45000000;583,45000000;587,55000000;-0,26
2021-03-16T00:00:00+00:00;BSVHEDGE/USD;601,20000000;634,85000000;575,75000000;589,05000000;-2,06
2021-03-15T00:00:00+00:00;BSVHEDGE/USD;606,10000000;635,45000000;567,15000000;601,20000000;-0,82
2021-03-14T00:00:00+00:00;BSVHEDGE/USD;531,65000000;610,35000000;514,25000000;606,10000000;12,28
2021-03-13T00:00:00+00:00;BSVHEDGE/USD;635,45000000;635,45000000;488,35000000;531,65000000;-19,52
2021-03-12T00:00:00+00:00;BSVHEDGE/USD;631,50000000;661,55000000;620,80000000;635,45000000;0,62
2021-03-11T00:00:00+00:00;BSVHEDGE/USD;631,90000000;642,75000000;620,20000000;631,50000000;-0,06
2021-03-10T00:00:00+00:00;BSVHEDGE/USD;623,05000000;640,60000000;604,75000000;631,90000000;1,4
2021-03-09T00:00:00+00:00;BSVHEDGE/USD;635,45000000;639,55000000;621,90000000;623,05000000;-1,99
2021-03-08T00:00:00+00:00;BSVHEDGE/USD;638,15000000;658,90000000;628,60000000;635,45000000;-0,42
2021-03-07T00:00:00+00:00;BSVHEDGE/USD;648,80000000;652,80000000;634,90000000;636,80000000;-1,88
2021-03-06T00:00:00+00:00;BSVHEDGE/USD;652,85000000;672,40000000;635,45000000;648,80000000;-0,62
2021-03-05T00:00:00+00:00;BSVHEDGE/USD;650,65000000;671,80000000;645,60000000;652,15000000;0,23
2021-03-04T00:00:00+00:00;BSVHEDGE/USD;629,25000000;658,90000000;616,75000000;649,90000000;3,18
2021-03-03T00:00:00+00:00;BSVHEDGE/USD;636,25000000;642,95000000;607,40000000;629,25000000;-1,11
2021-03-02T00:00:00+00:00;BSVHEDGE/USD;637,75000000;653,70000000;615,55000000;636,25000000;-0,24
2021-03-01T00:00:00+00:00;BSVHEDGE/USD;665,55000000;674,20000000;622,80000000;637,75000000;-4,36
2021-02-28T00:00:00+00:00;BSVHEDGE/USD;644,25000000;691,40000000;640,90000000;665,55000000;3,2
2021-02-27T00:00:00+00:00;BSVHEDGE/USD;655,70000000;660,25000000;602,05000000;644,60000000;-1,72
2021-02-26T00:00:00+00:00;BSVHEDGE/USD;641,85000000;693,25000000;618,55000000;655,70000000;2,11
2021-02-25T00:00:00+00:00;BSVHEDGE/USD;618,45000000;652,80000000;594,15000000;641,85000000;3,65
2021-02-24T00:00:00+00:00;BSVHEDGE/USD;635,75000000;654,75000000;569,60000000;618,45000000;-2,8
2021-02-23T00:00:00+00:00;BSVHEDGE/USD;570,70000000;687,30000000;567,75000000;635,75000000;10,23
2021-02-22T00:00:00+00:00;BSVHEDGE/USD;509,90000000;622,55000000;507,50000000;570,70000000;10,65
2021-02-21T00:00:00+00:00;BSVHEDGE/USD;547,00000000;553,65000000;492,40000000;509,90000000;-7,28
2021-02-20T00:00:00+00:00;BSVHEDGE/USD;512,05000000;569,60000000;490,70000000;544,00000000;5,87
2021-02-19T00:00:00+00:00;BSVHEDGE/USD;516,60000000;537,25000000;490,00000000;512,05000000;-0,89
2021-02-18T00:00:00+00:00;BSVHEDGE/USD;508,20000000;523,25000000;485,35000000;516,60000000;1,63
2021-02-17T00:00:00+00:00;BSVHEDGE/USD;524,00000000;544,80000000;488,50000000;508,20000000;-3,11
2021-02-16T00:00:00+00:00;BSVHEDGE/USD;514,55000000;544,60000000;479,05000000;524,00000000;1,8
2021-02-15T00:00:00+00:00;BSVHEDGE/USD;478,75000000;561,35000000;454,00000000;514,55000000;6,96
2021-02-14T00:00:00+00:00;BSVHEDGE/USD;467,90000000;503,15000000;433,20000000;478,75000000;2,27
2021-02-13T00:00:00+00:00;BSVHEDGE/USD;540,10000000;584,40000000;460,75000000;467,90000000;-15,43
2021-02-12T00:00:00+00:00;BSVHEDGE/USD;560,20000000;602,65000000;530,40000000;540,10000000;-3,72
2021-02-11T00:00:00+00:00;BSVHEDGE/USD;598,70000000;606,80000000;544,40000000;560,20000000;-6,87
2021-02-10T00:00:00+00:00;BSVHEDGE/USD;560,80000000;667,00000000;533,70000000;598,70000000;6,33
2021-02-09T00:00:00+00:00;BSVHEDGE/USD;665,35000000;667,00000000;531,50000000;560,80000000;-18,64
2021-02-08T00:00:00+00:00;BSVHEDGE/USD;707,10000000;714,60000000;660,50000000;665,35000000;-6,27
2021-02-07T00:00:00+00:00;BSVHEDGE/USD;701,30000000;727,20000000;681,05000000;707,10000000;0,82
2021-02-06T00:00:00+00:00;BSVHEDGE/USD;688,05000000;712,75000000;650,95000000;700,00000000;1,71
2021-02-05T00:00:00+00:00;BSVHEDGE/USD;733,10000000;737,40000000;682,90000000;688,05000000;-6,55
2021-02-04T00:00:00+00:00;BSVHEDGE/USD;702,70000000;738,35000000;682,45000000;731,10000000;3,88
2021-02-03T00:00:00+00:00;BSVHEDGE/USD;717,80000000;719,50000000;667,00000000;704,80000000;-1,84
2021-02-02T00:00:00+00:00;BSVHEDGE/USD;719,70000000;728,40000000;697,60000000;717,80000000;-0,26
2021-02-01T00:00:00+00:00;BSVHEDGE/USD;744,20000000;749,80000000;677,30000000;719,70000000;-3,4
2021-01-31T00:00:00+00:00;BSVHEDGE/USD;720,00000000;755,60000000;708,30000000;744,20000000;3,25
2021-01-30T00:00:00+00:00;BSVHEDGE/USD;748,10000000;771,30000000;660,90000000;720,00000000;-3,9
2021-01-29T00:00:00+00:00;BSVHEDGE/USD;756,60000000;776,60000000;685,30000000;748,10000000;-1,14
2021-01-28T00:00:00+00:00;BSVHEDGE/USD;802,90000000;806,10000000;737,50000000;752,80000000;-6,66
2021-01-27T00:00:00+00:00;BSVHEDGE/USD;748,10000000;817,90000000;746,00000000;799,80000000;6,46
2021-01-26T00:00:00+00:00;BSVHEDGE/USD;714,60000000;759,60000000;714,60000000;748,10000000;4,48
2021-01-25T00:00:00+00:00;BSVHEDGE/USD;748,20000000;753,40000000;680,40000000;716,80000000;-4,38
2021-01-24T00:00:00+00:00;BSVHEDGE/USD;746,80000000;762,30000000;727,70000000;746,70000000;-0,01
2021-01-23T00:00:00+00:00;BSVHEDGE/USD;733,60000000;761,40000000;726,80000000;746,80000000;1,77
2021-01-22T00:00:00+00:00;BSVHEDGE/USD;730,70000000;766,90000000;668,00000000;733,60000000;0,4
2021-01-21T00:00:00+00:00;BSVHEDGE/USD;663,35000000;742,70000000;658,80000000;732,90000000;9,49
2021-01-20T00:00:00+00:00;BSVHEDGE/USD;652,25000000;712,05000000;642,15000000;663,35000000;1,67
2021-01-19T00:00:00+00:00;BSVHEDGE/USD;641,70000000;653,40000000;611,20000000;652,25000000;1,62
2021-01-18T00:00:00+00:00;BSVHEDGE/USD;664,00000000;683,00000000;628,30000000;641,70000000;-3,48
2021-01-17T00:00:00+00:00;BSVHEDGE/USD;643,55000000;684,70000000;636,30000000;664,00000000;3,08
2021-01-16T00:00:00+00:00;BSVHEDGE/USD;634,10000000;668,00000000;610,55000000;643,95000000;1,53
2021-01-15T00:00:00+00:00;BSVHEDGE/USD;599,25000000;744,40000000;593,95000000;634,10000000;5,5
2021-01-14T00:00:00+00:00;BSVHEDGE/USD;621,60000000;665,45000000;557,85000000;599,25000000;-3,73
2021-01-13T00:00:00+00:00;BSVHEDGE/USD;714,60000000;725,00000000;596,80000000;621,60000000;-14,96
2021-01-12T00:00:00+00:00;BSVHEDGE/USD;706,10000000;751,90000000;651,75000000;714,60000000;1,19
2021-01-11T00:00:00+00:00;BSVHEDGE/USD;568,70000000;781,30000000;564,70000000;706,10000000;19,46
2021-01-10T00:00:00+00:00;BSVHEDGE/USD;506,65000000;781,30000000;480,25000000;568,70000000;10,91
2021-01-09T00:00:00+00:00;BSVHEDGE/USD;879,20000000;905,90000000;445,55000000;506,65000000;-73,53
2021-01-08T00:00:00+00:00;BSVHEDGE/USD;901,10000000;954,70000000;856,90000000;879,20000000;-2,49
2021-01-07T00:00:00+00:00;BSVHEDGE/USD;881,90000000;926,60000000;835,90000000;901,10000000;2,13
2021-01-06T00:00:00+00:00;BSVHEDGE/USD;941,40000000;950,60000000;851,20000000;880,20000000;-6,95
2021-01-05T00:00:00+00:00;BSVHEDGE/USD;950,70000000;976,50000000;927,60000000;941,40000000;-0,99
2021-01-04T00:00:00+00:00;BSVHEDGE/USD;922,50000000;981,30000000;842,80000000;950,70000000;2,97
2021-01-03T00:00:00+00:00;BSVHEDGE/USD;977,10000000;988,20000000;909,20000000;922,50000000;-5,92
2021-01-02T00:00:00+00:00;BSVHEDGE/USD;979,50000000;1002,50000000;948,80000000;977,10000000;-0,25
2021-01-01T00:00:00+00:00;BSVHEDGE/USD;977,30000000;987,70000000;959,20000000;979,50000000;0,22
2020-12-31T00:00:00+00:00;BSVHEDGE/USD;954,70000000;1003,40000000;952,70000000;977,30000000;2,31
2020-12-30T00:00:00+00:00;BSVHEDGE/USD;969,70000000;1002,50000000;937,80000000;954,70000000;-1,57
2020-12-29T00:00:00+00:00;BSVHEDGE/USD;948,10000000;1020,40000000;940,20000000;969,70000000;2,23
2020-12-28T00:00:00+00:00;BSVHEDGE/USD;953,90000000;966,10000000;913,30000000;948,10000000;-0,61
2020-12-27T00:00:00+00:00;BSVHEDGE/USD;964,30000000;1002,50000000;898,30000000;953,90000000;-1,09
2020-12-26T00:00:00+00:00;BSVHEDGE/USD;960,40000000;987,80000000;946,80000000;964,80000000;0,46
2020-12-25T00:00:00+00:00;BSVHEDGE/USD;981,70000000;1002,50000000;937,70000000;960,40000000;-2,22
2020-12-24T00:00:00+00:00;BSVHEDGE/USD;1034,20000000;1054,10000000;977,50000000;981,70000000;-5,35
2020-12-23T00:00:00+00:00;BSVHEDGE/USD;942,10000000;1061,00000000;933,80000000;1034,20000000;8,91
2020-12-22T00:00:00+00:00;BSVHEDGE/USD;942,90000000;1002,50000000;929,30000000;943,20000000;0,03
2020-12-21T00:00:00+00:00;BSVHEDGE/USD;884,30000000;980,10000000;832,90000000;942,90000000;6,21
2020-12-20T00:00:00+00:00;BSVHEDGE/USD;916,00000000;944,70000000;825,80000000;884,30000000;-3,58
2020-12-19T00:00:00+00:00;BSVHEDGE/USD;907,00000000;927,90000000;897,00000000;916,00000000;0,98
2020-12-18T00:00:00+00:00;BSVHEDGE/USD;904,50000000;956,70000000;881,40000000;907,00000000;0,28
2020-12-17T00:00:00+00:00;BSVHEDGE/USD;898,10000000;926,40000000;841,30000000;904,50000000;0,71
2020-12-16T00:00:00+00:00;BSVHEDGE/USD;961,30000000;1002,50000000;892,30000000;898,10000000;-7,04
2020-12-15T00:00:00+00:00;BSVHEDGE/USD;973,70000000;989,70000000;935,00000000;961,30000000;-1,29
2020-12-14T00:00:00+00:00;BSVHEDGE/USD;960,80000000;989,40000000;955,10000000;973,70000000;1,32
2020-12-13T00:00:00+00:00;BSVHEDGE/USD;984,40000000;989,00000000;939,70000000;960,80000000;-2,46
2020-12-12T00:00:00+00:00;BSVHEDGE/USD;1008,00000000;1010,20000000;975,20000000;984,40000000;-2,4
2020-12-11T00:00:00+00:00;BSVHEDGE/USD;975,80000000;1019,80000000;952,40000000;1006,70000000;3,07
2020-12-10T00:00:00+00:00;BSVHEDGE/USD;956,40000000;991,40000000;933,40000000;975,80000000;1,99
2020-12-09T00:00:00+00:00;BSVHEDGE/USD;941,40000000;1009,50000000;933,40000000;954,80000000;1,4
2020-12-08T00:00:00+00:00;BSVHEDGE/USD;909,90000000;959,80000000;897,70000000;941,40000000;3,35
2020-12-07T00:00:00+00:00;BSVHEDGE/USD;913,10000000;933,40000000;866,20000000;909,90000000;-0,35
2020-12-06T00:00:00+00:00;BSVHEDGE/USD;896,30000000;938,10000000;889,10000000;913,10000000;1,84
2020-12-05T00:00:00+00:00;BSVHEDGE/USD;923,50000000;944,80000000;882,20000000;897,60000000;-2,89
2020-12-04T00:00:00+00:00;BSVHEDGE/USD;985,10000000;1008,50000000;834,90000000;923,50000000;-6,67
2020-12-03T00:00:00+00:00;BSVHEDGE/USD;988,30000000;1006,70000000;963,10000000;985,10000000;-0,32
2020-12-02T00:00:00+00:00;BSVHEDGE/USD;999,30000000;1049,50000000;975,60000000;988,30000000;-1,11
2020-12-01T00:00:00+00:00;BSVHEDGE/USD;927,40000000;1024,90000000;916,40000000;999,30000000;7,2
2020-11-30T00:00:00+00:00;BSVHEDGE/USD;1017,30000000;1027,20000000;912,10000000;927,40000000;-9,69
2020-11-29T00:00:00+00:00;BSVHEDGE/USD;1027,00000000;1046,00000000;1000,10000000;1017,30000000;-0,95
2020-11-28T00:00:00+00:00;BSVHEDGE/USD;1056,60000000;1088,20000000;988,40000000;1027,00000000;-2,88
2020-11-27T00:00:00+00:00;BSVHEDGE/USD;1035,30000000;1101,30000000;1012,40000000;1056,60000000;2,02
2020-11-26T00:00:00+00:00;BSVHEDGE/USD;911,50000000;1119,60000000;893,40000000;1035,30000000;11,96
2020-11-25T00:00:00+00:00;BSVHEDGE/USD;838,30000000;936,40000000;821,30000000;911,50000000;8,03
2020-11-24T00:00:00+00:00;BSVHEDGE/USD;892,50000000;925,30000000;795,40000000;838,30000000;-6,47
2020-11-23T00:00:00+00:00;BSVHEDGE/USD;992,10000000;1018,80000000;882,40000000;892,50000000;-11,16
2020-11-22T00:00:00+00:00;BSVHEDGE/USD;914,00000000;1045,30000000;902,10000000;992,10000000;7,87
2020-11-21T00:00:00+00:00;BSVHEDGE/USD;1094,80000000;1099,00000000;899,70000000;914,00000000;-19,78
2020-11-20T00:00:00+00:00;BSVHEDGE/USD;1127,80000000;1132,30000000;1077,20000000;1094,80000000;-3,01
2020-11-19T00:00:00+00:00;BSVHEDGE/USD;1126,60000000;1156,90000000;1087,70000000;1127,80000000;0,11
2020-11-18T00:00:00+00:00;BSVHEDGE/USD;1093,90000000;1214,30000000;1062,40000000;1126,60000000;2,9
2020-11-17T00:00:00+00:00;BSVHEDGE/USD;1157,80000000;1162,60000000;1063,90000000;1093,90000000;-5,84
2020-11-16T00:00:00+00:00;BSVHEDGE/USD;1184,20000000;1195,20000000;1131,30000000;1157,80000000;-2,28
2020-11-15T00:00:00+00:00;BSVHEDGE/USD;1160,00000000;1198,40000000;1152,60000000;1184,20000000;2,04
2020-11-14T00:00:00+00:00;BSVHEDGE/USD;1132,80000000;1179,70000000;1128,40000000;1160,00000000;2,34
2020-11-13T00:00:00+00:00;BSVHEDGE/USD;1155,40000000;1171,80000000;1125,80000000;1132,80000000;-2,0
2020-11-12T00:00:00+00:00;BSVHEDGE/USD;1147,80000000;1179,50000000;1134,10000000;1155,40000000;0,66
2020-11-11T00:00:00+00:00;BSVHEDGE/USD;1160,80000000;1175,50000000;1123,30000000;1147,80000000;-1,13
2020-11-10T00:00:00+00:00;BSVHEDGE/USD;1143,90000000;1179,10000000;1126,20000000;1160,80000000;1,46
2020-11-09T00:00:00+00:00;BSVHEDGE/USD;1097,40000000;1175,10000000;1094,00000000;1143,90000000;4,07
2020-11-08T00:00:00+00:00;BSVHEDGE/USD;1133,00000000;1214,30000000;1087,30000000;1099,20000000;-3,07
2020-11-07T00:00:00+00:00;BSVHEDGE/USD;1091,00000000;1166,40000000;1055,20000000;1133,00000000;3,71
2020-11-06T00:00:00+00:00;BSVHEDGE/USD;1147,10000000;1160,80000000;1075,60000000;1091,00000000;-5,14
2020-11-05T00:00:00+00:00;BSVHEDGE/USD;1214,30000000;1220,90000000;1111,10000000;1147,10000000;-5,86
2020-11-04T00:00:00+00:00;BSVHEDGE/USD;1198,40000000;1257,00000000;1187,70000000;1214,30000000;1,31
2020-11-03T00:00:00+00:00;BSVHEDGE/USD;1162,30000000;1275,40000000;1158,30000000;1198,40000000;3,01
2020-11-02T00:00:00+00:00;BSVHEDGE/USD;1120,40000000;1178,80000000;1100,80000000;1162,30000000;3,6
2020-11-01T00:00:00+00:00;BSVHEDGE/USD;1117,90000000;1139,90000000;1104,30000000;1120,40000000;0,22
2020-10-31T00:00:00+00:00;BSVHEDGE/USD;1127,10000000;1140,00000000;1095,70000000;1117,90000000;-0,82
2020-10-30T00:00:00+00:00;BSVHEDGE/USD;1106,20000000;1159,40000000;948,70000000;1127,10000000;1,85
2020-10-29T00:00:00+00:00;BSVHEDGE/USD;1087,60000000;1140,60000000;1076,00000000;1106,20000000;1,68
2020-10-28T00:00:00+00:00;BSVHEDGE/USD;1056,70000000;1105,50000000;1035,50000000;1087,60000000;2,84
2020-10-27T00:00:00+00:00;BSVHEDGE/USD;1062,20000000;1073,80000000;1027,20000000;1056,70000000;-0,52
2020-10-26T00:00:00+00:00;BSVHEDGE/USD;1019,60000000;1101,50000000;991,30000000;1062,20000000;4,01
2020-10-25T00:00:00+00:00;BSVHEDGE/USD;1051,00000000;1085,80000000;993,40000000;1019,60000000;-3,08
2020-10-24T00:00:00+00:00;BSVHEDGE/USD;1113,60000000;1117,40000000;1048,30000000;1051,00000000;-5,96
2020-10-23T00:00:00+00:00;BSVHEDGE/USD;1093,30000000;1142,60000000;1087,10000000;1113,60000000;1,82
2020-10-22T00:00:00+00:00;BSVHEDGE/USD;1127,40000000;1127,50000000;1071,90000000;1093,30000000;-3,12
2020-10-21T00:00:00+00:00;BSVHEDGE/USD;1178,80000000;1182,30000000;1099,60000000;1125,10000000;-4,77
2020-10-20T00:00:00+00:00;BSVHEDGE/USD;1160,90000000;1197,70000000;1147,60000000;1178,80000000;1,52
2020-10-19T00:00:00+00:00;BSVHEDGE/USD;1158,80000000;1177,40000000;1146,70000000;1160,90000000;0,18
2020-10-18T00:00:00+00:00;BSVHEDGE/USD;1166,60000000;1173,60000000;1153,80000000;1158,40000000;-0,71
2020-10-17T00:00:00+00:00;BSVHEDGE/USD;1162,10000000;1186,20000000;1146,00000000;1166,60000000;0,39
2020-10-16T00:00:00+00:00;BSVHEDGE/USD;1101,20000000;1218,00000000;1091,00000000;1162,10000000;5,24
2020-10-15T00:00:00+00:00;BSVHEDGE/USD;1108,70000000;1121,30000000;1076,60000000;1101,20000000;-0,68
2020-10-14T00:00:00+00:00;BSVHEDGE/USD;1093,70000000;1128,10000000;1069,30000000;1108,70000000;1,35
2020-10-13T00:00:00+00:00;BSVHEDGE/USD;1102,00000000;1121,40000000;1073,50000000;1093,70000000;-0,76
2020-10-12T00:00:00+00:00;BSVHEDGE/USD;1087,70000000;1128,80000000;1078,10000000;1102,00000000;1,3
2020-10-11T00:00:00+00:00;BSVHEDGE/USD;1094,90000000;1101,20000000;1067,70000000;1087,70000000;-0,66
2020-10-10T00:00:00+00:00;BSVHEDGE/USD;1114,00000000;1114,40000000;1054,90000000;1094,90000000;-1,74
2020-10-09T00:00:00+00:00;BSVHEDGE/USD;1132,80000000;1149,40000000;1086,20000000;1114,00000000;-1,69
2020-10-08T00:00:00+00:00;BSVHEDGE/USD;1145,40000000;1170,10000000;1105,70000000;1132,80000000;-1,11
2020-10-07T00:00:00+00:00;BSVHEDGE/USD;1181,20000000;1199,80000000;1104,10000000;1147,00000000;-2,98
2020-10-06T00:00:00+00:00;BSVHEDGE/USD;1156,30000000;1209,00000000;1124,70000000;1181,20000000;2,11
2020-10-05T00:00:00+00:00;BSVHEDGE/USD;1167,00000000;1178,30000000;1137,60000000;1156,30000000;-0,93
2020-10-04T00:00:00+00:00;BSVHEDGE/USD;1179,60000000;1196,90000000;1159,40000000;1167,00000000;-1,08
2020-10-03T00:00:00+00:00;BSVHEDGE/USD;1171,60000000;1186,70000000;1136,20000000;1179,60000000;0,68
2020-10-02T00:00:00+00:00;BSVHEDGE/USD;1111,40000000;1200,50000000;1106,00000000;1171,60000000;5,14
2020-10-01T00:00:00+00:00;BSVHEDGE/USD;1099,80000000;1154,90000000;1048,30000000;1111,40000000;1,04
2020-09-30T00:00:00+00:00;BSVHEDGE/USD;1098,20000000;1135,70000000;1042,20000000;1099,80000000;0,15
2020-09-29T00:00:00+00:00;BSVHEDGE/USD;1126,60000000;1133,70000000;1086,40000000;1098,20000000;-2,59
2020-09-28T00:00:00+00:00;BSVHEDGE/USD;1107,60000000;1129,90000000;1059,40000000;1124,50000000;1,5
2020-09-27T00:00:00+00:00;BSVHEDGE/USD;1154,40000000;1185,40000000;1070,90000000;1107,60000000;-4,23
2020-09-26T00:00:00+00:00;BSVHEDGE/USD;1220,00000000;1235,40000000;1116,70000000;1154,40000000;-5,68
2020-09-25T00:00:00+00:00;BSVHEDGE/USD;1211,60000000;1249,40000000;948,70000000;1220,00000000;0,69
2020-09-24T00:00:00+00:00;BSVHEDGE/USD;1266,40000000;1274,70000000;1190,10000000;1211,60000000;-4,52
2020-09-23T00:00:00+00:00;BSVHEDGE/USD;1223,50000000;1300,40000000;1211,00000000;1266,40000000;3,39
2020-09-22T00:00:00+00:00;BSVHEDGE/USD;1320,60000000;1348,20000000;1181,50000000;1223,50000000;-7,94
2020-09-21T00:00:00+00:00;BSVHEDGE/USD;1251,40000000;1351,30000000;1237,70000000;1320,60000000;5,24
2020-09-20T00:00:00+00:00;BSVHEDGE/USD;1191,10000000;1282,40000000;1183,70000000;1251,40000000;4,82
2020-09-19T00:00:00+00:00;BSVHEDGE/USD;1188,10000000;1198,90000000;1160,40000000;1191,10000000;0,25
2020-09-18T00:00:00+00:00;BSVHEDGE/USD;1173,40000000;1201,10000000;1163,90000000;1188,10000000;1,24
2020-09-17T00:00:00+00:00;BSVHEDGE/USD;1183,20000000;1187,00000000;1153,80000000;1173,40000000;-0,84
2020-09-16T00:00:00+00:00;BSVHEDGE/USD;1163,60000000;1197,10000000;1154,30000000;1183,20000000;1,66
2020-09-15T00:00:00+00:00;BSVHEDGE/USD;1176,00000000;1192,50000000;1132,00000000;1163,10000000;-1,11
2020-09-14T00:00:00+00:00;BSVHEDGE/USD;1181,70000000;1207,00000000;1164,80000000;1176,00000000;-0,48
2020-09-13T00:00:00+00:00;BSVHEDGE/USD;1145,00000000;1210,20000000;1130,10000000;1181,70000000;3,11
2020-09-12T00:00:00+00:00;BSVHEDGE/USD;1153,30000000;1180,90000000;1135,20000000;1145,00000000;-0,72
2020-09-11T00:00:00+00:00;BSVHEDGE/USD;1158,90000000;1185,10000000;1145,90000000;1153,30000000;-0,49
2020-09-10T00:00:00+00:00;BSVHEDGE/USD;1138,90000000;1183,70000000;1111,00000000;1158,90000000;1,73
2020-09-09T00:00:00+00:00;BSVHEDGE/USD;1133,60000000;1166,10000000;1107,70000000;1138,90000000;0,47
2020-09-08T00:00:00+00:00;BSVHEDGE/USD;1107,50000000;1166,90000000;1075,60000000;1131,90000000;2,16
2020-09-07T00:00:00+00:00;BSVHEDGE/USD;1187,00000000;1210,20000000;1091,60000000;1107,50000000;-7,18
2020-09-06T00:00:00+00:00;BSVHEDGE/USD;1195,10000000;1223,80000000;1152,10000000;1187,00000000;-0,68
2020-09-05T00:00:00+00:00;BSVHEDGE/USD;1215,20000000;1293,50000000;1117,30000000;1195,10000000;-1,68
2020-09-04T00:00:00+00:00;BSVHEDGE/USD;1280,20000000;1309,60000000;1155,30000000;1215,20000000;-5,35
2020-09-03T00:00:00+00:00;BSVHEDGE/USD;1094,60000000;1342,20000000;1080,20000000;1286,50000000;14,92
2020-09-02T00:00:00+00:00;BSVHEDGE/USD;999,20000000;1153,20000000;984,80000000;1096,80000000;8,9
2020-09-01T00:00:00+00:00;BSVHEDGE/USD;1058,70000000;1078,60000000;972,00000000;997,80000000;-6,1
2020-08-31T00:00:00+00:00;BSVHEDGE/USD;1034,20000000;1063,60000000;1008,90000000;1058,70000000;2,31
2020-08-30T00:00:00+00:00;BSVHEDGE/USD;1071,50000000;1077,40000000;1029,60000000;1034,20000000;-3,61
2020-08-29T00:00:00+00:00;BSVHEDGE/USD;1061,10000000;1079,70000000;1053,00000000;1071,50000000;0,97
2020-08-28T00:00:00+00:00;BSVHEDGE/USD;1098,60000000;1112,50000000;1046,50000000;1061,10000000;-3,53
2020-08-27T00:00:00+00:00;BSVHEDGE/USD;1067,10000000;1124,60000000;1054,10000000;1098,60000000;2,87
2020-08-26T00:00:00+00:00;BSVHEDGE/USD;1063,70000000;1088,30000000;1048,50000000;1067,10000000;0,32
2020-08-25T00:00:00+00:00;BSVHEDGE/USD;1004,30000000;1105,70000000;999,60000000;1063,70000000;5,58
2020-08-24T00:00:00+00:00;BSVHEDGE/USD;1056,70000000;1065,30000000;973,60000000;1004,30000000;-5,22
2020-08-23T00:00:00+00:00;BSVHEDGE/USD;1045,10000000;1079,80000000;1034,00000000;1058,00000000;1,22
2020-08-22T00:00:00+00:00;BSVHEDGE/USD;1050,40000000;1093,00000000;1035,50000000;1042,70000000;-0,74
2020-08-21T00:00:00+00:00;BSVHEDGE/USD;984,90000000;1054,60000000;968,20000000;1050,40000000;6,24
2020-08-20T00:00:00+00:00;BSVHEDGE/USD;996,20000000;1010,60000000;974,70000000;984,90000000;-1,15
2020-08-19T00:00:00+00:00;BSVHEDGE/USD;951,50000000;1021,90000000;943,60000000;996,20000000;4,49
2020-08-18T00:00:00+00:00;BSVHEDGE/USD;915,70000000;958,50000000;876,20000000;951,50000000;3,76
2020-08-17T00:00:00+00:00;BSVHEDGE/USD;920,40000000;962,70000000;893,80000000;915,70000000;-0,51
2020-08-16T00:00:00+00:00;BSVHEDGE/USD;918,50000000;974,70000000;889,70000000;920,40000000;0,21
2020-08-15T00:00:00+00:00;BSVHEDGE/USD;969,20000000;992,20000000;893,00000000;918,50000000;-5,52
2020-08-14T00:00:00+00:00;BSVHEDGE/USD;961,30000000;992,20000000;940,10000000;969,20000000;0,82
2020-08-13T00:00:00+00:00;BSVHEDGE/USD;990,50000000;1031,90000000;955,90000000;961,30000000;-3,04
2020-08-12T00:00:00+00:00;BSVHEDGE/USD;978,50000000;1035,50000000;970,30000000;990,50000000;1,21
2020-08-11T00:00:00+00:00;BSVHEDGE/USD;918,30000000;1017,70000000;909,40000000;978,50000000;6,15
2020-08-10T00:00:00+00:00;BSVHEDGE/USD;921,40000000;956,00000000;897,70000000;918,30000000;-0,34
2020-08-09T00:00:00+00:00;BSVHEDGE/USD;893,10000000;961,40000000;885,80000000;921,40000000;3,07
2020-08-08T00:00:00+00:00;BSVHEDGE/USD;913,30000000;922,00000000;883,40000000;893,10000000;-2,26
2020-08-07T00:00:00+00:00;BSVHEDGE/USD;873,60000000;964,70000000;849,00000000;913,30000000;4,35
2020-08-06T00:00:00+00:00;BSVHEDGE/USD;887,00000000;909,80000000;852,10000000;873,60000000;-1,53
2020-08-05T00:00:00+00:00;BSVHEDGE/USD;913,20000000;936,00000000;874,00000000;887,00000000;-2,95
2020-08-04T00:00:00+00:00;BSVHEDGE/USD;895,20000000;964,70000000;869,30000000;913,20000000;1,97
2020-08-03T00:00:00+00:00;BSVHEDGE/USD;949,70000000;964,70000000;856,50000000;895,20000000;-6,09
2020-08-02T00:00:00+00:00;BSVHEDGE/USD;845,70000000;967,10000000;806,10000000;949,70000000;10,95
2020-08-01T00:00:00+00:00;BSVHEDGE/USD;907,90000000;922,70000000;835,80000000;845,70000000;-7,35
2020-07-31T00:00:00+00:00;BSVHEDGE/USD;981,70000000;996,10000000;887,60000000;907,90000000;-8,13
2020-07-30T00:00:00+00:00;BSVHEDGE/USD;991,50000000;1013,00000000;963,30000000;981,70000000;-1,0
2020-07-29T00:00:00+00:00;BSVHEDGE/USD;971,40000000;1000,10000000;958,00000000;991,50000000;2,03
2020-07-28T00:00:00+00:00;BSVHEDGE/USD;1015,80000000;1046,40000000;935,00000000;971,40000000;-4,57
2020-07-27T00:00:00+00:00;BSVHEDGE/USD;1117,10000000;1126,70000000;991,10000000;1015,80000000;-9,97
2020-07-26T00:00:00+00:00;BSVHEDGE/USD;1093,20000000;1157,30000000;1070,30000000;1117,10000000;2,14
2020-07-25T00:00:00+00:00;BSVHEDGE/USD;1192,70000000;1199,00000000;1092,70000000;1093,20000000;-9,1
2020-07-24T00:00:00+00:00;BSVHEDGE/USD;1161,70000000;1220,10000000;1158,00000000;1192,70000000;2,6
2020-07-23T00:00:00+00:00;BSVHEDGE/USD;1165,00000000;1189,80000000;1137,00000000;1160,50000000;-0,39
2020-07-22T00:00:00+00:00;BSVHEDGE/USD;1200,50000000;1226,90000000;1159,00000000;1165,00000000;-3,05
2020-07-21T00:00:00+00:00;BSVHEDGE/USD;1277,60000000;1281,50000000;1175,70000000;1200,50000000;-6,42
2020-07-20T00:00:00+00:00;BSVHEDGE/USD;1252,60000000;1302,20000000;1247,20000000;1277,60000000;1,96
2020-07-19T00:00:00+00:00;BSVHEDGE/USD;1243,00000000;1337,40000000;1239,20000000;1252,60000000;0,77
2020-07-18T00:00:00+00:00;BSVHEDGE/USD;1252,30000000;1263,70000000;1232,40000000;1243,00000000;-0,75
2020-07-17T00:00:00+00:00;BSVHEDGE/USD;1240,60000000;1272,70000000;1235,10000000;1252,30000000;0,93
2020-07-16T00:00:00+00:00;BSVHEDGE/USD;1201,80000000;1271,80000000;1198,40000000;1240,60000000;3,13
2020-07-15T00:00:00+00:00;BSVHEDGE/USD;1194,90000000;1218,80000000;1164,50000000;1201,80000000;0,57
2020-07-14T00:00:00+00:00;BSVHEDGE/USD;1189,40000000;1286,50000000;1187,00000000;1194,90000000;0,46
2020-07-13T00:00:00+00:00;BSVHEDGE/USD;1162,20000000;1218,90000000;1158,00000000;1189,40000000;2,29
2020-07-12T00:00:00+00:00;BSVHEDGE/USD;1193,30000000;1195,10000000;1140,10000000;1162,10000000;-2,68
2020-07-11T00:00:00+00:00;BSVHEDGE/USD;1189,20000000;1225,50000000;1184,90000000;1193,30000000;0,34
2020-07-10T00:00:00+00:00;BSVHEDGE/USD;1166,90000000;1235,40000000;1163,30000000;1189,20000000;1,88
2020-07-09T00:00:00+00:00;BSVHEDGE/USD;1142,50000000;1194,10000000;1125,50000000;1166,90000000;2,09
2020-07-08T00:00:00+00:00;BSVHEDGE/USD;1164,40000000;1181,70000000;1121,50000000;1142,50000000;-1,92
2020-07-07T00:00:00+00:00;BSVHEDGE/USD;1117,20000000;1226,40000000;1098,20000000;1164,40000000;4,05
2020-07-06T00:00:00+00:00;BSVHEDGE/USD;1449,90000000;1450,40000000;1083,70000000;1117,20000000;-29,78
2020-07-05T00:00:00+00:00;BSVHEDGE/USD;1427,00000000;1487,20000000;1414,30000000;1449,90000000;1,58
2020-07-04T00:00:00+00:00;BSVHEDGE/USD;1437,80000000;1470,70000000;1405,50000000;1427,00000000;-0,76
2020-07-03T00:00:00+00:00;BSVHEDGE/USD;1449,40000000;1463,00000000;1408,90000000;1437,50000000;-0,83
2020-07-02T00:00:00+00:00;BSVHEDGE/USD;1415,30000000;1481,10000000;1408,20000000;1449,40000000;2,35
2020-07-01T00:00:00+00:00;BSVHEDGE/USD;1419,80000000;1496,00000000;1384,00000000;1415,30000000;-0,32
2020-06-30T00:00:00+00:00;BSVHEDGE/USD;1407,80000000;1437,40000000;1386,30000000;1419,80000000;0,85
2020-06-29T00:00:00+00:00;BSVHEDGE/USD;1399,40000000;1440,00000000;1382,40000000;1409,50000000;0,72
2020-06-28T00:00:00+00:00;BSVHEDGE/USD;1448,10000000;1491,80000000;1380,50000000;1399,40000000;-3,48
2020-06-27T00:00:00+00:00;BSVHEDGE/USD;1345,90000000;1622,10000000;1334,40000000;1448,10000000;7,06
2020-06-26T00:00:00+00:00;BSVHEDGE/USD;1313,30000000;1362,00000000;1312,00000000;1345,90000000;2,42
2020-06-25T00:00:00+00:00;BSVHEDGE/USD;1310,50000000;1349,60000000;1296,30000000;1313,30000000;0,21
2020-06-24T00:00:00+00:00;BSVHEDGE/USD;1271,30000000;1328,20000000;1244,30000000;1310,50000000;2,99
2020-06-23T00:00:00+00:00;BSVHEDGE/USD;1276,90000000;1287,80000000;1249,10000000;1271,30000000;-0,44
2020-06-22T00:00:00+00:00;BSVHEDGE/USD;1330,80000000;1333,40000000;1237,20000000;1276,90000000;-4,22
2020-06-21T00:00:00+00:00;BSVHEDGE/USD;1311,50000000;1333,80000000;1297,70000000;1330,80000000;1,45
2020-06-20T00:00:00+00:00;BSVHEDGE/USD;1329,30000000;1337,80000000;1287,20000000;1311,50000000;-1,36
2020-06-19T00:00:00+00:00;BSVHEDGE/USD;1318,60000000;1351,40000000;1290,70000000;1329,30000000;0,8
2020-06-18T00:00:00+00:00;BSVHEDGE/USD;1296,20000000;1337,70000000;1291,30000000;1318,60000000;1,7
2020-06-17T00:00:00+00:00;BSVHEDGE/USD;1278,70000000;1320,30000000;1269,90000000;1296,20000000;1,35
2020-06-16T00:00:00+00:00;BSVHEDGE/USD;1312,00000000;1322,10000000;1264,50000000;1278,70000000;-2,6
2020-06-15T00:00:00+00:00;BSVHEDGE/USD;1268,90000000;1369,60000000;1267,80000000;1312,00000000;3,29
2020-06-14T00:00:00+00:00;BSVHEDGE/USD;1245,80000000;1282,20000000;1243,10000000;1268,90000000;1,82
2020-06-13T00:00:00+00:00;BSVHEDGE/USD;1246,90000000;1259,00000000;1240,70000000;1245,80000000;-0,09
2020-06-12T00:00:00+00:00;BSVHEDGE/USD;1258,90000000;1268,90000000;1227,80000000;1246,90000000;-0,96
2020-06-11T00:00:00+00:00;BSVHEDGE/USD;1176,40000000;1284,30000000;1173,10000000;1258,90000000;6,55
2020-06-10T00:00:00+00:00;BSVHEDGE/USD;1206,50000000;1215,80000000;1154,10000000;1176,60000000;-2,54
2020-06-09T00:00:00+00:00;BSVHEDGE/USD;1193,50000000;1222,50000000;1184,90000000;1206,50000000;1,08
2020-06-08T00:00:00+00:00;BSVHEDGE/USD;1190,40000000;1225,10000000;1186,90000000;1193,50000000;0,26
2020-06-07T00:00:00+00:00;BSVHEDGE/USD;1179,40000000;1228,00000000;1174,60000000;1190,40000000;0,92
2020-06-06T00:00:00+00:00;BSVHEDGE/USD;1177,50000000;1197,90000000;1169,50000000;1179,40000000;0,16
2020-06-05T00:00:00+00:00;BSVHEDGE/USD;1175,00000000;1189,80000000;1156,60000000;1177,50000000;0,21
2020-06-04T00:00:00+00:00;BSVHEDGE/USD;1176,20000000;1195,50000000;1147,90000000;1175,00000000;-0,1
2020-06-03T00:00:00+00:00;BSVHEDGE/USD;1170,10000000;1199,90000000;1166,30000000;1176,20000000;0,52
2020-06-02T00:00:00+00:00;BSVHEDGE/USD;1142,60000000;1210,30000000;1099,10000000;1170,10000000;2,35
2020-06-01T00:00:00+00:00;BSVHEDGE/USD;1197,00000000;1224,80000000;1128,30000000;1142,60000000;-4,76
2020-05-31T00:00:00+00:00;BSVHEDGE/USD;1130,70000000;1209,20000000;1129,40000000;1197,00000000;5,54
2020-05-30T00:00:00+00:00;BSVHEDGE/USD;1215,70000000;1234,30000000;1123,40000000;1130,70000000;-7,52
2020-05-29T00:00:00+00:00;BSVHEDGE/USD;1200,80000000;1229,20000000;1187,80000000;1215,70000000;1,23
2020-05-28T00:00:00+00:00;BSVHEDGE/USD;1225,90000000;1256,40000000;1194,90000000;1200,80000000;-2,09
2020-05-27T00:00:00+00:00;BSVHEDGE/USD;1287,60000000;1288,80000000;1224,90000000;1225,90000000;-5,03
2020-05-26T00:00:00+00:00;BSVHEDGE/USD;1250,00000000;1316,20000000;1225,10000000;1287,60000000;2,92
2020-05-25T00:00:00+00:00;BSVHEDGE/USD;1255,10000000;1280,30000000;1227,50000000;1250,00000000;-0,41
2020-05-24T00:00:00+00:00;BSVHEDGE/USD;1207,00000000;1255,50000000;1194,00000000;1255,10000000;3,83
2020-05-23T00:00:00+00:00;BSVHEDGE/USD;1196,00000000;1225,10000000;1179,30000000;1207,00000000;0,91
2020-05-22T00:00:00+00:00;BSVHEDGE/USD;1210,30000000;1226,40000000;1184,00000000;1196,00000000;-1,2
2020-05-21T00:00:00+00:00;BSVHEDGE/USD;1182,10000000;1245,30000000;1136,70000000;1210,30000000;2,33
2020-05-20T00:00:00+00:00;BSVHEDGE/USD;1156,60000000;1214,20000000;1144,50000000;1182,10000000;2,16
2020-05-19T00:00:00+00:00;BSVHEDGE/USD;1136,20000000;1189,10000000;1135,40000000;1156,60000000;1,76
2020-05-18T00:00:00+00:00;BSVHEDGE/USD;1225,10000000;1225,80000000;1112,40000000;1136,20000000;-7,82
2020-05-17T00:00:00+00:00;BSVHEDGE/USD;1244,30000000;1248,20000000;1203,10000000;1225,10000000;-1,57
2020-05-16T00:00:00+00:00;BSVHEDGE/USD;1254,60000000;1264,80000000;1225,10000000;1244,30000000;-0,83
2020-05-15T00:00:00+00:00;BSVHEDGE/USD;1212,40000000;1270,50000000;1206,70000000;1254,60000000;3,36
2020-05-14T00:00:00+00:00;BSVHEDGE/USD;1227,10000000;1245,30000000;1196,60000000;1212,40000000;-1,21
2020-05-13T00:00:00+00:00;BSVHEDGE/USD;1249,30000000;1265,40000000;1207,20000000;1227,10000000;-1,81
2020-05-12T00:00:00+00:00;BSVHEDGE/USD;1242,70000000;1278,70000000;1202,50000000;1249,30000000;0,53
2020-05-11T00:00:00+00:00;BSVHEDGE/USD;1278,80000000;1360,90000000;1238,60000000;1242,70000000;-2,9
2020-05-10T00:00:00+00:00;BSVHEDGE/USD;1133,60000000;1332,40000000;1131,60000000;1278,80000000;11,35
2020-05-09T00:00:00+00:00;BSVHEDGE/USD;1136,10000000;1146,70000000;1084,80000000;1133,60000000;-0,22
2020-05-08T00:00:00+00:00;BSVHEDGE/USD;1143,30000000;1159,10000000;1107,60000000;1136,10000000;-0,63
2020-05-07T00:00:00+00:00;BSVHEDGE/USD;1184,30000000;1207,90000000;1129,60000000;1143,30000000;-3,59
2020-05-06T00:00:00+00:00;BSVHEDGE/USD;1147,00000000;1194,30000000;1131,60000000;1183,20000000;3,06
2020-05-05T00:00:00+00:00;BSVHEDGE/USD;1170,20000000;1201,80000000;1114,90000000;1147,00000000;-2,02
2020-05-04T00:00:00+00:00;BSVHEDGE/USD;1144,80000000;1235,50000000;1137,40000000;1170,20000000;2,17
2020-05-03T00:00:00+00:00;BSVHEDGE/USD;1118,10000000;1170,30000000;1084,50000000;1144,80000000;2,33
2020-05-02T00:00:00+00:00;BSVHEDGE/USD;1126,10000000;1146,70000000;1114,00000000;1118,10000000;-0,72
2020-05-01T00:00:00+00:00;BSVHEDGE/USD;1144,40000000;1151,90000000;1100,90000000;1126,10000000;-1,63
2020-04-30T00:00:00+00:00;BSVHEDGE/USD;1146,40000000;1183,60000000;1022,70000000;1144,40000000;-0,17
2020-04-29T00:00:00+00:00;BSVHEDGE/USD;1220,60000000;1222,00000000;1114,60000000;1146,40000000;-6,47
2020-04-28T00:00:00+00:00;BSVHEDGE/USD;1217,30000000;1323,90000000;1204,10000000;1220,60000000;0,27
2020-04-27T00:00:00+00:00;BSVHEDGE/USD;1209,00000000;1255,60000000;1201,00000000;1217,50000000;0,7
2020-04-26T00:00:00+00:00;BSVHEDGE/USD;1227,60000000;1239,70000000;1192,30000000;1209,00000000;-1,54
2020-04-25T00:00:00+00:00;BSVHEDGE/USD;1232,00000000;1268,40000000;1191,70000000;1227,60000000;-0,36
2020-04-24T00:00:00+00:00;BSVHEDGE/USD;1228,30000000;1323,90000000;1207,90000000;1232,00000000;0,3
2020-04-23T00:00:00+00:00;BSVHEDGE/USD;1234,30000000;1272,90000000;1182,20000000;1228,30000000;-0,49
2020-04-22T00:00:00+00:00;BSVHEDGE/USD;1304,80000000;1318,20000000;1210,30000000;1234,30000000;-5,71
2020-04-21T00:00:00+00:00;BSVHEDGE/USD;1297,40000000;1334,60000000;1272,80000000;1304,80000000;0,57
2020-04-20T00:00:00+00:00;BSVHEDGE/USD;1231,20000000;1312,00000000;1197,90000000;1297,40000000;5,1
2020-04-19T00:00:00+00:00;BSVHEDGE/USD;1171,30000000;1238,80000000;1154,00000000;1231,20000000;4,87
2020-04-18T00:00:00+00:00;BSVHEDGE/USD;1244,80000000;1248,70000000;1135,50000000;1171,30000000;-6,28
2020-04-17T00:00:00+00:00;BSVHEDGE/USD;1231,70000000;1323,90000000;1215,10000000;1245,20000000;1,08
2020-04-16T00:00:00+00:00;BSVHEDGE/USD;1332,40000000;1402,30000000;1195,90000000;1231,70000000;-8,18
2020-04-15T00:00:00+00:00;BSVHEDGE/USD;1278,50000000;1336,50000000;1263,10000000;1332,40000000;4,05
2020-04-14T00:00:00+00:00;BSVHEDGE/USD;1288,70000000;1309,00000000;1246,50000000;1278,50000000;-0,8
2020-04-13T00:00:00+00:00;BSVHEDGE/USD;1268,50000000;1328,00000000;1267,40000000;1288,70000000;1,57
2020-04-12T00:00:00+00:00;BSVHEDGE/USD;1300,00000000;1326,70000000;1178,90000000;1268,50000000;-2,48
2020-04-11T00:00:00+00:00;BSVHEDGE/USD;1307,30000000;1347,50000000;1273,70000000;1300,00000000;-0,56
2020-04-10T00:00:00+00:00;BSVHEDGE/USD;1154,80000000;1357,20000000;1148,10000000;1307,50000000;11,68
2020-04-09T00:00:00+00:00;BSVHEDGE/USD;1127,80000000;1188,70000000;1079,70000000;1154,80000000;2,34
2020-04-08T00:00:00+00:00;BSVHEDGE/USD;1359,80000000;1362,70000000;1104,60000000;1127,80000000;-20,57
2020-04-07T00:00:00+00:00;BSVHEDGE/USD;1311,90000000;1377,70000000;1284,80000000;1359,80000000;3,52
2020-04-06T00:00:00+00:00;BSVHEDGE/USD;1461,70000000;1466,00000000;1287,00000000;1312,60000000;-11,36
2020-04-05T00:00:00+00:00;BSVHEDGE/USD;1422,70000000;1502,60000000;1416,60000000;1461,70000000;2,67
2020-04-04T00:00:00+00:00;BSVHEDGE/USD;1422,80000000;1524,60000000;1404,90000000;1422,70000000;-0,01
2020-04-03T00:00:00+00:00;BSVHEDGE/USD;1446,40000000;1524,60000000;1375,50000000;1422,80000000;-1,66
2020-04-02T00:00:00+00:00;BSVHEDGE/USD;1521,50000000;1536,90000000;1333,80000000;1446,40000000;-5,19
2020-04-01T00:00:00+00:00;BSVHEDGE/USD;1547,00000000;1612,20000000;1513,60000000;1522,50000000;-1,61
2020-03-31T00:00:00+00:00;BSVHEDGE/USD;1543,90000000;1567,10000000;1504,60000000;1547,00000000;0,2
2020-03-30T00:00:00+00:00;BSVHEDGE/USD;1783,00000000;1879,25000000;1477,50000000;1543,70000000;-15,5
2020-03-29T00:00:00+00:00;BSVHEDGE/USD;1668,50000000;1894,00000000;1656,00000000;1783,00000000;6,42
2020-03-28T00:00:00+00:00;BSVHEDGE/USD;1615,90000000;1894,75000000;1608,75000000;1668,50000000;3,15
2020-03-27T00:00:00+00:00;BSVHEDGE/USD;1538,00000000;1634,30000000;1476,70000000;1616,60000000;4,86
2020-03-26T00:00:00+00:00;BSVHEDGE/USD;1556,70000000;1721,60000000;1522,70000000;1538,00000000;-1,22
2020-03-25T00:00:00+00:00;BSVHEDGE/USD;1514,20000000;1611,00000000;1504,70000000;1556,70000000;2,73
2020-03-24T00:00:00+00:00;BSVHEDGE/USD;1602,25000000;1623,60000000;1473,30000000;1514,20000000;-5,81
2020-03-23T00:00:00+00:00;BSVHEDGE/USD;1749,75000000;1801,50000000;1562,75000000;1602,25000000;-9,21
2020-03-22T00:00:00+00:00;BSVHEDGE/USD;1639,75000000;1788,25000000;1455,50000000;1749,75000000;6,29
2020-03-21T00:00:00+00:00;BSVHEDGE/USD;1721,00000000;1778,50000000;1567,50000000;1639,75000000;-4,96
2020-03-20T00:00:00+00:00;BSVHEDGE/USD;1770,75000000;1866,00000000;1503,25000000;1721,00000000;-2,89
2020-03-19T00:00:00+00:00;BSVHEDGE/USD;2343,50000000;2451,25000000;1606,00000000;1770,75000000;-32,35
2020-03-18T00:00:00+00:00;BSVHEDGE/USD;2452,25000000;2574,00000000;2342,00000000;2343,50000000;-4,64
2020-03-17T00:00:00+00:00;BSVHEDGE/USD;2651,75000000;2692,50000000;2307,25000000;2452,25000000;-8,14
2020-03-16T00:00:00+00:00;BSVHEDGE/USD;2426,25000000;2788,25000000;2389,00000000;2651,75000000;8,5
2020-03-15T00:00:00+00:00;BSVHEDGE/USD;2550,50000000;2550,50000000;2253,25000000;2426,25000000;-5,12
2020-03-14T00:00:00+00:00;BSVHEDGE/USD;2523,00000000;2550,50000000;2440,75000000;2550,50000000;1,08
2020-03-13T00:00:00+00:00;BSVHEDGE/USD;2922,00000000;3639,00000000;2379,00000000;2523,00000000;-15,81
2020-03-12T00:00:00+00:00;BSVHEDGE/USD;2002,25000000;2983,25000000;1990,00000000;2917,00000000;31,36
2020-03-11T00:00:00+00:00;BSVHEDGE/USD;1921,00000000;2179,25000000;1898,25000000;2002,25000000;4,06
2020-03-10T00:00:00+00:00;BSVHEDGE/USD;1911,75000000;1971,75000000;1874,25000000;1921,00000000;0,48
2020-03-09T00:00:00+00:00;BSVHEDGE/USD;1931,75000000;2029,25000000;1875,75000000;1911,00000000;-1,09
2020-03-08T00:00:00+00:00;BSVHEDGE/USD;1666,00000000;1989,75000000;1660,50000000;1933,00000000;13,81
2020-03-07T00:00:00+00:00;BSVHEDGE/USD;1585,25000000;1689,25000000;1581,50000000;1666,00000000;4,85
2020-03-06T00:00:00+00:00;BSVHEDGE/USD;1632,25000000;1648,25000000;1575,25000000;1585,25000000;-2,96
2020-03-05T00:00:00+00:00;BSVHEDGE/USD;1689,75000000;1689,75000000;1562,25000000;1632,25000000;-3,52
2020-03-04T00:00:00+00:00;BSVHEDGE/USD;1587,25000000;1788,50000000;1570,50000000;1689,75000000;6,07
2020-03-03T00:00:00+00:00;BSVHEDGE/USD;1544,60000000;1630,60000000;1540,60000000;1587,25000000;2,69
2020-03-02T00:00:00+00:00;BSVHEDGE/USD;1754,50000000;1765,75000000;1510,50000000;1545,30000000;-13,54
2020-03-01T00:00:00+00:00;BSVHEDGE/USD;1907,00000000;1908,25000000;1711,25000000;1754,50000000;-8,69
2020-02-29T00:00:00+00:00;BSVHEDGE/USD;1857,25000000;1934,00000000;1814,75000000;1907,00000000;2,61
2020-02-28T00:00:00+00:00;BSVHEDGE/USD;1778,75000000;1931,25000000;1742,75000000;1857,25000000;4,23
2020-02-27T00:00:00+00:00;BSVHEDGE/USD;1807,75000000;1877,75000000;1685,75000000;1778,75000000;-1,63
2020-02-26T00:00:00+00:00;BSVHEDGE/USD;1594,75000000;1929,75000000;1577,00000000;1812,00000000;11,99
2020-02-25T00:00:00+00:00;BSVHEDGE/USD;1481,70000000;1617,30000000;1480,00000000;1591,00000000;6,87
2020-02-24T00:00:00+00:00;BSVHEDGE/USD;1400,10000000;1543,70000000;1372,40000000;1481,70000000;5,51
2020-02-23T00:00:00+00:00;BSVHEDGE/USD;1478,20000000;1481,70000000;1391,60000000;1400,10000000;-5,58
2020-02-22T00:00:00+00:00;BSVHEDGE/USD;1428,70000000;1499,80000000;1422,30000000;1478,20000000;3,35
2020-02-21T00:00:00+00:00;BSVHEDGE/USD;1444,80000000;1467,30000000;1390,10000000;1428,70000000;-1,13
2020-02-20T00:00:00+00:00;BSVHEDGE/USD;1442,40000000;1498,10000000;1343,90000000;1444,80000000;0,17
2020-02-19T00:00:00+00:00;BSVHEDGE/USD;1338,70000000;1449,30000000;1307,20000000;1442,40000000;7,19
2020-02-18T00:00:00+00:00;BSVHEDGE/USD;1326,70000000;1453,70000000;1262,50000000;1338,70000000;0,9
2020-02-17T00:00:00+00:00;BSVHEDGE/USD;1476,80000000;1628,10000000;1275,10000000;1326,70000000;-11,31
2020-02-16T00:00:00+00:00;BSVHEDGE/USD;1358,40000000;1587,00000000;1300,20000000;1478,70000000;8,14
2020-02-15T00:00:00+00:00;BSVHEDGE/USD;1187,10000000;1419,30000000;1181,60000000;1358,40000000;12,61
2020-02-14T00:00:00+00:00;BSVHEDGE/USD;1195,20000000;1236,20000000;1178,60000000;1187,10000000;-0,68
2020-02-13T00:00:00+00:00;BSVHEDGE/USD;1178,60000000;1232,80000000;1127,50000000;1194,10000000;1,3
2020-02-12T00:00:00+00:00;BSVHEDGE/USD;1176,70000000;1188,10000000;1127,70000000;1178,60000000;0,16
2020-02-11T00:00:00+00:00;BSVHEDGE/USD;1222,60000000;1248,50000000;1155,60000000;1176,70000000;-3,9
2020-02-10T00:00:00+00:00;BSVHEDGE/USD;1227,00000000;1268,40000000;1196,40000000;1222,60000000;-0,36
2020-02-09T00:00:00+00:00;BSVHEDGE/USD;1286,40000000;1318,70000000;1133,80000000;1227,00000000;-4,84
2020-02-08T00:00:00+00:00;BSVHEDGE/USD;1486,20000000;1525,00000000;1228,40000000;1286,40000000;-15,53
2020-02-07T00:00:00+00:00;BSVHEDGE/USD;1487,50000000;1533,00000000;1443,70000000;1486,20000000;-0,09
2020-02-06T00:00:00+00:00;BSVHEDGE/USD;1445,70000000;1533,50000000;1414,20000000;1487,50000000;2,81
2020-02-05T00:00:00+00:00;BSVHEDGE/USD;1649,50000000;1673,75000000;1411,10000000;1445,70000000;-14,1
2020-02-04T00:00:00+00:00;BSVHEDGE/USD;1590,75000000;1691,10000000;1571,20000000;1649,50000000;3,56
2020-02-03T00:00:00+00:00;BSVHEDGE/USD;1612,75000000;1633,50000000;1548,00000000;1590,75000000;-1,38
2020-02-02T00:00:00+00:00;BSVHEDGE/USD;1602,75000000;1655,00000000;1531,00000000;1609,25000000;0,4
2020-02-01T00:00:00+00:00;BSVHEDGE/USD;1638,00000000;1666,00000000;1529,00000000;1602,75000000;-2,2
2020-01-31T00:00:00+00:00;BSVHEDGE/USD;1499,50000000;1701,90000000;1497,20000000;1641,75000000;8,66
2020-01-30T00:00:00+00:00;BSVHEDGE/USD;1569,50000000;1585,90000000;1440,50000000;1499,50000000;-4,67
2020-01-29T00:00:00+00:00;BSVHEDGE/USD;1515,00000000;1599,90000000;1472,20000000;1567,10000000;3,32
2020-01-28T00:00:00+00:00;BSVHEDGE/USD;1498,50000000;1607,00000000;1426,20000000;1511,80000000;0,88
2020-01-27T00:00:00+00:00;BSVHEDGE/USD;1670,75000000;1673,00000000;1386,80000000;1498,50000000;-11,49
2020-01-26T00:00:00+00:00;BSVHEDGE/USD;1761,50000000;1796,75000000;1647,75000000;1670,00000000;-5,48
2020-01-25T00:00:00+00:00;BSVHEDGE/USD;1713,00000000;1821,25000000;1685,50000000;1761,50000000;2,75
2020-01-24T00:00:00+00:00;BSVHEDGE/USD;1753,50000000;1853,50000000;1579,50000000;1713,00000000;-2,36
2020-01-23T00:00:00+00:00;BSVHEDGE/USD;1514,30000000;1830,30000000;1510,40000000;1756,75000000;13,8
2020-01-22T00:00:00+00:00;BSVHEDGE/USD;1475,70000000;1570,40000000;1419,00000000;1514,30000000;2,55
2020-01-21T00:00:00+00:00;BSVHEDGE/USD;1528,80000000;1603,90000000;1406,60000000;1474,60000000;-3,68
2020-01-20T00:00:00+00:00;BSVHEDGE/USD;1704,00000000;1796,75000000;1444,00000000;1528,10000000;-11,51
2020-01-19T00:00:00+00:00;BSVHEDGE/USD;1953,50000000;2062,50000000;1704,75000000;1704,75000000;-14,59
2020-01-18T00:00:00+00:00;BSVHEDGE/USD;1727,50000000;2004,75000000;1654,50000000;1953,50000000;11,57
2020-01-17T00:00:00+00:00;BSVHEDGE/USD;1587,50000000;1828,25000000;1482,75000000;1727,50000000;8,1
2020-01-16T00:00:00+00:00;BSVHEDGE/USD;1580,00000000;1759,20000000;1467,70000000;1587,50000000;0,47
2020-01-15T00:00:00+00:00;BSVHEDGE/USD;1266,60000000;1681,90000000;1248,50000000;1579,00000000;19,78
2020-01-14T00:00:00+00:00;BSVHEDGE/USD;3705,50000000;3716,50000000;1167,80000000;1266,10000000;-192,67
2020-01-13T00:00:00+00:00;BSVHEDGE/USD;3905,00000000;4071,00000000;3674,50000000;3705,50000000;-5,38
2020-01-12T00:00:00+00:00;BSVHEDGE/USD;4329,50000000;4422,50000000;3775,00000000;3907,00000000;-10,81
2020-01-11T00:00:00+00:00;BSVHEDGE/USD;3844,50000000;4379,50000000;3712,00000000;4327,50000000;11,16
2020-01-10T00:00:00+00:00;BSVHEDGE/USD;6056,50000000;6122,50000000;3790,00000000;3843,50000000;-57,58
2020-01-09T00:00:00+00:00;BSVHEDGE/USD;6229,00000000;6302,50000000;5978,00000000;6056,50000000;-2,85
2020-01-08T00:00:00+00:00;BSVHEDGE/USD;6237,50000000;6406,50000000;6048,50000000;6229,00000000;-0,14
2020-01-07T00:00:00+00:00;BSVHEDGE/USD;6039,50000000;6439,50000000;5959,00000000;6236,00000000;3,15

