DATE/TIME;SYMBOL;OPEN;HIGH;LOW;CLOSE;EVOL % CLOSE/HIGH
2022-01-05T00:00:00+00:00;EXCHBEAR/USD;0,00025200;0,00025230;0,00024040;0,00024300;-3,7
2022-01-04T00:00:00+00:00;EXCHBEAR/USD;0,00024940;0,00026310;0,00023030;0,00025200;1,03
2022-01-03T00:00:00+00:00;EXCHBEAR/USD;0,00023870;0,00025400;0,00023530;0,00024940;4,29
2022-01-02T00:00:00+00:00;EXCHBEAR/USD;0,00024250;0,00024900;0,00023580;0,00023870;-1,59
2022-01-01T00:00:00+00:00;EXCHBEAR/USD;0,00026530;0,00026530;0,00024200;0,00024250;-9,4
2021-12-31T00:00:00+00:00;EXCHBEAR/USD;0,00025610;0,00026910;0,00024080;0,00026530;3,47
2021-12-30T00:00:00+00:00;EXCHBEAR/USD;0,00026530;0,00026860;0,00024690;0,00025610;-3,59
2021-12-29T00:00:00+00:00;EXCHBEAR/USD;0,00024080;0,00026530;0,00023610;0,00026530;9,23
2021-12-28T00:00:00+00:00;EXCHBEAR/USD;0,00021320;0,00024690;0,00021320;0,00024080;11,46
2021-12-27T00:00:00+00:00;EXCHBEAR/USD;0,00022025;0,00022365;0,00020665;0,00021320;-3,31
2021-12-26T00:00:00+00:00;EXCHBEAR/USD;0,00022240;0,00023305;0,00021835;0,00022025;-0,98
2021-12-25T00:00:00+00:00;EXCHBEAR/USD;0,00022850;0,00022905;0,00022065;0,00022240;-2,74
2021-12-24T00:00:00+00:00;EXCHBEAR/USD;0,00021630;0,00022950;0,00021560;0,00022850;5,34
2021-12-23T00:00:00+00:00;EXCHBEAR/USD;0,00023160;0,00024240;0,00021160;0,00021630;-7,07
2021-12-22T00:00:00+00:00;EXCHBEAR/USD;0,00022850;0,00023160;0,00022100;0,00023160;1,34
2021-12-21T00:00:00+00:00;EXCHBEAR/USD;0,00024070;0,00024360;0,00022310;0,00022850;-5,34
2021-12-20T00:00:00+00:00;EXCHBEAR/USD;0,00024300;0,00026320;0,00023680;0,00024070;-0,96
2021-12-19T00:00:00+00:00;EXCHBEAR/USD;0,00024580;0,00024830;0,00023030;0,00024300;-1,15
2021-12-18T00:00:00+00:00;EXCHBEAR/USD;0,00025980;0,00026920;0,00024270;0,00024580;-5,7
2021-12-17T00:00:00+00:00;EXCHBEAR/USD;0,00025860;0,00028260;0,00025040;0,00025980;0,46
2021-12-16T00:00:00+00:00;EXCHBEAR/USD;0,00024380;0,00025970;0,00023970;0,00025860;5,72
2021-12-15T00:00:00+00:00;EXCHBEAR/USD;0,00027210;0,00028880;0,00023840;0,00024380;-11,61
2021-12-14T00:00:00+00:00;EXCHBEAR/USD;0,00029230;0,00029820;0,00026560;0,00027210;-7,42
2021-12-13T00:00:00+00:00;EXCHBEAR/USD;0,00024380;0,00030320;0,00024380;0,00029230;16,59
2021-12-12T00:00:00+00:00;EXCHBEAR/USD;0,00026080;0,00026100;0,00024380;0,00024380;-6,97
2021-12-11T00:00:00+00:00;EXCHBEAR/USD;0,00028810;0,00030170;0,00025870;0,00026080;-10,47
2021-12-10T00:00:00+00:00;EXCHBEAR/USD;0,00026130;0,00028890;0,00024440;0,00028810;9,3
2021-12-09T00:00:00+00:00;EXCHBEAR/USD;0,00022825;0,00026675;0,00022155;0,00026130;12,65
2021-12-08T00:00:00+00:00;EXCHBEAR/USD;0,00025540;0,00026960;0,00022765;0,00022825;-11,89
2021-12-07T00:00:00+00:00;EXCHBEAR/USD;0,00025560;0,00026450;0,00024280;0,00025540;-0,08
2021-12-06T00:00:00+00:00;EXCHBEAR/USD;0,00029060;0,00031350;0,00024930;0,00025560;-13,69
2021-12-05T00:00:00+00:00;EXCHBEAR/USD;0,00034400;0,00036960;0,00028950;0,00029060;-18,38
2021-12-04T00:00:00+00:00;EXCHBEAR/USD;0,00022115;0,00034650;0,00021660;0,00034400;35,71
2021-12-03T00:00:00+00:00;EXCHBEAR/USD;0,00021670;0,00023210;0,00020850;0,00022115;2,01
2021-12-02T00:00:00+00:00;EXCHBEAR/USD;0,00021670;0,00022130;0,00021355;0,00021670;0,0
2021-12-01T00:00:00+00:00;EXCHBEAR/USD;0,00021365;0,00021670;0,00020300;0,00021670;1,41
2021-11-30T00:00:00+00:00;EXCHBEAR/USD;0,00021365;0,00022420;0,00021320;0,00021365;0,0
2021-11-29T00:00:00+00:00;EXCHBEAR/USD;0,00024635;0,00024635;0,00021365;0,00021365;-15,31
2021-11-28T00:00:00+00:00;EXCHBEAR/USD;0,00024050;0,00029430;0,00023760;0,00024635;2,37
2021-11-27T00:00:00+00:00;EXCHBEAR/USD;0,00025210;0,00027020;0,00022330;0,00024050;-4,82
2021-11-26T00:00:00+00:00;EXCHBEAR/USD;0,00020950;0,00028230;0,00020950;0,00025210;16,9
2021-11-25T00:00:00+00:00;EXCHBEAR/USD;0,00025380;0,00025380;0,00020950;0,00020950;-21,15
2021-11-24T00:00:00+00:00;EXCHBEAR/USD;0,00026220;0,00027370;0,00025380;0,00025380;-3,31
2021-11-23T00:00:00+00:00;EXCHBEAR/USD;0,00029550;0,00029760;0,00025330;0,00026220;-12,7
2021-11-22T00:00:00+00:00;EXCHBEAR/USD;0,00026960;0,00030510;0,00026890;0,00029550;8,76
2021-11-21T00:00:00+00:00;EXCHBEAR/USD;0,00025030;0,00027540;0,00024960;0,00026960;7,16
2021-11-20T00:00:00+00:00;EXCHBEAR/USD;0,00027510;0,00028260;0,00025010;0,00025030;-9,91
2021-11-19T00:00:00+00:00;EXCHBEAR/USD;0,00032780;0,00033550;0,00025380;0,00027510;-19,16
2021-11-18T00:00:00+00:00;EXCHBEAR/USD;0,00028230;0,00036060;0,00027630;0,00032780;13,88
2021-11-17T00:00:00+00:00;EXCHBEAR/USD;0,00028640;0,00031270;0,00028130;0,00028230;-1,45
2021-11-16T00:00:00+00:00;EXCHBEAR/USD;0,00024220;0,00030950;0,00024130;0,00028640;15,43
2021-11-15T00:00:00+00:00;EXCHBEAR/USD;0,00023365;0,00024240;0,00022500;0,00024220;3,53
2021-11-14T00:00:00+00:00;EXCHBEAR/USD;0,00023610;0,00024520;0,00022810;0,00023365;-1,05
2021-11-13T00:00:00+00:00;EXCHBEAR/USD;0,00023370;0,00024660;0,00022530;0,00023610;1,02
2021-11-12T00:00:00+00:00;EXCHBEAR/USD;0,00022600;0,00025530;0,00021845;0,00023370;3,29
2021-11-11T00:00:00+00:00;EXCHBEAR/USD;0,00022905;0,00023440;0,00021480;0,00022600;-1,35
2021-11-10T00:00:00+00:00;EXCHBEAR/USD;0,00020610;0,00024305;0,00018915;0,00022905;10,02
2021-11-09T00:00:00+00:00;EXCHBEAR/USD;0,00019035;0,00020765;0,00018725;0,00020610;7,64
2021-11-08T00:00:00+00:00;EXCHBEAR/USD;0,00020065;0,00020555;0,00018745;0,00018915;-6,08
2021-11-07T00:00:00+00:00;EXCHBEAR/USD;0,00022775;0,00023240;0,00019205;0,00020065;-13,51
2021-11-06T00:00:00+00:00;EXCHBEAR/USD;0,00026390;0,00027490;0,00022775;0,00022775;-15,87
2021-11-05T00:00:00+00:00;EXCHBEAR/USD;0,00029590;0,00030870;0,00025570;0,00026390;-12,13
2021-11-04T00:00:00+00:00;EXCHBEAR/USD;0,00027420;0,00031290;0,00027160;0,00029590;7,33
2021-11-03T00:00:00+00:00;EXCHBEAR/USD;0,00029270;0,00031130;0,00027290;0,00027420;-6,75
2021-11-02T00:00:00+00:00;EXCHBEAR/USD;0,00030930;0,00032140;0,00029090;0,00029270;-5,67
2021-11-01T00:00:00+00:00;EXCHBEAR/USD;0,00033660;0,00036000;0,00030840;0,00030930;-8,83
2021-10-31T00:00:00+00:00;EXCHBEAR/USD;0,00033470;0,00036230;0,00033030;0,00033660;0,56
2021-10-30T00:00:00+00:00;EXCHBEAR/USD;0,00032390;0,00035200;0,00031340;0,00033470;3,23
2021-10-29T00:00:00+00:00;EXCHBEAR/USD;0,00036280;0,00036520;0,00031680;0,00032390;-12,01
2021-10-28T00:00:00+00:00;EXCHBEAR/USD;0,00044080;0,00045120;0,00035400;0,00036280;-21,5
2021-10-27T00:00:00+00:00;EXCHBEAR/USD;0,00036080;0,00044080;0,00034390;0,00044080;18,15
2021-10-26T00:00:00+00:00;EXCHBEAR/USD;0,00033420;0,00036410;0,00031300;0,00036080;7,37
2021-10-25T00:00:00+00:00;EXCHBEAR/USD;0,00037590;0,00037820;0,00033110;0,00033420;-12,48
2021-10-24T00:00:00+00:00;EXCHBEAR/USD;0,00033550;0,00037820;0,00033550;0,00037590;10,75
2021-10-23T00:00:00+00:00;EXCHBEAR/USD;0,00033870;0,00035780;0,00033250;0,00033550;-0,95
2021-10-22T00:00:00+00:00;EXCHBEAR/USD;0,00039890;0,00039890;0,00032020;0,00033870;-17,77
2021-10-21T00:00:00+00:00;EXCHBEAR/USD;0,00036890;0,00040220;0,00035040;0,00039890;7,52
2021-10-20T00:00:00+00:00;EXCHBEAR/USD;0,00048900;0,00048900;0,00036530;0,00036890;-32,56
2021-10-19T00:00:00+00:00;EXCHBEAR/USD;0,00054750;0,00054775;0,00048900;0,00048900;-11,96
2021-10-18T00:00:00+00:00;EXCHBEAR/USD;0,00056475;0,00058675;0,00054225;0,00054750;-3,15
2021-10-17T00:00:00+00:00;EXCHBEAR/USD;0,00057225;0,00059850;0,00055125;0,00056475;-1,33
2021-10-16T00:00:00+00:00;EXCHBEAR/USD;0,00054100;0,00057350;0,00052650;0,00057225;5,46
2021-10-15T00:00:00+00:00;EXCHBEAR/USD;0,00058275;0,00060725;0,00052975;0,00054100;-7,72
2021-10-14T00:00:00+00:00;EXCHBEAR/USD;0,00060050;0,00061250;0,00055800;0,00058275;-3,05
2021-10-13T00:00:00+00:00;EXCHBEAR/USD;0,00067150;0,00070100;0,00059725;0,00060050;-11,82
2021-10-12T00:00:00+00:00;EXCHBEAR/USD;0,00070450;0,00079425;0,00067025;0,00067150;-4,91
2021-10-11T00:00:00+00:00;EXCHBEAR/USD;0,00073900;0,00074800;0,00066525;0,00070450;-4,9
2021-10-10T00:00:00+00:00;EXCHBEAR/USD;0,00064675;0,00073950;0,00063825;0,00073900;12,48
2021-10-09T00:00:00+00:00;EXCHBEAR/USD;0,00066150;0,00067550;0,00063325;0,00064675;-2,28
2021-10-08T00:00:00+00:00;EXCHBEAR/USD;0,00061875;0,00067450;0,00060000;0,00066300;6,67
2021-10-07T00:00:00+00:00;EXCHBEAR/USD;0,00061425;0,00066600;0,00058075;0,00061875;0,73
2021-10-06T00:00:00+00:00;EXCHBEAR/USD;0,00057800;0,00068975;0,00054450;0,00061425;5,9
2021-10-05T00:00:00+00:00;EXCHBEAR/USD;0,00064575;0,00065450;0,00056875;0,00057800;-11,72
2021-10-04T00:00:00+00:00;EXCHBEAR/USD;0,00062350;0,00070625;0,00062350;0,00064575;3,45
2021-10-03T00:00:00+00:00;EXCHBEAR/USD;0,00062900;0,00065200;0,00058800;0,00062350;-0,88
2021-10-02T00:00:00+00:00;EXCHBEAR/USD;0,00066550;0,00070475;0,00058375;0,00062900;-5,8
2021-10-01T00:00:00+00:00;EXCHBEAR/USD;0,00086425;0,00086900;0,00065750;0,00066550;-29,86
2021-09-30T00:00:00+00:00;EXCHBEAR/USD;0,00095225;0,00096400;0,00084000;0,00086425;-10,18
2021-09-29T00:00:00+00:00;EXCHBEAR/USD;0,00117700;0,00118950;0,00088850;0,00095225;-23,6
2021-09-28T00:00:00+00:00;EXCHBEAR/USD;0,00110050;0,00118800;0,00100400;0,00117700;6,5
2021-09-27T00:00:00+00:00;EXCHBEAR/USD;0,00102375;0,00110050;0,00089850;0,00110050;6,97
2021-09-26T00:00:00+00:00;EXCHBEAR/USD;0,00097025;0,00128975;0,00089925;0,00102375;5,23
2021-09-25T00:00:00+00:00;EXCHBEAR/USD;0,00098400;0,00109550;0,00096150;0,00097025;-1,42
2021-09-24T00:00:00+00:00;EXCHBEAR/USD;0,00075175;0,00107450;0,00074375;0,00098400;23,6
2021-09-23T00:00:00+00:00;EXCHBEAR/USD;0,00081400;0,00084200;0,00070800;0,00075175;-8,28
2021-09-22T00:00:00+00:00;EXCHBEAR/USD;0,00106200;0,00106350;0,00077650;0,00081400;-30,47
2021-09-21T00:00:00+00:00;EXCHBEAR/USD;0,00095325;0,00113875;0,00080000;0,00106200;10,24
2021-09-20T00:00:00+00:00;EXCHBEAR/USD;0,00072300;0,00098675;0,00071950;0,00095325;24,15
2021-09-19T00:00:00+00:00;EXCHBEAR/USD;0,00066200;0,00073000;0,00066125;0,00072300;8,44
2021-09-18T00:00:00+00:00;EXCHBEAR/USD;0,00070150;0,00071225;0,00061175;0,00066200;-5,97
2021-09-17T00:00:00+00:00;EXCHBEAR/USD;0,00060725;0,00074225;0,00059700;0,00070150;13,44
2021-09-16T00:00:00+00:00;EXCHBEAR/USD;0,00055825;0,00063200;0,00055200;0,00060725;8,07
2021-09-15T00:00:00+00:00;EXCHBEAR/USD;0,00064325;0,00065950;0,00053625;0,00055825;-15,23
2021-09-14T00:00:00+00:00;EXCHBEAR/USD;0,00067425;0,00069275;0,00064275;0,00064325;-4,82
2021-09-13T00:00:00+00:00;EXCHBEAR/USD;0,00057850;0,00071900;0,00057575;0,00067425;14,2
2021-09-12T00:00:00+00:00;EXCHBEAR/USD;0,00061950;0,00065075;0,00052925;0,00057850;-7,09
2021-09-11T00:00:00+00:00;EXCHBEAR/USD;0,00062600;0,00063650;0,00057225;0,00061950;-1,05
2021-09-10T00:00:00+00:00;EXCHBEAR/USD;0,00052650;0,00065975;0,00047750;0,00062600;15,89
2021-09-09T00:00:00+00:00;EXCHBEAR/USD;0,00058200;0,00061150;0,00047850;0,00052650;-10,54
2021-09-08T00:00:00+00:00;EXCHBEAR/USD;0,00063000;0,00077875;0,00054425;0,00058200;-8,25
2021-09-07T00:00:00+00:00;EXCHBEAR/USD;0,00048920;0,00072920;0,00040880;0,00063000;22,35
2021-09-06T00:00:00+00:00;EXCHBEAR/USD;0,00059800;0,00062000;0,00045870;0,00048920;-22,24
2021-09-05T00:00:00+00:00;EXCHBEAR/USD;0,00064750;0,00067600;0,00057875;0,00059800;-8,28
2021-09-04T00:00:00+00:00;EXCHBEAR/USD;0,00063750;0,00065750;0,00059050;0,00064750;1,54
2021-09-03T00:00:00+00:00;EXCHBEAR/USD;0,00068150;0,00073025;0,00058700;0,00063750;-6,9
2021-09-02T00:00:00+00:00;EXCHBEAR/USD;0,00061725;0,00068400;0,00056100;0,00068150;9,43
2021-09-01T00:00:00+00:00;EXCHBEAR/USD;0,00100575;0,00105725;0,00061550;0,00061725;-62,94
2021-08-31T00:00:00+00:00;EXCHBEAR/USD;0,00107300;0,00113600;0,00089550;0,00100575;-6,69
2021-08-30T00:00:00+00:00;EXCHBEAR/USD;0,00099750;0,00108725;0,00096875;0,00107300;7,04
2021-08-29T00:00:00+00:00;EXCHBEAR/USD;0,00091625;0,00100975;0,00088275;0,00099750;8,15
2021-08-28T00:00:00+00:00;EXCHBEAR/USD;0,00092825;0,00096875;0,00087500;0,00091625;-1,31
2021-08-27T00:00:00+00:00;EXCHBEAR/USD;0,00108025;0,00112900;0,00092250;0,00092825;-16,37
2021-08-26T00:00:00+00:00;EXCHBEAR/USD;0,00091800;0,00110450;0,00087525;0,00108025;15,02
2021-08-25T00:00:00+00:00;EXCHBEAR/USD;0,00106100;0,00109950;0,00091200;0,00091800;-15,58
2021-08-24T00:00:00+00:00;EXCHBEAR/USD;0,00090500;0,00110600;0,00089050;0,00106100;14,7
2021-08-23T00:00:00+00:00;EXCHBEAR/USD;0,00108800;0,00109450;0,00087050;0,00090500;-20,22
2021-08-22T00:00:00+00:00;EXCHBEAR/USD;0,00104075;0,00115075;0,00102075;0,00108800;4,34
2021-08-21T00:00:00+00:00;EXCHBEAR/USD;0,00102800;0,00108575;0,00099925;0,00104075;1,23
2021-08-20T00:00:00+00:00;EXCHBEAR/USD;0,00113250;0,00114250;0,00095550;0,00102800;-10,17
2021-08-19T00:00:00+00:00;EXCHBEAR/USD;0,00139100;0,00149450;0,00113250;0,00113250;-22,83
2021-08-18T00:00:00+00:00;EXCHBEAR/USD;0,00141700;0,00154000;0,00129050;0,00139100;-1,87
2021-08-17T00:00:00+00:00;EXCHBEAR/USD;0,00126650;0,00144000;0,00115250;0,00141700;10,62
2021-08-16T00:00:00+00:00;EXCHBEAR/USD;0,00117000;0,00130550;0,00104600;0,00126650;7,62
2021-08-15T00:00:00+00:00;EXCHBEAR/USD;0,00123050;0,00134400;0,00116700;0,00117000;-5,17
2021-08-14T00:00:00+00:00;EXCHBEAR/USD;0,00117600;0,00133000;0,00116150;0,00123050;4,43
2021-08-13T00:00:00+00:00;EXCHBEAR/USD;0,00134750;0,00137250;0,00110500;0,00117600;-14,58
2021-08-12T00:00:00+00:00;EXCHBEAR/USD;0,00124300;0,00144750;0,00115250;0,00134750;7,76
2021-08-11T00:00:00+00:00;EXCHBEAR/USD;0,00142050;0,00142050;0,00113750;0,00124300;-14,28
2021-08-10T00:00:00+00:00;EXCHBEAR/USD;0,00151000;0,00156450;0,00136500;0,00142050;-6,3
2021-08-09T00:00:00+00:00;EXCHBEAR/USD;0,00188200;0,00206150;0,00149800;0,00151000;-24,64
2021-08-08T00:00:00+00:00;EXCHBEAR/USD;0,00167700;0,00195400;0,00165350;0,00188200;10,89
2021-08-07T00:00:00+00:00;EXCHBEAR/USD;0,00216700;0,00222350;0,00166750;0,00167700;-29,22
2021-08-06T00:00:00+00:00;EXCHBEAR/USD;0,00234000;0,00239450;0,00211850;0,00216700;-7,98
2021-08-05T00:00:00+00:00;EXCHBEAR/USD;0,00260000;0,00287300;0,00231400;0,00234000;-11,11
2021-08-04T00:00:00+00:00;EXCHBEAR/USD;0,00297200;0,00315100;0,00256600;0,00260000;-14,31
2021-08-03T00:00:00+00:00;EXCHBEAR/USD;0,00270200;0,00306700;0,00255300;0,00297200;9,08
2021-08-02T00:00:00+00:00;EXCHBEAR/USD;0,00278300;0,00296200;0,00265100;0,00270200;-3,0
2021-08-01T00:00:00+00:00;EXCHBEAR/USD;0,00279800;0,00288200;0,00251300;0,00278300;-0,54
2021-07-31T00:00:00+00:00;EXCHBEAR/USD;0,00297000;0,00311300;0,00268600;0,00279800;-6,15
2021-07-30T00:00:00+00:00;EXCHBEAR/USD;0,00337300;0,00352200;0,00296600;0,00297000;-13,57
2021-07-29T00:00:00+00:00;EXCHBEAR/USD;0,00338700;0,00356600;0,00329500;0,00337300;-0,42
2021-07-28T00:00:00+00:00;EXCHBEAR/USD;0,00357000;0,00368400;0,00335200;0,00338700;-5,4
2021-07-27T00:00:00+00:00;EXCHBEAR/USD;0,00423500;0,00451900;0,00348700;0,00357000;-18,63
2021-07-26T00:00:00+00:00;EXCHBEAR/USD;0,00463600;0,00467800;0,00361000;0,00423500;-9,47
2021-07-25T00:00:00+00:00;EXCHBEAR/USD;0,00474400;0,00510100;0,00461000;0,00463600;-2,33
2021-07-24T00:00:00+00:00;EXCHBEAR/USD;0,00509200;0,00516750;0,00452600;0,00474400;-7,34
2021-07-23T00:00:00+00:00;EXCHBEAR/USD;0,00548250;0,00593500;0,00508700;0,00509200;-7,67
2021-07-22T00:00:00+00:00;EXCHBEAR/USD;0,00611000;0,00628000;0,00545000;0,00548250;-11,45
2021-07-21T00:00:00+00:00;EXCHBEAR/USD;0,00766750;0,00795500;0,00551500;0,00611000;-25,49
2021-07-20T00:00:00+00:00;EXCHBEAR/USD;0,00740250;0,00869250;0,00728500;0,00766750;3,46
2021-07-19T00:00:00+00:00;EXCHBEAR/USD;0,00643000;0,00762750;0,00641000;0,00740250;13,14
2021-07-18T00:00:00+00:00;EXCHBEAR/USD;0,00646250;0,00654000;0,00600250;0,00643000;-0,51
2021-07-17T00:00:00+00:00;EXCHBEAR/USD;0,00650250;0,00676250;0,00609250;0,00646250;-0,62
2021-07-16T00:00:00+00:00;EXCHBEAR/USD;0,00610250;0,00692750;0,00591000;0,00650250;6,15
2021-07-15T00:00:00+00:00;EXCHBEAR/USD;0,00567500;0,00630000;0,00546500;0,00610250;7,01
2021-07-14T00:00:00+00:00;EXCHBEAR/USD;0,00558000;0,00632250;0,00541750;0,00567500;1,67
2021-07-13T00:00:00+00:00;EXCHBEAR/USD;0,00528500;0,00573250;0,00521250;0,00558000;5,29
2021-07-12T00:00:00+00:00;EXCHBEAR/USD;0,00512400;0,00554900;0,00455300;0,00528500;3,05
2021-07-11T00:00:00+00:00;EXCHBEAR/USD;0,00554500;0,00566000;0,00499500;0,00512400;-8,22
2021-07-10T00:00:00+00:00;EXCHBEAR/USD;0,00540500;0,00571750;0,00518750;0,00554500;2,52
2021-07-09T00:00:00+00:00;EXCHBEAR/USD;0,00580750;0,00612500;0,00528750;0,00540500;-7,45
2021-07-08T00:00:00+00:00;EXCHBEAR/USD;0,00512600;0,00593300;0,00507300;0,00580750;11,73
2021-07-07T00:00:00+00:00;EXCHBEAR/USD;0,00557000;0,00564750;0,00481750;0,00512600;-8,66
2021-07-06T00:00:00+00:00;EXCHBEAR/USD;0,00705000;0,00705000;0,00553000;0,00557000;-26,57
2021-07-05T00:00:00+00:00;EXCHBEAR/USD;0,00637000;0,00738250;0,00637000;0,00705000;9,65
2021-07-04T00:00:00+00:00;EXCHBEAR/USD;0,00666250;0,00704000;0,00603750;0,00637000;-4,59
2021-07-03T00:00:00+00:00;EXCHBEAR/USD;0,00729250;0,00744000;0,00644500;0,00666250;-9,46
2021-07-02T00:00:00+00:00;EXCHBEAR/USD;0,00750750;0,00812500;0,00727500;0,00729250;-2,95
2021-07-01T00:00:00+00:00;EXCHBEAR/USD;0,00655250;0,00775000;0,00652750;0,00750750;12,72
2021-06-30T00:00:00+00:00;EXCHBEAR/USD;0,00686000;0,00780500;0,00655250;0,00655250;-4,69
2021-06-29T00:00:00+00:00;EXCHBEAR/USD;0,00791250;0,00799000;0,00628750;0,00686000;-15,34
2021-06-28T00:00:00+00:00;EXCHBEAR/USD;0,00889250;0,00907500;0,00756250;0,00791250;-12,39
2021-06-27T00:00:00+00:00;EXCHBEAR/USD;0,01031750;0,01065750;0,00887000;0,00889250;-16,02
2021-06-26T00:00:00+00:00;EXCHBEAR/USD;0,00984000;0,01131000;0,00909250;0,01031750;4,63
2021-06-25T00:00:00+00:00;EXCHBEAR/USD;0,00762750;0,00990750;0,00742750;0,00984000;22,48
2021-06-24T00:00:00+00:00;EXCHBEAR/USD;0,00875000;0,00949500;0,00713750;0,00762750;-14,72
2021-06-23T00:00:00+00:00;EXCHBEAR/USD;0,01165500;0,01208500;0,00759750;0,00875000;-33,2
2021-06-22T00:00:00+00:00;EXCHBEAR/USD;0,01057000;0,01448000;0,00912500;0,01165500;9,31
2021-06-21T00:00:00+00:00;EXCHBEAR/USD;0,00706000;0,01061500;0,00702250;0,01057000;33,21
2021-06-20T00:00:00+00:00;EXCHBEAR/USD;0,00728250;0,00861000;0,00697250;0,00706000;-3,15
2021-06-19T00:00:00+00:00;EXCHBEAR/USD;0,00710750;0,00740750;0,00679250;0,00728250;2,4
2021-06-18T00:00:00+00:00;EXCHBEAR/USD;0,00628000;0,00748750;0,00611250;0,00710750;11,64
2021-06-17T00:00:00+00:00;EXCHBEAR/USD;0,00632250;0,00653500;0,00567000;0,00628000;-0,68
2021-06-16T00:00:00+00:00;EXCHBEAR/USD;0,00553500;0,00643000;0,00553500;0,00632250;12,46
2021-06-15T00:00:00+00:00;EXCHBEAR/USD;0,00532750;0,00563500;0,00513100;0,00553500;3,75
2021-06-14T00:00:00+00:00;EXCHBEAR/USD;0,00564250;0,00586750;0,00509500;0,00532750;-5,91
2021-06-13T00:00:00+00:00;EXCHBEAR/USD;0,00720250;0,00750750;0,00562500;0,00564250;-27,65
2021-06-12T00:00:00+00:00;EXCHBEAR/USD;0,00689750;0,00796500;0,00686000;0,00720250;4,23
2021-06-11T00:00:00+00:00;EXCHBEAR/USD;0,00641000;0,00703500;0,00601250;0,00689750;7,07
2021-06-10T00:00:00+00:00;EXCHBEAR/USD;0,00579000;0,00659750;0,00572500;0,00641000;9,67
2021-06-09T00:00:00+00:00;EXCHBEAR/USD;0,00695000;0,00781000;0,00574750;0,00579000;-20,03
2021-06-08T00:00:00+00:00;EXCHBEAR/USD;0,00653500;0,00825750;0,00632000;0,00695000;5,97
2021-06-07T00:00:00+00:00;EXCHBEAR/USD;0,00546000;0,00660500;0,00494500;0,00653500;16,45
2021-06-06T00:00:00+00:00;EXCHBEAR/USD;0,00549000;0,00567500;0,00517500;0,00546000;-0,55
2021-06-05T00:00:00+00:00;EXCHBEAR/USD;0,00555250;0,00575100;0,00446700;0,00549000;-1,14
2021-06-04T00:00:00+00:00;EXCHBEAR/USD;0,00460800;0,00609100;0,00455600;0,00555250;17,01
2021-06-03T00:00:00+00:00;EXCHBEAR/USD;0,00532500;0,00567500;0,00443500;0,00460800;-15,56
2021-06-02T00:00:00+00:00;EXCHBEAR/USD;0,00743750;0,00785000;0,00484250;0,00532500;-39,67
2021-06-01T00:00:00+00:00;EXCHBEAR/USD;0,00781250;0,00884500;0,00734250;0,00743750;-5,04
2021-05-31T00:00:00+00:00;EXCHBEAR/USD;0,00984000;0,01116000;0,00772750;0,00781250;-25,95
2021-05-30T00:00:00+00:00;EXCHBEAR/USD;0,01216500;0,01310500;0,00925250;0,00984000;-23,63
2021-05-29T00:00:00+00:00;EXCHBEAR/USD;0,01029000;0,01253500;0,00905000;0,01216500;15,41
2021-05-28T00:00:00+00:00;EXCHBEAR/USD;0,00799000;0,01115250;0,00763750;0,01029000;22,35
2021-05-27T00:00:00+00:00;EXCHBEAR/USD;0,00769000;0,00934500;0,00727250;0,00799000;3,75
2021-05-26T00:00:00+00:00;EXCHBEAR/USD;0,00969250;0,00990500;0,00742000;0,00769000;-26,04
2021-05-25T00:00:00+00:00;EXCHBEAR/USD;0,01010000;0,01214000;0,00864000;0,00969250;-4,2
2021-05-24T00:00:00+00:00;EXCHBEAR/USD;0,02082000;0,02101500;0,00993000;0,01010000;-106,14
2021-05-23T00:00:00+00:00;EXCHBEAR/USD;0,01481000;0,02749000;0,01325000;0,02082000;28,87
2021-05-22T00:00:00+00:00;EXCHBEAR/USD;0,01246500;0,01575500;0,01201000;0,01481000;15,83
2021-05-21T00:00:00+00:00;EXCHBEAR/USD;0,00868250;0,01431500;0,00733250;0,01246500;30,34
2021-05-20T00:00:00+00:00;EXCHBEAR/USD;0,01258500;0,01739500;0,00735500;0,00868250;-44,95
2021-05-19T00:00:00+00:00;EXCHBEAR/USD;0,00690250;0,01425250;0,00677500;0,01258500;45,15
2021-05-18T00:00:00+00:00;EXCHBEAR/USD;0,00705500;0,00730750;0,00599250;0,00690250;-2,21
2021-05-17T00:00:00+00:00;EXCHBEAR/USD;0,00572250;0,00748000;0,00571250;0,00705500;18,89
2021-05-16T00:00:00+00:00;EXCHBEAR/USD;0,00586600;0,00620700;0,00474000;0,00572250;-2,51
2021-05-15T00:00:00+00:00;EXCHBEAR/USD;0,00495500;0,00586600;0,00479700;0,00586600;15,53
2021-05-14T00:00:00+00:00;EXCHBEAR/USD;0,00560000;0,00560000;0,00444200;0,00495500;-13,02
2021-05-13T00:00:00+00:00;EXCHBEAR/USD;0,00538200;0,00620200;0,00461800;0,00560000;3,89
2021-05-12T00:00:00+00:00;EXCHBEAR/USD;0,00469500;0,00539400;0,00407900;0,00538200;12,76
2021-05-11T00:00:00+00:00;EXCHBEAR/USD;0,00583750;0,00614000;0,00469500;0,00469500;-24,33
2021-05-10T00:00:00+00:00;EXCHBEAR/USD;0,00562750;0,00641200;0,00476500;0,00583750;3,6
2021-05-09T00:00:00+00:00;EXCHBEAR/USD;0,00577250;0,00616750;0,00539250;0,00562750;-2,58
2021-05-08T00:00:00+00:00;EXCHBEAR/USD;0,00626500;0,00633250;0,00568500;0,00577250;-8,53
2021-05-07T00:00:00+00:00;EXCHBEAR/USD;0,00643750;0,00670750;0,00580750;0,00626500;-2,75
2021-05-06T00:00:00+00:00;EXCHBEAR/USD;0,00576250;0,00672750;0,00576250;0,00643750;10,49
2021-05-05T00:00:00+00:00;EXCHBEAR/USD;0,00728500;0,00740250;0,00576250;0,00576250;-26,42
2021-05-04T00:00:00+00:00;EXCHBEAR/USD;0,00600750;0,00774000;0,00593500;0,00728500;17,54
2021-05-03T00:00:00+00:00;EXCHBEAR/USD;0,00675500;0,00685750;0,00597500;0,00600750;-12,44
2021-05-02T00:00:00+00:00;EXCHBEAR/USD;0,00736500;0,00811750;0,00670000;0,00675500;-9,03
2021-05-01T00:00:00+00:00;EXCHBEAR/USD;0,00958750;0,00996500;0,00712750;0,00736500;-30,18
2021-04-30T00:00:00+00:00;EXCHBEAR/USD;0,01132500;0,01158500;0,00953250;0,00958750;-18,12
2021-04-29T00:00:00+00:00;EXCHBEAR/USD;0,01348500;0,01417500;0,01104500;0,01132500;-19,07
2021-04-28T00:00:00+00:00;EXCHBEAR/USD;0,01299500;0,01461500;0,01260000;0,01348500;3,63
2021-04-27T00:00:00+00:00;EXCHBEAR/USD;0,01569500;0,01628500;0,01285500;0,01299500;-20,78
2021-04-26T00:00:00+00:00;EXCHBEAR/USD;0,01962000;0,01962000;0,01494000;0,01569500;-25,01
2021-04-25T00:00:00+00:00;EXCHBEAR/USD;0,01997000;0,02174000;0,01795500;0,01962000;-1,78
2021-04-24T00:00:00+00:00;EXCHBEAR/USD;0,01820000;0,02112000;0,01820000;0,01997000;8,86
2021-04-23T00:00:00+00:00;EXCHBEAR/USD;0,01792500;0,02319500;0,01718500;0,01820000;1,51
2021-04-22T00:00:00+00:00;EXCHBEAR/USD;0,01540500;0,01921000;0,01361000;0,01792500;14,06
2021-04-21T00:00:00+00:00;EXCHBEAR/USD;0,01431500;0,01563500;0,01284500;0,01540500;7,08
2021-04-20T00:00:00+00:00;EXCHBEAR/USD;0,02006500;0,02361500;0,01431500;0,01431500;-40,17
2021-04-19T00:00:00+00:00;EXCHBEAR/USD;0,02173500;0,02255000;0,01742000;0,02006500;-8,32
2021-04-18T00:00:00+00:00;EXCHBEAR/USD;0,01859500;0,02670000;0,01832000;0,02173500;14,45
2021-04-17T00:00:00+00:00;EXCHBEAR/USD;0,01781500;0,01923500;0,01594000;0,01859500;4,19
2021-04-16T00:00:00+00:00;EXCHBEAR/USD;0,01537000;0,01868000;0,01535500;0,01781500;13,72
2021-04-15T00:00:00+00:00;EXCHBEAR/USD;0,01561000;0,01632000;0,01459500;0,01537000;-1,56
2021-04-14T00:00:00+00:00;EXCHBEAR/USD;0,01517000;0,01670000;0,01302500;0,01561000;2,82
2021-04-13T00:00:00+00:00;EXCHBEAR/USD;0,01359000;0,01634000;0,01346500;0,01517000;10,42
2021-04-12T00:00:00+00:00;EXCHBEAR/USD;0,01767000;0,01767000;0,01134500;0,01359000;-30,02
2021-04-11T00:00:00+00:00;EXCHBEAR/USD;0,02228000;0,02284500;0,01767000;0,01767000;-26,09
2021-04-10T00:00:00+00:00;EXCHBEAR/USD;0,02401000;0,02435000;0,02017000;0,02228000;-7,76
2021-04-09T00:00:00+00:00;EXCHBEAR/USD;0,02746000;0,02859000;0,02401000;0,02401000;-14,37
2021-04-08T00:00:00+00:00;EXCHBEAR/USD;0,03638000;0,03695000;0,02692000;0,02746000;-32,48
2021-04-07T00:00:00+00:00;EXCHBEAR/USD;0,03191000;0,03870000;0,02989000;0,03638000;12,29
2021-04-06T00:00:00+00:00;EXCHBEAR/USD;0,03937000;0,03980000;0,03121000;0,03172000;-24,12
2021-04-05T00:00:00+00:00;EXCHBEAR/USD;0,04680000;0,05004000;0,03872000;0,03937000;-18,87
2021-04-04T00:00:00+00:00;EXCHBEAR/USD;0,05486000;0,05612500;0,04621000;0,04680000;-17,22
2021-04-03T00:00:00+00:00;EXCHBEAR/USD;0,04782000;0,05544000;0,04619000;0,05486000;12,83
2021-04-02T00:00:00+00:00;EXCHBEAR/USD;0,05050000;0,05050000;0,04466000;0,04782000;-5,6
2021-04-01T00:00:00+00:00;EXCHBEAR/USD;0,05845000;0,05845000;0,05021000;0,05050000;-15,74
2021-03-31T00:00:00+00:00;EXCHBEAR/USD;0,05622500;0,06380000;0,05415000;0,05845000;3,81
2021-03-30T00:00:00+00:00;EXCHBEAR/USD;0,07282500;0,07412500;0,05580000;0,05622500;-29,52
2021-03-29T00:00:00+00:00;EXCHBEAR/USD;0,08530000;0,08722500;0,07270000;0,07282500;-17,13
2021-03-28T00:00:00+00:00;EXCHBEAR/USD;0,08662500;0,08832500;0,07830000;0,08530000;-1,55
2021-03-27T00:00:00+00:00;EXCHBEAR/USD;0,09495000;0,09582500;0,08450000;0,08662500;-9,61
2021-03-26T00:00:00+00:00;EXCHBEAR/USD;0,12040000;0,12045000;0,09495000;0,09495000;-26,8
2021-03-25T00:00:00+00:00;EXCHBEAR/USD;0,10600000;0,12620000;0,10595000;0,12040000;11,96
2021-03-24T00:00:00+00:00;EXCHBEAR/USD;0,09372500;0,10647500;0,08280000;0,10600000;11,58
2021-03-23T00:00:00+00:00;EXCHBEAR/USD;0,09347500;0,10070000;0,08862500;0,09372500;0,27
2021-03-22T00:00:00+00:00;EXCHBEAR/USD;0,08112500;0,09347500;0,07942500;0,09347500;13,21
2021-03-21T00:00:00+00:00;EXCHBEAR/USD;0,07832500;0,08497500;0,07675000;0,08112500;3,45
2021-03-20T00:00:00+00:00;EXCHBEAR/USD;0,07775000;0,07832500;0,07272500;0,07832500;0,73
2021-03-19T00:00:00+00:00;EXCHBEAR/USD;0,08047500;0,08347500;0,07550000;0,07775000;-3,5
2021-03-18T00:00:00+00:00;EXCHBEAR/USD;0,07430000;0,08047500;0,07105000;0,08047500;7,67
2021-03-17T00:00:00+00:00;EXCHBEAR/USD;0,08022500;0,08910000;0,07422500;0,07430000;-7,97
2021-03-16T00:00:00+00:00;EXCHBEAR/USD;0,07902500;0,09067500;0,07830000;0,08022500;1,5
2021-03-15T00:00:00+00:00;EXCHBEAR/USD;0,07172500;0,08305000;0,06780000;0,07902500;9,24
2021-03-14T00:00:00+00:00;EXCHBEAR/USD;0,06947500;0,07290000;0,06937500;0,07172500;3,14
2021-03-13T00:00:00+00:00;EXCHBEAR/USD;0,08525000;0,08867500;0,06785000;0,06947500;-22,71
2021-03-12T00:00:00+00:00;EXCHBEAR/USD;0,07162500;0,09100000;0,07162500;0,08525000;15,98
2021-03-11T00:00:00+00:00;EXCHBEAR/USD;0,08077500;0,08845000;0,06625000;0,07162500;-12,77
2021-03-10T00:00:00+00:00;EXCHBEAR/USD;0,07240000;0,08562500;0,07105000;0,08077500;10,37
2021-03-09T00:00:00+00:00;EXCHBEAR/USD;0,11750000;0,11900000;0,07195000;0,07240000;-62,29
2021-03-08T00:00:00+00:00;EXCHBEAR/USD;0,12200000;0,13360000;0,11720000;0,11750000;-3,83
2021-03-07T00:00:00+00:00;EXCHBEAR/USD;0,13805000;0,13880000;0,11995000;0,12200000;-13,16
2021-03-06T00:00:00+00:00;EXCHBEAR/USD;0,13695000;0,15000000;0,13370000;0,13805000;0,8
2021-03-05T00:00:00+00:00;EXCHBEAR/USD;0,12940000;0,15225000;0,12940000;0,13695000;5,51
2021-03-04T00:00:00+00:00;EXCHBEAR/USD;0,12830000;0,13465000;0,10550000;0,12950000;0,93
2021-03-03T00:00:00+00:00;EXCHBEAR/USD;0,14775000;0,14810000;0,11265000;0,12830000;-15,16
2021-03-02T00:00:00+00:00;EXCHBEAR/USD;0,13300000;0,15430000;0,12265000;0,14775000;9,98
2021-03-01T00:00:00+00:00;EXCHBEAR/USD;0,21105000;0,21215000;0,13230000;0,13300000;-58,68
2021-02-28T00:00:00+00:00;EXCHBEAR/USD;0,16600000;0,24150000;0,16145000;0,21105000;21,35
2021-02-27T00:00:00+00:00;EXCHBEAR/USD;0,18690000;0,18720000;0,14885000;0,16600000;-12,59
2021-02-26T00:00:00+00:00;EXCHBEAR/USD;0,16725000;0,21220000;0,16125000;0,18690000;10,51
2021-02-25T00:00:00+00:00;EXCHBEAR/USD;0,14205000;0,16735000;0,12865000;0,16725000;15,07
2021-02-24T00:00:00+00:00;EXCHBEAR/USD;0,18100000;0,20560000;0,12040000;0,14205000;-27,42
2021-02-23T00:00:00+00:00;EXCHBEAR/USD;0,12680000;0,20895000;0,12680000;0,18100000;29,94
2021-02-22T00:00:00+00:00;EXCHBEAR/USD;0,10525000;0,16565000;0,10417500;0,12680000;17,0
2021-02-21T00:00:00+00:00;EXCHBEAR/USD;0,19545000;0,19680000;0,09807500;0,10525000;-85,7
2021-02-20T00:00:00+00:00;EXCHBEAR/USD;0,13170000;0,20895000;0,12680000;0,19545000;32,62
2021-02-19T00:00:00+00:00;EXCHBEAR/USD;0,56100000;0,56450000;0,13170000;0,13170000;-325,97
2021-02-18T00:00:00+00:00;EXCHBEAR/USD;0,85825000;0,85825000;0,54825000;0,56100000;-52,99
2021-02-17T00:00:00+00:00;EXCHBEAR/USD;1,51450000;1,51950000;0,79200000;0,85825000;-76,46
2021-02-16T00:00:00+00:00;EXCHBEAR/USD;1,47800000;1,57250000;1,37650000;1,51450000;2,41
2021-02-15T00:00:00+00:00;EXCHBEAR/USD;1,37450000;1,74500000;1,36200000;1,47800000;7,0
2021-02-14T00:00:00+00:00;EXCHBEAR/USD;1,39100000;1,44350000;1,29000000;1,37450000;-1,2
2021-02-13T00:00:00+00:00;EXCHBEAR/USD;1,32450000;1,49750000;1,29350000;1,39100000;4,78
2021-02-12T00:00:00+00:00;EXCHBEAR/USD;1,53350000;1,55800000;1,24700000;1,32450000;-15,78
2021-02-11T00:00:00+00:00;EXCHBEAR/USD;1,46700000;1,58250000;1,41550000;1,53350000;4,34
2021-02-10T00:00:00+00:00;EXCHBEAR/USD;2,20450000;2,20900000;1,20750000;1,46700000;-50,27
2021-02-09T00:00:00+00:00;EXCHBEAR/USD;4,38400000;4,38400000;2,13250000;2,20450000;-98,87
2021-02-08T00:00:00+00:00;EXCHBEAR/USD;6,11500000;6,24750000;4,38400000;4,38400000;-39,48
2021-02-07T00:00:00+00:00;EXCHBEAR/USD;5,80250000;6,59250000;5,49250000;6,11500000;5,11
2021-02-06T00:00:00+00:00;EXCHBEAR/USD;6,17500000;6,64250000;5,47750000;5,80250000;-6,42
2021-02-05T00:00:00+00:00;EXCHBEAR/USD;8,57250000;8,57250000;6,16250000;6,17500000;-38,83
2021-02-04T00:00:00+00:00;EXCHBEAR/USD;9,18000000;9,26500000;8,49750000;8,57250000;-7,09
2021-02-03T00:00:00+00:00;EXCHBEAR/USD;10,39500000;10,39500000;9,18000000;9,18000000;-13,24
2021-02-02T00:00:00+00:00;EXCHBEAR/USD;11,62000000;11,80500000;10,38500000;10,39500000;-11,78
2021-02-01T00:00:00+00:00;EXCHBEAR/USD;13,23500000;13,76000000;11,48000000;11,62000000;-13,9
2021-01-31T00:00:00+00:00;EXCHBEAR/USD;13,37000000;13,92000000;13,18000000;13,23500000;-1,02
2021-01-30T00:00:00+00:00;EXCHBEAR/USD;13,49500000;14,63000000;13,20000000;13,37000000;-0,93
2021-01-29T00:00:00+00:00;EXCHBEAR/USD;14,64500000;15,25500000;12,72500000;13,49500000;-8,52
2021-01-28T00:00:00+00:00;EXCHBEAR/USD;20,92500000;21,56000000;14,53000000;14,64500000;-42,88
2021-01-27T00:00:00+00:00;EXCHBEAR/USD;18,67500000;21,65000000;18,58000000;20,92500000;10,75
2021-01-26T00:00:00+00:00;EXCHBEAR/USD;18,83500000;20,62000000;18,09000000;18,67500000;-0,86
2021-01-25T00:00:00+00:00;EXCHBEAR/USD;18,23500000;19,16000000;16,64500000;18,83500000;3,19
2021-01-24T00:00:00+00:00;EXCHBEAR/USD;19,22000000;19,46000000;18,08000000;18,23500000;-5,4
2021-01-23T00:00:00+00:00;EXCHBEAR/USD;19,88000000;21,15000000;18,93500000;19,22000000;-3,43
2021-01-22T00:00:00+00:00;EXCHBEAR/USD;23,89000000;25,86000000;19,04000000;19,88000000;-20,17
2021-01-21T00:00:00+00:00;EXCHBEAR/USD;18,56500000;24,00000000;18,50000000;23,89000000;22,29
2021-01-20T00:00:00+00:00;EXCHBEAR/USD;17,87000000;21,17000000;17,55500000;18,56500000;3,74
2021-01-19T00:00:00+00:00;EXCHBEAR/USD;17,21500000;18,96500000;15,60000000;17,87000000;3,67
2021-01-18T00:00:00+00:00;EXCHBEAR/USD;19,00000000;19,00000000;17,16000000;17,21500000;-10,37
2021-01-17T00:00:00+00:00;EXCHBEAR/USD;22,44000000;23,67500000;18,99500000;19,00000000;-18,11
2021-01-16T00:00:00+00:00;EXCHBEAR/USD;22,93000000;23,00000000;21,17000000;22,44000000;-2,18
2021-01-15T00:00:00+00:00;EXCHBEAR/USD;23,29000000;25,21500000;22,06000000;22,93000000;-1,57
2021-01-14T00:00:00+00:00;EXCHBEAR/USD;25,63000000;26,53000000;22,60000000;23,29000000;-10,05
2021-01-13T00:00:00+00:00;EXCHBEAR/USD;27,36000000;29,02000000;25,63000000;25,63000000;-6,75
2021-01-12T00:00:00+00:00;EXCHBEAR/USD;31,80000000;31,80000000;26,78000000;27,36000000;-16,23
2021-01-11T00:00:00+00:00;EXCHBEAR/USD;20,70000000;31,80000000;20,70000000;31,80000000;34,91
2021-01-10T00:00:00+00:00;EXCHBEAR/USD;21,44000000;24,44000000;19,93000000;20,70000000;-3,57
2021-01-09T00:00:00+00:00;EXCHBEAR/USD;24,06500000;24,44000000;21,23500000;21,44000000;-12,24
2021-01-08T00:00:00+00:00;EXCHBEAR/USD;22,68000000;24,44000000;22,46500000;24,06500000;5,76
2021-01-07T00:00:00+00:00;EXCHBEAR/USD;22,31000000;23,91500000;20,06000000;22,68000000;1,63
2021-01-06T00:00:00+00:00;EXCHBEAR/USD;24,44000000;24,44000000;22,31000000;22,31000000;-9,55
2021-01-05T00:00:00+00:00;EXCHBEAR/USD;27,23000000;28,85000000;24,44000000;24,44000000;-11,42
2021-01-04T00:00:00+00:00;EXCHBEAR/USD;27,10000000;29,61000000;24,09000000;27,23000000;0,48
2021-01-03T00:00:00+00:00;EXCHBEAR/USD;29,40000000;29,58000000;26,36000000;27,10000000;-8,49
2021-01-02T00:00:00+00:00;EXCHBEAR/USD;28,33000000;30,80000000;27,06000000;29,40000000;3,64
2021-01-01T00:00:00+00:00;EXCHBEAR/USD;36,67000000;37,45000000;28,27000000;28,33000000;-29,44
2020-12-31T00:00:00+00:00;EXCHBEAR/USD;36,95000000;39,74000000;35,62000000;36,67000000;-0,76
2020-12-30T00:00:00+00:00;EXCHBEAR/USD;36,86000000;39,74000000;36,51000000;36,95000000;0,24
2020-12-29T00:00:00+00:00;EXCHBEAR/USD;40,72000000;43,56000000;36,82000000;36,86000000;-10,47
2020-12-28T00:00:00+00:00;EXCHBEAR/USD;51,82000000;52,11000000;40,68000000;40,72000000;-27,26
2020-12-27T00:00:00+00:00;EXCHBEAR/USD;54,57500000;57,27500000;49,07500000;51,82000000;-5,32
2020-12-26T00:00:00+00:00;EXCHBEAR/USD;54,95000000;59,80000000;53,00000000;54,57500000;-0,69
2020-12-25T00:00:00+00:00;EXCHBEAR/USD;57,80000000;59,15000000;53,75000000;54,95000000;-5,19
2020-12-24T00:00:00+00:00;EXCHBEAR/USD;61,82500000;61,82500000;56,60000000;57,80000000;-6,96
2020-12-23T00:00:00+00:00;EXCHBEAR/USD;56,30000000;63,05000000;54,87500000;61,82500000;8,94
2020-12-22T00:00:00+00:00;EXCHBEAR/USD;61,92500000;65,17500000;56,00000000;56,30000000;-9,99
2020-12-21T00:00:00+00:00;EXCHBEAR/USD;55,77500000;63,10000000;54,57500000;61,92500000;9,93
2020-12-20T00:00:00+00:00;EXCHBEAR/USD;55,77500000;58,12500000;53,92500000;55,77500000;0,0
2020-12-19T00:00:00+00:00;EXCHBEAR/USD;59,75000000;59,75000000;53,77500000;55,77500000;-7,13
2020-12-18T00:00:00+00:00;EXCHBEAR/USD;61,27500000;62,62500000;59,00000000;59,75000000;-2,55
2020-12-17T00:00:00+00:00;EXCHBEAR/USD;62,85000000;64,17500000;58,85000000;61,27500000;-2,57
2020-12-16T00:00:00+00:00;EXCHBEAR/USD;69,07500000;70,00000000;61,22500000;62,85000000;-9,9
2020-12-15T00:00:00+00:00;EXCHBEAR/USD;69,65000000;70,00000000;67,92500000;69,07500000;-0,83
2020-12-14T00:00:00+00:00;EXCHBEAR/USD;70,02500000;71,90000000;69,65000000;69,65000000;-0,54
2020-12-13T00:00:00+00:00;EXCHBEAR/USD;75,47500000;76,30000000;70,02500000;70,02500000;-7,78
2020-12-12T00:00:00+00:00;EXCHBEAR/USD;78,35000000;78,37500000;75,37500000;75,47500000;-3,81
2020-12-11T00:00:00+00:00;EXCHBEAR/USD;79,42500000;84,70000000;77,15000000;78,35000000;-1,37
2020-12-10T00:00:00+00:00;EXCHBEAR/USD;78,80000000;81,05000000;76,72500000;79,42500000;0,79
2020-12-09T00:00:00+00:00;EXCHBEAR/USD;79,57500000;85,50000000;78,45000000;78,80000000;-0,98
2020-12-08T00:00:00+00:00;EXCHBEAR/USD;77,30000000;81,87500000;75,45000000;79,57500000;2,86
2020-12-07T00:00:00+00:00;EXCHBEAR/USD;77,67500000;78,95000000;75,95000000;77,30000000;-0,49
2020-12-06T00:00:00+00:00;EXCHBEAR/USD;77,55000000;79,65000000;76,05000000;77,67500000;0,16
2020-12-05T00:00:00+00:00;EXCHBEAR/USD;82,10000000;83,42500000;77,55000000;77,55000000;-5,87
2020-12-04T00:00:00+00:00;EXCHBEAR/USD;74,35000000;82,62500000;73,60000000;82,10000000;9,44
2020-12-03T00:00:00+00:00;EXCHBEAR/USD;74,27500000;76,55000000;71,07500000;74,35000000;0,1
2020-12-02T00:00:00+00:00;EXCHBEAR/USD;72,62500000;76,85000000;70,82500000;74,27500000;2,22
2020-12-01T00:00:00+00:00;EXCHBEAR/USD;70,00000000;77,70000000;68,47500000;72,62500000;3,61
2020-11-30T00:00:00+00:00;EXCHBEAR/USD;80,00000000;80,00000000;70,00000000;70,00000000;-14,29
2020-11-29T00:00:00+00:00;EXCHBEAR/USD;86,20000000;88,02500000;79,50000000;80,00000000;-7,75
2020-11-28T00:00:00+00:00;EXCHBEAR/USD;94,27500000;95,85000000;84,17500000;86,20000000;-9,37
2020-11-27T00:00:00+00:00;EXCHBEAR/USD;97,02500000;100,32500000;92,67500000;94,27500000;-2,92
2020-11-26T00:00:00+00:00;EXCHBEAR/USD;79,55000000;97,62500000;78,25000000;97,02500000;18,01
2020-11-25T00:00:00+00:00;EXCHBEAR/USD;70,12500000;82,67500000;67,47500000;79,55000000;11,85
2020-11-24T00:00:00+00:00;EXCHBEAR/USD;75,60000000;76,95000000;65,92500000;70,12500000;-7,81
2020-11-23T00:00:00+00:00;EXCHBEAR/USD;77,70000000;85,50000000;71,30000000;75,60000000;-2,78
2020-11-22T00:00:00+00:00;EXCHBEAR/USD;79,65000000;88,92500000;75,45000000;77,70000000;-2,51
2020-11-21T00:00:00+00:00;EXCHBEAR/USD;84,50000000;88,47500000;79,05000000;79,65000000;-6,09
2020-11-20T00:00:00+00:00;EXCHBEAR/USD;92,12500000;93,32500000;83,67500000;84,50000000;-9,02
2020-11-19T00:00:00+00:00;EXCHBEAR/USD;98,75000000;99,95000000;89,87500000;92,12500000;-7,19
2020-11-18T00:00:00+00:00;EXCHBEAR/USD;103,70000000;109,10000000;97,22500000;98,75000000;-5,01
2020-11-17T00:00:00+00:00;EXCHBEAR/USD;117,60000000;117,60000000;102,70000000;103,70000000;-13,4
2020-11-16T00:00:00+00:00;EXCHBEAR/USD;117,60000000;117,60000000;115,55000000;117,60000000;0,0
2020-11-15T00:00:00+00:00;EXCHBEAR/USD;114,70000000;118,15000000;113,85000000;117,60000000;2,47
2020-11-14T00:00:00+00:00;EXCHBEAR/USD;108,80000000;116,40000000;108,80000000;114,70000000;5,14
2020-11-13T00:00:00+00:00;EXCHBEAR/USD;111,70000000;111,70000000;108,35000000;108,80000000;-2,67
2020-11-12T00:00:00+00:00;EXCHBEAR/USD;111,70000000;113,35000000;109,65000000;111,70000000;0,0
2020-11-11T00:00:00+00:00;EXCHBEAR/USD;114,60000000;114,60000000;108,80000000;111,70000000;-2,6
2020-11-10T00:00:00+00:00;EXCHBEAR/USD;117,60000000;117,60000000;112,75000000;114,60000000;-2,62
2020-11-09T00:00:00+00:00;EXCHBEAR/USD;114,60000000;120,90000000;111,70000000;117,60000000;2,55
2020-11-08T00:00:00+00:00;EXCHBEAR/USD;120,50000000;120,70000000;114,60000000;114,60000000;-5,15
2020-11-07T00:00:00+00:00;EXCHBEAR/USD;114,60000000;127,20000000;109,85000000;120,50000000;4,9
2020-11-06T00:00:00+00:00;EXCHBEAR/USD;129,30000000;130,05000000;111,70000000;114,60000000;-12,83
2020-11-05T00:00:00+00:00;EXCHBEAR/USD;140,35000000;142,85000000;124,90000000;129,30000000;-8,55
2020-11-04T00:00:00+00:00;EXCHBEAR/USD;138,20000000;151,10000000;138,20000000;140,35000000;1,53
2020-11-03T00:00:00+00:00;EXCHBEAR/USD;129,30000000;144,85000000;129,30000000;138,20000000;6,44
2020-11-02T00:00:00+00:00;EXCHBEAR/USD;116,60000000;132,55000000;114,60000000;129,30000000;9,82
2020-11-01T00:00:00+00:00;EXCHBEAR/USD;115,05000000;118,55000000;114,60000000;116,60000000;1,33
2020-10-31T00:00:00+00:00;EXCHBEAR/USD;118,25000000;124,45000000;113,95000000;115,05000000;-2,78
2020-10-30T00:00:00+00:00;EXCHBEAR/USD;108,80000000;123,50000000;108,60000000;118,25000000;7,99
2020-10-29T00:00:00+00:00;EXCHBEAR/USD;111,70000000;111,70000000;102,30000000;108,80000000;-2,67
2020-10-28T00:00:00+00:00;EXCHBEAR/USD;102,70000000;114,62500000;100,90000000;111,50000000;7,89
2020-10-27T00:00:00+00:00;EXCHBEAR/USD;105,22500000;107,40000000;99,57500000;102,70000000;-2,46
2020-10-26T00:00:00+00:00;EXCHBEAR/USD;107,40000000;108,40000000;103,20000000;105,22500000;-2,07
2020-10-25T00:00:00+00:00;EXCHBEAR/USD;105,70000000;109,70000000;104,90000000;107,40000000;1,58
2020-10-24T00:00:00+00:00;EXCHBEAR/USD;108,65000000;111,00000000;105,70000000;105,70000000;-2,79
2020-10-23T00:00:00+00:00;EXCHBEAR/USD;104,50000000;114,50000000;104,20000000;108,65000000;3,82
2020-10-22T00:00:00+00:00;EXCHBEAR/USD;108,65000000;110,90000000;102,67500000;104,50000000;-3,97
2020-10-21T00:00:00+00:00;EXCHBEAR/USD;117,60000000;118,05000000;104,55000000;108,65000000;-8,24
2020-10-20T00:00:00+00:00;EXCHBEAR/USD;117,55000000;120,25000000;115,12500000;117,60000000;0,04
2020-10-19T00:00:00+00:00;EXCHBEAR/USD;115,12500000;122,25000000;115,12500000;117,55000000;2,06
2020-10-18T00:00:00+00:00;EXCHBEAR/USD;124,65000000;128,45000000;114,60000000;115,12500000;-8,27
2020-10-17T00:00:00+00:00;EXCHBEAR/USD;116,85000000;131,90000000;115,12500000;124,65000000;6,26
2020-10-16T00:00:00+00:00;EXCHBEAR/USD;102,45000000;121,02500000;101,62500000;116,85000000;12,32
2020-10-15T00:00:00+00:00;EXCHBEAR/USD;101,62500000;105,77500000;101,62500000;102,45000000;0,81
2020-10-14T00:00:00+00:00;EXCHBEAR/USD;102,80000000;104,22500000;100,55000000;101,62500000;-1,16
2020-10-13T00:00:00+00:00;EXCHBEAR/USD;101,32500000;105,52500000;96,72500000;102,80000000;1,43
2020-10-12T00:00:00+00:00;EXCHBEAR/USD;107,00000000;107,00000000;99,92500000;101,32500000;-5,6
2020-10-11T00:00:00+00:00;EXCHBEAR/USD;107,15000000;109,45000000;107,00000000;107,00000000;-0,14
2020-10-10T00:00:00+00:00;EXCHBEAR/USD;105,55000000;107,87500000;100,75000000;107,15000000;1,49
2020-10-09T00:00:00+00:00;EXCHBEAR/USD;109,90000000;111,70000000;102,65000000;105,55000000;-4,12
2020-10-08T00:00:00+00:00;EXCHBEAR/USD;113,90000000;117,55000000;109,35000000;109,90000000;-3,64
2020-10-07T00:00:00+00:00;EXCHBEAR/USD;116,10000000;118,75000000;113,90000000;113,90000000;-1,93
2020-10-06T00:00:00+00:00;EXCHBEAR/USD;110,30000000;116,70000000;107,75000000;116,10000000;5,0
2020-10-05T00:00:00+00:00;EXCHBEAR/USD;109,10000000;112,40000000;107,85000000;110,30000000;1,09
2020-10-04T00:00:00+00:00;EXCHBEAR/USD;110,30000000;113,75000000;108,80000000;109,10000000;-1,1
2020-10-03T00:00:00+00:00;EXCHBEAR/USD;116,00000000;116,25000000;110,30000000;110,30000000;-5,17
2020-10-02T00:00:00+00:00;EXCHBEAR/USD;112,80000000;121,80000000;111,75000000;116,00000000;2,76
2020-10-01T00:00:00+00:00;EXCHBEAR/USD;108,75000000;116,80000000;104,90000000;112,80000000;3,59
2020-09-30T00:00:00+00:00;EXCHBEAR/USD;111,40000000;116,25000000;108,05000000;108,75000000;-2,44
2020-09-29T00:00:00+00:00;EXCHBEAR/USD;117,00000000;117,55000000;111,00000000;111,40000000;-5,03
2020-09-28T00:00:00+00:00;EXCHBEAR/USD;116,85000000;118,95000000;114,55000000;117,00000000;0,13
2020-09-27T00:00:00+00:00;EXCHBEAR/USD;116,35000000;121,05000000;116,25000000;116,85000000;0,43
2020-09-26T00:00:00+00:00;EXCHBEAR/USD;123,70000000;127,00000000;116,25000000;116,35000000;-6,32
2020-09-25T00:00:00+00:00;EXCHBEAR/USD;126,40000000;145,00000000;122,55000000;123,70000000;-2,18
2020-09-24T00:00:00+00:00;EXCHBEAR/USD;143,50000000;144,50000000;125,00000000;126,40000000;-13,53
2020-09-23T00:00:00+00:00;EXCHBEAR/USD;134,45000000;144,50000000;128,75000000;143,50000000;6,31
2020-09-22T00:00:00+00:00;EXCHBEAR/USD;143,15000000;145,00000000;133,25000000;134,45000000;-6,47
2020-09-21T00:00:00+00:00;EXCHBEAR/USD;121,80000000;146,95000000;118,05000000;143,15000000;14,91
2020-09-20T00:00:00+00:00;EXCHBEAR/USD;118,05000000;127,25000000;112,95000000;121,80000000;3,08
2020-09-19T00:00:00+00:00;EXCHBEAR/USD;118,45000000;122,90000000;113,80000000;118,05000000;-0,34
2020-09-18T00:00:00+00:00;EXCHBEAR/USD;121,95000000;124,10000000;113,30000000;118,45000000;-2,95
2020-09-17T00:00:00+00:00;EXCHBEAR/USD;122,15000000;127,95000000;114,15000000;121,95000000;-0,16
2020-09-16T00:00:00+00:00;EXCHBEAR/USD;129,00000000;136,15000000;116,05000000;122,15000000;-5,61
2020-09-15T00:00:00+00:00;EXCHBEAR/USD;115,85000000;129,95000000;114,75000000;129,00000000;10,19
2020-09-14T00:00:00+00:00;EXCHBEAR/USD;111,15000000;121,30000000;109,25000000;115,85000000;4,06
2020-09-13T00:00:00+00:00;EXCHBEAR/USD;138,15000000;141,45000000;106,50000000;111,15000000;-24,29
2020-09-12T00:00:00+00:00;EXCHBEAR/USD;159,35000000;160,70000000;138,00000000;138,15000000;-15,35
2020-09-11T00:00:00+00:00;EXCHBEAR/USD;168,65000000;179,10000000;157,75000000;159,35000000;-5,84
2020-09-10T00:00:00+00:00;EXCHBEAR/USD;166,25000000;170,60000000;154,95000000;168,65000000;1,42
2020-09-09T00:00:00+00:00;EXCHBEAR/USD;181,85000000;187,80000000;166,25000000;166,25000000;-9,38
2020-09-08T00:00:00+00:00;EXCHBEAR/USD;180,95000000;193,00000000;178,30000000;181,85000000;0,49
2020-09-07T00:00:00+00:00;EXCHBEAR/USD;174,35000000;206,00000000;173,05000000;180,95000000;3,65
2020-09-06T00:00:00+00:00;EXCHBEAR/USD;233,40000000;239,45000000;173,05000000;174,35000000;-33,87
2020-09-05T00:00:00+00:00;EXCHBEAR/USD;213,60000000;244,15000000;204,70000000;233,40000000;8,48
2020-09-04T00:00:00+00:00;EXCHBEAR/USD;215,40000000;229,05000000;199,40000000;213,60000000;-0,84
2020-09-03T00:00:00+00:00;EXCHBEAR/USD;167,80000000;215,40000000;161,50000000;215,40000000;22,1
2020-09-02T00:00:00+00:00;EXCHBEAR/USD;157,65000000;184,90000000;153,70000000;167,80000000;6,05
2020-09-01T00:00:00+00:00;EXCHBEAR/USD;180,45000000;186,05000000;152,30000000;157,65000000;-14,46
2020-08-31T00:00:00+00:00;EXCHBEAR/USD;188,65000000;191,65000000;177,40000000;180,45000000;-4,54
2020-08-30T00:00:00+00:00;EXCHBEAR/USD;195,50000000;198,20000000;188,30000000;188,65000000;-3,63
2020-08-29T00:00:00+00:00;EXCHBEAR/USD;193,55000000;197,00000000;193,40000000;195,50000000;1,0
2020-08-28T00:00:00+00:00;EXCHBEAR/USD;197,45000000;200,70000000;193,00000000;193,55000000;-2,01
2020-08-27T00:00:00+00:00;EXCHBEAR/USD;190,35000000;207,50000000;188,50000000;197,45000000;3,6
2020-08-26T00:00:00+00:00;EXCHBEAR/USD;204,85000000;207,20000000;182,90000000;190,35000000;-7,62
2020-08-25T00:00:00+00:00;EXCHBEAR/USD;202,45000000;215,00000000;192,70000000;204,85000000;1,17
2020-08-24T00:00:00+00:00;EXCHBEAR/USD;211,60000000;214,80000000;199,40000000;202,45000000;-4,52
2020-08-23T00:00:00+00:00;EXCHBEAR/USD;209,90000000;216,10000000;209,30000000;211,60000000;0,8
2020-08-22T00:00:00+00:00;EXCHBEAR/USD;212,00000000;220,60000000;209,70000000;209,90000000;-1,0
2020-08-21T00:00:00+00:00;EXCHBEAR/USD;197,15000000;212,00000000;192,40000000;212,00000000;7,0
2020-08-20T00:00:00+00:00;EXCHBEAR/USD;218,30000000;218,65000000;193,90000000;197,15000000;-10,73
2020-08-19T00:00:00+00:00;EXCHBEAR/USD;203,40000000;221,40000000;199,65000000;218,30000000;6,83
2020-08-18T00:00:00+00:00;EXCHBEAR/USD;187,30000000;205,90000000;185,65000000;203,40000000;7,92
2020-08-17T00:00:00+00:00;EXCHBEAR/USD;184,75000000;190,05000000;184,15000000;187,30000000;1,36
2020-08-16T00:00:00+00:00;EXCHBEAR/USD;179,65000000;190,15000000;176,05000000;184,75000000;2,76
2020-08-15T00:00:00+00:00;EXCHBEAR/USD;207,10000000;210,90000000;172,70000000;181,25000000;-14,26
2020-08-14T00:00:00+00:00;EXCHBEAR/USD;225,70000000;230,75000000;202,30000000;207,10000000;-8,98
2020-08-13T00:00:00+00:00;EXCHBEAR/USD;238,80000000;242,70000000;225,30000000;225,70000000;-5,8
2020-08-12T00:00:00+00:00;EXCHBEAR/USD;234,20000000;244,30000000;230,00000000;238,80000000;1,93
2020-08-11T00:00:00+00:00;EXCHBEAR/USD;215,30000000;242,60000000;213,50000000;234,20000000;8,07
2020-08-10T00:00:00+00:00;EXCHBEAR/USD;214,15000000;215,45000000;209,65000000;215,30000000;0,53
2020-08-09T00:00:00+00:00;EXCHBEAR/USD;211,45000000;220,30000000;209,65000000;214,15000000;1,26
2020-08-08T00:00:00+00:00;EXCHBEAR/USD;216,70000000;220,30000000;210,90000000;211,45000000;-2,48
2020-08-07T00:00:00+00:00;EXCHBEAR/USD;204,65000000;219,55000000;203,45000000;216,70000000;5,56
2020-08-06T00:00:00+00:00;EXCHBEAR/USD;200,80000000;209,75000000;200,10000000;204,65000000;1,88
2020-08-05T00:00:00+00:00;EXCHBEAR/USD;211,55000000;218,70000000;200,30000000;200,80000000;-5,35
2020-08-04T00:00:00+00:00;EXCHBEAR/USD;217,95000000;219,70000000;201,10000000;211,55000000;-3,03
2020-08-03T00:00:00+00:00;EXCHBEAR/USD;243,00000000;249,70000000;209,80000000;217,95000000;-11,49
2020-08-02T00:00:00+00:00;EXCHBEAR/USD;216,85000000;246,80000000;208,85000000;243,00000000;10,76
2020-08-01T00:00:00+00:00;EXCHBEAR/USD;243,00000000;243,40000000;214,90000000;216,85000000;-12,06
2020-07-31T00:00:00+00:00;EXCHBEAR/USD;245,10000000;252,10000000;243,00000000;243,00000000;-0,86
2020-07-30T00:00:00+00:00;EXCHBEAR/USD;246,10000000;255,30000000;243,00000000;245,10000000;-0,41
2020-07-29T00:00:00+00:00;EXCHBEAR/USD;246,10000000;247,20000000;245,70000000;246,10000000;0,0
2020-07-28T00:00:00+00:00;EXCHBEAR/USD;246,10000000;252,40000000;239,00000000;246,10000000;0,0
2020-07-27T00:00:00+00:00;EXCHBEAR/USD;270,50000000;292,60000000;242,50000000;246,10000000;-9,91
2020-07-26T00:00:00+00:00;EXCHBEAR/USD;273,20000000;280,20000000;258,20000000;270,50000000;-1,0
2020-07-25T00:00:00+00:00;EXCHBEAR/USD;292,60000000;292,60000000;272,10000000;273,20000000;-7,1
2020-07-24T00:00:00+00:00;EXCHBEAR/USD;279,20000000;296,10000000;279,20000000;292,60000000;4,58
2020-07-23T00:00:00+00:00;EXCHBEAR/USD;296,00000000;298,40000000;279,20000000;279,20000000;-6,02
2020-07-22T00:00:00+00:00;EXCHBEAR/USD;310,30000000;312,30000000;293,60000000;296,00000000;-4,83
2020-07-21T00:00:00+00:00;EXCHBEAR/USD;312,30000000;315,10000000;305,60000000;310,30000000;-0,64
2020-07-20T00:00:00+00:00;EXCHBEAR/USD;316,20000000;318,80000000;308,20000000;312,30000000;-1,25
2020-07-19T00:00:00+00:00;EXCHBEAR/USD;324,10000000;329,30000000;315,30000000;316,20000000;-2,5
2020-07-18T00:00:00+00:00;EXCHBEAR/USD;320,10000000;326,30000000;318,60000000;324,10000000;1,23
2020-07-17T00:00:00+00:00;EXCHBEAR/USD;325,50000000;327,40000000;317,40000000;320,10000000;-1,69
2020-07-16T00:00:00+00:00;EXCHBEAR/USD;318,60000000;338,40000000;315,70000000;325,50000000;2,12
2020-07-15T00:00:00+00:00;EXCHBEAR/USD;318,60000000;325,80000000;313,40000000;318,60000000;0,0
2020-07-14T00:00:00+00:00;EXCHBEAR/USD;318,60000000;326,80000000;310,80000000;318,60000000;0,0
2020-07-13T00:00:00+00:00;EXCHBEAR/USD;322,30000000;331,40000000;310,20000000;318,60000000;-1,16
2020-07-12T00:00:00+00:00;EXCHBEAR/USD;316,60000000;328,80000000;304,40000000;322,30000000;1,77
2020-07-11T00:00:00+00:00;EXCHBEAR/USD;313,80000000;327,70000000;309,10000000;316,60000000;0,88
2020-07-10T00:00:00+00:00;EXCHBEAR/USD;319,10000000;343,40000000;313,50000000;313,80000000;-1,69
2020-07-09T00:00:00+00:00;EXCHBEAR/USD;300,60000000;325,90000000;300,40000000;319,10000000;5,8
2020-07-08T00:00:00+00:00;EXCHBEAR/USD;318,60000000;322,40000000;298,40000000;300,60000000;-5,99
2020-07-07T00:00:00+00:00;EXCHBEAR/USD;312,00000000;322,40000000;305,80000000;318,60000000;2,07
2020-07-06T00:00:00+00:00;EXCHBEAR/USD;361,50000000;362,00000000;311,30000000;312,00000000;-15,87
2020-07-05T00:00:00+00:00;EXCHBEAR/USD;345,20000000;369,80000000;345,20000000;361,50000000;4,51
2020-07-04T00:00:00+00:00;EXCHBEAR/USD;349,40000000;353,50000000;345,10000000;345,20000000;-1,22
2020-07-03T00:00:00+00:00;EXCHBEAR/USD;350,40000000;351,30000000;345,20000000;349,40000000;-0,29
2020-07-02T00:00:00+00:00;EXCHBEAR/USD;339,20000000;359,10000000;336,00000000;350,40000000;3,2
2020-07-01T00:00:00+00:00;EXCHBEAR/USD;341,50000000;351,00000000;333,50000000;339,20000000;-0,68
2020-06-30T00:00:00+00:00;EXCHBEAR/USD;334,40000000;355,00000000;332,60000000;341,50000000;2,08
2020-06-29T00:00:00+00:00;EXCHBEAR/USD;348,10000000;354,30000000;330,40000000;334,40000000;-4,1
2020-06-28T00:00:00+00:00;EXCHBEAR/USD;360,50000000;364,80000000;344,00000000;348,10000000;-3,56
2020-06-27T00:00:00+00:00;EXCHBEAR/USD;337,30000000;363,10000000;335,50000000;360,50000000;6,44
2020-06-26T00:00:00+00:00;EXCHBEAR/USD;341,10000000;353,10000000;335,50000000;337,30000000;-1,13
2020-06-25T00:00:00+00:00;EXCHBEAR/USD;346,70000000;362,20000000;337,60000000;341,10000000;-1,64
2020-06-24T00:00:00+00:00;EXCHBEAR/USD;343,30000000;358,20000000;325,50000000;346,70000000;0,98
2020-06-23T00:00:00+00:00;EXCHBEAR/USD;341,30000000;353,00000000;339,40000000;343,30000000;0,58
2020-06-22T00:00:00+00:00;EXCHBEAR/USD;387,60000000;389,30000000;335,90000000;341,30000000;-13,57
2020-06-21T00:00:00+00:00;EXCHBEAR/USD;380,10000000;388,20000000;374,60000000;387,60000000;1,93
2020-06-20T00:00:00+00:00;EXCHBEAR/USD;378,00000000;391,20000000;377,00000000;380,10000000;0,55
2020-06-19T00:00:00+00:00;EXCHBEAR/USD;375,80000000;387,40000000;371,40000000;378,00000000;0,58
2020-06-18T00:00:00+00:00;EXCHBEAR/USD;372,60000000;381,20000000;369,00000000;375,80000000;0,85
2020-06-17T00:00:00+00:00;EXCHBEAR/USD;363,10000000;382,90000000;359,90000000;372,60000000;2,55
2020-06-16T00:00:00+00:00;EXCHBEAR/USD;365,50000000;374,80000000;358,90000000;363,10000000;-0,66
2020-06-15T00:00:00+00:00;EXCHBEAR/USD;349,40000000;387,70000000;346,40000000;365,50000000;4,4
2020-06-14T00:00:00+00:00;EXCHBEAR/USD;325,20000000;354,20000000;324,90000000;349,40000000;6,93
2020-06-13T00:00:00+00:00;EXCHBEAR/USD;320,00000000;332,00000000;319,00000000;325,20000000;1,6
2020-06-12T00:00:00+00:00;EXCHBEAR/USD;332,30000000;336,90000000;314,00000000;320,00000000;-3,84
2020-06-11T00:00:00+00:00;EXCHBEAR/USD;295,10000000;346,40000000;292,30000000;332,30000000;11,19
2020-06-10T00:00:00+00:00;EXCHBEAR/USD;294,90000000;301,30000000;292,10000000;295,10000000;0,07
2020-06-09T00:00:00+00:00;EXCHBEAR/USD;294,90000000;302,00000000;291,10000000;294,90000000;0,0
2020-06-08T00:00:00+00:00;EXCHBEAR/USD;288,70000000;313,10000000;287,10000000;294,90000000;2,1
2020-06-07T00:00:00+00:00;EXCHBEAR/USD;283,70000000;310,10000000;272,30000000;288,70000000;1,73
2020-06-06T00:00:00+00:00;EXCHBEAR/USD;300,30000000;306,90000000;283,70000000;283,70000000;-5,85
2020-06-05T00:00:00+00:00;EXCHBEAR/USD;313,10000000;314,20000000;287,80000000;300,30000000;-4,26
2020-06-04T00:00:00+00:00;EXCHBEAR/USD;321,40000000;329,40000000;311,00000000;313,10000000;-2,65
2020-06-03T00:00:00+00:00;EXCHBEAR/USD;352,30000000;356,50000000;320,30000000;321,40000000;-9,61
2020-06-02T00:00:00+00:00;EXCHBEAR/USD;342,80000000;374,60000000;319,40000000;352,30000000;2,7
2020-06-01T00:00:00+00:00;EXCHBEAR/USD;370,60000000;372,40000000;332,30000000;342,80000000;-8,11
2020-05-31T00:00:00+00:00;EXCHBEAR/USD;355,70000000;375,60000000;352,50000000;370,60000000;4,02
2020-05-30T00:00:00+00:00;EXCHBEAR/USD;382,70000000;391,10000000;354,90000000;355,70000000;-7,59
2020-05-29T00:00:00+00:00;EXCHBEAR/USD;379,00000000;394,30000000;378,70000000;382,70000000;0,97
2020-05-28T00:00:00+00:00;EXCHBEAR/USD;412,60000000;420,20000000;378,70000000;379,00000000;-8,87
2020-05-27T00:00:00+00:00;EXCHBEAR/USD;434,00000000;437,60000000;412,30000000;412,60000000;-5,19
2020-05-26T00:00:00+00:00;EXCHBEAR/USD;425,60000000;446,70000000;424,20000000;434,00000000;1,94
2020-05-25T00:00:00+00:00;EXCHBEAR/USD;454,30000000;461,20000000;424,20000000;425,60000000;-6,74
2020-05-24T00:00:00+00:00;EXCHBEAR/USD;419,50000000;455,40000000;409,70000000;454,90000000;7,78
2020-05-23T00:00:00+00:00;EXCHBEAR/USD;422,30000000;426,10000000;404,40000000;419,50000000;-0,67
2020-05-22T00:00:00+00:00;EXCHBEAR/USD;451,20000000;458,30000000;415,90000000;422,30000000;-6,84
2020-05-21T00:00:00+00:00;EXCHBEAR/USD;414,90000000;469,60000000;410,10000000;451,20000000;8,05
2020-05-20T00:00:00+00:00;EXCHBEAR/USD;410,30000000;432,30000000;405,10000000;414,90000000;1,11
2020-05-19T00:00:00+00:00;EXCHBEAR/USD;418,10000000;431,20000000;409,50000000;410,30000000;-1,9
2020-05-18T00:00:00+00:00;EXCHBEAR/USD;424,50000000;431,10000000;404,80000000;418,10000000;-1,53
2020-05-17T00:00:00+00:00;EXCHBEAR/USD;448,30000000;452,30000000;414,30000000;424,50000000;-5,61
2020-05-16T00:00:00+00:00;EXCHBEAR/USD;455,60000000;462,30000000;434,30000000;448,30000000;-1,63
2020-05-15T00:00:00+00:00;EXCHBEAR/USD;435,50000000;465,10000000;431,80000000;455,60000000;4,41
2020-05-14T00:00:00+00:00;EXCHBEAR/USD;471,10000000;485,90000000;434,30000000;435,50000000;-8,17
2020-05-13T00:00:00+00:00;EXCHBEAR/USD;496,30000000;499,00000000;463,00000000;471,10000000;-5,35
2020-05-12T00:00:00+00:00;EXCHBEAR/USD;530,50000000;535,50000000;489,25000000;496,30000000;-6,89
2020-05-11T00:00:00+00:00;EXCHBEAR/USD;546,00000000;582,25000000;513,25000000;530,50000000;-2,92
2020-05-10T00:00:00+00:00;EXCHBEAR/USD;476,80000000;595,50000000;476,80000000;546,00000000;12,67
2020-05-09T00:00:00+00:00;EXCHBEAR/USD;462,50000000;479,70000000;452,00000000;476,80000000;3,0
2020-05-08T00:00:00+00:00;EXCHBEAR/USD;466,20000000;471,10000000;451,80000000;462,50000000;-0,8
2020-05-07T00:00:00+00:00;EXCHBEAR/USD;516,30000000;525,60000000;462,80000000;466,20000000;-10,75
2020-05-06T00:00:00+00:00;EXCHBEAR/USD;504,40000000;521,50000000;478,10000000;516,30000000;2,3
2020-05-05T00:00:00+00:00;EXCHBEAR/USD;503,80000000;520,00000000;479,90000000;504,40000000;0,12
2020-05-04T00:00:00+00:00;EXCHBEAR/USD;494,70000000;541,50000000;487,00000000;503,80000000;1,81
2020-05-03T00:00:00+00:00;EXCHBEAR/USD;472,30000000;510,70000000;457,20000000;494,70000000;4,53
2020-05-02T00:00:00+00:00;EXCHBEAR/USD;495,30000000;499,60000000;472,00000000;472,30000000;-4,87
2020-05-01T00:00:00+00:00;EXCHBEAR/USD;513,20000000;513,30000000;469,70000000;495,30000000;-3,61
2020-04-30T00:00:00+00:00;EXCHBEAR/USD;499,70000000;535,50000000;440,50000000;513,20000000;2,63
2020-04-29T00:00:00+00:00;EXCHBEAR/USD;584,75000000;584,75000000;499,60000000;499,70000000;-17,02
2020-04-28T00:00:00+00:00;EXCHBEAR/USD;576,50000000;590,25000000;576,50000000;584,25000000;1,33
2020-04-27T00:00:00+00:00;EXCHBEAR/USD;583,50000000;590,75000000;569,50000000;576,50000000;-1,21
2020-04-26T00:00:00+00:00;EXCHBEAR/USD;589,75000000;601,75000000;572,50000000;583,50000000;-1,07
2020-04-25T00:00:00+00:00;EXCHBEAR/USD;600,50000000;607,00000000;572,25000000;589,75000000;-1,82
2020-04-24T00:00:00+00:00;EXCHBEAR/USD;608,00000000;615,25000000;583,75000000;600,50000000;-1,25
2020-04-23T00:00:00+00:00;EXCHBEAR/USD;639,75000000;657,25000000;566,75000000;607,50000000;-5,31
2020-04-22T00:00:00+00:00;EXCHBEAR/USD;717,00000000;721,50000000;628,00000000;639,75000000;-12,08
2020-04-21T00:00:00+00:00;EXCHBEAR/USD;717,00000000;738,75000000;688,25000000;717,00000000;0,0
2020-04-20T00:00:00+00:00;EXCHBEAR/USD;645,25000000;727,25000000;622,75000000;717,00000000;10,01
2020-04-19T00:00:00+00:00;EXCHBEAR/USD;608,25000000;652,50000000;608,25000000;645,25000000;5,73
2020-04-18T00:00:00+00:00;EXCHBEAR/USD;660,50000000;661,25000000;600,00000000;608,25000000;-8,59
2020-04-17T00:00:00+00:00;EXCHBEAR/USD;649,50000000;673,25000000;642,50000000;660,50000000;1,67
2020-04-16T00:00:00+00:00;EXCHBEAR/USD;766,25000000;799,50000000;636,50000000;649,50000000;-17,98
2020-04-15T00:00:00+00:00;EXCHBEAR/USD;718,50000000;768,50000000;693,00000000;766,25000000;6,23
2020-04-14T00:00:00+00:00;EXCHBEAR/USD;745,25000000;748,00000000;691,75000000;718,50000000;-3,72
2020-04-13T00:00:00+00:00;EXCHBEAR/USD;757,25000000;810,50000000;740,75000000;745,25000000;-1,61
2020-04-12T00:00:00+00:00;EXCHBEAR/USD;788,75000000;808,00000000;695,50000000;757,25000000;-4,16
2020-04-11T00:00:00+00:00;EXCHBEAR/USD;789,50000000;813,50000000;744,00000000;788,75000000;-0,1
2020-04-10T00:00:00+00:00;EXCHBEAR/USD;680,50000000;828,00000000;679,25000000;789,50000000;13,81
2020-04-09T00:00:00+00:00;EXCHBEAR/USD;673,75000000;696,75000000;664,50000000;680,50000000;0,99
2020-04-08T00:00:00+00:00;EXCHBEAR/USD;706,75000000;715,00000000;652,50000000;673,75000000;-4,9
2020-04-07T00:00:00+00:00;EXCHBEAR/USD;688,00000000;733,25000000;645,00000000;706,25000000;2,58
2020-04-06T00:00:00+00:00;EXCHBEAR/USD;806,25000000;806,75000000;686,00000000;688,00000000;-17,19
2020-04-05T00:00:00+00:00;EXCHBEAR/USD;790,75000000;825,25000000;769,00000000;806,25000000;1,92
2020-04-04T00:00:00+00:00;EXCHBEAR/USD;861,50000000;892,50000000;768,00000000;790,75000000;-8,95
2020-04-03T00:00:00+00:00;EXCHBEAR/USD;891,50000000;916,75000000;840,50000000;861,50000000;-3,48
2020-04-02T00:00:00+00:00;EXCHBEAR/USD;934,00000000;946,00000000;812,25000000;891,50000000;-4,77
2020-04-01T00:00:00+00:00;EXCHBEAR/USD;972,25000000;1029,50000000;928,50000000;934,00000000;-4,1
2020-03-31T00:00:00+00:00;EXCHBEAR/USD;1023,50000000;1026,50000000;947,25000000;972,25000000;-5,27
2020-03-30T00:00:00+00:00;EXCHBEAR/USD;1238,00000000;1246,50000000;967,25000000;1023,50000000;-20,96
2020-03-29T00:00:00+00:00;EXCHBEAR/USD;1132,00000000;1240,50000000;1122,00000000;1238,00000000;8,56
2020-03-28T00:00:00+00:00;EXCHBEAR/USD;1135,00000000;1226,00000000;1105,50000000;1132,00000000;-0,27
2020-03-27T00:00:00+00:00;EXCHBEAR/USD;1038,00000000;1146,00000000;1006,75000000;1135,00000000;8,55
2020-03-26T00:00:00+00:00;EXCHBEAR/USD;1083,00000000;1124,50000000;1031,25000000;1038,00000000;-4,34
2020-03-25T00:00:00+00:00;EXCHBEAR/USD;1068,00000000;1138,50000000;1015,50000000;1083,00000000;1,39
2020-03-24T00:00:00+00:00;EXCHBEAR/USD;1107,50000000;1130,00000000;1020,00000000;1068,00000000;-3,7
2020-03-23T00:00:00+00:00;EXCHBEAR/USD;1341,00000000;1375,50000000;1060,50000000;1106,50000000;-21,19
2020-03-22T00:00:00+00:00;EXCHBEAR/USD;1151,50000000;1366,00000000;1093,50000000;1339,00000000;14,0
2020-03-21T00:00:00+00:00;EXCHBEAR/USD;1196,00000000;1326,00000000;1098,50000000;1151,50000000;-3,86
2020-03-20T00:00:00+00:00;EXCHBEAR/USD;1302,00000000;1354,25000000;950,00000000;1196,00000000;-8,86
2020-03-19T00:00:00+00:00;EXCHBEAR/USD;1937,50000000;2006,50000000;1204,50000000;1302,00000000;-48,81
2020-03-18T00:00:00+00:00;EXCHBEAR/USD;2088,00000000;2307,00000000;1905,00000000;1937,50000000;-7,77
2020-03-17T00:00:00+00:00;EXCHBEAR/USD;2447,00000000;2516,00000000;1933,50000000;2084,50000000;-17,39
2020-03-16T00:00:00+00:00;EXCHBEAR/USD;1989,50000000;2882,50000000;1989,50000000;2447,00000000;18,7
2020-03-15T00:00:00+00:00;EXCHBEAR/USD;2685,00000000;2730,00000000;1776,00000000;1989,50000000;-34,96
2020-03-14T00:00:00+00:00;EXCHBEAR/USD;2516,00000000;2775,00000000;2305,00000000;2685,00000000;6,29
2020-03-13T00:00:00+00:00;EXCHBEAR/USD;3908,00000000;6169,00000000;2349,00000000;2524,00000000;-54,83
2020-03-12T00:00:00+00:00;EXCHBEAR/USD;1960,50000000;4030,00000000;1950,50000000;3908,00000000;49,83
2020-03-11T00:00:00+00:00;EXCHBEAR/USD;1903,00000000;2182,50000000;1855,00000000;1959,50000000;2,88
2020-03-10T00:00:00+00:00;EXCHBEAR/USD;1891,00000000;2024,50000000;1775,00000000;1903,50000000;0,66
2020-03-09T00:00:00+00:00;EXCHBEAR/USD;1743,50000000;2118,50000000;1686,00000000;1889,00000000;7,7
2020-03-08T00:00:00+00:00;EXCHBEAR/USD;1352,50000000;1760,00000000;1352,50000000;1743,50000000;22,43
2020-03-07T00:00:00+00:00;EXCHBEAR/USD;1244,50000000;1365,50000000;1227,50000000;1352,50000000;7,99
2020-03-06T00:00:00+00:00;EXCHBEAR/USD;1281,00000000;1317,50000000;1220,00000000;1244,50000000;-2,93
2020-03-05T00:00:00+00:00;EXCHBEAR/USD;1349,00000000;1354,00000000;1191,00000000;1281,00000000;-5,31
2020-03-04T00:00:00+00:00;EXCHBEAR/USD;1339,50000000;1389,50000000;1312,00000000;1349,00000000;0,7
2020-03-03T00:00:00+00:00;EXCHBEAR/USD;1213,00000000;1378,50000000;1211,50000000;1339,50000000;9,44
2020-03-02T00:00:00+00:00;EXCHBEAR/USD;1392,50000000;1421,50000000;1199,00000000;1213,00000000;-14,8
2020-03-01T00:00:00+00:00;EXCHBEAR/USD;1246,50000000;1439,00000000;1177,00000000;1392,50000000;10,48
2020-02-29T00:00:00+00:00;EXCHBEAR/USD;1379,00000000;1379,50000000;990,50000000;1246,50000000;-10,63
2020-02-28T00:00:00+00:00;EXCHBEAR/USD;1519,50000000;1681,50000000;1292,00000000;1379,00000000;-10,19
2020-02-27T00:00:00+00:00;EXCHBEAR/USD;1537,00000000;1754,50000000;1425,50000000;1519,50000000;-1,15
2020-02-26T00:00:00+00:00;EXCHBEAR/USD;1466,50000000;1818,50000000;1439,00000000;1539,00000000;4,71
2020-02-25T00:00:00+00:00;EXCHBEAR/USD;1177,00000000;1478,00000000;1175,00000000;1464,50000000;19,63
2020-02-24T00:00:00+00:00;EXCHBEAR/USD;1046,25000000;1256,00000000;1032,00000000;1177,00000000;11,11
2020-02-23T00:00:00+00:00;EXCHBEAR/USD;1356,50000000;1357,50000000;1039,75000000;1046,25000000;-29,65
2020-02-22T00:00:00+00:00;EXCHBEAR/USD;1109,50000000;1388,50000000;1096,00000000;1356,50000000;18,21
2020-02-21T00:00:00+00:00;EXCHBEAR/USD;1117,50000000;1141,00000000;1029,50000000;1110,50000000;-0,63
2020-02-20T00:00:00+00:00;EXCHBEAR/USD;1074,50000000;1203,00000000;1021,00000000;1116,50000000;3,76
2020-02-19T00:00:00+00:00;EXCHBEAR/USD;1003,75000000;1084,50000000;849,50000000;1074,50000000;6,58
2020-02-18T00:00:00+00:00;EXCHBEAR/USD;1070,50000000;1171,00000000;983,00000000;1004,50000000;-6,57
2020-02-17T00:00:00+00:00;EXCHBEAR/USD;1027,75000000;1270,50000000;1013,25000000;1070,50000000;3,99
2020-02-16T00:00:00+00:00;EXCHBEAR/USD;1069,00000000;1164,25000000;840,00000000;1027,25000000;-4,06
2020-02-15T00:00:00+00:00;EXCHBEAR/USD;1037,00000000;1179,50000000;875,75000000;1067,50000000;2,86
2020-02-14T00:00:00+00:00;EXCHBEAR/USD;1232,00000000;1253,00000000;1033,50000000;1037,00000000;-18,8
2020-02-13T00:00:00+00:00;EXCHBEAR/USD;1164,50000000;1348,00000000;1063,00000000;1232,00000000;5,48
2020-02-12T00:00:00+00:00;EXCHBEAR/USD;1300,00000000;1373,50000000;1125,00000000;1164,50000000;-11,64
2020-02-11T00:00:00+00:00;EXCHBEAR/USD;1359,50000000;1493,50000000;1240,00000000;1300,00000000;-4,58
2020-02-10T00:00:00+00:00;EXCHBEAR/USD;2422,00000000;2530,00000000;1284,50000000;1359,50000000;-78,15
2020-02-09T00:00:00+00:00;EXCHBEAR/USD;2872,00000000;2896,00000000;2418,00000000;2422,00000000;-18,58
2020-02-08T00:00:00+00:00;EXCHBEAR/USD;2786,00000000;3120,00000000;2748,00000000;2872,00000000;2,99
2020-02-07T00:00:00+00:00;EXCHBEAR/USD;3125,00000000;3145,00000000;2688,00000000;2786,00000000;-12,17
2020-02-06T00:00:00+00:00;EXCHBEAR/USD;3680,00000000;3756,00000000;3022,00000000;3125,00000000;-17,76
2020-02-05T00:00:00+00:00;EXCHBEAR/USD;4346,00000000;4361,00000000;3564,00000000;3680,00000000;-18,1
2020-02-04T00:00:00+00:00;EXCHBEAR/USD;4267,00000000;4543,00000000;4203,00000000;4346,00000000;1,82
2020-02-03T00:00:00+00:00;EXCHBEAR/USD;4324,00000000;4369,00000000;4075,00000000;4267,00000000;-1,34
2020-02-02T00:00:00+00:00;EXCHBEAR/USD;4412,00000000;4645,00000000;4151,00000000;4324,00000000;-2,04
2020-02-01T00:00:00+00:00;EXCHBEAR/USD;4553,00000000;4579,00000000;4309,00000000;4412,00000000;-3,2
2020-01-31T00:00:00+00:00;EXCHBEAR/USD;4387,00000000;4789,00000000;4233,00000000;4556,00000000;3,71
2020-01-30T00:00:00+00:00;EXCHBEAR/USD;4671,00000000;4837,00000000;4332,00000000;4387,00000000;-6,47
2020-01-29T00:00:00+00:00;EXCHBEAR/USD;4886,00000000;4918,00000000;4467,00000000;4674,00000000;-4,54
2020-01-28T00:00:00+00:00;EXCHBEAR/USD;5236,00000000;5270,00000000;4843,00000000;4886,00000000;-7,16
2020-01-27T00:00:00+00:00;EXCHBEAR/USD;5482,50000000;5492,50000000;5090,00000000;5236,00000000;-4,71
2020-01-26T00:00:00+00:00;EXCHBEAR/USD;5807,50000000;5852,50000000;5455,00000000;5482,50000000;-5,93
2020-01-25T00:00:00+00:00;EXCHBEAR/USD;5537,50000000;5870,00000000;5532,50000000;5807,50000000;4,65
2020-01-24T00:00:00+00:00;EXCHBEAR/USD;5732,50000000;5940,00000000;5405,00000000;5537,50000000;-3,52
2020-01-23T00:00:00+00:00;EXCHBEAR/USD;5266,00000000;6049,00000000;5262,00000000;5732,50000000;8,14
2020-01-22T00:00:00+00:00;EXCHBEAR/USD;5104,00000000;5343,00000000;4947,00000000;5266,00000000;3,08
2020-01-21T00:00:00+00:00;EXCHBEAR/USD;5475,00000000;5517,50000000;4995,00000000;5104,00000000;-7,27
2020-01-20T00:00:00+00:00;EXCHBEAR/USD;5435,00000000;5665,00000000;5315,00000000;5475,00000000;0,73
2020-01-19T00:00:00+00:00;EXCHBEAR/USD;5239,00000000;5693,00000000;4587,00000000;5435,00000000;3,61
2020-01-18T00:00:00+00:00;EXCHBEAR/USD;4904,00000000;5255,00000000;4781,00000000;5239,00000000;6,39
2020-01-17T00:00:00+00:00;EXCHBEAR/USD;5180,00000000;5189,00000000;4658,00000000;4902,00000000;-5,67
2020-01-16T00:00:00+00:00;EXCHBEAR/USD;4768,00000000;5429,00000000;4721,00000000;5180,00000000;7,95
2020-01-15T00:00:00+00:00;EXCHBEAR/USD;5241,00000000;5492,50000000;4267,50000000;4768,00000000;-9,92
2020-01-14T00:00:00+00:00;EXCHBEAR/USD;6557,50000000;6557,50000000;5119,00000000;5241,00000000;-25,12
2020-01-13T00:00:00+00:00;EXCHBEAR/USD;6332,50000000;6647,50000000;6322,50000000;6557,50000000;3,43
2020-01-12T00:00:00+00:00;EXCHBEAR/USD;6357,50000000;6482,50000000;6147,50000000;6332,50000000;-0,39
2020-01-11T00:00:00+00:00;EXCHBEAR/USD;6282,50000000;6532,50000000;5997,50000000;6352,50000000;1,1
2020-01-10T00:00:00+00:00;EXCHBEAR/USD;6807,50000000;7167,50000000;6285,00000000;6290,00000000;-8,23
2020-01-09T00:00:00+00:00;EXCHBEAR/USD;6650,00000000;7027,50000000;6592,50000000;6812,50000000;2,39
2020-01-08T00:00:00+00:00;EXCHBEAR/USD;6337,50000000;6800,00000000;5997,50000000;6650,00000000;4,7
2020-01-07T00:00:00+00:00;EXCHBEAR/USD;6780,00000000;6872,50000000;6277,50000000;6335,00000000;-7,02

