DATE/TIME;SYMBOL;OPEN;HIGH;LOW;CLOSE;EVOL % CLOSE/HIGH
2022-01-05T00:00:00+00:00;USDTHEDGE/USD;4283,50000000;4283,50000000;4276,00000000;4281,75000000;-0,04
2022-01-04T00:00:00+00:00;USDTHEDGE/USD;4286,50000000;4293,75000000;4279,25000000;4283,50000000;-0,07
2022-01-03T00:00:00+00:00;USDTHEDGE/USD;4284,50000000;4322,50000000;4282,25000000;4286,50000000;0,05
2022-01-02T00:00:00+00:00;USDTHEDGE/USD;4286,50000000;4287,00000000;4283,00000000;4284,50000000;-0,05
2022-01-01T00:00:00+00:00;USDTHEDGE/USD;4287,75000000;4288,50000000;4284,50000000;4286,50000000;-0,03
2021-12-31T00:00:00+00:00;USDTHEDGE/USD;4292,50000000;4307,50000000;4266,75000000;4287,75000000;-0,11
2021-12-30T00:00:00+00:00;USDTHEDGE/USD;4295,50000000;4312,00000000;4289,50000000;4292,50000000;-0,07
2021-12-29T00:00:00+00:00;USDTHEDGE/USD;4296,00000000;4312,00000000;4293,00000000;4295,50000000;-0,01
2021-12-28T00:00:00+00:00;USDTHEDGE/USD;4297,00000000;4307,50000000;4293,50000000;4296,00000000;-0,02
2021-12-27T00:00:00+00:00;USDTHEDGE/USD;4296,00000000;4308,00000000;4294,00000000;4297,00000000;0,02
2021-12-26T00:00:00+00:00;USDTHEDGE/USD;4299,00000000;4306,50000000;4294,50000000;4296,00000000;-0,07
2021-12-25T00:00:00+00:00;USDTHEDGE/USD;4298,50000000;4306,50000000;4297,00000000;4299,00000000;0,01
2021-12-24T00:00:00+00:00;USDTHEDGE/USD;4303,50000000;4312,00000000;4298,50000000;4298,50000000;-0,12
2021-12-23T00:00:00+00:00;USDTHEDGE/USD;4304,50000000;4312,00000000;4298,00000000;4303,50000000;-0,02
2021-12-22T00:00:00+00:00;USDTHEDGE/USD;4303,50000000;4312,00000000;4298,50000000;4304,50000000;0,02
2021-12-21T00:00:00+00:00;USDTHEDGE/USD;4305,50000000;4312,00000000;4303,00000000;4303,50000000;-0,05
2021-12-20T00:00:00+00:00;USDTHEDGE/USD;4305,50000000;4312,00000000;4303,50000000;4305,50000000;0,0
2021-12-19T00:00:00+00:00;USDTHEDGE/USD;4307,00000000;4312,00000000;4305,50000000;4305,50000000;-0,03
2021-12-18T00:00:00+00:00;USDTHEDGE/USD;4310,50000000;4312,00000000;4306,00000000;4307,00000000;-0,08
2021-12-17T00:00:00+00:00;USDTHEDGE/USD;4312,00000000;4312,00000000;4308,00000000;4310,50000000;-0,03
2021-12-16T00:00:00+00:00;USDTHEDGE/USD;4299,50000000;4312,00000000;4299,50000000;4312,00000000;0,29
2021-12-15T00:00:00+00:00;USDTHEDGE/USD;4299,50000000;4299,50000000;4299,50000000;4299,50000000;0,0
2021-12-14T00:00:00+00:00;USDTHEDGE/USD;4299,50000000;4299,50000000;4299,50000000;4299,50000000;0,0
2021-12-13T00:00:00+00:00;USDTHEDGE/USD;4316,50000000;4329,00000000;4299,50000000;4299,50000000;-0,4
2021-12-12T00:00:00+00:00;USDTHEDGE/USD;4320,00000000;4329,00000000;4312,50000000;4316,50000000;-0,08
2021-12-11T00:00:00+00:00;USDTHEDGE/USD;4322,50000000;4329,00000000;4312,00000000;4320,00000000;-0,06
2021-12-10T00:00:00+00:00;USDTHEDGE/USD;4322,00000000;4329,00000000;4314,00000000;4322,50000000;0,01
2021-12-09T00:00:00+00:00;USDTHEDGE/USD;4321,50000000;4329,00000000;4315,00000000;4322,00000000;0,01
2021-12-08T00:00:00+00:00;USDTHEDGE/USD;4325,00000000;4329,00000000;4315,00000000;4321,50000000;-0,08
2021-12-07T00:00:00+00:00;USDTHEDGE/USD;4328,50000000;4329,00000000;4315,50000000;4325,00000000;-0,08
2021-12-06T00:00:00+00:00;USDTHEDGE/USD;4329,00000000;4329,00000000;4317,00000000;4328,50000000;-0,01
2021-12-05T00:00:00+00:00;USDTHEDGE/USD;4329,00000000;4329,00000000;4317,50000000;4329,00000000;0,0
2021-12-04T00:00:00+00:00;USDTHEDGE/USD;4329,50000000;4329,50000000;4321,50000000;4329,00000000;-0,01
2021-12-03T00:00:00+00:00;USDTHEDGE/USD;4336,50000000;4352,50000000;4329,50000000;4329,50000000;-0,16
2021-12-02T00:00:00+00:00;USDTHEDGE/USD;4341,00000000;4352,50000000;4335,50000000;4336,50000000;-0,1
2021-12-01T00:00:00+00:00;USDTHEDGE/USD;4344,00000000;4352,50000000;4340,50000000;4341,00000000;-0,07
2021-11-30T00:00:00+00:00;USDTHEDGE/USD;4348,00000000;4352,50000000;4343,50000000;4344,00000000;-0,09
2021-11-29T00:00:00+00:00;USDTHEDGE/USD;4352,50000000;4352,50000000;4347,50000000;4348,00000000;-0,1
2021-11-28T00:00:00+00:00;USDTHEDGE/USD;4351,50000000;4352,50000000;4350,00000000;4352,50000000;0,02
2021-11-27T00:00:00+00:00;USDTHEDGE/USD;4357,00000000;4363,00000000;4351,50000000;4351,50000000;-0,13
2021-11-26T00:00:00+00:00;USDTHEDGE/USD;4364,00000000;4367,00000000;4356,50000000;4357,00000000;-0,16
2021-11-25T00:00:00+00:00;USDTHEDGE/USD;4370,00000000;4370,00000000;4363,50000000;4364,00000000;-0,14
2021-11-24T00:00:00+00:00;USDTHEDGE/USD;4350,00000000;4370,00000000;4348,00000000;4370,00000000;0,46
2021-11-23T00:00:00+00:00;USDTHEDGE/USD;4348,00000000;4370,00000000;4348,00000000;4350,00000000;0,05
2021-11-22T00:00:00+00:00;USDTHEDGE/USD;4349,00000000;4370,00000000;4346,50000000;4348,00000000;-0,02
2021-11-21T00:00:00+00:00;USDTHEDGE/USD;4351,50000000;4370,00000000;4348,50000000;4349,00000000;-0,06
2021-11-20T00:00:00+00:00;USDTHEDGE/USD;4354,00000000;4370,00000000;4350,50000000;4351,50000000;-0,06
2021-11-19T00:00:00+00:00;USDTHEDGE/USD;4359,50000000;4370,00000000;4353,00000000;4354,00000000;-0,13
2021-11-18T00:00:00+00:00;USDTHEDGE/USD;4360,00000000;4370,00000000;4357,50000000;4359,50000000;-0,01
2021-11-17T00:00:00+00:00;USDTHEDGE/USD;4361,50000000;4370,00000000;4359,50000000;4360,00000000;-0,03
2021-11-16T00:00:00+00:00;USDTHEDGE/USD;4363,50000000;4370,00000000;4359,00000000;4361,50000000;-0,05
2021-11-15T00:00:00+00:00;USDTHEDGE/USD;4364,50000000;4370,00000000;4362,00000000;4363,50000000;-0,02
2021-11-14T00:00:00+00:00;USDTHEDGE/USD;4366,00000000;4370,00000000;4364,00000000;4364,50000000;-0,03
2021-11-13T00:00:00+00:00;USDTHEDGE/USD;4367,50000000;4370,00000000;4365,50000000;4366,00000000;-0,03
2021-11-12T00:00:00+00:00;USDTHEDGE/USD;4369,50000000;4370,00000000;4364,50000000;4367,50000000;-0,05
2021-11-11T00:00:00+00:00;USDTHEDGE/USD;4370,50000000;4370,50000000;4368,50000000;4369,50000000;-0,02
2021-11-10T00:00:00+00:00;USDTHEDGE/USD;4357,00000000;4370,50000000;4353,00000000;4370,50000000;0,31
2021-11-09T00:00:00+00:00;USDTHEDGE/USD;4356,00000000;4357,50000000;4353,00000000;4357,00000000;0,02
2021-11-08T00:00:00+00:00;USDTHEDGE/USD;4371,50000000;4371,50000000;4353,00000000;4356,00000000;-0,36
2021-11-07T00:00:00+00:00;USDTHEDGE/USD;4375,00000000;4384,00000000;4356,00000000;4371,50000000;-0,08
2021-11-06T00:00:00+00:00;USDTHEDGE/USD;4378,50000000;4384,00000000;4371,50000000;4375,00000000;-0,08
2021-11-05T00:00:00+00:00;USDTHEDGE/USD;4382,00000000;4382,00000000;4377,00000000;4378,50000000;-0,08
2021-11-04T00:00:00+00:00;USDTHEDGE/USD;4384,00000000;4384,00000000;4380,00000000;4382,00000000;-0,05
2021-11-03T00:00:00+00:00;USDTHEDGE/USD;4384,00000000;4384,00000000;4378,50000000;4384,00000000;0,0
2021-11-02T00:00:00+00:00;USDTHEDGE/USD;4384,00000000;4384,00000000;4382,00000000;4384,00000000;0,0
2021-11-01T00:00:00+00:00;USDTHEDGE/USD;4384,00000000;4384,00000000;4384,00000000;4384,00000000;0,0
2021-10-31T00:00:00+00:00;USDTHEDGE/USD;4384,00000000;4384,00000000;4384,00000000;4384,00000000;0,0
2021-10-30T00:00:00+00:00;USDTHEDGE/USD;4384,00000000;4384,00000000;4384,00000000;4384,00000000;0,0
2021-10-29T00:00:00+00:00;USDTHEDGE/USD;4384,00000000;4384,00000000;4384,00000000;4384,00000000;0,0
2021-10-28T00:00:00+00:00;USDTHEDGE/USD;4384,00000000;4384,00000000;4384,00000000;4384,00000000;0,0
2021-10-27T00:00:00+00:00;USDTHEDGE/USD;4384,00000000;4384,00000000;4384,00000000;4384,00000000;0,0
2021-10-26T00:00:00+00:00;USDTHEDGE/USD;4384,00000000;4385,50000000;4384,00000000;4384,00000000;0,0
2021-10-25T00:00:00+00:00;USDTHEDGE/USD;4384,00000000;4384,00000000;4384,00000000;4384,00000000;0,0
2021-10-24T00:00:00+00:00;USDTHEDGE/USD;4384,00000000;4384,00000000;4384,00000000;4384,00000000;0,0
2021-10-23T00:00:00+00:00;USDTHEDGE/USD;4385,00000000;4386,00000000;4384,00000000;4384,00000000;-0,02
2021-10-22T00:00:00+00:00;USDTHEDGE/USD;4384,00000000;4386,00000000;4384,00000000;4385,00000000;0,02
2021-10-21T00:00:00+00:00;USDTHEDGE/USD;4390,00000000;4390,00000000;4384,00000000;4384,00000000;-0,14
2021-10-20T00:00:00+00:00;USDTHEDGE/USD;4390,00000000;4390,00000000;4390,00000000;4390,00000000;0,0
2021-10-19T00:00:00+00:00;USDTHEDGE/USD;4390,00000000;4392,50000000;4390,00000000;4390,00000000;0,0
2021-10-18T00:00:00+00:00;USDTHEDGE/USD;4406,50000000;4412,00000000;4390,00000000;4390,00000000;-0,38
2021-10-17T00:00:00+00:00;USDTHEDGE/USD;4408,00000000;4440,50000000;4404,50000000;4406,50000000;-0,03
2021-10-16T00:00:00+00:00;USDTHEDGE/USD;4409,00000000;4440,50000000;4405,50000000;4408,00000000;-0,02
2021-10-15T00:00:00+00:00;USDTHEDGE/USD;4410,00000000;4440,50000000;4406,50000000;4409,00000000;-0,02
2021-10-14T00:00:00+00:00;USDTHEDGE/USD;4411,00000000;4434,00000000;4407,50000000;4410,00000000;-0,02
2021-10-13T00:00:00+00:00;USDTHEDGE/USD;4412,00000000;4436,00000000;4409,00000000;4411,00000000;-0,02
2021-10-12T00:00:00+00:00;USDTHEDGE/USD;4412,00000000;4436,50000000;4409,50000000;4412,00000000;0,0
2021-10-11T00:00:00+00:00;USDTHEDGE/USD;4412,00000000;4434,50000000;4410,00000000;4412,00000000;0,0
2021-10-10T00:00:00+00:00;USDTHEDGE/USD;4414,50000000;4440,50000000;4410,00000000;4412,00000000;-0,06
2021-10-09T00:00:00+00:00;USDTHEDGE/USD;4413,50000000;4440,50000000;4411,50000000;4414,50000000;0,02
2021-10-08T00:00:00+00:00;USDTHEDGE/USD;4417,50000000;4435,00000000;4412,00000000;4413,50000000;-0,09
2021-10-07T00:00:00+00:00;USDTHEDGE/USD;4417,00000000;4440,50000000;4414,00000000;4417,50000000;0,01
2021-10-06T00:00:00+00:00;USDTHEDGE/USD;4418,00000000;4427,00000000;4414,00000000;4417,00000000;-0,02
2021-10-05T00:00:00+00:00;USDTHEDGE/USD;4418,00000000;4440,50000000;4417,00000000;4418,00000000;0,0
2021-10-04T00:00:00+00:00;USDTHEDGE/USD;4419,00000000;4435,00000000;4416,00000000;4418,00000000;-0,02
2021-10-03T00:00:00+00:00;USDTHEDGE/USD;4420,50000000;4426,00000000;4417,00000000;4419,00000000;-0,03
2021-10-02T00:00:00+00:00;USDTHEDGE/USD;4422,50000000;4432,50000000;4418,00000000;4420,50000000;-0,05
2021-10-01T00:00:00+00:00;USDTHEDGE/USD;4424,50000000;4436,00000000;4419,50000000;4422,50000000;-0,05
2021-09-30T00:00:00+00:00;USDTHEDGE/USD;4426,50000000;4440,50000000;4421,00000000;4424,50000000;-0,05
2021-09-29T00:00:00+00:00;USDTHEDGE/USD;4427,00000000;4440,50000000;4422,50000000;4426,50000000;-0,01
2021-09-28T00:00:00+00:00;USDTHEDGE/USD;4427,50000000;4439,50000000;4424,00000000;4427,00000000;-0,01
2021-09-27T00:00:00+00:00;USDTHEDGE/USD;4429,00000000;4440,50000000;4425,50000000;4427,50000000;-0,03
2021-09-26T00:00:00+00:00;USDTHEDGE/USD;4430,50000000;4440,50000000;4427,50000000;4429,00000000;-0,03
2021-09-25T00:00:00+00:00;USDTHEDGE/USD;4436,00000000;4440,50000000;4428,50000000;4430,50000000;-0,12
2021-09-24T00:00:00+00:00;USDTHEDGE/USD;4434,50000000;4440,50000000;4430,00000000;4436,00000000;0,03
2021-09-23T00:00:00+00:00;USDTHEDGE/USD;4438,50000000;4440,50000000;4433,00000000;4434,50000000;-0,09
2021-09-22T00:00:00+00:00;USDTHEDGE/USD;4440,50000000;4440,50000000;4435,50000000;4438,50000000;-0,05
2021-09-21T00:00:00+00:00;USDTHEDGE/USD;4440,50000000;4440,50000000;4438,50000000;4440,50000000;0,0
2021-09-20T00:00:00+00:00;USDTHEDGE/USD;4440,50000000;4440,50000000;4439,00000000;4440,50000000;0,0
2021-09-19T00:00:00+00:00;USDTHEDGE/USD;4440,50000000;4440,50000000;4439,50000000;4440,50000000;0,0
2021-09-18T00:00:00+00:00;USDTHEDGE/USD;4440,50000000;4440,50000000;4440,50000000;4440,50000000;0,0
2021-09-17T00:00:00+00:00;USDTHEDGE/USD;4440,50000000;4440,50000000;4440,50000000;4440,50000000;0,0
2021-09-16T00:00:00+00:00;USDTHEDGE/USD;4440,50000000;4440,50000000;4440,50000000;4440,50000000;0,0
2021-09-15T00:00:00+00:00;USDTHEDGE/USD;4440,50000000;4440,50000000;4440,50000000;4440,50000000;0,0
2021-09-14T00:00:00+00:00;USDTHEDGE/USD;4440,50000000;4440,50000000;4440,50000000;4440,50000000;0,0
2021-09-13T00:00:00+00:00;USDTHEDGE/USD;4441,50000000;4441,50000000;4440,50000000;4440,50000000;-0,02
2021-09-12T00:00:00+00:00;USDTHEDGE/USD;4458,00000000;4465,00000000;4440,50000000;4441,50000000;-0,37
2021-09-11T00:00:00+00:00;USDTHEDGE/USD;4462,00000000;4471,50000000;4456,00000000;4458,00000000;-0,09
2021-09-10T00:00:00+00:00;USDTHEDGE/USD;4463,00000000;4471,50000000;4460,00000000;4462,00000000;-0,02
2021-09-09T00:00:00+00:00;USDTHEDGE/USD;4466,50000000;4471,50000000;4460,00000000;4463,00000000;-0,08
2021-09-08T00:00:00+00:00;USDTHEDGE/USD;4464,00000000;4471,50000000;4459,00000000;4466,50000000;0,06
2021-09-07T00:00:00+00:00;USDTHEDGE/USD;4469,00000000;4471,50000000;4461,50000000;4464,00000000;-0,11
2021-09-06T00:00:00+00:00;USDTHEDGE/USD;4466,50000000;4471,50000000;4461,00000000;4469,00000000;0,06
2021-09-05T00:00:00+00:00;USDTHEDGE/USD;4467,00000000;4471,50000000;4463,50000000;4466,50000000;-0,01
2021-09-04T00:00:00+00:00;USDTHEDGE/USD;4470,00000000;4471,50000000;4466,00000000;4467,00000000;-0,07
2021-09-03T00:00:00+00:00;USDTHEDGE/USD;4471,00000000;4471,50000000;4468,00000000;4470,00000000;-0,02
2021-09-02T00:00:00+00:00;USDTHEDGE/USD;4471,50000000;4471,50000000;4466,50000000;4471,00000000;-0,01
2021-09-01T00:00:00+00:00;USDTHEDGE/USD;4471,50000000;4471,50000000;4469,00000000;4471,50000000;0,0
2021-08-31T00:00:00+00:00;USDTHEDGE/USD;4471,50000000;4471,50000000;4471,50000000;4471,50000000;0,0
2021-08-30T00:00:00+00:00;USDTHEDGE/USD;4471,50000000;4471,50000000;4471,50000000;4471,50000000;0,0
2021-08-29T00:00:00+00:00;USDTHEDGE/USD;4471,50000000;4471,50000000;4471,50000000;4471,50000000;0,0
2021-08-28T00:00:00+00:00;USDTHEDGE/USD;4471,50000000;4471,50000000;4471,50000000;4471,50000000;0,0
2021-08-27T00:00:00+00:00;USDTHEDGE/USD;4471,50000000;4471,50000000;4471,50000000;4471,50000000;0,0
2021-08-26T00:00:00+00:00;USDTHEDGE/USD;4471,50000000;4471,50000000;4471,50000000;4471,50000000;0,0
2021-08-25T00:00:00+00:00;USDTHEDGE/USD;4473,00000000;4473,50000000;4471,50000000;4471,50000000;-0,03
2021-08-24T00:00:00+00:00;USDTHEDGE/USD;4473,00000000;4474,50000000;4471,50000000;4473,00000000;0,0
2021-08-23T00:00:00+00:00;USDTHEDGE/USD;4484,00000000;4484,00000000;4471,50000000;4473,00000000;-0,25
2021-08-22T00:00:00+00:00;USDTHEDGE/USD;4484,00000000;4484,00000000;4484,00000000;4484,00000000;0,0
2021-08-21T00:00:00+00:00;USDTHEDGE/USD;4484,00000000;4484,00000000;4484,00000000;4484,00000000;0,0
2021-08-20T00:00:00+00:00;USDTHEDGE/USD;4484,00000000;4484,00000000;4484,00000000;4484,00000000;0,0
2021-08-19T00:00:00+00:00;USDTHEDGE/USD;4484,00000000;4484,00000000;4484,00000000;4484,00000000;0,0
2021-08-18T00:00:00+00:00;USDTHEDGE/USD;4484,00000000;4484,00000000;4484,00000000;4484,00000000;0,0
2021-08-17T00:00:00+00:00;USDTHEDGE/USD;4484,00000000;4484,50000000;4484,00000000;4484,00000000;0,0
2021-08-16T00:00:00+00:00;USDTHEDGE/USD;4485,00000000;4485,50000000;4484,00000000;4484,00000000;-0,02
2021-08-15T00:00:00+00:00;USDTHEDGE/USD;4501,50000000;4501,50000000;4484,00000000;4485,00000000;-0,37
2021-08-14T00:00:00+00:00;USDTHEDGE/USD;4501,50000000;4501,50000000;4501,50000000;4501,50000000;0,0
2021-08-13T00:00:00+00:00;USDTHEDGE/USD;4501,50000000;4501,50000000;4501,50000000;4501,50000000;0,0
2021-08-12T00:00:00+00:00;USDTHEDGE/USD;4501,50000000;4501,50000000;4501,50000000;4501,50000000;0,0
2021-08-11T00:00:00+00:00;USDTHEDGE/USD;4501,50000000;4501,50000000;4501,50000000;4501,50000000;0,0
2021-08-10T00:00:00+00:00;USDTHEDGE/USD;4501,50000000;4501,50000000;4501,50000000;4501,50000000;0,0
2021-08-09T00:00:00+00:00;USDTHEDGE/USD;4501,50000000;4501,50000000;4501,50000000;4501,50000000;0,0
2021-08-08T00:00:00+00:00;USDTHEDGE/USD;4501,50000000;4501,50000000;4501,50000000;4501,50000000;0,0
2021-08-07T00:00:00+00:00;USDTHEDGE/USD;4522,00000000;4530,00000000;4501,50000000;4501,50000000;-0,46
2021-08-06T00:00:00+00:00;USDTHEDGE/USD;4525,00000000;4536,00000000;4521,00000000;4521,50000000;-0,08
2021-08-05T00:00:00+00:00;USDTHEDGE/USD;4526,50000000;4554,50000000;4523,50000000;4525,00000000;-0,03
2021-08-04T00:00:00+00:00;USDTHEDGE/USD;4528,00000000;4552,00000000;4526,00000000;4526,50000000;-0,03
2021-08-03T00:00:00+00:00;USDTHEDGE/USD;4528,50000000;4552,00000000;4526,50000000;4528,00000000;-0,01
2021-08-02T00:00:00+00:00;USDTHEDGE/USD;4529,50000000;4547,00000000;4528,50000000;4528,50000000;-0,02
2021-08-01T00:00:00+00:00;USDTHEDGE/USD;4531,50000000;4567,00000000;4528,50000000;4529,50000000;-0,04
2021-07-31T00:00:00+00:00;USDTHEDGE/USD;4534,50000000;4578,00000000;4530,50000000;4531,50000000;-0,07
2021-07-30T00:00:00+00:00;USDTHEDGE/USD;4538,00000000;4557,50000000;4533,00000000;4534,50000000;-0,08
2021-07-29T00:00:00+00:00;USDTHEDGE/USD;4542,50000000;4552,50000000;4537,00000000;4538,00000000;-0,1
2021-07-28T00:00:00+00:00;USDTHEDGE/USD;4544,50000000;4573,50000000;4539,50000000;4542,50000000;-0,04
2021-07-27T00:00:00+00:00;USDTHEDGE/USD;4549,00000000;4557,00000000;4541,00000000;4544,50000000;-0,1
2021-07-26T00:00:00+00:00;USDTHEDGE/USD;4543,50000000;4578,00000000;4542,00000000;4549,00000000;0,12
2021-07-25T00:00:00+00:00;USDTHEDGE/USD;4547,50000000;4553,00000000;4543,00000000;4543,50000000;-0,09
2021-07-24T00:00:00+00:00;USDTHEDGE/USD;4550,00000000;4575,50000000;4547,00000000;4547,50000000;-0,05
2021-07-23T00:00:00+00:00;USDTHEDGE/USD;4552,00000000;4558,00000000;4549,00000000;4550,00000000;-0,04
2021-07-22T00:00:00+00:00;USDTHEDGE/USD;4554,50000000;4564,50000000;4551,00000000;4552,00000000;-0,05
2021-07-21T00:00:00+00:00;USDTHEDGE/USD;4556,00000000;4576,00000000;4554,00000000;4554,50000000;-0,03
2021-07-20T00:00:00+00:00;USDTHEDGE/USD;4558,00000000;4578,00000000;4554,50000000;4556,00000000;-0,04
2021-07-19T00:00:00+00:00;USDTHEDGE/USD;4559,50000000;4568,50000000;4556,50000000;4558,00000000;-0,03
2021-07-18T00:00:00+00:00;USDTHEDGE/USD;4561,50000000;4578,00000000;4558,50000000;4559,50000000;-0,04
2021-07-17T00:00:00+00:00;USDTHEDGE/USD;4563,50000000;4578,00000000;4560,00000000;4561,50000000;-0,04
2021-07-16T00:00:00+00:00;USDTHEDGE/USD;4565,50000000;4578,00000000;4562,50000000;4563,50000000;-0,04
2021-07-15T00:00:00+00:00;USDTHEDGE/USD;4567,50000000;4578,00000000;4563,50000000;4565,50000000;-0,04
2021-07-14T00:00:00+00:00;USDTHEDGE/USD;4570,00000000;4578,00000000;4567,00000000;4567,50000000;-0,05
2021-07-13T00:00:00+00:00;USDTHEDGE/USD;4572,00000000;4577,00000000;4569,00000000;4570,00000000;-0,04
2021-07-12T00:00:00+00:00;USDTHEDGE/USD;4572,50000000;4578,00000000;4571,00000000;4572,00000000;-0,01
2021-07-11T00:00:00+00:00;USDTHEDGE/USD;4574,00000000;4578,00000000;4572,00000000;4572,50000000;-0,03
2021-07-10T00:00:00+00:00;USDTHEDGE/USD;4576,50000000;4578,00000000;4573,00000000;4574,00000000;-0,05
2021-07-09T00:00:00+00:00;USDTHEDGE/USD;4577,00000000;4578,00000000;4574,50000000;4576,50000000;-0,01
2021-07-08T00:00:00+00:00;USDTHEDGE/USD;4577,00000000;4578,00000000;4575,00000000;4577,00000000;0,0
2021-07-07T00:00:00+00:00;USDTHEDGE/USD;4578,00000000;4578,00000000;4575,50000000;4577,00000000;-0,02
2021-07-06T00:00:00+00:00;USDTHEDGE/USD;4578,00000000;4578,00000000;4576,00000000;4578,00000000;0,0
2021-07-05T00:00:00+00:00;USDTHEDGE/USD;4578,00000000;4578,00000000;4578,00000000;4578,00000000;0,0
2021-07-04T00:00:00+00:00;USDTHEDGE/USD;4578,00000000;4578,00000000;4578,00000000;4578,00000000;0,0
2021-07-03T00:00:00+00:00;USDTHEDGE/USD;4578,00000000;4578,00000000;4578,00000000;4578,00000000;0,0
2021-07-02T00:00:00+00:00;USDTHEDGE/USD;4578,00000000;4578,00000000;4578,00000000;4578,00000000;0,0
2021-07-01T00:00:00+00:00;USDTHEDGE/USD;4578,00000000;4578,00000000;4578,00000000;4578,00000000;0,0
2021-06-30T00:00:00+00:00;USDTHEDGE/USD;4578,00000000;4578,00000000;4578,00000000;4578,00000000;0,0
2021-06-29T00:00:00+00:00;USDTHEDGE/USD;4578,00000000;4578,00000000;4578,00000000;4578,00000000;0,0
2021-06-28T00:00:00+00:00;USDTHEDGE/USD;4578,00000000;4578,00000000;4578,00000000;4578,00000000;0,0
2021-06-27T00:00:00+00:00;USDTHEDGE/USD;4578,00000000;4578,00000000;4578,00000000;4578,00000000;0,0
2021-06-26T00:00:00+00:00;USDTHEDGE/USD;4580,00000000;4580,50000000;4578,00000000;4578,00000000;-0,04
2021-06-25T00:00:00+00:00;USDTHEDGE/USD;4579,50000000;4582,00000000;4578,00000000;4580,00000000;0,01
2021-06-24T00:00:00+00:00;USDTHEDGE/USD;4578,00000000;4580,50000000;4578,00000000;4579,50000000;0,03
2021-06-23T00:00:00+00:00;USDTHEDGE/USD;4614,00000000;4614,50000000;4578,00000000;4578,00000000;-0,79
2021-06-22T00:00:00+00:00;USDTHEDGE/USD;4611,00000000;4614,50000000;4609,00000000;4614,00000000;0,07
2021-06-21T00:00:00+00:00;USDTHEDGE/USD;4610,50000000;4614,50000000;4607,00000000;4611,00000000;0,01
2021-06-20T00:00:00+00:00;USDTHEDGE/USD;4610,00000000;4621,50000000;4607,50000000;4610,50000000;0,01
2021-06-19T00:00:00+00:00;USDTHEDGE/USD;4612,50000000;4625,00000000;4608,50000000;4610,00000000;-0,05
2021-06-18T00:00:00+00:00;USDTHEDGE/USD;4615,50000000;4625,00000000;4612,00000000;4612,50000000;-0,07
2021-06-17T00:00:00+00:00;USDTHEDGE/USD;4619,50000000;4625,00000000;4614,00000000;4615,50000000;-0,09
2021-06-16T00:00:00+00:00;USDTHEDGE/USD;4617,50000000;4625,00000000;4615,50000000;4619,50000000;0,04
2021-06-15T00:00:00+00:00;USDTHEDGE/USD;4619,00000000;4625,00000000;4615,00000000;4617,50000000;-0,03
2021-06-14T00:00:00+00:00;USDTHEDGE/USD;4621,00000000;4625,00000000;4617,00000000;4619,00000000;-0,04
2021-06-13T00:00:00+00:00;USDTHEDGE/USD;4623,00000000;4625,00000000;4618,50000000;4621,00000000;-0,04
2021-06-12T00:00:00+00:00;USDTHEDGE/USD;4625,00000000;4625,00000000;4621,00000000;4623,00000000;-0,04
2021-06-11T00:00:00+00:00;USDTHEDGE/USD;4625,00000000;4625,00000000;4623,50000000;4625,00000000;0,0
2021-06-10T00:00:00+00:00;USDTHEDGE/USD;4625,00000000;4625,00000000;4625,00000000;4625,00000000;0,0
2021-06-09T00:00:00+00:00;USDTHEDGE/USD;4625,00000000;4625,00000000;4625,00000000;4625,00000000;0,0
2021-06-08T00:00:00+00:00;USDTHEDGE/USD;4625,00000000;4625,00000000;4625,00000000;4625,00000000;0,0
2021-06-07T00:00:00+00:00;USDTHEDGE/USD;4625,00000000;4625,00000000;4625,00000000;4625,00000000;0,0
2021-06-06T00:00:00+00:00;USDTHEDGE/USD;4625,00000000;4625,00000000;4625,00000000;4625,00000000;0,0
2021-06-05T00:00:00+00:00;USDTHEDGE/USD;4625,00000000;4625,00000000;4625,00000000;4625,00000000;0,0
2021-06-04T00:00:00+00:00;USDTHEDGE/USD;4625,00000000;4625,00000000;4625,00000000;4625,00000000;0,0
2021-06-03T00:00:00+00:00;USDTHEDGE/USD;4625,00000000;4625,00000000;4625,00000000;4625,00000000;0,0
2021-06-02T00:00:00+00:00;USDTHEDGE/USD;4625,00000000;4625,00000000;4625,00000000;4625,00000000;0,0
2021-06-01T00:00:00+00:00;USDTHEDGE/USD;4625,00000000;4625,00000000;4625,00000000;4625,00000000;0,0
2021-05-31T00:00:00+00:00;USDTHEDGE/USD;4625,00000000;4625,00000000;4625,00000000;4625,00000000;0,0
2021-05-30T00:00:00+00:00;USDTHEDGE/USD;4625,00000000;4625,00000000;4625,00000000;4625,00000000;0,0
2021-05-29T00:00:00+00:00;USDTHEDGE/USD;4625,00000000;4625,00000000;4625,00000000;4625,00000000;0,0
2021-05-28T00:00:00+00:00;USDTHEDGE/USD;4625,50000000;4626,00000000;4625,00000000;4625,00000000;-0,01
2021-05-27T00:00:00+00:00;USDTHEDGE/USD;4626,00000000;4627,00000000;4625,00000000;4625,50000000;-0,01
2021-05-26T00:00:00+00:00;USDTHEDGE/USD;4625,50000000;4627,50000000;4625,00000000;4626,00000000;0,01
2021-05-25T00:00:00+00:00;USDTHEDGE/USD;4651,50000000;4651,50000000;4625,00000000;4625,50000000;-0,56
2021-05-24T00:00:00+00:00;USDTHEDGE/USD;4651,50000000;4651,50000000;4651,50000000;4651,50000000;0,0
2021-05-23T00:00:00+00:00;USDTHEDGE/USD;4651,50000000;4651,50000000;4651,50000000;4651,50000000;0,0
2021-05-22T00:00:00+00:00;USDTHEDGE/USD;4651,50000000;4651,50000000;4651,50000000;4651,50000000;0,0
2021-05-21T00:00:00+00:00;USDTHEDGE/USD;4651,50000000;4651,50000000;4651,50000000;4651,50000000;0,0
2021-05-20T00:00:00+00:00;USDTHEDGE/USD;4651,50000000;4651,50000000;4651,50000000;4651,50000000;0,0
2021-05-19T00:00:00+00:00;USDTHEDGE/USD;4651,50000000;4656,50000000;4651,50000000;4651,50000000;0,0
2021-05-18T00:00:00+00:00;USDTHEDGE/USD;4674,00000000;4674,00000000;4651,50000000;4651,50000000;-0,48
2021-05-17T00:00:00+00:00;USDTHEDGE/USD;4674,00000000;4674,00000000;4674,00000000;4674,00000000;0,0
2021-05-16T00:00:00+00:00;USDTHEDGE/USD;4674,00000000;4674,00000000;4674,00000000;4674,00000000;0,0
2021-05-15T00:00:00+00:00;USDTHEDGE/USD;4674,00000000;4674,00000000;4674,00000000;4674,00000000;0,0
2021-05-14T00:00:00+00:00;USDTHEDGE/USD;4674,00000000;4674,00000000;4674,00000000;4674,00000000;0,0
2021-05-13T00:00:00+00:00;USDTHEDGE/USD;4674,00000000;4674,00000000;4674,00000000;4674,00000000;0,0
2021-05-12T00:00:00+00:00;USDTHEDGE/USD;4674,00000000;4674,00000000;4674,00000000;4674,00000000;0,0
2021-05-11T00:00:00+00:00;USDTHEDGE/USD;4674,00000000;4674,00000000;4674,00000000;4674,00000000;0,0
2021-05-10T00:00:00+00:00;USDTHEDGE/USD;4698,00000000;4698,00000000;4674,00000000;4674,00000000;-0,51
2021-05-09T00:00:00+00:00;USDTHEDGE/USD;4699,50000000;4700,00000000;4696,50000000;4698,00000000;-0,03
2021-05-08T00:00:00+00:00;USDTHEDGE/USD;4703,00000000;4705,50000000;4697,50000000;4699,50000000;-0,07
2021-05-07T00:00:00+00:00;USDTHEDGE/USD;4706,00000000;4708,50000000;4699,50000000;4703,00000000;-0,06
2021-05-06T00:00:00+00:00;USDTHEDGE/USD;4705,50000000;4708,50000000;4702,00000000;4706,00000000;0,01
2021-05-05T00:00:00+00:00;USDTHEDGE/USD;4708,50000000;4708,50000000;4704,50000000;4705,50000000;-0,06
2021-05-04T00:00:00+00:00;USDTHEDGE/USD;4709,50000000;4709,50000000;4706,50000000;4708,50000000;-0,02
2021-05-03T00:00:00+00:00;USDTHEDGE/USD;4709,50000000;4710,00000000;4708,00000000;4709,50000000;0,0
2021-05-02T00:00:00+00:00;USDTHEDGE/USD;4709,00000000;4710,00000000;4688,50000000;4709,50000000;0,01
2021-05-01T00:00:00+00:00;USDTHEDGE/USD;4709,00000000;4711,00000000;4707,50000000;4709,00000000;0,0
2021-04-30T00:00:00+00:00;USDTHEDGE/USD;4713,50000000;4714,00000000;4709,00000000;4709,00000000;-0,1
2021-04-29T00:00:00+00:00;USDTHEDGE/USD;4691,00000000;4714,00000000;4690,00000000;4713,50000000;0,48
2021-04-28T00:00:00+00:00;USDTHEDGE/USD;4714,50000000;4714,50000000;4690,00000000;4691,00000000;-0,5
2021-04-27T00:00:00+00:00;USDTHEDGE/USD;4714,50000000;4714,50000000;4711,50000000;4714,50000000;0,0
2021-04-26T00:00:00+00:00;USDTHEDGE/USD;4699,00000000;4718,00000000;4699,00000000;4714,50000000;0,33
2021-04-25T00:00:00+00:00;USDTHEDGE/USD;4699,00000000;4700,50000000;4699,00000000;4699,00000000;0,0
2021-04-24T00:00:00+00:00;USDTHEDGE/USD;4706,00000000;4706,00000000;4699,00000000;4699,00000000;-0,15
2021-04-23T00:00:00+00:00;USDTHEDGE/USD;4706,00000000;4707,00000000;4706,00000000;4706,00000000;0,0
2021-04-22T00:00:00+00:00;USDTHEDGE/USD;4735,50000000;4738,50000000;4706,00000000;4706,00000000;-0,63
2021-04-21T00:00:00+00:00;USDTHEDGE/USD;4736,00000000;4738,50000000;4733,00000000;4735,50000000;-0,01
2021-04-20T00:00:00+00:00;USDTHEDGE/USD;4723,00000000;4738,50000000;4723,00000000;4736,00000000;0,27
2021-04-19T00:00:00+00:00;USDTHEDGE/USD;4723,00000000;4723,00000000;4723,00000000;4723,00000000;0,0
2021-04-18T00:00:00+00:00;USDTHEDGE/USD;4723,50000000;4724,00000000;4723,00000000;4723,00000000;-0,01
2021-04-17T00:00:00+00:00;USDTHEDGE/USD;4724,50000000;4727,00000000;4723,00000000;4723,50000000;-0,02
2021-04-16T00:00:00+00:00;USDTHEDGE/USD;4751,50000000;4753,50000000;4723,00000000;4724,50000000;-0,57
2021-04-15T00:00:00+00:00;USDTHEDGE/USD;4755,50000000;4755,50000000;4750,50000000;4751,50000000;-0,08
2021-04-14T00:00:00+00:00;USDTHEDGE/USD;4755,00000000;4755,50000000;4749,50000000;4755,50000000;0,01
2021-04-13T00:00:00+00:00;USDTHEDGE/USD;4763,50000000;4765,00000000;4752,00000000;4755,00000000;-0,18
2021-04-12T00:00:00+00:00;USDTHEDGE/USD;4765,00000000;4765,00000000;4758,00000000;4763,50000000;-0,03
2021-04-11T00:00:00+00:00;USDTHEDGE/USD;4763,50000000;4765,00000000;4759,50000000;4765,00000000;0,03
2021-04-10T00:00:00+00:00;USDTHEDGE/USD;4762,00000000;4765,00000000;4757,50000000;4763,50000000;0,03
2021-04-09T00:00:00+00:00;USDTHEDGE/USD;4762,00000000;4765,00000000;4758,00000000;4762,00000000;0,0
2021-04-08T00:00:00+00:00;USDTHEDGE/USD;4762,00000000;4765,00000000;4759,00000000;4762,00000000;0,0
2021-04-07T00:00:00+00:00;USDTHEDGE/USD;4761,00000000;4765,00000000;4759,00000000;4762,00000000;0,02
2021-04-06T00:00:00+00:00;USDTHEDGE/USD;4764,00000000;4782,00000000;4761,00000000;4761,00000000;-0,06
2021-04-05T00:00:00+00:00;USDTHEDGE/USD;4767,00000000;4774,00000000;4763,50000000;4764,00000000;-0,06
2021-04-04T00:00:00+00:00;USDTHEDGE/USD;4769,00000000;4774,00000000;4765,50000000;4767,00000000;-0,04
2021-04-03T00:00:00+00:00;USDTHEDGE/USD;4773,00000000;4774,00000000;4768,50000000;4769,00000000;-0,08
2021-04-02T00:00:00+00:00;USDTHEDGE/USD;4774,00000000;4774,00000000;4772,00000000;4773,00000000;-0,02
2021-04-01T00:00:00+00:00;USDTHEDGE/USD;4773,50000000;4774,00000000;4771,00000000;4774,00000000;0,01
2021-03-31T00:00:00+00:00;USDTHEDGE/USD;4773,50000000;4774,00000000;4769,50000000;4773,50000000;0,0
2021-03-30T00:00:00+00:00;USDTHEDGE/USD;4776,50000000;4792,00000000;4772,00000000;4773,50000000;-0,06
2021-03-29T00:00:00+00:00;USDTHEDGE/USD;4777,00000000;4792,00000000;4770,50000000;4776,50000000;-0,01
2021-03-28T00:00:00+00:00;USDTHEDGE/USD;4776,00000000;4792,00000000;4774,00000000;4777,00000000;0,02
2021-03-27T00:00:00+00:00;USDTHEDGE/USD;4778,50000000;4792,00000000;4774,50000000;4776,00000000;-0,05
2021-03-26T00:00:00+00:00;USDTHEDGE/USD;4782,50000000;4792,00000000;4776,00000000;4778,50000000;-0,08
2021-03-25T00:00:00+00:00;USDTHEDGE/USD;4785,00000000;4792,00000000;4781,00000000;4782,50000000;-0,05
2021-03-24T00:00:00+00:00;USDTHEDGE/USD;4784,00000000;4792,00000000;4780,00000000;4785,00000000;0,02
2021-03-23T00:00:00+00:00;USDTHEDGE/USD;4792,00000000;4792,00000000;4780,00000000;4784,00000000;-0,17
2021-03-22T00:00:00+00:00;USDTHEDGE/USD;4787,00000000;4792,00000000;4782,50000000;4792,00000000;0,1
2021-03-21T00:00:00+00:00;USDTHEDGE/USD;4791,50000000;4792,00000000;4783,00000000;4787,00000000;-0,09
2021-03-20T00:00:00+00:00;USDTHEDGE/USD;4796,00000000;4804,50000000;4772,00000000;4791,50000000;-0,09
2021-03-19T00:00:00+00:00;USDTHEDGE/USD;4800,50000000;4804,50000000;4795,00000000;4796,00000000;-0,09
2021-03-18T00:00:00+00:00;USDTHEDGE/USD;4804,50000000;4804,50000000;4796,50000000;4800,50000000;-0,08
2021-03-17T00:00:00+00:00;USDTHEDGE/USD;4801,00000000;4804,50000000;4796,50000000;4804,50000000;0,07
2021-03-16T00:00:00+00:00;USDTHEDGE/USD;4802,00000000;4804,50000000;4800,50000000;4801,00000000;-0,02
2021-03-15T00:00:00+00:00;USDTHEDGE/USD;4804,50000000;4804,50000000;4800,00000000;4802,00000000;-0,05
2021-03-14T00:00:00+00:00;USDTHEDGE/USD;4804,00000000;4804,50000000;4801,50000000;4804,50000000;0,01
2021-03-13T00:00:00+00:00;USDTHEDGE/USD;4804,00000000;4804,50000000;4800,50000000;4804,00000000;0,0
2021-03-12T00:00:00+00:00;USDTHEDGE/USD;4802,00000000;4804,50000000;4799,50000000;4804,00000000;0,04
2021-03-11T00:00:00+00:00;USDTHEDGE/USD;4805,50000000;4805,50000000;4800,50000000;4802,00000000;-0,07
2021-03-10T00:00:00+00:00;USDTHEDGE/USD;4804,50000000;4805,50000000;4803,00000000;4805,50000000;0,02
2021-03-09T00:00:00+00:00;USDTHEDGE/USD;4805,00000000;4823,00000000;4803,00000000;4804,50000000;-0,01
2021-03-08T00:00:00+00:00;USDTHEDGE/USD;4808,00000000;4823,00000000;4804,00000000;4805,00000000;-0,06
2021-03-07T00:00:00+00:00;USDTHEDGE/USD;4810,50000000;4823,00000000;4807,50000000;4808,00000000;-0,05
2021-03-06T00:00:00+00:00;USDTHEDGE/USD;4812,50000000;4823,00000000;4810,50000000;4810,50000000;-0,04
2021-03-05T00:00:00+00:00;USDTHEDGE/USD;4814,50000000;4823,00000000;4811,50000000;4812,50000000;-0,04
2021-03-04T00:00:00+00:00;USDTHEDGE/USD;4812,50000000;4823,00000000;4811,00000000;4814,50000000;0,04
2021-03-03T00:00:00+00:00;USDTHEDGE/USD;4815,00000000;4823,00000000;4811,50000000;4812,50000000;-0,05
2021-03-02T00:00:00+00:00;USDTHEDGE/USD;4816,50000000;4823,00000000;4814,00000000;4815,00000000;-0,03
2021-03-01T00:00:00+00:00;USDTHEDGE/USD;4821,00000000;4823,00000000;4815,00000000;4816,50000000;-0,09
2021-02-28T00:00:00+00:00;USDTHEDGE/USD;4823,00000000;4823,00000000;4820,50000000;4821,00000000;-0,04
2021-02-27T00:00:00+00:00;USDTHEDGE/USD;4823,00000000;4823,00000000;4823,00000000;4823,00000000;0,0
2021-02-26T00:00:00+00:00;USDTHEDGE/USD;4839,00000000;4847,50000000;4823,00000000;4823,00000000;-0,33
2021-02-25T00:00:00+00:00;USDTHEDGE/USD;4833,50000000;4866,50000000;4826,50000000;4839,00000000;0,11
2021-02-24T00:00:00+00:00;USDTHEDGE/USD;4842,00000000;4973,00000000;4831,50000000;4833,50000000;-0,18
2021-02-23T00:00:00+00:00;USDTHEDGE/USD;4835,50000000;4973,00000000;4833,50000000;4842,00000000;0,13
2021-02-22T00:00:00+00:00;USDTHEDGE/USD;4832,00000000;4973,00000000;4828,00000000;4835,50000000;0,07
2021-02-21T00:00:00+00:00;USDTHEDGE/USD;4835,50000000;4865,00000000;4830,50000000;4832,00000000;-0,07
2021-02-20T00:00:00+00:00;USDTHEDGE/USD;4838,00000000;4973,00000000;4833,50000000;4835,50000000;-0,05
2021-02-19T00:00:00+00:00;USDTHEDGE/USD;4838,50000000;4917,00000000;4835,50000000;4838,00000000;-0,01
2021-02-18T00:00:00+00:00;USDTHEDGE/USD;4836,00000000;4973,00000000;4833,00000000;4838,50000000;0,05
2021-02-17T00:00:00+00:00;USDTHEDGE/USD;4842,00000000;4880,00000000;4836,00000000;4836,00000000;-0,12
2021-02-16T00:00:00+00:00;USDTHEDGE/USD;4838,50000000;4973,00000000;4836,50000000;4842,00000000;0,07
2021-02-15T00:00:00+00:00;USDTHEDGE/USD;4839,00000000;4973,00000000;4835,00000000;4838,50000000;-0,01
2021-02-14T00:00:00+00:00;USDTHEDGE/USD;4843,00000000;4973,00000000;4838,50000000;4839,00000000;-0,08
2021-02-13T00:00:00+00:00;USDTHEDGE/USD;4845,50000000;4953,50000000;4840,00000000;4845,00000000;-0,01
2021-02-12T00:00:00+00:00;USDTHEDGE/USD;4855,50000000;4973,00000000;4844,50000000;4845,50000000;-0,21
2021-02-11T00:00:00+00:00;USDTHEDGE/USD;4859,50000000;4973,00000000;4854,50000000;4855,50000000;-0,08
2021-02-10T00:00:00+00:00;USDTHEDGE/USD;4862,00000000;4973,00000000;4856,00000000;4859,50000000;-0,05
2021-02-09T00:00:00+00:00;USDTHEDGE/USD;4863,50000000;4881,50000000;4858,50000000;4862,00000000;-0,03
2021-02-08T00:00:00+00:00;USDTHEDGE/USD;4861,50000000;4973,00000000;4853,50000000;4863,50000000;0,04
2021-02-07T00:00:00+00:00;USDTHEDGE/USD;4864,00000000;4973,00000000;4860,00000000;4861,50000000;-0,05
2021-02-06T00:00:00+00:00;USDTHEDGE/USD;4865,50000000;4973,00000000;4862,00000000;4864,00000000;-0,03
2021-02-05T00:00:00+00:00;USDTHEDGE/USD;4869,00000000;4884,00000000;4864,50000000;4865,50000000;-0,07
2021-02-04T00:00:00+00:00;USDTHEDGE/USD;4873,00000000;4973,00000000;4867,00000000;4869,00000000;-0,08
2021-02-03T00:00:00+00:00;USDTHEDGE/USD;4883,50000000;4973,00000000;4871,50000000;4873,00000000;-0,22
2021-02-02T00:00:00+00:00;USDTHEDGE/USD;4881,00000000;4973,00000000;4877,50000000;4883,50000000;0,05
2021-02-01T00:00:00+00:00;USDTHEDGE/USD;4882,00000000;4927,00000000;4880,00000000;4881,00000000;-0,02
2021-01-31T00:00:00+00:00;USDTHEDGE/USD;4887,00000000;4949,50000000;4881,50000000;4882,00000000;-0,1
2021-01-30T00:00:00+00:00;USDTHEDGE/USD;4894,00000000;4933,00000000;4886,00000000;4887,00000000;-0,14
2021-01-29T00:00:00+00:00;USDTHEDGE/USD;4887,50000000;4973,00000000;4878,50000000;4894,00000000;0,13
2021-01-28T00:00:00+00:00;USDTHEDGE/USD;4893,00000000;4932,00000000;4884,00000000;4887,50000000;-0,11
2021-01-27T00:00:00+00:00;USDTHEDGE/USD;4896,50000000;4973,00000000;4889,50000000;4893,00000000;-0,07
2021-01-26T00:00:00+00:00;USDTHEDGE/USD;4902,00000000;4973,00000000;4895,50000000;4896,50000000;-0,11
2021-01-25T00:00:00+00:00;USDTHEDGE/USD;4901,50000000;4973,00000000;4898,00000000;4902,00000000;0,01
2021-01-24T00:00:00+00:00;USDTHEDGE/USD;4906,00000000;4973,00000000;4901,50000000;4901,50000000;-0,09
2021-01-23T00:00:00+00:00;USDTHEDGE/USD;4911,50000000;4940,50000000;4906,00000000;4906,00000000;-0,11
2021-01-22T00:00:00+00:00;USDTHEDGE/USD;4921,50000000;4973,00000000;4911,00000000;4911,50000000;-0,2
2021-01-21T00:00:00+00:00;USDTHEDGE/USD;4916,50000000;4947,00000000;4912,50000000;4921,50000000;0,1
2021-01-20T00:00:00+00:00;USDTHEDGE/USD;4920,00000000;4973,00000000;4915,00000000;4916,50000000;-0,07
2021-01-19T00:00:00+00:00;USDTHEDGE/USD;4924,00000000;4939,00000000;4916,00000000;4920,00000000;-0,08
2021-01-18T00:00:00+00:00;USDTHEDGE/USD;4931,00000000;4973,00000000;4922,50000000;4924,00000000;-0,14
2021-01-17T00:00:00+00:00;USDTHEDGE/USD;4935,00000000;4946,50000000;4930,50000000;4931,00000000;-0,08
2021-01-16T00:00:00+00:00;USDTHEDGE/USD;4948,00000000;4973,00000000;4932,50000000;4935,00000000;-0,26
2021-01-15T00:00:00+00:00;USDTHEDGE/USD;4946,50000000;4973,00000000;4942,50000000;4948,00000000;0,03
2021-01-14T00:00:00+00:00;USDTHEDGE/USD;4949,00000000;4973,00000000;4940,50000000;4946,50000000;-0,05
2021-01-13T00:00:00+00:00;USDTHEDGE/USD;4954,00000000;4973,00000000;4948,00000000;4949,00000000;-0,1
2021-01-12T00:00:00+00:00;USDTHEDGE/USD;4973,00000000;4973,00000000;4948,50000000;4954,00000000;-0,38
2021-01-11T00:00:00+00:00;USDTHEDGE/USD;4954,00000000;4973,00000000;4950,00000000;4973,00000000;0,38
2021-01-10T00:00:00+00:00;USDTHEDGE/USD;4929,00000000;4973,00000000;4926,50000000;4954,00000000;0,5
2021-01-09T00:00:00+00:00;USDTHEDGE/USD;4962,50000000;4973,00000000;4929,00000000;4929,00000000;-0,68
2021-01-08T00:00:00+00:00;USDTHEDGE/USD;4963,50000000;4973,00000000;4951,50000000;4962,50000000;-0,02
2021-01-07T00:00:00+00:00;USDTHEDGE/USD;4949,00000000;4973,00000000;4943,00000000;4963,50000000;0,29
2021-01-06T00:00:00+00:00;USDTHEDGE/USD;4956,00000000;4973,00000000;4947,50000000;4949,00000000;-0,14
2021-01-05T00:00:00+00:00;USDTHEDGE/USD;4973,00000000;4973,00000000;4953,50000000;4956,00000000;-0,34
2021-01-04T00:00:00+00:00;USDTHEDGE/USD;4967,50000000;4973,00000000;4951,50000000;4973,00000000;0,11
2021-01-03T00:00:00+00:00;USDTHEDGE/USD;4973,00000000;4973,00000000;4964,00000000;4967,50000000;-0,11
2021-01-02T00:00:00+00:00;USDTHEDGE/USD;4964,50000000;4973,00000000;4958,00000000;4973,00000000;0,17
2021-01-01T00:00:00+00:00;USDTHEDGE/USD;4973,00000000;4973,00000000;4963,50000000;4964,50000000;-0,17
2020-12-31T00:00:00+00:00;USDTHEDGE/USD;4973,00000000;4973,00000000;4973,00000000;4973,00000000;0,0
2020-12-30T00:00:00+00:00;USDTHEDGE/USD;4973,00000000;4973,00000000;4973,00000000;4973,00000000;0,0
2020-12-29T00:00:00+00:00;USDTHEDGE/USD;4973,50000000;4975,00000000;4973,00000000;4973,00000000;-0,01
2020-12-28T00:00:00+00:00;USDTHEDGE/USD;4973,00000000;4974,50000000;4973,00000000;4973,50000000;0,01
2020-12-27T00:00:00+00:00;USDTHEDGE/USD;4973,00000000;4973,00000000;4973,00000000;4973,00000000;0,0
2020-12-26T00:00:00+00:00;USDTHEDGE/USD;4973,00000000;4973,00000000;4973,00000000;4973,00000000;0,0
2020-12-25T00:00:00+00:00;USDTHEDGE/USD;4990,00000000;4999,50000000;4973,00000000;4973,00000000;-0,34
2020-12-24T00:00:00+00:00;USDTHEDGE/USD;4999,50000000;4999,50000000;4985,00000000;4990,00000000;-0,19
2020-12-23T00:00:00+00:00;USDTHEDGE/USD;4996,00000000;4999,50000000;4994,00000000;4999,50000000;0,07
2020-12-22T00:00:00+00:00;USDTHEDGE/USD;4999,00000000;4999,50000000;4995,50000000;4996,00000000;-0,06
2020-12-21T00:00:00+00:00;USDTHEDGE/USD;5001,00000000;5004,50000000;4996,50000000;4999,00000000;-0,04
2020-12-20T00:00:00+00:00;USDTHEDGE/USD;5002,00000000;5024,00000000;4997,00000000;5001,00000000;-0,02
2020-12-19T00:00:00+00:00;USDTHEDGE/USD;5007,00000000;5024,00000000;5000,50000000;5002,00000000;-0,1
2020-12-18T00:00:00+00:00;USDTHEDGE/USD;5018,50000000;5024,00000000;5007,00000000;5007,00000000;-0,23
2020-12-17T00:00:00+00:00;USDTHEDGE/USD;5009,00000000;5024,00000000;5006,50000000;5018,50000000;0,19
2020-12-16T00:00:00+00:00;USDTHEDGE/USD;5009,50000000;5024,00000000;4998,50000000;5009,00000000;-0,01
2020-12-15T00:00:00+00:00;USDTHEDGE/USD;5013,50000000;5024,00000000;5009,00000000;5009,50000000;-0,08
2020-12-14T00:00:00+00:00;USDTHEDGE/USD;5014,50000000;5024,00000000;5012,00000000;5013,50000000;-0,02
2020-12-13T00:00:00+00:00;USDTHEDGE/USD;5015,50000000;5024,00000000;5011,00000000;5014,50000000;-0,02
2020-12-12T00:00:00+00:00;USDTHEDGE/USD;5020,50000000;5024,00000000;5015,50000000;5015,50000000;-0,1
2020-12-11T00:00:00+00:00;USDTHEDGE/USD;5021,50000000;5024,00000000;5018,50000000;5020,50000000;-0,02
2020-12-10T00:00:00+00:00;USDTHEDGE/USD;5023,50000000;5024,00000000;5020,50000000;5021,50000000;-0,04
2020-12-09T00:00:00+00:00;USDTHEDGE/USD;5024,00000000;5024,00000000;5022,50000000;5023,50000000;-0,01
2020-12-08T00:00:00+00:00;USDTHEDGE/USD;5026,00000000;5056,50000000;5021,50000000;5024,00000000;-0,04
2020-12-07T00:00:00+00:00;USDTHEDGE/USD;5025,50000000;5068,50000000;5023,00000000;5026,00000000;0,01
2020-12-06T00:00:00+00:00;USDTHEDGE/USD;5027,00000000;5068,50000000;5024,50000000;5025,50000000;-0,03
2020-12-05T00:00:00+00:00;USDTHEDGE/USD;5030,50000000;5065,00000000;5026,00000000;5027,00000000;-0,07
2020-12-04T00:00:00+00:00;USDTHEDGE/USD;5030,00000000;5068,50000000;5026,00000000;5030,50000000;0,01
2020-12-03T00:00:00+00:00;USDTHEDGE/USD;5033,50000000;5068,50000000;5028,50000000;5030,00000000;-0,07
2020-12-02T00:00:00+00:00;USDTHEDGE/USD;5043,50000000;5068,50000000;5032,50000000;5033,50000000;-0,2
2020-12-01T00:00:00+00:00;USDTHEDGE/USD;5039,00000000;5068,50000000;5033,50000000;5043,50000000;0,09
2020-11-30T00:00:00+00:00;USDTHEDGE/USD;5038,50000000;5068,50000000;5030,00000000;5039,00000000;0,01
2020-11-29T00:00:00+00:00;USDTHEDGE/USD;5045,00000000;5068,50000000;5036,50000000;5038,50000000;-0,13
2020-11-28T00:00:00+00:00;USDTHEDGE/USD;5055,50000000;5068,50000000;5041,00000000;5045,00000000;-0,21
2020-11-27T00:00:00+00:00;USDTHEDGE/USD;5068,50000000;5068,50000000;5055,50000000;5055,50000000;-0,26
2020-11-26T00:00:00+00:00;USDTHEDGE/USD;5055,50000000;5068,50000000;5053,50000000;5068,50000000;0,26
2020-11-25T00:00:00+00:00;USDTHEDGE/USD;5055,00000000;5068,50000000;5052,00000000;5055,50000000;0,01
2020-11-24T00:00:00+00:00;USDTHEDGE/USD;5055,50000000;5068,50000000;5052,00000000;5055,00000000;-0,01
2020-11-23T00:00:00+00:00;USDTHEDGE/USD;5058,00000000;5068,50000000;5054,50000000;5055,50000000;-0,05
2020-11-22T00:00:00+00:00;USDTHEDGE/USD;5060,00000000;5068,50000000;5057,00000000;5058,00000000;-0,04
2020-11-21T00:00:00+00:00;USDTHEDGE/USD;5059,50000000;5068,50000000;5057,00000000;5060,00000000;0,01
2020-11-20T00:00:00+00:00;USDTHEDGE/USD;5061,00000000;5068,50000000;5058,50000000;5059,50000000;-0,03
2020-11-19T00:00:00+00:00;USDTHEDGE/USD;5065,00000000;5068,50000000;5059,50000000;5061,00000000;-0,08
2020-11-18T00:00:00+00:00;USDTHEDGE/USD;5063,50000000;5068,50000000;5060,50000000;5065,00000000;0,03
2020-11-17T00:00:00+00:00;USDTHEDGE/USD;5064,50000000;5068,50000000;5062,00000000;5063,50000000;-0,02
2020-11-16T00:00:00+00:00;USDTHEDGE/USD;5064,50000000;5068,50000000;5063,00000000;5064,50000000;0,0
2020-11-15T00:00:00+00:00;USDTHEDGE/USD;5066,50000000;5068,50000000;5064,00000000;5064,50000000;-0,04
2020-11-14T00:00:00+00:00;USDTHEDGE/USD;5068,50000000;5068,50000000;5066,50000000;5066,50000000;-0,04
2020-11-13T00:00:00+00:00;USDTHEDGE/USD;5068,50000000;5068,50000000;5068,50000000;5068,50000000;0,0
2020-11-12T00:00:00+00:00;USDTHEDGE/USD;5068,50000000;5068,50000000;5068,50000000;5068,50000000;0,0
2020-11-11T00:00:00+00:00;USDTHEDGE/USD;5068,50000000;5068,50000000;5068,50000000;5068,50000000;0,0
2020-11-10T00:00:00+00:00;USDTHEDGE/USD;5086,50000000;5093,50000000;5068,50000000;5068,50000000;-0,36
2020-11-09T00:00:00+00:00;USDTHEDGE/USD;5088,50000000;5093,50000000;5085,50000000;5086,50000000;-0,04
2020-11-08T00:00:00+00:00;USDTHEDGE/USD;5091,50000000;5093,50000000;5088,00000000;5088,50000000;-0,06
2020-11-07T00:00:00+00:00;USDTHEDGE/USD;5093,50000000;5093,50000000;5088,50000000;5091,50000000;-0,04
2020-11-06T00:00:00+00:00;USDTHEDGE/USD;5085,00000000;5093,50000000;5085,00000000;5093,50000000;0,17
2020-11-05T00:00:00+00:00;USDTHEDGE/USD;5086,50000000;5086,50000000;5085,00000000;5085,00000000;-0,03
2020-11-04T00:00:00+00:00;USDTHEDGE/USD;5104,50000000;5156,00000000;5085,00000000;5086,50000000;-0,35
2020-11-03T00:00:00+00:00;USDTHEDGE/USD;5108,50000000;5125,00000000;5103,50000000;5104,50000000;-0,08
2020-11-02T00:00:00+00:00;USDTHEDGE/USD;5112,50000000;5156,00000000;5107,50000000;5108,50000000;-0,08
2020-11-01T00:00:00+00:00;USDTHEDGE/USD;5118,50000000;5125,00000000;5112,00000000;5112,50000000;-0,12
2020-10-31T00:00:00+00:00;USDTHEDGE/USD;5122,00000000;5156,00000000;5117,50000000;5118,50000000;-0,07
2020-10-30T00:00:00+00:00;USDTHEDGE/USD;5128,00000000;5156,00000000;5121,00000000;5122,00000000;-0,12
2020-10-29T00:00:00+00:00;USDTHEDGE/USD;5132,00000000;5156,00000000;5127,50000000;5128,00000000;-0,08
2020-10-28T00:00:00+00:00;USDTHEDGE/USD;5135,50000000;5156,00000000;5131,00000000;5132,00000000;-0,07
2020-10-27T00:00:00+00:00;USDTHEDGE/USD;5138,00000000;5156,00000000;5134,00000000;5135,50000000;-0,05
2020-10-26T00:00:00+00:00;USDTHEDGE/USD;5142,00000000;5156,00000000;5138,00000000;5138,00000000;-0,08
2020-10-25T00:00:00+00:00;USDTHEDGE/USD;5146,00000000;5156,00000000;5141,00000000;5142,00000000;-0,08
2020-10-24T00:00:00+00:00;USDTHEDGE/USD;5149,50000000;5156,00000000;5145,00000000;5146,00000000;-0,07
2020-10-23T00:00:00+00:00;USDTHEDGE/USD;5153,00000000;5156,00000000;5149,50000000;5149,50000000;-0,07
2020-10-22T00:00:00+00:00;USDTHEDGE/USD;5155,50000000;5156,00000000;5152,00000000;5153,00000000;-0,05
2020-10-21T00:00:00+00:00;USDTHEDGE/USD;5164,50000000;5209,50000000;5153,50000000;5155,50000000;-0,17
2020-10-20T00:00:00+00:00;USDTHEDGE/USD;5168,00000000;5209,00000000;5163,50000000;5164,50000000;-0,07
2020-10-19T00:00:00+00:00;USDTHEDGE/USD;5169,50000000;5200,00000000;5167,00000000;5168,00000000;-0,03
2020-10-18T00:00:00+00:00;USDTHEDGE/USD;5173,50000000;5185,00000000;5169,50000000;5169,50000000;-0,08
2020-10-17T00:00:00+00:00;USDTHEDGE/USD;5174,00000000;5266,00000000;5171,50000000;5173,50000000;-0,01
2020-10-16T00:00:00+00:00;USDTHEDGE/USD;5178,00000000;5234,00000000;5174,00000000;5174,00000000;-0,08
2020-10-15T00:00:00+00:00;USDTHEDGE/USD;5180,00000000;5256,50000000;5176,00000000;5178,00000000;-0,04
2020-10-14T00:00:00+00:00;USDTHEDGE/USD;5183,00000000;5290,00000000;5180,00000000;5180,00000000;-0,06
2020-10-13T00:00:00+00:00;USDTHEDGE/USD;5186,00000000;5192,00000000;5183,00000000;5183,00000000;-0,06
2020-10-12T00:00:00+00:00;USDTHEDGE/USD;5188,50000000;5262,50000000;5185,00000000;5186,00000000;-0,05
2020-10-11T00:00:00+00:00;USDTHEDGE/USD;5188,50000000;5259,00000000;5186,50000000;5188,50000000;0,0
2020-10-10T00:00:00+00:00;USDTHEDGE/USD;5189,50000000;5231,50000000;5187,00000000;5188,50000000;-0,02
2020-10-09T00:00:00+00:00;USDTHEDGE/USD;5191,00000000;5241,50000000;5189,50000000;5189,50000000;-0,03
2020-10-08T00:00:00+00:00;USDTHEDGE/USD;5195,00000000;5245,50000000;5190,50000000;5191,00000000;-0,08
2020-10-07T00:00:00+00:00;USDTHEDGE/USD;5196,50000000;5220,50000000;5193,00000000;5195,00000000;-0,03
2020-10-06T00:00:00+00:00;USDTHEDGE/USD;5197,50000000;5305,50000000;5193,50000000;5196,50000000;-0,02
2020-10-05T00:00:00+00:00;USDTHEDGE/USD;5199,50000000;5223,00000000;5195,50000000;5197,50000000;-0,04
2020-10-04T00:00:00+00:00;USDTHEDGE/USD;5202,00000000;5278,00000000;5198,00000000;5199,50000000;-0,05
2020-10-03T00:00:00+00:00;USDTHEDGE/USD;5204,50000000;5305,50000000;5200,50000000;5202,00000000;-0,05
2020-10-02T00:00:00+00:00;USDTHEDGE/USD;5209,00000000;5257,00000000;5204,00000000;5204,50000000;-0,09
2020-10-01T00:00:00+00:00;USDTHEDGE/USD;5210,50000000;5281,00000000;5206,00000000;5209,00000000;-0,03
2020-09-30T00:00:00+00:00;USDTHEDGE/USD;5210,00000000;5301,00000000;5208,50000000;5210,50000000;0,01
2020-09-29T00:00:00+00:00;USDTHEDGE/USD;5212,00000000;5280,50000000;5210,00000000;5210,00000000;-0,04
2020-09-28T00:00:00+00:00;USDTHEDGE/USD;5212,50000000;5274,50000000;5210,00000000;5212,00000000;-0,01
2020-09-27T00:00:00+00:00;USDTHEDGE/USD;5214,00000000;5291,50000000;5212,00000000;5212,50000000;-0,03
2020-09-26T00:00:00+00:00;USDTHEDGE/USD;5218,50000000;5305,50000000;5213,00000000;5214,00000000;-0,09
2020-09-25T00:00:00+00:00;USDTHEDGE/USD;5221,50000000;5305,50000000;5218,50000000;5218,50000000;-0,06
2020-09-24T00:00:00+00:00;USDTHEDGE/USD;5224,00000000;5303,50000000;5220,50000000;5221,50000000;-0,05
2020-09-23T00:00:00+00:00;USDTHEDGE/USD;5227,00000000;5305,50000000;5223,00000000;5224,00000000;-0,06
2020-09-22T00:00:00+00:00;USDTHEDGE/USD;5230,50000000;5295,50000000;5227,00000000;5227,00000000;-0,07
2020-09-21T00:00:00+00:00;USDTHEDGE/USD;5231,50000000;5292,50000000;5229,00000000;5230,50000000;-0,02
2020-09-20T00:00:00+00:00;USDTHEDGE/USD;5231,00000000;5305,00000000;5229,00000000;5231,50000000;0,01
2020-09-19T00:00:00+00:00;USDTHEDGE/USD;5231,00000000;5305,50000000;5229,00000000;5231,00000000;0,0
2020-09-18T00:00:00+00:00;USDTHEDGE/USD;5233,00000000;5305,50000000;5230,50000000;5231,00000000;-0,04
2020-09-17T00:00:00+00:00;USDTHEDGE/USD;5234,00000000;5294,00000000;5231,50000000;5233,00000000;-0,02
2020-09-16T00:00:00+00:00;USDTHEDGE/USD;5236,00000000;5305,50000000;5233,00000000;5234,00000000;-0,04
2020-09-15T00:00:00+00:00;USDTHEDGE/USD;5237,00000000;5267,50000000;5234,50000000;5236,00000000;-0,02
2020-09-14T00:00:00+00:00;USDTHEDGE/USD;5239,50000000;5259,00000000;5236,50000000;5237,00000000;-0,05
2020-09-13T00:00:00+00:00;USDTHEDGE/USD;5240,00000000;5274,00000000;5238,00000000;5239,50000000;-0,01
2020-09-12T00:00:00+00:00;USDTHEDGE/USD;5241,50000000;5261,00000000;5239,50000000;5240,00000000;-0,03
2020-09-11T00:00:00+00:00;USDTHEDGE/USD;5244,50000000;5277,00000000;5241,50000000;5241,50000000;-0,06
2020-09-10T00:00:00+00:00;USDTHEDGE/USD;5247,50000000;5285,50000000;5244,50000000;5244,50000000;-0,06
2020-09-09T00:00:00+00:00;USDTHEDGE/USD;5250,50000000;5292,00000000;5247,50000000;5247,50000000;-0,06
2020-09-08T00:00:00+00:00;USDTHEDGE/USD;5250,00000000;5305,50000000;5247,50000000;5250,50000000;0,01
2020-09-07T00:00:00+00:00;USDTHEDGE/USD;5251,00000000;5305,50000000;5249,00000000;5250,00000000;-0,02
2020-09-06T00:00:00+00:00;USDTHEDGE/USD;5252,50000000;5294,00000000;5251,00000000;5251,00000000;-0,03
2020-09-05T00:00:00+00:00;USDTHEDGE/USD;5252,50000000;5305,00000000;5249,50000000;5252,50000000;0,0
2020-09-04T00:00:00+00:00;USDTHEDGE/USD;5256,00000000;5305,50000000;5251,50000000;5252,50000000;-0,07
2020-09-03T00:00:00+00:00;USDTHEDGE/USD;5258,00000000;5305,50000000;5254,50000000;5256,00000000;-0,04
2020-09-02T00:00:00+00:00;USDTHEDGE/USD;5260,50000000;5305,50000000;5257,00000000;5258,00000000;-0,05
2020-09-01T00:00:00+00:00;USDTHEDGE/USD;5263,00000000;5303,50000000;5258,50000000;5260,50000000;-0,05
2020-08-31T00:00:00+00:00;USDTHEDGE/USD;5265,00000000;5305,50000000;5262,00000000;5263,00000000;-0,04
2020-08-30T00:00:00+00:00;USDTHEDGE/USD;5265,50000000;5305,50000000;5264,00000000;5265,00000000;-0,01
2020-08-29T00:00:00+00:00;USDTHEDGE/USD;5267,50000000;5298,00000000;5265,00000000;5265,50000000;-0,04
2020-08-28T00:00:00+00:00;USDTHEDGE/USD;5272,00000000;5305,50000000;5267,50000000;5267,50000000;-0,09
2020-08-27T00:00:00+00:00;USDTHEDGE/USD;5271,50000000;5305,50000000;5267,50000000;5272,00000000;0,01
2020-08-26T00:00:00+00:00;USDTHEDGE/USD;5273,50000000;5300,50000000;5270,50000000;5271,50000000;-0,04
2020-08-25T00:00:00+00:00;USDTHEDGE/USD;5274,50000000;5286,50000000;5272,50000000;5273,50000000;-0,02
2020-08-24T00:00:00+00:00;USDTHEDGE/USD;5273,50000000;5305,50000000;5272,00000000;5274,50000000;0,02
2020-08-23T00:00:00+00:00;USDTHEDGE/USD;5279,50000000;5287,00000000;5273,50000000;5273,50000000;-0,11
2020-08-22T00:00:00+00:00;USDTHEDGE/USD;5282,00000000;5299,50000000;5278,50000000;5279,50000000;-0,05
2020-08-21T00:00:00+00:00;USDTHEDGE/USD;5279,50000000;5305,50000000;5278,00000000;5282,00000000;0,05
2020-08-20T00:00:00+00:00;USDTHEDGE/USD;5282,50000000;5305,50000000;5279,50000000;5279,50000000;-0,06
2020-08-19T00:00:00+00:00;USDTHEDGE/USD;5285,50000000;5305,50000000;5281,50000000;5282,50000000;-0,06
2020-08-18T00:00:00+00:00;USDTHEDGE/USD;5284,00000000;5305,50000000;5281,50000000;5285,50000000;0,03
2020-08-17T00:00:00+00:00;USDTHEDGE/USD;5287,00000000;5305,50000000;5283,00000000;5284,00000000;-0,06
2020-08-16T00:00:00+00:00;USDTHEDGE/USD;5287,00000000;5305,50000000;5285,50000000;5287,00000000;0,0
2020-08-15T00:00:00+00:00;USDTHEDGE/USD;5284,50000000;5305,50000000;5283,00000000;5287,00000000;0,05
2020-08-14T00:00:00+00:00;USDTHEDGE/USD;5289,00000000;5305,50000000;5283,00000000;5284,50000000;-0,09
2020-08-13T00:00:00+00:00;USDTHEDGE/USD;5295,50000000;5305,50000000;5289,00000000;5289,00000000;-0,12
2020-08-12T00:00:00+00:00;USDTHEDGE/USD;5296,00000000;5305,50000000;5292,50000000;5295,50000000;-0,01
2020-08-11T00:00:00+00:00;USDTHEDGE/USD;5292,50000000;5305,50000000;5288,50000000;5296,00000000;0,07
2020-08-10T00:00:00+00:00;USDTHEDGE/USD;5294,00000000;5305,50000000;5286,50000000;5292,50000000;-0,03
2020-08-09T00:00:00+00:00;USDTHEDGE/USD;5297,00000000;5305,50000000;5293,00000000;5294,00000000;-0,06
2020-08-08T00:00:00+00:00;USDTHEDGE/USD;5300,50000000;5305,50000000;5296,00000000;5297,00000000;-0,07
2020-08-07T00:00:00+00:00;USDTHEDGE/USD;5305,50000000;5305,50000000;5300,50000000;5300,50000000;-0,09
2020-08-06T00:00:00+00:00;USDTHEDGE/USD;5305,50000000;5305,50000000;5303,50000000;5305,50000000;0,0
2020-08-05T00:00:00+00:00;USDTHEDGE/USD;5305,50000000;5305,50000000;5305,50000000;5305,50000000;0,0
2020-08-04T00:00:00+00:00;USDTHEDGE/USD;5305,50000000;5305,50000000;5305,50000000;5305,50000000;0,0
2020-08-03T00:00:00+00:00;USDTHEDGE/USD;5305,50000000;5305,50000000;5305,50000000;5305,50000000;0,0
2020-08-02T00:00:00+00:00;USDTHEDGE/USD;5323,50000000;5371,00000000;5305,50000000;5305,50000000;-0,34
2020-08-01T00:00:00+00:00;USDTHEDGE/USD;5327,50000000;5380,50000000;5319,50000000;5323,50000000;-0,08
2020-07-31T00:00:00+00:00;USDTHEDGE/USD;5329,00000000;5380,50000000;5326,00000000;5327,50000000;-0,03
2020-07-30T00:00:00+00:00;USDTHEDGE/USD;5335,00000000;5370,50000000;5329,00000000;5329,00000000;-0,11
2020-07-29T00:00:00+00:00;USDTHEDGE/USD;5335,00000000;5380,50000000;5332,50000000;5335,00000000;0,0
2020-07-28T00:00:00+00:00;USDTHEDGE/USD;5339,00000000;5380,50000000;5335,00000000;5335,00000000;-0,07
2020-07-27T00:00:00+00:00;USDTHEDGE/USD;5343,50000000;5380,50000000;5336,00000000;5339,00000000;-0,08
2020-07-26T00:00:00+00:00;USDTHEDGE/USD;5347,00000000;5380,50000000;5343,50000000;5343,50000000;-0,07
2020-07-25T00:00:00+00:00;USDTHEDGE/USD;5350,00000000;5380,50000000;5346,50000000;5347,00000000;-0,06
2020-07-24T00:00:00+00:00;USDTHEDGE/USD;5356,00000000;5380,50000000;5350,00000000;5350,00000000;-0,11
2020-07-23T00:00:00+00:00;USDTHEDGE/USD;5358,00000000;5380,50000000;5354,50000000;5356,00000000;-0,04
2020-07-22T00:00:00+00:00;USDTHEDGE/USD;5363,50000000;5380,50000000;5358,00000000;5358,00000000;-0,1
2020-07-21T00:00:00+00:00;USDTHEDGE/USD;5367,50000000;5380,50000000;5363,50000000;5363,50000000;-0,07
2020-07-20T00:00:00+00:00;USDTHEDGE/USD;5371,00000000;5380,50000000;5367,00000000;5367,50000000;-0,07
2020-07-19T00:00:00+00:00;USDTHEDGE/USD;5374,00000000;5380,50000000;5369,50000000;5371,00000000;-0,06
2020-07-18T00:00:00+00:00;USDTHEDGE/USD;5378,00000000;5380,50000000;5373,00000000;5374,00000000;-0,07
2020-07-17T00:00:00+00:00;USDTHEDGE/USD;5380,50000000;5380,50000000;5378,00000000;5378,00000000;-0,05
2020-07-16T00:00:00+00:00;USDTHEDGE/USD;5380,50000000;5380,50000000;5379,50000000;5380,50000000;0,0
2020-07-15T00:00:00+00:00;USDTHEDGE/USD;5380,50000000;5380,50000000;5378,50000000;5380,50000000;0,0
2020-07-14T00:00:00+00:00;USDTHEDGE/USD;5380,50000000;5380,50000000;5380,50000000;5380,50000000;0,0
2020-07-13T00:00:00+00:00;USDTHEDGE/USD;5380,50000000;5380,50000000;5379,50000000;5380,50000000;0,0
2020-07-12T00:00:00+00:00;USDTHEDGE/USD;5380,50000000;5380,50000000;5380,50000000;5380,50000000;0,0
2020-07-11T00:00:00+00:00;USDTHEDGE/USD;5380,50000000;5380,50000000;5380,50000000;5380,50000000;0,0
2020-07-10T00:00:00+00:00;USDTHEDGE/USD;5380,50000000;5380,50000000;5380,50000000;5380,50000000;0,0
2020-07-09T00:00:00+00:00;USDTHEDGE/USD;5380,50000000;5380,50000000;5380,50000000;5380,50000000;0,0
2020-07-08T00:00:00+00:00;USDTHEDGE/USD;5380,50000000;5380,50000000;5380,50000000;5380,50000000;0,0
2020-07-07T00:00:00+00:00;USDTHEDGE/USD;5380,50000000;5380,50000000;5380,50000000;5380,50000000;0,0
2020-07-06T00:00:00+00:00;USDTHEDGE/USD;5380,50000000;5380,50000000;5380,50000000;5380,50000000;0,0
2020-07-05T00:00:00+00:00;USDTHEDGE/USD;5391,00000000;5400,00000000;5379,50000000;5380,50000000;-0,2
2020-07-04T00:00:00+00:00;USDTHEDGE/USD;5393,00000000;5400,00000000;5390,50000000;5391,00000000;-0,04
2020-07-03T00:00:00+00:00;USDTHEDGE/USD;5394,00000000;5400,00000000;5392,00000000;5393,00000000;-0,02
2020-07-02T00:00:00+00:00;USDTHEDGE/USD;5394,50000000;5400,00000000;5392,00000000;5394,00000000;-0,01
2020-07-01T00:00:00+00:00;USDTHEDGE/USD;5398,50000000;5400,00000000;5393,50000000;5394,50000000;-0,07
2020-06-30T00:00:00+00:00;USDTHEDGE/USD;5400,00000000;5400,00000000;5398,00000000;5398,50000000;-0,03
2020-06-29T00:00:00+00:00;USDTHEDGE/USD;5400,00000000;5400,00000000;5398,50000000;5400,00000000;0,0
2020-06-28T00:00:00+00:00;USDTHEDGE/USD;5400,00000000;5400,00000000;5400,00000000;5400,00000000;0,0
2020-06-27T00:00:00+00:00;USDTHEDGE/USD;5400,00000000;5400,00000000;5399,50000000;5400,00000000;0,0
2020-06-26T00:00:00+00:00;USDTHEDGE/USD;5400,00000000;5400,00000000;5397,50000000;5400,00000000;0,0
2020-06-25T00:00:00+00:00;USDTHEDGE/USD;5400,00000000;5400,00000000;5397,00000000;5400,00000000;0,0
2020-06-24T00:00:00+00:00;USDTHEDGE/USD;5396,00000000;5475,50000000;5394,00000000;5400,00000000;0,07
2020-06-23T00:00:00+00:00;USDTHEDGE/USD;5398,00000000;5424,50000000;5395,50000000;5396,00000000;-0,04
2020-06-22T00:00:00+00:00;USDTHEDGE/USD;5402,50000000;5463,00000000;5397,00000000;5398,00000000;-0,08
2020-06-21T00:00:00+00:00;USDTHEDGE/USD;5401,50000000;5472,00000000;5399,50000000;5402,50000000;0,02
2020-06-20T00:00:00+00:00;USDTHEDGE/USD;5406,00000000;5486,00000000;5400,50000000;5401,50000000;-0,08
2020-06-19T00:00:00+00:00;USDTHEDGE/USD;5403,50000000;5486,00000000;5400,50000000;5406,00000000;0,05
2020-06-18T00:00:00+00:00;USDTHEDGE/USD;5402,50000000;5444,50000000;5400,50000000;5403,50000000;0,02
2020-06-17T00:00:00+00:00;USDTHEDGE/USD;5400,00000000;5455,00000000;5398,50000000;5402,50000000;0,05
2020-06-16T00:00:00+00:00;USDTHEDGE/USD;5400,00000000;5486,00000000;5397,50000000;5400,00000000;0,0
2020-06-15T00:00:00+00:00;USDTHEDGE/USD;5402,00000000;5447,50000000;5400,00000000;5400,00000000;-0,04
2020-06-14T00:00:00+00:00;USDTHEDGE/USD;5402,50000000;5409,00000000;5400,00000000;5402,00000000;-0,01
2020-06-13T00:00:00+00:00;USDTHEDGE/USD;5405,00000000;5408,00000000;5402,50000000;5402,50000000;-0,05
2020-06-12T00:00:00+00:00;USDTHEDGE/USD;5409,50000000;5486,00000000;5404,50000000;5405,00000000;-0,08
2020-06-11T00:00:00+00:00;USDTHEDGE/USD;5405,00000000;5448,50000000;5401,50000000;5409,50000000;0,08
2020-06-10T00:00:00+00:00;USDTHEDGE/USD;5409,50000000;5464,00000000;5405,00000000;5405,00000000;-0,08
2020-06-09T00:00:00+00:00;USDTHEDGE/USD;5413,00000000;5446,00000000;5407,00000000;5409,50000000;-0,06
2020-06-08T00:00:00+00:00;USDTHEDGE/USD;5417,00000000;5474,50000000;5412,50000000;5413,00000000;-0,07
2020-06-07T00:00:00+00:00;USDTHEDGE/USD;5421,50000000;5452,50000000;5416,50000000;5417,00000000;-0,08
2020-06-06T00:00:00+00:00;USDTHEDGE/USD;5419,50000000;5486,00000000;5419,50000000;5421,50000000;0,04
2020-06-05T00:00:00+00:00;USDTHEDGE/USD;5421,50000000;5486,00000000;5419,00000000;5419,50000000;-0,04
2020-06-04T00:00:00+00:00;USDTHEDGE/USD;5425,00000000;5486,00000000;5421,00000000;5421,50000000;-0,06
2020-06-03T00:00:00+00:00;USDTHEDGE/USD;5426,50000000;5483,00000000;5423,50000000;5425,00000000;-0,03
2020-06-02T00:00:00+00:00;USDTHEDGE/USD;5429,50000000;5483,00000000;5424,00000000;5426,50000000;-0,06
2020-06-01T00:00:00+00:00;USDTHEDGE/USD;5433,50000000;5486,00000000;5423,00000000;5429,50000000;-0,07
2020-05-31T00:00:00+00:00;USDTHEDGE/USD;5433,00000000;5486,00000000;5430,50000000;5433,50000000;0,01
2020-05-30T00:00:00+00:00;USDTHEDGE/USD;5438,00000000;5486,00000000;5432,00000000;5433,00000000;-0,09
2020-05-29T00:00:00+00:00;USDTHEDGE/USD;5438,50000000;5486,00000000;5436,00000000;5438,00000000;-0,01
2020-05-28T00:00:00+00:00;USDTHEDGE/USD;5445,50000000;5486,00000000;5437,00000000;5438,50000000;-0,13
2020-05-27T00:00:00+00:00;USDTHEDGE/USD;5449,00000000;5486,00000000;5442,00000000;5445,50000000;-0,06
2020-05-26T00:00:00+00:00;USDTHEDGE/USD;5452,50000000;5486,00000000;5448,00000000;5449,00000000;-0,06
2020-05-25T00:00:00+00:00;USDTHEDGE/USD;5457,50000000;5483,50000000;5451,00000000;5452,50000000;-0,09
2020-05-24T00:00:00+00:00;USDTHEDGE/USD;5461,50000000;5480,00000000;5455,00000000;5457,50000000;-0,07
2020-05-23T00:00:00+00:00;USDTHEDGE/USD;5468,50000000;5486,00000000;5458,50000000;5461,50000000;-0,13
2020-05-22T00:00:00+00:00;USDTHEDGE/USD;5471,50000000;5486,00000000;5465,00000000;5468,50000000;-0,05
2020-05-21T00:00:00+00:00;USDTHEDGE/USD;5471,00000000;5486,00000000;5468,50000000;5471,50000000;0,01
2020-05-20T00:00:00+00:00;USDTHEDGE/USD;5471,50000000;5486,00000000;5468,00000000;5471,00000000;-0,01
2020-05-19T00:00:00+00:00;USDTHEDGE/USD;5476,00000000;5486,00000000;5470,50000000;5471,50000000;-0,08
2020-05-18T00:00:00+00:00;USDTHEDGE/USD;5476,50000000;5486,00000000;5473,50000000;5476,00000000;-0,01
2020-05-17T00:00:00+00:00;USDTHEDGE/USD;5480,50000000;5486,00000000;5474,00000000;5476,50000000;-0,07
2020-05-16T00:00:00+00:00;USDTHEDGE/USD;5485,00000000;5486,00000000;5478,50000000;5480,50000000;-0,08
2020-05-15T00:00:00+00:00;USDTHEDGE/USD;5481,00000000;5486,00000000;5478,50000000;5485,00000000;0,07
2020-05-14T00:00:00+00:00;USDTHEDGE/USD;5477,50000000;5486,00000000;5476,00000000;5481,00000000;0,06
2020-05-13T00:00:00+00:00;USDTHEDGE/USD;5487,00000000;5487,00000000;5477,50000000;5477,50000000;-0,17
2020-05-12T00:00:00+00:00;USDTHEDGE/USD;5490,00000000;5556,50000000;5486,50000000;5487,00000000;-0,05
2020-05-11T00:00:00+00:00;USDTHEDGE/USD;5492,00000000;5514,50000000;5486,50000000;5490,00000000;-0,04
2020-05-10T00:00:00+00:00;USDTHEDGE/USD;5494,00000000;5537,00000000;5488,00000000;5492,00000000;-0,04
2020-05-09T00:00:00+00:00;USDTHEDGE/USD;5488,50000000;5535,00000000;5486,50000000;5494,00000000;0,1
2020-05-08T00:00:00+00:00;USDTHEDGE/USD;5489,50000000;5556,50000000;5487,00000000;5488,50000000;-0,02
2020-05-07T00:00:00+00:00;USDTHEDGE/USD;5492,00000000;5556,50000000;5488,00000000;5489,50000000;-0,05
2020-05-06T00:00:00+00:00;USDTHEDGE/USD;5495,00000000;5556,50000000;5490,00000000;5492,00000000;-0,05
2020-05-05T00:00:00+00:00;USDTHEDGE/USD;5495,50000000;5556,50000000;5491,50000000;5495,00000000;-0,01
2020-05-04T00:00:00+00:00;USDTHEDGE/USD;5501,00000000;5556,50000000;5495,50000000;5495,50000000;-0,1
2020-05-03T00:00:00+00:00;USDTHEDGE/USD;5499,00000000;5508,00000000;5497,00000000;5501,00000000;0,04
2020-05-02T00:00:00+00:00;USDTHEDGE/USD;5505,00000000;5545,00000000;5497,00000000;5499,00000000;-0,11
2020-05-01T00:00:00+00:00;USDTHEDGE/USD;5508,00000000;5556,50000000;5501,00000000;5505,00000000;-0,05
2020-04-30T00:00:00+00:00;USDTHEDGE/USD;5503,50000000;5556,50000000;5500,50000000;5508,00000000;0,08
2020-04-29T00:00:00+00:00;USDTHEDGE/USD;5505,50000000;5556,50000000;5497,50000000;5503,50000000;-0,04
2020-04-28T00:00:00+00:00;USDTHEDGE/USD;5509,50000000;5556,50000000;5505,00000000;5505,50000000;-0,07
2020-04-27T00:00:00+00:00;USDTHEDGE/USD;5511,00000000;5556,50000000;5509,50000000;5509,50000000;-0,03
2020-04-26T00:00:00+00:00;USDTHEDGE/USD;5513,00000000;5544,00000000;5510,00000000;5511,00000000;-0,04
2020-04-25T00:00:00+00:00;USDTHEDGE/USD;5512,00000000;5556,50000000;5510,00000000;5513,00000000;0,02
2020-04-24T00:00:00+00:00;USDTHEDGE/USD;5511,00000000;5556,50000000;5508,50000000;5512,00000000;0,02
2020-04-23T00:00:00+00:00;USDTHEDGE/USD;5510,00000000;5556,50000000;5507,50000000;5511,00000000;0,02
2020-04-22T00:00:00+00:00;USDTHEDGE/USD;5511,50000000;5556,50000000;5507,50000000;5510,00000000;-0,03
2020-04-21T00:00:00+00:00;USDTHEDGE/USD;5513,00000000;5556,50000000;5510,50000000;5511,50000000;-0,03
2020-04-20T00:00:00+00:00;USDTHEDGE/USD;5512,00000000;5556,50000000;5510,50000000;5513,00000000;0,02
2020-04-19T00:00:00+00:00;USDTHEDGE/USD;5512,50000000;5556,50000000;5510,00000000;5512,00000000;-0,01
2020-04-18T00:00:00+00:00;USDTHEDGE/USD;5514,50000000;5519,50000000;5511,00000000;5512,50000000;-0,04
2020-04-17T00:00:00+00:00;USDTHEDGE/USD;5514,50000000;5556,50000000;5511,00000000;5514,50000000;0,0
2020-04-16T00:00:00+00:00;USDTHEDGE/USD;5520,50000000;5556,50000000;5513,00000000;5514,50000000;-0,11
2020-04-15T00:00:00+00:00;USDTHEDGE/USD;5516,50000000;5556,50000000;5516,50000000;5520,50000000;0,07
2020-04-14T00:00:00+00:00;USDTHEDGE/USD;5518,00000000;5556,50000000;5512,50000000;5516,50000000;-0,03
2020-04-13T00:00:00+00:00;USDTHEDGE/USD;5519,50000000;5556,50000000;5517,00000000;5518,00000000;-0,03
2020-04-12T00:00:00+00:00;USDTHEDGE/USD;5527,50000000;5548,50000000;5516,00000000;5519,50000000;-0,14
2020-04-11T00:00:00+00:00;USDTHEDGE/USD;5529,50000000;5555,50000000;5525,50000000;5527,50000000;-0,04
2020-04-10T00:00:00+00:00;USDTHEDGE/USD;5533,50000000;5552,00000000;5528,50000000;5529,50000000;-0,07
2020-04-09T00:00:00+00:00;USDTHEDGE/USD;5536,50000000;5555,00000000;5531,50000000;5533,50000000;-0,05
2020-04-08T00:00:00+00:00;USDTHEDGE/USD;5542,00000000;5556,50000000;5535,50000000;5536,50000000;-0,1
2020-04-07T00:00:00+00:00;USDTHEDGE/USD;5538,00000000;5556,50000000;5534,50000000;5542,00000000;0,07
2020-04-06T00:00:00+00:00;USDTHEDGE/USD;5540,50000000;5556,50000000;5536,00000000;5538,00000000;-0,05
2020-04-05T00:00:00+00:00;USDTHEDGE/USD;5538,50000000;5556,50000000;5536,50000000;5540,50000000;0,04
2020-04-04T00:00:00+00:00;USDTHEDGE/USD;5546,50000000;5554,00000000;5538,00000000;5538,50000000;-0,14
2020-04-03T00:00:00+00:00;USDTHEDGE/USD;5549,50000000;5556,50000000;5546,00000000;5546,50000000;-0,05
2020-04-02T00:00:00+00:00;USDTHEDGE/USD;5542,00000000;5556,50000000;5537,50000000;5549,50000000;0,14
2020-04-01T00:00:00+00:00;USDTHEDGE/USD;5545,00000000;5556,50000000;5541,00000000;5542,00000000;-0,05
2020-03-31T00:00:00+00:00;USDTHEDGE/USD;5546,50000000;5556,50000000;5545,00000000;5545,00000000;-0,03
2020-03-30T00:00:00+00:00;USDTHEDGE/USD;5556,50000000;5556,50000000;5544,50000000;5546,50000000;-0,18
2020-03-29T00:00:00+00:00;USDTHEDGE/USD;5552,00000000;5556,50000000;5547,00000000;5556,50000000;0,08
2020-03-28T00:00:00+00:00;USDTHEDGE/USD;5554,00000000;5556,50000000;5548,50000000;5552,00000000;-0,04
2020-03-27T00:00:00+00:00;USDTHEDGE/USD;5546,50000000;5556,50000000;5542,00000000;5554,00000000;0,14
2020-03-26T00:00:00+00:00;USDTHEDGE/USD;5556,50000000;5556,50000000;5545,00000000;5546,50000000;-0,18
2020-03-25T00:00:00+00:00;USDTHEDGE/USD;5556,50000000;5556,50000000;5553,00000000;5556,50000000;0,0
2020-03-24T00:00:00+00:00;USDTHEDGE/USD;5556,50000000;5556,50000000;5551,50000000;5556,50000000;0,0
2020-03-23T00:00:00+00:00;USDTHEDGE/USD;5576,50000000;5580,50000000;5556,50000000;5556,50000000;-0,36
2020-03-22T00:00:00+00:00;USDTHEDGE/USD;5579,00000000;5580,50000000;5570,00000000;5576,50000000;-0,04
2020-03-21T00:00:00+00:00;USDTHEDGE/USD;5580,50000000;5580,50000000;5573,50000000;5579,00000000;-0,03
2020-03-20T00:00:00+00:00;USDTHEDGE/USD;5570,50000000;5585,00000000;5558,00000000;5580,50000000;0,18
2020-03-19T00:00:00+00:00;USDTHEDGE/USD;5581,00000000;5602,50000000;5563,50000000;5570,50000000;-0,19
2020-03-18T00:00:00+00:00;USDTHEDGE/USD;5598,50000000;5609,50000000;5572,50000000;5581,00000000;-0,31
2020-03-17T00:00:00+00:00;USDTHEDGE/USD;5609,50000000;5638,50000000;5575,50000000;5598,50000000;-0,2
2020-03-16T00:00:00+00:00;USDTHEDGE/USD;5623,00000000;5638,50000000;5588,00000000;5609,50000000;-0,24
2020-03-15T00:00:00+00:00;USDTHEDGE/USD;5620,50000000;5638,50000000;5596,00000000;5623,00000000;0,04
2020-03-14T00:00:00+00:00;USDTHEDGE/USD;5582,50000000;5622,00000000;5571,00000000;5620,50000000;0,68
2020-03-13T00:00:00+00:00;USDTHEDGE/USD;5622,00000000;5638,50000000;5425,50000000;5582,50000000;-0,71
2020-03-12T00:00:00+00:00;USDTHEDGE/USD;5616,50000000;5653,50000000;5588,50000000;5622,00000000;0,1
2020-03-11T00:00:00+00:00;USDTHEDGE/USD;5621,00000000;5638,50000000;5614,50000000;5616,50000000;-0,08
2020-03-10T00:00:00+00:00;USDTHEDGE/USD;5621,50000000;5638,00000000;5615,00000000;5621,00000000;-0,01
2020-03-09T00:00:00+00:00;USDTHEDGE/USD;5611,50000000;5631,00000000;5611,50000000;5621,50000000;0,18
2020-03-08T00:00:00+00:00;USDTHEDGE/USD;5613,00000000;5624,00000000;5609,00000000;5611,50000000;-0,03
2020-03-07T00:00:00+00:00;USDTHEDGE/USD;5610,00000000;5617,00000000;5606,00000000;5613,00000000;0,05
2020-03-06T00:00:00+00:00;USDTHEDGE/USD;5617,50000000;5627,50000000;5610,00000000;5610,00000000;-0,13
2020-03-05T00:00:00+00:00;USDTHEDGE/USD;5620,00000000;5637,50000000;5614,50000000;5617,50000000;-0,04
2020-03-04T00:00:00+00:00;USDTHEDGE/USD;5625,50000000;5630,50000000;5619,00000000;5620,00000000;-0,1
2020-03-03T00:00:00+00:00;USDTHEDGE/USD;5623,50000000;5635,50000000;5619,50000000;5625,50000000;0,04
2020-03-02T00:00:00+00:00;USDTHEDGE/USD;5630,00000000;5637,50000000;5623,50000000;5623,50000000;-0,12
2020-03-01T00:00:00+00:00;USDTHEDGE/USD;5626,50000000;5637,50000000;5620,00000000;5630,00000000;0,06
2020-02-29T00:00:00+00:00;USDTHEDGE/USD;5628,00000000;5634,50000000;5623,00000000;5626,50000000;-0,03
2020-02-28T00:00:00+00:00;USDTHEDGE/USD;5635,50000000;5638,50000000;5627,00000000;5628,00000000;-0,13
2020-02-27T00:00:00+00:00;USDTHEDGE/USD;5637,00000000;5638,50000000;5627,00000000;5635,50000000;-0,03
2020-02-26T00:00:00+00:00;USDTHEDGE/USD;5633,50000000;5638,50000000;5628,00000000;5637,00000000;0,06
2020-02-25T00:00:00+00:00;USDTHEDGE/USD;5629,00000000;5638,50000000;5623,00000000;5633,50000000;0,08
2020-02-24T00:00:00+00:00;USDTHEDGE/USD;5620,50000000;5636,50000000;5610,50000000;5629,00000000;0,15
2020-02-23T00:00:00+00:00;USDTHEDGE/USD;5628,00000000;5629,00000000;5616,50000000;5620,50000000;-0,13
2020-02-22T00:00:00+00:00;USDTHEDGE/USD;5631,50000000;5638,50000000;5628,00000000;5628,00000000;-0,06
2020-02-21T00:00:00+00:00;USDTHEDGE/USD;5636,50000000;5638,50000000;5629,50000000;5631,50000000;-0,09
2020-02-20T00:00:00+00:00;USDTHEDGE/USD;5632,50000000;5638,50000000;5627,00000000;5636,50000000;0,07
2020-02-19T00:00:00+00:00;USDTHEDGE/USD;5637,00000000;5638,50000000;5621,50000000;5632,50000000;-0,08
2020-02-18T00:00:00+00:00;USDTHEDGE/USD;5638,50000000;5638,50000000;5635,00000000;5637,00000000;-0,03
2020-02-17T00:00:00+00:00;USDTHEDGE/USD;5648,50000000;5652,00000000;5636,50000000;5638,50000000;-0,18
2020-02-16T00:00:00+00:00;USDTHEDGE/USD;5653,50000000;5664,00000000;5644,00000000;5648,50000000;-0,09
2020-02-15T00:00:00+00:00;USDTHEDGE/USD;5656,00000000;5665,00000000;5647,00000000;5653,50000000;-0,04
2020-02-14T00:00:00+00:00;USDTHEDGE/USD;5666,50000000;5682,50000000;5655,00000000;5656,00000000;-0,19
2020-02-13T00:00:00+00:00;USDTHEDGE/USD;5658,00000000;5676,00000000;5650,00000000;5666,50000000;0,15
2020-02-12T00:00:00+00:00;USDTHEDGE/USD;5662,00000000;5676,00000000;5651,50000000;5658,00000000;-0,07
2020-02-11T00:00:00+00:00;USDTHEDGE/USD;5686,00000000;5690,50000000;5657,00000000;5662,00000000;-0,42
2020-02-10T00:00:00+00:00;USDTHEDGE/USD;5687,00000000;5694,50000000;5678,50000000;5686,00000000;-0,02
2020-02-09T00:00:00+00:00;USDTHEDGE/USD;5699,50000000;5701,50000000;5687,00000000;5687,00000000;-0,22
2020-02-08T00:00:00+00:00;USDTHEDGE/USD;5701,50000000;5701,50000000;5698,00000000;5699,50000000;-0,04
2020-02-07T00:00:00+00:00;USDTHEDGE/USD;5701,50000000;5702,50000000;5701,50000000;5701,50000000;0,0
2020-02-06T00:00:00+00:00;USDTHEDGE/USD;5701,00000000;5702,00000000;5699,50000000;5701,50000000;0,01
2020-02-05T00:00:00+00:00;USDTHEDGE/USD;5707,00000000;5711,50000000;5701,00000000;5701,00000000;-0,11
2020-02-04T00:00:00+00:00;USDTHEDGE/USD;5704,00000000;5707,50000000;5703,00000000;5707,00000000;0,05
2020-02-03T00:00:00+00:00;USDTHEDGE/USD;5703,00000000;5709,00000000;5700,00000000;5704,00000000;0,02
2020-02-02T00:00:00+00:00;USDTHEDGE/USD;5703,00000000;5703,00000000;5701,00000000;5703,00000000;0,0
2020-02-01T00:00:00+00:00;USDTHEDGE/USD;5703,50000000;5703,50000000;5703,00000000;5703,00000000;-0,01
2020-01-31T00:00:00+00:00;USDTHEDGE/USD;5703,00000000;5704,50000000;5703,00000000;5703,50000000;0,01
2020-01-30T00:00:00+00:00;USDTHEDGE/USD;5700,50000000;5707,00000000;5699,50000000;5703,00000000;0,04
2020-01-29T00:00:00+00:00;USDTHEDGE/USD;5699,50000000;5700,50000000;5693,50000000;5700,50000000;0,02
2020-01-28T00:00:00+00:00;USDTHEDGE/USD;5703,00000000;5703,00000000;5698,00000000;5700,50000000;-0,04
2020-01-27T00:00:00+00:00;USDTHEDGE/USD;5699,50000000;5705,00000000;5696,00000000;5703,00000000;0,06
2020-01-26T00:00:00+00:00;USDTHEDGE/USD;5695,00000000;5701,00000000;5694,50000000;5699,50000000;0,08
2020-01-25T00:00:00+00:00;USDTHEDGE/USD;5691,50000000;5698,00000000;5691,50000000;5695,00000000;0,06
2020-01-24T00:00:00+00:00;USDTHEDGE/USD;5698,00000000;5698,00000000;5691,50000000;5691,50000000;-0,11
2020-01-23T00:00:00+00:00;USDTHEDGE/USD;5694,50000000;5701,00000000;5679,00000000;5698,00000000;0,06
2020-01-22T00:00:00+00:00;USDTHEDGE/USD;5687,50000000;5694,50000000;5675,50000000;5694,50000000;0,12
2020-01-21T00:00:00+00:00;USDTHEDGE/USD;5680,00000000;5687,50000000;5678,50000000;5687,50000000;0,13
2020-01-20T00:00:00+00:00;USDTHEDGE/USD;5683,00000000;5683,00000000;5678,00000000;5680,00000000;-0,05
2020-01-19T00:00:00+00:00;USDTHEDGE/USD;5679,00000000;5684,00000000;5676,50000000;5683,00000000;0,07
2020-01-18T00:00:00+00:00;USDTHEDGE/USD;5680,50000000;5680,50000000;5676,50000000;5679,00000000;-0,03
2020-01-17T00:00:00+00:00;USDTHEDGE/USD;5677,50000000;5680,50000000;5673,00000000;5680,50000000;0,05
2020-01-16T00:00:00+00:00;USDTHEDGE/USD;5675,00000000;5680,00000000;5673,00000000;5677,50000000;0,04
2020-01-15T00:00:00+00:00;USDTHEDGE/USD;5673,00000000;5682,50000000;5673,00000000;5675,00000000;0,04
2020-01-14T00:00:00+00:00;USDTHEDGE/USD;5687,00000000;5688,00000000;5672,50000000;5673,00000000;-0,25
2020-01-13T00:00:00+00:00;USDTHEDGE/USD;5686,00000000;5689,50000000;5681,50000000;5687,00000000;0,02
2020-01-12T00:00:00+00:00;USDTHEDGE/USD;5684,00000000;5689,50000000;5682,50000000;5686,00000000;0,04
2020-01-11T00:00:00+00:00;USDTHEDGE/USD;5689,50000000;5689,50000000;5684,00000000;5684,00000000;-0,1
2020-01-10T00:00:00+00:00;USDTHEDGE/USD;5691,50000000;5698,00000000;5686,50000000;5689,50000000;-0,04
2020-01-09T00:00:00+00:00;USDTHEDGE/USD;5697,50000000;5710,00000000;5689,00000000;5691,50000000;-0,11
2020-01-08T00:00:00+00:00;USDTHEDGE/USD;5700,50000000;5715,00000000;5691,50000000;5697,50000000;-0,05
2020-01-07T00:00:00+00:00;USDTHEDGE/USD;5710,00000000;5715,00000000;5697,00000000;5700,50000000;-0,17

