DATE/TIME;SYMBOL;OPEN;HIGH;LOW;CLOSE;EVOL % CLOSE/HIGH
2022-01-05T00:00:00+00:00;ETHBULL/USD;904,00000000;947,25000000;890,50000000;929,50000000;2,74
2022-01-04T00:00:00+00:00;ETHBULL/USD;889,50000000;980,50000000;854,50000000;904,00000000;1,6
2022-01-03T00:00:00+00:00;ETHBULL/USD;937,50000000;951,75000000;831,00000000;889,50000000;-5,4
2022-01-02T00:00:00+00:00;ETHBULL/USD;893,75000000;955,75000000;858,25000000;937,50000000;4,67
2022-01-01T00:00:00+00:00;ETHBULL/USD;835,00000000;900,00000000;832,00000000;893,75000000;6,57
2021-12-31T00:00:00+00:00;ETHBULL/USD;855,75000000;928,75000000;796,00000000;835,00000000;-2,49
2021-12-30T00:00:00+00:00;ETHBULL/USD;804,50000000;895,00000000;773,25000000;855,75000000;5,99
2021-12-29T00:00:00+00:00;ETHBULL/USD;924,75000000;949,00000000;785,50000000;804,50000000;-14,95
2021-12-28T00:00:00+00:00;ETHBULL/USD;1134,00000000;1134,00000000;898,00000000;924,75000000;-22,63
2021-12-27T00:00:00+00:00;ETHBULL/USD;1156,00000000;1208,50000000;1125,00000000;1134,00000000;-1,94
2021-12-26T00:00:00+00:00;ETHBULL/USD;1182,00000000;1191,50000000;1104,00000000;1156,00000000;-2,25
2021-12-25T00:00:00+00:00;ETHBULL/USD;1145,00000000;1221,50000000;1121,50000000;1182,00000000;3,13
2021-12-24T00:00:00+00:00;ETHBULL/USD;1202,50000000;1220,50000000;1119,50000000;1145,00000000;-5,02
2021-12-23T00:00:00+00:00;ETHBULL/USD;1097,00000000;1236,50000000;1016,50000000;1202,50000000;8,77
2021-12-22T00:00:00+00:00;ETHBULL/USD;1126,00000000;1174,50000000;1058,50000000;1097,00000000;-2,64
2021-12-21T00:00:00+00:00;ETHBULL/USD;1070,00000000;1167,00000000;1043,00000000;1126,00000000;4,97
2021-12-20T00:00:00+00:00;ETHBULL/USD;1055,50000000;1102,00000000;919,25000000;1070,00000000;1,36
2021-12-19T00:00:00+00:00;ETHBULL/USD;1081,50000000;1150,00000000;1018,00000000;1055,50000000;-2,46
2021-12-18T00:00:00+00:00;ETHBULL/USD;1018,00000000;1113,00000000;932,00000000;1081,50000000;5,87
2021-12-17T00:00:00+00:00;ETHBULL/USD;1089,50000000;1119,50000000;873,00000000;1018,00000000;-7,02
2021-12-16T00:00:00+00:00;ETHBULL/USD;1142,50000000;1222,00000000;1082,50000000;1089,50000000;-4,86
2021-12-15T00:00:00+00:00;ETHBULL/USD;1015,25000000;1198,00000000;850,00000000;1142,50000000;11,14
2021-12-14T00:00:00+00:00;ETHBULL/USD;955,75000000;1031,00000000;884,25000000;1015,25000000;5,86
2021-12-13T00:00:00+00:00;ETHBULL/USD;1318,50000000;1328,50000000;878,00000000;955,75000000;-37,95
2021-12-12T00:00:00+00:00;ETHBULL/USD;1280,50000000;1359,00000000;1183,50000000;1318,50000000;2,88
2021-12-11T00:00:00+00:00;ETHBULL/USD;1115,00000000;1286,50000000;1059,50000000;1280,50000000;12,92
2021-12-10T00:00:00+00:00;ETHBULL/USD;1315,00000000;1437,00000000;1104,00000000;1115,00000000;-17,94
2021-12-09T00:00:00+00:00;ETHBULL/USD;1703,50000000;1759,50000000;1285,50000000;1315,00000000;-29,54
2021-12-08T00:00:00+00:00;ETHBULL/USD;1558,50000000;1718,00000000;1474,00000000;1703,50000000;8,51
2021-12-07T00:00:00+00:00;ETHBULL/USD;1617,00000000;1704,50000000;1505,00000000;1558,50000000;-3,75
2021-12-06T00:00:00+00:00;ETHBULL/USD;1450,00000000;1642,00000000;1170,00000000;1617,00000000;10,33
2021-12-05T00:00:00+00:00;ETHBULL/USD;1394,50000000;1522,50000000;1282,00000000;1450,00000000;3,83
2021-12-04T00:00:00+00:00;ETHBULL/USD;1683,50000000;1707,50000000;870,00000000;1394,50000000;-20,72
2021-12-03T00:00:00+00:00;ETHBULL/USD;2100,50000000;2292,50000000;1460,00000000;1683,50000000;-24,77
2021-12-02T00:00:00+00:00;ETHBULL/USD;2216,50000000;2273,50000000;1985,50000000;2100,50000000;-5,52
2021-12-01T00:00:00+00:00;ETHBULL/USD;2275,00000000;2489,00000000;2120,00000000;2216,50000000;-2,64
2021-11-30T00:00:00+00:00;ETHBULL/USD;2021,50000000;2441,00000000;1894,50000000;2275,00000000;11,14
2021-11-29T00:00:00+00:00;ETHBULL/USD;1836,00000000;2059,50000000;1815,50000000;2021,50000000;9,18
2021-11-28T00:00:00+00:00;ETHBULL/USD;1600,00000000;1840,00000000;1450,00000000;1836,00000000;12,85
2021-11-27T00:00:00+00:00;ETHBULL/USD;1537,50000000;1700,00000000;1516,50000000;1600,00000000;3,91
2021-11-26T00:00:00+00:00;ETHBULL/USD;2283,00000000;2317,50000000;1400,00000000;1537,50000000;-48,49
2021-11-25T00:00:00+00:00;ETHBULL/USD;1929,50000000;2311,50000000;1900,00000000;2283,00000000;15,48
2021-11-24T00:00:00+00:00;ETHBULL/USD;2042,00000000;2081,00000000;1787,00000000;1929,50000000;-5,83
2021-11-23T00:00:00+00:00;ETHBULL/USD;1726,00000000;2097,00000000;1691,00000000;2042,00000000;15,48
2021-11-22T00:00:00+00:00;ETHBULL/USD;1958,50000000;2054,00000000;1635,50000000;1726,00000000;-13,47
2021-11-21T00:00:00+00:00;ETHBULL/USD;2191,00000000;2240,50000000;1932,00000000;1958,50000000;-11,87
2021-11-20T00:00:00+00:00;ETHBULL/USD;2032,00000000;2228,00000000;1899,00000000;2191,00000000;7,26
2021-11-19T00:00:00+00:00;ETHBULL/USD;1661,00000000;2046,00000000;1633,50000000;2032,00000000;18,26
2021-11-18T00:00:00+00:00;ETHBULL/USD;2082,50000000;2160,00000000;1600,00000000;1661,00000000;-25,38
2021-11-17T00:00:00+00:00;ETHBULL/USD;1973,00000000;2096,00000000;1774,00000000;2082,50000000;5,26
2021-11-16T00:00:00+00:00;ETHBULL/USD;2568,00000000;2572,00000000;1825,00000000;1973,00000000;-30,16
2021-11-15T00:00:00+00:00;ETHBULL/USD;2684,00000000;2930,00000000;2529,00000000;2568,00000000;-4,52
2021-11-14T00:00:00+00:00;ETHBULL/USD;2721,00000000;2799,00000000;2488,00000000;2684,00000000;-1,38
2021-11-13T00:00:00+00:00;ETHBULL/USD;2759,00000000;2827,00000000;2613,00000000;2721,00000000;-1,4
2021-11-12T00:00:00+00:00;ETHBULL/USD;2852,00000000;3026,00000000;2472,00000000;2759,00000000;-3,37
2021-11-11T00:00:00+00:00;ETHBULL/USD;2723,00000000;2963,00000000;2610,00000000;2852,00000000;4,52
2021-11-10T00:00:00+00:00;ETHBULL/USD;2899,00000000;3150,00000000;2461,00000000;2723,00000000;-6,46
2021-11-09T00:00:00+00:00;ETHBULL/USD;3060,00000000;3101,00000000;2863,00000000;2899,00000000;-5,55
2021-11-08T00:00:00+00:00;ETHBULL/USD;2710,00000000;3084,00000000;2707,00000000;3060,00000000;11,44
2021-11-07T00:00:00+00:00;ETHBULL/USD;2556,00000000;2750,00000000;2529,00000000;2710,00000000;5,68
2021-11-06T00:00:00+00:00;ETHBULL/USD;2486,00000000;2578,00000000;2245,00000000;2556,00000000;2,74
2021-11-05T00:00:00+00:00;ETHBULL/USD;2592,00000000;2652,00000000;2432,00000000;2487,00000000;-4,22
2021-11-04T00:00:00+00:00;ETHBULL/USD;2721,00000000;2733,00000000;2402,50000000;2592,00000000;-4,98
2021-11-03T00:00:00+00:00;ETHBULL/USD;2708,00000000;2828,00000000;2463,00000000;2721,00000000;0,48
2021-11-02T00:00:00+00:00;ETHBULL/USD;2284,50000000;2724,50000000;2226,00000000;2708,00000000;15,64
2021-11-01T00:00:00+00:00;ETHBULL/USD;2233,50000000;2375,00000000;2021,50000000;2284,50000000;2,23
2021-10-31T00:00:00+00:00;ETHBULL/USD;2291,00000000;2407,00000000;2046,00000000;2233,50000000;-2,57
2021-10-30T00:00:00+00:00;ETHBULL/USD;2452,00000000;2475,50000000;2159,50000000;2291,00000000;-7,03
2021-10-29T00:00:00+00:00;ETHBULL/USD;2250,50000000;2549,50000000;2221,50000000;2451,00000000;8,18
2021-10-28T00:00:00+00:00;ETHBULL/USD;1763,00000000;2289,50000000;1722,50000000;2250,50000000;21,66
2021-10-27T00:00:00+00:00;ETHBULL/USD;2075,50000000;2385,00000000;1755,50000000;1763,00000000;-17,73
2021-10-26T00:00:00+00:00;ETHBULL/USD;2228,50000000;2351,00000000;2010,50000000;2075,50000000;-7,37
2021-10-25T00:00:00+00:00;ETHBULL/USD;2026,00000000;2248,00000000;2006,00000000;2228,50000000;9,09
2021-10-24T00:00:00+00:00;ETHBULL/USD;2167,00000000;2190,50000000;1833,50000000;2026,00000000;-6,96
2021-10-23T00:00:00+00:00;ETHBULL/USD;1889,50000000;2188,00000000;1836,50000000;2167,00000000;12,81
2021-10-22T00:00:00+00:00;ETHBULL/USD;2021,00000000;2190,50000000;1770,00000000;1889,50000000;-6,96
2021-10-21T00:00:00+00:00;ETHBULL/USD;2199,50000000;2529,00000000;1876,00000000;2021,00000000;-8,83
2021-10-20T00:00:00+00:00;ETHBULL/USD;1800,00000000;2204,50000000;1725,00000000;2199,50000000;18,16
2021-10-19T00:00:00+00:00;ETHBULL/USD;1633,50000000;1814,50000000;1615,50000000;1800,00000000;9,25
2021-10-18T00:00:00+00:00;ETHBULL/USD;1778,00000000;1843,00000000;1538,50000000;1633,50000000;-8,85
2021-10-17T00:00:00+00:00;ETHBULL/USD;1758,00000000;1877,00000000;1513,50000000;1778,00000000;1,12
2021-10-16T00:00:00+00:00;ETHBULL/USD;1819,50000000;1958,00000000;1717,00000000;1758,00000000;-3,5
2021-10-15T00:00:00+00:00;ETHBULL/USD;1717,50000000;1878,50000000;1639,50000000;1819,50000000;5,61
2021-10-14T00:00:00+00:00;ETHBULL/USD;1494,50000000;1755,00000000;1469,00000000;1717,50000000;12,98
2021-10-13T00:00:00+00:00;ETHBULL/USD;1353,00000000;1500,00000000;1258,00000000;1494,50000000;9,47
2021-10-12T00:00:00+00:00;ETHBULL/USD;1420,00000000;1425,00000000;1255,00000000;1353,00000000;-4,95
2021-10-11T00:00:00+00:00;ETHBULL/USD;1281,50000000;1506,50000000;1234,50000000;1420,00000000;9,75
2021-10-10T00:00:00+00:00;ETHBULL/USD;1480,50000000;1519,00000000;1266,00000000;1281,50000000;-15,53
2021-10-09T00:00:00+00:00;ETHBULL/USD;1468,00000000;1552,00000000;1437,00000000;1480,50000000;0,84
2021-10-08T00:00:00+00:00;ETHBULL/USD;1501,00000000;1609,00000000;1436,00000000;1468,00000000;-2,25
2021-10-07T00:00:00+00:00;ETHBULL/USD;1490,00000000;1586,50000000;1353,00000000;1501,00000000;0,73
2021-10-06T00:00:00+00:00;ETHBULL/USD;1419,00000000;1560,00000000;1209,00000000;1490,00000000;4,77
2021-10-05T00:00:00+00:00;ETHBULL/USD;1271,00000000;1456,50000000;1243,50000000;1419,00000000;10,43
2021-10-04T00:00:00+00:00;ETHBULL/USD;1315,50000000;1334,00000000;1135,50000000;1271,00000000;-3,5
2021-10-03T00:00:00+00:00;ETHBULL/USD;1281,00000000;1398,00000000;1230,50000000;1315,50000000;2,62
2021-10-02T00:00:00+00:00;ETHBULL/USD;1193,00000000;1367,50000000;1140,00000000;1281,00000000;6,87
2021-10-01T00:00:00+00:00;ETHBULL/USD;914,25000000;1213,00000000;882,00000000;1193,00000000;23,37
2021-09-30T00:00:00+00:00;ETHBULL/USD;788,25000000;956,00000000;777,50000000;914,25000000;13,78
2021-09-29T00:00:00+00:00;ETHBULL/USD;752,50000000;869,00000000;733,50000000;788,25000000;4,54
2021-09-28T00:00:00+00:00;ETHBULL/USD;859,50000000;896,25000000;738,75000000;752,50000000;-14,22
2021-09-27T00:00:00+00:00;ETHBULL/USD;993,25000000;1090,75000000;856,75000000;859,50000000;-15,56
2021-09-26T00:00:00+00:00;ETHBULL/USD;868,50000000;1041,75000000;703,75000000;993,25000000;12,56
2021-09-25T00:00:00+00:00;ETHBULL/USD;875,00000000;909,75000000;753,00000000;868,50000000;-0,75
2021-09-24T00:00:00+00:00;ETHBULL/USD;1158,00000000;1168,00000000;711,75000000;875,00000000;-32,34
2021-09-23T00:00:00+00:00;ETHBULL/USD;1079,00000000;1180,00000000;1033,75000000;1158,00000000;6,82
2021-09-22T00:00:00+00:00;ETHBULL/USD;802,50000000;1089,50000000;779,25000000;1079,00000000;25,63
2021-09-21T00:00:00+00:00;ETHBULL/USD;1021,75000000;1151,50000000;686,00000000;802,25000000;-27,36
2021-09-20T00:00:00+00:00;ETHBULL/USD;1499,50000000;1519,00000000;969,50000000;1021,75000000;-46,76
2021-09-19T00:00:00+00:00;ETHBULL/USD;1649,00000000;1685,00000000;1424,50000000;1499,50000000;-9,97
2021-09-18T00:00:00+00:00;ETHBULL/USD;1603,50000000;1802,00000000;1559,00000000;1649,00000000;2,76
2021-09-17T00:00:00+00:00;ETHBULL/USD;1872,50000000;1910,00000000;1512,50000000;1602,50000000;-16,85
2021-09-16T00:00:00+00:00;ETHBULL/USD;1950,00000000;2052,00000000;1727,50000000;1872,50000000;-4,14
2021-09-15T00:00:00+00:00;ETHBULL/USD;1684,50000000;1952,00000000;1568,00000000;1950,00000000;13,62
2021-09-14T00:00:00+00:00;ETHBULL/USD;1478,00000000;1684,50000000;1461,00000000;1684,50000000;12,26
2021-09-13T00:00:00+00:00;ETHBULL/USD;1660,50000000;1696,50000000;1207,50000000;1478,00000000;-12,35
2021-09-12T00:00:00+00:00;ETHBULL/USD;1471,00000000;1750,00000000;1428,50000000;1660,50000000;11,41
2021-09-11T00:00:00+00:00;ETHBULL/USD;1399,00000000;1581,00000000;1387,00000000;1471,00000000;4,89
2021-09-10T00:00:00+00:00;ETHBULL/USD;1722,00000000;1861,50000000;1301,00000000;1399,00000000;-23,09
2021-09-09T00:00:00+00:00;ETHBULL/USD;1848,50000000;1950,50000000;1684,00000000;1722,00000000;-7,35
2021-09-08T00:00:00+00:00;ETHBULL/USD;1751,00000000;1944,50000000;1420,00000000;1848,50000000;5,27
2021-09-07T00:00:00+00:00;ETHBULL/USD;2812,00000000;2847,00000000;1074,50000000;1751,00000000;-60,59
2021-09-06T00:00:00+00:00;ETHBULL/USD;2863,00000000;2908,00000000;2679,00000000;2812,00000000;-1,81
2021-09-05T00:00:00+00:00;ETHBULL/USD;2729,00000000;2948,00000000;2624,00000000;2863,00000000;4,68
2021-09-04T00:00:00+00:00;ETHBULL/USD;2849,00000000;2918,00000000;2616,00000000;2728,00000000;-4,44
2021-09-03T00:00:00+00:00;ETHBULL/USD;2550,00000000;3051,00000000;2380,00000000;2849,00000000;10,49
2021-09-02T00:00:00+00:00;ETHBULL/USD;2639,00000000;2654,00000000;2421,50000000;2550,00000000;-3,49
2021-09-01T00:00:00+00:00;ETHBULL/USD;1957,00000000;2670,00000000;1882,00000000;2639,00000000;25,84
2021-08-31T00:00:00+00:00;ETHBULL/USD;1652,00000000;2029,00000000;1593,00000000;1957,00000000;15,59
2021-08-30T00:00:00+00:00;ETHBULL/USD;1656,00000000;1840,00000000;1521,00000000;1652,00000000;-0,24
2021-08-29T00:00:00+00:00;ETHBULL/USD;1687,00000000;1752,50000000;1544,00000000;1656,00000000;-1,87
2021-08-28T00:00:00+00:00;ETHBULL/USD;1737,50000000;1751,00000000;1631,00000000;1687,00000000;-2,99
2021-08-27T00:00:00+00:00;ETHBULL/USD;1480,00000000;1747,00000000;1427,50000000;1737,50000000;14,82
2021-08-26T00:00:00+00:00;ETHBULL/USD;1689,00000000;1726,50000000;1412,00000000;1480,00000000;-14,12
2021-08-25T00:00:00+00:00;ETHBULL/USD;1600,00000000;1719,00000000;1461,50000000;1689,00000000;5,27
2021-08-24T00:00:00+00:00;ETHBULL/USD;1860,50000000;1920,00000000;1566,00000000;1600,00000000;-16,28
2021-08-23T00:00:00+00:00;ETHBULL/USD;1734,50000000;1951,50000000;1718,50000000;1862,00000000;6,85
2021-08-22T00:00:00+00:00;ETHBULL/USD;1707,50000000;1783,50000000;1553,50000000;1734,50000000;1,56
2021-08-21T00:00:00+00:00;ETHBULL/USD;1812,00000000;1857,50000000;1677,50000000;1707,50000000;-6,12
2021-08-20T00:00:00+00:00;ETHBULL/USD;1660,00000000;1837,00000000;1649,00000000;1812,00000000;8,39
2021-08-19T00:00:00+00:00;ETHBULL/USD;1409,50000000;1668,50000000;1336,50000000;1660,00000000;15,09
2021-08-18T00:00:00+00:00;ETHBULL/USD;1410,00000000;1575,50000000;1318,00000000;1409,50000000;-0,04
2021-08-17T00:00:00+00:00;ETHBULL/USD;1620,00000000;1844,50000000;1380,00000000;1410,00000000;-14,89
2021-08-16T00:00:00+00:00;ETHBULL/USD;1912,50000000;1965,00000000;1601,00000000;1620,00000000;-18,06
2021-08-15T00:00:00+00:00;ETHBULL/USD;1835,00000000;1933,00000000;1572,50000000;1912,50000000;4,05
2021-08-14T00:00:00+00:00;ETHBULL/USD;1943,00000000;1953,50000000;1737,00000000;1835,00000000;-5,89
2021-08-13T00:00:00+00:00;ETHBULL/USD;1515,00000000;1948,00000000;1504,50000000;1943,00000000;22,03
2021-08-12T00:00:00+00:00;ETHBULL/USD;1708,50000000;1831,50000000;1417,00000000;1515,00000000;-12,77
2021-08-11T00:00:00+00:00;ETHBULL/USD;1678,50000000;1888,50000000;1647,50000000;1708,50000000;1,76
2021-08-10T00:00:00+00:00;ETHBULL/USD;1716,50000000;1834,00000000;1539,50000000;1678,50000000;-2,26
2021-08-09T00:00:00+00:00;ETHBULL/USD;1489,50000000;1751,00000000;1302,50000000;1716,50000000;13,22
2021-08-08T00:00:00+00:00;ETHBULL/USD;1736,00000000;1783,50000000;1389,00000000;1489,50000000;-16,55
2021-08-07T00:00:00+00:00;ETHBULL/USD;1352,50000000;1755,50000000;1322,50000000;1736,00000000;22,09
2021-08-06T00:00:00+00:00;ETHBULL/USD;1269,00000000;1433,50000000;1122,50000000;1352,50000000;6,17
2021-08-05T00:00:00+00:00;ETHBULL/USD;1143,50000000;1292,00000000;900,00000000;1269,00000000;9,89
2021-08-04T00:00:00+00:00;ETHBULL/USD;901,25000000;1190,25000000;851,25000000;1143,50000000;21,18
2021-08-03T00:00:00+00:00;ETHBULL/USD;1020,75000000;1047,00000000;820,00000000;901,25000000;-13,26
2021-08-02T00:00:00+00:00;ETHBULL/USD;962,50000000;1084,00000000;912,00000000;1020,75000000;5,71
2021-08-01T00:00:00+00:00;ETHBULL/USD;935,50000000;1119,75000000;918,25000000;962,50000000;2,81
2021-07-31T00:00:00+00:00;ETHBULL/USD;863,25000000;957,00000000;818,75000000;935,25000000;7,7
2021-07-30T00:00:00+00:00;ETHBULL/USD;785,25000000;872,75000000;720,00000000;863,25000000;9,04
2021-07-29T00:00:00+00:00;ETHBULL/USD;709,00000000;802,25000000;681,00000000;785,25000000;9,71
2021-07-28T00:00:00+00:00;ETHBULL/USD;711,50000000;752,00000000;660,50000000;709,00000000;-0,35
2021-07-27T00:00:00+00:00;ETHBULL/USD;649,50000000;725,25000000;583,00000000;711,50000000;8,71
2021-07-26T00:00:00+00:00;ETHBULL/USD;618,25000000;819,25000000;605,75000000;649,50000000;4,81
2021-07-25T00:00:00+00:00;ETHBULL/USD;613,75000000;623,00000000;545,50000000;618,25000000;0,73
2021-07-24T00:00:00+00:00;ETHBULL/USD;563,75000000;622,00000000;550,50000000;613,75000000;8,15
2021-07-23T00:00:00+00:00;ETHBULL/USD;490,70000000;569,00000000;471,10000000;563,75000000;12,96
2021-07-22T00:00:00+00:00;ETHBULL/USD;468,80000000;506,00000000;437,30000000;490,70000000;4,46
2021-07-21T00:00:00+00:00;ETHBULL/USD;347,50000000;490,80000000;329,00000000;468,80000000;25,87
2021-07-20T00:00:00+00:00;ETHBULL/USD;366,30000000;379,60000000;303,70000000;347,50000000;-5,41
2021-07-19T00:00:00+00:00;ETHBULL/USD;413,50000000;430,90000000;356,00000000;366,30000000;-12,89
2021-07-18T00:00:00+00:00;ETHBULL/USD;419,30000000;482,50000000;403,70000000;413,50000000;-1,4
2021-07-17T00:00:00+00:00;ETHBULL/USD;404,90000000;433,10000000;385,00000000;419,30000000;3,43
2021-07-16T00:00:00+00:00;ETHBULL/USD;434,60000000;464,10000000;387,00000000;404,90000000;-7,34
2021-07-15T00:00:00+00:00;ETHBULL/USD;489,00000000;523,20000000;404,10000000;433,80000000;-12,72
2021-07-14T00:00:00+00:00;ETHBULL/USD;451,00000000;505,10000000;395,40000000;489,00000000;7,77
2021-07-13T00:00:00+00:00;ETHBULL/USD;521,90000000;532,50000000;434,00000000;451,00000000;-15,72
2021-07-12T00:00:00+00:00;ETHBULL/USD;613,50000000;637,75000000;495,50000000;521,90000000;-17,55
2021-07-11T00:00:00+00:00;ETHBULL/USD;590,50000000;642,00000000;565,25000000;613,50000000;3,75
2021-07-10T00:00:00+00:00;ETHBULL/USD;621,00000000;661,75000000;557,50000000;590,50000000;-5,17
2021-07-09T00:00:00+00:00;ETHBULL/USD;595,00000000;655,00000000;536,25000000;621,00000000;4,19
2021-07-08T00:00:00+00:00;ETHBULL/USD;807,00000000;821,25000000;561,25000000;595,00000000;-35,63
2021-07-07T00:00:00+00:00;ETHBULL/USD;813,50000000;902,00000000;783,00000000;807,00000000;-0,81
2021-07-06T00:00:00+00:00;ETHBULL/USD;690,50000000;838,50000000;689,75000000;813,50000000;15,12
2021-07-05T00:00:00+00:00;ETHBULL/USD;824,00000000;825,50000000;650,00000000;690,50000000;-19,33
2021-07-04T00:00:00+00:00;ETHBULL/USD;729,75000000;890,25000000;693,50000000;824,00000000;11,44
2021-07-03T00:00:00+00:00;ETHBULL/USD;662,75000000;745,50000000;622,75000000;729,75000000;9,18
2021-07-02T00:00:00+00:00;ETHBULL/USD;622,25000000;666,25000000;543,50000000;662,75000000;6,11
2021-07-01T00:00:00+00:00;ETHBULL/USD;796,00000000;796,25000000;581,75000000;622,25000000;-27,92
2021-06-30T00:00:00+00:00;ETHBULL/USD;690,00000000;808,00000000;620,00000000;796,00000000;13,32
2021-06-29T00:00:00+00:00;ETHBULL/USD;617,25000000;760,00000000;611,25000000;690,00000000;10,54
2021-06-28T00:00:00+00:00;ETHBULL/USD;536,60000000;670,50000000;519,75000000;617,00000000;13,03
2021-06-27T00:00:00+00:00;ETHBULL/USD;429,40000000;536,90000000;413,50000000;536,60000000;19,98
2021-06-26T00:00:00+00:00;ETHBULL/USD;416,90000000;443,00000000;352,00000000;429,40000000;2,91
2021-06-25T00:00:00+00:00;ETHBULL/USD;572,00000000;597,75000000;400,50000000;416,90000000;-37,2
2021-06-24T00:00:00+00:00;ETHBULL/USD;555,00000000;610,75000000;485,50000000;572,00000000;2,97
2021-06-23T00:00:00+00:00;ETHBULL/USD;484,90000000;612,70000000;442,50000000;555,00000000;12,63
2021-06-22T00:00:00+00:00;ETHBULL/USD;490,00000000;579,70000000;349,00000000;484,90000000;-1,05
2021-06-21T00:00:00+00:00;ETHBULL/USD;885,00000000;902,75000000;472,00000000;490,00000000;-80,61
2021-06-20T00:00:00+00:00;ETHBULL/USD;796,50000000;920,75000000;662,75000000;885,00000000;10,0
2021-06-19T00:00:00+00:00;ETHBULL/USD;875,00000000;928,50000000;792,50000000;796,50000000;-9,86
2021-06-18T00:00:00+00:00;ETHBULL/USD;1061,00000000;1065,00000000;749,75000000;875,00000000;-21,26
2021-06-17T00:00:00+00:00;ETHBULL/USD;1053,50000000;1174,00000000;967,50000000;1061,00000000;0,71
2021-06-16T00:00:00+00:00;ETHBULL/USD;1326,00000000;1342,00000000;1026,00000000;1053,50000000;-25,87
2021-06-15T00:00:00+00:00;ETHBULL/USD;1388,00000000;1483,50000000;1268,50000000;1326,00000000;-4,68
2021-06-14T00:00:00+00:00;ETHBULL/USD;1283,50000000;1434,50000000;1206,00000000;1388,00000000;7,53
2021-06-13T00:00:00+00:00;ETHBULL/USD;1092,50000000;1335,50000000;1007,00000000;1283,50000000;14,88
2021-06-12T00:00:00+00:00;ETHBULL/USD;1071,50000000;1202,00000000;940,50000000;1092,50000000;1,92
2021-06-11T00:00:00+00:00;ETHBULL/USD;1252,50000000;1288,50000000;1021,00000000;1071,50000000;-16,89
2021-06-10T00:00:00+00:00;ETHBULL/USD;1492,00000000;1518,50000000;1178,00000000;1252,50000000;-19,12
2021-06-09T00:00:00+00:00;ETHBULL/USD;1332,00000000;1518,50000000;1168,50000000;1492,00000000;10,72
2021-06-08T00:00:00+00:00;ETHBULL/USD;1577,00000000;1622,00000000;1064,00000000;1332,00000000;-18,39
2021-06-07T00:00:00+00:00;ETHBULL/USD;1816,00000000;2091,50000000;1530,00000000;1577,00000000;-15,16
2021-06-06T00:00:00+00:00;ETHBULL/USD;1664,00000000;1879,50000000;1632,50000000;1816,00000000;8,37
2021-06-05T00:00:00+00:00;ETHBULL/USD;1784,00000000;2036,00000000;1510,50000000;1664,00000000;-7,21
2021-06-04T00:00:00+00:00;ETHBULL/USD;2165,00000000;2174,50000000;1464,00000000;1784,00000000;-21,36
2021-06-03T00:00:00+00:00;ETHBULL/USD;1856,00000000;2228,00000000;1760,00000000;2165,00000000;14,27
2021-06-02T00:00:00+00:00;ETHBULL/USD;1716,00000000;2045,00000000;1555,50000000;1856,00000000;7,54
2021-06-01T00:00:00+00:00;ETHBULL/USD;1884,00000000;1948,00000000;1480,50000000;1716,00000000;-9,79
2021-05-31T00:00:00+00:00;ETHBULL/USD;1350,50000000;1900,00000000;1163,50000000;1884,00000000;28,32
2021-05-30T00:00:00+00:00;ETHBULL/USD;1184,50000000;1483,50000000;1033,75000000;1350,50000000;12,29
2021-05-29T00:00:00+00:00;ETHBULL/USD;1431,00000000;1712,00000000;1062,50000000;1184,50000000;-20,81
2021-05-28T00:00:00+00:00;ETHBULL/USD;2206,00000000;2245,00000000;1275,00000000;1431,00000000;-54,16
2021-05-27T00:00:00+00:00;ETHBULL/USD;2591,00000000;2596,00000000;1938,00000000;2206,00000000;-17,45
2021-05-26T00:00:00+00:00;ETHBULL/USD;2166,50000000;2643,00000000;2011,00000000;2591,00000000;16,38
2021-05-25T00:00:00+00:00;ETHBULL/USD;2036,50000000;2262,00000000;1406,00000000;2166,50000000;6,0
2021-05-24T00:00:00+00:00;ETHBULL/USD;1137,50000000;2091,00000000;1088,00000000;2036,50000000;44,14
2021-05-23T00:00:00+00:00;ETHBULL/USD;1749,00000000;1943,00000000;674,00000000;1137,50000000;-53,76
2021-05-22T00:00:00+00:00;ETHBULL/USD;2220,00000000;2355,50000000;1457,00000000;1749,00000000;-26,93
2021-05-21T00:00:00+00:00;ETHBULL/USD;3809,00000000;4507,00000000;1432,50000000;2220,00000000;-71,58
2021-05-20T00:00:00+00:00;ETHBULL/USD;3125,00000000;4459,50000000;2009,00000000;3809,00000000;17,96
2021-05-19T00:00:00+00:00;ETHBULL/USD;11410,00000000;12100,00000000;1744,00000000;3138,00000000;-263,61
2021-05-18T00:00:00+00:00;ETHBULL/USD;10560,00000000;13317,50000000;10170,00000000;11410,00000000;7,45
2021-05-17T00:00:00+00:00;ETHBULL/USD;14405,00000000;14405,00000000;9000,00000000;10560,00000000;-36,41
2021-05-16T00:00:00+00:00;ETHBULL/USD;15220,00000000;18050,00000000;11530,00000000;14405,00000000;-5,66
2021-05-15T00:00:00+00:00;ETHBULL/USD;22615,00000000;23405,00000000;15060,00000000;15220,00000000;-48,59
2021-05-14T00:00:00+00:00;ETHBULL/USD;17635,00000000;24000,00000000;17390,00000000;22630,00000000;22,07
2021-05-13T00:00:00+00:00;ETHBULL/USD;19650,00000000;21375,00000000;15300,00000000;17635,00000000;-11,43
2021-05-12T00:00:00+00:00;ETHBULL/USD;26200,00000000;30000,00000000;17405,00000000;19650,00000000;-33,33
2021-05-11T00:00:00+00:00;ETHBULL/USD;22390,00000000;26305,00000000;19660,00000000;26200,00000000;14,54
2021-05-10T00:00:00+00:00;ETHBULL/USD;22145,00000000;27000,00000000;18390,00000000;22390,00000000;1,09
2021-05-09T00:00:00+00:00;ETHBULL/USD;21845,00000000;23115,00000000;18865,00000000;22145,00000000;1,35
2021-05-08T00:00:00+00:00;ETHBULL/USD;15980,00000000;22495,00000000;15535,00000000;21845,00000000;26,85
2021-05-07T00:00:00+00:00;ETHBULL/USD;16130,00000000;17450,00000000;14175,00000000;15980,00000000;-0,94
2021-05-06T00:00:00+00:00;ETHBULL/USD;16760,00000000;17925,00000000;14570,00000000;16130,00000000;-3,91
2021-05-05T00:00:00+00:00;ETHBULL/USD;13310,00000000;17000,00000000;12555,00000000;16760,00000000;20,58
2021-05-04T00:00:00+00:00;ETHBULL/USD;15945,00000000;17300,00000000;12455,00000000;13310,00000000;-19,8
2021-05-03T00:00:00+00:00;ETHBULL/USD;10750,00000000;16210,00000000;10690,00000000;15945,00000000;32,58
2021-05-02T00:00:00+00:00;ETHBULL/USD;10680,00000000;11080,00000000;9710,00000000;10750,00000000;0,65
2021-05-01T00:00:00+00:00;ETHBULL/USD;9000,00000000;10817,50000000;8840,00000000;10680,00000000;15,73
2021-04-30T00:00:00+00:00;ETHBULL/USD;8870,00000000;9300,00000000;8527,50000000;9000,00000000;1,44
2021-04-29T00:00:00+00:00;ETHBULL/USD;8790,00000000;9292,50000000;8030,00000000;8870,00000000;0,9
2021-04-28T00:00:00+00:00;ETHBULL/USD;8100,00000000;8927,50000000;7100,00000000;8790,00000000;7,85
2021-04-27T00:00:00+00:00;ETHBULL/USD;7035,00000000;8182,50000000;6600,00000000;8100,00000000;13,15
2021-04-26T00:00:00+00:00;ETHBULL/USD;5505,00000000;7135,00000000;5432,50000000;7035,00000000;21,75
2021-04-25T00:00:00+00:00;ETHBULL/USD;4848,00000000;5755,00000000;4503,00000000;5510,00000000;12,01
2021-04-24T00:00:00+00:00;ETHBULL/USD;6000,00000000;6000,00000000;4395,00000000;4848,00000000;-23,76
2021-04-23T00:00:00+00:00;ETHBULL/USD;6755,00000000;7095,00000000;4377,00000000;6000,00000000;-12,58
2021-04-22T00:00:00+00:00;ETHBULL/USD;6450,00000000;8740,00000000;6000,00000000;6755,00000000;4,52
2021-04-21T00:00:00+00:00;ETHBULL/USD;6290,00000000;7340,00000000;5485,00000000;6450,00000000;2,48
2021-04-20T00:00:00+00:00;ETHBULL/USD;5081,00000000;6396,00000000;4309,00000000;6290,00000000;19,22
2021-04-19T00:00:00+00:00;ETHBULL/USD;5680,00000000;5990,00000000;4487,50000000;5081,00000000;-11,79
2021-04-18T00:00:00+00:00;ETHBULL/USD;7052,50000000;7240,00000000;3530,00000000;5680,00000000;-24,16
2021-04-17T00:00:00+00:00;ETHBULL/USD;8160,00000000;8892,50000000;7000,00000000;7052,50000000;-15,7
2021-04-16T00:00:00+00:00;ETHBULL/USD;9222,50000000;9537,50000000;6807,50000000;8160,00000000;-13,02
2021-04-15T00:00:00+00:00;ETHBULL/USD;8407,50000000;9510,00000000;8025,00000000;9222,50000000;8,84
2021-04-14T00:00:00+00:00;ETHBULL/USD;7242,50000000;8550,00000000;7010,00000000;8407,50000000;13,86
2021-04-13T00:00:00+00:00;ETHBULL/USD;5885,00000000;7382,50000000;5880,00000000;7242,50000000;18,74
2021-04-12T00:00:00+00:00;ETHBULL/USD;6082,50000000;6500,00000000;5597,50000000;5885,00000000;-3,36
2021-04-11T00:00:00+00:00;ETHBULL/USD;5962,50000000;6185,00000000;5785,00000000;6082,50000000;1,97
2021-04-10T00:00:00+00:00;ETHBULL/USD;5460,00000000;6547,50000000;5395,00000000;5962,50000000;8,43
2021-04-09T00:00:00+00:00;ETHBULL/USD;5600,00000000;5752,50000000;5322,50000000;5460,00000000;-2,56
2021-04-08T00:00:00+00:00;ETHBULL/USD;4753,00000000;5622,50000000;4660,00000000;5600,00000000;15,12
2021-04-07T00:00:00+00:00;ETHBULL/USD;6095,00000000;6220,00000000;4520,00000000;4753,00000000;-28,23
2021-04-06T00:00:00+00:00;ETHBULL/USD;6080,00000000;6495,00000000;5512,50000000;6090,00000000;0,16
2021-04-05T00:00:00+00:00;ETHBULL/USD;5855,00000000;6297,50000000;5205,00000000;6080,00000000;3,7
2021-04-04T00:00:00+00:00;ETHBULL/USD;5402,50000000;5987,50000000;5140,00000000;5855,00000000;7,73
2021-04-03T00:00:00+00:00;ETHBULL/USD;6610,00000000;6637,50000000;5335,00000000;5402,50000000;-22,35
2021-04-02T00:00:00+00:00;ETHBULL/USD;5305,00000000;6682,50000000;5146,00000000;6610,00000000;19,74
2021-04-01T00:00:00+00:00;ETHBULL/USD;4974,00000000;5450,00000000;4716,00000000;5305,00000000;6,24
2021-03-31T00:00:00+00:00;ETHBULL/USD;4434,00000000;5188,00000000;3929,00000000;4974,00000000;10,86
2021-03-30T00:00:00+00:00;ETHBULL/USD;4297,00000000;4595,00000000;4021,00000000;4434,00000000;3,09
2021-03-29T00:00:00+00:00;ETHBULL/USD;3478,00000000;4423,00000000;3430,00000000;4297,00000000;19,06
2021-03-28T00:00:00+00:00;ETHBULL/USD;3655,00000000;3733,00000000;3335,00000000;3478,00000000;-5,09
2021-03-27T00:00:00+00:00;ETHBULL/USD;3595,00000000;3793,00000000;3367,00000000;3655,00000000;1,64
2021-03-26T00:00:00+00:00;ETHBULL/USD;2973,00000000;3598,00000000;2973,00000000;3595,00000000;17,3
2021-03-25T00:00:00+00:00;ETHBULL/USD;2950,00000000;3162,00000000;2760,00000000;2973,00000000;0,77
2021-03-24T00:00:00+00:00;ETHBULL/USD;3515,00000000;3965,00000000;2750,00000000;2950,00000000;-19,15
2021-03-23T00:00:00+00:00;ETHBULL/USD;3614,00000000;3845,00000000;3415,00000000;3515,00000000;-2,82
2021-03-22T00:00:00+00:00;ETHBULL/USD;4400,00000000;4573,00000000;3423,00000000;3614,00000000;-21,75
2021-03-21T00:00:00+00:00;ETHBULL/USD;4572,00000000;4646,00000000;4150,00000000;4400,00000000;-3,91
2021-03-20T00:00:00+00:00;ETHBULL/USD;4613,00000000;5070,00000000;4540,00000000;4572,00000000;-0,9
2021-03-19T00:00:00+00:00;ETHBULL/USD;4355,00000000;4834,00000000;4045,00000000;4613,00000000;5,59
2021-03-18T00:00:00+00:00;ETHBULL/USD;4766,00000000;4964,00000000;4225,00000000;4355,00000000;-9,44
2021-03-17T00:00:00+00:00;ETHBULL/USD;4625,00000000;4890,00000000;4127,00000000;4766,00000000;2,96
2021-03-16T00:00:00+00:00;ETHBULL/USD;4562,00000000;4722,00000000;3939,00000000;4625,00000000;1,36
2021-03-15T00:00:00+00:00;ETHBULL/USD;5055,00000000;5410,00000000;4145,00000000;4562,00000000;-10,81
2021-03-14T00:00:00+00:00;ETHBULL/USD;5742,50000000;5815,00000000;4985,00000000;5055,00000000;-13,6
2021-03-13T00:00:00+00:00;ETHBULL/USD;4563,00000000;5925,00000000;4265,00000000;5742,50000000;20,54
2021-03-12T00:00:00+00:00;ETHBULL/USD;5132,00000000;5260,00000000;4188,00000000;4563,00000000;-12,47
2021-03-11T00:00:00+00:00;ETHBULL/USD;4905,00000000;5349,00000000;4306,00000000;5132,00000000;4,42
2021-03-10T00:00:00+00:00;ETHBULL/USD;5632,50000000;5732,50000000;4602,50000000;4905,00000000;-14,83
2021-03-09T00:00:00+00:00;ETHBULL/USD;5317,50000000;5675,00000000;5050,00000000;5632,50000000;5,59
2021-03-08T00:00:00+00:00;ETHBULL/USD;4507,00000000;5387,50000000;3999,00000000;5317,50000000;15,24
2021-03-07T00:00:00+00:00;ETHBULL/USD;3977,00000000;4544,00000000;3800,00000000;4507,00000000;11,76
2021-03-06T00:00:00+00:00;ETHBULL/USD;3212,00000000;4103,00000000;3103,00000000;3977,00000000;19,24
2021-03-05T00:00:00+00:00;ETHBULL/USD;3288,00000000;3333,00000000;2682,00000000;3212,00000000;-2,37
2021-03-04T00:00:00+00:00;ETHBULL/USD;3480,00000000;3842,00000000;3057,00000000;3288,00000000;-5,84
2021-03-03T00:00:00+00:00;ETHBULL/USD;2983,00000000;4018,00000000;2929,00000000;3479,00000000;14,26
2021-03-02T00:00:00+00:00;ETHBULL/USD;3575,00000000;3798,00000000;2785,00000000;2983,00000000;-19,85
2021-03-01T00:00:00+00:00;ETHBULL/USD;2707,00000000;3593,00000000;2666,00000000;3575,00000000;24,28
2021-02-28T00:00:00+00:00;ETHBULL/USD;2944,00000000;3000,00000000;1952,00000000;2707,00000000;-8,76
2021-02-27T00:00:00+00:00;ETHBULL/USD;2860,00000000;3344,00000000;2748,00000000;2944,00000000;2,85
2021-02-26T00:00:00+00:00;ETHBULL/USD;3101,00000000;3595,00000000;2596,00000000;2860,00000000;-8,43
2021-02-25T00:00:00+00:00;ETHBULL/USD;4233,00000000;4606,00000000;2930,00000000;3101,00000000;-36,5
2021-02-24T00:00:00+00:00;ETHBULL/USD;3908,00000000;4946,00000000;3312,00000000;4233,00000000;7,68
2021-02-23T00:00:00+00:00;ETHBULL/USD;6532,50000000;6582,50000000;2599,00000000;3908,00000000;-67,16
2021-02-22T00:00:00+00:00;ETHBULL/USD;9037,50000000;9097,50000000;4402,50000000;6532,50000000;-38,35
2021-02-21T00:00:00+00:00;ETHBULL/USD;8830,00000000;9665,00000000;8415,00000000;9037,50000000;2,3
2021-02-20T00:00:00+00:00;ETHBULL/USD;9557,50000000;10802,50000000;7375,00000000;8830,00000000;-8,24
2021-02-19T00:00:00+00:00;ETHBULL/USD;9345,00000000;9827,50000000;8235,00000000;9557,50000000;2,22
2021-02-18T00:00:00+00:00;ETHBULL/USD;8250,00000000;9520,00000000;8250,00000000;9345,00000000;11,72
2021-02-17T00:00:00+00:00;ETHBULL/USD;7420,00000000;8467,50000000;6827,50000000;8250,00000000;10,06
2021-02-16T00:00:00+00:00;ETHBULL/USD;7460,00000000;8030,00000000;6742,50000000;7420,00000000;-0,54
2021-02-15T00:00:00+00:00;ETHBULL/USD;7765,00000000;8197,50000000;6032,50000000;7460,00000000;-4,09
2021-02-14T00:00:00+00:00;ETHBULL/USD;7980,00000000;8465,00000000;7545,00000000;7765,00000000;-2,77
2021-02-13T00:00:00+00:00;ETHBULL/USD;8420,00000000;8840,00000000;7300,00000000;7980,00000000;-5,51
2021-02-12T00:00:00+00:00;ETHBULL/USD;7720,00000000;8745,00000000;7090,00000000;8420,00000000;8,31
2021-02-11T00:00:00+00:00;ETHBULL/USD;7200,00000000;8195,00000000;6700,00000000;7720,00000000;6,74
2021-02-10T00:00:00+00:00;ETHBULL/USD;7615,00000000;8515,00000000;6400,00000000;7200,00000000;-5,76
2021-02-09T00:00:00+00:00;ETHBULL/USD;7490,00000000;8380,00000000;6920,00000000;7615,00000000;1,64
2021-02-08T00:00:00+00:00;ETHBULL/USD;5980,00000000;7800,00000000;5440,00000000;7490,00000000;20,16
2021-02-07T00:00:00+00:00;ETHBULL/USD;6790,00000000;6960,00000000;4540,00000000;5980,00000000;-13,55
2021-02-06T00:00:00+00:00;ETHBULL/USD;7350,00000000;7655,00000000;6362,50000000;6790,00000000;-8,25
2021-02-05T00:00:00+00:00;ETHBULL/USD;5982,50000000;7880,00000000;5837,50000000;7350,00000000;18,61
2021-02-04T00:00:00+00:00;ETHBULL/USD;6915,00000000;7295,00000000;5500,00000000;5982,50000000;-15,59
2021-02-03T00:00:00+00:00;ETHBULL/USD;5335,00000000;6960,00000000;5265,00000000;6915,00000000;22,85
2021-02-02T00:00:00+00:00;ETHBULL/USD;4109,00000000;5660,00000000;3991,00000000;5335,00000000;22,98
2021-02-01T00:00:00+00:00;ETHBULL/USD;3620,00000000;4133,00000000;3268,00000000;4109,00000000;11,9
2021-01-31T00:00:00+00:00;ETHBULL/USD;4258,00000000;4271,00000000;3309,00000000;3620,00000000;-17,62
2021-01-30T00:00:00+00:00;ETHBULL/USD;4285,00000000;4525,00000000;3766,00000000;4258,00000000;-0,63
2021-01-29T00:00:00+00:00;ETHBULL/USD;3877,00000000;4851,00000000;3479,00000000;4285,00000000;9,52
2021-01-28T00:00:00+00:00;ETHBULL/USD;3150,00000000;4115,00000000;2990,00000000;3877,00000000;18,75
2021-01-27T00:00:00+00:00;ETHBULL/USD;4494,00000000;4569,00000000;2928,00000000;3150,00000000;-42,67
2021-01-26T00:00:00+00:00;ETHBULL/USD;4037,00000000;4581,00000000;3300,00000000;4494,00000000;10,17
2021-01-25T00:00:00+00:00;ETHBULL/USD;4850,00000000;5768,00000000;3775,00000000;4038,00000000;-20,11
2021-01-24T00:00:00+00:00;ETHBULL/USD;3519,00000000;4909,00000000;3427,00000000;4850,00000000;27,44
2021-01-23T00:00:00+00:00;ETHBULL/USD;3505,00000000;3845,00000000;3214,00000000;3519,00000000;0,4
2021-01-22T00:00:00+00:00;ETHBULL/USD;2620,00000000;3791,00000000;2130,00000000;3505,00000000;25,25
2021-01-21T00:00:00+00:00;ETHBULL/USD;5530,00000000;5677,50000000;2425,00000000;2620,00000000;-111,07
2021-01-20T00:00:00+00:00;ETHBULL/USD;5452,50000000;5910,00000000;3810,00000000;5530,00000000;1,4
2021-01-19T00:00:00+00:00;ETHBULL/USD;4357,00000000;6230,00000000;4272,00000000;5452,50000000;20,09
2021-01-18T00:00:00+00:00;ETHBULL/USD;4106,00000000;4393,00000000;3593,00000000;4357,00000000;5,76
2021-01-17T00:00:00+00:00;ETHBULL/USD;4057,00000000;4465,00000000;3430,00000000;4105,00000000;1,17
2021-01-16T00:00:00+00:00;ETHBULL/USD;3523,00000000;4669,00000000;3344,00000000;4057,00000000;13,16
2021-01-15T00:00:00+00:00;ETHBULL/USD;4483,00000000;4750,00000000;2742,00000000;3523,00000000;-27,25
2021-01-14T00:00:00+00:00;ETHBULL/USD;3544,00000000;4645,00000000;3100,00000000;4483,00000000;20,95
2021-01-13T00:00:00+00:00;ETHBULL/USD;2890,00000000;3605,00000000;2383,00000000;3544,00000000;18,45
2021-01-12T00:00:00+00:00;ETHBULL/USD;3260,00000000;3829,00000000;2534,00000000;2890,00000000;-12,8
2021-01-11T00:00:00+00:00;ETHBULL/USD;5825,00000000;5902,50000000;1920,00000000;3260,00000000;-78,68
2021-01-10T00:00:00+00:00;ETHBULL/USD;6235,00000000;7262,50000000;4500,00000000;5825,00000000;-7,04
2021-01-09T00:00:00+00:00;ETHBULL/USD;5412,50000000;6597,50000000;4667,50000000;6235,00000000;13,19
2021-01-08T00:00:00+00:00;ETHBULL/USD;6127,50000000;6210,00000000;3751,00000000;5412,50000000;-13,21
2021-01-07T00:00:00+00:00;ETHBULL/USD;5977,50000000;7110,00000000;5045,00000000;6127,50000000;2,45
2021-01-06T00:00:00+00:00;ETHBULL/USD;4634,00000000;6025,00000000;4064,00000000;5977,50000000;22,48
2021-01-05T00:00:00+00:00;ETHBULL/USD;4001,00000000;5025,00000000;3174,00000000;4634,00000000;13,66
2021-01-04T00:00:00+00:00;ETHBULL/USD;3404,00000000;5356,00000000;2445,00000000;4001,00000000;14,92
2021-01-03T00:00:00+00:00;ETHBULL/USD;1899,00000000;3707,00000000;1868,50000000;3404,00000000;44,21
2021-01-02T00:00:00+00:00;ETHBULL/USD;1611,00000000;1994,50000000;1522,50000000;1900,50000000;15,23
2021-01-01T00:00:00+00:00;ETHBULL/USD;1657,50000000;1750,00000000;1519,00000000;1611,00000000;-2,89
2020-12-31T00:00:00+00:00;ETHBULL/USD;1779,00000000;1798,00000000;1560,50000000;1657,50000000;-7,33
2020-12-30T00:00:00+00:00;ETHBULL/USD;1647,00000000;1821,00000000;1543,00000000;1779,00000000;7,42
2020-12-29T00:00:00+00:00;ETHBULL/USD;1636,50000000;1702,50000000;1364,00000000;1647,00000000;0,64
2020-12-28T00:00:00+00:00;ETHBULL/USD;1370,00000000;1745,50000000;1356,00000000;1636,50000000;16,28
2020-12-27T00:00:00+00:00;ETHBULL/USD;1124,00000000;1558,50000000;1066,50000000;1370,00000000;17,96
2020-12-26T00:00:00+00:00;ETHBULL/USD;1076,50000000;1208,50000000;1013,00000000;1124,00000000;4,23
2020-12-25T00:00:00+00:00;ETHBULL/USD;1005,75000000;1115,25000000;966,75000000;1076,50000000;6,57
2020-12-24T00:00:00+00:00;ETHBULL/USD;885,00000000;1020,00000000;788,75000000;1005,75000000;12,01
2020-12-23T00:00:00+00:00;ETHBULL/USD;1241,50000000;1250,00000000;738,75000000;885,00000000;-40,28
2020-12-22T00:00:00+00:00;ETHBULL/USD;1087,50000000;1246,00000000;976,00000000;1241,50000000;12,4
2020-12-21T00:00:00+00:00;ETHBULL/USD;1272,50000000;1328,50000000;1018,50000000;1087,50000000;-17,01
2020-12-20T00:00:00+00:00;ETHBULL/USD;1414,50000000;1430,00000000;1161,50000000;1272,50000000;-11,16
2020-12-19T00:00:00+00:00;ETHBULL/USD;1393,00000000;1492,00000000;1340,00000000;1414,50000000;1,52
2020-12-18T00:00:00+00:00;ETHBULL/USD;1324,50000000;1456,50000000;1247,00000000;1393,00000000;4,92
2020-12-17T00:00:00+00:00;ETHBULL/USD;1306,50000000;1536,50000000;1226,00000000;1324,50000000;1,36
2020-12-16T00:00:00+00:00;ETHBULL/USD;1048,75000000;1313,00000000;1004,50000000;1306,50000000;19,73
2020-12-15T00:00:00+00:00;ETHBULL/USD;1032,50000000;1092,25000000;992,50000000;1048,75000000;1,55
2020-12-14T00:00:00+00:00;ETHBULL/USD;1062,50000000;1063,00000000;979,50000000;1032,50000000;-2,91
2020-12-13T00:00:00+00:00;ETHBULL/USD;948,25000000;1083,25000000;925,00000000;1062,50000000;10,75
2020-12-12T00:00:00+00:00;ETHBULL/USD;837,00000000;975,50000000;829,00000000;948,25000000;11,73
2020-12-11T00:00:00+00:00;ETHBULL/USD;909,75000000;918,75000000;795,75000000;837,00000000;-8,69
2020-12-10T00:00:00+00:00;ETHBULL/USD;989,00000000;999,00000000;857,75000000;909,75000000;-8,71
2020-12-09T00:00:00+00:00;ETHBULL/USD;898,00000000;1010,00000000;777,50000000;989,00000000;9,2
2020-12-08T00:00:00+00:00;ETHBULL/USD;1109,00000000;1126,00000000;868,25000000;898,00000000;-23,5
2020-12-07T00:00:00+00:00;ETHBULL/USD;1171,50000000;1177,00000000;1066,00000000;1109,00000000;-5,64
2020-12-06T00:00:00+00:00;ETHBULL/USD;1143,50000000;1204,00000000;1059,50000000;1171,50000000;2,39
2020-12-05T00:00:00+00:00;ETHBULL/USD;996,00000000;1148,50000000;959,50000000;1143,50000000;12,9
2020-12-04T00:00:00+00:00;ETHBULL/USD;1305,00000000;1330,50000000;982,00000000;996,00000000;-31,02
2020-12-03T00:00:00+00:00;ETHBULL/USD;1198,50000000;1355,00000000;1124,00000000;1305,00000000;8,16
2020-12-02T00:00:00+00:00;ETHBULL/USD;1135,00000000;1239,00000000;1064,50000000;1198,50000000;5,3
2020-12-01T00:00:00+00:00;ETHBULL/USD;1347,50000000;1475,00000000;1000,00000000;1135,00000000;-18,72
2020-11-30T00:00:00+00:00;ETHBULL/USD;1114,00000000;1349,00000000;1069,50000000;1347,50000000;17,33
2020-11-29T00:00:00+00:00;ETHBULL/USD;917,50000000;1118,00000000;877,50000000;1114,00000000;17,64
2020-11-28T00:00:00+00:00;ETHBULL/USD;827,00000000;965,25000000;768,75000000;917,50000000;9,86
2020-11-27T00:00:00+00:00;ETHBULL/USD;833,75000000;885,00000000;707,25000000;827,00000000;-0,82
2020-11-26T00:00:00+00:00;ETHBULL/USD;1182,50000000;1219,00000000;659,25000000;833,75000000;-41,83
2020-11-25T00:00:00+00:00;ETHBULL/USD;1448,50000000;1453,50000000;1082,00000000;1182,50000000;-22,49
2020-11-24T00:00:00+00:00;ETHBULL/USD;1474,00000000;1581,50000000;1323,00000000;1448,50000000;-1,76
2020-11-23T00:00:00+00:00;ETHBULL/USD;1177,50000000;1493,00000000;1115,50000000;1474,00000000;20,12
2020-11-22T00:00:00+00:00;ETHBULL/USD;1132,00000000;1307,00000000;875,00000000;1177,50000000;3,86
2020-11-21T00:00:00+00:00;ETHBULL/USD;907,00000000;1138,00000000;867,00000000;1132,00000000;19,88
2020-11-20T00:00:00+00:00;ETHBULL/USD;728,25000000;925,00000000;726,00000000;907,00000000;19,71
2020-11-19T00:00:00+00:00;ETHBULL/USD;764,00000000;774,75000000;693,50000000;728,25000000;-4,91
2020-11-18T00:00:00+00:00;ETHBULL/USD;787,00000000;851,00000000;659,50000000;764,00000000;-3,01
2020-11-17T00:00:00+00:00;ETHBULL/USD;691,00000000;799,50000000;688,50000000;787,00000000;12,2
2020-11-16T00:00:00+00:00;ETHBULL/USD;639,00000000;714,00000000;626,25000000;691,00000000;7,53
2020-11-15T00:00:00+00:00;ETHBULL/USD;695,25000000;706,50000000;603,25000000;639,00000000;-8,8
2020-11-14T00:00:00+00:00;ETHBULL/USD;776,50000000;781,00000000;653,00000000;695,25000000;-11,69
2020-11-13T00:00:00+00:00;ETHBULL/USD;713,00000000;783,75000000;687,50000000;776,50000000;8,18
2020-11-12T00:00:00+00:00;ETHBULL/USD;716,00000000;750,00000000;664,75000000;713,00000000;-0,42
2020-11-11T00:00:00+00:00;ETHBULL/USD;661,50000000;777,00000000;657,50000000;716,00000000;7,61
2020-11-10T00:00:00+00:00;ETHBULL/USD;637,00000000;682,00000000;610,00000000;661,50000000;3,7
2020-11-09T00:00:00+00:00;ETHBULL/USD;687,25000000;709,75000000;591,50000000;637,00000000;-7,89
2020-11-08T00:00:00+00:00;ETHBULL/USD;609,50000000;711,25000000;596,00000000;687,25000000;11,31
2020-11-07T00:00:00+00:00;ETHBULL/USD;708,00000000;764,75000000;561,00000000;609,50000000;-16,16
2020-11-06T00:00:00+00:00;ETHBULL/USD;551,25000000;717,25000000;545,75000000;708,00000000;22,14
2020-11-05T00:00:00+00:00;ETHBULL/USD;502,60000000;567,40000000;477,20000000;551,25000000;8,83
2020-11-04T00:00:00+00:00;ETHBULL/USD;450,70000000;521,30000000;411,20000000;502,60000000;10,33
2020-11-03T00:00:00+00:00;ETHBULL/USD;434,80000000;457,80000000;389,30000000;450,70000000;3,53
2020-11-02T00:00:00+00:00;ETHBULL/USD;485,30000000;513,60000000;416,70000000;434,80000000;-11,61
2020-11-01T00:00:00+00:00;ETHBULL/USD;449,40000000;488,60000000;444,00000000;485,30000000;7,4
2020-10-31T00:00:00+00:00;ETHBULL/USD;436,20000000;475,70000000;430,40000000;449,40000000;2,94
2020-10-30T00:00:00+00:00;ETHBULL/USD;452,50000000;469,20000000;403,30000000;436,20000000;-3,74
2020-10-29T00:00:00+00:00;ETHBULL/USD;457,20000000;476,20000000;430,10000000;452,50000000;-1,04
2020-10-28T00:00:00+00:00;ETHBULL/USD;515,80000000;537,00000000;427,70000000;457,20000000;-12,82
2020-10-27T00:00:00+00:00;ETHBULL/USD;476,40000000;540,30000000;467,40000000;515,80000000;7,64
2020-10-26T00:00:00+00:00;ETHBULL/USD;529,50000000;547,75000000;436,50000000;476,40000000;-11,15
2020-10-25T00:00:00+00:00;ETHBULL/USD;554,00000000;575,50000000;519,25000000;529,50000000;-4,63
2020-10-24T00:00:00+00:00;ETHBULL/USD;544,25000000;574,25000000;535,25000000;554,00000000;1,76
2020-10-23T00:00:00+00:00;ETHBULL/USD;565,00000000;584,25000000;511,25000000;544,25000000;-3,81
2020-10-22T00:00:00+00:00;ETHBULL/USD;481,60000000;590,00000000;475,90000000;565,00000000;14,76
2020-10-21T00:00:00+00:00;ETHBULL/USD;407,30000000;519,00000000;404,10000000;481,60000000;15,43
2020-10-20T00:00:00+00:00;ETHBULL/USD;444,90000000;450,50000000;398,90000000;407,30000000;-9,23
2020-10-19T00:00:00+00:00;ETHBULL/USD;441,60000000;461,70000000;421,50000000;444,90000000;0,74
2020-10-18T00:00:00+00:00;ETHBULL/USD;408,20000000;442,00000000;405,20000000;441,60000000;7,56
2020-10-17T00:00:00+00:00;ETHBULL/USD;399,30000000;415,00000000;392,90000000;408,20000000;2,18
2020-10-16T00:00:00+00:00;ETHBULL/USD;443,20000000;449,70000000;382,70000000;399,30000000;-10,99
2020-10-15T00:00:00+00:00;ETHBULL/USD;447,10000000;455,90000000;415,00000000;443,20000000;-0,88
2020-10-14T00:00:00+00:00;ETHBULL/USD;454,30000000;477,50000000;425,50000000;447,10000000;-1,61
2020-10-13T00:00:00+00:00;ETHBULL/USD;476,60000000;479,50000000;431,30000000;454,30000000;-4,91
2020-10-12T00:00:00+00:00;ETHBULL/USD;432,40000000;504,40000000;402,40000000;476,60000000;9,27
2020-10-11T00:00:00+00:00;ETHBULL/USD;421,40000000;445,00000000;415,90000000;432,40000000;2,54
2020-10-10T00:00:00+00:00;ETHBULL/USD;403,90000000;450,40000000;402,20000000;421,40000000;4,15
2020-10-09T00:00:00+00:00;ETHBULL/USD;361,40000000;413,20000000;350,40000000;403,90000000;10,52
2020-10-08T00:00:00+00:00;ETHBULL/USD;333,10000000;367,20000000;311,00000000;361,40000000;7,83
2020-10-07T00:00:00+00:00;ETHBULL/USD;330,40000000;336,00000000;308,60000000;333,10000000;0,81
2020-10-06T00:00:00+00:00;ETHBULL/USD;371,00000000;375,90000000;318,00000000;330,40000000;-12,29
2020-10-05T00:00:00+00:00;ETHBULL/USD;367,60000000;378,60000000;355,40000000;370,80000000;0,86
2020-10-04T00:00:00+00:00;ETHBULL/USD;348,00000000;373,00000000;341,70000000;367,60000000;5,33
2020-10-03T00:00:00+00:00;ETHBULL/USD;346,50000000;362,30000000;340,40000000;348,00000000;0,43
2020-10-02T00:00:00+00:00;ETHBULL/USD;366,90000000;372,20000000;311,10000000;345,40000000;-6,22
2020-10-01T00:00:00+00:00;ETHBULL/USD;391,20000000;424,30000000;340,90000000;366,90000000;-6,62
2020-09-30T00:00:00+00:00;ETHBULL/USD;391,10000000;396,50000000;364,60000000;391,20000000;0,03
2020-09-29T00:00:00+00:00;ETHBULL/USD;368,20000000;393,60000000;361,40000000;391,00000000;5,83
2020-09-28T00:00:00+00:00;ETHBULL/USD;385,80000000;418,30000000;366,00000000;369,10000000;-4,52
2020-09-27T00:00:00+00:00;ETHBULL/USD;375,00000000;400,60000000;352,20000000;385,80000000;2,8
2020-09-26T00:00:00+00:00;ETHBULL/USD;367,60000000;382,00000000;350,00000000;375,00000000;1,97
2020-09-25T00:00:00+00:00;ETHBULL/USD;360,20000000;387,20000000;323,10000000;367,60000000;2,01
2020-09-24T00:00:00+00:00;ETHBULL/USD;284,90000000;371,20000000;274,50000000;360,20000000;20,91
2020-09-23T00:00:00+00:00;ETHBULL/USD;360,00000000;361,10000000;264,00000000;283,80000000;-26,85
2020-09-22T00:00:00+00:00;ETHBULL/USD;349,70000000;368,50000000;332,80000000;360,00000000;2,86
2020-09-21T00:00:00+00:00;ETHBULL/USD;464,80000000;488,20000000;316,80000000;349,70000000;-32,91
2020-09-20T00:00:00+00:00;ETHBULL/USD;523,70000000;524,90000000;439,60000000;464,80000000;-12,67
2020-09-19T00:00:00+00:00;ETHBULL/USD;519,10000000;537,30000000;491,20000000;523,70000000;0,88
2020-09-18T00:00:00+00:00;ETHBULL/USD;538,00000000;552,00000000;483,40000000;519,10000000;-3,64
2020-09-17T00:00:00+00:00;ETHBULL/USD;451,30000000;558,60000000;445,50000000;538,00000000;16,12
2020-09-16T00:00:00+00:00;ETHBULL/USD;447,50000000;480,70000000;415,00000000;451,30000000;0,84
2020-09-15T00:00:00+00:00;ETHBULL/USD;502,70000000;523,50000000;442,40000000;449,70000000;-11,79
2020-09-14T00:00:00+00:00;ETHBULL/USD;461,70000000;530,60000000;422,80000000;504,30000000;8,45
2020-09-13T00:00:00+00:00;ETHBULL/USD;554,75000000;565,25000000;394,00000000;461,70000000;-20,15
2020-09-12T00:00:00+00:00;ETHBULL/USD;499,50000000;556,75000000;463,00000000;555,00000000;10,0
2020-09-11T00:00:00+00:00;ETHBULL/USD;475,20000000;504,60000000;428,20000000;499,50000000;4,86
2020-09-10T00:00:00+00:00;ETHBULL/USD;414,80000000;508,90000000;413,00000000;475,20000000;12,71
2020-09-09T00:00:00+00:00;ETHBULL/USD;371,40000000;442,80000000;349,50000000;415,00000000;10,51
2020-09-08T00:00:00+00:00;ETHBULL/USD;432,00000000;443,50000000;327,30000000;371,40000000;-16,32
2020-09-07T00:00:00+00:00;ETHBULL/USD;429,50000000;450,80000000;322,40000000;432,00000000;0,58
2020-09-06T00:00:00+00:00;ETHBULL/USD;373,50000000;454,20000000;311,50000000;429,50000000;13,04
2020-09-05T00:00:00+00:00;ETHBULL/USD;605,75000000;648,25000000;288,80000000;373,50000000;-62,18
2020-09-04T00:00:00+00:00;ETHBULL/USD;588,25000000;676,25000000;481,25000000;605,75000000;2,89
2020-09-03T00:00:00+00:00;ETHBULL/USD;949,75000000;1020,25000000;532,00000000;588,25000000;-61,45
2020-09-02T00:00:00+00:00;ETHBULL/USD;1269,00000000;1311,50000000;830,00000000;949,75000000;-33,61
2020-09-01T00:00:00+00:00;ETHBULL/USD;987,00000000;1362,50000000;956,25000000;1269,00000000;22,22
2020-08-31T00:00:00+00:00;ETHBULL/USD;955,75000000;1023,50000000;883,75000000;987,00000000;3,17
2020-08-30T00:00:00+00:00;ETHBULL/USD;778,50000000;961,00000000;775,50000000;955,75000000;18,55
2020-08-29T00:00:00+00:00;ETHBULL/USD;761,50000000;823,00000000;742,00000000;778,50000000;2,18
2020-08-28T00:00:00+00:00;ETHBULL/USD;696,25000000;774,75000000;678,00000000;761,50000000;8,57
2020-08-27T00:00:00+00:00;ETHBULL/USD;711,75000000;773,50000000;633,50000000;696,25000000;-2,23
2020-08-26T00:00:00+00:00;ETHBULL/USD;700,50000000;753,25000000;666,00000000;711,75000000;1,58
2020-08-25T00:00:00+00:00;ETHBULL/USD;861,00000000;866,75000000;616,75000000;700,50000000;-22,91
2020-08-24T00:00:00+00:00;ETHBULL/USD;763,50000000;873,00000000;743,00000000;861,00000000;11,32
2020-08-23T00:00:00+00:00;ETHBULL/USD;791,50000000;801,25000000;721,25000000;763,50000000;-3,67
2020-08-22T00:00:00+00:00;ETHBULL/USD;749,00000000;801,25000000;700,00000000;791,50000000;5,37
2020-08-21T00:00:00+00:00;ETHBULL/USD;943,00000000;962,50000000;729,00000000;749,00000000;-25,9
2020-08-20T00:00:00+00:00;ETHBULL/USD;887,00000000;963,50000000;855,00000000;943,00000000;5,94
2020-08-19T00:00:00+00:00;ETHBULL/USD;991,50000000;1026,00000000;790,00000000;887,25000000;-11,75
2020-08-18T00:00:00+00:00;ETHBULL/USD;1067,00000000;1090,00000000;938,00000000;995,25000000;-7,21
2020-08-17T00:00:00+00:00;ETHBULL/USD;1093,50000000;1196,75000000;988,00000000;1067,00000000;-2,48
2020-08-16T00:00:00+00:00;ETHBULL/USD;1088,00000000;1115,00000000;926,50000000;1093,50000000;0,5
2020-08-15T00:00:00+00:00;ETHBULL/USD;1137,50000000;1175,50000000;1047,00000000;1088,00000000;-4,55
2020-08-14T00:00:00+00:00;ETHBULL/USD;1048,00000000;1186,50000000;981,50000000;1137,50000000;7,87
2020-08-13T00:00:00+00:00;ETHBULL/USD;815,00000000;1099,50000000;745,25000000;1048,00000000;22,23
2020-08-12T00:00:00+00:00;ETHBULL/USD;763,25000000;824,75000000;690,25000000;815,00000000;6,35
2020-08-11T00:00:00+00:00;ETHBULL/USD;880,75000000;900,75000000;685,50000000;763,25000000;-15,39
2020-08-10T00:00:00+00:00;ETHBULL/USD;850,00000000;916,50000000;824,75000000;880,75000000;3,49
2020-08-09T00:00:00+00:00;ETHBULL/USD;900,50000000;921,25000000;808,75000000;850,00000000;-5,94
2020-08-08T00:00:00+00:00;ETHBULL/USD;793,00000000;901,00000000;772,75000000;900,50000000;11,94
2020-08-07T00:00:00+00:00;ETHBULL/USD;896,75000000;921,00000000;690,00000000;793,00000000;-13,08
2020-08-06T00:00:00+00:00;ETHBULL/USD;944,00000000;963,00000000;873,75000000;896,75000000;-5,27
2020-08-05T00:00:00+00:00;ETHBULL/USD;873,00000000;991,50000000;834,25000000;944,00000000;7,52
2020-08-04T00:00:00+00:00;ETHBULL/USD;852,25000000;967,00000000;813,50000000;873,00000000;2,38
2020-08-03T00:00:00+00:00;ETHBULL/USD;771,75000000;930,00000000;743,75000000;856,00000000;9,84
2020-08-02T00:00:00+00:00;ETHBULL/USD;886,25000000;1089,50000000;650,00000000;771,75000000;-14,84
2020-08-01T00:00:00+00:00;ETHBULL/USD;654,00000000;922,75000000;636,50000000;886,25000000;26,21
2020-07-31T00:00:00+00:00;ETHBULL/USD;597,75000000;670,75000000;560,00000000;655,00000000;8,74
2020-07-30T00:00:00+00:00;ETHBULL/USD;515,00000000;632,10000000;498,00000000;597,75000000;13,84
2020-07-29T00:00:00+00:00;ETHBULL/USD;513,90000000;554,00000000;494,00000000;515,00000000;0,21
2020-07-28T00:00:00+00:00;ETHBULL/USD;546,75000000;570,00000000;458,50000000;513,90000000;-6,39
2020-07-27T00:00:00+00:00;ETHBULL/USD;494,40000000;602,25000000;491,30000000;546,75000000;9,57
2020-07-26T00:00:00+00:00;ETHBULL/USD;469,60000000;541,40000000;447,90000000;494,40000000;5,02
2020-07-25T00:00:00+00:00;ETHBULL/USD;369,10000000;485,00000000;368,00000000;469,60000000;21,4
2020-07-24T00:00:00+00:00;ETHBULL/USD;352,90000000;399,60000000;327,00000000;369,20000000;4,41
2020-07-23T00:00:00+00:00;ETHBULL/USD;314,80000000;370,80000000;298,20000000;352,90000000;10,8
2020-07-22T00:00:00+00:00;ETHBULL/USD;257,30000000;333,40000000;244,40000000;314,80000000;18,27
2020-07-21T00:00:00+00:00;ETHBULL/USD;229,20000000;261,35000000;227,80000000;257,30000000;10,92
2020-07-20T00:00:00+00:00;ETHBULL/USD;238,80000000;240,70000000;223,50000000;229,20000000;-4,19
2020-07-19T00:00:00+00:00;ETHBULL/USD;229,70000000;240,90000000;221,55000000;238,80000000;3,81
2020-07-18T00:00:00+00:00;ETHBULL/USD;221,10000000;232,65000000;219,85000000;229,70000000;3,74
2020-07-17T00:00:00+00:00;ETHBULL/USD;224,00000000;226,45000000;218,60000000;221,10000000;-1,31
2020-07-16T00:00:00+00:00;ETHBULL/USD;239,60000000;242,00000000;212,40000000;224,00000000;-6,96
2020-07-15T00:00:00+00:00;ETHBULL/USD;245,90000000;248,90000000;233,50000000;239,60000000;-2,63
2020-07-14T00:00:00+00:00;ETHBULL/USD;243,10000000;250,60000000;234,80000000;245,90000000;1,14
2020-07-13T00:00:00+00:00;ETHBULL/USD;255,10000000;262,10000000;236,60000000;243,10000000;-4,94
2020-07-12T00:00:00+00:00;ETHBULL/USD;243,20000000;258,10000000;235,10000000;255,10000000;4,66
2020-07-11T00:00:00+00:00;ETHBULL/USD;250,40000000;252,20000000;239,00000000;243,20000000;-2,96
2020-07-10T00:00:00+00:00;ETHBULL/USD;253,60000000;253,60000000;234,20000000;250,30000000;-1,32
2020-07-09T00:00:00+00:00;ETHBULL/USD;270,70000000;272,60000000;240,20000000;253,60000000;-6,74
2020-07-08T00:00:00+00:00;ETHBULL/USD;246,80000000;277,10000000;242,60000000;270,70000000;8,83
2020-07-07T00:00:00+00:00;ETHBULL/USD;254,90000000;261,40000000;232,30000000;246,80000000;-3,28
2020-07-06T00:00:00+00:00;ETHBULL/USD;215,70000000;256,05000000;213,60000000;254,90000000;15,38
2020-07-05T00:00:00+00:00;ETHBULL/USD;220,20000000;221,90000000;203,70000000;215,70000000;-2,09
2020-07-04T00:00:00+00:00;ETHBULL/USD;208,15000000;224,35000000;207,15000000;220,20000000;5,47
2020-07-03T00:00:00+00:00;ETHBULL/USD;212,25000000;216,95000000;206,20000000;208,15000000;-1,97
2020-07-02T00:00:00+00:00;ETHBULL/USD;226,60000000;229,05000000;202,15000000;212,25000000;-6,76
2020-07-01T00:00:00+00:00;ETHBULL/USD;210,80000000;230,90000000;207,25000000;226,60000000;6,97
2020-06-30T00:00:00+00:00;ETHBULL/USD;218,25000000;220,60000000;203,65000000;210,80000000;-3,53
2020-06-29T00:00:00+00:00;ETHBULL/USD;210,70000000;224,20000000;199,50000000;218,25000000;3,46
2020-06-28T00:00:00+00:00;ETHBULL/USD;199,45000000;217,95000000;191,55000000;210,70000000;5,34
2020-06-27T00:00:00+00:00;ETHBULL/USD;225,75000000;229,90000000;184,40000000;199,45000000;-13,19
2020-06-26T00:00:00+00:00;ETHBULL/USD;234,30000000;236,60000000;219,55000000;225,75000000;-3,79
2020-06-25T00:00:00+00:00;ETHBULL/USD;240,30000000;243,40000000;218,70000000;234,30000000;-2,56
2020-06-24T00:00:00+00:00;ETHBULL/USD;269,40000000;290,40000000;229,10000000;240,30000000;-12,11
2020-06-23T00:00:00+00:00;ETHBULL/USD;270,80000000;276,10000000;262,60000000;269,40000000;-0,52
2020-06-22T00:00:00+00:00;ETHBULL/USD;225,40000000;281,80000000;224,35000000;270,80000000;16,77
2020-06-21T00:00:00+00:00;ETHBULL/USD;228,25000000;235,80000000;222,50000000;225,40000000;-1,26
2020-06-20T00:00:00+00:00;ETHBULL/USD;228,05000000;233,65000000;219,55000000;228,25000000;0,09
2020-06-19T00:00:00+00:00;ETHBULL/USD;236,00000000;237,85000000;221,60000000;228,05000000;-3,49
2020-06-18T00:00:00+00:00;ETHBULL/USD;244,90000000;247,00000000;223,65000000;236,00000000;-3,77
2020-06-17T00:00:00+00:00;ETHBULL/USD;249,20000000;255,30000000;225,50000000;244,90000000;-1,76
2020-06-16T00:00:00+00:00;ETHBULL/USD;237,20000000;251,70000000;230,20000000;249,20000000;4,82
2020-06-15T00:00:00+00:00;ETHBULL/USD;239,50000000;244,60000000;197,40000000;237,20000000;-0,97
2020-06-14T00:00:00+00:00;ETHBULL/USD;261,20000000;261,90000000;233,80000000;239,50000000;-9,06
2020-06-13T00:00:00+00:00;ETHBULL/USD;259,70000000;263,70000000;250,20000000;261,20000000;0,57
2020-06-12T00:00:00+00:00;ETHBULL/USD;238,00000000;265,20000000;231,00000000;259,70000000;8,36
2020-06-11T00:00:00+00:00;ETHBULL/USD;305,50000000;312,00000000;221,60000000;238,00000000;-28,36
2020-06-10T00:00:00+00:00;ETHBULL/USD;290,60000000;314,60000000;280,00000000;305,50000000;4,88
2020-06-09T00:00:00+00:00;ETHBULL/USD;302,30000000;314,00000000;269,30000000;290,60000000;-4,03
2020-06-08T00:00:00+00:00;ETHBULL/USD;295,70000000;306,50000000;282,00000000;302,30000000;2,18
2020-06-07T00:00:00+00:00;ETHBULL/USD;286,10000000;297,60000000;260,80000000;295,70000000;3,25
2020-06-06T00:00:00+00:00;ETHBULL/USD;280,00000000;295,20000000;270,50000000;286,10000000;2,13
2020-06-05T00:00:00+00:00;ETHBULL/USD;292,80000000;308,50000000;275,80000000;280,00000000;-4,57
2020-06-04T00:00:00+00:00;ETHBULL/USD;298,00000000;305,30000000;267,10000000;292,80000000;-1,78
2020-06-03T00:00:00+00:00;ETHBULL/USD;274,60000000;300,10000000;260,00000000;298,00000000;7,85
2020-06-02T00:00:00+00:00;ETHBULL/USD;320,10000000;337,00000000;225,20000000;274,60000000;-16,57
2020-06-01T00:00:00+00:00;ETHBULL/USD;262,10000000;329,50000000;258,50000000;320,10000000;18,12
2020-05-31T00:00:00+00:00;ETHBULL/USD;308,50000000;315,40000000;255,10000000;262,10000000;-17,7
2020-05-30T00:00:00+00:00;ETHBULL/USD;235,45000000;320,00000000;229,80000000;308,50000000;23,68
2020-05-29T00:00:00+00:00;ETHBULL/USD;235,35000000;249,00000000;225,50000000;235,45000000;0,04
2020-05-28T00:00:00+00:00;ETHBULL/USD;200,80000000;236,45000000;189,75000000;235,35000000;14,68
2020-05-27T00:00:00+00:00;ETHBULL/USD;181,45000000;200,95000000;180,40000000;200,80000000;9,64
2020-05-26T00:00:00+00:00;ETHBULL/USD;190,00000000;192,20000000;168,85000000;181,45000000;-4,71
2020-05-25T00:00:00+00:00;ETHBULL/USD;179,05000000;194,15000000;174,25000000;190,00000000;5,76
2020-05-24T00:00:00+00:00;ETHBULL/USD;198,55000000;210,45000000;178,20000000;179,05000000;-10,89
2020-05-23T00:00:00+00:00;ETHBULL/USD;200,65000000;211,75000000;193,20000000;198,55000000;-1,06
2020-05-22T00:00:00+00:00;ETHBULL/USD;177,95000000;205,75000000;171,40000000;200,65000000;11,31
2020-05-21T00:00:00+00:00;ETHBULL/USD;212,55000000;217,25000000;155,55000000;177,95000000;-19,44
2020-05-20T00:00:00+00:00;ETHBULL/USD;228,55000000;231,00000000;200,00000000;212,55000000;-7,53
2020-05-19T00:00:00+00:00;ETHBULL/USD;228,55000000;232,35000000;211,65000000;228,55000000;0,0
2020-05-18T00:00:00+00:00;ETHBULL/USD;205,95000000;236,45000000;205,95000000;228,55000000;9,89
2020-05-17T00:00:00+00:00;ETHBULL/USD;188,55000000;214,80000000;186,40000000;205,95000000;8,45
2020-05-16T00:00:00+00:00;ETHBULL/USD;172,85000000;195,75000000;168,20000000;188,55000000;8,33
2020-05-15T00:00:00+00:00;ETHBULL/USD;197,45000000;199,90000000;162,50000000;172,85000000;-14,23
2020-05-14T00:00:00+00:00;ETHBULL/USD;188,60000000;205,95000000;176,05000000;197,45000000;4,48
2020-05-13T00:00:00+00:00;ETHBULL/USD;162,15000000;192,15000000;159,15000000;188,60000000;14,02
2020-05-12T00:00:00+00:00;ETHBULL/USD;152,25000000;167,75000000;152,20000000;162,15000000;6,11
2020-05-11T00:00:00+00:00;ETHBULL/USD;157,35000000;171,00000000;126,75000000;152,25000000;-3,35
2020-05-10T00:00:00+00:00;ETHBULL/USD;238,90000000;238,90000000;135,00000000;157,35000000;-51,83
2020-05-09T00:00:00+00:00;ETHBULL/USD;244,70000000;255,00000000;233,80000000;238,90000000;-2,43
2020-05-08T00:00:00+00:00;ETHBULL/USD;249,40000000;263,40000000;230,00000000;244,70000000;-1,92
2020-05-07T00:00:00+00:00;ETHBULL/USD;208,10000000;258,65000000;201,00000000;249,40000000;16,56
2020-05-06T00:00:00+00:00;ETHBULL/USD;229,70000000;249,85000000;206,25000000;208,10000000;-10,38
2020-05-05T00:00:00+00:00;ETHBULL/USD;234,45000000;252,40000000;216,90000000;229,70000000;-2,07
2020-05-04T00:00:00+00:00;ETHBULL/USD;246,50000000;249,00000000;194,70000000;234,45000000;-5,14
2020-05-03T00:00:00+00:00;ETHBULL/USD;263,30000000;281,80000000;227,30000000;246,50000000;-6,82
2020-05-02T00:00:00+00:00;ETHBULL/USD;256,40000000;268,20000000;250,50000000;263,30000000;2,62
2020-05-01T00:00:00+00:00;ETHBULL/USD;236,95000000;275,60000000;236,75000000;256,40000000;7,59
2020-04-30T00:00:00+00:00;ETHBULL/USD;271,80000000;317,00000000;221,10000000;236,95000000;-14,71
2020-04-29T00:00:00+00:00;ETHBULL/USD;211,20000000;285,00000000;210,60000000;271,80000000;22,3
2020-04-28T00:00:00+00:00;ETHBULL/USD;211,35000000;214,80000000;195,65000000;211,20000000;-0,07
2020-04-27T00:00:00+00:00;ETHBULL/USD;214,00000000;219,00000000;188,50000000;211,35000000;-1,25
2020-04-26T00:00:00+00:00;ETHBULL/USD;203,50000000;221,10000000;197,25000000;214,00000000;4,91
2020-04-25T00:00:00+00:00;ETHBULL/USD;184,00000000;215,45000000;179,15000000;203,50000000;9,58
2020-04-24T00:00:00+00:00;ETHBULL/USD;178,20000000;191,05000000;174,00000000;184,00000000;3,15
2020-04-23T00:00:00+00:00;ETHBULL/USD;171,60000000;203,65000000;158,10000000;178,20000000;3,7
2020-04-22T00:00:00+00:00;ETHBULL/USD;141,30000000;174,30000000;139,05000000;171,60000000;17,66
2020-04-21T00:00:00+00:00;ETHBULL/USD;139,80000000;150,95000000;134,80000000;141,30000000;1,06
2020-04-20T00:00:00+00:00;ETHBULL/USD;167,05000000;185,00000000;130,05000000;139,80000000;-19,49
2020-04-19T00:00:00+00:00;ETHBULL/USD;190,70000000;191,75000000;156,20000000;167,05000000;-14,16
2020-04-18T00:00:00+00:00;ETHBULL/USD;146,05000000;195,30000000;145,95000000;190,70000000;23,41
2020-04-17T00:00:00+00:00;ETHBULL/USD;151,00000000;157,75000000;140,00000000;146,05000000;-3,39
2020-04-16T00:00:00+00:00;ETHBULL/USD;110,25000000;156,35000000;100,30000000;151,00000000;26,99
2020-04-15T00:00:00+00:00;ETHBULL/USD;122,85000000;129,70000000;108,60000000;110,25000000;-11,43
2020-04-14T00:00:00+00:00;ETHBULL/USD;119,05000000;130,80000000;116,30000000;122,85000000;3,09
2020-04-13T00:00:00+00:00;ETHBULL/USD;123,10000000;124,70000000;102,40000000;119,05000000;-3,4
2020-04-12T00:00:00+00:00;ETHBULL/USD;122,30000000;138,90000000;114,75000000;123,25000000;0,77
2020-04-11T00:00:00+00:00;ETHBULL/USD;120,60000000;129,00000000;112,50000000;122,30000000;1,39
2020-04-10T00:00:00+00:00;ETHBULL/USD;152,60000000;153,45000000;105,60000000;120,60000000;-26,53
2020-04-09T00:00:00+00:00;ETHBULL/USD;162,30000000;162,95000000;139,15000000;152,75000000;-6,25
2020-04-08T00:00:00+00:00;ETHBULL/USD;140,80000000;165,75000000;138,15000000;162,30000000;13,25
2020-04-07T00:00:00+00:00;ETHBULL/USD;160,85000000;173,45000000;133,75000000;140,80000000;-14,24
2020-04-06T00:00:00+00:00;ETHBULL/USD;100,00000000;161,40000000;99,70000000;160,85000000;37,83
2020-04-05T00:00:00+00:00;ETHBULL/USD;103,00000000;106,07500000;95,22500000;100,00000000;-3,0
2020-04-04T00:00:00+00:00;ETHBULL/USD;96,80000000;107,40000000;92,07500000;103,00000000;6,02
2020-04-03T00:00:00+00:00;ETHBULL/USD;96,45000000;107,87500000;89,92500000;96,80000000;0,36
2020-04-02T00:00:00+00:00;ETHBULL/USD;86,77500000;114,17500000;85,30000000;96,45000000;10,03
2020-04-01T00:00:00+00:00;ETHBULL/USD;80,77500000;88,90000000;73,10000000;86,77500000;6,91
2020-03-31T00:00:00+00:00;ETHBULL/USD;79,30000000;84,95000000;75,70000000;80,77500000;1,83
2020-03-30T00:00:00+00:00;ETHBULL/USD;66,45000000;84,52500000;65,55000000;79,30000000;16,2
2020-03-29T00:00:00+00:00;ETHBULL/USD;78,27500000;80,12500000;65,35000000;66,32500000;-18,02
2020-03-28T00:00:00+00:00;ETHBULL/USD;78,77500000;81,82500000;67,17500000;78,40000000;-0,48
2020-03-27T00:00:00+00:00;ETHBULL/USD;94,07500000;100,00000000;75,75000000;78,72500000;-19,5
2020-03-26T00:00:00+00:00;ETHBULL/USD;88,05000000;96,55000000;83,52500000;93,97500000;6,3
2020-03-25T00:00:00+00:00;ETHBULL/USD;93,32500000;100,50000000;81,42500000;87,85000000;-6,23
2020-03-24T00:00:00+00:00;ETHBULL/USD;88,15000000;102,80000000;81,47500000;93,32500000;5,55
2020-03-23T00:00:00+00:00;ETHBULL/USD;66,10000000;91,00000000;60,22500000;88,15000000;25,01
2020-03-22T00:00:00+00:00;ETHBULL/USD;85,77500000;94,80000000;64,02500000;66,10000000;-29,77
2020-03-21T00:00:00+00:00;ETHBULL/USD;87,25000000;95,10000000;72,30000000;85,70000000;-1,81
2020-03-20T00:00:00+00:00;ETHBULL/USD;102,65000000;139,75000000;56,20000000;87,20000000;-17,72
2020-03-19T00:00:00+00:00;ETHBULL/USD;69,45000000;115,17500000;64,85000000;102,65000000;32,34
2020-03-18T00:00:00+00:00;ETHBULL/USD;65,60000000;70,10000000;55,45000000;69,45000000;5,54
2020-03-17T00:00:00+00:00;ETHBULL/USD;57,52500000;73,07500000;55,22500000;65,60000000;12,31
2020-03-16T00:00:00+00:00;ETHBULL/USD;84,55000000;84,57500000;42,15000000;57,57500000;-46,85
2020-03-15T00:00:00+00:00;ETHBULL/USD;82,92500000;104,92500000;77,45000000;84,55000000;1,92
2020-03-14T00:00:00+00:00;ETHBULL/USD;112,65000000;114,05000000;79,45000000;82,77500000;-36,09
2020-03-13T00:00:00+00:00;ETHBULL/USD;80,50000000;125,16000000;34,98000000;112,65000000;28,54
2020-03-12T00:00:00+00:00;ETHBULL/USD;797,75000000;805,25000000;68,52500000;80,75000000;-887,93
2020-03-11T00:00:00+00:00;ETHBULL/USD;877,00000000;907,25000000;627,25000000;798,00000000;-9,9
2020-03-10T00:00:00+00:00;ETHBULL/USD;916,00000000;956,00000000;812,00000000;876,50000000;-4,51
2020-03-09T00:00:00+00:00;ETHBULL/USD;871,50000000;1000,50000000;741,25000000;916,00000000;4,86
2020-03-08T00:00:00+00:00;ETHBULL/USD;1587,00000000;1587,00000000;820,50000000;870,75000000;-82,26
2020-03-07T00:00:00+00:00;ETHBULL/USD;1780,50000000;1921,50000000;1571,50000000;1587,00000000;-12,19
2020-03-06T00:00:00+00:00;ETHBULL/USD;1457,50000000;1788,50000000;1438,50000000;1780,50000000;18,14
2020-03-05T00:00:00+00:00;ETHBULL/USD;1385,50000000;1566,50000000;1385,50000000;1457,50000000;4,94
2020-03-04T00:00:00+00:00;ETHBULL/USD;1380,50000000;1468,00000000;1315,50000000;1385,50000000;0,36
2020-03-03T00:00:00+00:00;ETHBULL/USD;1550,00000000;1562,00000000;1307,00000000;1380,50000000;-12,28
2020-03-02T00:00:00+00:00;ETHBULL/USD;1298,00000000;1594,00000000;1264,00000000;1548,50000000;16,18
2020-03-01T00:00:00+00:00;ETHBULL/USD;1297,00000000;1488,50000000;1195,50000000;1298,00000000;0,08
2020-02-29T00:00:00+00:00;ETHBULL/USD;1517,00000000;1638,00000000;1295,50000000;1301,00000000;-16,6
2020-02-28T00:00:00+00:00;ETHBULL/USD;1534,00000000;1671,00000000;1252,00000000;1519,50000000;-0,95
2020-02-27T00:00:00+00:00;ETHBULL/USD;1468,50000000;1740,50000000;1197,00000000;1534,00000000;4,27
2020-02-26T00:00:00+00:00;ETHBULL/USD;2108,00000000;2173,50000000;1291,50000000;1468,50000000;-43,55
2020-02-25T00:00:00+00:00;ETHBULL/USD;2712,00000000;2726,00000000;2044,00000000;2108,00000000;-28,65
2020-02-24T00:00:00+00:00;ETHBULL/USD;3060,00000000;3138,00000000;2431,00000000;2712,00000000;-12,83
2020-02-23T00:00:00+00:00;ETHBULL/USD;2665,00000000;3091,00000000;2651,00000000;3060,00000000;12,91
2020-02-22T00:00:00+00:00;ETHBULL/USD;2797,00000000;2842,00000000;2515,00000000;2665,00000000;-4,95
2020-02-21T00:00:00+00:00;ETHBULL/USD;2562,00000000;2886,00000000;2464,00000000;2797,00000000;8,4
2020-02-20T00:00:00+00:00;ETHBULL/USD;2652,00000000;2758,00000000;2212,00000000;2562,00000000;-3,51
2020-02-19T00:00:00+00:00;ETHBULL/USD;3629,00000000;3750,00000000;2473,00000000;2654,00000000;-36,74
2020-02-18T00:00:00+00:00;ETHBULL/USD;3122,00000000;3738,00000000;2854,00000000;3629,00000000;13,97
2020-02-17T00:00:00+00:00;ETHBULL/USD;2871,00000000;3144,00000000;2306,00000000;3119,00000000;7,95
2020-02-16T00:00:00+00:00;ETHBULL/USD;3114,00000000;3385,00000000;2128,00000000;2894,00000000;-7,6
2020-02-15T00:00:00+00:00;ETHBULL/USD;4062,00000000;4189,00000000;3000,00000000;3117,00000000;-30,32
2020-02-14T00:00:00+00:00;ETHBULL/USD;3426,00000000;4117,00000000;3117,00000000;4062,00000000;15,66
2020-02-13T00:00:00+00:00;ETHBULL/USD;3369,00000000;3799,00000000;3009,00000000;3426,00000000;1,66
2020-02-12T00:00:00+00:00;ETHBULL/USD;2491,00000000;3683,00000000;2491,00000000;3369,00000000;26,06
2020-02-11T00:00:00+00:00;ETHBULL/USD;2091,00000000;2536,00000000;1953,00000000;2491,00000000;16,06
2020-02-10T00:00:00+00:00;ETHBULL/USD;2271,00000000;2293,00000000;1926,50000000;2092,50000000;-8,53
2020-02-09T00:00:00+00:00;ETHBULL/USD;2139,50000000;2341,50000000;2134,00000000;2271,00000000;5,79
2020-02-08T00:00:00+00:00;ETHBULL/USD;2146,00000000;2265,50000000;1863,00000000;2139,50000000;-0,3
2020-02-07T00:00:00+00:00;ETHBULL/USD;1886,00000000;2168,50000000;1886,00000000;2146,00000000;12,12
2020-02-06T00:00:00+00:00;ETHBULL/USD;1670,50000000;1960,50000000;1604,00000000;1886,00000000;11,43
2020-02-05T00:00:00+00:00;ETHBULL/USD;1345,50000000;1752,50000000;1333,50000000;1671,00000000;19,48
2020-02-04T00:00:00+00:00;ETHBULL/USD;1383,00000000;1419,50000000;1271,50000000;1345,50000000;-2,79
2020-02-03T00:00:00+00:00;ETHBULL/USD;1364,50000000;1498,50000000;1326,50000000;1383,00000000;1,34
2020-02-02T00:00:00+00:00;ETHBULL/USD;1269,50000000;1469,00000000;1182,50000000;1364,50000000;6,96
2020-02-01T00:00:00+00:00;ETHBULL/USD;1196,50000000;1288,00000000;1185,50000000;1269,50000000;5,75
2020-01-31T00:00:00+00:00;ETHBULL/USD;1311,50000000;1331,50000000;1112,50000000;1196,50000000;-9,61
2020-01-30T00:00:00+00:00;ETHBULL/USD;1113,00000000;1355,00000000;1056,00000000;1311,50000000;15,14
2020-01-29T00:00:00+00:00;ETHBULL/USD;1164,00000000;1211,50000000;1105,00000000;1113,00000000;-4,58
2020-01-28T00:00:00+00:00;ETHBULL/USD;1055,50000000;1171,00000000;1055,50000000;1164,00000000;9,32
2020-01-27T00:00:00+00:00;ETHBULL/USD;1019,50000000;1089,25000000;973,75000000;1055,50000000;3,41
2020-01-26T00:00:00+00:00;ETHBULL/USD;902,25000000;1021,25000000;886,25000000;1019,50000000;11,5
2020-01-25T00:00:00+00:00;ETHBULL/USD;941,00000000;941,00000000;860,00000000;902,25000000;-4,29
2020-01-24T00:00:00+00:00;ETHBULL/USD;945,75000000;975,25000000;823,50000000;941,00000000;-0,5
2020-01-23T00:00:00+00:00;ETHBULL/USD;1045,00000000;1047,00000000;882,25000000;945,00000000;-10,58
2020-01-22T00:00:00+00:00;ETHBULL/USD;1078,00000000;1110,50000000;1014,00000000;1045,00000000;-3,16
2020-01-21T00:00:00+00:00;ETHBULL/USD;1033,25000000;1086,25000000;1000,75000000;1078,00000000;4,15
2020-01-20T00:00:00+00:00;ETHBULL/USD;1036,75000000;1080,00000000;936,25000000;1033,25000000;-0,34
2020-01-19T00:00:00+00:00;ETHBULL/USD;1197,00000000;1267,00000000;939,50000000;1036,75000000;-15,46
2020-01-18T00:00:00+00:00;ETHBULL/USD;1117,00000000;1288,50000000;1023,00000000;1197,00000000;6,68
2020-01-17T00:00:00+00:00;ETHBULL/USD;1013,25000000;1194,75000000;977,00000000;1117,00000000;9,29
2020-01-16T00:00:00+00:00;ETHBULL/USD;1063,25000000;1076,50000000;908,00000000;1013,25000000;-4,93
2020-01-15T00:00:00+00:00;ETHBULL/USD;1055,50000000;1162,50000000;932,25000000;1063,25000000;0,73
2020-01-14T00:00:00+00:00;ETHBULL/USD;721,00000000;1135,25000000;718,50000000;1055,50000000;31,69
2020-01-13T00:00:00+00:00;ETHBULL/USD;769,75000000;775,50000000;702,75000000;721,00000000;-6,76
2020-01-12T00:00:00+00:00;ETHBULL/USD;713,25000000;769,25000000;706,00000000;769,25000000;7,28
2020-01-11T00:00:00+00:00;ETHBULL/USD;750,50000000;796,50000000;710,00000000;713,25000000;-5,22
2020-01-10T00:00:00+00:00;ETHBULL/USD;652,75000000;751,00000000;620,50000000;750,50000000;13,02
2020-01-09T00:00:00+00:00;ETHBULL/USD;694,00000000;704,75000000;619,50000000;652,75000000;-6,32
2020-01-08T00:00:00+00:00;ETHBULL/USD;729,75000000;806,00000000;642,75000000;692,75000000;-5,34
2020-01-07T00:00:00+00:00;ETHBULL/USD;750,75000000;766,00000000;673,00000000;730,50000000;-2,77

