DATE/TIME;SYMBOL;OPEN;HIGH;LOW;CLOSE;EVOL % CLOSE/HIGH
2022-01-05T00:00:00+00:00;USDTBULL/USD;10092,50000000;10095,00000000;10092,50000000;10095,00000000;0,02
2022-01-04T00:00:00+00:00;USDTBULL/USD;10085,00000000;10095,00000000;10085,00000000;10092,50000000;0,07
2022-01-03T00:00:00+00:00;USDTBULL/USD;10087,50000000;10100,00000000;10082,50000000;10085,00000000;-0,02
2022-01-02T00:00:00+00:00;USDTBULL/USD;10075,00000000;10100,00000000;10075,00000000;10087,50000000;0,12
2022-01-01T00:00:00+00:00;USDTBULL/USD;10067,50000000;10075,00000000;10062,50000000;10075,00000000;0,07
2021-12-31T00:00:00+00:00;USDTBULL/USD;10090,00000000;10122,50000000;10062,50000000;10067,50000000;-0,22
2021-12-30T00:00:00+00:00;USDTBULL/USD;10090,00000000;10090,00000000;10090,00000000;10090,00000000;0,0
2021-12-29T00:00:00+00:00;USDTBULL/USD;10090,00000000;10090,00000000;10090,00000000;10090,00000000;0,0
2021-12-28T00:00:00+00:00;USDTBULL/USD;10090,00000000;10090,00000000;10090,00000000;10090,00000000;0,0
2021-12-27T00:00:00+00:00;USDTBULL/USD;10090,00000000;10090,00000000;10090,00000000;10090,00000000;0,0
2021-12-26T00:00:00+00:00;USDTBULL/USD;10052,50000000;10090,00000000;10052,50000000;10090,00000000;0,37
2021-12-25T00:00:00+00:00;USDTBULL/USD;10050,00000000;10065,00000000;10047,50000000;10052,50000000;0,02
2021-12-24T00:00:00+00:00;USDTBULL/USD;10050,00000000;10060,00000000;10047,50000000;10050,00000000;0,0
2021-12-23T00:00:00+00:00;USDTBULL/USD;10127,50000000;10127,50000000;10045,00000000;10050,00000000;-0,77
2021-12-22T00:00:00+00:00;USDTBULL/USD;10040,00000000;10132,50000000;10040,00000000;10127,50000000;0,86
2021-12-21T00:00:00+00:00;USDTBULL/USD;10070,00000000;10070,00000000;10040,00000000;10040,00000000;-0,3
2021-12-20T00:00:00+00:00;USDTBULL/USD;10125,00000000;10127,50000000;10070,00000000;10070,00000000;-0,55
2021-12-19T00:00:00+00:00;USDTBULL/USD;10062,50000000;10127,50000000;10022,50000000;10125,00000000;0,62
2021-12-18T00:00:00+00:00;USDTBULL/USD;10012,50000000;10112,50000000;10012,50000000;10062,50000000;0,5
2021-12-17T00:00:00+00:00;USDTBULL/USD;10012,50000000;10017,50000000;10012,50000000;10012,50000000;0,0
2021-12-16T00:00:00+00:00;USDTBULL/USD;10055,00000000;10055,00000000;10012,50000000;10012,50000000;-0,42
2021-12-15T00:00:00+00:00;USDTBULL/USD;10025,00000000;10112,50000000;10025,00000000;10055,00000000;0,3
2021-12-14T00:00:00+00:00;USDTBULL/USD;10007,50000000;10117,50000000;10005,00000000;10025,00000000;0,17
2021-12-13T00:00:00+00:00;USDTBULL/USD;10105,00000000;10105,00000000;10007,50000000;10007,50000000;-0,97
2021-12-12T00:00:00+00:00;USDTBULL/USD;10105,00000000;10105,00000000;10105,00000000;10105,00000000;0,0
2021-12-11T00:00:00+00:00;USDTBULL/USD;10105,00000000;10105,00000000;10105,00000000;10105,00000000;0,0
2021-12-10T00:00:00+00:00;USDTBULL/USD;10017,50000000;10105,00000000;10017,50000000;10105,00000000;0,87
2021-12-09T00:00:00+00:00;USDTBULL/USD;10100,00000000;10105,00000000;10017,50000000;10017,50000000;-0,82
2021-12-08T00:00:00+00:00;USDTBULL/USD;10102,50000000;10102,50000000;10097,50000000;10100,00000000;-0,02
2021-12-07T00:00:00+00:00;USDTBULL/USD;10102,50000000;10102,50000000;10102,50000000;10102,50000000;0,0
2021-12-06T00:00:00+00:00;USDTBULL/USD;9950,00000000;10102,50000000;9947,50000000;10102,50000000;1,51
2021-12-05T00:00:00+00:00;USDTBULL/USD;10047,50000000;10547,50000000;9895,00000000;9950,00000000;-0,98
2021-12-04T00:00:00+00:00;USDTBULL/USD;9987,50000000;10262,50000000;9987,50000000;10047,50000000;0,6
2021-12-03T00:00:00+00:00;USDTBULL/USD;10002,50000000;10002,50000000;9987,50000000;9987,50000000;-0,15
2021-12-02T00:00:00+00:00;USDTBULL/USD;10107,50000000;10110,00000000;10002,50000000;10002,50000000;-1,05
2021-12-01T00:00:00+00:00;USDTBULL/USD;9890,00000000;10110,00000000;9872,50000000;10107,50000000;2,15
2021-11-30T00:00:00+00:00;USDTBULL/USD;9897,50000000;10037,50000000;9872,50000000;9890,00000000;-0,08
2021-11-29T00:00:00+00:00;USDTBULL/USD;9900,00000000;9900,00000000;9897,50000000;9897,50000000;-0,03
2021-11-28T00:00:00+00:00;USDTBULL/USD;9900,00000000;9900,00000000;9900,00000000;9900,00000000;0,0
2021-11-27T00:00:00+00:00;USDTBULL/USD;10000,00000000;10027,50000000;9900,00000000;9900,00000000;-1,01
2021-11-26T00:00:00+00:00;USDTBULL/USD;9770,00000000;10000,00000000;9745,00000000;10000,00000000;2,3
2021-11-25T00:00:00+00:00;USDTBULL/USD;9895,00000000;9897,50000000;9705,00000000;9770,00000000;-1,28
2021-11-24T00:00:00+00:00;USDTBULL/USD;9925,00000000;10142,50000000;9895,00000000;9895,00000000;-0,3
2021-11-23T00:00:00+00:00;USDTBULL/USD;9910,00000000;9925,00000000;9910,00000000;9925,00000000;0,15
2021-11-22T00:00:00+00:00;USDTBULL/USD;9910,00000000;9910,00000000;9910,00000000;9910,00000000;0,0
2021-11-21T00:00:00+00:00;USDTBULL/USD;9857,50000000;9925,00000000;9822,50000000;9910,00000000;0,53
2021-11-20T00:00:00+00:00;USDTBULL/USD;9842,50000000;9872,50000000;9822,50000000;9857,50000000;0,15
2021-11-19T00:00:00+00:00;USDTBULL/USD;9845,00000000;9852,50000000;9822,50000000;9842,50000000;-0,03
2021-11-18T00:00:00+00:00;USDTBULL/USD;9845,00000000;9845,00000000;9845,00000000;9845,00000000;0,0
2021-11-17T00:00:00+00:00;USDTBULL/USD;9845,00000000;9845,00000000;9845,00000000;9845,00000000;0,0
2021-11-16T00:00:00+00:00;USDTBULL/USD;9792,50000000;9915,00000000;9792,50000000;9845,00000000;0,53
2021-11-15T00:00:00+00:00;USDTBULL/USD;9795,00000000;9892,50000000;9792,50000000;9792,50000000;-0,03
2021-11-14T00:00:00+00:00;USDTBULL/USD;9872,50000000;9872,50000000;9795,00000000;9795,00000000;-0,79
2021-11-13T00:00:00+00:00;USDTBULL/USD;9870,00000000;9872,50000000;9850,00000000;9872,50000000;0,03
2021-11-12T00:00:00+00:00;USDTBULL/USD;9870,00000000;9872,50000000;9855,00000000;9870,00000000;0,0
2021-11-11T00:00:00+00:00;USDTBULL/USD;9752,50000000;9872,50000000;9697,50000000;9870,00000000;1,19
2021-11-10T00:00:00+00:00;USDTBULL/USD;9762,50000000;9772,50000000;9737,50000000;9752,50000000;-0,1
2021-11-09T00:00:00+00:00;USDTBULL/USD;9752,50000000;9777,50000000;9752,50000000;9762,50000000;0,1
2021-11-08T00:00:00+00:00;USDTBULL/USD;9762,50000000;9840,00000000;9752,50000000;9752,50000000;-0,1
2021-11-07T00:00:00+00:00;USDTBULL/USD;9730,00000000;9762,50000000;9712,50000000;9762,50000000;0,33
2021-11-06T00:00:00+00:00;USDTBULL/USD;9762,50000000;9762,50000000;9712,50000000;9730,00000000;-0,33
2021-11-05T00:00:00+00:00;USDTBULL/USD;9667,50000000;9762,50000000;9657,50000000;9762,50000000;0,97
2021-11-04T00:00:00+00:00;USDTBULL/USD;9660,00000000;9750,00000000;9657,50000000;9667,50000000;0,08
2021-11-03T00:00:00+00:00;USDTBULL/USD;9660,00000000;9677,50000000;9660,00000000;9660,00000000;0,0
2021-11-02T00:00:00+00:00;USDTBULL/USD;9650,00000000;9665,00000000;9647,50000000;9660,00000000;0,1
2021-11-01T00:00:00+00:00;USDTBULL/USD;9727,50000000;9732,50000000;9647,50000000;9650,00000000;-0,8
2021-10-31T00:00:00+00:00;USDTBULL/USD;9625,00000000;9732,50000000;9625,00000000;9727,50000000;1,05
2021-10-30T00:00:00+00:00;USDTBULL/USD;9642,50000000;9695,00000000;9625,00000000;9625,00000000;-0,18
2021-10-29T00:00:00+00:00;USDTBULL/USD;9657,50000000;9745,00000000;9640,00000000;9642,50000000;-0,16
2021-10-28T00:00:00+00:00;USDTBULL/USD;9657,50000000;9657,50000000;9657,50000000;9657,50000000;0,0
2021-10-27T00:00:00+00:00;USDTBULL/USD;9565,00000000;9657,50000000;9560,00000000;9657,50000000;0,96
2021-10-26T00:00:00+00:00;USDTBULL/USD;9560,00000000;9590,00000000;9560,00000000;9565,00000000;0,05
2021-10-25T00:00:00+00:00;USDTBULL/USD;9530,00000000;9570,00000000;9527,50000000;9560,00000000;0,31
2021-10-24T00:00:00+00:00;USDTBULL/USD;9635,00000000;9660,00000000;9520,00000000;9530,00000000;-1,1
2021-10-23T00:00:00+00:00;USDTBULL/USD;9630,00000000;9640,00000000;9615,00000000;9635,00000000;0,05
2021-10-22T00:00:00+00:00;USDTBULL/USD;9522,50000000;9640,00000000;9465,00000000;9630,00000000;1,12
2021-10-21T00:00:00+00:00;USDTBULL/USD;9550,00000000;9635,00000000;9445,00000000;9522,50000000;-0,29
2021-10-20T00:00:00+00:00;USDTBULL/USD;9610,00000000;9610,00000000;9550,00000000;9550,00000000;-0,63
2021-10-19T00:00:00+00:00;USDTBULL/USD;9500,00000000;9610,00000000;9500,00000000;9610,00000000;1,14
2021-10-18T00:00:00+00:00;USDTBULL/USD;9505,00000000;9515,00000000;9500,00000000;9500,00000000;-0,05
2021-10-17T00:00:00+00:00;USDTBULL/USD;9590,00000000;9605,00000000;9500,00000000;9505,00000000;-0,89
2021-10-16T00:00:00+00:00;USDTBULL/USD;9500,00000000;9600,00000000;9500,00000000;9590,00000000;0,94
2021-10-15T00:00:00+00:00;USDTBULL/USD;9500,00000000;9515,00000000;9500,00000000;9500,00000000;0,0
2021-10-14T00:00:00+00:00;USDTBULL/USD;9500,00000000;9510,00000000;9500,00000000;9500,00000000;0,0
2021-10-13T00:00:00+00:00;USDTBULL/USD;9500,00000000;9502,50000000;9500,00000000;9500,00000000;0,0
2021-10-12T00:00:00+00:00;USDTBULL/USD;9492,50000000;9502,50000000;9492,50000000;9500,00000000;0,08
2021-10-11T00:00:00+00:00;USDTBULL/USD;9540,00000000;9540,00000000;9492,50000000;9492,50000000;-0,5
2021-10-10T00:00:00+00:00;USDTBULL/USD;9545,00000000;9560,00000000;9510,00000000;9540,00000000;-0,05
2021-10-09T00:00:00+00:00;USDTBULL/USD;9545,00000000;9545,00000000;9545,00000000;9545,00000000;0,0
2021-10-08T00:00:00+00:00;USDTBULL/USD;9552,50000000;9552,50000000;9500,00000000;9545,00000000;-0,08
2021-10-07T00:00:00+00:00;USDTBULL/USD;9452,50000000;9552,50000000;9450,00000000;9552,50000000;1,05
2021-10-06T00:00:00+00:00;USDTBULL/USD;9532,50000000;9597,50000000;9450,00000000;9452,50000000;-0,85
2021-10-05T00:00:00+00:00;USDTBULL/USD;9445,00000000;9532,50000000;9445,00000000;9532,50000000;0,92
2021-10-04T00:00:00+00:00;USDTBULL/USD;9527,50000000;9537,50000000;9445,00000000;9445,00000000;-0,87
2021-10-03T00:00:00+00:00;USDTBULL/USD;9527,50000000;9527,50000000;9522,50000000;9527,50000000;0,0
2021-10-02T00:00:00+00:00;USDTBULL/USD;9517,50000000;9527,50000000;9517,50000000;9527,50000000;0,1
2021-10-01T00:00:00+00:00;USDTBULL/USD;9510,00000000;9517,50000000;9507,50000000;9517,50000000;0,08
2021-09-30T00:00:00+00:00;USDTBULL/USD;9512,50000000;9517,50000000;9495,00000000;9510,00000000;-0,03
2021-09-29T00:00:00+00:00;USDTBULL/USD;9407,50000000;9517,50000000;9405,00000000;9512,50000000;1,1
2021-09-28T00:00:00+00:00;USDTBULL/USD;9405,00000000;9417,50000000;9405,00000000;9407,50000000;0,03
2021-09-27T00:00:00+00:00;USDTBULL/USD;9405,00000000;9420,00000000;9405,00000000;9405,00000000;0,0
2021-09-26T00:00:00+00:00;USDTBULL/USD;9402,50000000;9517,50000000;9372,50000000;9405,00000000;0,03
2021-09-25T00:00:00+00:00;USDTBULL/USD;9375,00000000;9405,00000000;9372,50000000;9402,50000000;0,29
2021-09-24T00:00:00+00:00;USDTBULL/USD;9382,50000000;9400,00000000;9372,50000000;9375,00000000;-0,08
2021-09-23T00:00:00+00:00;USDTBULL/USD;9380,00000000;9490,00000000;9372,50000000;9382,50000000;0,03
2021-09-22T00:00:00+00:00;USDTBULL/USD;9380,00000000;9380,00000000;9380,00000000;9380,00000000;0,0
2021-09-21T00:00:00+00:00;USDTBULL/USD;9380,00000000;9380,00000000;9380,00000000;9380,00000000;0,0
2021-09-20T00:00:00+00:00;USDTBULL/USD;9437,50000000;9447,50000000;9347,50000000;9380,00000000;-0,61
2021-09-19T00:00:00+00:00;USDTBULL/USD;9420,00000000;9437,50000000;9420,00000000;9437,50000000;0,19
2021-09-18T00:00:00+00:00;USDTBULL/USD;9405,00000000;9422,50000000;9405,00000000;9420,00000000;0,16
2021-09-17T00:00:00+00:00;USDTBULL/USD;9400,00000000;9405,00000000;9400,00000000;9405,00000000;0,05
2021-09-16T00:00:00+00:00;USDTBULL/USD;9317,50000000;9405,00000000;9280,00000000;9400,00000000;0,88
2021-09-15T00:00:00+00:00;USDTBULL/USD;9297,50000000;9322,50000000;9275,00000000;9317,50000000;0,21
2021-09-14T00:00:00+00:00;USDTBULL/USD;9275,00000000;9305,00000000;9275,00000000;9297,50000000;0,24
2021-09-13T00:00:00+00:00;USDTBULL/USD;9260,00000000;9295,00000000;9240,00000000;9275,00000000;0,16
2021-09-12T00:00:00+00:00;USDTBULL/USD;9255,00000000;9277,50000000;9202,50000000;9260,00000000;0,05
2021-09-11T00:00:00+00:00;USDTBULL/USD;9230,00000000;9257,50000000;9202,50000000;9255,00000000;0,27
2021-09-10T00:00:00+00:00;USDTBULL/USD;9232,50000000;9247,50000000;9190,00000000;9230,00000000;-0,03
2021-09-09T00:00:00+00:00;USDTBULL/USD;9202,50000000;9240,00000000;9190,00000000;9232,50000000;0,32
2021-09-08T00:00:00+00:00;USDTBULL/USD;9312,50000000;9312,50000000;9190,00000000;9202,50000000;-1,2
2021-09-07T00:00:00+00:00;USDTBULL/USD;9302,50000000;9370,00000000;9222,50000000;9312,50000000;0,11
2021-09-06T00:00:00+00:00;USDTBULL/USD;9230,00000000;9370,00000000;9230,00000000;9302,50000000;0,78
2021-09-05T00:00:00+00:00;USDTBULL/USD;9200,00000000;9230,00000000;9175,00000000;9230,00000000;0,33
2021-09-04T00:00:00+00:00;USDTBULL/USD;9182,50000000;9205,00000000;9175,00000000;9200,00000000;0,19
2021-09-03T00:00:00+00:00;USDTBULL/USD;9175,00000000;9230,00000000;9175,00000000;9182,50000000;0,08
2021-09-02T00:00:00+00:00;USDTBULL/USD;9175,00000000;9185,00000000;9175,00000000;9175,00000000;0,0
2021-09-01T00:00:00+00:00;USDTBULL/USD;9140,00000000;9175,00000000;9035,00000000;9175,00000000;0,38
2021-08-31T00:00:00+00:00;USDTBULL/USD;9127,50000000;9147,50000000;9105,00000000;9140,00000000;0,14
2021-08-30T00:00:00+00:00;USDTBULL/USD;9215,00000000;9215,00000000;8235,00000000;9127,50000000;-0,96
2021-08-29T00:00:00+00:00;USDTBULL/USD;9197,50000000;9215,00000000;9197,50000000;9215,00000000;0,19
2021-08-28T00:00:00+00:00;USDTBULL/USD;9127,50000000;9197,50000000;9127,50000000;9197,50000000;0,76
2021-08-27T00:00:00+00:00;USDTBULL/USD;9127,50000000;9127,50000000;9127,50000000;9127,50000000;0,0
2021-08-26T00:00:00+00:00;USDTBULL/USD;9085,00000000;9127,50000000;9085,00000000;9127,50000000;0,47
2021-08-25T00:00:00+00:00;USDTBULL/USD;9120,00000000;9125,00000000;9085,00000000;9085,00000000;-0,39
2021-08-24T00:00:00+00:00;USDTBULL/USD;9120,00000000;9120,00000000;9120,00000000;9120,00000000;0,0
2021-08-23T00:00:00+00:00;USDTBULL/USD;9085,00000000;9120,00000000;9052,50000000;9120,00000000;0,38
2021-08-22T00:00:00+00:00;USDTBULL/USD;9080,00000000;9092,50000000;9080,00000000;9085,00000000;0,06
2021-08-21T00:00:00+00:00;USDTBULL/USD;9100,00000000;9100,00000000;9080,00000000;9080,00000000;-0,22
2021-08-20T00:00:00+00:00;USDTBULL/USD;9100,00000000;9100,00000000;9100,00000000;9100,00000000;0,0
2021-08-19T00:00:00+00:00;USDTBULL/USD;9100,00000000;9100,00000000;9100,00000000;9100,00000000;0,0
2021-08-18T00:00:00+00:00;USDTBULL/USD;9080,00000000;9100,00000000;9080,00000000;9100,00000000;0,22
2021-08-17T00:00:00+00:00;USDTBULL/USD;9080,00000000;9080,00000000;9080,00000000;9080,00000000;0,0
2021-08-16T00:00:00+00:00;USDTBULL/USD;9120,00000000;9120,00000000;9080,00000000;9080,00000000;-0,44
2021-08-15T00:00:00+00:00;USDTBULL/USD;9120,00000000;9120,00000000;9072,50000000;9120,00000000;0,0
2021-08-14T00:00:00+00:00;USDTBULL/USD;9072,50000000;9125,00000000;9070,00000000;9120,00000000;0,52
2021-08-13T00:00:00+00:00;USDTBULL/USD;9120,00000000;9120,00000000;9070,00000000;9072,50000000;-0,52
2021-08-12T00:00:00+00:00;USDTBULL/USD;9120,00000000;9120,00000000;9120,00000000;9120,00000000;0,0
2021-08-11T00:00:00+00:00;USDTBULL/USD;9120,00000000;9120,00000000;9120,00000000;9120,00000000;0,0
2021-08-10T00:00:00+00:00;USDTBULL/USD;9125,00000000;9125,00000000;9120,00000000;9120,00000000;-0,05
2021-08-09T00:00:00+00:00;USDTBULL/USD;9125,00000000;9125,00000000;9125,00000000;9125,00000000;0,0
2021-08-08T00:00:00+00:00;USDTBULL/USD;9125,00000000;9125,00000000;9125,00000000;9125,00000000;0,0
2021-08-07T00:00:00+00:00;USDTBULL/USD;9125,00000000;9125,00000000;9125,00000000;9125,00000000;0,0
2021-08-06T00:00:00+00:00;USDTBULL/USD;9125,00000000;9125,00000000;9125,00000000;9125,00000000;0,0
2021-08-05T00:00:00+00:00;USDTBULL/USD;9070,00000000;9125,00000000;9070,00000000;9125,00000000;0,6
2021-08-04T00:00:00+00:00;USDTBULL/USD;9052,50000000;9070,00000000;9052,50000000;9070,00000000;0,19
2021-08-03T00:00:00+00:00;USDTBULL/USD;9057,50000000;9060,00000000;9052,50000000;9052,50000000;-0,06
2021-08-02T00:00:00+00:00;USDTBULL/USD;9062,50000000;9125,00000000;9052,50000000;9057,50000000;-0,06
2021-08-01T00:00:00+00:00;USDTBULL/USD;9062,50000000;9067,50000000;9062,50000000;9062,50000000;0,0
2021-07-31T00:00:00+00:00;USDTBULL/USD;9122,50000000;9122,50000000;9062,50000000;9062,50000000;-0,66
2021-07-30T00:00:00+00:00;USDTBULL/USD;9122,50000000;9122,50000000;9122,50000000;9122,50000000;0,0
2021-07-29T00:00:00+00:00;USDTBULL/USD;9122,50000000;9122,50000000;9122,50000000;9122,50000000;0,0
2021-07-28T00:00:00+00:00;USDTBULL/USD;9122,50000000;9122,50000000;9122,50000000;9122,50000000;0,0
2021-07-27T00:00:00+00:00;USDTBULL/USD;9037,50000000;9122,50000000;9037,50000000;9122,50000000;0,93
2021-07-26T00:00:00+00:00;USDTBULL/USD;9055,00000000;9057,50000000;9037,50000000;9037,50000000;-0,19
2021-07-25T00:00:00+00:00;USDTBULL/USD;9042,50000000;9060,00000000;9037,50000000;9055,00000000;0,14
2021-07-24T00:00:00+00:00;USDTBULL/USD;9040,00000000;9045,00000000;9037,50000000;9042,50000000;0,03
2021-07-23T00:00:00+00:00;USDTBULL/USD;9040,00000000;9045,00000000;9037,50000000;9040,00000000;0,0
2021-07-22T00:00:00+00:00;USDTBULL/USD;9035,00000000;9100,00000000;9025,00000000;9040,00000000;0,06
2021-07-21T00:00:00+00:00;USDTBULL/USD;9032,50000000;9037,50000000;9025,00000000;9035,00000000;0,03
2021-07-20T00:00:00+00:00;USDTBULL/USD;9035,00000000;9050,00000000;9025,00000000;9032,50000000;-0,03
2021-07-19T00:00:00+00:00;USDTBULL/USD;9035,00000000;9040,00000000;9025,00000000;9035,00000000;0,0
2021-07-18T00:00:00+00:00;USDTBULL/USD;9035,00000000;9042,50000000;9025,00000000;9035,00000000;0,0
2021-07-17T00:00:00+00:00;USDTBULL/USD;9030,00000000;9040,00000000;9025,00000000;9035,00000000;0,06
2021-07-16T00:00:00+00:00;USDTBULL/USD;9070,00000000;9070,00000000;9025,00000000;9030,00000000;-0,44
2021-07-15T00:00:00+00:00;USDTBULL/USD;9052,50000000;9070,00000000;9052,50000000;9070,00000000;0,19
2021-07-14T00:00:00+00:00;USDTBULL/USD;9117,50000000;9117,50000000;9052,50000000;9052,50000000;-0,72
2021-07-13T00:00:00+00:00;USDTBULL/USD;9052,50000000;9117,50000000;9052,50000000;9117,50000000;0,71
2021-07-12T00:00:00+00:00;USDTBULL/USD;9052,50000000;9052,50000000;9052,50000000;9052,50000000;0,0
2021-07-11T00:00:00+00:00;USDTBULL/USD;9120,00000000;9120,00000000;9052,50000000;9052,50000000;-0,75
2021-07-10T00:00:00+00:00;USDTBULL/USD;9120,00000000;9120,00000000;9052,50000000;9120,00000000;0,0
2021-07-09T00:00:00+00:00;USDTBULL/USD;9045,00000000;9120,00000000;9045,00000000;9120,00000000;0,82
2021-07-08T00:00:00+00:00;USDTBULL/USD;9125,00000000;9125,00000000;9045,00000000;9045,00000000;-0,88
2021-07-07T00:00:00+00:00;USDTBULL/USD;9062,50000000;9127,50000000;9060,00000000;9125,00000000;0,68
2021-07-06T00:00:00+00:00;USDTBULL/USD;9055,00000000;9065,00000000;9055,00000000;9062,50000000;0,08
2021-07-05T00:00:00+00:00;USDTBULL/USD;9107,50000000;9127,50000000;9005,00000000;9055,00000000;-0,58
2021-07-04T00:00:00+00:00;USDTBULL/USD;9107,50000000;9107,50000000;9107,50000000;9107,50000000;0,0
2021-07-03T00:00:00+00:00;USDTBULL/USD;9107,50000000;9107,50000000;9107,50000000;9107,50000000;0,0
2021-07-02T00:00:00+00:00;USDTBULL/USD;9107,50000000;9107,50000000;9107,50000000;9107,50000000;0,0
2021-07-01T00:00:00+00:00;USDTBULL/USD;9137,50000000;9137,50000000;9107,50000000;9107,50000000;-0,33
2021-06-30T00:00:00+00:00;USDTBULL/USD;9140,00000000;9140,00000000;9137,50000000;9137,50000000;-0,03
2021-06-29T00:00:00+00:00;USDTBULL/USD;9140,00000000;9140,00000000;9072,50000000;9140,00000000;0,0
2021-06-28T00:00:00+00:00;USDTBULL/USD;9137,50000000;9140,00000000;9137,50000000;9140,00000000;0,03
2021-06-27T00:00:00+00:00;USDTBULL/USD;9140,00000000;9140,00000000;9135,00000000;9137,50000000;-0,03
2021-06-26T00:00:00+00:00;USDTBULL/USD;9122,50000000;9140,00000000;9122,50000000;9140,00000000;0,19
2021-06-25T00:00:00+00:00;USDTBULL/USD;9027,50000000;9127,50000000;9027,50000000;9122,50000000;1,04
2021-06-24T00:00:00+00:00;USDTBULL/USD;9025,00000000;9027,50000000;9025,00000000;9027,50000000;0,03
2021-06-23T00:00:00+00:00;USDTBULL/USD;9002,50000000;9030,00000000;9002,50000000;9025,00000000;0,25
2021-06-22T00:00:00+00:00;USDTBULL/USD;9000,00000000;9130,00000000;9000,00000000;9002,50000000;0,03
2021-06-21T00:00:00+00:00;USDTBULL/USD;9122,50000000;9122,50000000;8995,00000000;9000,00000000;-1,36
2021-06-20T00:00:00+00:00;USDTBULL/USD;9097,50000000;9122,50000000;9097,50000000;9122,50000000;0,27
2021-06-19T00:00:00+00:00;USDTBULL/USD;9032,50000000;9097,50000000;9032,50000000;9097,50000000;0,71
2021-06-18T00:00:00+00:00;USDTBULL/USD;9090,00000000;9090,00000000;8685,00000000;9032,50000000;-0,64
2021-06-17T00:00:00+00:00;USDTBULL/USD;9100,00000000;9100,00000000;9085,00000000;9090,00000000;-0,11
2021-06-16T00:00:00+00:00;USDTBULL/USD;9127,50000000;9127,50000000;9100,00000000;9100,00000000;-0,3
2021-06-15T00:00:00+00:00;USDTBULL/USD;9125,00000000;9127,50000000;9085,00000000;9127,50000000;0,03
2021-06-14T00:00:00+00:00;USDTBULL/USD;9135,00000000;9145,00000000;9125,00000000;9125,00000000;-0,11
2021-06-13T00:00:00+00:00;USDTBULL/USD;9145,00000000;9145,00000000;9130,00000000;9135,00000000;-0,11
2021-06-12T00:00:00+00:00;USDTBULL/USD;9130,00000000;9147,50000000;9070,00000000;9145,00000000;0,16
2021-06-11T00:00:00+00:00;USDTBULL/USD;9125,00000000;9155,00000000;9125,00000000;9130,00000000;0,05
2021-06-10T00:00:00+00:00;USDTBULL/USD;9100,00000000;9130,00000000;9100,00000000;9125,00000000;0,27
2021-06-09T00:00:00+00:00;USDTBULL/USD;9160,00000000;9172,50000000;9070,00000000;9100,00000000;-0,66
2021-06-08T00:00:00+00:00;USDTBULL/USD;9067,50000000;9162,50000000;9055,00000000;9160,00000000;1,01
2021-06-07T00:00:00+00:00;USDTBULL/USD;9067,50000000;9067,50000000;9067,50000000;9067,50000000;0,0
2021-06-06T00:00:00+00:00;USDTBULL/USD;9067,50000000;9067,50000000;9067,50000000;9067,50000000;0,0
2021-06-05T00:00:00+00:00;USDTBULL/USD;9067,50000000;9067,50000000;9067,50000000;9067,50000000;0,0
2021-06-04T00:00:00+00:00;USDTBULL/USD;9080,00000000;9080,00000000;8997,50000000;9067,50000000;-0,14
2021-06-03T00:00:00+00:00;USDTBULL/USD;9077,50000000;9087,50000000;9055,00000000;9080,00000000;0,03
2021-06-02T00:00:00+00:00;USDTBULL/USD;9015,00000000;9082,50000000;9015,00000000;9077,50000000;0,69
2021-06-01T00:00:00+00:00;USDTBULL/USD;9065,00000000;9065,00000000;8977,50000000;9015,00000000;-0,55
2021-05-31T00:00:00+00:00;USDTBULL/USD;9095,00000000;9102,50000000;9065,00000000;9065,00000000;-0,33
2021-05-30T00:00:00+00:00;USDTBULL/USD;9080,00000000;9102,50000000;9030,00000000;9095,00000000;0,16
2021-05-29T00:00:00+00:00;USDTBULL/USD;8990,00000000;9115,00000000;8990,00000000;9080,00000000;0,99
2021-05-28T00:00:00+00:00;USDTBULL/USD;8957,50000000;9092,50000000;8957,50000000;8990,00000000;0,36
2021-05-27T00:00:00+00:00;USDTBULL/USD;9085,00000000;9085,00000000;8957,50000000;8957,50000000;-1,42
2021-05-26T00:00:00+00:00;USDTBULL/USD;9050,00000000;9085,00000000;8925,00000000;9085,00000000;0,39
2021-05-25T00:00:00+00:00;USDTBULL/USD;8905,00000000;9097,50000000;8905,00000000;9050,00000000;1,6
2021-05-24T00:00:00+00:00;USDTBULL/USD;8947,50000000;9097,50000000;8905,00000000;8905,00000000;-0,48
2021-05-23T00:00:00+00:00;USDTBULL/USD;8860,00000000;9037,50000000;8860,00000000;8947,50000000;0,98
2021-05-22T00:00:00+00:00;USDTBULL/USD;9055,00000000;9055,00000000;8860,00000000;8860,00000000;-2,2
2021-05-21T00:00:00+00:00;USDTBULL/USD;9027,50000000;9072,50000000;8817,50000000;9055,00000000;0,3
2021-05-20T00:00:00+00:00;USDTBULL/USD;9067,50000000;9067,50000000;8890,00000000;9027,50000000;-0,44
2021-05-19T00:00:00+00:00;USDTBULL/USD;8890,00000000;9147,50000000;8890,00000000;9067,50000000;1,96
2021-05-18T00:00:00+00:00;USDTBULL/USD;8865,00000000;8967,50000000;8850,00000000;8890,00000000;0,28
2021-05-17T00:00:00+00:00;USDTBULL/USD;8895,00000000;8960,00000000;8865,00000000;8865,00000000;-0,34
2021-05-16T00:00:00+00:00;USDTBULL/USD;8912,50000000;8917,50000000;8895,00000000;8895,00000000;-0,2
2021-05-15T00:00:00+00:00;USDTBULL/USD;8915,00000000;8917,50000000;8900,00000000;8912,50000000;-0,03
2021-05-14T00:00:00+00:00;USDTBULL/USD;8825,00000000;8917,50000000;8825,00000000;8915,00000000;1,01
2021-05-13T00:00:00+00:00;USDTBULL/USD;8847,50000000;8870,00000000;8810,00000000;8825,00000000;-0,25
2021-05-12T00:00:00+00:00;USDTBULL/USD;8867,50000000;8870,00000000;8765,00000000;8847,50000000;-0,23
2021-05-11T00:00:00+00:00;USDTBULL/USD;8865,00000000;8870,00000000;8862,50000000;8867,50000000;0,03
2021-05-10T00:00:00+00:00;USDTBULL/USD;8837,50000000;8865,00000000;8752,50000000;8865,00000000;0,31
2021-05-09T00:00:00+00:00;USDTBULL/USD;8835,00000000;8850,00000000;8822,50000000;8837,50000000;0,03
2021-05-08T00:00:00+00:00;USDTBULL/USD;8810,00000000;8835,00000000;8810,00000000;8835,00000000;0,28
2021-05-07T00:00:00+00:00;USDTBULL/USD;8760,00000000;8815,00000000;8757,50000000;8810,00000000;0,57
2021-05-06T00:00:00+00:00;USDTBULL/USD;8750,00000000;8760,00000000;8670,00000000;8760,00000000;0,11
2021-05-05T00:00:00+00:00;USDTBULL/USD;8655,00000000;8750,00000000;8655,00000000;8750,00000000;1,09
2021-05-04T00:00:00+00:00;USDTBULL/USD;8682,50000000;8682,50000000;8655,00000000;8655,00000000;-0,32
2021-05-03T00:00:00+00:00;USDTBULL/USD;8750,00000000;8750,00000000;8682,50000000;8682,50000000;-0,78
2021-05-02T00:00:00+00:00;USDTBULL/USD;8662,50000000;8750,00000000;8660,00000000;8750,00000000;1,0
2021-05-01T00:00:00+00:00;USDTBULL/USD;8752,50000000;8765,00000000;8660,00000000;8662,50000000;-1,04
2021-04-30T00:00:00+00:00;USDTBULL/USD;8732,50000000;8752,50000000;8732,50000000;8752,50000000;0,23
2021-04-29T00:00:00+00:00;USDTBULL/USD;8735,00000000;8740,00000000;8720,00000000;8732,50000000;-0,03
2021-04-28T00:00:00+00:00;USDTBULL/USD;8725,00000000;8740,00000000;8717,50000000;8735,00000000;0,11
2021-04-27T00:00:00+00:00;USDTBULL/USD;8690,00000000;8740,00000000;8690,00000000;8725,00000000;0,4
2021-04-26T00:00:00+00:00;USDTBULL/USD;8690,00000000;8690,00000000;8690,00000000;8690,00000000;0,0
2021-04-25T00:00:00+00:00;USDTBULL/USD;8560,00000000;8690,00000000;8550,00000000;8690,00000000;1,5
2021-04-24T00:00:00+00:00;USDTBULL/USD;8552,50000000;8570,00000000;8550,00000000;8560,00000000;0,09
2021-04-23T00:00:00+00:00;USDTBULL/USD;8522,50000000;8692,50000000;8522,50000000;8552,50000000;0,35
2021-04-22T00:00:00+00:00;USDTBULL/USD;8635,00000000;8645,00000000;8522,50000000;8522,50000000;-1,32
2021-04-21T00:00:00+00:00;USDTBULL/USD;8627,50000000;8635,00000000;8627,50000000;8635,00000000;0,09
2021-04-20T00:00:00+00:00;USDTBULL/USD;8550,00000000;8637,50000000;8497,50000000;8627,50000000;0,9
2021-04-19T00:00:00+00:00;USDTBULL/USD;8467,50000000;8892,50000000;8467,50000000;8550,00000000;0,96
2021-04-18T00:00:00+00:00;USDTBULL/USD;8537,50000000;8545,00000000;8467,50000000;8467,50000000;-0,83
2021-04-17T00:00:00+00:00;USDTBULL/USD;8525,00000000;8545,00000000;8520,00000000;8537,50000000;0,15
2021-04-16T00:00:00+00:00;USDTBULL/USD;8502,50000000;8525,00000000;8502,50000000;8525,00000000;0,26
2021-04-15T00:00:00+00:00;USDTBULL/USD;8430,00000000;8502,50000000;8357,50000000;8502,50000000;0,85
2021-04-14T00:00:00+00:00;USDTBULL/USD;8430,00000000;8430,00000000;8430,00000000;8430,00000000;0,0
2021-04-13T00:00:00+00:00;USDTBULL/USD;8430,00000000;8430,00000000;8420,00000000;8430,00000000;0,0
2021-04-12T00:00:00+00:00;USDTBULL/USD;8325,00000000;8430,00000000;8325,00000000;8430,00000000;1,25
2021-04-11T00:00:00+00:00;USDTBULL/USD;8315,00000000;8342,50000000;8315,00000000;8325,00000000;0,12
2021-04-10T00:00:00+00:00;USDTBULL/USD;8327,50000000;8345,00000000;8315,00000000;8315,00000000;-0,15
2021-04-09T00:00:00+00:00;USDTBULL/USD;8330,00000000;8342,50000000;8315,00000000;8327,50000000;-0,03
2021-04-08T00:00:00+00:00;USDTBULL/USD;8392,50000000;8392,50000000;8315,00000000;8330,00000000;-0,75
2021-04-07T00:00:00+00:00;USDTBULL/USD;8385,00000000;8392,50000000;8307,50000000;8392,50000000;0,09
2021-04-06T00:00:00+00:00;USDTBULL/USD;8385,00000000;8387,50000000;8187,50000000;8385,00000000;0,0
2021-04-05T00:00:00+00:00;USDTBULL/USD;8332,50000000;8387,50000000;8332,50000000;8385,00000000;0,63
2021-04-04T00:00:00+00:00;USDTBULL/USD;8332,50000000;8332,50000000;8332,50000000;8332,50000000;0,0
2021-04-03T00:00:00+00:00;USDTBULL/USD;8332,50000000;8332,50000000;8332,50000000;8332,50000000;0,0
2021-04-02T00:00:00+00:00;USDTBULL/USD;8330,00000000;8375,00000000;8325,00000000;8332,50000000;0,03
2021-04-01T00:00:00+00:00;USDTBULL/USD;8335,00000000;8375,00000000;8317,50000000;8330,00000000;-0,06
2021-03-31T00:00:00+00:00;USDTBULL/USD;8320,00000000;8375,00000000;8320,00000000;8335,00000000;0,18
2021-03-30T00:00:00+00:00;USDTBULL/USD;8312,50000000;8327,50000000;8312,50000000;8320,00000000;0,09
2021-03-29T00:00:00+00:00;USDTBULL/USD;8315,00000000;8327,50000000;8307,50000000;8312,50000000;-0,03
2021-03-28T00:00:00+00:00;USDTBULL/USD;8295,00000000;8327,50000000;8295,00000000;8315,00000000;0,24
2021-03-27T00:00:00+00:00;USDTBULL/USD;8295,00000000;8295,00000000;8295,00000000;8295,00000000;0,0
2021-03-26T00:00:00+00:00;USDTBULL/USD;8295,00000000;8295,00000000;8295,00000000;8295,00000000;0,0
2021-03-25T00:00:00+00:00;USDTBULL/USD;8165,00000000;8295,00000000;8165,00000000;8295,00000000;1,57
2021-03-24T00:00:00+00:00;USDTBULL/USD;8167,50000000;8290,00000000;8165,00000000;8165,00000000;-0,03
2021-03-23T00:00:00+00:00;USDTBULL/USD;8162,50000000;8177,50000000;8160,00000000;8167,50000000;0,06
2021-03-22T00:00:00+00:00;USDTBULL/USD;8230,00000000;8282,50000000;8160,00000000;8162,50000000;-0,83
2021-03-21T00:00:00+00:00;USDTBULL/USD;8230,00000000;8230,00000000;8230,00000000;8230,00000000;0,0
2021-03-20T00:00:00+00:00;USDTBULL/USD;8172,50000000;8232,50000000;8122,50000000;8230,00000000;0,7
2021-03-19T00:00:00+00:00;USDTBULL/USD;8170,00000000;8172,50000000;8170,00000000;8172,50000000;0,03
2021-03-18T00:00:00+00:00;USDTBULL/USD;8067,50000000;8172,50000000;8065,00000000;8170,00000000;1,25
2021-03-17T00:00:00+00:00;USDTBULL/USD;8057,50000000;8180,00000000;8050,00000000;8067,50000000;0,12
2021-03-16T00:00:00+00:00;USDTBULL/USD;8050,00000000;8070,00000000;8050,00000000;8057,50000000;0,09
2021-03-15T00:00:00+00:00;USDTBULL/USD;8032,50000000;8147,50000000;8027,50000000;8050,00000000;0,22
2021-03-14T00:00:00+00:00;USDTBULL/USD;8025,00000000;8127,50000000;8025,00000000;8032,50000000;0,09
2021-03-13T00:00:00+00:00;USDTBULL/USD;8022,50000000;8140,00000000;8017,50000000;8025,00000000;0,03
2021-03-12T00:00:00+00:00;USDTBULL/USD;8032,50000000;8047,50000000;8017,50000000;8022,50000000;-0,12
2021-03-11T00:00:00+00:00;USDTBULL/USD;8017,50000000;8037,50000000;8017,50000000;8032,50000000;0,19
2021-03-10T00:00:00+00:00;USDTBULL/USD;8012,50000000;8097,50000000;8012,50000000;8017,50000000;0,06
2021-03-09T00:00:00+00:00;USDTBULL/USD;8030,00000000;8030,00000000;8002,50000000;8012,50000000;-0,22
2021-03-08T00:00:00+00:00;USDTBULL/USD;8030,00000000;8030,00000000;8030,00000000;8030,00000000;0,0
2021-03-07T00:00:00+00:00;USDTBULL/USD;7982,50000000;8072,50000000;7982,50000000;8030,00000000;0,59
2021-03-06T00:00:00+00:00;USDTBULL/USD;8045,00000000;8062,50000000;7982,50000000;7982,50000000;-0,78
2021-03-05T00:00:00+00:00;USDTBULL/USD;8045,00000000;8045,00000000;8045,00000000;8045,00000000;0,0
2021-03-04T00:00:00+00:00;USDTBULL/USD;7980,00000000;8047,50000000;7980,00000000;8045,00000000;0,81
2021-03-03T00:00:00+00:00;USDTBULL/USD;7977,50000000;8042,50000000;7977,50000000;7980,00000000;0,03
2021-03-02T00:00:00+00:00;USDTBULL/USD;7977,50000000;7980,00000000;7977,50000000;7977,50000000;0,0
2021-03-01T00:00:00+00:00;USDTBULL/USD;7977,50000000;7977,50000000;7977,50000000;7977,50000000;0,0
2021-02-28T00:00:00+00:00;USDTBULL/USD;7977,50000000;7977,50000000;7977,50000000;7977,50000000;0,0
2021-02-27T00:00:00+00:00;USDTBULL/USD;7985,00000000;7987,50000000;7972,50000000;7977,50000000;-0,09
2021-02-26T00:00:00+00:00;USDTBULL/USD;7970,00000000;7987,50000000;7962,50000000;7985,00000000;0,19
2021-02-25T00:00:00+00:00;USDTBULL/USD;7925,00000000;7987,50000000;7925,00000000;7970,00000000;0,56
2021-02-24T00:00:00+00:00;USDTBULL/USD;7925,00000000;7925,00000000;7925,00000000;7925,00000000;0,0
2021-02-23T00:00:00+00:00;USDTBULL/USD;7925,00000000;7925,00000000;7925,00000000;7925,00000000;0,0
2021-02-22T00:00:00+00:00;USDTBULL/USD;7902,50000000;7925,00000000;7902,50000000;7925,00000000;0,28
2021-02-21T00:00:00+00:00;USDTBULL/USD;7902,50000000;7902,50000000;7902,50000000;7902,50000000;0,0
2021-02-20T00:00:00+00:00;USDTBULL/USD;7882,50000000;7902,50000000;7875,00000000;7902,50000000;0,25
2021-02-19T00:00:00+00:00;USDTBULL/USD;7865,00000000;7887,50000000;7855,00000000;7882,50000000;0,22
2021-02-18T00:00:00+00:00;USDTBULL/USD;7775,00000000;7890,00000000;7752,50000000;7865,00000000;1,14
2021-02-17T00:00:00+00:00;USDTBULL/USD;7735,00000000;7905,00000000;7735,00000000;7775,00000000;0,51
2021-02-16T00:00:00+00:00;USDTBULL/USD;7760,00000000;7762,50000000;7722,50000000;7735,00000000;-0,32
2021-02-15T00:00:00+00:00;USDTBULL/USD;7745,00000000;7762,50000000;7717,50000000;7760,00000000;0,19
2021-02-14T00:00:00+00:00;USDTBULL/USD;7720,00000000;7745,00000000;7717,50000000;7745,00000000;0,32
2021-02-13T00:00:00+00:00;USDTBULL/USD;7832,50000000;7857,50000000;7717,50000000;7720,00000000;-1,46
2021-02-12T00:00:00+00:00;USDTBULL/USD;7670,00000000;7835,00000000;7670,00000000;7832,50000000;2,07
2021-02-11T00:00:00+00:00;USDTBULL/USD;7660,00000000;7807,50000000;7645,00000000;7670,00000000;0,13
2021-02-10T00:00:00+00:00;USDTBULL/USD;7635,00000000;7675,00000000;7590,00000000;7660,00000000;0,33
2021-02-09T00:00:00+00:00;USDTBULL/USD;7632,50000000;7715,00000000;7622,50000000;7635,00000000;0,03
2021-02-08T00:00:00+00:00;USDTBULL/USD;7690,00000000;7692,50000000;7622,50000000;7632,50000000;-0,75
2021-02-07T00:00:00+00:00;USDTBULL/USD;7632,50000000;7690,00000000;7622,50000000;7690,00000000;0,75
2021-02-06T00:00:00+00:00;USDTBULL/USD;7635,00000000;7640,00000000;7620,00000000;7632,50000000;-0,03
2021-02-05T00:00:00+00:00;USDTBULL/USD;7625,00000000;7637,50000000;7607,50000000;7635,00000000;0,13
2021-02-04T00:00:00+00:00;USDTBULL/USD;7610,00000000;7627,50000000;7605,00000000;7625,00000000;0,2
2021-02-03T00:00:00+00:00;USDTBULL/USD;7545,00000000;7612,50000000;7535,00000000;7610,00000000;0,85
2021-02-02T00:00:00+00:00;USDTBULL/USD;7610,00000000;7617,50000000;7535,00000000;7545,00000000;-0,86
2021-02-01T00:00:00+00:00;USDTBULL/USD;7595,00000000;7610,00000000;7545,00000000;7610,00000000;0,2
2021-01-31T00:00:00+00:00;USDTBULL/USD;7525,00000000;7695,00000000;7525,00000000;7595,00000000;0,92
2021-01-30T00:00:00+00:00;USDTBULL/USD;7487,50000000;7680,00000000;7435,00000000;7525,00000000;0,5
2021-01-29T00:00:00+00:00;USDTBULL/USD;7530,00000000;7597,50000000;7455,00000000;7487,50000000;-0,57
2021-01-28T00:00:00+00:00;USDTBULL/USD;7562,50000000;7577,50000000;7482,50000000;7530,00000000;-0,43
2021-01-27T00:00:00+00:00;USDTBULL/USD;7527,50000000;7562,50000000;7435,00000000;7562,50000000;0,46
2021-01-26T00:00:00+00:00;USDTBULL/USD;7567,50000000;7567,50000000;7435,00000000;7527,50000000;-0,53
2021-01-25T00:00:00+00:00;USDTBULL/USD;7475,00000000;7567,50000000;7475,00000000;7567,50000000;1,22
2021-01-24T00:00:00+00:00;USDTBULL/USD;7475,00000000;7475,00000000;7475,00000000;7475,00000000;0,0
2021-01-23T00:00:00+00:00;USDTBULL/USD;7475,00000000;7475,00000000;7475,00000000;7475,00000000;0,0
2021-01-22T00:00:00+00:00;USDTBULL/USD;7475,00000000;7475,00000000;7475,00000000;7475,00000000;0,0
2021-01-21T00:00:00+00:00;USDTBULL/USD;7475,00000000;7475,00000000;7475,00000000;7475,00000000;0,0
2021-01-20T00:00:00+00:00;USDTBULL/USD;7475,00000000;7475,00000000;7475,00000000;7475,00000000;0,0
2021-01-19T00:00:00+00:00;USDTBULL/USD;7475,00000000;7475,00000000;7475,00000000;7475,00000000;0,0
2021-01-18T00:00:00+00:00;USDTBULL/USD;7475,00000000;7475,00000000;7475,00000000;7475,00000000;0,0
2021-01-17T00:00:00+00:00;USDTBULL/USD;7327,50000000;7495,00000000;7287,50000000;7475,00000000;1,97
2021-01-16T00:00:00+00:00;USDTBULL/USD;7295,00000000;7327,50000000;7257,50000000;7327,50000000;0,44
2021-01-15T00:00:00+00:00;USDTBULL/USD;7295,00000000;7295,00000000;7295,00000000;7295,00000000;0,0
2021-01-14T00:00:00+00:00;USDTBULL/USD;7267,50000000;7300,00000000;7257,50000000;7295,00000000;0,38
2021-01-13T00:00:00+00:00;USDTBULL/USD;7477,50000000;7477,50000000;7247,50000000;7267,50000000;-2,89
2021-01-12T00:00:00+00:00;USDTBULL/USD;7350,00000000;7477,50000000;7350,00000000;7477,50000000;1,71
2021-01-11T00:00:00+00:00;USDTBULL/USD;7350,00000000;7350,00000000;7350,00000000;7350,00000000;0,0
2021-01-10T00:00:00+00:00;USDTBULL/USD;7350,00000000;7357,50000000;7350,00000000;7350,00000000;0,0
2021-01-09T00:00:00+00:00;USDTBULL/USD;7350,00000000;7350,00000000;7350,00000000;7350,00000000;0,0
2021-01-08T00:00:00+00:00;USDTBULL/USD;7350,00000000;7350,00000000;7350,00000000;7350,00000000;0,0
2021-01-07T00:00:00+00:00;USDTBULL/USD;7350,00000000;7350,00000000;7350,00000000;7350,00000000;0,0
2021-01-06T00:00:00+00:00;USDTBULL/USD;7350,00000000;7350,00000000;7350,00000000;7350,00000000;0,0
2021-01-05T00:00:00+00:00;USDTBULL/USD;7147,50000000;7352,50000000;7147,50000000;7350,00000000;2,76
2021-01-04T00:00:00+00:00;USDTBULL/USD;7195,00000000;7265,00000000;7147,50000000;7147,50000000;-0,66
2021-01-03T00:00:00+00:00;USDTBULL/USD;7160,00000000;7212,50000000;7147,50000000;7195,00000000;0,49
2021-01-02T00:00:00+00:00;USDTBULL/USD;7212,50000000;7240,00000000;7147,50000000;7160,00000000;-0,73
2021-01-01T00:00:00+00:00;USDTBULL/USD;7175,00000000;7220,00000000;7147,50000000;7212,50000000;0,52
2020-12-31T00:00:00+00:00;USDTBULL/USD;7145,00000000;7235,00000000;7097,50000000;7175,00000000;0,42
2020-12-30T00:00:00+00:00;USDTBULL/USD;7127,50000000;7145,00000000;7060,00000000;7145,00000000;0,24
2020-12-29T00:00:00+00:00;USDTBULL/USD;7120,00000000;7135,00000000;7095,00000000;7127,50000000;0,11
2020-12-28T00:00:00+00:00;USDTBULL/USD;7095,00000000;7130,00000000;7060,00000000;7120,00000000;0,35
2020-12-27T00:00:00+00:00;USDTBULL/USD;7097,50000000;7125,00000000;7060,00000000;7095,00000000;-0,04
2020-12-26T00:00:00+00:00;USDTBULL/USD;7120,00000000;7137,50000000;7072,50000000;7097,50000000;-0,32
2020-12-25T00:00:00+00:00;USDTBULL/USD;7125,00000000;7132,50000000;7060,00000000;7120,00000000;-0,07
2020-12-24T00:00:00+00:00;USDTBULL/USD;7060,00000000;7145,00000000;7060,00000000;7125,00000000;0,91
2020-12-23T00:00:00+00:00;USDTBULL/USD;7105,00000000;7110,00000000;7060,00000000;7060,00000000;-0,64
2020-12-22T00:00:00+00:00;USDTBULL/USD;7095,00000000;7105,00000000;7060,00000000;7105,00000000;0,14
2020-12-21T00:00:00+00:00;USDTBULL/USD;7087,50000000;7102,50000000;7015,00000000;7095,00000000;0,11
2020-12-20T00:00:00+00:00;USDTBULL/USD;7087,50000000;7105,00000000;7030,00000000;7087,50000000;0,0
2020-12-19T00:00:00+00:00;USDTBULL/USD;7070,00000000;7087,50000000;7037,50000000;7087,50000000;0,25
2020-12-18T00:00:00+00:00;USDTBULL/USD;7022,50000000;7070,00000000;7000,00000000;7070,00000000;0,67
2020-12-17T00:00:00+00:00;USDTBULL/USD;7065,00000000;7072,50000000;7000,00000000;7022,50000000;-0,61
2020-12-16T00:00:00+00:00;USDTBULL/USD;7060,00000000;7107,50000000;7007,50000000;7065,00000000;0,07
2020-12-15T00:00:00+00:00;USDTBULL/USD;7052,50000000;7062,50000000;7007,50000000;7060,00000000;0,11
2020-12-14T00:00:00+00:00;USDTBULL/USD;7045,00000000;7052,50000000;7032,50000000;7052,50000000;0,11
2020-12-13T00:00:00+00:00;USDTBULL/USD;7042,50000000;7060,00000000;7002,50000000;7045,00000000;0,04
2020-12-12T00:00:00+00:00;USDTBULL/USD;7025,00000000;7045,00000000;7002,50000000;7042,50000000;0,25
2020-12-11T00:00:00+00:00;USDTBULL/USD;7025,00000000;7035,00000000;7000,00000000;7025,00000000;0,0
2020-12-10T00:00:00+00:00;USDTBULL/USD;7017,50000000;7027,50000000;7000,00000000;7025,00000000;0,11
2020-12-09T00:00:00+00:00;USDTBULL/USD;7000,00000000;7022,50000000;7000,00000000;7017,50000000;0,25
2020-12-08T00:00:00+00:00;USDTBULL/USD;7010,00000000;7027,50000000;7000,00000000;7000,00000000;-0,14
2020-12-07T00:00:00+00:00;USDTBULL/USD;7015,00000000;7022,50000000;7000,00000000;7010,00000000;-0,07
2020-12-06T00:00:00+00:00;USDTBULL/USD;7007,50000000;7015,00000000;7000,00000000;7015,00000000;0,11
2020-12-05T00:00:00+00:00;USDTBULL/USD;7000,00000000;7010,00000000;7000,00000000;7007,50000000;0,11
2020-12-04T00:00:00+00:00;USDTBULL/USD;7000,00000000;7010,00000000;7000,00000000;7000,00000000;0,0
2020-12-03T00:00:00+00:00;USDTBULL/USD;7000,00000000;7005,00000000;7000,00000000;7000,00000000;0,0
2020-12-02T00:00:00+00:00;USDTBULL/USD;7000,00000000;7000,00000000;7000,00000000;7000,00000000;0,0
2020-12-01T00:00:00+00:00;USDTBULL/USD;7000,00000000;7000,00000000;7000,00000000;7000,00000000;0,0
2020-11-30T00:00:00+00:00;USDTBULL/USD;7000,00000000;7000,00000000;7000,00000000;7000,00000000;0,0
2020-11-29T00:00:00+00:00;USDTBULL/USD;7000,00000000;7000,00000000;7000,00000000;7000,00000000;0,0
2020-11-28T00:00:00+00:00;USDTBULL/USD;7000,00000000;7000,00000000;7000,00000000;7000,00000000;0,0
2020-11-27T00:00:00+00:00;USDTBULL/USD;7000,00000000;7000,00000000;7000,00000000;7000,00000000;0,0
2020-11-26T00:00:00+00:00;USDTBULL/USD;6992,50000000;7000,00000000;6980,00000000;7000,00000000;0,11
2020-11-25T00:00:00+00:00;USDTBULL/USD;6995,00000000;7000,00000000;6987,50000000;6992,50000000;-0,04
2020-11-24T00:00:00+00:00;USDTBULL/USD;6907,50000000;7000,00000000;6872,50000000;6995,00000000;1,25
2020-11-23T00:00:00+00:00;USDTBULL/USD;6900,00000000;6912,50000000;6872,50000000;6907,50000000;0,11
2020-11-22T00:00:00+00:00;USDTBULL/USD;6895,00000000;6902,50000000;6872,50000000;6900,00000000;0,07
2020-11-21T00:00:00+00:00;USDTBULL/USD;6897,50000000;6905,00000000;6872,50000000;6895,00000000;-0,04
2020-11-20T00:00:00+00:00;USDTBULL/USD;6897,50000000;6902,50000000;6832,50000000;6897,50000000;0,0
2020-11-19T00:00:00+00:00;USDTBULL/USD;6885,00000000;6897,50000000;6807,50000000;6897,50000000;0,18
2020-11-18T00:00:00+00:00;USDTBULL/USD;6895,00000000;6900,00000000;6862,50000000;6885,00000000;-0,15
2020-11-17T00:00:00+00:00;USDTBULL/USD;6887,50000000;6897,50000000;6840,00000000;6895,00000000;0,11
2020-11-16T00:00:00+00:00;USDTBULL/USD;6892,50000000;6895,00000000;6777,50000000;6887,50000000;-0,07
2020-11-15T00:00:00+00:00;USDTBULL/USD;6887,50000000;6895,00000000;6870,00000000;6892,50000000;0,07
2020-11-14T00:00:00+00:00;USDTBULL/USD;6877,50000000;6887,50000000;6842,50000000;6887,50000000;0,15
2020-11-13T00:00:00+00:00;USDTBULL/USD;6867,50000000;6877,50000000;6825,00000000;6877,50000000;0,15
2020-11-12T00:00:00+00:00;USDTBULL/USD;6850,00000000;6870,00000000;6825,00000000;6867,50000000;0,25
2020-11-11T00:00:00+00:00;USDTBULL/USD;6830,00000000;6850,00000000;6777,50000000;6850,00000000;0,29
2020-11-10T00:00:00+00:00;USDTBULL/USD;6820,00000000;6830,00000000;6777,50000000;6830,00000000;0,15
2020-11-09T00:00:00+00:00;USDTBULL/USD;6812,50000000;6825,00000000;6777,50000000;6820,00000000;0,11
2020-11-08T00:00:00+00:00;USDTBULL/USD;6805,00000000;6815,00000000;6777,50000000;6812,50000000;0,11
2020-11-07T00:00:00+00:00;USDTBULL/USD;6792,50000000;6815,00000000;6777,50000000;6805,00000000;0,18
2020-11-06T00:00:00+00:00;USDTBULL/USD;6792,50000000;6800,00000000;6777,50000000;6792,50000000;0,0
2020-11-05T00:00:00+00:00;USDTBULL/USD;6777,50000000;6792,50000000;6777,50000000;6792,50000000;0,22
2020-11-04T00:00:00+00:00;USDTBULL/USD;6780,00000000;6837,50000000;6777,50000000;6777,50000000;-0,04
2020-11-03T00:00:00+00:00;USDTBULL/USD;6780,00000000;6780,00000000;6780,00000000;6780,00000000;0,0
2020-11-02T00:00:00+00:00;USDTBULL/USD;6780,00000000;6780,00000000;6780,00000000;6780,00000000;0,0
2020-11-01T00:00:00+00:00;USDTBULL/USD;6720,00000000;6790,00000000;6692,50000000;6780,00000000;0,88
2020-10-31T00:00:00+00:00;USDTBULL/USD;6710,00000000;6720,00000000;6637,50000000;6720,00000000;0,15
2020-10-30T00:00:00+00:00;USDTBULL/USD;6690,00000000;6710,00000000;6567,50000000;6710,00000000;0,3
2020-10-29T00:00:00+00:00;USDTBULL/USD;6677,50000000;6690,00000000;6647,50000000;6690,00000000;0,19
2020-10-28T00:00:00+00:00;USDTBULL/USD;6670,00000000;6677,50000000;6620,00000000;6677,50000000;0,11
2020-10-27T00:00:00+00:00;USDTBULL/USD;6657,50000000;6670,00000000;6580,00000000;6670,00000000;0,19
2020-10-26T00:00:00+00:00;USDTBULL/USD;6650,00000000;6657,50000000;6567,50000000;6657,50000000;0,11
2020-10-25T00:00:00+00:00;USDTBULL/USD;6640,00000000;6650,00000000;6567,50000000;6650,00000000;0,15
2020-10-24T00:00:00+00:00;USDTBULL/USD;6622,50000000;6645,00000000;6567,50000000;6640,00000000;0,26
2020-10-23T00:00:00+00:00;USDTBULL/USD;6617,50000000;6625,00000000;6567,50000000;6622,50000000;0,08
2020-10-22T00:00:00+00:00;USDTBULL/USD;6610,00000000;6617,50000000;6567,50000000;6617,50000000;0,11
2020-10-21T00:00:00+00:00;USDTBULL/USD;6580,00000000;6615,00000000;6567,50000000;6610,00000000;0,45
2020-10-20T00:00:00+00:00;USDTBULL/USD;6570,00000000;6580,00000000;6567,50000000;6580,00000000;0,15
2020-10-19T00:00:00+00:00;USDTBULL/USD;6567,50000000;6572,50000000;6567,50000000;6570,00000000;0,04
2020-10-18T00:00:00+00:00;USDTBULL/USD;6567,50000000;6570,00000000;6567,50000000;6567,50000000;0,0
2020-10-17T00:00:00+00:00;USDTBULL/USD;6567,50000000;6567,50000000;6567,50000000;6567,50000000;0,0
2020-10-16T00:00:00+00:00;USDTBULL/USD;6567,50000000;6567,50000000;6567,50000000;6567,50000000;0,0
2020-10-15T00:00:00+00:00;USDTBULL/USD;6567,50000000;6567,50000000;6567,50000000;6567,50000000;0,0
2020-10-14T00:00:00+00:00;USDTBULL/USD;6567,50000000;6567,50000000;6567,50000000;6567,50000000;0,0
2020-10-13T00:00:00+00:00;USDTBULL/USD;6567,50000000;6567,50000000;6567,50000000;6567,50000000;0,0
2020-10-12T00:00:00+00:00;USDTBULL/USD;6567,50000000;6567,50000000;6567,50000000;6567,50000000;0,0
2020-10-11T00:00:00+00:00;USDTBULL/USD;6520,00000000;6567,50000000;6517,50000000;6567,50000000;0,72
2020-10-10T00:00:00+00:00;USDTBULL/USD;6517,50000000;6525,00000000;6517,50000000;6520,00000000;0,04
2020-10-09T00:00:00+00:00;USDTBULL/USD;6517,50000000;6520,00000000;6517,50000000;6517,50000000;0,0
2020-10-08T00:00:00+00:00;USDTBULL/USD;6517,50000000;6517,50000000;6517,50000000;6517,50000000;0,0
2020-10-07T00:00:00+00:00;USDTBULL/USD;6517,50000000;6517,50000000;6517,50000000;6517,50000000;0,0
2020-10-06T00:00:00+00:00;USDTBULL/USD;6517,50000000;6517,50000000;6517,50000000;6517,50000000;0,0
2020-10-05T00:00:00+00:00;USDTBULL/USD;6517,50000000;6517,50000000;6517,50000000;6517,50000000;0,0
2020-10-04T00:00:00+00:00;USDTBULL/USD;6517,50000000;6517,50000000;6517,50000000;6517,50000000;0,0
2020-10-03T00:00:00+00:00;USDTBULL/USD;6517,50000000;6517,50000000;6517,50000000;6517,50000000;0,0
2020-10-02T00:00:00+00:00;USDTBULL/USD;6517,50000000;6517,50000000;6517,50000000;6517,50000000;0,0
2020-10-01T00:00:00+00:00;USDTBULL/USD;6517,50000000;6517,50000000;6517,50000000;6517,50000000;0,0
2020-09-30T00:00:00+00:00;USDTBULL/USD;6517,50000000;6517,50000000;6517,50000000;6517,50000000;0,0
2020-09-29T00:00:00+00:00;USDTBULL/USD;6517,50000000;6517,50000000;6515,00000000;6517,50000000;0,0
2020-09-28T00:00:00+00:00;USDTBULL/USD;6517,50000000;6517,50000000;6517,50000000;6517,50000000;0,0
2020-09-27T00:00:00+00:00;USDTBULL/USD;6517,50000000;6517,50000000;6517,50000000;6517,50000000;0,0
2020-09-26T00:00:00+00:00;USDTBULL/USD;6457,50000000;6517,50000000;6452,50000000;6517,50000000;0,92
2020-09-25T00:00:00+00:00;USDTBULL/USD;6452,50000000;6457,50000000;6452,50000000;6457,50000000;0,08
2020-09-24T00:00:00+00:00;USDTBULL/USD;6445,00000000;6500,00000000;6420,00000000;6452,50000000;0,12
2020-09-23T00:00:00+00:00;USDTBULL/USD;6435,00000000;6445,00000000;6420,00000000;6445,00000000;0,16
2020-09-22T00:00:00+00:00;USDTBULL/USD;6430,00000000;6435,00000000;6420,00000000;6435,00000000;0,08
2020-09-21T00:00:00+00:00;USDTBULL/USD;6425,00000000;6432,50000000;6420,00000000;6430,00000000;0,08
2020-09-20T00:00:00+00:00;USDTBULL/USD;6435,00000000;6500,00000000;6420,00000000;6425,00000000;-0,16
2020-09-19T00:00:00+00:00;USDTBULL/USD;6480,00000000;6480,00000000;6435,00000000;6435,00000000;-0,7
2020-09-18T00:00:00+00:00;USDTBULL/USD;6432,50000000;6480,00000000;6380,00000000;6480,00000000;0,73
2020-09-17T00:00:00+00:00;USDTBULL/USD;6432,50000000;6437,50000000;6380,00000000;6432,50000000;0,0
2020-09-16T00:00:00+00:00;USDTBULL/USD;6427,50000000;6432,50000000;6380,00000000;6432,50000000;0,08
2020-09-15T00:00:00+00:00;USDTBULL/USD;6425,00000000;6430,00000000;6402,50000000;6427,50000000;0,04
2020-09-14T00:00:00+00:00;USDTBULL/USD;6422,50000000;6425,00000000;6402,50000000;6425,00000000;0,04
2020-09-13T00:00:00+00:00;USDTBULL/USD;6420,00000000;6425,00000000;6380,00000000;6422,50000000;0,04
2020-09-12T00:00:00+00:00;USDTBULL/USD;6417,50000000;6420,00000000;6385,00000000;6420,00000000;0,04
2020-09-11T00:00:00+00:00;USDTBULL/USD;6407,50000000;6417,50000000;6385,00000000;6417,50000000;0,16
2020-09-10T00:00:00+00:00;USDTBULL/USD;6400,00000000;6407,50000000;6380,00000000;6407,50000000;0,12
2020-09-09T00:00:00+00:00;USDTBULL/USD;6447,50000000;6450,00000000;6377,50000000;6400,00000000;-0,74
2020-09-08T00:00:00+00:00;USDTBULL/USD;6455,00000000;6457,50000000;6395,00000000;6447,50000000;-0,12
2020-09-07T00:00:00+00:00;USDTBULL/USD;6455,00000000;6457,50000000;6455,00000000;6455,00000000;0,0
2020-09-06T00:00:00+00:00;USDTBULL/USD;6430,00000000;6457,50000000;6430,00000000;6455,00000000;0,39
2020-09-05T00:00:00+00:00;USDTBULL/USD;6430,00000000;6430,00000000;6430,00000000;6430,00000000;0,0
2020-09-04T00:00:00+00:00;USDTBULL/USD;6430,00000000;6430,00000000;6430,00000000;6430,00000000;0,0
2020-09-03T00:00:00+00:00;USDTBULL/USD;6430,00000000;6430,00000000;6430,00000000;6430,00000000;0,0
2020-09-02T00:00:00+00:00;USDTBULL/USD;6422,50000000;6430,00000000;6422,50000000;6430,00000000;0,12
2020-09-01T00:00:00+00:00;USDTBULL/USD;6412,50000000;6430,00000000;6412,50000000;6422,50000000;0,16
2020-08-31T00:00:00+00:00;USDTBULL/USD;6412,50000000;6412,50000000;6412,50000000;6412,50000000;0,0
2020-08-30T00:00:00+00:00;USDTBULL/USD;6407,50000000;6412,50000000;6407,50000000;6412,50000000;0,08
2020-08-29T00:00:00+00:00;USDTBULL/USD;6402,50000000;6412,50000000;6402,50000000;6407,50000000;0,08
2020-08-28T00:00:00+00:00;USDTBULL/USD;6345,00000000;6402,50000000;6332,50000000;6402,50000000;0,9
2020-08-27T00:00:00+00:00;USDTBULL/USD;6352,50000000;6362,50000000;6325,00000000;6345,00000000;-0,12
2020-08-26T00:00:00+00:00;USDTBULL/USD;6347,50000000;6355,00000000;6325,00000000;6352,50000000;0,08
2020-08-25T00:00:00+00:00;USDTBULL/USD;6345,00000000;6350,00000000;6330,00000000;6347,50000000;0,04
2020-08-24T00:00:00+00:00;USDTBULL/USD;6352,50000000;6355,00000000;6325,00000000;6345,00000000;-0,12
2020-08-23T00:00:00+00:00;USDTBULL/USD;6335,00000000;6352,50000000;6325,00000000;6352,50000000;0,28
2020-08-22T00:00:00+00:00;USDTBULL/USD;6330,00000000;6340,00000000;6325,00000000;6335,00000000;0,08
2020-08-21T00:00:00+00:00;USDTBULL/USD;6340,00000000;6342,50000000;6325,00000000;6330,00000000;-0,16
2020-08-20T00:00:00+00:00;USDTBULL/USD;6330,00000000;6340,00000000;6325,00000000;6340,00000000;0,16
2020-08-19T00:00:00+00:00;USDTBULL/USD;6322,50000000;6335,00000000;6315,00000000;6330,00000000;0,12
2020-08-18T00:00:00+00:00;USDTBULL/USD;6332,50000000;6337,50000000;6315,00000000;6322,50000000;-0,16
2020-08-17T00:00:00+00:00;USDTBULL/USD;6332,50000000;6332,50000000;6332,50000000;6332,50000000;0,0
2020-08-16T00:00:00+00:00;USDTBULL/USD;6332,50000000;6332,50000000;6332,50000000;6332,50000000;0,0
2020-08-15T00:00:00+00:00;USDTBULL/USD;6332,50000000;6335,00000000;6332,50000000;6332,50000000;0,0
2020-08-14T00:00:00+00:00;USDTBULL/USD;6332,50000000;6335,00000000;6332,50000000;6332,50000000;0,0
2020-08-13T00:00:00+00:00;USDTBULL/USD;6332,50000000;6332,50000000;6332,50000000;6332,50000000;0,0
2020-08-12T00:00:00+00:00;USDTBULL/USD;6332,50000000;6332,50000000;6332,50000000;6332,50000000;0,0
2020-08-11T00:00:00+00:00;USDTBULL/USD;6332,50000000;6332,50000000;6332,50000000;6332,50000000;0,0
2020-08-10T00:00:00+00:00;USDTBULL/USD;6332,50000000;6335,00000000;6332,50000000;6332,50000000;0,0
2020-08-09T00:00:00+00:00;USDTBULL/USD;6332,50000000;6332,50000000;6332,50000000;6332,50000000;0,0
2020-08-08T00:00:00+00:00;USDTBULL/USD;6332,50000000;6332,50000000;6332,50000000;6332,50000000;0,0
2020-08-07T00:00:00+00:00;USDTBULL/USD;6330,00000000;6332,50000000;6330,00000000;6332,50000000;0,04
2020-08-06T00:00:00+00:00;USDTBULL/USD;6327,50000000;6332,50000000;6327,50000000;6330,00000000;0,04
2020-08-05T00:00:00+00:00;USDTBULL/USD;6250,00000000;6332,50000000;6215,00000000;6327,50000000;1,22
2020-08-04T00:00:00+00:00;USDTBULL/USD;6242,50000000;6257,50000000;6215,00000000;6250,00000000;0,12
2020-08-03T00:00:00+00:00;USDTBULL/USD;6215,00000000;6250,00000000;6215,00000000;6242,50000000;0,44
2020-08-02T00:00:00+00:00;USDTBULL/USD;6225,00000000;6247,50000000;6215,00000000;6215,00000000;-0,16
2020-08-01T00:00:00+00:00;USDTBULL/USD;6215,00000000;6237,50000000;6215,00000000;6225,00000000;0,16
2020-07-31T00:00:00+00:00;USDTBULL/USD;6210,00000000;6272,50000000;6195,00000000;6215,00000000;0,08
2020-07-30T00:00:00+00:00;USDTBULL/USD;6192,50000000;6212,50000000;6145,00000000;6210,00000000;0,28
2020-07-29T00:00:00+00:00;USDTBULL/USD;6195,00000000;6200,00000000;6145,00000000;6192,50000000;-0,04
2020-07-28T00:00:00+00:00;USDTBULL/USD;6182,50000000;6195,00000000;6145,00000000;6195,00000000;0,2
2020-07-27T00:00:00+00:00;USDTBULL/USD;6170,00000000;6195,00000000;6145,00000000;6182,50000000;0,2
2020-07-26T00:00:00+00:00;USDTBULL/USD;6162,50000000;6170,00000000;6145,00000000;6170,00000000;0,12
2020-07-25T00:00:00+00:00;USDTBULL/USD;6152,50000000;6162,50000000;6145,00000000;6162,50000000;0,16
2020-07-24T00:00:00+00:00;USDTBULL/USD;6145,00000000;6152,50000000;6145,00000000;6152,50000000;0,12
2020-07-23T00:00:00+00:00;USDTBULL/USD;6145,00000000;6145,00000000;6145,00000000;6145,00000000;0,0
2020-07-22T00:00:00+00:00;USDTBULL/USD;6145,00000000;6145,00000000;6145,00000000;6145,00000000;0,0
2020-07-21T00:00:00+00:00;USDTBULL/USD;6102,50000000;6145,00000000;6072,50000000;6145,00000000;0,69
2020-07-20T00:00:00+00:00;USDTBULL/USD;6097,50000000;6107,50000000;6072,50000000;6102,50000000;0,08
2020-07-19T00:00:00+00:00;USDTBULL/USD;6090,00000000;6100,00000000;6072,50000000;6097,50000000;0,12
2020-07-18T00:00:00+00:00;USDTBULL/USD;6077,50000000;6090,00000000;6072,50000000;6090,00000000;0,21
2020-07-17T00:00:00+00:00;USDTBULL/USD;6072,50000000;6077,50000000;6072,50000000;6077,50000000;0,08
2020-07-16T00:00:00+00:00;USDTBULL/USD;6072,50000000;6075,00000000;6072,50000000;6072,50000000;0,0
2020-07-15T00:00:00+00:00;USDTBULL/USD;6075,00000000;6080,00000000;6072,50000000;6072,50000000;-0,04
2020-07-14T00:00:00+00:00;USDTBULL/USD;6072,50000000;6077,50000000;6072,50000000;6075,00000000;0,04
2020-07-13T00:00:00+00:00;USDTBULL/USD;6072,50000000;6080,00000000;6072,50000000;6072,50000000;0,0
2020-07-12T00:00:00+00:00;USDTBULL/USD;6072,50000000;6075,00000000;6072,50000000;6072,50000000;0,0
2020-07-11T00:00:00+00:00;USDTBULL/USD;6072,50000000;6072,50000000;6072,50000000;6072,50000000;0,0
2020-07-10T00:00:00+00:00;USDTBULL/USD;6072,50000000;6072,50000000;6072,50000000;6072,50000000;0,0
2020-07-09T00:00:00+00:00;USDTBULL/USD;6072,50000000;6072,50000000;6072,50000000;6072,50000000;0,0
2020-07-08T00:00:00+00:00;USDTBULL/USD;6072,50000000;6072,50000000;6072,50000000;6072,50000000;0,0
2020-07-07T00:00:00+00:00;USDTBULL/USD;6072,50000000;6072,50000000;6072,50000000;6072,50000000;0,0
2020-07-06T00:00:00+00:00;USDTBULL/USD;6072,50000000;6072,50000000;6072,50000000;6072,50000000;0,0
2020-07-05T00:00:00+00:00;USDTBULL/USD;6072,50000000;6072,50000000;6072,50000000;6072,50000000;0,0
2020-07-04T00:00:00+00:00;USDTBULL/USD;6072,50000000;6072,50000000;6072,50000000;6072,50000000;0,0
2020-07-03T00:00:00+00:00;USDTBULL/USD;6072,50000000;6072,50000000;6072,50000000;6072,50000000;0,0
2020-07-02T00:00:00+00:00;USDTBULL/USD;6072,50000000;6072,50000000;6072,50000000;6072,50000000;0,0
2020-07-01T00:00:00+00:00;USDTBULL/USD;6070,00000000;6072,50000000;6070,00000000;6072,50000000;0,04
2020-06-30T00:00:00+00:00;USDTBULL/USD;6070,00000000;6072,50000000;6065,00000000;6070,00000000;0,0
2020-06-29T00:00:00+00:00;USDTBULL/USD;6070,00000000;6072,50000000;6057,50000000;6070,00000000;0,0
2020-06-28T00:00:00+00:00;USDTBULL/USD;6065,00000000;6080,00000000;6062,50000000;6070,00000000;0,08
2020-06-27T00:00:00+00:00;USDTBULL/USD;6070,00000000;6080,00000000;6060,00000000;6065,00000000;-0,08
2020-06-26T00:00:00+00:00;USDTBULL/USD;6080,00000000;6080,00000000;6067,50000000;6070,00000000;-0,16
2020-06-25T00:00:00+00:00;USDTBULL/USD;6080,00000000;6080,00000000;6072,50000000;6080,00000000;0,0
2020-06-24T00:00:00+00:00;USDTBULL/USD;6060,00000000;6080,00000000;6052,50000000;6080,00000000;0,33
2020-06-23T00:00:00+00:00;USDTBULL/USD;6057,50000000;6062,50000000;6052,50000000;6060,00000000;0,04
2020-06-22T00:00:00+00:00;USDTBULL/USD;6052,50000000;6057,50000000;6052,50000000;6057,50000000;0,08
2020-06-21T00:00:00+00:00;USDTBULL/USD;6052,50000000;6052,50000000;6052,50000000;6052,50000000;0,0
2020-06-20T00:00:00+00:00;USDTBULL/USD;6052,50000000;6052,50000000;6052,50000000;6052,50000000;0,0
2020-06-19T00:00:00+00:00;USDTBULL/USD;6052,50000000;6052,50000000;6052,50000000;6052,50000000;0,0
2020-06-18T00:00:00+00:00;USDTBULL/USD;6052,50000000;6052,50000000;6052,50000000;6052,50000000;0,0
2020-06-17T00:00:00+00:00;USDTBULL/USD;6052,50000000;6060,00000000;6052,50000000;6052,50000000;0,0
2020-06-16T00:00:00+00:00;USDTBULL/USD;6052,50000000;6062,50000000;6052,50000000;6052,50000000;0,0
2020-06-15T00:00:00+00:00;USDTBULL/USD;6045,00000000;6052,50000000;6025,00000000;6052,50000000;0,12
2020-06-14T00:00:00+00:00;USDTBULL/USD;6047,50000000;6052,50000000;6035,00000000;6045,00000000;-0,04
2020-06-13T00:00:00+00:00;USDTBULL/USD;6037,50000000;6047,50000000;6027,50000000;6047,50000000;0,17
2020-06-12T00:00:00+00:00;USDTBULL/USD;6025,00000000;6037,50000000;6025,00000000;6037,50000000;0,21
2020-06-11T00:00:00+00:00;USDTBULL/USD;6032,50000000;6050,00000000;6025,00000000;6025,00000000;-0,12
2020-06-10T00:00:00+00:00;USDTBULL/USD;6025,00000000;6037,50000000;6025,00000000;6032,50000000;0,12
2020-06-09T00:00:00+00:00;USDTBULL/USD;6042,50000000;6067,50000000;6025,00000000;6025,00000000;-0,29
2020-06-08T00:00:00+00:00;USDTBULL/USD;6042,50000000;6042,50000000;6040,00000000;6042,50000000;0,0
2020-06-07T00:00:00+00:00;USDTBULL/USD;6040,00000000;6042,50000000;6037,50000000;6042,50000000;0,04
2020-06-06T00:00:00+00:00;USDTBULL/USD;6040,00000000;6042,50000000;6032,50000000;6040,00000000;0,0
2020-06-05T00:00:00+00:00;USDTBULL/USD;6042,50000000;6042,50000000;6040,00000000;6040,00000000;-0,04
2020-06-04T00:00:00+00:00;USDTBULL/USD;6030,00000000;6042,50000000;6002,50000000;6042,50000000;0,21
2020-06-03T00:00:00+00:00;USDTBULL/USD;6030,00000000;6030,00000000;6030,00000000;6030,00000000;0,0
2020-06-02T00:00:00+00:00;USDTBULL/USD;6030,00000000;6030,00000000;5997,50000000;6030,00000000;0,0
2020-06-01T00:00:00+00:00;USDTBULL/USD;6027,50000000;6030,00000000;6020,00000000;6030,00000000;0,04
2020-05-31T00:00:00+00:00;USDTBULL/USD;6030,00000000;6030,00000000;6027,50000000;6027,50000000;-0,04
2020-05-30T00:00:00+00:00;USDTBULL/USD;5985,00000000;6030,00000000;5960,00000000;6030,00000000;0,75
2020-05-29T00:00:00+00:00;USDTBULL/USD;5990,00000000;5992,50000000;5960,00000000;5985,00000000;-0,08
2020-05-28T00:00:00+00:00;USDTBULL/USD;5977,50000000;5995,00000000;5960,00000000;5990,00000000;0,21
2020-05-27T00:00:00+00:00;USDTBULL/USD;5972,50000000;5987,50000000;5960,00000000;5977,50000000;0,08
2020-05-26T00:00:00+00:00;USDTBULL/USD;5962,50000000;5975,00000000;5960,00000000;5972,50000000;0,17
2020-05-25T00:00:00+00:00;USDTBULL/USD;5960,00000000;5972,50000000;5960,00000000;5962,50000000;0,04
2020-05-24T00:00:00+00:00;USDTBULL/USD;5960,00000000;5967,50000000;5960,00000000;5960,00000000;0,0
2020-05-23T00:00:00+00:00;USDTBULL/USD;5960,00000000;5962,50000000;5960,00000000;5960,00000000;0,0
2020-05-22T00:00:00+00:00;USDTBULL/USD;5960,00000000;5960,00000000;5960,00000000;5960,00000000;0,0
2020-05-21T00:00:00+00:00;USDTBULL/USD;5960,00000000;5960,00000000;5955,00000000;5960,00000000;0,0
2020-05-20T00:00:00+00:00;USDTBULL/USD;5960,00000000;5960,00000000;5960,00000000;5960,00000000;0,0
2020-05-19T00:00:00+00:00;USDTBULL/USD;5960,00000000;5960,00000000;5960,00000000;5960,00000000;0,0
2020-05-18T00:00:00+00:00;USDTBULL/USD;5960,00000000;5960,00000000;5960,00000000;5960,00000000;0,0
2020-05-17T00:00:00+00:00;USDTBULL/USD;5960,00000000;5960,00000000;5960,00000000;5960,00000000;0,0
2020-05-16T00:00:00+00:00;USDTBULL/USD;5960,00000000;5960,00000000;5960,00000000;5960,00000000;0,0
2020-05-15T00:00:00+00:00;USDTBULL/USD;5960,00000000;5960,00000000;5960,00000000;5960,00000000;0,0
2020-05-14T00:00:00+00:00;USDTBULL/USD;5972,50000000;5972,50000000;5960,00000000;5960,00000000;-0,21
2020-05-13T00:00:00+00:00;USDTBULL/USD;5960,00000000;5972,50000000;5960,00000000;5972,50000000;0,21
2020-05-12T00:00:00+00:00;USDTBULL/USD;5960,00000000;5960,00000000;5960,00000000;5960,00000000;0,0
2020-05-11T00:00:00+00:00;USDTBULL/USD;5960,00000000;5960,00000000;5960,00000000;5960,00000000;0,0
2020-05-10T00:00:00+00:00;USDTBULL/USD;5960,00000000;5960,00000000;5925,00000000;5960,00000000;0,0
2020-05-09T00:00:00+00:00;USDTBULL/USD;5965,00000000;5967,50000000;5960,00000000;5960,00000000;-0,08
2020-05-08T00:00:00+00:00;USDTBULL/USD;5965,00000000;5972,50000000;5960,00000000;5965,00000000;0,0
2020-05-07T00:00:00+00:00;USDTBULL/USD;5965,00000000;5970,00000000;5960,00000000;5965,00000000;0,0
2020-05-06T00:00:00+00:00;USDTBULL/USD;5960,00000000;5970,00000000;5960,00000000;5965,00000000;0,08
2020-05-05T00:00:00+00:00;USDTBULL/USD;5962,50000000;5970,00000000;5960,00000000;5960,00000000;-0,04
2020-05-04T00:00:00+00:00;USDTBULL/USD;5960,00000000;5962,50000000;5960,00000000;5962,50000000;0,04
2020-05-03T00:00:00+00:00;USDTBULL/USD;5962,50000000;5962,50000000;5960,00000000;5960,00000000;-0,04
2020-05-02T00:00:00+00:00;USDTBULL/USD;5960,00000000;5972,50000000;5960,00000000;5962,50000000;0,04
2020-05-01T00:00:00+00:00;USDTBULL/USD;5960,00000000;5965,00000000;5960,00000000;5960,00000000;0,0
2020-04-30T00:00:00+00:00;USDTBULL/USD;5972,50000000;5972,50000000;5960,00000000;5960,00000000;-0,21
2020-04-29T00:00:00+00:00;USDTBULL/USD;5970,00000000;5992,50000000;5960,00000000;5972,50000000;0,04
2020-04-28T00:00:00+00:00;USDTBULL/USD;5967,50000000;5970,00000000;5960,00000000;5970,00000000;0,04
2020-04-27T00:00:00+00:00;USDTBULL/USD;5962,50000000;5967,50000000;5960,00000000;5967,50000000;0,08
2020-04-26T00:00:00+00:00;USDTBULL/USD;5960,00000000;5967,50000000;5960,00000000;5962,50000000;0,04
2020-04-25T00:00:00+00:00;USDTBULL/USD;6005,00000000;6017,50000000;5960,00000000;5960,00000000;-0,76
2020-04-24T00:00:00+00:00;USDTBULL/USD;6012,50000000;6017,50000000;5990,00000000;6005,00000000;-0,12
2020-04-23T00:00:00+00:00;USDTBULL/USD;6017,50000000;6017,50000000;6007,50000000;6012,50000000;-0,08
2020-04-22T00:00:00+00:00;USDTBULL/USD;6017,50000000;6017,50000000;6010,00000000;6017,50000000;0,0
2020-04-21T00:00:00+00:00;USDTBULL/USD;6017,50000000;6017,50000000;6017,50000000;6017,50000000;0,0
2020-04-20T00:00:00+00:00;USDTBULL/USD;6012,50000000;6017,50000000;6012,50000000;6017,50000000;0,08
2020-04-19T00:00:00+00:00;USDTBULL/USD;6012,50000000;6012,50000000;6012,50000000;6012,50000000;0,0
2020-04-18T00:00:00+00:00;USDTBULL/USD;6012,50000000;6012,50000000;6012,50000000;6012,50000000;0,0
2020-04-17T00:00:00+00:00;USDTBULL/USD;6012,50000000;6012,50000000;6012,50000000;6012,50000000;0,0
2020-04-16T00:00:00+00:00;USDTBULL/USD;6012,50000000;6012,50000000;6012,50000000;6012,50000000;0,0
2020-04-15T00:00:00+00:00;USDTBULL/USD;6012,50000000;6012,50000000;6012,50000000;6012,50000000;0,0
2020-04-14T00:00:00+00:00;USDTBULL/USD;6012,50000000;6012,50000000;6012,50000000;6012,50000000;0,0
2020-04-13T00:00:00+00:00;USDTBULL/USD;6012,50000000;6012,50000000;6012,50000000;6012,50000000;0,0
2020-04-12T00:00:00+00:00;USDTBULL/USD;6015,00000000;6015,00000000;6012,50000000;6012,50000000;-0,04
2020-04-11T00:00:00+00:00;USDTBULL/USD;6015,00000000;6015,00000000;6000,00000000;6015,00000000;0,0
2020-04-10T00:00:00+00:00;USDTBULL/USD;6015,00000000;6015,00000000;5970,00000000;6015,00000000;0,0
2020-04-09T00:00:00+00:00;USDTBULL/USD;6015,00000000;6015,00000000;6012,50000000;6015,00000000;0,0
2020-04-08T00:00:00+00:00;USDTBULL/USD;6007,50000000;6015,00000000;6000,00000000;6015,00000000;0,12
2020-04-07T00:00:00+00:00;USDTBULL/USD;6030,00000000;6040,00000000;6002,50000000;6007,50000000;-0,37
2020-04-06T00:00:00+00:00;USDTBULL/USD;6025,00000000;6040,00000000;6020,00000000;6030,00000000;0,08
2020-04-05T00:00:00+00:00;USDTBULL/USD;6040,00000000;6040,00000000;6022,50000000;6025,00000000;-0,25
2020-04-04T00:00:00+00:00;USDTBULL/USD;6040,00000000;6040,00000000;6032,50000000;6040,00000000;0,0
2020-04-03T00:00:00+00:00;USDTBULL/USD;6040,00000000;6040,00000000;6035,00000000;6040,00000000;0,0
2020-04-02T00:00:00+00:00;USDTBULL/USD;6040,00000000;6040,00000000;6037,50000000;6040,00000000;0,0
2020-04-01T00:00:00+00:00;USDTBULL/USD;6040,00000000;6040,00000000;6040,00000000;6040,00000000;0,0
2020-03-31T00:00:00+00:00;USDTBULL/USD;6040,00000000;6040,00000000;6040,00000000;6040,00000000;0,0
2020-03-30T00:00:00+00:00;USDTBULL/USD;6022,50000000;6040,00000000;6020,00000000;6040,00000000;0,29
2020-03-29T00:00:00+00:00;USDTBULL/USD;6040,00000000;6040,00000000;6022,50000000;6022,50000000;-0,29
2020-03-28T00:00:00+00:00;USDTBULL/USD;6040,00000000;6040,00000000;6022,50000000;6040,00000000;0,0
2020-03-27T00:00:00+00:00;USDTBULL/USD;6040,00000000;6047,50000000;6002,50000000;6040,00000000;0,0
2020-03-26T00:00:00+00:00;USDTBULL/USD;5997,50000000;6045,00000000;5987,50000000;6040,00000000;0,7
2020-03-25T00:00:00+00:00;USDTBULL/USD;6012,50000000;6022,50000000;5967,50000000;5997,50000000;-0,25
2020-03-24T00:00:00+00:00;USDTBULL/USD;5997,50000000;6032,50000000;5977,50000000;6012,50000000;0,25
2020-03-23T00:00:00+00:00;USDTBULL/USD;5967,50000000;6005,00000000;5967,50000000;5997,50000000;0,5
2020-03-22T00:00:00+00:00;USDTBULL/USD;5967,50000000;5987,50000000;5967,50000000;5967,50000000;0,0
2020-03-21T00:00:00+00:00;USDTBULL/USD;5967,50000000;5985,00000000;5967,50000000;5967,50000000;0,0
2020-03-20T00:00:00+00:00;USDTBULL/USD;6012,50000000;6042,50000000;5967,50000000;5967,50000000;-0,75
2020-03-19T00:00:00+00:00;USDTBULL/USD;5982,50000000;6030,00000000;5942,50000000;6012,50000000;0,5
2020-03-18T00:00:00+00:00;USDTBULL/USD;5937,50000000;6010,00000000;5937,50000000;5982,50000000;0,75
2020-03-17T00:00:00+00:00;USDTBULL/USD;5937,50000000;6007,50000000;5912,50000000;5937,50000000;0,0
2020-03-16T00:00:00+00:00;USDTBULL/USD;5927,50000000;6047,50000000;5825,00000000;5937,50000000;0,17
2020-03-15T00:00:00+00:00;USDTBULL/USD;5947,50000000;5977,50000000;5897,50000000;5927,50000000;-0,34
2020-03-14T00:00:00+00:00;USDTBULL/USD;6017,50000000;6047,50000000;5935,00000000;5947,50000000;-1,18
2020-03-13T00:00:00+00:00;USDTBULL/USD;5937,50000000;6515,00000000;5877,50000000;6002,50000000;1,08
2020-03-12T00:00:00+00:00;USDTBULL/USD;5952,50000000;6007,50000000;5812,50000000;5937,50000000;-0,25
2020-03-11T00:00:00+00:00;USDTBULL/USD;5947,50000000;5980,00000000;5927,50000000;5952,50000000;0,08
2020-03-10T00:00:00+00:00;USDTBULL/USD;5957,50000000;5977,50000000;5920,00000000;5947,50000000;-0,17
2020-03-09T00:00:00+00:00;USDTBULL/USD;5987,50000000;6002,50000000;5945,00000000;5957,50000000;-0,5
2020-03-08T00:00:00+00:00;USDTBULL/USD;5992,50000000;6005,00000000;5972,50000000;5987,50000000;-0,08
2020-03-07T00:00:00+00:00;USDTBULL/USD;6005,00000000;6012,50000000;5982,50000000;5992,50000000;-0,21
2020-03-06T00:00:00+00:00;USDTBULL/USD;5992,50000000;6012,50000000;5972,50000000;6005,00000000;0,21
2020-03-05T00:00:00+00:00;USDTBULL/USD;5987,50000000;6012,50000000;5977,50000000;5992,50000000;0,08
2020-03-04T00:00:00+00:00;USDTBULL/USD;5977,50000000;5995,00000000;5970,00000000;5987,50000000;0,17
2020-03-03T00:00:00+00:00;USDTBULL/USD;5992,50000000;6010,00000000;5972,50000000;5977,50000000;-0,25
2020-03-02T00:00:00+00:00;USDTBULL/USD;5980,00000000;5992,50000000;5975,00000000;5992,50000000;0,21
2020-03-01T00:00:00+00:00;USDTBULL/USD;6000,00000000;6007,50000000;5980,00000000;5980,00000000;-0,33
2020-02-29T00:00:00+00:00;USDTBULL/USD;5997,50000000;6012,50000000;5990,00000000;6000,00000000;0,04
2020-02-28T00:00:00+00:00;USDTBULL/USD;5982,50000000;6012,50000000;5967,50000000;5997,50000000;0,25
2020-02-27T00:00:00+00:00;USDTBULL/USD;5985,00000000;6012,50000000;5975,00000000;5982,50000000;-0,04
2020-02-26T00:00:00+00:00;USDTBULL/USD;6002,50000000;6012,50000000;5965,00000000;5985,00000000;-0,29
2020-02-25T00:00:00+00:00;USDTBULL/USD;6012,50000000;6012,50000000;6002,50000000;6002,50000000;-0,17
2020-02-24T00:00:00+00:00;USDTBULL/USD;6032,50000000;6057,50000000;6012,50000000;6012,50000000;-0,33
2020-02-23T00:00:00+00:00;USDTBULL/USD;6015,00000000;6045,00000000;6015,00000000;6032,50000000;0,29
2020-02-22T00:00:00+00:00;USDTBULL/USD;6012,50000000;6015,00000000;6012,50000000;6015,00000000;0,04
2020-02-21T00:00:00+00:00;USDTBULL/USD;6012,50000000;6017,50000000;6012,50000000;6012,50000000;0,0
2020-02-20T00:00:00+00:00;USDTBULL/USD;6022,50000000;6035,00000000;5985,00000000;6012,50000000;-0,17
2020-02-19T00:00:00+00:00;USDTBULL/USD;6015,00000000;6057,50000000;5995,00000000;6022,50000000;0,12
2020-02-18T00:00:00+00:00;USDTBULL/USD;5990,00000000;6022,50000000;5985,00000000;6015,00000000;0,42
2020-02-17T00:00:00+00:00;USDTBULL/USD;5992,50000000;6025,00000000;5985,00000000;5990,00000000;-0,04
2020-02-16T00:00:00+00:00;USDTBULL/USD;5985,00000000;6007,50000000;5985,00000000;5992,50000000;0,13
2020-02-15T00:00:00+00:00;USDTBULL/USD;5982,50000000;6012,50000000;5940,00000000;5985,00000000;0,04
2020-02-14T00:00:00+00:00;USDTBULL/USD;5957,50000000;5985,00000000;5935,00000000;5982,50000000;0,42
2020-02-13T00:00:00+00:00;USDTBULL/USD;5990,00000000;6010,00000000;5935,00000000;5957,50000000;-0,55
2020-02-12T00:00:00+00:00;USDTBULL/USD;5987,50000000;6012,50000000;5960,00000000;5990,00000000;0,04
2020-02-11T00:00:00+00:00;USDTBULL/USD;5917,50000000;6002,50000000;5905,00000000;5987,50000000;1,17
2020-02-10T00:00:00+00:00;USDTBULL/USD;5922,50000000;5942,50000000;5895,00000000;5917,50000000;-0,08
2020-02-09T00:00:00+00:00;USDTBULL/USD;5895,00000000;5922,50000000;5895,00000000;5922,50000000;0,46
2020-02-08T00:00:00+00:00;USDTBULL/USD;5895,00000000;5895,00000000;5890,00000000;5895,00000000;0,0
2020-02-07T00:00:00+00:00;USDTBULL/USD;5895,00000000;5895,00000000;5890,00000000;5895,00000000;0,0
2020-02-06T00:00:00+00:00;USDTBULL/USD;5907,50000000;5907,50000000;5885,00000000;5895,00000000;-0,21
2020-02-05T00:00:00+00:00;USDTBULL/USD;5900,00000000;5907,50000000;5862,50000000;5907,50000000;0,13
2020-02-04T00:00:00+00:00;USDTBULL/USD;5915,00000000;5922,50000000;5897,50000000;5900,00000000;-0,25
2020-02-03T00:00:00+00:00;USDTBULL/USD;5927,50000000;5927,50000000;5897,50000000;5915,00000000;-0,21
2020-02-02T00:00:00+00:00;USDTBULL/USD;5912,50000000;5930,00000000;5910,00000000;5927,50000000;0,25
2020-02-01T00:00:00+00:00;USDTBULL/USD;5920,00000000;5920,00000000;5910,00000000;5912,50000000;-0,13
2020-01-31T00:00:00+00:00;USDTBULL/USD;5920,00000000;5920,00000000;5920,00000000;5920,00000000;0,0
2020-01-30T00:00:00+00:00;USDTBULL/USD;5945,00000000;5945,00000000;5917,50000000;5920,00000000;-0,42
2020-01-29T00:00:00+00:00;USDTBULL/USD;5962,50000000;5962,50000000;5945,00000000;5945,00000000;-0,29
2020-01-28T00:00:00+00:00;USDTBULL/USD;5952,50000000;5962,50000000;5952,50000000;5962,50000000;0,17
2020-01-27T00:00:00+00:00;USDTBULL/USD;5987,50000000;5987,50000000;5942,50000000;5952,50000000;-0,59
2020-01-26T00:00:00+00:00;USDTBULL/USD;5992,50000000;5992,50000000;5982,50000000;5987,50000000;-0,08
2020-01-25T00:00:00+00:00;USDTBULL/USD;5997,50000000;5997,50000000;5992,50000000;5992,50000000;-0,08
2020-01-24T00:00:00+00:00;USDTBULL/USD;5990,00000000;5997,50000000;5990,00000000;5997,50000000;0,13
2020-01-23T00:00:00+00:00;USDTBULL/USD;6032,50000000;6032,50000000;5985,00000000;5990,00000000;-0,71
2020-01-22T00:00:00+00:00;USDTBULL/USD;6052,50000000;6055,00000000;6030,00000000;6032,50000000;-0,33
2020-01-21T00:00:00+00:00;USDTBULL/USD;6080,00000000;6080,00000000;6052,50000000;6052,50000000;-0,45
2020-01-20T00:00:00+00:00;USDTBULL/USD;6080,00000000;6080,00000000;6080,00000000;6080,00000000;0,0
2020-01-19T00:00:00+00:00;USDTBULL/USD;6107,50000000;6107,50000000;6072,50000000;6080,00000000;-0,45
2020-01-18T00:00:00+00:00;USDTBULL/USD;6107,50000000;6107,50000000;6107,50000000;6107,50000000;0,0
2020-01-17T00:00:00+00:00;USDTBULL/USD;6107,50000000;6112,50000000;6107,50000000;6107,50000000;0,0
2020-01-16T00:00:00+00:00;USDTBULL/USD;6127,50000000;6127,50000000;6100,00000000;6107,50000000;-0,33
2020-01-15T00:00:00+00:00;USDTBULL/USD;6150,00000000;6150,00000000;6095,00000000;6127,50000000;-0,37
2020-01-14T00:00:00+00:00;USDTBULL/USD;6140,00000000;6150,00000000;6140,00000000;6150,00000000;0,16
2020-01-13T00:00:00+00:00;USDTBULL/USD;6145,00000000;6145,00000000;6120,00000000;6140,00000000;-0,08
2020-01-12T00:00:00+00:00;USDTBULL/USD;6145,00000000;6145,00000000;6145,00000000;6145,00000000;0,0
2020-01-11T00:00:00+00:00;USDTBULL/USD;6145,00000000;6145,00000000;6145,00000000;6145,00000000;0,0
2020-01-10T00:00:00+00:00;USDTBULL/USD;6135,00000000;6145,00000000;6112,50000000;6145,00000000;0,16
2020-01-09T00:00:00+00:00;USDTBULL/USD;6125,00000000;6145,00000000;6120,00000000;6135,00000000;0,16
2020-01-08T00:00:00+00:00;USDTBULL/USD;6122,50000000;6142,50000000;6120,00000000;6125,00000000;0,04
2020-01-07T00:00:00+00:00;USDTBULL/USD;6102,50000000;6132,50000000;6102,50000000;6122,50000000;0,33

