DATE/TIME;SYMBOL;OPEN;HIGH;LOW;CLOSE;EVOL % CLOSE/HIGH
2022-01-05T00:00:00+00:00;ASD/USD;0,33007000;0,33568000;0,32789000;0,33110000;0,31
2022-01-04T00:00:00+00:00;ASD/USD;0,32952000;0,33114000;0,32531000;0,33007000;0,17
2022-01-03T00:00:00+00:00;ASD/USD;0,33297000;0,33416000;0,32797000;0,32952000;-1,05
2022-01-02T00:00:00+00:00;ASD/USD;0,33352000;0,33675000;0,33144000;0,33297000;-0,17
2022-01-01T00:00:00+00:00;ASD/USD;0,32985000;0,33525000;0,32985000;0,33352000;1,1
2021-12-31T00:00:00+00:00;ASD/USD;0,33165000;0,34103000;0,32968000;0,32985000;-0,55
2021-12-30T00:00:00+00:00;ASD/USD;0,31088000;0,33841000;0,30971000;0,33165000;6,26
2021-12-29T00:00:00+00:00;ASD/USD;0,31516000;0,31594000;0,31047000;0,31088000;-1,38
2021-12-28T00:00:00+00:00;ASD/USD;0,32273000;0,32280000;0,31514000;0,31516000;-2,4
2021-12-27T00:00:00+00:00;ASD/USD;0,32333000;0,32500000;0,31926000;0,32273000;-0,19
2021-12-26T00:00:00+00:00;ASD/USD;0,32420000;0,32464000;0,32297000;0,32333000;-0,27
2021-12-25T00:00:00+00:00;ASD/USD;0,32376000;0,32493000;0,32260000;0,32420000;0,14
2021-12-24T00:00:00+00:00;ASD/USD;0,32797000;0,32819000;0,32376000;0,32376000;-1,3
2021-12-23T00:00:00+00:00;ASD/USD;0,32084000;0,32841000;0,32034000;0,32797000;2,17
2021-12-22T00:00:00+00:00;ASD/USD;0,32050000;0,32147000;0,31922000;0,32084000;0,11
2021-12-21T00:00:00+00:00;ASD/USD;0,30896000;0,32095000;0,30841000;0,32050000;3,6
2021-12-20T00:00:00+00:00;ASD/USD;0,31165000;0,31177000;0,30841000;0,30896000;-0,87
2021-12-19T00:00:00+00:00;ASD/USD;0,31107000;0,31337000;0,31007000;0,31165000;0,19
2021-12-18T00:00:00+00:00;ASD/USD;0,30905000;0,31147000;0,30871000;0,31107000;0,65
2021-12-17T00:00:00+00:00;ASD/USD;0,31377000;0,31496000;0,30905000;0,30905000;-1,53
2021-12-16T00:00:00+00:00;ASD/USD;0,31030000;0,31574000;0,31008000;0,31377000;1,11
2021-12-15T00:00:00+00:00;ASD/USD;0,31227000;0,31488000;0,30340000;0,31030000;-0,63
2021-12-14T00:00:00+00:00;ASD/USD;0,31195000;0,31572000;0,30950000;0,31227000;0,1
2021-12-13T00:00:00+00:00;ASD/USD;0,32284000;0,32358000;0,30962000;0,31195000;-3,49
2021-12-12T00:00:00+00:00;ASD/USD;0,34533000;0,34661000;0,31239000;0,32284000;-6,97
2021-12-11T00:00:00+00:00;ASD/USD;0,34328000;0,34585000;0,34060000;0,34533000;0,59
2021-12-10T00:00:00+00:00;ASD/USD;0,34437000;0,34734000;0,34201000;0,34328000;-0,32
2021-12-09T00:00:00+00:00;ASD/USD;0,34884000;0,34974000;0,34138000;0,34446000;-1,27
2021-12-08T00:00:00+00:00;ASD/USD;0,34551000;0,35170000;0,33901000;0,34884000;0,95
2021-12-07T00:00:00+00:00;ASD/USD;0,33519000;0,35384000;0,33478000;0,34551000;2,99
2021-12-06T00:00:00+00:00;ASD/USD;0,34291000;0,34560000;0,32938000;0,33519000;-2,3
2021-12-05T00:00:00+00:00;ASD/USD;0,33242000;0,36616000;0,29573000;0,34291000;3,06
2021-12-04T00:00:00+00:00;ASD/USD;0,39694000;0,40145000;0,29961000;0,33242000;-19,41
2021-12-03T00:00:00+00:00;ASD/USD;0,40944000;0,41150000;0,39415000;0,39694000;-3,15
2021-12-02T00:00:00+00:00;ASD/USD;0,41216000;0,41641000;0,40857000;0,40944000;-0,66
2021-12-01T00:00:00+00:00;ASD/USD;0,41047000;0,41774000;0,40794000;0,41216000;0,41
2021-11-30T00:00:00+00:00;ASD/USD;0,40940000;0,41893000;0,40426000;0,41047000;0,26
2021-11-29T00:00:00+00:00;ASD/USD;0,39744000;0,41308000;0,39407000;0,40940000;2,92
2021-11-28T00:00:00+00:00;ASD/USD;0,41757000;0,42167000;0,38608000;0,39744000;-5,06
2021-11-27T00:00:00+00:00;ASD/USD;0,41203000;0,42615000;0,40919000;0,41757000;1,33
2021-11-26T00:00:00+00:00;ASD/USD;0,45631000;0,46307000;0,40257000;0,41203000;-10,75
2021-11-25T00:00:00+00:00;ASD/USD;0,44545000;0,46259000;0,44053000;0,45631000;2,38
2021-11-24T00:00:00+00:00;ASD/USD;0,44777000;0,45672000;0,43992000;0,44545000;-0,52
2021-11-23T00:00:00+00:00;ASD/USD;0,44527000;0,45109000;0,43796000;0,44824000;0,66
2021-11-22T00:00:00+00:00;ASD/USD;0,46182000;0,46227000;0,44300000;0,44527000;-3,72
2021-11-21T00:00:00+00:00;ASD/USD;0,44922000;0,46313000;0,44664000;0,46182000;2,73
2021-11-20T00:00:00+00:00;ASD/USD;0,44742000;0,45900000;0,44501000;0,44922000;0,4
2021-11-19T00:00:00+00:00;ASD/USD;0,45047000;0,45047000;0,43480000;0,44742000;-0,68
2021-11-18T00:00:00+00:00;ASD/USD;0,46033000;0,46654000;0,44882000;0,45047000;-2,19
2021-11-17T00:00:00+00:00;ASD/USD;0,44782000;0,46070000;0,44376000;0,46033000;2,72
2021-11-16T00:00:00+00:00;ASD/USD;0,50199000;0,50248000;0,43880000;0,44782000;-12,1
2021-11-15T00:00:00+00:00;ASD/USD;0,51138000;0,53279000;0,50070000;0,50199000;-1,87
2021-11-14T00:00:00+00:00;ASD/USD;0,52255000;0,52714000;0,49766000;0,51138000;-2,18
2021-11-13T00:00:00+00:00;ASD/USD;0,52413000;0,52845000;0,51869000;0,52255000;-0,3
2021-11-12T00:00:00+00:00;ASD/USD;0,56258000;0,56530000;0,49220000;0,52413000;-7,34
2021-11-11T00:00:00+00:00;ASD/USD;0,54133000;0,56301000;0,53690000;0,56258000;3,78
2021-11-10T00:00:00+00:00;ASD/USD;0,59779000;0,60397000;0,49995000;0,54133000;-10,43
2021-11-09T00:00:00+00:00;ASD/USD;0,60213000;0,62775000;0,48000000;0,59779000;-0,73
2021-11-08T00:00:00+00:00;ASD/USD;0,61490000;0,62131000;0,57999000;0,60213000;-2,12
2021-11-07T00:00:00+00:00;ASD/USD;0,53860000;0,63571000;0,53710000;0,61490000;12,41
2021-11-06T00:00:00+00:00;ASD/USD;0,52161000;0,53923000;0,52161000;0,53860000;3,15
2021-11-05T00:00:00+00:00;ASD/USD;0,55726000;0,55726000;0,52073000;0,52161000;-6,83
2021-11-04T00:00:00+00:00;ASD/USD;0,67443000;0,67522000;0,54000000;0,55726000;-21,03
2021-11-03T00:00:00+00:00;ASD/USD;0,51277000;0,77029000;0,49608000;0,67443000;23,97
2021-11-02T00:00:00+00:00;ASD/USD;0,50416000;0,51859000;0,50295000;0,51277000;1,68
2021-11-01T00:00:00+00:00;ASD/USD;0,50760000;0,50948000;0,50089000;0,50416000;-0,68
2021-10-31T00:00:00+00:00;ASD/USD;0,51066000;0,51378000;0,50288000;0,50760000;-0,6
2021-10-30T00:00:00+00:00;ASD/USD;0,51221000;0,51724000;0,51000000;0,51066000;-0,3
2021-10-29T00:00:00+00:00;ASD/USD;0,50973000;0,51804000;0,50772000;0,51221000;0,48
2021-10-28T00:00:00+00:00;ASD/USD;0,50482000;0,51614000;0,50000000;0,50973000;0,96
2021-10-27T00:00:00+00:00;ASD/USD;0,52153000;0,52202000;0,50353000;0,50482000;-3,31
2021-10-26T00:00:00+00:00;ASD/USD;0,52684000;0,52777000;0,52078000;0,52153000;-1,02
2021-10-25T00:00:00+00:00;ASD/USD;0,51594000;0,52916000;0,51038000;0,52684000;2,07
2021-10-24T00:00:00+00:00;ASD/USD;0,54072000;0,54344000;0,50866000;0,51593000;-4,8
2021-10-23T00:00:00+00:00;ASD/USD;0,53116000;0,54366000;0,52757000;0,54072000;1,77
2021-10-22T00:00:00+00:00;ASD/USD;0,52692000;0,53940000;0,52381000;0,53116000;0,8
2021-10-21T00:00:00+00:00;ASD/USD;0,55810000;0,56552000;0,52600000;0,52692000;-5,92
2021-10-20T00:00:00+00:00;ASD/USD;0,47080000;0,56256000;0,47034000;0,55810000;15,64
2021-10-19T00:00:00+00:00;ASD/USD;0,45482000;0,47440000;0,45448000;0,47080000;3,39
2021-10-18T00:00:00+00:00;ASD/USD;0,45851000;0,46097000;0,45385000;0,45482000;-0,81
2021-10-17T00:00:00+00:00;ASD/USD;0,43880000;0,46163000;0,43763000;0,45851000;4,3
2021-10-16T00:00:00+00:00;ASD/USD;0,43789000;0,45619000;0,43783000;0,43880000;0,21
2021-10-15T00:00:00+00:00;ASD/USD;0,41358000;0,44993000;0,40975000;0,43789000;5,55
2021-10-14T00:00:00+00:00;ASD/USD;0,41834000;0,42266000;0,41286000;0,41358000;-1,15
2021-10-13T00:00:00+00:00;ASD/USD;0,43115000;0,43274000;0,39747000;0,41834000;-3,06
2021-10-12T00:00:00+00:00;ASD/USD;0,44948000;0,45484000;0,42798000;0,43115000;-4,25
2021-10-11T00:00:00+00:00;ASD/USD;0,47027000;0,47089000;0,44652000;0,44948000;-4,63
2021-10-10T00:00:00+00:00;ASD/USD;0,47635000;0,48999000;0,45368000;0,47027000;-1,29
2021-10-09T00:00:00+00:00;ASD/USD;0,41557000;0,47725000;0,39844000;0,47635000;12,76
2021-10-08T00:00:00+00:00;ASD/USD;0,36175000;0,41624000;0,36135000;0,41557000;12,95
2021-10-07T00:00:00+00:00;ASD/USD;0,35993000;0,36221000;0,35771000;0,36175000;0,5
2021-10-06T00:00:00+00:00;ASD/USD;0,37366000;0,37443000;0,34444000;0,35993000;-3,81
2021-10-05T00:00:00+00:00;ASD/USD;0,38093000;0,38214000;0,37070000;0,37366000;-1,95
2021-10-04T00:00:00+00:00;ASD/USD;0,38491000;0,38491000;0,37911000;0,38093000;-1,04
2021-10-03T00:00:00+00:00;ASD/USD;0,39006000;0,39066000;0,38408000;0,38491000;-1,34
2021-10-02T00:00:00+00:00;ASD/USD;0,38678000;0,39358000;0,38606000;0,39006000;0,84
2021-10-01T00:00:00+00:00;ASD/USD;0,38464000;0,39014000;0,38205000;0,38678000;0,55
2021-09-30T00:00:00+00:00;ASD/USD;0,37679000;0,38831000;0,37679000;0,38464000;2,04
2021-09-29T00:00:00+00:00;ASD/USD;0,38038000;0,38298000;0,37630000;0,37679000;-0,95
2021-09-28T00:00:00+00:00;ASD/USD;0,39279000;0,39286000;0,37711000;0,38038000;-3,26
2021-09-27T00:00:00+00:00;ASD/USD;0,39503000;0,40251000;0,38799000;0,39279000;-0,57
2021-09-26T00:00:00+00:00;ASD/USD;0,41242000;0,41244000;0,39108000;0,39503000;-4,4
2021-09-25T00:00:00+00:00;ASD/USD;0,41700000;0,41798000;0,41120000;0,41242000;-1,11
2021-09-24T00:00:00+00:00;ASD/USD;0,43529000;0,43771000;0,40836000;0,41700000;-4,39
2021-09-23T00:00:00+00:00;ASD/USD;0,42956000;0,43625000;0,42928000;0,43538000;1,34
2021-09-22T00:00:00+00:00;ASD/USD;0,41959000;0,43221000;0,41753000;0,42956000;2,32
2021-09-21T00:00:00+00:00;ASD/USD;0,43560000;0,44017000;0,41848000;0,41959000;-3,82
2021-09-20T00:00:00+00:00;ASD/USD;0,50604000;0,50666000;0,42669000;0,43560000;-16,17
2021-09-19T00:00:00+00:00;ASD/USD;0,51392000;0,51528000;0,50392000;0,50608000;-1,55
2021-09-18T00:00:00+00:00;ASD/USD;0,50862000;0,51486000;0,50698000;0,51392000;1,03
2021-09-17T00:00:00+00:00;ASD/USD;0,51904000;0,52713000;0,50849000;0,50862000;-2,05
2021-09-16T00:00:00+00:00;ASD/USD;0,51342000;0,52205000;0,50609000;0,51904000;1,08
2021-09-15T00:00:00+00:00;ASD/USD;0,50097000;0,51737000;0,50009000;0,51342000;2,42
2021-09-14T00:00:00+00:00;ASD/USD;0,49342000;0,50446000;0,48911000;0,50097000;1,51
2021-09-13T00:00:00+00:00;ASD/USD;0,53246000;0,53431000;0,48562000;0,49342000;-7,91
2021-09-12T00:00:00+00:00;ASD/USD;0,51329000;0,54449000;0,50561000;0,53246000;3,6
2021-09-11T00:00:00+00:00;ASD/USD;0,54833000;0,55479000;0,51110000;0,51316000;-6,85
2021-09-10T00:00:00+00:00;ASD/USD;0,45023000;0,55139000;0,45023000;0,54833000;17,89
2021-09-09T00:00:00+00:00;ASD/USD;0,41812000;0,46013000;0,41652000;0,45023000;7,13
2021-09-08T00:00:00+00:00;ASD/USD;0,42165000;0,42377000;0,41204000;0,41812000;-0,84
2021-09-07T00:00:00+00:00;ASD/USD;0,44261000;0,44809000;0,41846000;0,42165000;-4,97
2021-09-06T00:00:00+00:00;ASD/USD;0,42955000;0,44351000;0,41906000;0,44261000;2,95
2021-09-05T00:00:00+00:00;ASD/USD;0,42558000;0,43175000;0,42341000;0,42955000;0,92
2021-09-04T00:00:00+00:00;ASD/USD;0,43301000;0,43393000;0,42219000;0,42558000;-1,75
2021-09-03T00:00:00+00:00;ASD/USD;0,44804000;0,44974000;0,42514000;0,43297000;-3,48
2021-09-02T00:00:00+00:00;ASD/USD;0,41173000;0,45451000;0,41138000;0,44804000;8,1
2021-09-01T00:00:00+00:00;ASD/USD;0,41000000;0,41271000;0,40500000;0,41173000;0,42
2021-08-31T00:00:00+00:00;ASD/USD;0,41110000;0,41155000;0,40465000;0,41000000;-0,27
2021-08-30T00:00:00+00:00;ASD/USD;0,41901000;0,42021000;0,40818000;0,41110000;-1,92
2021-08-29T00:00:00+00:00;ASD/USD;0,42093000;0,42299000;0,41580000;0,41901000;-0,46
2021-08-28T00:00:00+00:00;ASD/USD;0,43110000;0,43159000;0,41746000;0,42093000;-2,42
2021-08-27T00:00:00+00:00;ASD/USD;0,41695000;0,43487000;0,41590000;0,43110000;3,28
2021-08-26T00:00:00+00:00;ASD/USD;0,43521000;0,43610000;0,41349000;0,41695000;-4,38
2021-08-25T00:00:00+00:00;ASD/USD;0,44394000;0,44559000;0,42953000;0,43521000;-2,01
2021-08-24T00:00:00+00:00;ASD/USD;0,46312000;0,46775000;0,44389000;0,44394000;-4,32
2021-08-23T00:00:00+00:00;ASD/USD;0,43779000;0,46460000;0,43706000;0,46312000;5,47
2021-08-22T00:00:00+00:00;ASD/USD;0,44030000;0,44146000;0,43502000;0,43779000;-0,57
2021-08-21T00:00:00+00:00;ASD/USD;0,44761000;0,45330000;0,43890000;0,44030000;-1,66
2021-08-20T00:00:00+00:00;ASD/USD;0,43342000;0,44761000;0,43016000;0,44761000;3,17
2021-08-19T00:00:00+00:00;ASD/USD;0,42413000;0,43599000;0,41892000;0,43342000;2,14
2021-08-18T00:00:00+00:00;ASD/USD;0,42216000;0,43067000;0,40250000;0,42413000;0,46
2021-08-17T00:00:00+00:00;ASD/USD;0,45060000;0,45569000;0,42161000;0,42162000;-6,87
2021-08-16T00:00:00+00:00;ASD/USD;0,43872000;0,46368000;0,43827000;0,45060000;2,64
2021-08-15T00:00:00+00:00;ASD/USD;0,45791000;0,47047000;0,43026000;0,43872000;-4,37
2021-08-14T00:00:00+00:00;ASD/USD;0,41612000;0,45855000;0,41601000;0,45791000;9,13
2021-08-13T00:00:00+00:00;ASD/USD;0,40096000;0,41612000;0,39826000;0,41612000;3,64
2021-08-12T00:00:00+00:00;ASD/USD;0,41293000;0,42142000;0,39511000;0,40096000;-2,99
2021-08-11T00:00:00+00:00;ASD/USD;0,38898000;0,41384000;0,38816000;0,41293000;5,8
2021-08-10T00:00:00+00:00;ASD/USD;0,37398000;0,39665000;0,37390000;0,38898000;3,86
2021-08-09T00:00:00+00:00;ASD/USD;0,37432000;0,37548000;0,37001000;0,37398000;-0,09
2021-08-08T00:00:00+00:00;ASD/USD;0,37299000;0,37718000;0,37042000;0,37432000;0,36
2021-08-07T00:00:00+00:00;ASD/USD;0,35784000;0,37684000;0,35781000;0,37299000;4,06
2021-08-06T00:00:00+00:00;ASD/USD;0,35330000;0,35948000;0,35197000;0,35784000;1,27
2021-08-05T00:00:00+00:00;ASD/USD;0,34866000;0,35400000;0,34645000;0,35330000;1,31
2021-08-04T00:00:00+00:00;ASD/USD;0,34999000;0,35208000;0,34028000;0,34841000;-0,45
2021-08-03T00:00:00+00:00;ASD/USD;0,36194000;0,36232000;0,34901000;0,34999000;-3,41
2021-08-02T00:00:00+00:00;ASD/USD;0,36573000;0,36866000;0,36191000;0,36194000;-1,05
2021-08-01T00:00:00+00:00;ASD/USD;0,35868000;0,36717000;0,35845000;0,36573000;1,93
2021-07-31T00:00:00+00:00;ASD/USD;0,35202000;0,35881000;0,35192000;0,35868000;1,86
2021-07-30T00:00:00+00:00;ASD/USD;0,35255000;0,35476000;0,35109000;0,35202000;-0,15
2021-07-29T00:00:00+00:00;ASD/USD;0,35180000;0,35316000;0,35089000;0,35255000;0,21
2021-07-28T00:00:00+00:00;ASD/USD;0,35481000;0,35619000;0,35052000;0,35180000;-0,86
2021-07-27T00:00:00+00:00;ASD/USD;0,35571000;0,35742000;0,35212000;0,35481000;-0,25
2021-07-26T00:00:00+00:00;ASD/USD;0,35235000;0,36070000;0,34913000;0,35571000;0,94
2021-07-25T00:00:00+00:00;ASD/USD;0,35702000;0,35739000;0,35192000;0,35235000;-1,33
2021-07-24T00:00:00+00:00;ASD/USD;0,35584000;0,36744000;0,35467000;0,35702000;0,33
2021-07-23T00:00:00+00:00;ASD/USD;0,35561000;0,35630000;0,35481000;0,35584000;0,06
2021-07-22T00:00:00+00:00;ASD/USD;0,35516000;0,35630000;0,35384000;0,35561000;0,13
2021-07-21T00:00:00+00:00;ASD/USD;0,35243000;0,35551000;0,35042000;0,35516000;0,77
2021-07-20T00:00:00+00:00;ASD/USD;0,35803000;0,35836000;0,34807000;0,35243000;-1,59
2021-07-19T00:00:00+00:00;ASD/USD;0,35986000;0,36222000;0,35614000;0,35803000;-0,51
2021-07-18T00:00:00+00:00;ASD/USD;0,36152000;0,36272000;0,35888000;0,35986000;-0,46
2021-07-17T00:00:00+00:00;ASD/USD;0,36416000;0,36517000;0,36000000;0,36152000;-0,73
2021-07-16T00:00:00+00:00;ASD/USD;0,36746000;0,36845000;0,36332000;0,36416000;-0,91
2021-07-15T00:00:00+00:00;ASD/USD;0,37103000;0,37233000;0,36635000;0,36746000;-0,97
2021-07-14T00:00:00+00:00;ASD/USD;0,37396000;0,37429000;0,37035000;0,37103000;-0,79
2021-07-13T00:00:00+00:00;ASD/USD;0,37693000;0,37754000;0,37280000;0,37396000;-0,79
2021-07-12T00:00:00+00:00;ASD/USD;0,38050000;0,38104000;0,37539000;0,37693000;-0,95
2021-07-11T00:00:00+00:00;ASD/USD;0,38249000;0,38273000;0,37873000;0,38050000;-0,52
2021-07-10T00:00:00+00:00;ASD/USD;0,38569000;0,38877000;0,38152000;0,38249000;-0,84
2021-07-09T00:00:00+00:00;ASD/USD;0,38179000;0,38576000;0,37760000;0,38569000;1,01
2021-07-08T00:00:00+00:00;ASD/USD;0,39503000;0,39503000;0,38096000;0,38179000;-3,47
2021-07-07T00:00:00+00:00;ASD/USD;0,40242000;0,40955000;0,39351000;0,39503000;-1,87
2021-07-06T00:00:00+00:00;ASD/USD;0,36986000;0,40305000;0,36953000;0,40242000;8,09
2021-07-05T00:00:00+00:00;ASD/USD;0,36762000;0,37062000;0,36606000;0,36986000;0,61
2021-07-04T00:00:00+00:00;ASD/USD;0,36653000;0,36813000;0,36593000;0,36762000;0,3
2021-07-03T00:00:00+00:00;ASD/USD;0,36462000;0,36813000;0,36407000;0,36653000;0,52
2021-07-02T00:00:00+00:00;ASD/USD;0,36464000;0,36781000;0,36136000;0,36462000;-0,01
2021-07-01T00:00:00+00:00;ASD/USD;0,36570000;0,36662000;0,36343000;0,36464000;-0,29
2021-06-30T00:00:00+00:00;ASD/USD;0,36654000;0,39127000;0,36381000;0,36570000;-0,23
2021-06-29T00:00:00+00:00;ASD/USD;0,36357000;0,36813000;0,36254000;0,36654000;0,81
2021-06-28T00:00:00+00:00;ASD/USD;0,36385000;0,36589000;0,36278000;0,36357000;-0,08
2021-06-27T00:00:00+00:00;ASD/USD;0,36183000;0,36455000;0,36055000;0,36385000;0,56
2021-06-26T00:00:00+00:00;ASD/USD;0,36436000;0,36589000;0,36021000;0,36183000;-0,7
2021-06-25T00:00:00+00:00;ASD/USD;0,36903000;0,37804000;0,36278000;0,36436000;-1,28
2021-06-24T00:00:00+00:00;ASD/USD;0,35998000;0,36992000;0,35645000;0,36903000;2,45
2021-06-23T00:00:00+00:00;ASD/USD;0,35419000;0,36792000;0,35141000;0,35998000;1,61
2021-06-22T00:00:00+00:00;ASD/USD;0,37621000;0,37701000;0,34721000;0,35419000;-6,22
2021-06-21T00:00:00+00:00;ASD/USD;0,39572000;0,39572000;0,37521000;0,37621000;-5,19
2021-06-20T00:00:00+00:00;ASD/USD;0,40044000;0,40049000;0,39530000;0,39572000;-1,19
2021-06-19T00:00:00+00:00;ASD/USD;0,40502000;0,40641000;0,40018000;0,40044000;-1,14
2021-06-18T00:00:00+00:00;ASD/USD;0,41753000;0,42137000;0,39980000;0,40471000;-3,17
2021-06-17T00:00:00+00:00;ASD/USD;0,41947000;0,42102000;0,41684000;0,41753000;-0,46
2021-06-16T00:00:00+00:00;ASD/USD;0,42303000;0,42308000;0,41931000;0,41947000;-0,85
2021-06-15T00:00:00+00:00;ASD/USD;0,42621000;0,42913000;0,42252000;0,42298000;-0,76
2021-06-14T00:00:00+00:00;ASD/USD;0,41842000;0,42730000;0,41804000;0,42621000;1,83
2021-06-13T00:00:00+00:00;ASD/USD;0,41715000;0,42009000;0,41546000;0,41823000;0,26
2021-06-12T00:00:00+00:00;ASD/USD;0,42723000;0,42850000;0,41648000;0,41715000;-2,42
2021-06-11T00:00:00+00:00;ASD/USD;0,42270000;0,42848000;0,42109000;0,42723000;1,06
2021-06-10T00:00:00+00:00;ASD/USD;0,42705000;0,42928000;0,42193000;0,42270000;-1,03
2021-06-09T00:00:00+00:00;ASD/USD;0,42045000;0,42990000;0,41831000;0,42705000;1,55
2021-06-08T00:00:00+00:00;ASD/USD;0,43749000;0,43812000;0,42014000;0,42045000;-4,05
2021-06-07T00:00:00+00:00;ASD/USD;0,44223000;0,44513000;0,43630000;0,43749000;-1,08
2021-06-06T00:00:00+00:00;ASD/USD;0,44264000;0,44504000;0,44114000;0,44223000;-0,09
2021-06-05T00:00:00+00:00;ASD/USD;0,44647000;0,44652000;0,44209000;0,44264000;-0,87
2021-06-04T00:00:00+00:00;ASD/USD;0,45430000;0,45632000;0,44476000;0,44647000;-1,75
2021-06-03T00:00:00+00:00;ASD/USD;0,45107000;0,46279000;0,45027000;0,45430000;0,71
2021-06-02T00:00:00+00:00;ASD/USD;0,44082000;0,51308000;0,43642000;0,45107000;2,27
2021-06-01T00:00:00+00:00;ASD/USD;0,44822000;0,44974000;0,43764000;0,44082000;-1,68
2021-05-31T00:00:00+00:00;ASD/USD;0,44524000;0,45016000;0,44265000;0,44822000;0,66
2021-05-30T00:00:00+00:00;ASD/USD;0,43757000;0,44711000;0,43575000;0,44524000;1,72
2021-05-29T00:00:00+00:00;ASD/USD;0,44541000;0,44783000;0,43458000;0,43757000;-1,79
2021-05-28T00:00:00+00:00;ASD/USD;0,45122000;0,45392000;0,44388000;0,44541000;-1,3
2021-05-27T00:00:00+00:00;ASD/USD;0,45857000;0,45911000;0,44973000;0,45122000;-1,63
2021-05-26T00:00:00+00:00;ASD/USD;0,46428000;0,46795000;0,45501000;0,45857000;-1,25
2021-05-25T00:00:00+00:00;ASD/USD;0,45925000;0,50357000;0,45691000;0,46428000;1,08
2021-05-24T00:00:00+00:00;ASD/USD;0,42486000;0,46144000;0,41383000;0,45925000;7,49
2021-05-23T00:00:00+00:00;ASD/USD;0,48622000;0,48842000;0,41632000;0,42486000;-14,44
2021-05-22T00:00:00+00:00;ASD/USD;0,50357000;0,51057000;0,47925000;0,48622000;-3,57
2021-05-21T00:00:00+00:00;ASD/USD;0,55902000;0,57000000;0,50357000;0,50357000;-11,01
2021-05-20T00:00:00+00:00;ASD/USD;0,55688000;0,56000000;0,53894000;0,55902000;0,38
2021-05-19T00:00:00+00:00;ASD/USD;0,66847000;0,67616000;0,52915000;0,55688000;-20,04
2021-05-18T00:00:00+00:00;ASD/USD;0,63452000;0,67627000;0,62583000;0,66847000;5,08
2021-05-17T00:00:00+00:00;ASD/USD;0,70484000;0,72409000;0,61650000;0,63452000;-11,08
2021-05-16T00:00:00+00:00;ASD/USD;0,73906000;0,74696000;0,69995000;0,70484000;-4,86
2021-05-15T00:00:00+00:00;ASD/USD;0,76531000;0,76719000;0,73867000;0,73906000;-3,55
2021-05-14T00:00:00+00:00;ASD/USD;0,77774000;0,78431000;0,76083000;0,76531000;-1,62
2021-05-13T00:00:00+00:00;ASD/USD;0,84660000;0,84805000;0,72794000;0,77774000;-8,85
2021-05-12T00:00:00+00:00;ASD/USD;0,89366000;0,90959000;0,84598000;0,84660000;-5,56
2021-05-11T00:00:00+00:00;ASD/USD;0,84937000;0,89588000;0,84292000;0,89366000;4,96
2021-05-10T00:00:00+00:00;ASD/USD;0,85624000;0,86942000;0,82698000;0,84937000;-0,81
2021-05-09T00:00:00+00:00;ASD/USD;0,88345000;0,88463000;0,84456000;0,85624000;-3,18
2021-05-08T00:00:00+00:00;ASD/USD;0,87488000;0,89371000;0,86503000;0,88424000;1,06
2021-05-07T00:00:00+00:00;ASD/USD;0,86404000;0,90752000;0,85104000;0,87488000;1,24
2021-05-06T00:00:00+00:00;ASD/USD;0,86466000;0,93172000;0,85574000;0,86404000;-0,07
2021-05-05T00:00:00+00:00;ASD/USD;0,87865000;0,96318000;0,85441000;0,86466000;-1,62
2021-05-04T00:00:00+00:00;ASD/USD;0,91482000;0,91932000;0,86245000;0,87865000;-4,12
2021-05-03T00:00:00+00:00;ASD/USD;0,92692000;0,97346000;0,90879000;0,91482000;-1,32
2021-05-02T00:00:00+00:00;ASD/USD;0,98003000;0,98919000;0,92425000;0,92692000;-5,73
2021-05-01T00:00:00+00:00;ASD/USD;0,88787000;0,98332000;0,88558000;0,98003000;9,4
2021-04-30T00:00:00+00:00;ASD/USD;0,83051000;0,88858000;0,82679000;0,88787000;6,46
2021-04-29T00:00:00+00:00;ASD/USD;0,88801000;0,89005000;0,82592000;0,83051000;-6,92
2021-04-28T00:00:00+00:00;ASD/USD;0,91296000;0,92109000;0,88392000;0,88801000;-2,81
2021-04-27T00:00:00+00:00;ASD/USD;0,90252000;0,95120000;0,89829000;0,91296000;1,14
2021-04-26T00:00:00+00:00;ASD/USD;0,86887000;0,91044000;0,85952000;0,90252000;3,73
2021-04-25T00:00:00+00:00;ASD/USD;0,93035000;0,93139000;0,85541000;0,86887000;-7,08
2021-04-24T00:00:00+00:00;ASD/USD;0,95181000;0,95994000;0,92727000;0,93035000;-2,31
2021-04-23T00:00:00+00:00;ASD/USD;1,08997000;1,09102000;0,92138000;0,95181000;-14,52
2021-04-22T00:00:00+00:00;ASD/USD;1,18225000;1,24254000;1,08005000;1,08997000;-8,47
2021-04-21T00:00:00+00:00;ASD/USD;1,13498000;1,26655000;1,13329000;1,18225000;4,0
2021-04-20T00:00:00+00:00;ASD/USD;1,13052000;1,14000000;1,04209000;1,13498000;0,39
2021-04-19T00:00:00+00:00;ASD/USD;1,13755000;1,25952000;1,10032000;1,13052000;-0,62
2021-04-18T00:00:00+00:00;ASD/USD;1,37506000;1,38510000;1,05333000;1,13755000;-20,88
2021-04-17T00:00:00+00:00;ASD/USD;1,42284000;1,43362000;1,29278000;1,37506000;-3,47
2021-04-16T00:00:00+00:00;ASD/USD;1,33949000;1,42602000;1,26999000;1,42284000;5,86
2021-04-15T00:00:00+00:00;ASD/USD;1,28827000;1,34160000;1,27637000;1,33949000;3,82
2021-04-14T00:00:00+00:00;ASD/USD;1,31098000;1,37940000;1,25362000;1,28827000;-1,76
2021-04-13T00:00:00+00:00;ASD/USD;1,42200000;1,42483000;1,25000000;1,31098000;-8,47
2021-04-12T00:00:00+00:00;ASD/USD;1,23791000;1,50000000;1,22940000;1,42200000;12,95
2021-04-11T00:00:00+00:00;ASD/USD;1,25073000;1,26007000;1,20008000;1,23791000;-1,04
2021-04-10T00:00:00+00:00;ASD/USD;1,22970000;1,26287000;1,20411000;1,25073000;1,68
2021-04-09T00:00:00+00:00;ASD/USD;1,23738000;1,27519000;1,22000000;1,22970000;-0,62
2021-04-08T00:00:00+00:00;ASD/USD;1,24107000;1,27347000;1,22224000;1,23738000;-0,3
2021-04-07T00:00:00+00:00;ASD/USD;1,29027000;1,37220000;1,23053000;1,24107000;-3,96
2021-04-06T00:00:00+00:00;ASD/USD;1,26267000;1,29574000;1,17235000;1,29027000;2,14
2021-04-05T00:00:00+00:00;ASD/USD;1,34773000;1,35433000;1,20000000;1,26267000;-6,74
2021-04-04T00:00:00+00:00;ASD/USD;1,12302000;1,39156000;1,11839000;1,34773000;16,67
2021-04-03T00:00:00+00:00;ASD/USD;1,26143000;1,27465000;1,08430000;1,12302000;-12,32
2021-04-02T00:00:00+00:00;ASD/USD;1,38560000;1,55000000;1,22822000;1,26143000;-9,84
2021-04-01T00:00:00+00:00;ASD/USD;1,66155000;1,66689000;1,23188000;1,38560000;-19,92
2021-03-31T00:00:00+00:00;ASD/USD;1,68597000;1,73651000;1,63451000;1,66155000;-1,47
2021-03-30T00:00:00+00:00;ASD/USD;1,92006000;1,92007000;1,48373000;1,68597000;-13,88
2021-03-29T00:00:00+00:00;ASD/USD;1,95438000;2,21000000;1,88099000;1,92006000;-1,79
2021-03-28T00:00:00+00:00;ASD/USD;3,08481000;3,13091000;1,66777000;1,95438000;-57,84
2021-03-27T00:00:00+00:00;ASD/USD;2,55002000;3,27001000;2,27786000;3,08481000;17,34
2021-03-26T00:00:00+00:00;ASD/USD;1,82131000;2,61250000;1,66120000;2,55531000;28,72
2021-03-25T00:00:00+00:00;ASD/USD;1,84223000;1,87896000;1,70502000;1,82131000;-1,15
2021-03-24T00:00:00+00:00;ASD/USD;2,11507000;2,13363000;1,76800000;1,84223000;-14,81
2021-03-23T00:00:00+00:00;ASD/USD;1,74683000;2,19890000;1,74000000;2,11507000;17,41
2021-03-22T00:00:00+00:00;ASD/USD;1,64309000;1,84649000;1,59737000;1,74683000;5,94
2021-03-21T00:00:00+00:00;ASD/USD;1,48417000;1,70088000;1,42100000;1,64309000;9,67
2021-03-20T00:00:00+00:00;ASD/USD;1,27067000;1,55629000;1,24989000;1,48417000;14,39
2021-03-19T00:00:00+00:00;ASD/USD;1,28945000;1,41141000;1,09500000;1,27067000;-1,48
2021-03-18T00:00:00+00:00;ASD/USD;1,20049000;1,40972000;1,13266000;1,28945000;6,9
2021-03-17T00:00:00+00:00;ASD/USD;1,19880000;1,31637000;1,07013000;1,20070000;0,16
2021-03-16T00:00:00+00:00;ASD/USD;1,23878000;1,44019000;1,14654000;1,19880000;-3,34
2021-03-15T00:00:00+00:00;ASD/USD;1,26034000;1,35500000;1,09000000;1,23878000;-1,74
2021-03-14T00:00:00+00:00;ASD/USD;1,37499000;1,48255000;1,21203000;1,26034000;-9,1
2021-03-13T00:00:00+00:00;ASD/USD;1,17028000;1,44962000;1,03800000;1,37499000;14,89
2021-03-12T00:00:00+00:00;ASD/USD;1,07522000;1,35918000;1,06690000;1,17028000;8,12
2021-03-11T00:00:00+00:00;ASD/USD;0,98820000;1,21202000;0,92762000;1,07522000;8,09
2021-03-10T00:00:00+00:00;ASD/USD;0,85612000;1,04000000;0,77800000;0,98820000;13,37
2021-03-09T00:00:00+00:00;ASD/USD;0,74223000;0,89200000;0,73402000;0,85612000;13,3
2021-03-08T00:00:00+00:00;ASD/USD;0,77417000;0,79593000;0,72100000;0,74223000;-4,3
2021-03-07T00:00:00+00:00;ASD/USD;0,72622000;0,84000000;0,72622000;0,77417000;6,19
2021-03-06T00:00:00+00:00;ASD/USD;0,68173000;0,77332000;0,67998000;0,72622000;6,13
2021-03-05T00:00:00+00:00;ASD/USD;0,69383000;0,70472000;0,63000000;0,68173000;-1,77
2021-03-04T00:00:00+00:00;ASD/USD;0,70791000;0,76999000;0,66049000;0,69383000;-2,03
2021-03-03T00:00:00+00:00;ASD/USD;0,70065000;0,79499000;0,68860000;0,70791000;1,03
2021-03-02T00:00:00+00:00;ASD/USD;0,65623000;0,71616000;0,65190000;0,70065000;6,34
2021-03-01T00:00:00+00:00;ASD/USD;0,54328000;0,68250000;0,53088000;0,65623000;17,21
2021-02-28T00:00:00+00:00;ASD/USD;0,70023000;0,71677000;0,48010000;0,54328000;-28,89
2021-02-27T00:00:00+00:00;ASD/USD;0,72009000;0,79500000;0,67300000;0,70023000;-2,84
2021-02-26T00:00:00+00:00;ASD/USD;0,69397000;0,74795000;0,67100000;0,72009000;3,63
2021-02-25T00:00:00+00:00;ASD/USD;0,75372000;0,78010000;0,67100000;0,69397000;-8,61
2021-02-24T00:00:00+00:00;ASD/USD;0,47873000;0,82751000;0,47873000;0,75372000;36,48
2021-02-23T00:00:00+00:00;ASD/USD;0,53723000;0,55198000;0,45601000;0,47873000;-12,22
2021-02-22T00:00:00+00:00;ASD/USD;0,57475000;0,57711000;0,52673000;0,53723000;-6,98
2021-02-21T00:00:00+00:00;ASD/USD;0,53307000;0,57990000;0,53150000;0,57475000;7,25
2021-02-20T00:00:00+00:00;ASD/USD;0,51988000;0,56100000;0,50936000;0,53307000;2,47
2021-02-19T00:00:00+00:00;ASD/USD;0,43968000;0,52645000;0,40844000;0,51988000;15,43
2021-02-18T00:00:00+00:00;ASD/USD;0,33473000;0,47100000;0,33300000;0,43968000;23,87
2021-02-17T00:00:00+00:00;ASD/USD;0,27508000;0,38052000;0,27000000;0,33473000;17,82
2021-02-16T00:00:00+00:00;ASD/USD;0,27122000;0,28739000;0,23698000;0,27508000;1,4
2021-02-15T00:00:00+00:00;ASD/USD;0,28977000;0,29122000;0,27122000;0,27122000;-6,84
2021-02-14T00:00:00+00:00;ASD/USD;0,29005000;0,29600000;0,27800000;0,28977000;-0,1
2021-02-13T00:00:00+00:00;ASD/USD;0,29773000;0,29941000;0,28200000;0,29005000;-2,65
2021-02-12T00:00:00+00:00;ASD/USD;0,31352000;0,32201000;0,26009000;0,29773000;-5,3
2021-02-11T00:00:00+00:00;ASD/USD;0,27000000;0,32167000;0,26800000;0,31352000;13,88
2021-02-10T00:00:00+00:00;ASD/USD;0,25008000;0,28345000;0,23455000;0,27000000;7,38
2021-02-09T00:00:00+00:00;ASD/USD;0,21000000;0,28290000;0,20772000;0,25008000;16,03
2021-02-08T00:00:00+00:00;ASD/USD;0,17450000;0,21044000;0,17100000;0,21000000;16,9
2021-02-07T00:00:00+00:00;ASD/USD;0,16443000;0,17724000;0,16243000;0,17450000;5,77
2021-02-06T00:00:00+00:00;ASD/USD;0,14746000;0,16952000;0,14692000;0,16443000;10,32
2021-02-05T00:00:00+00:00;ASD/USD;0,13260000;0,14866000;0,13100000;0,14746000;10,08
2021-02-04T00:00:00+00:00;ASD/USD;0,10039000;0,14060000;0,09950000;0,13260000;24,29
2021-02-03T00:00:00+00:00;ASD/USD;0,08041000;0,11631000;0,07980000;0,10039000;19,9
2021-02-02T00:00:00+00:00;ASD/USD;0,06582000;0,08267000;0,06580000;0,08041000;18,14
2021-02-01T00:00:00+00:00;ASD/USD;0,06588000;0,06665000;0,06386000;0,06582000;-0,09
2021-01-31T00:00:00+00:00;ASD/USD;0,06651000;0,06722000;0,06551000;0,06587000;-0,97
2021-01-30T00:00:00+00:00;ASD/USD;0,06201000;0,06734000;0,06200000;0,06651000;6,77
2021-01-29T00:00:00+00:00;ASD/USD;0,05675000;0,06410000;0,05397000;0,06201000;8,48
2021-01-28T00:00:00+00:00;ASD/USD;0,05641000;0,05789000;0,05561000;0,05675000;0,6
2021-01-27T00:00:00+00:00;ASD/USD;0,05808000;0,06006000;0,05610000;0,05641000;-2,96
2021-01-26T00:00:00+00:00;ASD/USD;0,06050000;0,06063000;0,05385000;0,05818000;-3,99
2021-01-25T00:00:00+00:00;ASD/USD;0,06518000;0,06518000;0,05769000;0,06050000;-7,74
2021-01-24T00:00:00+00:00;ASD/USD;0,06590000;0,07347000;0,06450000;0,06518000;-1,1
2021-01-23T00:00:00+00:00;ASD/USD;0,06603000;0,06958000;0,06479000;0,06590000;-0,2
2021-01-22T00:00:00+00:00;ASD/USD;0,06550000;0,07244000;0,06450000;0,06603000;0,8
2021-01-21T00:00:00+00:00;ASD/USD;0,06779000;0,06904000;0,06480000;0,06550000;-3,5
2021-01-20T00:00:00+00:00;ASD/USD;0,06973000;0,07050000;0,06605000;0,06779000;-2,86
2021-01-19T00:00:00+00:00;ASD/USD;0,07241000;0,07276000;0,06818000;0,06973000;-3,84
2021-01-18T00:00:00+00:00;ASD/USD;0,07141000;0,07600000;0,06920000;0,07241000;1,38
2021-01-17T00:00:00+00:00;ASD/USD;0,07367000;0,07516000;0,06946000;0,07141000;-3,16
2021-01-16T00:00:00+00:00;ASD/USD;0,06537000;0,07742000;0,06510000;0,07367000;11,27
2021-01-15T00:00:00+00:00;ASD/USD;0,06636000;0,06903000;0,06480000;0,06537000;-1,51
2021-01-14T00:00:00+00:00;ASD/USD;0,06365000;0,07000000;0,06300000;0,06636000;4,08
2021-01-13T00:00:00+00:00;ASD/USD;0,06055000;0,06826000;0,05988000;0,06365000;4,87
2021-01-12T00:00:00+00:00;ASD/USD;0,05197000;0,06445000;0,05091000;0,06055000;14,17
2021-01-11T00:00:00+00:00;ASD/USD;0,05471000;0,05623000;0,04911000;0,05197000;-5,27
2021-01-10T00:00:00+00:00;ASD/USD;0,05507000;0,06662000;0,04675000;0,05471000;-0,66
2021-01-09T00:00:00+00:00;ASD/USD;0,05949000;0,06216000;0,05373000;0,05507000;-8,03
2021-01-08T00:00:00+00:00;ASD/USD;0,03965000;0,07500000;0,03873000;0,05949000;33,35
2021-01-07T00:00:00+00:00;ASD/USD;0,03838000;0,04211000;0,03712000;0,03976000;3,47
2021-01-06T00:00:00+00:00;ASD/USD;0,03700000;0,03865000;0,03613000;0,03838000;3,6
2021-01-05T00:00:00+00:00;ASD/USD;0,03618000;0,03889000;0,03522000;0,03700000;2,22
2021-01-04T00:00:00+00:00;ASD/USD;0,03587000;0,03740000;0,03503000;0,03618000;0,86
2021-01-03T00:00:00+00:00;ASD/USD;0,03653000;0,03704000;0,03421000;0,03587000;-1,84
2021-01-02T00:00:00+00:00;ASD/USD;0,03637000;0,03716000;0,03614000;0,03653000;0,44
2021-01-01T00:00:00+00:00;ASD/USD;0,03640000;0,03722000;0,02949000;0,03637000;-0,08
2020-12-31T00:00:00+00:00;ASD/USD;0,03657000;0,03674000;0,03582000;0,03640000;-0,47
2020-12-30T00:00:00+00:00;ASD/USD;0,03608000;0,03697000;0,03591000;0,03657000;1,34
2020-12-29T00:00:00+00:00;ASD/USD;0,03636000;0,03656000;0,03593000;0,03608000;-0,78
2020-12-28T00:00:00+00:00;ASD/USD;0,03654000;0,03693000;0,03602000;0,03636000;-0,5
2020-12-27T00:00:00+00:00;ASD/USD;0,03589000;0,03724000;0,03527000;0,03654000;1,78
2020-12-26T00:00:00+00:00;ASD/USD;0,03584000;0,03633000;0,03527000;0,03589000;0,14
2020-12-25T00:00:00+00:00;ASD/USD;0,03693000;0,03966000;0,03569000;0,03584000;-3,04
2020-12-24T00:00:00+00:00;ASD/USD;0,03735000;0,03770000;0,03280000;0,03693000;-1,14
2020-12-23T00:00:00+00:00;ASD/USD;0,03812000;0,03827000;0,03699000;0,03735000;-2,06
2020-12-22T00:00:00+00:00;ASD/USD;0,03819000;0,03875000;0,03762000;0,03812000;-0,18
2020-12-21T00:00:00+00:00;ASD/USD;0,03894000;0,03894000;0,03750000;0,03818000;-1,99
2020-12-20T00:00:00+00:00;ASD/USD;0,03850000;0,03903000;0,03833000;0,03894000;1,13
2020-12-19T00:00:00+00:00;ASD/USD;0,03882000;0,03939000;0,03806000;0,03850000;-0,83
2020-12-18T00:00:00+00:00;ASD/USD;0,03866000;0,03905000;0,03807000;0,03882000;0,41
2020-12-17T00:00:00+00:00;ASD/USD;0,04121000;0,04220000;0,03689000;0,03866000;-6,6
2020-12-16T00:00:00+00:00;ASD/USD;0,04284000;0,04354000;0,04069000;0,04121000;-3,96
2020-12-15T00:00:00+00:00;ASD/USD;0,03876000;0,04447000;0,03876000;0,04284000;9,52
2020-12-14T00:00:00+00:00;ASD/USD;0,03890000;0,04082000;0,03820000;0,03876000;-0,36
2020-12-13T00:00:00+00:00;ASD/USD;0,03742000;0,04129000;0,03735000;0,03890000;3,8
2020-12-12T00:00:00+00:00;ASD/USD;0,03691000;0,03834000;0,03616000;0,03742000;1,36
2020-12-11T00:00:00+00:00;ASD/USD;0,03624000;0,03813000;0,03534000;0,03691000;1,82
2020-12-10T00:00:00+00:00;ASD/USD;0,04017000;0,04018000;0,03509000;0,03624000;-10,84
2020-12-09T00:00:00+00:00;ASD/USD;0,04081000;0,04113000;0,03884000;0,04017000;-1,59
2020-12-08T00:00:00+00:00;ASD/USD;0,04170000;0,04206000;0,04073000;0,04081000;-2,18
2020-12-07T00:00:00+00:00;ASD/USD;0,04285000;0,04357000;0,04114000;0,04170000;-2,76
2020-12-06T00:00:00+00:00;ASD/USD;0,03958000;0,04549000;0,03877000;0,04285000;7,63
2020-12-05T00:00:00+00:00;ASD/USD;0,03871000;0,03996000;0,03855000;0,03958000;2,2
2020-12-04T00:00:00+00:00;ASD/USD;0,03882000;0,03988000;0,03850000;0,03871000;-0,28
2020-12-03T00:00:00+00:00;ASD/USD;0,03834000;0,03974000;0,03794000;0,03882000;1,24
2020-12-02T00:00:00+00:00;ASD/USD;0,03783000;0,03845000;0,03738000;0,03834000;1,33
2020-12-01T00:00:00+00:00;ASD/USD;0,03782000;0,03914000;0,03707000;0,03783000;0,03
2020-11-30T00:00:00+00:00;ASD/USD;0,03781000;0,03854000;0,03687000;0,03782000;0,03
2020-11-29T00:00:00+00:00;ASD/USD;0,03817000;0,03899000;0,03690000;0,03781000;-0,95
2020-11-28T00:00:00+00:00;ASD/USD;0,03705000;0,03829000;0,03684000;0,03817000;2,93
2020-11-27T00:00:00+00:00;ASD/USD;0,03639000;0,03745000;0,03626000;0,03705000;1,78
2020-11-26T00:00:00+00:00;ASD/USD;0,03899000;0,03966000;0,03597000;0,03639000;-7,14
2020-11-25T00:00:00+00:00;ASD/USD;0,03980000;0,03995000;0,03867000;0,03899000;-2,08
2020-11-24T00:00:00+00:00;ASD/USD;0,03891000;0,04138000;0,03860000;0,03980000;2,24
2020-11-23T00:00:00+00:00;ASD/USD;0,03896000;0,03979000;0,03855000;0,03891000;-0,13
2020-11-22T00:00:00+00:00;ASD/USD;0,03910000;0,03951000;0,03746000;0,03896000;-0,36
2020-11-21T00:00:00+00:00;ASD/USD;0,03762000;0,03957000;0,03735000;0,03910000;3,79
2020-11-20T00:00:00+00:00;ASD/USD;0,03657000;0,03942000;0,03644000;0,03762000;2,79
2020-11-19T00:00:00+00:00;ASD/USD;0,03629000;0,03689000;0,03583000;0,03657000;0,77
2020-11-18T00:00:00+00:00;ASD/USD;0,03591000;0,03716000;0,03567000;0,03629000;1,05
2020-11-17T00:00:00+00:00;ASD/USD;0,03530000;0,03679000;0,03530000;0,03591000;1,7
2020-11-16T00:00:00+00:00;ASD/USD;0,03551000;0,03681000;0,03521000;0,03530000;-0,59
2020-11-15T00:00:00+00:00;ASD/USD;0,03751000;0,03807000;0,03542000;0,03551000;-5,63
2020-11-14T00:00:00+00:00;ASD/USD;0,03803000;0,03854000;0,03695000;0,03751000;-1,39
2020-11-13T00:00:00+00:00;ASD/USD;0,03780000;0,03919000;0,03753000;0,03803000;0,6
2020-11-12T00:00:00+00:00;ASD/USD;0,03728000;0,03943000;0,03726000;0,03780000;1,38
2020-11-11T00:00:00+00:00;ASD/USD;0,03927000;0,04518000;0,03691000;0,03728000;-5,34
2020-11-10T00:00:00+00:00;ASD/USD;0,03601000;0,04050000;0,03579000;0,03927000;8,3
2020-11-09T00:00:00+00:00;ASD/USD;0,03358000;0,03639000;0,03358000;0,03601000;6,75
2020-11-08T00:00:00+00:00;ASD/USD;0,03712000;0,03737000;0,03251000;0,03358000;-10,54
2020-11-07T00:00:00+00:00;ASD/USD;0,03934000;0,04001000;0,03710000;0,03715000;-5,9
2020-11-06T00:00:00+00:00;ASD/USD;0,03834000;0,04105000;0,03826000;0,03934000;2,54
2020-11-05T00:00:00+00:00;ASD/USD;0,03851000;0,04027000;0,03833000;0,03834000;-0,44
2020-11-04T00:00:00+00:00;ASD/USD;0,03999000;0,04001000;0,03846000;0,03851000;-3,84
2020-11-03T00:00:00+00:00;ASD/USD;0,04060000;0,04104000;0,03981000;0,03999000;-1,53
2020-11-02T00:00:00+00:00;ASD/USD;0,04270000;0,04304000;0,04046000;0,04060000;-5,17
2020-11-01T00:00:00+00:00;ASD/USD;0,04096000;0,04272000;0,04082000;0,04270000;4,07
2020-10-31T00:00:00+00:00;ASD/USD;0,04064000;0,04257000;0,04064000;0,04096000;0,78
2020-10-30T00:00:00+00:00;ASD/USD;0,04050000;0,04146000;0,04019000;0,04064000;0,34
2020-10-29T00:00:00+00:00;ASD/USD;0,04005000;0,04210000;0,04001000;0,04050000;1,11
2020-10-28T00:00:00+00:00;ASD/USD;0,03972000;0,04005000;0,03956000;0,04005000;0,82
2020-10-27T00:00:00+00:00;ASD/USD;0,04038000;0,04059000;0,03954000;0,03972000;-1,66
2020-10-26T00:00:00+00:00;ASD/USD;0,04079000;0,04157000;0,04021000;0,04038000;-1,02
2020-10-25T00:00:00+00:00;ASD/USD;0,04196000;0,04198000;0,04068000;0,04079000;-2,87
2020-10-24T00:00:00+00:00;ASD/USD;0,04095000;0,04225000;0,04085000;0,04196000;2,41
2020-10-23T00:00:00+00:00;ASD/USD;0,04218000;0,04286000;0,04093000;0,04095000;-3,0
2020-10-22T00:00:00+00:00;ASD/USD;0,04251000;0,04321000;0,04176000;0,04218000;-0,78
2020-10-21T00:00:00+00:00;ASD/USD;0,04155000;0,04299000;0,04150000;0,04251000;2,26
2020-10-20T00:00:00+00:00;ASD/USD;0,04206000;0,04326000;0,04122000;0,04155000;-1,23
2020-10-19T00:00:00+00:00;ASD/USD;0,04361000;0,04382000;0,04206000;0,04206000;-3,69
2020-10-18T00:00:00+00:00;ASD/USD;0,04198000;0,04361000;0,04195000;0,04361000;3,74
2020-10-17T00:00:00+00:00;ASD/USD;0,04192000;0,04205000;0,04159000;0,04198000;0,14
2020-10-16T00:00:00+00:00;ASD/USD;0,04492000;0,04498000;0,04192000;0,04192000;-7,16
2020-10-15T00:00:00+00:00;ASD/USD;0,05382000;0,05716000;0,04434000;0,04492000;-19,81
2020-10-14T00:00:00+00:00;ASD/USD;0,05251000;0,05443000;0,05122000;0,05382000;2,43
2020-10-13T00:00:00+00:00;ASD/USD;0,05030000;0,05392000;0,04995000;0,05251000;4,21
2020-10-12T00:00:00+00:00;ASD/USD;0,04827000;0,05096000;0,04796000;0,05030000;4,04
2020-10-11T00:00:00+00:00;ASD/USD;0,04820000;0,04853000;0,04642000;0,04827000;0,15
2020-10-10T00:00:00+00:00;ASD/USD;0,04803000;0,05022000;0,04718000;0,04820000;0,35
2020-10-09T00:00:00+00:00;ASD/USD;0,04654000;0,04804000;0,04552000;0,04803000;3,1
2020-10-08T00:00:00+00:00;ASD/USD;0,04382000;0,04704000;0,04366000;0,04654000;5,84
2020-10-07T00:00:00+00:00;ASD/USD;0,04323000;0,04395000;0,04215000;0,04382000;1,35
2020-10-06T00:00:00+00:00;ASD/USD;0,04504000;0,04525000;0,04321000;0,04323000;-4,19
2020-10-05T00:00:00+00:00;ASD/USD;0,04478000;0,04540000;0,04474000;0,04504000;0,58
2020-10-04T00:00:00+00:00;ASD/USD;0,04501000;0,04519000;0,04426000;0,04478000;-0,51
2020-10-03T00:00:00+00:00;ASD/USD;0,04425000;0,04567000;0,04424000;0,04501000;1,69
2020-10-02T00:00:00+00:00;ASD/USD;0,04457000;0,04549000;0,04318000;0,04425000;-0,72
2020-10-01T00:00:00+00:00;ASD/USD;0,04551000;0,04718000;0,04411000;0,04457000;-2,11
2020-09-30T00:00:00+00:00;ASD/USD;0,04542000;0,04619000;0,04532000;0,04551000;0,2
2020-09-29T00:00:00+00:00;ASD/USD;0,04554000;0,04560000;0,04454000;0,04542000;-0,26
2020-09-28T00:00:00+00:00;ASD/USD;0,04410000;0,04624000;0,04402000;0,04554000;3,16
2020-09-27T00:00:00+00:00;ASD/USD;0,04509000;0,04567000;0,04360000;0,04410000;-2,24
2020-09-26T00:00:00+00:00;ASD/USD;0,04865000;0,04868000;0,04424000;0,04509000;-7,9
2020-09-25T00:00:00+00:00;ASD/USD;0,04408000;0,04957000;0,04158000;0,04865000;9,39
2020-09-24T00:00:00+00:00;ASD/USD;0,04213000;0,04417000;0,04139000;0,04408000;4,42
2020-09-23T00:00:00+00:00;ASD/USD;0,04099000;0,04536000;0,04095000;0,04213000;2,71
2020-09-22T00:00:00+00:00;ASD/USD;0,04326000;0,04352000;0,04097000;0,04099000;-5,54
2020-09-21T00:00:00+00:00;ASD/USD;0,04609000;0,04915000;0,04317000;0,04326000;-6,54
2020-09-20T00:00:00+00:00;ASD/USD;0,05451000;0,05479000;0,04604000;0,04609000;-18,27
2020-09-19T00:00:00+00:00;ASD/USD;0,04989000;0,05451000;0,04989000;0,05451000;8,48
2020-09-18T00:00:00+00:00;ASD/USD;0,05123000;0,05257000;0,04923000;0,04989000;-2,69
2020-09-17T00:00:00+00:00;ASD/USD;0,04844000;0,05941000;0,04824000;0,05123000;5,45
2020-09-16T00:00:00+00:00;ASD/USD;0,05579000;0,05593000;0,04844000;0,04844000;-15,17
2020-09-15T00:00:00+00:00;ASD/USD;0,05589000;0,05610000;0,05509000;0,05579000;-0,18
2020-09-14T00:00:00+00:00;ASD/USD;0,05725000;0,05740000;0,05580000;0,05589000;-2,43
2020-09-13T00:00:00+00:00;ASD/USD;0,05703000;0,05851000;0,05642000;0,05725000;0,38
2020-09-12T00:00:00+00:00;ASD/USD;0,05741000;0,05868000;0,05612000;0,05703000;-0,67
2020-09-11T00:00:00+00:00;ASD/USD;0,05788000;0,05950000;0,05600000;0,05741000;-0,82
2020-09-10T00:00:00+00:00;ASD/USD;0,06421000;0,06503000;0,05626000;0,05788000;-10,94
2020-09-09T00:00:00+00:00;ASD/USD;0,05845000;0,06501000;0,05734000;0,06421000;8,97
2020-09-08T00:00:00+00:00;ASD/USD;0,05822000;0,06192000;0,05666000;0,05845000;0,39
2020-09-07T00:00:00+00:00;ASD/USD;0,06057000;0,06070000;0,05608000;0,05822000;-4,04
2020-09-06T00:00:00+00:00;ASD/USD;0,06424000;0,06426000;0,05720000;0,06057000;-6,06
2020-09-05T00:00:00+00:00;ASD/USD;0,05714000;0,06900000;0,05572000;0,06424000;11,05
2020-09-04T00:00:00+00:00;ASD/USD;0,05747000;0,06076000;0,05566000;0,05714000;-0,58
2020-09-03T00:00:00+00:00;ASD/USD;0,06997000;0,07134000;0,05737000;0,05747000;-21,75
2020-09-02T00:00:00+00:00;ASD/USD;0,07505000;0,07534000;0,06671000;0,06997000;-7,26
2020-09-01T00:00:00+00:00;ASD/USD;0,07399000;0,07531000;0,07310000;0,07505000;1,41
2020-08-31T00:00:00+00:00;ASD/USD;0,07395000;0,07544000;0,07355000;0,07399000;0,05
2020-08-30T00:00:00+00:00;ASD/USD;0,07272000;0,07404000;0,07058000;0,07395000;1,66
2020-08-29T00:00:00+00:00;ASD/USD;0,07014000;0,07294000;0,06902000;0,07272000;3,55
2020-08-28T00:00:00+00:00;ASD/USD;0,06809000;0,07313000;0,06800000;0,07014000;2,92
2020-08-27T00:00:00+00:00;ASD/USD;0,06897000;0,06952000;0,06771000;0,06809000;-1,29
2020-08-26T00:00:00+00:00;ASD/USD;0,06714000;0,06943000;0,06702000;0,06897000;2,65
2020-08-25T00:00:00+00:00;ASD/USD;0,06987000;0,07044000;0,06571000;0,06714000;-4,07
2020-08-24T00:00:00+00:00;ASD/USD;0,07145000;0,07198000;0,06979000;0,06987000;-2,26
2020-08-23T00:00:00+00:00;ASD/USD;0,06810000;0,07400000;0,06801000;0,07145000;4,69
2020-08-22T00:00:00+00:00;ASD/USD;0,06605000;0,06823000;0,06183000;0,06810000;3,01
2020-08-21T00:00:00+00:00;ASD/USD;0,07564000;0,07588000;0,06603000;0,06605000;-14,52
2020-08-20T00:00:00+00:00;ASD/USD;0,07707000;0,07769000;0,07469000;0,07564000;-1,89
2020-08-19T00:00:00+00:00;ASD/USD;0,07956000;0,08230000;0,07621000;0,07707000;-3,23
2020-08-18T00:00:00+00:00;ASD/USD;0,07954000;0,08332000;0,07916000;0,07956000;0,03
2020-08-17T00:00:00+00:00;ASD/USD;0,07713000;0,07983000;0,07537000;0,07954000;3,03
2020-08-16T00:00:00+00:00;ASD/USD;0,07825000;0,07827000;0,07630000;0,07713000;-1,45
2020-08-15T00:00:00+00:00;ASD/USD;0,07939000;0,07971000;0,07759000;0,07825000;-1,46
2020-08-14T00:00:00+00:00;ASD/USD;0,07808000;0,08010000;0,07751000;0,07939000;1,65
2020-08-13T00:00:00+00:00;ASD/USD;0,08041000;0,08239000;0,07742000;0,07808000;-2,98
2020-08-12T00:00:00+00:00;ASD/USD;0,06948000;0,08064000;0,06917000;0,08041000;13,59
2020-08-11T00:00:00+00:00;ASD/USD;0,06782000;0,07073000;0,06341000;0,06948000;2,39
2020-08-10T00:00:00+00:00;ASD/USD;0,07077000;0,07153000;0,06748000;0,06782000;-4,35
2020-08-09T00:00:00+00:00;ASD/USD;0,07265000;0,07308000;0,07013000;0,07077000;-2,66
2020-08-08T00:00:00+00:00;ASD/USD;0,06831000;0,07273000;0,06829000;0,07265000;5,97
2020-08-07T00:00:00+00:00;ASD/USD;0,07315000;0,07408000;0,06639000;0,06831000;-7,09
2020-08-06T00:00:00+00:00;ASD/USD;0,07553000;0,07582000;0,06518000;0,07315000;-3,25
2020-08-05T00:00:00+00:00;ASD/USD;0,06993000;0,07596000;0,06961000;0,07553000;7,41
2020-08-04T00:00:00+00:00;ASD/USD;0,06555000;0,06996000;0,06416000;0,06993000;6,26
2020-08-03T00:00:00+00:00;ASD/USD;0,05730000;0,06556000;0,05685000;0,06555000;12,59
2020-08-02T00:00:00+00:00;ASD/USD;0,05624000;0,05743000;0,05403000;0,05730000;1,85
2020-08-01T00:00:00+00:00;ASD/USD;0,05032000;0,05627000;0,05029000;0,05624000;10,53
2020-07-31T00:00:00+00:00;ASD/USD;0,05010000;0,05106000;0,04985000;0,05032000;0,44
2020-07-30T00:00:00+00:00;ASD/USD;0,04997000;0,05038000;0,04959000;0,05010000;0,26
2020-07-29T00:00:00+00:00;ASD/USD;0,04983000;0,05040000;0,04954000;0,04997000;0,28
2020-07-28T00:00:00+00:00;ASD/USD;0,05008000;0,05050000;0,04938000;0,04983000;-0,5
2020-07-27T00:00:00+00:00;ASD/USD;0,04919000;0,05843000;0,03999000;0,05008000;1,78
2020-07-26T00:00:00+00:00;ASD/USD;0,04922000;0,04956000;0,04821000;0,04919000;-0,06
2020-07-25T00:00:00+00:00;ASD/USD;0,04949000;0,05168000;0,04864000;0,04922000;-0,55
2020-07-24T00:00:00+00:00;ASD/USD;0,04882000;0,05700000;0,04757000;0,04949000;1,35
2020-07-23T00:00:00+00:00;ASD/USD;0,05121000;0,05391000;0,04701000;0,04882000;-4,9
2020-07-22T00:00:00+00:00;ASD/USD;0,04602000;0,05821000;0,04437000;0,05121000;10,13
2020-07-21T00:00:00+00:00;ASD/USD;0,04753000;0,04778000;0,04303000;0,04602000;-3,28
2020-07-20T00:00:00+00:00;ASD/USD;0,03743000;0,05388000;0,03725000;0,04753000;21,25
2020-07-19T00:00:00+00:00;ASD/USD;0,03753000;0,03840000;0,03580000;0,03743000;-0,27
2020-07-18T00:00:00+00:00;ASD/USD;0,03657000;0,03758000;0,03649000;0,03753000;2,56
2020-07-17T00:00:00+00:00;ASD/USD;0,03657000;0,03719000;0,03597000;0,03657000;0,0
2020-07-16T00:00:00+00:00;ASD/USD;0,03651000;0,03752000;0,03514000;0,03657000;0,16
2020-07-15T00:00:00+00:00;ASD/USD;0,03692000;0,03705000;0,03628000;0,03651000;-1,12
2020-07-14T00:00:00+00:00;ASD/USD;0,03746000;0,03779000;0,03621000;0,03692000;-1,46
2020-07-13T00:00:00+00:00;ASD/USD;0,03756000;0,03770000;0,03691000;0,03746000;-0,27
2020-07-12T00:00:00+00:00;ASD/USD;0,03780000;0,03815000;0,03700000;0,03756000;-0,64
2020-07-11T00:00:00+00:00;ASD/USD;0,03741000;0,03786000;0,03721000;0,03780000;1,03
2020-07-10T00:00:00+00:00;ASD/USD;0,03723000;0,03743000;0,03711000;0,03741000;0,48
2020-07-09T00:00:00+00:00;ASD/USD;0,03792000;0,03800000;0,03670000;0,03723000;-1,85
2020-07-08T00:00:00+00:00;ASD/USD;0,03752000;0,03834000;0,03673000;0,03792000;1,05
2020-07-07T00:00:00+00:00;ASD/USD;0,03731000;0,03892000;0,03667000;0,03752000;0,56
2020-07-06T00:00:00+00:00;ASD/USD;0,03610000;0,03744000;0,03599000;0,03731000;3,24
2020-07-05T00:00:00+00:00;ASD/USD;0,03682000;0,03706000;0,03585000;0,03610000;-1,99
2020-07-04T00:00:00+00:00;ASD/USD;0,03628000;0,03693000;0,03626000;0,03682000;1,47
2020-07-03T00:00:00+00:00;ASD/USD;0,03676000;0,03687000;0,03628000;0,03628000;-1,32
2020-07-02T00:00:00+00:00;ASD/USD;0,03702000;0,03706000;0,03610000;0,03676000;-0,71
2020-07-01T00:00:00+00:00;ASD/USD;0,03662000;0,03717000;0,03650000;0,03702000;1,08
2020-06-30T00:00:00+00:00;ASD/USD;0,03668000;0,03678000;0,03613000;0,03662000;-0,16
2020-06-29T00:00:00+00:00;ASD/USD;0,03640000;0,03671000;0,03543000;0,03668000;0,76
2020-06-28T00:00:00+00:00;ASD/USD;0,03590000;0,03643000;0,03517000;0,03640000;1,37
2020-06-27T00:00:00+00:00;ASD/USD;0,03700000;0,03700000;0,03557000;0,03590000;-3,06
2020-06-26T00:00:00+00:00;ASD/USD;0,03752000;0,03759000;0,03647000;0,03700000;-1,41
2020-06-25T00:00:00+00:00;ASD/USD;0,03759000;0,03817000;0,03661000;0,03752000;-0,19
2020-06-24T00:00:00+00:00;ASD/USD;0,03878000;0,03888000;0,03704000;0,03759000;-3,17
2020-06-23T00:00:00+00:00;ASD/USD;0,03945000;0,03955000;0,03799000;0,03878000;-1,73
2020-06-22T00:00:00+00:00;ASD/USD;0,03732000;0,03959000;0,03732000;0,03945000;5,4
2020-06-21T00:00:00+00:00;ASD/USD;0,03654000;0,03868000;0,03593000;0,03732000;2,09
2020-06-20T00:00:00+00:00;ASD/USD;0,03688000;0,03738000;0,03621000;0,03654000;-0,93
2020-06-19T00:00:00+00:00;ASD/USD;0,03652000;0,03778000;0,03623000;0,03688000;0,98
2020-06-18T00:00:00+00:00;ASD/USD;0,03693000;0,03693000;0,03615000;0,03652000;-1,12
2020-06-17T00:00:00+00:00;ASD/USD;0,03709000;0,03744000;0,03625000;0,03693000;-0,43
2020-06-16T00:00:00+00:00;ASD/USD;0,03686000;0,03745000;0,03672000;0,03709000;0,62
2020-06-15T00:00:00+00:00;ASD/USD;0,03718000;0,03726000;0,03562000;0,03686000;-0,87
2020-06-14T00:00:00+00:00;ASD/USD;0,03809000;0,03829000;0,03702000;0,03718000;-2,45
2020-06-13T00:00:00+00:00;ASD/USD;0,03777000;0,03842000;0,03731000;0,03809000;0,84
2020-06-12T00:00:00+00:00;ASD/USD;0,03607000;0,03777000;0,03506000;0,03777000;4,5
2020-06-11T00:00:00+00:00;ASD/USD;0,03786000;0,03823000;0,03567000;0,03607000;-4,96
2020-06-10T00:00:00+00:00;ASD/USD;0,03814000;0,03855000;0,03776000;0,03786000;-0,74
2020-06-09T00:00:00+00:00;ASD/USD;0,03804000;0,03888000;0,03804000;0,03814000;0,26
2020-06-08T00:00:00+00:00;ASD/USD;0,03870000;0,03902000;0,03786000;0,03804000;-1,74
2020-06-07T00:00:00+00:00;ASD/USD;0,03786000;0,03880000;0,03720000;0,03870000;2,17
2020-06-06T00:00:00+00:00;ASD/USD;0,03895000;0,03911000;0,03785000;0,03786000;-2,88
2020-06-05T00:00:00+00:00;ASD/USD;0,03837000;0,04048000;0,03809000;0,03895000;1,49
2020-06-04T00:00:00+00:00;ASD/USD;0,03764000;0,03939000;0,03764000;0,03837000;1,9
2020-06-03T00:00:00+00:00;ASD/USD;0,03743000;0,03819000;0,03569000;0,03764000;0,56
2020-06-02T00:00:00+00:00;ASD/USD;0,03868000;0,03917000;0,03680000;0,03743000;-3,34
2020-06-01T00:00:00+00:00;ASD/USD;0,03722000;0,03868000;0,03709000;0,03868000;3,77
2020-05-31T00:00:00+00:00;ASD/USD;0,03881000;0,04054000;0,03712000;0,03722000;-4,27
2020-05-30T00:00:00+00:00;ASD/USD;0,03824000;0,03890000;0,03688000;0,03881000;1,47
2020-05-29T00:00:00+00:00;ASD/USD;0,03789000;0,03885000;0,03779000;0,03836000;1,23
2020-05-28T00:00:00+00:00;ASD/USD;0,03716000;0,03822000;0,03643000;0,03789000;1,93
2020-05-27T00:00:00+00:00;ASD/USD;0,03709000;0,03777000;0,03534000;0,03716000;0,19
2020-05-26T00:00:00+00:00;ASD/USD;0,03567000;0,03922000;0,03535000;0,03709000;3,83
2020-05-25T00:00:00+00:00;ASD/USD;0,03725000;0,03732000;0,03561000;0,03567000;-4,43
2020-05-24T00:00:00+00:00;ASD/USD;0,03842000;0,03947000;0,03697000;0,03725000;-3,14
2020-05-23T00:00:00+00:00;ASD/USD;0,03899000;0,03899000;0,03811000;0,03842000;-1,48
2020-05-22T00:00:00+00:00;ASD/USD;0,03838000;0,03938000;0,03826000;0,03899000;1,56
2020-05-21T00:00:00+00:00;ASD/USD;0,03934000;0,04023000;0,03747000;0,03838000;-2,5
2020-05-20T00:00:00+00:00;ASD/USD;0,04017000;0,04227000;0,03826000;0,03934000;-2,11
2020-05-19T00:00:00+00:00;ASD/USD;0,04118000;0,04180000;0,03873000;0,04017000;-2,51
2020-05-18T00:00:00+00:00;ASD/USD;0,03937000;0,04334000;0,03726000;0,04118000;4,4
2020-05-17T00:00:00+00:00;ASD/USD;0,03859000;0,04088000;0,03834000;0,03937000;1,98
2020-05-16T00:00:00+00:00;ASD/USD;0,03902000;0,04025000;0,03751000;0,03859000;-1,11
2020-05-15T00:00:00+00:00;ASD/USD;0,04081000;0,04411000;0,03836000;0,03902000;-4,59
2020-05-14T00:00:00+00:00;ASD/USD;0,03977000;0,04097000;0,03742000;0,04081000;2,55
2020-05-13T00:00:00+00:00;ASD/USD;0,03798000;0,04300000;0,03798000;0,03977000;4,5
2020-05-12T00:00:00+00:00;ASD/USD;0,03495000;0,03868000;0,03437000;0,03798000;7,98
2020-05-11T00:00:00+00:00;ASD/USD;0,03535000;0,03721000;0,03358000;0,03495000;-1,14
2020-05-10T00:00:00+00:00;ASD/USD;0,03669000;0,03691000;0,03492000;0,03535000;-3,79
2020-05-09T00:00:00+00:00;ASD/USD;0,03836000;0,03860000;0,03647000;0,03680000;-4,24
2020-05-08T00:00:00+00:00;ASD/USD;0,03818000;0,03931000;0,03775000;0,03836000;0,47
2020-05-07T00:00:00+00:00;ASD/USD;0,03844000;0,03895000;0,03763000;0,03818000;-0,68
2020-05-06T00:00:00+00:00;ASD/USD;0,03900000;0,03968000;0,03817000;0,03844000;-1,46
2020-05-05T00:00:00+00:00;ASD/USD;0,03867000;0,03948000;0,03797000;0,03900000;0,85
2020-05-04T00:00:00+00:00;ASD/USD;0,03917000;0,03948000;0,03737000;0,03867000;-1,29
2020-05-03T00:00:00+00:00;ASD/USD;0,03908000;0,03981000;0,03884000;0,03917000;0,23
2020-05-02T00:00:00+00:00;ASD/USD;0,03831000;0,03914000;0,03821000;0,03908000;1,97
2020-05-01T00:00:00+00:00;ASD/USD;0,04123000;0,04123000;0,03613000;0,03831000;-7,62
2020-04-30T00:00:00+00:00;ASD/USD;0,04103000;0,04517000;0,04003000;0,04123000;0,49
2020-04-29T00:00:00+00:00;ASD/USD;0,04055000;0,04204000;0,04042000;0,04103000;1,17
2020-04-28T00:00:00+00:00;ASD/USD;0,04117000;0,04181000;0,04032000;0,04055000;-1,53
2020-04-27T00:00:00+00:00;ASD/USD;0,04123000;0,04168000;0,04082000;0,04117000;-0,15
2020-04-26T00:00:00+00:00;ASD/USD;0,04114000;0,04123000;0,04042000;0,04123000;0,22
2020-04-25T00:00:00+00:00;ASD/USD;0,04067000;0,04123000;0,04062000;0,04114000;1,14
2020-04-24T00:00:00+00:00;ASD/USD;0,04123000;0,04165000;0,04007000;0,04067000;-1,38
2020-04-23T00:00:00+00:00;ASD/USD;0,04082000;0,04207000;0,04040000;0,04123000;0,99
2020-04-22T00:00:00+00:00;ASD/USD;0,03921000;0,04090000;0,03921000;0,04082000;3,94
2020-04-21T00:00:00+00:00;ASD/USD;0,03921000;0,03961000;0,03882000;0,03921000;0,0
2020-04-20T00:00:00+00:00;ASD/USD;0,04100000;0,04123000;0,03907000;0,03921000;-4,57
2020-04-19T00:00:00+00:00;ASD/USD;0,04207000;0,04212000;0,04030000;0,04100000;-2,61
2020-04-18T00:00:00+00:00;ASD/USD;0,03912000;0,04260000;0,03909000;0,04207000;7,01
2020-04-17T00:00:00+00:00;ASD/USD;0,03913000;0,03921000;0,03805000;0,03912000;-0,03
2020-04-16T00:00:00+00:00;ASD/USD;0,03639000;0,03971000;0,03518000;0,03913000;7,0
2020-04-15T00:00:00+00:00;ASD/USD;0,03676000;0,03751000;0,03603000;0,03639000;-1,02
2020-04-14T00:00:00+00:00;ASD/USD;0,03639000;0,03738000;0,03597000;0,03676000;1,01
2020-04-13T00:00:00+00:00;ASD/USD;0,03904000;0,03904000;0,03296000;0,03639000;-7,28
2020-04-12T00:00:00+00:00;ASD/USD;0,03936000;0,04069000;0,03904000;0,03904000;-0,82
2020-04-11T00:00:00+00:00;ASD/USD;0,04105000;0,04146000;0,03875000;0,03936000;-4,29
2020-04-10T00:00:00+00:00;ASD/USD;0,04401000;0,04423000;0,04002000;0,04105000;-7,21
2020-04-09T00:00:00+00:00;ASD/USD;0,04366000;0,04401000;0,04266000;0,04401000;0,8
2020-04-08T00:00:00+00:00;ASD/USD;0,04293000;0,04435000;0,04130000;0,04366000;1,67
2020-04-07T00:00:00+00:00;ASD/USD;0,04197000;0,04382000;0,04178000;0,04293000;2,24
2020-04-06T00:00:00+00:00;ASD/USD;0,04030000;0,04263000;0,04005000;0,04197000;3,98
2020-04-05T00:00:00+00:00;ASD/USD;0,04100000;0,04154000;0,03986000;0,04030000;-1,74
2020-04-04T00:00:00+00:00;ASD/USD;0,04079000;0,04156000;0,03946000;0,04100000;0,51
2020-04-03T00:00:00+00:00;ASD/USD;0,04090000;0,04244000;0,03954000;0,04079000;-0,27
2020-04-02T00:00:00+00:00;ASD/USD;0,03976000;0,04207000;0,03930000;0,04090000;2,79
2020-04-01T00:00:00+00:00;ASD/USD;0,03887000;0,03977000;0,03830000;0,03976000;2,24
2020-03-31T00:00:00+00:00;ASD/USD;0,04018000;0,04080000;0,03767000;0,03887000;-3,37
2020-03-30T00:00:00+00:00;ASD/USD;0,03573000;0,04140000;0,03564000;0,04018000;11,08
2020-03-29T00:00:00+00:00;ASD/USD;0,03642000;0,03667000;0,03540000;0,03573000;-1,93
2020-03-28T00:00:00+00:00;ASD/USD;0,03866000;0,03867000;0,03562000;0,03642000;-6,15
2020-03-27T00:00:00+00:00;ASD/USD;0,03945000;0,04381000;0,03780000;0,03866000;-2,04
2020-03-26T00:00:00+00:00;ASD/USD;0,03965000;0,03988000;0,03664000;0,03945000;-0,51
2020-03-25T00:00:00+00:00;ASD/USD;0,03592000;0,04418000;0,03584000;0,03965000;9,41
2020-03-24T00:00:00+00:00;ASD/USD;0,03310000;0,03592000;0,03283000;0,03592000;7,85
2020-03-23T00:00:00+00:00;ASD/USD;0,03141000;0,03401000;0,03035000;0,03310000;5,11
2020-03-22T00:00:00+00:00;ASD/USD;0,03182000;0,03274000;0,03112000;0,03141000;-1,31
2020-03-21T00:00:00+00:00;ASD/USD;0,03233000;0,03319000;0,02993000;0,03182000;-1,6
2020-03-20T00:00:00+00:00;ASD/USD;0,03208000;0,03603000;0,03104000;0,03233000;0,77
2020-03-19T00:00:00+00:00;ASD/USD;0,02957000;0,03427000;0,02918000;0,03208000;7,82
2020-03-18T00:00:00+00:00;ASD/USD;0,03046000;0,03063000;0,02839000;0,02957000;-3,01
2020-03-17T00:00:00+00:00;ASD/USD;0,02904000;0,03093000;0,02904000;0,03046000;4,66
2020-03-16T00:00:00+00:00;ASD/USD;0,03162000;0,03170000;0,02685000;0,02904000;-8,88
2020-03-15T00:00:00+00:00;ASD/USD;0,02916000;0,03344000;0,02904000;0,03162000;7,78
2020-03-14T00:00:00+00:00;ASD/USD;0,02975000;0,03099000;0,02867000;0,02916000;-2,02
2020-03-13T00:00:00+00:00;ASD/USD;0,02828000;0,03148000;0,02544000;0,02975000;4,94
2020-03-12T00:00:00+00:00;ASD/USD;0,04990000;0,05005000;0,02669000;0,02828000;-76,45
2020-03-11T00:00:00+00:00;ASD/USD;0,05206000;0,05332000;0,04789000;0,04990000;-4,33
2020-03-10T00:00:00+00:00;ASD/USD;0,04900000;0,05455000;0,04900000;0,05206000;5,88
2020-03-09T00:00:00+00:00;ASD/USD;0,05097000;0,05335000;0,04472000;0,04900000;-4,02
2020-03-08T00:00:00+00:00;ASD/USD;0,05785000;0,05800000;0,05095000;0,05097000;-13,5
2020-03-07T00:00:00+00:00;ASD/USD;0,06078000;0,06142000;0,05713000;0,05785000;-5,06
2020-03-06T00:00:00+00:00;ASD/USD;0,06080000;0,06154000;0,06000000;0,06078000;-0,03
2020-03-05T00:00:00+00:00;ASD/USD;0,05830000;0,06139000;0,05830000;0,06080000;4,11
2020-03-04T00:00:00+00:00;ASD/USD;0,05878000;0,06009000;0,05775000;0,05830000;-0,82
2020-03-03T00:00:00+00:00;ASD/USD;0,05879000;0,05943000;0,05790000;0,05878000;-0,02
2020-03-02T00:00:00+00:00;ASD/USD;0,05690000;0,06334000;0,05690000;0,05879000;3,21
2020-03-01T00:00:00+00:00;ASD/USD;0,05823000;0,05884000;0,05557000;0,05690000;-2,34
2020-02-29T00:00:00+00:00;ASD/USD;0,05608000;0,06285000;0,05608000;0,05823000;3,69
2020-02-28T00:00:00+00:00;ASD/USD;0,05898000;0,05957000;0,05427000;0,05608000;-5,17
2020-02-27T00:00:00+00:00;ASD/USD;0,06024000;0,06024000;0,05523000;0,05898000;-2,14
2020-02-26T00:00:00+00:00;ASD/USD;0,07226000;0,07262000;0,05671000;0,06024000;-19,95
2020-02-25T00:00:00+00:00;ASD/USD;0,07374000;0,07650000;0,07226000;0,07226000;-2,05
2020-02-24T00:00:00+00:00;ASD/USD;0,07506000;0,07506000;0,07343000;0,07374000;-1,79
2020-02-23T00:00:00+00:00;ASD/USD;0,07540000;0,07760000;0,07468000;0,07506000;-0,45
2020-02-22T00:00:00+00:00;ASD/USD;0,07661000;0,07681000;0,07516000;0,07540000;-1,6
2020-02-21T00:00:00+00:00;ASD/USD;0,07517000;0,07661000;0,07499000;0,07661000;1,88
2020-02-20T00:00:00+00:00;ASD/USD;0,07485000;0,07581000;0,07410000;0,07517000;0,43
2020-02-19T00:00:00+00:00;ASD/USD;0,07804000;0,07898000;0,07369000;0,07485000;-4,26
2020-02-18T00:00:00+00:00;ASD/USD;0,07659000;0,07884000;0,07577000;0,07804000;1,86
2020-02-17T00:00:00+00:00;ASD/USD;0,07514000;0,07915000;0,07396000;0,07659000;1,89
2020-02-16T00:00:00+00:00;ASD/USD;0,07718000;0,07863000;0,07178000;0,07514000;-2,71
2020-02-15T00:00:00+00:00;ASD/USD;0,08299000;0,08311000;0,07463000;0,07718000;-7,53
2020-02-14T00:00:00+00:00;ASD/USD;0,08599000;0,08628000;0,08055000;0,08299000;-3,61
2020-02-13T00:00:00+00:00;ASD/USD;0,09040000;0,09118000;0,08449000;0,08599000;-5,13
2020-02-12T00:00:00+00:00;ASD/USD;0,09019000;0,09201000;0,08890000;0,09040000;0,23
2020-02-11T00:00:00+00:00;ASD/USD;0,08976000;0,09075000;0,08710000;0,09019000;0,48
2020-02-10T00:00:00+00:00;ASD/USD;0,08945000;0,09015000;0,08435000;0,08976000;0,35
2020-02-09T00:00:00+00:00;ASD/USD;0,08741000;0,09029000;0,08724000;0,08945000;2,28
2020-02-08T00:00:00+00:00;ASD/USD;0,08862000;0,08866000;0,08526000;0,08741000;-1,38
2020-02-07T00:00:00+00:00;ASD/USD;0,08375000;0,08866000;0,08300000;0,08862000;5,5
2020-02-06T00:00:00+00:00;ASD/USD;0,07663000;0,08443000;0,07634000;0,08375000;8,5
2020-02-05T00:00:00+00:00;ASD/USD;0,07434000;0,07886000;0,07400000;0,07663000;2,99
2020-02-04T00:00:00+00:00;ASD/USD;0,07870000;0,07883000;0,07349000;0,07434000;-5,86
2020-02-03T00:00:00+00:00;ASD/USD;0,08277000;0,08376000;0,07238000;0,07870000;-5,17
2020-02-02T00:00:00+00:00;ASD/USD;0,06666000;0,10296000;0,06635000;0,08277000;19,46
2020-02-01T00:00:00+00:00;ASD/USD;0,06541000;0,06671000;0,06525000;0,06666000;1,88
2020-01-31T00:00:00+00:00;ASD/USD;0,06533000;0,06552000;0,06462000;0,06541000;0,12
2020-01-30T00:00:00+00:00;ASD/USD;0,06450000;0,06613000;0,06354000;0,06533000;1,27
2020-01-29T00:00:00+00:00;ASD/USD;0,06410000;0,06552000;0,06252000;0,06450000;0,62
2020-01-28T00:00:00+00:00;ASD/USD;0,06118000;0,06410000;0,06103000;0,06410000;4,56
2020-01-27T00:00:00+00:00;ASD/USD;0,05945000;0,06176000;0,05930000;0,06118000;2,83
2020-01-26T00:00:00+00:00;ASD/USD;0,05866000;0,06005000;0,05859000;0,05945000;1,33
2020-01-25T00:00:00+00:00;ASD/USD;0,05894000;0,05915000;0,05802000;0,05866000;-0,48
2020-01-24T00:00:00+00:00;ASD/USD;0,05956000;0,05956000;0,05841000;0,05894000;-1,05
2020-01-23T00:00:00+00:00;ASD/USD;0,06032000;0,06132000;0,05874000;0,05956000;-1,28
2020-01-22T00:00:00+00:00;ASD/USD;0,06032000;0,06071000;0,05964000;0,06032000;0,0
2020-01-21T00:00:00+00:00;ASD/USD;0,05892000;0,06259000;0,05850000;0,06032000;2,32
2020-01-20T00:00:00+00:00;ASD/USD;0,05965000;0,06110000;0,05835000;0,05892000;-1,24
2020-01-19T00:00:00+00:00;ASD/USD;0,06070000;0,06241000;0,05904000;0,05965000;-1,76
2020-01-18T00:00:00+00:00;ASD/USD;0,06110000;0,06140000;0,06030000;0,06074000;-0,59
2020-01-17T00:00:00+00:00;ASD/USD;0,05890000;0,06483000;0,05890000;0,06110000;3,6
2020-01-16T00:00:00+00:00;ASD/USD;0,06027000;0,06041000;0,05804000;0,05890000;-2,33
2020-01-15T00:00:00+00:00;ASD/USD;0,05574000;0,06172000;0,05439000;0,06027000;7,52
2020-01-14T00:00:00+00:00;ASD/USD;0,05200000;0,05598000;0,05200000;0,05574000;6,71
2020-01-13T00:00:00+00:00;ASD/USD;0,05217000;0,05266000;0,05192000;0,05200000;-0,33
2020-01-12T00:00:00+00:00;ASD/USD;0,05160000;0,05789000;0,05065000;0,05217000;1,09
2020-01-11T00:00:00+00:00;ASD/USD;0,05184000;0,05188000;0,05129000;0,05160000;-0,47
2020-01-10T00:00:00+00:00;ASD/USD;0,04991000;0,05184000;0,04962000;0,05184000;3,72
2020-01-09T00:00:00+00:00;ASD/USD;0,05048000;0,05088000;0,04950000;0,04991000;-1,14
2020-01-08T00:00:00+00:00;ASD/USD;0,05218000;0,05351000;0,04989000;0,05045000;-3,43
2020-01-07T00:00:00+00:00;ASD/USD;0,05005000;0,05487000;0,04990000;0,05218000;4,08

