DATE/TIME;SYMBOL;OPEN;HIGH;LOW;CLOSE;EVOL % CLOSE/HIGH
2022-01-05T00:00:00+00:00;DOGEBULL/USD;6,30000000;6,62000000;6,21750000;6,46250000;2,51
2022-01-04T00:00:00+00:00;DOGEBULL/USD;6,52250000;6,80250000;6,11000000;6,30000000;-3,53
2022-01-03T00:00:00+00:00;DOGEBULL/USD;7,03750000;7,03750000;6,18250000;6,52250000;-7,9
2022-01-02T00:00:00+00:00;DOGEBULL/USD;6,88250000;7,24250000;6,57000000;7,03750000;2,2
2022-01-01T00:00:00+00:00;DOGEBULL/USD;6,56250000;7,23500000;6,48750000;6,88250000;4,65
2021-12-31T00:00:00+00:00;DOGEBULL/USD;6,66750000;7,38750000;6,09500000;6,56250000;-1,6
2021-12-30T00:00:00+00:00;DOGEBULL/USD;6,35750000;7,22000000;6,02500000;6,66750000;4,65
2021-12-29T00:00:00+00:00;DOGEBULL/USD;7,07000000;7,70000000;6,14500000;6,35750000;-11,21
2021-12-28T00:00:00+00:00;DOGEBULL/USD;9,10250000;9,10250000;6,81750000;7,07000000;-28,75
2021-12-27T00:00:00+00:00;DOGEBULL/USD;9,39000000;9,94250000;8,92750000;9,10250000;-3,16
2021-12-26T00:00:00+00:00;DOGEBULL/USD;9,53250000;9,80000000;8,60500000;9,39000000;-1,52
2021-12-25T00:00:00+00:00;DOGEBULL/USD;8,90750000;10,20500000;8,70500000;9,53250000;6,56
2021-12-24T00:00:00+00:00;DOGEBULL/USD;8,71250000;10,23500000;7,94000000;8,90750000;2,19
2021-12-23T00:00:00+00:00;DOGEBULL/USD;7,23500000;8,71250000;6,99250000;8,71250000;16,96
2021-12-22T00:00:00+00:00;DOGEBULL/USD;6,97500000;8,23750000;6,82250000;7,23500000;3,59
2021-12-21T00:00:00+00:00;DOGEBULL/USD;6,52250000;7,13250000;6,35500000;6,97500000;6,49
2021-12-20T00:00:00+00:00;DOGEBULL/USD;6,81750000;6,95500000;5,80250000;6,52250000;-4,52
2021-12-19T00:00:00+00:00;DOGEBULL/USD;7,18000000;7,55250000;6,75000000;6,81750000;-5,32
2021-12-18T00:00:00+00:00;DOGEBULL/USD;6,74500000;7,57750000;6,40750000;7,18000000;6,06
2021-12-17T00:00:00+00:00;DOGEBULL/USD;7,28500000;7,74250000;5,83500000;6,74500000;-8,01
2021-12-16T00:00:00+00:00;DOGEBULL/USD;8,39750000;8,98000000;7,21000000;7,28500000;-15,27
2021-12-15T00:00:00+00:00;DOGEBULL/USD;9,83750000;9,88000000;6,83000000;8,39750000;-17,15
2021-12-14T00:00:00+00:00;DOGEBULL/USD;6,05750000;13,10000000;5,79500000;9,83750000;38,42
2021-12-13T00:00:00+00:00;DOGEBULL/USD;7,77000000;7,84500000;5,23750000;6,05750000;-28,27
2021-12-12T00:00:00+00:00;DOGEBULL/USD;7,66000000;8,28500000;7,19250000;7,77000000;1,42
2021-12-11T00:00:00+00:00;DOGEBULL/USD;7,01250000;7,99000000;6,65250000;7,66000000;8,45
2021-12-10T00:00:00+00:00;DOGEBULL/USD;7,72000000;8,48750000;6,95750000;7,01250000;-10,09
2021-12-09T00:00:00+00:00;DOGEBULL/USD;9,31250000;9,85500000;7,63750000;7,72000000;-20,63
2021-12-08T00:00:00+00:00;DOGEBULL/USD;8,88000000;9,72500000;8,26500000;9,31250000;4,64
2021-12-07T00:00:00+00:00;DOGEBULL/USD;9,12000000;10,20000000;8,62750000;8,88000000;-2,7
2021-12-06T00:00:00+00:00;DOGEBULL/USD;8,24750000;9,89750000;6,09500000;9,12000000;9,57
2021-12-05T00:00:00+00:00;DOGEBULL/USD;9,43250000;9,83000000;6,75750000;8,24750000;-14,37
2021-12-04T00:00:00+00:00;DOGEBULL/USD;19,64000000;19,69500000;4,65000000;9,43250000;-108,22
2021-12-03T00:00:00+00:00;DOGEBULL/USD;22,74500000;23,80500000;17,10000000;19,64000000;-15,81
2021-12-02T00:00:00+00:00;DOGEBULL/USD;22,80000000;27,12000000;20,34000000;22,74500000;-0,24
2021-12-01T00:00:00+00:00;DOGEBULL/USD;24,56000000;26,00000000;21,55000000;22,80000000;-7,72
2021-11-30T00:00:00+00:00;DOGEBULL/USD;24,73000000;29,97000000;23,93000000;24,56000000;-0,69
2021-11-29T00:00:00+00:00;DOGEBULL/USD;22,34000000;27,93500000;20,82000000;24,73000000;9,66
2021-11-28T00:00:00+00:00;DOGEBULL/USD;21,57000000;23,11500000;17,12000000;22,34000000;3,45
2021-11-27T00:00:00+00:00;DOGEBULL/USD;20,74500000;23,07500000;20,25000000;21,57000000;3,82
2021-11-26T00:00:00+00:00;DOGEBULL/USD;30,41000000;30,63000000;17,50000000;20,74500000;-46,59
2021-11-25T00:00:00+00:00;DOGEBULL/USD;28,82000000;33,60000000;27,53000000;30,41000000;5,23
2021-11-24T00:00:00+00:00;DOGEBULL/USD;33,18000000;34,63000000;25,95000000;28,82000000;-15,13
2021-11-23T00:00:00+00:00;DOGEBULL/USD;30,11000000;37,41000000;27,61000000;33,18000000;9,25
2021-11-22T00:00:00+00:00;DOGEBULL/USD;32,79000000;33,50000000;28,81000000;30,11000000;-8,9
2021-11-21T00:00:00+00:00;DOGEBULL/USD;36,49000000;36,57000000;32,66000000;32,79000000;-11,28
2021-11-20T00:00:00+00:00;DOGEBULL/USD;36,41000000;37,67000000;32,23000000;36,49000000;0,22
2021-11-19T00:00:00+00:00;DOGEBULL/USD;31,36000000;38,30000000;29,19000000;36,41000000;13,87
2021-11-18T00:00:00+00:00;DOGEBULL/USD;39,73000000;41,47000000;28,50000000;31,36000000;-26,69
2021-11-17T00:00:00+00:00;DOGEBULL/USD;39,27000000;41,62000000;35,88000000;39,73000000;1,16
2021-11-16T00:00:00+00:00;DOGEBULL/USD;53,07500000;53,07500000;32,45000000;39,27000000;-35,15
2021-11-15T00:00:00+00:00;DOGEBULL/USD;57,17500000;58,60000000;52,17500000;53,07500000;-7,72
2021-11-14T00:00:00+00:00;DOGEBULL/USD;56,30000000;63,15000000;55,00000000;57,17500000;1,53
2021-11-13T00:00:00+00:00;DOGEBULL/USD;55,35000000;56,90000000;51,86000000;56,30000000;1,69
2021-11-12T00:00:00+00:00;DOGEBULL/USD;56,13000000;61,00000000;47,87000000;55,35000000;-1,41
2021-11-11T00:00:00+00:00;DOGEBULL/USD;53,13000000;62,62500000;51,73000000;56,13000000;5,34
2021-11-10T00:00:00+00:00;DOGEBULL/USD;68,62500000;71,27500000;43,82500000;53,18000000;-29,04
2021-11-09T00:00:00+00:00;DOGEBULL/USD;75,67500000;81,97500000;67,40000000;68,62500000;-10,27
2021-11-08T00:00:00+00:00;DOGEBULL/USD;64,75000000;86,60000000;63,22500000;75,67500000;14,44
2021-11-07T00:00:00+00:00;DOGEBULL/USD;61,77500000;67,00000000;59,17500000;64,75000000;4,59
2021-11-06T00:00:00+00:00;DOGEBULL/USD;61,22500000;65,57500000;54,00000000;61,77500000;0,89
2021-11-05T00:00:00+00:00;DOGEBULL/USD;62,65000000;68,10000000;58,35000000;61,22500000;-2,33
2021-11-04T00:00:00+00:00;DOGEBULL/USD;67,65000000;69,02500000;56,05000000;62,65000000;-7,98
2021-11-03T00:00:00+00:00;DOGEBULL/USD;71,95000000;74,27500000;62,67500000;67,65000000;-6,36
2021-11-02T00:00:00+00:00;DOGEBULL/USD;69,80000000;76,95000000;66,57500000;71,95000000;2,99
2021-11-01T00:00:00+00:00;DOGEBULL/USD;77,00000000;82,40000000;63,77500000;69,80000000;-10,32
2021-10-31T00:00:00+00:00;DOGEBULL/USD;68,42500000;80,40000000;55,92500000;76,97500000;11,11
2021-10-30T00:00:00+00:00;DOGEBULL/USD;86,75000000;92,12500000;60,00000000;68,42500000;-26,78
2021-10-29T00:00:00+00:00;DOGEBULL/USD;101,00000000;106,15000000;77,20000000;86,75000000;-16,43
2021-10-28T00:00:00+00:00;DOGEBULL/USD;56,52500000;129,45000000;52,75000000;101,00000000;44,03
2021-10-27T00:00:00+00:00;DOGEBULL/USD;74,80000000;81,62500000;45,15000000;56,52500000;-32,33
2021-10-26T00:00:00+00:00;DOGEBULL/USD;83,90000000;92,40000000;72,17500000;74,80000000;-12,17
2021-10-25T00:00:00+00:00;DOGEBULL/USD;95,27500000;100,12500000;79,00000000;83,90000000;-13,56
2021-10-24T00:00:00+00:00;DOGEBULL/USD;73,95000000;101,10000000;69,32500000;95,27500000;22,38
2021-10-23T00:00:00+00:00;DOGEBULL/USD;68,80000000;76,05000000;66,07500000;73,95000000;6,96
2021-10-22T00:00:00+00:00;DOGEBULL/USD;67,00000000;75,55000000;61,42500000;68,80000000;2,62
2021-10-21T00:00:00+00:00;DOGEBULL/USD;78,65000000;82,10000000;65,50000000;67,00000000;-17,39
2021-10-20T00:00:00+00:00;DOGEBULL/USD;70,92500000;84,27500000;67,97500000;78,65000000;9,82
2021-10-19T00:00:00+00:00;DOGEBULL/USD;72,62500000;79,27500000;65,90000000;70,92500000;-2,4
2021-10-18T00:00:00+00:00;DOGEBULL/USD;64,67500000;93,70000000;64,50000000;72,62500000;10,95
2021-10-17T00:00:00+00:00;DOGEBULL/USD;64,72500000;68,25000000;54,70000000;64,67500000;-0,08
2021-10-16T00:00:00+00:00;DOGEBULL/USD;62,37500000;71,37500000;62,25000000;64,72500000;3,63
2021-10-15T00:00:00+00:00;DOGEBULL/USD;61,12500000;69,82500000;54,50000000;62,37500000;2,0
2021-10-14T00:00:00+00:00;DOGEBULL/USD;61,52500000;67,65000000;60,40000000;61,12500000;-0,65
2021-10-13T00:00:00+00:00;DOGEBULL/USD;56,40000000;62,87500000;52,47500000;61,52500000;8,33
2021-10-12T00:00:00+00:00;DOGEBULL/USD;61,00000000;61,00000000;49,40000000;56,40000000;-8,16
2021-10-11T00:00:00+00:00;DOGEBULL/USD;59,00000000;69,25000000;55,52500000;61,00000000;3,28
2021-10-10T00:00:00+00:00;DOGEBULL/USD;75,65000000;77,30000000;57,22500000;59,00000000;-28,22
2021-10-09T00:00:00+00:00;DOGEBULL/USD;73,10000000;80,22500000;70,47500000;75,65000000;3,37
2021-10-08T00:00:00+00:00;DOGEBULL/USD;71,92500000;82,40000000;69,02500000;73,10000000;1,61
2021-10-07T00:00:00+00:00;DOGEBULL/USD;83,67500000;88,60000000;66,22500000;71,92500000;-16,34
2021-10-06T00:00:00+00:00;DOGEBULL/USD;81,60000000;101,00000000;71,70000000;83,67500000;2,48
2021-10-05T00:00:00+00:00;DOGEBULL/USD;72,52500000;95,90000000;64,37500000;81,60000000;11,12
2021-10-04T00:00:00+00:00;DOGEBULL/USD;57,12500000;78,37500000;50,57500000;72,52500000;21,23
2021-10-03T00:00:00+00:00;DOGEBULL/USD;55,32500000;60,85000000;52,85000000;57,12500000;3,15
2021-10-02T00:00:00+00:00;DOGEBULL/USD;58,40000000;60,06000000;52,42000000;55,32500000;-5,56
2021-10-01T00:00:00+00:00;DOGEBULL/USD;46,01000000;60,17000000;44,10000000;58,40000000;21,22
2021-09-30T00:00:00+00:00;DOGEBULL/USD;42,00000000;47,32000000;41,47000000;46,01000000;8,72
2021-09-29T00:00:00+00:00;DOGEBULL/USD;40,92000000;45,94000000;39,72000000;42,00000000;2,57
2021-09-28T00:00:00+00:00;DOGEBULL/USD;43,19000000;45,40000000;40,80000000;40,92000000;-5,55
2021-09-27T00:00:00+00:00;DOGEBULL/USD;46,86000000;49,94000000;43,19000000;43,19000000;-8,5
2021-09-26T00:00:00+00:00;DOGEBULL/USD;49,35000000;49,97000000;39,17000000;47,00000000;-5,0
2021-09-25T00:00:00+00:00;DOGEBULL/USD;50,00000000;52,29000000;46,55000000;49,35000000;-1,32
2021-09-24T00:00:00+00:00;DOGEBULL/USD;65,27500000;68,65000000;41,22500000;50,00000000;-30,55
2021-09-23T00:00:00+00:00;DOGEBULL/USD;65,44000000;67,75000000;59,25000000;65,27500000;-0,25
2021-09-22T00:00:00+00:00;DOGEBULL/USD;47,97000000;71,10000000;47,23000000;65,44000000;26,7
2021-09-21T00:00:00+00:00;DOGEBULL/USD;54,60000000;62,02500000;44,95000000;47,97000000;-13,82
2021-09-20T00:00:00+00:00;DOGEBULL/USD;79,00000000;79,47500000;47,00000000;54,60000000;-44,69
2021-09-19T00:00:00+00:00;DOGEBULL/USD;88,72500000;88,85000000;76,75000000;79,00000000;-12,31
2021-09-18T00:00:00+00:00;DOGEBULL/USD;87,00000000;95,90000000;84,90000000;88,72500000;1,94
2021-09-17T00:00:00+00:00;DOGEBULL/USD;89,72500000;109,65000000;83,97500000;87,00000000;-3,13
2021-09-16T00:00:00+00:00;DOGEBULL/USD;96,80000000;97,15000000;79,15000000;89,72500000;-7,89
2021-09-15T00:00:00+00:00;DOGEBULL/USD;89,00000000;100,55000000;86,67500000;96,80000000;8,06
2021-09-14T00:00:00+00:00;DOGEBULL/USD;83,62500000;90,00000000;81,30000000;89,00000000;6,04
2021-09-13T00:00:00+00:00;DOGEBULL/USD;101,87500000;104,12500000;72,22500000;83,62500000;-21,82
2021-09-12T00:00:00+00:00;DOGEBULL/USD;92,02500000;107,52500000;89,05000000;101,87500000;9,67
2021-09-11T00:00:00+00:00;DOGEBULL/USD;89,92500000;99,72500000;87,45000000;92,02500000;2,28
2021-09-10T00:00:00+00:00;DOGEBULL/USD;106,40000000;119,10000000;84,15000000;89,92500000;-18,32
2021-09-09T00:00:00+00:00;DOGEBULL/USD;112,30000000;118,25000000;99,00000000;106,40000000;-5,55
2021-09-08T00:00:00+00:00;DOGEBULL/USD;111,55000000;122,95000000;82,30000000;112,30000000;0,67
2021-09-07T00:00:00+00:00;DOGEBULL/USD;256,60000000;262,20000000;58,67500000;111,55000000;-130,03
2021-09-06T00:00:00+00:00;DOGEBULL/USD;271,50000000;285,80000000;234,00000000;256,60000000;-5,81
2021-09-05T00:00:00+00:00;DOGEBULL/USD;236,50000000;274,20000000;228,15000000;271,50000000;12,89
2021-09-04T00:00:00+00:00;DOGEBULL/USD;229,10000000;261,15000000;223,30000000;236,50000000;3,13
2021-09-03T00:00:00+00:00;DOGEBULL/USD;226,30000000;251,20000000;209,65000000;229,10000000;1,22
2021-09-02T00:00:00+00:00;DOGEBULL/USD;229,10000000;264,80000000;222,30000000;226,30000000;-1,24
2021-09-01T00:00:00+00:00;DOGEBULL/USD;194,75000000;230,15000000;185,70000000;229,10000000;14,99
2021-08-31T00:00:00+00:00;DOGEBULL/USD;182,30000000;215,00000000;178,00000000;194,75000000;6,39
2021-08-30T00:00:00+00:00;DOGEBULL/USD;203,00000000;224,20000000;176,35000000;182,30000000;-11,35
2021-08-29T00:00:00+00:00;DOGEBULL/USD;215,60000000;228,65000000;193,45000000;203,00000000;-6,21
2021-08-28T00:00:00+00:00;DOGEBULL/USD;236,20000000;248,05000000;208,90000000;215,60000000;-9,55
2021-08-27T00:00:00+00:00;DOGEBULL/USD;182,15000000;237,60000000;174,80000000;236,20000000;22,88
2021-08-26T00:00:00+00:00;DOGEBULL/USD;244,60000000;252,80000000;173,00000000;182,15000000;-34,28
2021-08-25T00:00:00+00:00;DOGEBULL/USD;234,10000000;254,30000000;211,55000000;244,60000000;4,29
2021-08-24T00:00:00+00:00;DOGEBULL/USD;334,90000000;339,60000000;205,00000000;234,10000000;-43,06
2021-08-23T00:00:00+00:00;DOGEBULL/USD;326,20000000;368,40000000;318,60000000;334,90000000;2,6
2021-08-22T00:00:00+00:00;DOGEBULL/USD;333,30000000;348,40000000;295,70000000;326,20000000;-2,18
2021-08-21T00:00:00+00:00;DOGEBULL/USD;368,90000000;377,50000000;326,30000000;333,30000000;-10,68
2021-08-20T00:00:00+00:00;DOGEBULL/USD;343,30000000;391,80000000;329,70000000;368,80000000;6,91
2021-08-19T00:00:00+00:00;DOGEBULL/USD;298,20000000;346,50000000;269,00000000;343,30000000;13,14
2021-08-18T00:00:00+00:00;DOGEBULL/USD;285,00000000;362,90000000;225,00000000;298,20000000;4,43
2021-08-17T00:00:00+00:00;DOGEBULL/USD;353,30000000;420,70000000;270,80000000;285,00000000;-23,96
2021-08-16T00:00:00+00:00;DOGEBULL/USD;441,80000000;480,30000000;319,00000000;353,30000000;-25,05
2021-08-15T00:00:00+00:00;DOGEBULL/USD;300,20000000;476,00000000;274,00000000;441,80000000;32,05
2021-08-14T00:00:00+00:00;DOGEBULL/USD;281,40000000;316,90000000;247,40000000;300,20000000;6,26
2021-08-13T00:00:00+00:00;DOGEBULL/USD;222,70000000;283,25000000;216,90000000;281,40000000;20,86
2021-08-12T00:00:00+00:00;DOGEBULL/USD;226,90000000;304,70000000;190,00000000;222,70000000;-1,89
2021-08-11T00:00:00+00:00;DOGEBULL/USD;209,05000000;269,95000000;207,00000000;226,90000000;7,87
2021-08-10T00:00:00+00:00;DOGEBULL/USD;207,15000000;223,20000000;180,15000000;209,05000000;0,91
2021-08-09T00:00:00+00:00;DOGEBULL/USD;171,70000000;229,35000000;151,00000000;207,15000000;17,11
2021-08-08T00:00:00+00:00;DOGEBULL/USD;239,00000000;295,30000000;162,55000000;171,70000000;-39,2
2021-08-07T00:00:00+00:00;DOGEBULL/USD;130,00000000;240,00000000;127,80000000;239,00000000;45,61
2021-08-06T00:00:00+00:00;DOGEBULL/USD;123,45000000;143,20000000;119,00000000;130,00000000;5,04
2021-08-05T00:00:00+00:00;DOGEBULL/USD;123,80000000;125,30000000;111,70000000;123,45000000;-0,28
2021-08-04T00:00:00+00:00;DOGEBULL/USD;114,55000000;126,80000000;111,55000000;123,80000000;7,47
2021-08-03T00:00:00+00:00;DOGEBULL/USD;129,00000000;131,40000000;110,45000000;114,55000000;-12,61
2021-08-02T00:00:00+00:00;DOGEBULL/USD;130,70000000;140,70000000;126,10000000;129,00000000;-1,32
2021-08-01T00:00:00+00:00;DOGEBULL/USD;137,70000000;157,60000000;125,80000000;130,70000000;-5,36
2021-07-31T00:00:00+00:00;DOGEBULL/USD;140,10000000;152,00000000;132,70000000;137,70000000;-1,74
2021-07-30T00:00:00+00:00;DOGEBULL/USD;132,45000000;145,00000000;115,25000000;140,10000000;5,46
2021-07-29T00:00:00+00:00;DOGEBULL/USD;134,30000000;135,65000000;124,50000000;132,45000000;-1,4
2021-07-28T00:00:00+00:00;DOGEBULL/USD;135,40000000;150,65000000;126,80000000;134,30000000;-0,82
2021-07-27T00:00:00+00:00;DOGEBULL/USD;130,40000000;142,70000000;115,00000000;135,40000000;3,69
2021-07-26T00:00:00+00:00;DOGEBULL/USD;120,30000000;183,20000000;118,40000000;130,40000000;7,75
2021-07-25T00:00:00+00:00;DOGEBULL/USD;119,00000000;129,60000000;109,00000000;120,30000000;1,08
2021-07-24T00:00:00+00:00;DOGEBULL/USD;114,70000000;132,25000000;108,90000000;119,00000000;3,61
2021-07-23T00:00:00+00:00;DOGEBULL/USD;108,85000000;123,60000000;94,55000000;114,70000000;5,1
2021-07-22T00:00:00+00:00;DOGEBULL/USD;106,05000000;116,45000000;100,60000000;108,85000000;2,57
2021-07-21T00:00:00+00:00;DOGEBULL/USD;78,62500000;138,10000000;76,00000000;106,05000000;25,86
2021-07-20T00:00:00+00:00;DOGEBULL/USD;83,10000000;91,92500000;63,37500000;78,62500000;-5,69
2021-07-19T00:00:00+00:00;DOGEBULL/USD;95,57500000;99,50000000;78,50000000;83,10000000;-15,01
2021-07-18T00:00:00+00:00;DOGEBULL/USD;105,60000000;119,60000000;93,77500000;95,57500000;-10,49
2021-07-17T00:00:00+00:00;DOGEBULL/USD;83,50000000;132,40000000;78,55000000;105,60000000;20,93
2021-07-16T00:00:00+00:00;DOGEBULL/USD;106,00000000;111,10000000;82,15000000;83,50000000;-26,95
2021-07-15T00:00:00+00:00;DOGEBULL/USD;130,90000000;137,00000000;97,20000000;106,00000000;-23,49
2021-07-14T00:00:00+00:00;DOGEBULL/USD;135,40000000;148,00000000;110,00000000;130,90000000;-3,44
2021-07-13T00:00:00+00:00;DOGEBULL/USD;153,00000000;155,00000000;130,55000000;135,40000000;-13,0
2021-07-12T00:00:00+00:00;DOGEBULL/USD;172,25000000;179,70000000;144,00000000;153,55000000;-12,18
2021-07-11T00:00:00+00:00;DOGEBULL/USD;167,25000000;179,70000000;160,25000000;172,25000000;2,9
2021-07-10T00:00:00+00:00;DOGEBULL/USD;181,70000000;202,55000000;158,00000000;167,25000000;-8,64
2021-07-09T00:00:00+00:00;DOGEBULL/USD;154,10000000;204,10000000;128,60000000;181,70000000;15,19
2021-07-08T00:00:00+00:00;DOGEBULL/USD;200,15000000;202,70000000;141,05000000;154,10000000;-29,88
2021-07-07T00:00:00+00:00;DOGEBULL/USD;229,80000000;243,75000000;190,60000000;200,15000000;-14,81
2021-07-06T00:00:00+00:00;DOGEBULL/USD;221,00000000;257,00000000;216,05000000;229,80000000;3,83
2021-07-05T00:00:00+00:00;DOGEBULL/USD;269,60000000;270,10000000;203,40000000;221,00000000;-21,99
2021-07-04T00:00:00+00:00;DOGEBULL/USD;270,80000000;291,70000000;260,20000000;269,60000000;-0,45
2021-07-03T00:00:00+00:00;DOGEBULL/USD;266,50000000;283,40000000;256,00000000;270,80000000;1,59
2021-07-02T00:00:00+00:00;DOGEBULL/USD;262,50000000;295,00000000;246,00000000;266,50000000;1,5
2021-07-01T00:00:00+00:00;DOGEBULL/USD;299,00000000;326,80000000;244,00000000;262,50000000;-13,9
2021-06-30T00:00:00+00:00;DOGEBULL/USD;333,90000000;336,60000000;239,10000000;299,00000000;-11,67
2021-06-29T00:00:00+00:00;DOGEBULL/USD;311,70000000;380,50000000;296,20000000;333,90000000;6,65
2021-06-28T00:00:00+00:00;DOGEBULL/USD;346,80000000;352,10000000;287,00000000;311,70000000;-11,26
2021-06-27T00:00:00+00:00;DOGEBULL/USD;282,40000000;356,30000000;261,60000000;346,80000000;18,57
2021-06-26T00:00:00+00:00;DOGEBULL/USD;253,40000000;312,00000000;233,60000000;282,40000000;10,27
2021-06-25T00:00:00+00:00;DOGEBULL/USD;363,60000000;473,90000000;227,80000000;253,40000000;-43,49
2021-06-24T00:00:00+00:00;DOGEBULL/USD;268,70000000;385,00000000;222,00000000;363,60000000;26,1
2021-06-23T00:00:00+00:00;DOGEBULL/USD;157,50000000;300,00000000;132,50000000;268,70000000;41,38
2021-06-22T00:00:00+00:00;DOGEBULL/USD;133,00000000;212,90000000;101,00000000;157,50000000;15,56
2021-06-21T00:00:00+00:00;DOGEBULL/USD;643,50000000;647,75000000;105,50000000;133,00000000;-383,83
2021-06-20T00:00:00+00:00;DOGEBULL/USD;681,00000000;712,25000000;465,25000000;643,50000000;-5,83
2021-06-19T00:00:00+00:00;DOGEBULL/USD;736,00000000;774,75000000;680,75000000;681,00000000;-8,08
2021-06-18T00:00:00+00:00;DOGEBULL/USD;850,00000000;860,50000000;628,00000000;736,00000000;-15,49
2021-06-17T00:00:00+00:00;DOGEBULL/USD;862,25000000;914,50000000;817,25000000;850,00000000;-1,44
2021-06-16T00:00:00+00:00;DOGEBULL/USD;983,25000000;990,00000000;838,25000000;862,25000000;-14,03
2021-06-15T00:00:00+00:00;DOGEBULL/USD;1052,25000000;1080,00000000;931,25000000;983,25000000;-7,02
2021-06-14T00:00:00+00:00;DOGEBULL/USD;1020,00000000;1150,00000000;975,25000000;1052,25000000;3,06
2021-06-13T00:00:00+00:00;DOGEBULL/USD;914,75000000;1080,00000000;873,50000000;1020,00000000;10,32
2021-06-12T00:00:00+00:00;DOGEBULL/USD;978,50000000;984,00000000;814,25000000;914,75000000;-6,97
2021-06-11T00:00:00+00:00;DOGEBULL/USD;1055,00000000;1120,00000000;904,50000000;978,50000000;-7,82
2021-06-10T00:00:00+00:00;DOGEBULL/USD;1243,00000000;1279,00000000;1010,00000000;1055,00000000;-17,82
2021-06-09T00:00:00+00:00;DOGEBULL/USD;1078,00000000;1362,00000000;939,00000000;1243,00000000;13,27
2021-06-08T00:00:00+00:00;DOGEBULL/USD;1216,50000000;1329,00000000;821,00000000;1078,00000000;-12,85
2021-06-07T00:00:00+00:00;DOGEBULL/USD;1811,00000000;1932,00000000;1177,00000000;1216,50000000;-48,87
2021-06-06T00:00:00+00:00;DOGEBULL/USD;1812,50000000;1899,00000000;1736,50000000;1811,00000000;-0,08
2021-06-05T00:00:00+00:00;DOGEBULL/USD;1881,00000000;2219,50000000;1635,50000000;1812,50000000;-3,78
2021-06-04T00:00:00+00:00;DOGEBULL/USD;2431,00000000;2461,00000000;1540,00000000;1881,00000000;-29,24
2021-06-03T00:00:00+00:00;DOGEBULL/USD;2895,00000000;3247,00000000;1965,00000000;2431,00000000;-19,09
2021-06-02T00:00:00+00:00;DOGEBULL/USD;2028,00000000;3288,00000000;1697,50000000;2895,00000000;29,95
2021-06-01T00:00:00+00:00;DOGEBULL/USD;1448,50000000;2221,00000000;1248,00000000;2028,00000000;28,57
2021-05-31T00:00:00+00:00;DOGEBULL/USD;1174,50000000;1490,00000000;1077,50000000;1448,50000000;18,92
2021-05-30T00:00:00+00:00;DOGEBULL/USD;1190,00000000;1298,00000000;998,00000000;1174,50000000;-1,32
2021-05-29T00:00:00+00:00;DOGEBULL/USD;1294,50000000;1372,00000000;901,00000000;1190,00000000;-8,78
2021-05-28T00:00:00+00:00;DOGEBULL/USD;1638,50000000;1813,50000000;1142,00000000;1294,50000000;-26,57
2021-05-27T00:00:00+00:00;DOGEBULL/USD;1945,50000000;1949,00000000;1525,00000000;1638,50000000;-18,74
2021-05-26T00:00:00+00:00;DOGEBULL/USD;1842,50000000;2258,50000000;1694,50000000;1945,50000000;5,29
2021-05-25T00:00:00+00:00;DOGEBULL/USD;2331,00000000;2690,50000000;1500,00000000;1842,50000000;-26,51
2021-05-24T00:00:00+00:00;DOGEBULL/USD;1484,50000000;2536,50000000;1280,00000000;2331,00000000;36,31
2021-05-23T00:00:00+00:00;DOGEBULL/USD;2407,00000000;2693,50000000;801,50000000;1484,50000000;-62,14
2021-05-22T00:00:00+00:00;DOGEBULL/USD;2993,00000000;3007,00000000;1931,00000000;2407,00000000;-24,35
2021-05-21T00:00:00+00:00;DOGEBULL/USD;4844,00000000;5251,00000000;2077,00000000;2993,00000000;-61,84
2021-05-20T00:00:00+00:00;DOGEBULL/USD;3500,00000000;5938,00000000;2326,00000000;4844,00000000;27,75
2021-05-19T00:00:00+00:00;DOGEBULL/USD;22520,00000000;23550,00000000;1000,00000000;3500,00000000;-543,43
2021-05-18T00:00:00+00:00;DOGEBULL/USD;24390,00000000;28870,00000000;21730,00000000;22520,00000000;-8,3
2021-05-17T00:00:00+00:00;DOGEBULL/USD;29120,00000000;29480,00000000;19130,00000000;24390,00000000;-19,39
2021-05-16T00:00:00+00:00;DOGEBULL/USD;30770,00000000;38010,00000000;20120,00000000;29120,00000000;-5,67
2021-05-15T00:00:00+00:00;DOGEBULL/USD;43600,00000000;44570,00000000;27850,00000000;30770,00000000;-41,7
2021-05-14T00:00:00+00:00;DOGEBULL/USD;30740,00000000;49570,00000000;21960,00000000;43600,00000000;29,5
2021-05-13T00:00:00+00:00;DOGEBULL/USD;17780,00000000;35000,00000000;15550,00000000;30740,00000000;42,16
2021-05-12T00:00:00+00:00;DOGEBULL/USD;41210,00000000;47500,00000000;15700,00000000;17780,00000000;-131,78
2021-05-11T00:00:00+00:00;DOGEBULL/USD;31730,00000000;53960,00000000;30160,00000000;41210,00000000;23,0
2021-05-10T00:00:00+00:00;DOGEBULL/USD;70600,00000000;70775,00000000;27370,00000000;31730,00000000;-122,5
2021-05-09T00:00:00+00:00;DOGEBULL/USD;120750,00000000;158200,00000000;31470,00000000;70600,00000000;-71,03
2021-05-08T00:00:00+00:00;DOGEBULL/USD;163600,00000000;199000,00000000;99500,00000000;120750,00000000;-35,49
2021-05-07T00:00:00+00:00;DOGEBULL/USD;120500,00000000;183600,00000000;81600,00000000;163600,00000000;26,34
2021-05-06T00:00:00+00:00;DOGEBULL/USD;179600,00000000;190000,00000000;97600,00000000;120500,00000000;-49,05
2021-05-05T00:00:00+00:00;DOGEBULL/USD;109700,00000000;205850,00000000;105000,00000000;179600,00000000;38,92
2021-05-04T00:00:00+00:00;DOGEBULL/USD;78300,00000000;139000,00000000;55900,00000000;109700,00000000;28,62
2021-05-03T00:00:00+00:00;DOGEBULL/USD;51025,00000000;80875,00000000;51000,00000000;78300,00000000;34,83
2021-05-02T00:00:00+00:00;DOGEBULL/USD;58425,00000000;62750,00000000;44550,00000000;51025,00000000;-14,5
2021-05-01T00:00:00+00:00;DOGEBULL/USD;40110,00000000;61000,00000000;36510,00000000;58425,00000000;31,35
2021-04-30T00:00:00+00:00;DOGEBULL/USD;30240,00000000;41610,00000000;29330,00000000;40110,00000000;24,61
2021-04-29T00:00:00+00:00;DOGEBULL/USD;36100,00000000;36530,00000000;27000,00000000;30240,00000000;-19,38
2021-04-28T00:00:00+00:00;DOGEBULL/USD;23055,00000000;40700,00000000;18825,00000000;36100,00000000;36,14
2021-04-27T00:00:00+00:00;DOGEBULL/USD;22805,00000000;25030,00000000;21000,00000000;23055,00000000;1,08
2021-04-26T00:00:00+00:00;DOGEBULL/USD;18285,00000000;25000,00000000;17480,00000000;22805,00000000;19,82
2021-04-25T00:00:00+00:00;DOGEBULL/USD;24290,00000000;29290,00000000;13010,00000000;18285,00000000;-32,84
2021-04-24T00:00:00+00:00;DOGEBULL/USD;19415,00000000;28725,00000000;14995,00000000;24290,00000000;20,07
2021-04-23T00:00:00+00:00;DOGEBULL/USD;30810,00000000;33740,00000000;8960,00000000;19415,00000000;-58,69
2021-04-22T00:00:00+00:00;DOGEBULL/USD;53375,00000000;53600,00000000;28310,00000000;30810,00000000;-73,24
2021-04-21T00:00:00+00:00;DOGEBULL/USD;58500,00000000;73000,00000000;47100,00000000;53375,00000000;-9,6
2021-04-20T00:00:00+00:00;DOGEBULL/USD;137950,00000000;148150,00000000;35000,00000000;58500,00000000;-135,81
2021-04-19T00:00:00+00:00;DOGEBULL/USD;76525,00000000;159000,00000000;66250,00000000;137850,00000000;44,49
2021-04-18T00:00:00+00:00;DOGEBULL/USD;69100,00000000;91130,00000000;35720,00000000;76525,00000000;9,7
2021-04-17T00:00:00+00:00;DOGEBULL/USD;173450,00000000;206950,00000000;38600,00000000;69100,00000000;-151,01
2021-04-16T00:00:00+00:00;DOGEBULL/USD;43510,00000000;230000,00000000;41220,00000000;173450,00000000;74,91
2021-04-15T00:00:00+00:00;DOGEBULL/USD;18685,00000000;47000,00000000;17970,00000000;43510,00000000;57,06
2021-04-14T00:00:00+00:00;DOGEBULL/USD;9885,00000000;26000,00000000;9417,50000000;18685,00000000;47,1
2021-04-13T00:00:00+00:00;DOGEBULL/USD;5028,00000000;10805,00000000;5025,00000000;9885,00000000;49,14
2021-04-12T00:00:00+00:00;DOGEBULL/USD;5975,00000000;6162,50000000;4587,50000000;5029,00000000;-18,81
2021-04-11T00:00:00+00:00;DOGEBULL/USD;3994,00000000;7000,00000000;3935,00000000;5975,00000000;33,15
2021-04-10T00:00:00+00:00;DOGEBULL/USD;3620,00000000;4269,00000000;3500,00000000;3990,00000000;9,27
2021-04-09T00:00:00+00:00;DOGEBULL/USD;3698,00000000;4047,00000000;3486,00000000;3620,00000000;-2,15
2021-04-08T00:00:00+00:00;DOGEBULL/USD;3251,00000000;3774,00000000;3188,00000000;3698,00000000;12,09
2021-04-07T00:00:00+00:00;DOGEBULL/USD;4515,00000000;5131,00000000;3018,00000000;3251,00000000;-38,88
2021-04-06T00:00:00+00:00;DOGEBULL/USD;3732,00000000;4729,00000000;3339,00000000;4515,00000000;17,34
2021-04-05T00:00:00+00:00;DOGEBULL/USD;3323,00000000;3845,00000000;3125,00000000;3732,00000000;10,96
2021-04-04T00:00:00+00:00;DOGEBULL/USD;3030,00000000;3452,00000000;2957,00000000;3323,00000000;8,82
2021-04-03T00:00:00+00:00;DOGEBULL/USD;3446,00000000;3798,00000000;3029,00000000;3030,00000000;-13,73
2021-04-02T00:00:00+00:00;DOGEBULL/USD;4418,00000000;4524,00000000;3438,00000000;3446,00000000;-28,21
2021-04-01T00:00:00+00:00;DOGEBULL/USD;3041,00000000;5800,00000000;3033,00000000;4418,00000000;31,17
2021-03-31T00:00:00+00:00;DOGEBULL/USD;3101,00000000;3158,00000000;2732,00000000;3041,00000000;-1,97
2021-03-30T00:00:00+00:00;DOGEBULL/USD;3185,00000000;3470,00000000;3054,00000000;3101,00000000;-2,71
2021-03-29T00:00:00+00:00;DOGEBULL/USD;3072,00000000;3325,00000000;3002,00000000;3185,00000000;3,55
2021-03-28T00:00:00+00:00;DOGEBULL/USD;3251,00000000;3316,00000000;3020,00000000;3072,00000000;-5,83
2021-03-27T00:00:00+00:00;DOGEBULL/USD;3150,00000000;3428,00000000;3110,00000000;3251,00000000;3,11
2021-03-26T00:00:00+00:00;DOGEBULL/USD;2791,00000000;3205,00000000;2791,00000000;3150,00000000;11,4
2021-03-25T00:00:00+00:00;DOGEBULL/USD;2807,00000000;2963,00000000;2515,00000000;2791,00000000;-0,57
2021-03-24T00:00:00+00:00;DOGEBULL/USD;3219,00000000;3740,00000000;2744,00000000;2807,00000000;-14,68
2021-03-23T00:00:00+00:00;DOGEBULL/USD;3498,00000000;3622,00000000;3069,00000000;3219,00000000;-8,67
2021-03-22T00:00:00+00:00;DOGEBULL/USD;4109,00000000;4283,00000000;3465,00000000;3498,00000000;-17,47
2021-03-21T00:00:00+00:00;DOGEBULL/USD;4430,00000000;4568,00000000;4017,00000000;4109,00000000;-7,81
2021-03-20T00:00:00+00:00;DOGEBULL/USD;4379,00000000;4806,00000000;4336,00000000;4430,00000000;1,15
2021-03-19T00:00:00+00:00;DOGEBULL/USD;4140,00000000;4675,00000000;3935,00000000;4379,00000000;5,46
2021-03-18T00:00:00+00:00;DOGEBULL/USD;4271,00000000;4571,00000000;4076,00000000;4140,00000000;-3,16
2021-03-17T00:00:00+00:00;DOGEBULL/USD;4459,00000000;4566,00000000;3959,00000000;4271,00000000;-4,4
2021-03-16T00:00:00+00:00;DOGEBULL/USD;4178,00000000;4696,00000000;3774,00000000;4459,00000000;6,3
2021-03-15T00:00:00+00:00;DOGEBULL/USD;4607,50000000;4846,00000000;3734,00000000;4178,00000000;-10,28
2021-03-14T00:00:00+00:00;DOGEBULL/USD;5642,00000000;5942,50000000;4597,50000000;4607,50000000;-22,45
2021-03-13T00:00:00+00:00;DOGEBULL/USD;4088,00000000;5756,00000000;3978,00000000;5642,00000000;27,54
2021-03-12T00:00:00+00:00;DOGEBULL/USD;4287,00000000;4621,00000000;3861,00000000;4088,00000000;-4,87
2021-03-11T00:00:00+00:00;DOGEBULL/USD;4299,00000000;4711,00000000;3929,00000000;4287,00000000;-0,28
2021-03-10T00:00:00+00:00;DOGEBULL/USD;4892,00000000;5118,00000000;3876,00000000;4299,00000000;-13,79
2021-03-09T00:00:00+00:00;DOGEBULL/USD;6300,00000000;6300,00000000;4379,00000000;4892,00000000;-28,78
2021-03-08T00:00:00+00:00;DOGEBULL/USD;3871,00000000;6300,00000000;3784,00000000;6300,00000000;38,56
2021-03-07T00:00:00+00:00;DOGEBULL/USD;3645,00000000;4000,00000000;3542,00000000;3871,00000000;5,84
2021-03-06T00:00:00+00:00;DOGEBULL/USD;3375,00000000;4042,00000000;3289,00000000;3645,00000000;7,41
2021-03-05T00:00:00+00:00;DOGEBULL/USD;3467,00000000;3680,00000000;3072,00000000;3375,00000000;-2,73
2021-03-04T00:00:00+00:00;DOGEBULL/USD;3625,00000000;3759,00000000;3000,00000000;3467,00000000;-4,56
2021-03-03T00:00:00+00:00;DOGEBULL/USD;3523,00000000;3935,00000000;3458,00000000;3625,00000000;2,81
2021-03-02T00:00:00+00:00;DOGEBULL/USD;3599,00000000;4020,00000000;3212,00000000;3523,00000000;-2,16
2021-03-01T00:00:00+00:00;DOGEBULL/USD;3093,00000000;3963,00000000;3045,00000000;3599,00000000;14,06
2021-02-28T00:00:00+00:00;DOGEBULL/USD;3500,00000000;3525,00000000;2400,00000000;3093,00000000;-13,16
2021-02-27T00:00:00+00:00;DOGEBULL/USD;3549,00000000;3893,00000000;3283,00000000;3500,00000000;-1,4
2021-02-26T00:00:00+00:00;DOGEBULL/USD;3491,00000000;4009,00000000;3153,00000000;3549,00000000;1,63
2021-02-25T00:00:00+00:00;DOGEBULL/USD;5072,00000000;5443,00000000;3392,00000000;3490,00000000;-45,33
2021-02-24T00:00:00+00:00;DOGEBULL/USD;3228,00000000;5909,00000000;2910,00000000;5026,00000000;35,77
2021-02-23T00:00:00+00:00;DOGEBULL/USD;5410,00000000;5455,00000000;2105,00000000;3228,00000000;-67,6
2021-02-22T00:00:00+00:00;DOGEBULL/USD;6577,50000000;8450,00000000;3450,00000000;5410,00000000;-21,58
2021-02-21T00:00:00+00:00;DOGEBULL/USD;6042,50000000;7742,50000000;5765,00000000;6577,50000000;8,13
2021-02-20T00:00:00+00:00;DOGEBULL/USD;6585,00000000;8580,00000000;4830,00000000;6042,50000000;-8,98
2021-02-19T00:00:00+00:00;DOGEBULL/USD;8515,00000000;8677,50000000;6177,50000000;6585,00000000;-29,31
2021-02-18T00:00:00+00:00;DOGEBULL/USD;5240,00000000;10150,00000000;5206,00000000;8515,00000000;38,46
2021-02-17T00:00:00+00:00;DOGEBULL/USD;6900,00000000;7487,50000000;4665,00000000;5240,00000000;-31,68
2021-02-16T00:00:00+00:00;DOGEBULL/USD;8185,00000000;9600,00000000;5782,50000000;6900,00000000;-18,62
2021-02-15T00:00:00+00:00;DOGEBULL/USD;13390,00000000;14265,00000000;5207,50000000;8185,00000000;-63,59
2021-02-14T00:00:00+00:00;DOGEBULL/USD;17745,00000000;17745,00000000;9602,50000000;13390,00000000;-32,52
2021-02-13T00:00:00+00:00;DOGEBULL/USD;21460,00000000;23120,00000000;16900,00000000;17745,00000000;-20,94
2021-02-12T00:00:00+00:00;DOGEBULL/USD;23760,00000000;24010,00000000;15000,00000000;21460,00000000;-10,72
2021-02-11T00:00:00+00:00;DOGEBULL/USD;26640,00000000;29800,00000000;22205,00000000;23760,00000000;-12,12
2021-02-10T00:00:00+00:00;DOGEBULL/USD;23770,00000000;36855,00000000;21110,00000000;26640,00000000;10,77
2021-02-09T00:00:00+00:00;DOGEBULL/USD;35670,00000000;42150,00000000;17850,00000000;23770,00000000;-50,06
2021-02-08T00:00:00+00:00;DOGEBULL/USD;38180,00000000;42860,00000000;18985,00000000;35670,00000000;-7,04
2021-02-07T00:00:00+00:00;DOGEBULL/USD;19175,00000000;46995,00000000;14090,00000000;38180,00000000;49,78
2021-02-06T00:00:00+00:00;DOGEBULL/USD;11740,00000000;20000,00000000;9820,00000000;19175,00000000;38,77
2021-02-05T00:00:00+00:00;DOGEBULL/USD;16080,00000000;18275,00000000;9172,50000000;11740,00000000;-36,97
2021-02-04T00:00:00+00:00;DOGEBULL/USD;7975,00000000;20000,00000000;7105,00000000;16080,00000000;50,4
2021-02-03T00:00:00+00:00;DOGEBULL/USD;5197,00000000;9147,50000000;4805,00000000;7975,00000000;34,83
2021-02-02T00:00:00+00:00;DOGEBULL/USD;7322,50000000;7485,00000000;3990,00000000;5197,00000000;-40,9
2021-02-01T00:00:00+00:00;DOGEBULL/USD;8175,00000000;11575,00000000;6540,00000000;7322,50000000;-11,64
2021-01-31T00:00:00+00:00;DOGEBULL/USD;4940,00000000;11600,00000000;4549,00000000;8175,00000000;39,57
2021-01-30T00:00:00+00:00;DOGEBULL/USD;10470,00000000;12000,00000000;3380,00000000;4940,00000000;-111,94
2021-01-29T00:00:00+00:00;DOGEBULL/USD;7650,00000000;19502,50000000;6055,00000000;10470,00000000;26,93
2021-01-28T00:00:00+00:00;DOGEBULL/USD;597,75000000;7900,00000000;570,00000000;7650,00000000;92,19
2021-01-27T00:00:00+00:00;DOGEBULL/USD;881,50000000;882,75000000;561,00000000;597,75000000;-47,47
2021-01-26T00:00:00+00:00;DOGEBULL/USD;889,50000000;924,00000000;779,00000000;881,50000000;-0,91
2021-01-25T00:00:00+00:00;DOGEBULL/USD;1053,50000000;1084,25000000;880,50000000;889,50000000;-18,44
2021-01-24T00:00:00+00:00;DOGEBULL/USD;1001,00000000;1129,50000000;931,25000000;1053,50000000;4,98
2021-01-23T00:00:00+00:00;DOGEBULL/USD;948,75000000;1012,75000000;927,00000000;1001,00000000;5,22
2021-01-22T00:00:00+00:00;DOGEBULL/USD;853,00000000;1046,75000000;680,00000000;948,75000000;10,09
2021-01-21T00:00:00+00:00;DOGEBULL/USD;1249,50000000;1249,50000000;816,00000000;853,00000000;-46,48
2021-01-20T00:00:00+00:00;DOGEBULL/USD;1233,00000000;1261,00000000;993,50000000;1249,50000000;1,32
2021-01-19T00:00:00+00:00;DOGEBULL/USD;1310,00000000;1500,00000000;1193,50000000;1233,00000000;-6,24
2021-01-18T00:00:00+00:00;DOGEBULL/USD;1261,00000000;1325,00000000;1190,00000000;1310,00000000;3,74
2021-01-17T00:00:00+00:00;DOGEBULL/USD;1307,00000000;1421,00000000;1149,00000000;1261,00000000;-3,65
2021-01-16T00:00:00+00:00;DOGEBULL/USD;1327,50000000;1516,50000000;1256,50000000;1307,00000000;-1,57
2021-01-15T00:00:00+00:00;DOGEBULL/USD;1572,00000000;1733,00000000;1024,00000000;1327,50000000;-18,42
2021-01-14T00:00:00+00:00;DOGEBULL/USD;1223,00000000;1842,00000000;1092,50000000;1572,00000000;22,2
2021-01-13T00:00:00+00:00;DOGEBULL/USD;985,00000000;1235,00000000;842,25000000;1223,00000000;19,46
2021-01-12T00:00:00+00:00;DOGEBULL/USD;1271,00000000;1521,00000000;949,00000000;985,00000000;-29,04
2021-01-11T00:00:00+00:00;DOGEBULL/USD;2967,00000000;2977,00000000;742,00000000;1271,00000000;-133,44
2021-01-10T00:00:00+00:00;DOGEBULL/USD;3258,00000000;3794,00000000;2257,00000000;2967,00000000;-9,81
2021-01-09T00:00:00+00:00;DOGEBULL/USD;3077,00000000;3914,00000000;2598,00000000;3258,00000000;5,56
2021-01-08T00:00:00+00:00;DOGEBULL/USD;2812,00000000;3525,00000000;2061,00000000;3077,00000000;8,61
2021-01-07T00:00:00+00:00;DOGEBULL/USD;3571,00000000;3979,00000000;2438,00000000;2812,00000000;-26,99
2021-01-06T00:00:00+00:00;DOGEBULL/USD;3012,00000000;4375,00000000;2836,00000000;3571,00000000;15,65
2021-01-05T00:00:00+00:00;DOGEBULL/USD;3212,00000000;3819,00000000;2100,00000000;3012,00000000;-6,64
2021-01-04T00:00:00+00:00;DOGEBULL/USD;3377,00000000;4876,00000000;1500,00000000;3212,00000000;-5,14
2021-01-03T00:00:00+00:00;DOGEBULL/USD;4000,00000000;8945,50000000;2670,00000000;3377,00000000;-18,45
2021-01-02T00:00:00+00:00;DOGEBULL/USD;1161,00000000;6382,00000000;1100,00000000;4000,00000000;70,97
2021-01-01T00:00:00+00:00;DOGEBULL/USD;719,00000000;1161,00000000;692,25000000;1161,00000000;38,07
2020-12-31T00:00:00+00:00;DOGEBULL/USD;699,75000000;741,75000000;655,50000000;719,00000000;2,68
2020-12-30T00:00:00+00:00;DOGEBULL/USD;634,00000000;733,75000000;617,00000000;699,75000000;9,4
2020-12-29T00:00:00+00:00;DOGEBULL/USD;685,00000000;701,00000000;538,60000000;634,00000000;-8,04
2020-12-28T00:00:00+00:00;DOGEBULL/USD;689,00000000;770,75000000;627,00000000;685,00000000;-0,58
2020-12-27T00:00:00+00:00;DOGEBULL/USD;639,00000000;827,50000000;619,00000000;689,00000000;7,26
2020-12-26T00:00:00+00:00;DOGEBULL/USD;692,25000000;721,75000000;622,50000000;639,00000000;-8,33
2020-12-25T00:00:00+00:00;DOGEBULL/USD;682,00000000;707,00000000;611,80000000;692,25000000;1,48
2020-12-24T00:00:00+00:00;DOGEBULL/USD;443,40000000;692,50000000;369,00000000;682,00000000;34,99
2020-12-23T00:00:00+00:00;DOGEBULL/USD;819,00000000;968,25000000;384,20000000;443,40000000;-84,71
2020-12-22T00:00:00+00:00;DOGEBULL/USD;992,50000000;1014,00000000;714,25000000;819,00000000;-21,18
2020-12-21T00:00:00+00:00;DOGEBULL/USD;904,75000000;1350,00000000;741,00000000;992,50000000;8,84
2020-12-20T00:00:00+00:00;DOGEBULL/USD;580,00000000;939,50000000;553,00000000;904,75000000;35,89
2020-12-19T00:00:00+00:00;DOGEBULL/USD;563,40000000;644,80000000;553,20000000;580,00000000;2,86
2020-12-18T00:00:00+00:00;DOGEBULL/USD;526,50000000;611,80000000;452,50000000;563,40000000;6,55
2020-12-17T00:00:00+00:00;DOGEBULL/USD;411,00000000;632,00000000;399,60000000;526,50000000;21,94
2020-12-16T00:00:00+00:00;DOGEBULL/USD;341,50000000;411,10000000;334,20000000;411,00000000;16,91
2020-12-15T00:00:00+00:00;DOGEBULL/USD;348,90000000;361,00000000;334,10000000;341,50000000;-2,17
2020-12-14T00:00:00+00:00;DOGEBULL/USD;356,30000000;363,60000000;343,90000000;348,90000000;-2,12
2020-12-13T00:00:00+00:00;DOGEBULL/USD;334,00000000;356,40000000;326,80000000;356,30000000;6,26
2020-12-12T00:00:00+00:00;DOGEBULL/USD;295,20000000;336,50000000;295,20000000;334,00000000;11,62
2020-12-11T00:00:00+00:00;DOGEBULL/USD;304,70000000;311,80000000;282,30000000;295,20000000;-3,22
2020-12-10T00:00:00+00:00;DOGEBULL/USD;333,40000000;335,60000000;298,30000000;304,70000000;-9,42
2020-12-09T00:00:00+00:00;DOGEBULL/USD;326,70000000;341,50000000;285,30000000;333,40000000;2,01
2020-12-08T00:00:00+00:00;DOGEBULL/USD;386,80000000;395,70000000;319,30000000;326,70000000;-18,4
2020-12-07T00:00:00+00:00;DOGEBULL/USD;418,10000000;420,80000000;385,90000000;386,80000000;-8,09
2020-12-06T00:00:00+00:00;DOGEBULL/USD;409,30000000;427,30000000;403,10000000;418,10000000;2,1
2020-12-05T00:00:00+00:00;DOGEBULL/USD;383,10000000;416,10000000;370,40000000;409,30000000;6,4
2020-12-04T00:00:00+00:00;DOGEBULL/USD;434,80000000;435,80000000;375,20000000;383,10000000;-13,5
2020-12-03T00:00:00+00:00;DOGEBULL/USD;412,40000000;452,50000000;394,10000000;434,80000000;5,15
2020-12-02T00:00:00+00:00;DOGEBULL/USD;400,70000000;426,50000000;351,40000000;412,40000000;2,84
2020-12-01T00:00:00+00:00;DOGEBULL/USD;496,90000000;551,10000000;365,20000000;400,70000000;-24,01
2020-11-30T00:00:00+00:00;DOGEBULL/USD;452,50000000;497,00000000;430,40000000;496,90000000;8,94
2020-11-29T00:00:00+00:00;DOGEBULL/USD;437,60000000;475,40000000;405,20000000;452,50000000;3,29
2020-11-28T00:00:00+00:00;DOGEBULL/USD;392,00000000;466,20000000;392,00000000;437,60000000;10,42
2020-11-27T00:00:00+00:00;DOGEBULL/USD;400,00000000;400,00000000;316,50000000;392,00000000;-2,04
2020-11-26T00:00:00+00:00;DOGEBULL/USD;605,00000000;620,00000000;276,10000000;400,00000000;-51,25
2020-11-25T00:00:00+00:00;DOGEBULL/USD;964,00000000;971,00000000;550,00000000;605,00000000;-59,34
2020-11-24T00:00:00+00:00;DOGEBULL/USD;674,50000000;991,75000000;611,75000000;964,00000000;30,03
2020-11-23T00:00:00+00:00;DOGEBULL/USD;518,70000000;674,50000000;457,25000000;674,50000000;23,1
2020-11-22T00:00:00+00:00;DOGEBULL/USD;628,50000000;707,75000000;425,50000000;518,70000000;-21,17
2020-11-21T00:00:00+00:00;DOGEBULL/USD;406,30000000;655,30000000;406,30000000;628,50000000;35,35
2020-11-20T00:00:00+00:00;DOGEBULL/USD;368,00000000;444,70000000;367,40000000;406,30000000;9,43
2020-11-19T00:00:00+00:00;DOGEBULL/USD;365,70000000;387,50000000;360,00000000;368,00000000;0,63
2020-11-18T00:00:00+00:00;DOGEBULL/USD;399,00000000;421,10000000;348,90000000;365,70000000;-9,11
2020-11-17T00:00:00+00:00;DOGEBULL/USD;382,10000000;411,00000000;380,40000000;399,00000000;4,24
2020-11-16T00:00:00+00:00;DOGEBULL/USD;330,00000000;425,50000000;330,00000000;382,10000000;13,64
2020-11-15T00:00:00+00:00;DOGEBULL/USD;335,00000000;344,40000000;322,60000000;330,00000000;-1,52
2020-11-14T00:00:00+00:00;DOGEBULL/USD;352,90000000;352,90000000;319,40000000;335,00000000;-5,34
2020-11-13T00:00:00+00:00;DOGEBULL/USD;335,60000000;367,30000000;335,60000000;352,90000000;4,9
2020-11-12T00:00:00+00:00;DOGEBULL/USD;332,70000000;345,40000000;328,30000000;335,60000000;0,86
2020-11-11T00:00:00+00:00;DOGEBULL/USD;343,00000000;368,20000000;332,70000000;332,70000000;-3,1
2020-11-10T00:00:00+00:00;DOGEBULL/USD;314,30000000;373,00000000;308,50000000;343,00000000;8,37
2020-11-09T00:00:00+00:00;DOGEBULL/USD;325,70000000;350,50000000;301,60000000;314,30000000;-3,63
2020-11-08T00:00:00+00:00;DOGEBULL/USD;300,90000000;329,60000000;300,90000000;325,70000000;7,61
2020-11-07T00:00:00+00:00;DOGEBULL/USD;349,50000000;370,30000000;280,00000000;300,90000000;-16,15
2020-11-06T00:00:00+00:00;DOGEBULL/USD;305,40000000;365,50000000;303,70000000;349,50000000;12,62
2020-11-05T00:00:00+00:00;DOGEBULL/USD;270,70000000;306,90000000;270,20000000;305,40000000;11,36
2020-11-04T00:00:00+00:00;DOGEBULL/USD;261,60000000;275,80000000;257,30000000;270,70000000;3,36
2020-11-03T00:00:00+00:00;DOGEBULL/USD;264,60000000;264,60000000;239,70000000;261,60000000;-1,15
2020-11-02T00:00:00+00:00;DOGEBULL/USD;278,40000000;290,10000000;264,10000000;264,60000000;-5,22
2020-11-01T00:00:00+00:00;DOGEBULL/USD;276,70000000;285,60000000;275,70000000;278,40000000;0,61
2020-10-31T00:00:00+00:00;DOGEBULL/USD;283,20000000;288,20000000;275,70000000;276,70000000;-2,35
2020-10-30T00:00:00+00:00;DOGEBULL/USD;283,20000000;288,20000000;268,70000000;283,20000000;0,0
2020-10-29T00:00:00+00:00;DOGEBULL/USD;285,00000000;293,20000000;266,70000000;283,20000000;-0,64
2020-10-28T00:00:00+00:00;DOGEBULL/USD;324,30000000;324,30000000;285,00000000;285,00000000;-13,79
2020-10-27T00:00:00+00:00;DOGEBULL/USD;325,10000000;334,00000000;303,90000000;324,30000000;-0,25
2020-10-26T00:00:00+00:00;DOGEBULL/USD;318,70000000;401,90000000;312,80000000;325,10000000;1,97
2020-10-25T00:00:00+00:00;DOGEBULL/USD;306,40000000;325,00000000;300,40000000;318,70000000;3,86
2020-10-24T00:00:00+00:00;DOGEBULL/USD;314,80000000;317,40000000;300,00000000;306,40000000;-2,74
2020-10-23T00:00:00+00:00;DOGEBULL/USD;316,50000000;323,60000000;307,60000000;314,80000000;-0,54
2020-10-22T00:00:00+00:00;DOGEBULL/USD;302,50000000;323,20000000;300,30000000;316,50000000;4,42
2020-10-21T00:00:00+00:00;DOGEBULL/USD;292,20000000;318,80000000;290,40000000;302,50000000;3,4
2020-10-20T00:00:00+00:00;DOGEBULL/USD;296,00000000;300,30000000;287,30000000;292,20000000;-1,3
2020-10-19T00:00:00+00:00;DOGEBULL/USD;291,60000000;303,80000000;283,10000000;296,00000000;1,49
2020-10-18T00:00:00+00:00;DOGEBULL/USD;292,00000000;292,60000000;291,30000000;291,60000000;-0,14
2020-10-17T00:00:00+00:00;DOGEBULL/USD;295,20000000;298,70000000;286,00000000;292,00000000;-1,1
2020-10-16T00:00:00+00:00;DOGEBULL/USD;287,10000000;296,70000000;267,50000000;295,20000000;2,74
2020-10-15T00:00:00+00:00;DOGEBULL/USD;301,20000000;305,60000000;282,00000000;287,10000000;-4,91
2020-10-14T00:00:00+00:00;DOGEBULL/USD;307,60000000;310,40000000;295,00000000;301,20000000;-2,12
2020-10-13T00:00:00+00:00;DOGEBULL/USD;316,80000000;319,60000000;298,20000000;307,60000000;-2,99
2020-10-12T00:00:00+00:00;DOGEBULL/USD;313,00000000;324,80000000;302,40000000;316,80000000;1,2
2020-10-11T00:00:00+00:00;DOGEBULL/USD;312,40000000;321,00000000;309,50000000;313,00000000;0,19
2020-10-10T00:00:00+00:00;DOGEBULL/USD;303,80000000;329,40000000;303,80000000;312,40000000;2,75
2020-10-09T00:00:00+00:00;DOGEBULL/USD;294,40000000;305,90000000;287,30000000;303,80000000;3,09
2020-10-08T00:00:00+00:00;DOGEBULL/USD;284,90000000;296,30000000;271,40000000;294,40000000;3,23
2020-10-07T00:00:00+00:00;DOGEBULL/USD;284,80000000;286,20000000;272,30000000;284,90000000;0,04
2020-10-06T00:00:00+00:00;DOGEBULL/USD;286,00000000;288,40000000;277,30000000;284,80000000;-0,42
2020-10-05T00:00:00+00:00;DOGEBULL/USD;296,80000000;297,50000000;286,00000000;286,00000000;-3,78
2020-10-04T00:00:00+00:00;DOGEBULL/USD;282,10000000;300,90000000;280,70000000;296,80000000;4,95
2020-10-03T00:00:00+00:00;DOGEBULL/USD;273,20000000;287,80000000;272,30000000;282,10000000;3,15
2020-10-02T00:00:00+00:00;DOGEBULL/USD;292,50000000;294,40000000;262,90000000;273,20000000;-7,06
2020-10-01T00:00:00+00:00;DOGEBULL/USD;290,00000000;306,80000000;267,90000000;292,50000000;0,85
2020-09-30T00:00:00+00:00;DOGEBULL/USD;301,00000000;309,20000000;289,20000000;290,00000000;-3,79
2020-09-29T00:00:00+00:00;DOGEBULL/USD;291,40000000;313,10000000;288,00000000;301,00000000;3,19
2020-09-28T00:00:00+00:00;DOGEBULL/USD;309,90000000;324,20000000;289,40000000;291,40000000;-6,35
2020-09-27T00:00:00+00:00;DOGEBULL/USD;309,00000000;319,70000000;303,40000000;309,90000000;0,29
2020-09-26T00:00:00+00:00;DOGEBULL/USD;307,60000000;327,20000000;306,90000000;309,00000000;0,45
2020-09-25T00:00:00+00:00;DOGEBULL/USD;290,00000000;310,60000000;286,40000000;307,60000000;5,72
2020-09-24T00:00:00+00:00;DOGEBULL/USD;263,00000000;297,60000000;254,10000000;290,00000000;9,31
2020-09-23T00:00:00+00:00;DOGEBULL/USD;286,70000000;288,60000000;260,90000000;263,00000000;-9,01
2020-09-22T00:00:00+00:00;DOGEBULL/USD;280,70000000;293,60000000;276,70000000;286,70000000;2,09
2020-09-21T00:00:00+00:00;DOGEBULL/USD;343,10000000;351,50000000;272,30000000;280,70000000;-22,23
2020-09-20T00:00:00+00:00;DOGEBULL/USD;346,30000000;349,50000000;320,40000000;343,10000000;-0,93
2020-09-19T00:00:00+00:00;DOGEBULL/USD;340,50000000;354,40000000;333,40000000;346,30000000;1,67
2020-09-18T00:00:00+00:00;DOGEBULL/USD;353,70000000;355,10000000;332,10000000;340,50000000;-3,88
2020-09-17T00:00:00+00:00;DOGEBULL/USD;349,30000000;363,30000000;339,30000000;353,70000000;1,24
2020-09-16T00:00:00+00:00;DOGEBULL/USD;349,00000000;367,50000000;341,30000000;349,30000000;0,09
2020-09-15T00:00:00+00:00;DOGEBULL/USD;334,10000000;370,80000000;330,10000000;349,00000000;4,27
2020-09-14T00:00:00+00:00;DOGEBULL/USD;332,10000000;350,40000000;323,70000000;334,10000000;0,6
2020-09-13T00:00:00+00:00;DOGEBULL/USD;349,60000000;352,00000000;317,10000000;332,10000000;-5,27
2020-09-12T00:00:00+00:00;DOGEBULL/USD;333,80000000;351,10000000;327,00000000;349,60000000;4,52
2020-09-11T00:00:00+00:00;DOGEBULL/USD;333,10000000;337,20000000;310,40000000;333,80000000;0,21
2020-09-10T00:00:00+00:00;DOGEBULL/USD;334,60000000;348,90000000;325,00000000;333,10000000;-0,45
2020-09-09T00:00:00+00:00;DOGEBULL/USD;318,60000000;339,60000000;302,00000000;334,60000000;4,78
2020-09-08T00:00:00+00:00;DOGEBULL/USD;341,90000000;350,40000000;294,60000000;318,60000000;-7,31
2020-09-07T00:00:00+00:00;DOGEBULL/USD;327,00000000;349,40000000;298,30000000;341,90000000;4,36
2020-09-06T00:00:00+00:00;DOGEBULL/USD;309,70000000;341,20000000;300,00000000;327,00000000;5,29
2020-09-05T00:00:00+00:00;DOGEBULL/USD;368,00000000;371,70000000;288,80000000;309,70000000;-18,82
2020-09-04T00:00:00+00:00;DOGEBULL/USD;323,80000000;380,40000000;305,20000000;368,00000000;12,01
2020-09-03T00:00:00+00:00;DOGEBULL/USD;492,00000000;492,00000000;322,60000000;323,80000000;-51,95
2020-09-02T00:00:00+00:00;DOGEBULL/USD;554,00000000;564,00000000;447,00000000;492,00000000;-12,6
2020-09-01T00:00:00+00:00;DOGEBULL/USD;540,00000000;577,00000000;521,50000000;554,00000000;2,53
2020-08-31T00:00:00+00:00;DOGEBULL/USD;575,00000000;580,00000000;528,50000000;540,00000000;-6,48
2020-08-30T00:00:00+00:00;DOGEBULL/USD;575,25000000;597,50000000;562,50000000;575,00000000;-0,04
2020-08-29T00:00:00+00:00;DOGEBULL/USD;555,00000000;580,00000000;530,75000000;575,25000000;3,52
2020-08-28T00:00:00+00:00;DOGEBULL/USD;519,00000000;568,70000000;517,90000000;555,00000000;6,49
2020-08-27T00:00:00+00:00;DOGEBULL/USD;573,00000000;574,00000000;497,25000000;519,00000000;-10,4
2020-08-26T00:00:00+00:00;DOGEBULL/USD;573,00000000;597,75000000;522,75000000;573,00000000;0,0
2020-08-25T00:00:00+00:00;DOGEBULL/USD;632,00000000;632,00000000;520,00000000;573,00000000;-10,3
2020-08-24T00:00:00+00:00;DOGEBULL/USD;628,00000000;662,00000000;609,00000000;632,00000000;0,63
2020-08-23T00:00:00+00:00;DOGEBULL/USD;657,00000000;659,50000000;618,00000000;628,00000000;-4,62
2020-08-22T00:00:00+00:00;DOGEBULL/USD;624,00000000;657,00000000;596,00000000;657,00000000;5,02
2020-08-21T00:00:00+00:00;DOGEBULL/USD;662,00000000;734,00000000;622,00000000;624,00000000;-6,09
2020-08-20T00:00:00+00:00;DOGEBULL/USD;649,00000000;691,00000000;629,00000000;662,00000000;1,96
2020-08-19T00:00:00+00:00;DOGEBULL/USD;696,50000000;735,25000000;611,50000000;649,00000000;-7,32
2020-08-18T00:00:00+00:00;DOGEBULL/USD;768,00000000;847,25000000;682,00000000;696,50000000;-10,27
2020-08-17T00:00:00+00:00;DOGEBULL/USD;729,00000000;862,00000000;717,00000000;768,00000000;5,08
2020-08-16T00:00:00+00:00;DOGEBULL/USD;754,75000000;754,75000000;676,50000000;729,00000000;-3,53
2020-08-15T00:00:00+00:00;DOGEBULL/USD;773,00000000;811,50000000;711,00000000;754,75000000;-2,42
2020-08-14T00:00:00+00:00;DOGEBULL/USD;721,00000000;784,00000000;696,00000000;773,00000000;6,73
2020-08-13T00:00:00+00:00;DOGEBULL/USD;723,00000000;752,75000000;647,00000000;721,00000000;-0,28
2020-08-12T00:00:00+00:00;DOGEBULL/USD;679,00000000;736,00000000;647,00000000;723,00000000;6,09
2020-08-11T00:00:00+00:00;DOGEBULL/USD;748,00000000;812,00000000;641,00000000;679,00000000;-10,16
2020-08-10T00:00:00+00:00;DOGEBULL/USD;749,50000000;791,25000000;720,00000000;748,00000000;-0,2
2020-08-09T00:00:00+00:00;DOGEBULL/USD;772,50000000;772,75000000;713,50000000;749,50000000;-3,07
2020-08-08T00:00:00+00:00;DOGEBULL/USD;776,75000000;795,75000000;701,00000000;772,50000000;-0,55
2020-08-07T00:00:00+00:00;DOGEBULL/USD;799,00000000;862,25000000;689,00000000;776,75000000;-2,86
2020-08-06T00:00:00+00:00;DOGEBULL/USD;773,75000000;856,75000000;746,25000000;799,00000000;3,16
2020-08-05T00:00:00+00:00;DOGEBULL/USD;800,00000000;843,00000000;761,00000000;773,75000000;-3,39
2020-08-04T00:00:00+00:00;DOGEBULL/USD;725,75000000;813,00000000;689,75000000;800,00000000;9,28
2020-08-03T00:00:00+00:00;DOGEBULL/USD;678,50000000;743,50000000;649,25000000;725,75000000;6,51
2020-08-02T00:00:00+00:00;DOGEBULL/USD;1047,25000000;1061,00000000;635,25000000;678,50000000;-54,35
2020-08-01T00:00:00+00:00;DOGEBULL/USD;700,00000000;1114,00000000;685,00000000;1047,25000000;33,16
2020-07-31T00:00:00+00:00;DOGEBULL/USD;697,00000000;711,25000000;672,50000000;700,00000000;0,43
2020-07-30T00:00:00+00:00;DOGEBULL/USD;685,00000000;725,75000000;668,00000000;697,00000000;1,72
2020-07-29T00:00:00+00:00;DOGEBULL/USD;673,25000000;740,00000000;673,25000000;685,00000000;1,72
2020-07-28T00:00:00+00:00;DOGEBULL/USD;656,50000000;729,50000000;650,50000000;673,25000000;2,49
2020-07-27T00:00:00+00:00;DOGEBULL/USD;712,00000000;730,50000000;577,25000000;656,50000000;-8,45
2020-07-26T00:00:00+00:00;DOGEBULL/USD;735,25000000;749,00000000;693,00000000;712,00000000;-3,27
2020-07-25T00:00:00+00:00;DOGEBULL/USD;713,00000000;772,50000000;689,25000000;735,25000000;3,03
2020-07-24T00:00:00+00:00;DOGEBULL/USD;757,75000000;764,00000000;647,00000000;713,00000000;-6,28
2020-07-23T00:00:00+00:00;DOGEBULL/USD;749,00000000;799,00000000;736,00000000;757,75000000;1,15
2020-07-22T00:00:00+00:00;DOGEBULL/USD;756,50000000;757,00000000;696,75000000;749,00000000;-1,0
2020-07-21T00:00:00+00:00;DOGEBULL/USD;702,25000000;766,75000000;689,75000000;756,50000000;7,17
2020-07-20T00:00:00+00:00;DOGEBULL/USD;820,00000000;862,75000000;661,25000000;702,25000000;-16,77
2020-07-19T00:00:00+00:00;DOGEBULL/USD;879,25000000;1134,25000000;775,00000000;820,00000000;-7,23
2020-07-18T00:00:00+00:00;DOGEBULL/USD;640,75000000;992,00000000;615,00000000;879,25000000;27,13
2020-07-17T00:00:00+00:00;DOGEBULL/USD;596,00000000;648,50000000;552,00000000;640,75000000;6,98
2020-07-16T00:00:00+00:00;DOGEBULL/USD;652,50000000;652,50000000;517,25000000;596,00000000;-9,48
2020-07-15T00:00:00+00:00;DOGEBULL/USD;797,00000000;797,00000000;612,25000000;652,50000000;-22,15
2020-07-14T00:00:00+00:00;DOGEBULL/USD;716,25000000;855,00000000;602,00000000;797,00000000;10,13
2020-07-13T00:00:00+00:00;DOGEBULL/USD;1163,50000000;1164,00000000;572,50000000;716,25000000;-62,44
2020-07-12T00:00:00+00:00;DOGEBULL/USD;1340,00000000;1377,00000000;1108,00000000;1163,50000000;-15,17
2020-07-11T00:00:00+00:00;DOGEBULL/USD;1092,00000000;1482,00000000;1018,50000000;1340,00000000;18,51
2020-07-10T00:00:00+00:00;DOGEBULL/USD;2133,00000000;2133,00000000;967,00000000;1092,00000000;-95,33
2020-07-09T00:00:00+00:00;DOGEBULL/USD;3121,00000000;3663,00000000;1715,50000000;2133,00000000;-46,32
2020-07-08T00:00:00+00:00;DOGEBULL/USD;1202,00000000;3875,00000000;1106,50000000;3121,00000000;61,49
2020-07-07T00:00:00+00:00;DOGEBULL/USD;764,00000000;1389,50000000;757,75000000;1196,50000000;36,15
2020-07-06T00:00:00+00:00;DOGEBULL/USD;548,75000000;764,00000000;543,50000000;764,00000000;28,17
2020-07-05T00:00:00+00:00;DOGEBULL/USD;552,00000000;552,00000000;532,50000000;548,75000000;-0,59
2020-07-04T00:00:00+00:00;DOGEBULL/USD;544,50000000;562,50000000;544,50000000;552,00000000;1,36
2020-07-03T00:00:00+00:00;DOGEBULL/USD;557,50000000;571,25000000;541,00000000;544,50000000;-2,39
2020-07-02T00:00:00+00:00;DOGEBULL/USD;565,00000000;571,25000000;537,75000000;558,75000000;-1,12
2020-07-01T00:00:00+00:00;DOGEBULL/USD;549,00000000;571,25000000;543,25000000;565,00000000;2,83
2020-06-30T00:00:00+00:00;DOGEBULL/USD;547,25000000;552,25000000;534,00000000;549,00000000;0,32
2020-06-29T00:00:00+00:00;DOGEBULL/USD;554,75000000;560,25000000;540,50000000;547,25000000;-1,37
2020-06-28T00:00:00+00:00;DOGEBULL/USD;541,75000000;572,50000000;526,00000000;554,75000000;2,34
2020-06-27T00:00:00+00:00;DOGEBULL/USD;591,00000000;597,50000000;521,75000000;541,75000000;-9,09
2020-06-26T00:00:00+00:00;DOGEBULL/USD;623,75000000;623,75000000;575,50000000;591,00000000;-5,54
2020-06-25T00:00:00+00:00;DOGEBULL/USD;636,25000000;636,25000000;609,00000000;623,75000000;-2,0
2020-06-24T00:00:00+00:00;DOGEBULL/USD;685,75000000;685,75000000;608,25000000;636,25000000;-7,78
2020-06-23T00:00:00+00:00;DOGEBULL/USD;690,00000000;690,00000000;679,75000000;685,75000000;-0,62
2020-06-22T00:00:00+00:00;DOGEBULL/USD;651,00000000;701,00000000;651,00000000;690,00000000;5,65
2020-06-21T00:00:00+00:00;DOGEBULL/USD;666,50000000;689,75000000;651,00000000;651,00000000;-2,38
2020-06-20T00:00:00+00:00;DOGEBULL/USD;668,75000000;677,00000000;643,00000000;666,50000000;-0,34
2020-06-19T00:00:00+00:00;DOGEBULL/USD;678,25000000;678,50000000;657,00000000;668,75000000;-1,42
2020-06-18T00:00:00+00:00;DOGEBULL/USD;707,50000000;707,50000000;672,75000000;678,25000000;-4,31
2020-06-17T00:00:00+00:00;DOGEBULL/USD;705,25000000;709,00000000;673,75000000;707,50000000;0,32
2020-06-16T00:00:00+00:00;DOGEBULL/USD;716,50000000;723,50000000;659,50000000;705,25000000;-1,6
2020-06-15T00:00:00+00:00;DOGEBULL/USD;725,75000000;726,50000000;648,75000000;716,50000000;-1,29
2020-06-14T00:00:00+00:00;DOGEBULL/USD;776,50000000;780,75000000;725,75000000;725,75000000;-6,99
2020-06-13T00:00:00+00:00;DOGEBULL/USD;755,25000000;780,75000000;736,00000000;776,50000000;2,74
2020-06-12T00:00:00+00:00;DOGEBULL/USD;722,75000000;768,25000000;715,00000000;755,25000000;4,3
2020-06-11T00:00:00+00:00;DOGEBULL/USD;838,75000000;855,50000000;677,25000000;722,75000000;-16,05
2020-06-10T00:00:00+00:00;DOGEBULL/USD;848,50000000;862,50000000;826,00000000;838,75000000;-1,16
2020-06-09T00:00:00+00:00;DOGEBULL/USD;869,50000000;869,50000000;827,25000000;848,50000000;-2,47
2020-06-08T00:00:00+00:00;DOGEBULL/USD;877,25000000;880,00000000;858,00000000;869,50000000;-0,89
2020-06-07T00:00:00+00:00;DOGEBULL/USD;881,00000000;897,50000000;854,75000000;877,25000000;-0,43
2020-06-06T00:00:00+00:00;DOGEBULL/USD;899,00000000;905,25000000;870,50000000;881,00000000;-2,04
2020-06-05T00:00:00+00:00;DOGEBULL/USD;961,25000000;965,50000000;892,25000000;899,00000000;-6,92
2020-06-04T00:00:00+00:00;DOGEBULL/USD;931,50000000;1072,75000000;906,00000000;961,25000000;3,09
2020-06-03T00:00:00+00:00;DOGEBULL/USD;880,00000000;932,50000000;878,00000000;931,50000000;5,53
2020-06-02T00:00:00+00:00;DOGEBULL/USD;988,50000000;1014,25000000;843,50000000;880,00000000;-12,33
2020-06-01T00:00:00+00:00;DOGEBULL/USD;886,00000000;1042,50000000;869,25000000;988,50000000;10,37
2020-05-31T00:00:00+00:00;DOGEBULL/USD;980,00000000;988,25000000;868,25000000;886,00000000;-10,61
2020-05-30T00:00:00+00:00;DOGEBULL/USD;890,00000000;981,25000000;881,00000000;980,00000000;9,18
2020-05-29T00:00:00+00:00;DOGEBULL/USD;885,25000000;913,75000000;860,00000000;890,00000000;0,53
2020-05-28T00:00:00+00:00;DOGEBULL/USD;870,00000000;948,00000000;856,25000000;885,25000000;1,72
2020-05-27T00:00:00+00:00;DOGEBULL/USD;853,75000000;900,00000000;842,00000000;870,00000000;1,87
2020-05-26T00:00:00+00:00;DOGEBULL/USD;906,50000000;909,50000000;821,25000000;853,75000000;-6,18
2020-05-25T00:00:00+00:00;DOGEBULL/USD;844,00000000;924,75000000;820,00000000;906,50000000;6,89
2020-05-24T00:00:00+00:00;DOGEBULL/USD;961,00000000;988,50000000;840,00000000;844,00000000;-13,86
2020-05-23T00:00:00+00:00;DOGEBULL/USD;935,25000000;973,50000000;904,75000000;961,00000000;2,68
2020-05-22T00:00:00+00:00;DOGEBULL/USD;888,50000000;976,75000000;862,25000000;935,25000000;5,0
2020-05-21T00:00:00+00:00;DOGEBULL/USD;928,25000000;974,00000000;851,75000000;888,50000000;-4,47
2020-05-20T00:00:00+00:00;DOGEBULL/USD;1000,50000000;1014,75000000;876,25000000;928,25000000;-7,78
2020-05-19T00:00:00+00:00;DOGEBULL/USD;982,00000000;1025,50000000;941,25000000;1000,50000000;1,85
2020-05-18T00:00:00+00:00;DOGEBULL/USD;994,00000000;1045,25000000;969,00000000;982,00000000;-1,22
2020-05-17T00:00:00+00:00;DOGEBULL/USD;963,00000000;1038,25000000;957,25000000;994,00000000;3,12
2020-05-16T00:00:00+00:00;DOGEBULL/USD;945,25000000;996,50000000;932,50000000;963,00000000;1,84
2020-05-15T00:00:00+00:00;DOGEBULL/USD;1045,75000000;1051,25000000;925,25000000;945,25000000;-10,63
2020-05-14T00:00:00+00:00;DOGEBULL/USD;995,25000000;1131,50000000;973,50000000;1045,75000000;4,83
2020-05-13T00:00:00+00:00;DOGEBULL/USD;920,75000000;1004,00000000;891,75000000;995,25000000;7,49
2020-05-12T00:00:00+00:00;DOGEBULL/USD;895,50000000;994,25000000;879,75000000;920,75000000;2,74
2020-05-11T00:00:00+00:00;DOGEBULL/USD;926,75000000;1032,50000000;774,00000000;895,50000000;-3,49
2020-05-10T00:00:00+00:00;DOGEBULL/USD;1212,50000000;1236,50000000;743,00000000;926,75000000;-30,83
2020-05-09T00:00:00+00:00;DOGEBULL/USD;1247,00000000;1264,00000000;1152,50000000;1212,50000000;-2,85
2020-05-08T00:00:00+00:00;DOGEBULL/USD;1306,00000000;1308,50000000;1188,00000000;1247,00000000;-4,73
2020-05-07T00:00:00+00:00;DOGEBULL/USD;1082,50000000;1333,50000000;1048,50000000;1306,00000000;17,11
2020-05-06T00:00:00+00:00;DOGEBULL/USD;1089,00000000;1154,50000000;1049,50000000;1082,50000000;-0,6
2020-05-05T00:00:00+00:00;DOGEBULL/USD;1063,50000000;1113,00000000;1014,50000000;1089,00000000;2,34
2020-05-04T00:00:00+00:00;DOGEBULL/USD;1126,50000000;1134,00000000;916,00000000;1063,50000000;-5,92
2020-05-03T00:00:00+00:00;DOGEBULL/USD;1154,50000000;1232,00000000;1033,50000000;1126,50000000;-2,49
2020-05-02T00:00:00+00:00;DOGEBULL/USD;1092,75000000;1157,00000000;1056,50000000;1154,50000000;5,35
2020-05-01T00:00:00+00:00;DOGEBULL/USD;1014,75000000;1174,25000000;1003,75000000;1089,50000000;6,86
2020-04-30T00:00:00+00:00;DOGEBULL/USD;1104,50000000;1341,00000000;947,00000000;1014,75000000;-8,84
2020-04-29T00:00:00+00:00;DOGEBULL/USD;921,25000000;1155,50000000;911,00000000;1104,50000000;16,59
2020-04-28T00:00:00+00:00;DOGEBULL/USD;932,25000000;955,75000000;879,75000000;921,25000000;-1,19
2020-04-27T00:00:00+00:00;DOGEBULL/USD;982,25000000;990,00000000;866,75000000;932,25000000;-5,36
2020-04-26T00:00:00+00:00;DOGEBULL/USD;707,00000000;1043,50000000;694,25000000;982,25000000;28,02
2020-04-25T00:00:00+00:00;DOGEBULL/USD;665,25000000;728,25000000;629,75000000;707,00000000;5,91
2020-04-24T00:00:00+00:00;DOGEBULL/USD;643,75000000;699,50000000;641,50000000;665,25000000;3,23
2020-04-23T00:00:00+00:00;DOGEBULL/USD;596,00000000;734,25000000;591,25000000;643,75000000;7,42
2020-04-22T00:00:00+00:00;DOGEBULL/USD;552,25000000;606,50000000;552,25000000;596,00000000;7,34
2020-04-21T00:00:00+00:00;DOGEBULL/USD;574,50000000;600,25000000;544,50000000;552,25000000;-4,03
2020-04-20T00:00:00+00:00;DOGEBULL/USD;619,25000000;652,75000000;547,50000000;574,50000000;-7,79
2020-04-19T00:00:00+00:00;DOGEBULL/USD;644,25000000;657,25000000;605,25000000;619,25000000;-4,04
2020-04-18T00:00:00+00:00;DOGEBULL/USD;595,25000000;652,00000000;588,00000000;644,25000000;7,61
2020-04-17T00:00:00+00:00;DOGEBULL/USD;586,00000000;600,25000000;579,00000000;595,25000000;1,55
2020-04-16T00:00:00+00:00;DOGEBULL/USD;523,50000000;596,20000000;495,20000000;586,00000000;10,67
2020-04-15T00:00:00+00:00;DOGEBULL/USD;557,75000000;574,00000000;515,50000000;523,50000000;-6,54
2020-04-14T00:00:00+00:00;DOGEBULL/USD;550,50000000;577,60000000;544,00000000;557,75000000;1,3
2020-04-13T00:00:00+00:00;DOGEBULL/USD;575,75000000;575,75000000;486,00000000;550,50000000;-4,59
2020-04-12T00:00:00+00:00;DOGEBULL/USD;564,00000000;604,75000000;547,00000000;575,75000000;2,04
2020-04-11T00:00:00+00:00;DOGEBULL/USD;578,00000000;601,50000000;547,00000000;564,00000000;-2,48
2020-04-10T00:00:00+00:00;DOGEBULL/USD;631,50000000;631,50000000;501,00000000;578,00000000;-9,26
2020-04-09T00:00:00+00:00;DOGEBULL/USD;618,50000000;631,50000000;609,50000000;631,50000000;2,06
2020-04-08T00:00:00+00:00;DOGEBULL/USD;587,75000000;645,00000000;573,75000000;618,50000000;4,97
2020-04-07T00:00:00+00:00;DOGEBULL/USD;589,00000000;616,75000000;571,50000000;587,75000000;-0,21
2020-04-06T00:00:00+00:00;DOGEBULL/USD;476,20000000;590,75000000;473,80000000;589,00000000;19,15
2020-04-05T00:00:00+00:00;DOGEBULL/USD;492,60000000;514,80000000;467,60000000;476,20000000;-3,44
2020-04-04T00:00:00+00:00;DOGEBULL/USD;483,50000000;521,50000000;455,50000000;492,60000000;1,85
2020-04-03T00:00:00+00:00;DOGEBULL/USD;492,00000000;512,40000000;465,10000000;483,40000000;-1,78
2020-04-02T00:00:00+00:00;DOGEBULL/USD;484,50000000;574,20000000;476,10000000;492,10000000;1,54
2020-04-01T00:00:00+00:00;DOGEBULL/USD;444,20000000;490,20000000;419,60000000;484,50000000;8,32
2020-03-31T00:00:00+00:00;DOGEBULL/USD;443,00000000;465,00000000;437,30000000;444,20000000;0,27
2020-03-30T00:00:00+00:00;DOGEBULL/USD;380,20000000;465,60000000;375,10000000;442,90000000;14,16
2020-03-29T00:00:00+00:00;DOGEBULL/USD;419,70000000;438,40000000;370,50000000;380,10000000;-10,42
2020-03-28T00:00:00+00:00;DOGEBULL/USD;422,10000000;436,10000000;372,80000000;419,80000000;-0,55
2020-03-27T00:00:00+00:00;DOGEBULL/USD;484,20000000;491,20000000;409,00000000;422,20000000;-14,68
2020-03-26T00:00:00+00:00;DOGEBULL/USD;465,00000000;492,50000000;460,40000000;484,20000000;3,97
2020-03-25T00:00:00+00:00;DOGEBULL/USD;498,50000000;511,20000000;445,50000000;465,00000000;-7,2
2020-03-24T00:00:00+00:00;DOGEBULL/USD;449,80000000;524,70000000;448,90000000;498,50000000;9,77
2020-03-23T00:00:00+00:00;DOGEBULL/USD;396,50000000;469,70000000;369,80000000;449,90000000;11,87
2020-03-22T00:00:00+00:00;DOGEBULL/USD;439,10000000;462,50000000;387,60000000;396,40000000;-10,77
2020-03-21T00:00:00+00:00;DOGEBULL/USD;421,50000000;470,20000000;371,00000000;439,00000000;3,99
2020-03-20T00:00:00+00:00;DOGEBULL/USD;409,60000000;522,60000000;347,30000000;422,20000000;2,98
2020-03-19T00:00:00+00:00;DOGEBULL/USD;306,60000000;456,20000000;299,70000000;410,20000000;25,26
2020-03-18T00:00:00+00:00;DOGEBULL/USD;321,90000000;328,50000000;286,90000000;306,60000000;-4,99
2020-03-17T00:00:00+00:00;DOGEBULL/USD;289,50000000;348,00000000;262,40000000;321,90000000;10,07
2020-03-16T00:00:00+00:00;DOGEBULL/USD;379,30000000;392,10000000;217,20000000;289,50000000;-31,02
2020-03-15T00:00:00+00:00;DOGEBULL/USD;376,40000000;458,00000000;361,00000000;379,30000000;0,76
2020-03-14T00:00:00+00:00;DOGEBULL/USD;423,00000000;453,10000000;353,00000000;376,40000000;-12,38
2020-03-13T00:00:00+00:00;DOGEBULL/USD;381,00000000;444,85000000;161,60000000;423,00000000;9,93
2020-03-12T00:00:00+00:00;DOGEBULL/USD;1482,50000000;1538,50000000;334,50000000;381,00000000;-289,11
2020-03-11T00:00:00+00:00;DOGEBULL/USD;1567,00000000;1603,00000000;1341,50000000;1482,50000000;-5,7
2020-03-10T00:00:00+00:00;DOGEBULL/USD;1578,00000000;1681,50000000;1483,00000000;1567,00000000;-0,7
2020-03-09T00:00:00+00:00;DOGEBULL/USD;1487,00000000;1578,50000000;1322,50000000;1578,00000000;5,77
2020-03-08T00:00:00+00:00;DOGEBULL/USD;2128,00000000;2128,00000000;1487,00000000;1487,00000000;-43,11
2020-03-07T00:00:00+00:00;DOGEBULL/USD;2344,00000000;2381,00000000;2093,00000000;2128,00000000;-10,15
2020-03-06T00:00:00+00:00;DOGEBULL/USD;2396,00000000;2402,00000000;2282,00000000;2344,00000000;-2,22
2020-03-05T00:00:00+00:00;DOGEBULL/USD;2241,00000000;2482,00000000;2241,00000000;2396,00000000;6,47
2020-03-04T00:00:00+00:00;DOGEBULL/USD;2435,00000000;2442,00000000;2079,00000000;2241,00000000;-8,66
2020-03-03T00:00:00+00:00;DOGEBULL/USD;2023,00000000;2515,00000000;1934,00000000;2435,00000000;16,92
2020-03-02T00:00:00+00:00;DOGEBULL/USD;1792,50000000;2102,00000000;1769,50000000;2023,00000000;11,39
2020-03-01T00:00:00+00:00;DOGEBULL/USD;1691,50000000;1849,00000000;1672,50000000;1792,50000000;5,63
2020-02-29T00:00:00+00:00;DOGEBULL/USD;1863,50000000;1937,00000000;1681,50000000;1691,50000000;-10,17
2020-02-28T00:00:00+00:00;DOGEBULL/USD;2014,00000000;2072,00000000;1701,00000000;1863,50000000;-8,08
2020-02-27T00:00:00+00:00;DOGEBULL/USD;1999,00000000;2193,00000000;1888,50000000;2011,00000000;0,6
2020-02-26T00:00:00+00:00;DOGEBULL/USD;2371,00000000;2404,00000000;1631,00000000;1999,00000000;-18,61
2020-02-25T00:00:00+00:00;DOGEBULL/USD;2741,00000000;2741,00000000;2243,00000000;2371,00000000;-15,61
2020-02-24T00:00:00+00:00;DOGEBULL/USD;3098,00000000;3148,00000000;2665,00000000;2741,00000000;-13,02
2020-02-23T00:00:00+00:00;DOGEBULL/USD;2814,00000000;3106,00000000;2798,00000000;3098,00000000;9,17
2020-02-22T00:00:00+00:00;DOGEBULL/USD;3057,00000000;3057,00000000;2771,00000000;2814,00000000;-8,64
2020-02-21T00:00:00+00:00;DOGEBULL/USD;3023,00000000;3265,00000000;2860,00000000;3057,00000000;1,11
2020-02-20T00:00:00+00:00;DOGEBULL/USD;2920,00000000;3122,00000000;2716,00000000;3023,00000000;3,41
2020-02-19T00:00:00+00:00;DOGEBULL/USD;3930,00000000;4015,00000000;2904,00000000;2920,00000000;-34,59
2020-02-18T00:00:00+00:00;DOGEBULL/USD;3378,00000000;4030,00000000;3233,00000000;3930,00000000;14,05
2020-02-17T00:00:00+00:00;DOGEBULL/USD;3581,00000000;3594,00000000;2845,00000000;3374,00000000;-6,14
2020-02-16T00:00:00+00:00;DOGEBULL/USD;4323,00000000;4532,00000000;2996,00000000;3581,00000000;-20,72
2020-02-15T00:00:00+00:00;DOGEBULL/USD;5499,00000000;5945,00000000;3950,00000000;4323,00000000;-27,2
2020-02-14T00:00:00+00:00;DOGEBULL/USD;5030,00000000;5705,00000000;4860,00000000;5499,00000000;8,53
2020-02-13T00:00:00+00:00;DOGEBULL/USD;5361,00000000;6145,00000000;4732,50000000;5030,00000000;-6,58
2020-02-12T00:00:00+00:00;DOGEBULL/USD;5322,00000000;6035,00000000;5277,50000000;5361,00000000;0,73
2020-02-11T00:00:00+00:00;DOGEBULL/USD;4940,00000000;5614,00000000;4297,00000000;5322,00000000;7,18
2020-02-10T00:00:00+00:00;DOGEBULL/USD;6862,50000000;7285,00000000;4427,00000000;4940,00000000;-38,92
2020-02-09T00:00:00+00:00;DOGEBULL/USD;6570,00000000;9057,50000000;5955,00000000;6862,50000000;4,26
2020-02-08T00:00:00+00:00;DOGEBULL/USD;4703,00000000;7044,00000000;4397,00000000;6570,00000000;28,42
2020-02-07T00:00:00+00:00;DOGEBULL/USD;4103,00000000;4703,00000000;4076,00000000;4703,00000000;12,76
2020-02-06T00:00:00+00:00;DOGEBULL/USD;3829,00000000;4232,00000000;3739,00000000;4103,00000000;6,68
2020-02-05T00:00:00+00:00;DOGEBULL/USD;3475,00000000;3996,00000000;3475,00000000;3829,00000000;9,25
2020-02-04T00:00:00+00:00;DOGEBULL/USD;3148,00000000;3475,00000000;3087,00000000;3475,00000000;9,41
2020-02-03T00:00:00+00:00;DOGEBULL/USD;3274,00000000;3437,00000000;3148,00000000;3148,00000000;-4,0
2020-02-02T00:00:00+00:00;DOGEBULL/USD;3161,00000000;3411,00000000;3117,00000000;3274,00000000;3,45
2020-02-01T00:00:00+00:00;DOGEBULL/USD;2987,00000000;3169,00000000;2987,00000000;3161,00000000;5,5
2020-01-31T00:00:00+00:00;DOGEBULL/USD;3130,00000000;3248,00000000;2978,00000000;2987,00000000;-4,79
2020-01-30T00:00:00+00:00;DOGEBULL/USD;3062,00000000;3160,00000000;2961,00000000;3130,00000000;2,17
2020-01-29T00:00:00+00:00;DOGEBULL/USD;3248,00000000;3292,00000000;3062,00000000;3062,00000000;-6,07
2020-01-28T00:00:00+00:00;DOGEBULL/USD;2954,00000000;3266,00000000;2951,00000000;3248,00000000;9,05
2020-01-27T00:00:00+00:00;DOGEBULL/USD;2722,00000000;3199,00000000;2659,00000000;2954,00000000;7,85
2020-01-26T00:00:00+00:00;DOGEBULL/USD;2596,00000000;2769,00000000;2590,00000000;2722,00000000;4,63
2020-01-25T00:00:00+00:00;DOGEBULL/USD;2731,00000000;2737,00000000;2568,00000000;2596,00000000;-5,2
2020-01-24T00:00:00+00:00;DOGEBULL/USD;2670,00000000;2798,00000000;2508,00000000;2731,00000000;2,23
2020-01-23T00:00:00+00:00;DOGEBULL/USD;3033,00000000;3080,00000000;2551,00000000;2670,00000000;-13,6
2020-01-22T00:00:00+00:00;DOGEBULL/USD;3140,00000000;3181,00000000;3016,00000000;3033,00000000;-3,53
2020-01-21T00:00:00+00:00;DOGEBULL/USD;3235,00000000;3303,00000000;3028,00000000;3140,00000000;-3,03
2020-01-20T00:00:00+00:00;DOGEBULL/USD;3326,00000000;3382,00000000;3146,00000000;3235,00000000;-2,81
2020-01-19T00:00:00+00:00;DOGEBULL/USD;3869,00000000;4183,00000000;3040,00000000;3326,00000000;-16,33
2020-01-18T00:00:00+00:00;DOGEBULL/USD;3766,00000000;3907,00000000;3579,00000000;3869,00000000;2,66
2020-01-17T00:00:00+00:00;DOGEBULL/USD;3233,00000000;3850,00000000;3188,00000000;3766,00000000;14,15
2020-01-16T00:00:00+00:00;DOGEBULL/USD;3369,00000000;3395,00000000;3033,00000000;3233,00000000;-4,21
2020-01-15T00:00:00+00:00;DOGEBULL/USD;3318,00000000;3836,00000000;3170,00000000;3369,00000000;1,51
2020-01-14T00:00:00+00:00;DOGEBULL/USD;2640,00000000;3413,00000000;2607,00000000;3320,00000000;20,48
2020-01-13T00:00:00+00:00;DOGEBULL/USD;2736,00000000;2739,00000000;2614,00000000;2640,00000000;-3,64
2020-01-12T00:00:00+00:00;DOGEBULL/USD;2616,00000000;2782,00000000;2584,00000000;2729,00000000;4,14
2020-01-11T00:00:00+00:00;DOGEBULL/USD;2794,00000000;2859,00000000;2615,00000000;2616,00000000;-6,8
2020-01-10T00:00:00+00:00;DOGEBULL/USD;2521,00000000;2789,00000000;2425,00000000;2789,00000000;9,61
2020-01-09T00:00:00+00:00;DOGEBULL/USD;2366,00000000;2574,50000000;2286,50000000;2521,00000000;6,15
2020-01-08T00:00:00+00:00;DOGEBULL/USD;2614,00000000;2817,00000000;2307,00000000;2366,00000000;-10,48
2020-01-07T00:00:00+00:00;DOGEBULL/USD;2454,00000000;2653,00000000;2448,00000000;2614,00000000;6,12

