DATE/TIME;SYMBOL;OPEN;HIGH;LOW;CLOSE;EVOL % CLOSE/HIGH
2022-01-05T00:00:00+00:00;BTC/USD;45822,00000000;47107,00000000;45710,00000000;46742,00000000;1,97
2022-01-04T00:00:00+00:00;BTC/USD;46451,00000000;47543,00000000;45511,00000000;45822,00000000;-1,37
2022-01-03T00:00:00+00:00;BTC/USD;47301,00000000;48255,00000000;45696,00000000;46451,00000000;-1,83
2022-01-02T00:00:00+00:00;BTC/USD;47740,00000000;48004,00000000;46648,00000000;47302,00000000;-0,93
2022-01-01T00:00:00+00:00;BTC/USD;46199,00000000;47975,00000000;46199,00000000;47740,00000000;3,23
2021-12-31T00:00:00+00:00;BTC/USD;47126,00000000;48580,00000000;45650,00000000;46199,00000000;-2,01
2021-12-30T00:00:00+00:00;BTC/USD;46458,00000000;47934,00000000;45922,00000000;47126,00000000;1,42
2021-12-29T00:00:00+00:00;BTC/USD;47550,00000000;48146,00000000;46089,00000000;46458,00000000;-2,35
2021-12-28T00:00:00+00:00;BTC/USD;50721,00000000;50721,00000000;47310,00000000;47550,00000000;-6,67
2021-12-27T00:00:00+00:00;BTC/USD;50799,00000000;52129,00000000;50473,00000000;50721,00000000;-0,15
2021-12-26T00:00:00+00:00;BTC/USD;50432,00000000;51314,00000000;49460,00000000;50792,00000000;0,71
2021-12-25T00:00:00+00:00;BTC/USD;50850,00000000;51214,00000000;50158,00000000;50432,00000000;-0,83
2021-12-24T00:00:00+00:00;BTC/USD;50848,00000000;51855,00000000;50430,00000000;50849,00000000;0,0
2021-12-23T00:00:00+00:00;BTC/USD;48614,00000000;51397,00000000;48034,00000000;50848,00000000;4,39
2021-12-22T00:00:00+00:00;BTC/USD;48918,00000000;49597,00000000;48447,00000000;48614,00000000;-0,63
2021-12-21T00:00:00+00:00;BTC/USD;46921,00000000;49333,00000000;46658,00000000;48918,00000000;4,08
2021-12-20T00:00:00+00:00;BTC/USD;46683,00000000;47576,00000000;45569,00000000;46921,00000000;0,51
2021-12-19T00:00:00+00:00;BTC/USD;46855,00000000;48367,00000000;46441,00000000;46683,00000000;-0,37
2021-12-18T00:00:00+00:00;BTC/USD;46157,00000000;47371,00000000;45520,00000000;46855,00000000;1,49
2021-12-17T00:00:00+00:00;BTC/USD;47636,00000000;48007,00000000;45434,00000000;46156,00000000;-3,21
2021-12-16T00:00:00+00:00;BTC/USD;48895,00000000;49465,00000000;47524,00000000;47636,00000000;-2,64
2021-12-15T00:00:00+00:00;BTC/USD;48374,00000000;49527,00000000;46551,00000000;48886,00000000;1,05
2021-12-14T00:00:00+00:00;BTC/USD;46718,00000000;48706,00000000;46292,00000000;48375,00000000;3,43
2021-12-13T00:00:00+00:00;BTC/USD;50095,00000000;50219,00000000;45610,00000000;46718,00000000;-7,23
2021-12-12T00:00:00+00:00;BTC/USD;49413,00000000;50816,00000000;48666,00000000;50095,00000000;1,36
2021-12-11T00:00:00+00:00;BTC/USD;47171,00000000;49529,00000000;46782,00000000;49413,00000000;4,54
2021-12-10T00:00:00+00:00;BTC/USD;47568,00000000;50100,00000000;46900,00000000;47171,00000000;-0,84
2021-12-09T00:00:00+00:00;BTC/USD;50526,00000000;50851,00000000;47334,00000000;47568,00000000;-6,22
2021-12-08T00:00:00+00:00;BTC/USD;50638,00000000;51295,00000000;48647,00000000;50526,00000000;-0,22
2021-12-07T00:00:00+00:00;BTC/USD;50519,00000000;51989,00000000;50061,00000000;50638,00000000;0,24
2021-12-06T00:00:00+00:00;BTC/USD;49456,00000000;50944,00000000;46948,00000000;50519,00000000;2,1
2021-12-05T00:00:00+00:00;BTC/USD;49243,00000000;49754,00000000;47787,00000000;49456,00000000;0,43
2021-12-04T00:00:00+00:00;BTC/USD;53643,00000000;53885,00000000;41800,00000000;49243,00000000;-8,94
2021-12-03T00:00:00+00:00;BTC/USD;56519,00000000;57681,00000000;51593,00000000;53643,00000000;-5,36
2021-12-02T00:00:00+00:00;BTC/USD;57221,00000000;57428,00000000;55800,00000000;56519,00000000;-1,24
2021-12-01T00:00:00+00:00;BTC/USD;56986,00000000;59112,00000000;56485,00000000;57221,00000000;0,41
2021-11-30T00:00:00+00:00;BTC/USD;57831,00000000;59252,00000000;55900,00000000;56986,00000000;-1,48
2021-11-29T00:00:00+00:00;BTC/USD;57342,00000000;58924,00000000;56721,00000000;57831,00000000;0,85
2021-11-28T00:00:00+00:00;BTC/USD;54754,00000000;57500,00000000;53258,00000000;57342,00000000;4,51
2021-11-27T00:00:00+00:00;BTC/USD;53755,00000000;55311,00000000;53635,00000000;54754,00000000;1,82
2021-11-26T00:00:00+00:00;BTC/USD;58985,00000000;59198,00000000;53500,00000000;53747,00000000;-9,75
2021-11-25T00:00:00+00:00;BTC/USD;57152,00000000;59444,00000000;57000,00000000;58982,00000000;3,1
2021-11-24T00:00:00+00:00;BTC/USD;57558,00000000;57763,00000000;55896,00000000;57152,00000000;-0,71
2021-11-23T00:00:00+00:00;BTC/USD;56271,00000000;57884,00000000;55285,00000000;57558,00000000;2,24
2021-11-22T00:00:00+00:00;BTC/USD;58671,00000000;59588,00000000;55629,00000000;56271,00000000;-4,27
2021-11-21T00:00:00+00:00;BTC/USD;59744,00000000;60067,00000000;58545,00000000;58671,00000000;-1,83
2021-11-20T00:00:00+00:00;BTC/USD;58117,00000000;59887,00000000;57421,00000000;59744,00000000;2,72
2021-11-19T00:00:00+00:00;BTC/USD;56911,00000000;58367,00000000;55623,00000000;58117,00000000;2,08
2021-11-18T00:00:00+00:00;BTC/USD;60368,00000000;60979,00000000;56498,00000000;56911,00000000;-6,07
2021-11-17T00:00:00+00:00;BTC/USD;60096,00000000;60848,00000000;58250,00000000;60368,00000000;0,45
2021-11-16T00:00:00+00:00;BTC/USD;63615,00000000;63616,00000000;58500,00000000;60096,00000000;-5,86
2021-11-15T00:00:00+00:00;BTC/USD;65527,00000000;66381,00000000;63363,00000000;63616,00000000;-3,0
2021-11-14T00:00:00+00:00;BTC/USD;64390,00000000;65541,00000000;63582,00000000;65527,00000000;1,74
2021-11-13T00:00:00+00:00;BTC/USD;64137,00000000;64994,00000000;63381,00000000;64390,00000000;0,39
2021-11-12T00:00:00+00:00;BTC/USD;64801,00000000;65471,00000000;62298,00000000;64137,00000000;-1,04
2021-11-11T00:00:00+00:00;BTC/USD;64899,00000000;65610,00000000;64128,00000000;64804,00000000;-0,15
2021-11-10T00:00:00+00:00;BTC/USD;66967,00000000;69081,00000000;62782,00000000;64915,00000000;-3,16
2021-11-09T00:00:00+00:00;BTC/USD;67583,00000000;68672,00000000;66211,00000000;66965,00000000;-0,92
2021-11-08T00:00:00+00:00;BTC/USD;63337,00000000;67887,00000000;63337,00000000;67583,00000000;6,28
2021-11-07T00:00:00+00:00;BTC/USD;61529,00000000;63350,00000000;61391,00000000;63337,00000000;2,85
2021-11-06T00:00:00+00:00;BTC/USD;61021,00000000;61606,00000000;60111,00000000;61529,00000000;0,83
2021-11-05T00:00:00+00:00;BTC/USD;61437,00000000;62647,00000000;60780,00000000;61021,00000000;-0,68
2021-11-04T00:00:00+00:00;BTC/USD;62932,00000000;63121,00000000;60730,00000000;61437,00000000;-2,43
2021-11-03T00:00:00+00:00;BTC/USD;63278,00000000;63574,00000000;60250,00000000;62932,00000000;-0,55
2021-11-02T00:00:00+00:00;BTC/USD;60936,00000000;64303,00000000;60634,00000000;63278,00000000;3,7
2021-11-01T00:00:00+00:00;BTC/USD;61339,00000000;62500,00000000;59345,00000000;60936,00000000;-0,66
2021-10-31T00:00:00+00:00;BTC/USD;61897,00000000;62431,00000000;60000,00000000;61339,00000000;-0,91
2021-10-30T00:00:00+00:00;BTC/USD;62256,00000000;62381,00000000;60690,00000000;61897,00000000;-0,58
2021-10-29T00:00:00+00:00;BTC/USD;60613,00000000;62994,00000000;60171,00000000;62256,00000000;2,64
2021-10-28T00:00:00+00:00;BTC/USD;58449,00000000;62567,00000000;57556,00000000;60613,00000000;3,57
2021-10-27T00:00:00+00:00;BTC/USD;60318,00000000;61500,00000000;58000,00000000;58449,00000000;-3,2
2021-10-26T00:00:00+00:00;BTC/USD;63086,00000000;63294,00000000;59811,00000000;60312,00000000;-4,6
2021-10-25T00:00:00+00:00;BTC/USD;60858,00000000;63733,00000000;60648,00000000;63086,00000000;3,53
2021-10-24T00:00:00+00:00;BTC/USD;61292,00000000;61486,00000000;59481,00000000;60858,00000000;-0,71
2021-10-23T00:00:00+00:00;BTC/USD;60680,00000000;61733,00000000;59592,00000000;61292,00000000;1,0
2021-10-22T00:00:00+00:00;BTC/USD;62212,00000000;63760,00000000;60000,00000000;60680,00000000;-2,52
2021-10-21T00:00:00+00:00;BTC/USD;66022,00000000;66660,00000000;58555,00000000;62212,00000000;-6,12
2021-10-20T00:00:00+00:00;BTC/USD;64312,00000000;67082,00000000;63503,00000000;66022,00000000;2,59
2021-10-19T00:00:00+00:00;BTC/USD;62026,00000000;64511,00000000;61210,00000000;64312,00000000;3,55
2021-10-18T00:00:00+00:00;BTC/USD;61533,00000000;62703,00000000;59882,00000000;62026,00000000;0,79
2021-10-17T00:00:00+00:00;BTC/USD;60878,00000000;61727,00000000;58974,00000000;61533,00000000;1,06
2021-10-16T00:00:00+00:00;BTC/USD;61700,00000000;62359,00000000;60109,00000000;60878,00000000;-1,35
2021-10-15T00:00:00+00:00;BTC/USD;57360,00000000;62891,00000000;56869,00000000;61700,00000000;7,03
2021-10-14T00:00:00+00:00;BTC/USD;57382,00000000;58549,00000000;56709,00000000;57360,00000000;-0,04
2021-10-13T00:00:00+00:00;BTC/USD;56004,00000000;57790,00000000;54233,00000000;57382,00000000;2,4
2021-10-12T00:00:00+00:00;BTC/USD;57492,00000000;57684,00000000;53900,00000000;56004,00000000;-2,66
2021-10-11T00:00:00+00:00;BTC/USD;54684,00000000;57850,00000000;54455,00000000;57492,00000000;4,88
2021-10-10T00:00:00+00:00;BTC/USD;54963,00000000;56530,00000000;54102,00000000;54688,00000000;-0,5
2021-10-09T00:00:00+00:00;BTC/USD;53962,00000000;55500,00000000;53682,00000000;54963,00000000;1,82
2021-10-08T00:00:00+00:00;BTC/USD;53815,00000000;56131,00000000;53651,00000000;53962,00000000;0,27
2021-10-07T00:00:00+00:00;BTC/USD;55341,00000000;55352,00000000;53395,00000000;53815,00000000;-2,84
2021-10-06T00:00:00+00:00;BTC/USD;51496,00000000;55781,00000000;50415,00000000;55341,00000000;6,95
2021-10-05T00:00:00+00:00;BTC/USD;49239,00000000;51920,00000000;49053,00000000;51495,00000000;4,38
2021-10-04T00:00:00+00:00;BTC/USD;48232,00000000;49537,00000000;46918,00000000;49239,00000000;2,05
2021-10-03T00:00:00+00:00;BTC/USD;47668,00000000;49261,00000000;47108,00000000;48232,00000000;1,17
2021-10-02T00:00:00+00:00;BTC/USD;48168,00000000;48367,00000000;47459,00000000;47668,00000000;-1,05
2021-10-01T00:00:00+00:00;BTC/USD;43830,00000000;48498,00000000;43286,00000000;48168,00000000;9,01
2021-09-30T00:00:00+00:00;BTC/USD;41521,00000000;44136,00000000;41411,00000000;43830,00000000;5,27
2021-09-29T00:00:00+00:00;BTC/USD;41019,00000000;42601,00000000;40751,00000000;41521,00000000;1,21
2021-09-28T00:00:00+00:00;BTC/USD;42153,00000000;42777,00000000;40878,00000000;41020,00000000;-2,76
2021-09-27T00:00:00+00:00;BTC/USD;43184,00000000;44387,00000000;42097,00000000;42154,00000000;-2,44
2021-09-26T00:00:00+00:00;BTC/USD;42702,00000000;43956,00000000;40784,00000000;43184,00000000;1,12
2021-09-25T00:00:00+00:00;BTC/USD;42839,00000000;42995,00000000;41663,00000000;42702,00000000;-0,32
2021-09-24T00:00:00+00:00;BTC/USD;44891,00000000;45186,00000000;40711,00000000;42839,00000000;-4,79
2021-09-23T00:00:00+00:00;BTC/USD;43571,00000000;45000,00000000;43091,00000000;44891,00000000;2,94
2021-09-22T00:00:00+00:00;BTC/USD;40721,00000000;44040,00000000;40567,00000000;43571,00000000;6,54
2021-09-21T00:00:00+00:00;BTC/USD;43006,00000000;43643,00000000;39710,00000000;40721,00000000;-5,61
2021-09-20T00:00:00+00:00;BTC/USD;47253,00000000;47345,00000000;42502,00000000;43010,00000000;-9,87
2021-09-19T00:00:00+00:00;BTC/USD;48308,00000000;48380,00000000;46833,00000000;47253,00000000;-2,23
2021-09-18T00:00:00+00:00;BTC/USD;47304,00000000;48825,00000000;47042,00000000;48308,00000000;2,08
2021-09-17T00:00:00+00:00;BTC/USD;47758,00000000;48171,00000000;46752,00000000;47300,00000000;-0,97
2021-09-16T00:00:00+00:00;BTC/USD;48143,00000000;48521,00000000;47042,00000000;47758,00000000;-0,81
2021-09-15T00:00:00+00:00;BTC/USD;47137,00000000;48461,00000000;46700,00000000;48143,00000000;2,09
2021-09-14T00:00:00+00:00;BTC/USD;44965,00000000;47272,00000000;44699,00000000;47145,00000000;4,62
2021-09-13T00:00:00+00:00;BTC/USD;46027,00000000;46918,00000000;43378,00000000;44965,00000000;-2,36
2021-09-12T00:00:00+00:00;BTC/USD;45175,00000000;46489,00000000;44741,00000000;46024,00000000;1,84
2021-09-11T00:00:00+00:00;BTC/USD;44855,00000000;45994,00000000;44722,00000000;45170,00000000;0,7
2021-09-10T00:00:00+00:00;BTC/USD;46392,00000000;47039,00000000;44116,00000000;44859,00000000;-3,42
2021-09-09T00:00:00+00:00;BTC/USD;46059,00000000;47404,00000000;45513,00000000;46392,00000000;0,72
2021-09-08T00:00:00+00:00;BTC/USD;46871,00000000;47361,00000000;44381,00000000;46059,00000000;-1,76
2021-09-07T00:00:00+00:00;BTC/USD;52701,00000000;52961,00000000;42923,00000000;46871,00000000;-12,44
2021-09-06T00:00:00+00:00;BTC/USD;51807,00000000;52811,00000000;51044,00000000;52701,00000000;1,7
2021-09-05T00:00:00+00:00;BTC/USD;49936,00000000;51928,00000000;49463,00000000;51807,00000000;3,61
2021-09-04T00:00:00+00:00;BTC/USD;50025,00000000;50564,00000000;49387,00000000;49936,00000000;-0,18
2021-09-03T00:00:00+00:00;BTC/USD;49273,00000000;51083,00000000;48340,00000000;50024,00000000;1,5
2021-09-02T00:00:00+00:00;BTC/USD;48846,00000000;50407,00000000;48623,00000000;49273,00000000;0,87
2021-09-01T00:00:00+00:00;BTC/USD;47121,00000000;49131,00000000;46521,00000000;48846,00000000;3,53
2021-08-31T00:00:00+00:00;BTC/USD;46983,00000000;48269,00000000;46695,00000000;47122,00000000;0,29
2021-08-30T00:00:00+00:00;BTC/USD;48794,00000000;48905,00000000;46863,00000000;46984,00000000;-3,85
2021-08-29T00:00:00+00:00;BTC/USD;48937,00000000;49680,00000000;47729,00000000;48794,00000000;-0,29
2021-08-28T00:00:00+00:00;BTC/USD;49090,00000000;49330,00000000;48371,00000000;48937,00000000;-0,31
2021-08-27T00:00:00+00:00;BTC/USD;46847,00000000;49182,00000000;46334,00000000;49089,00000000;4,57
2021-08-26T00:00:00+00:00;BTC/USD;48996,00000000;49367,00000000;46304,00000000;46847,00000000;-4,59
2021-08-25T00:00:00+00:00;BTC/USD;47677,00000000;49250,00000000;47124,00000000;48996,00000000;2,69
2021-08-24T00:00:00+00:00;BTC/USD;49499,00000000;49876,00000000;47551,00000000;47677,00000000;-3,82
2021-08-23T00:00:00+00:00;BTC/USD;49281,00000000;50549,00000000;49028,00000000;49499,00000000;0,44
2021-08-22T00:00:00+00:00;BTC/USD;48858,00000000;49548,00000000;48072,00000000;49281,00000000;0,86
2021-08-21T00:00:00+00:00;BTC/USD;49366,00000000;49842,00000000;48277,00000000;48858,00000000;-1,04
2021-08-20T00:00:00+00:00;BTC/USD;46767,00000000;49418,00000000;46642,00000000;49366,00000000;5,26
2021-08-19T00:00:00+00:00;BTC/USD;44717,00000000;47107,00000000;43933,00000000;46767,00000000;4,38
2021-08-18T00:00:00+00:00;BTC/USD;44683,00000000;46035,00000000;44223,00000000;44717,00000000;0,08
2021-08-17T00:00:00+00:00;BTC/USD;45917,00000000;47187,00000000;44392,00000000;44683,00000000;-2,76
2021-08-16T00:00:00+00:00;BTC/USD;47012,00000000;48080,00000000;45675,00000000;45917,00000000;-2,38
2021-08-15T00:00:00+00:00;BTC/USD;47114,00000000;47411,00000000;45500,00000000;47012,00000000;-0,22
2021-08-14T00:00:00+00:00;BTC/USD;47851,00000000;48211,00000000;46035,00000000;47114,00000000;-1,56
2021-08-13T00:00:00+00:00;BTC/USD;44417,00000000;47944,00000000;44240,00000000;47850,00000000;7,17
2021-08-12T00:00:00+00:00;BTC/USD;45537,00000000;46236,00000000;43800,00000000;44417,00000000;-2,52
2021-08-11T00:00:00+00:00;BTC/USD;45591,00000000;46778,00000000;45351,00000000;45546,00000000;-0,1
2021-08-10T00:00:00+00:00;BTC/USD;46273,00000000;46755,00000000;44655,00000000;45591,00000000;-1,5
2021-08-09T00:00:00+00:00;BTC/USD;43823,00000000;46494,00000000;42791,00000000;46273,00000000;5,29
2021-08-08T00:00:00+00:00;BTC/USD;44622,00000000;45359,00000000;43287,00000000;43823,00000000;-1,82
2021-08-07T00:00:00+00:00;BTC/USD;42868,00000000;44746,00000000;42466,00000000;44622,00000000;3,93
2021-08-06T00:00:00+00:00;BTC/USD;40894,00000000;43431,00000000;39862,00000000;42868,00000000;4,6
2021-08-05T00:00:00+00:00;BTC/USD;39732,00000000;41387,00000000;37258,00000000;40894,00000000;2,84
2021-08-04T00:00:00+00:00;BTC/USD;38197,00000000;39969,00000000;37411,00000000;39732,00000000;3,86
2021-08-03T00:00:00+00:00;BTC/USD;39151,00000000;39800,00000000;37634,00000000;38198,00000000;-2,49
2021-08-02T00:00:00+00:00;BTC/USD;39879,00000000;40448,00000000;38682,00000000;39151,00000000;-1,86
2021-08-01T00:00:00+00:00;BTC/USD;41494,00000000;42608,00000000;39415,00000000;39847,00000000;-4,13
2021-07-31T00:00:00+00:00;BTC/USD;42230,00000000;42428,00000000;41055,00000000;41494,00000000;-1,77
2021-07-30T00:00:00+00:00;BTC/USD;40046,00000000;42336,00000000;38333,00000000;42232,00000000;5,18
2021-07-29T00:00:00+00:00;BTC/USD;40036,00000000;40666,00000000;39255,00000000;40046,00000000;0,02
2021-07-28T00:00:00+00:00;BTC/USD;39488,00000000;40937,00000000;38806,00000000;40036,00000000;1,37
2021-07-27T00:00:00+00:00;BTC/USD;37253,00000000;39561,00000000;36406,00000000;39488,00000000;5,66
2021-07-26T00:00:00+00:00;BTC/USD;35413,00000000;40579,00000000;35246,00000000;37253,00000000;4,94
2021-07-25T00:00:00+00:00;BTC/USD;34283,00000000;35431,00000000;33883,00000000;35413,00000000;3,19
2021-07-24T00:00:00+00:00;BTC/USD;33667,00000000;34523,00000000;33430,00000000;34283,00000000;1,8
2021-07-23T00:00:00+00:00;BTC/USD;32295,00000000;33678,00000000;31989,00000000;33666,00000000;4,07
2021-07-22T00:00:00+00:00;BTC/USD;32131,00000000;32600,00000000;31721,00000000;32295,00000000;0,51
2021-07-21T00:00:00+00:00;BTC/USD;29791,00000000;32800,00000000;29496,00000000;32131,00000000;7,28
2021-07-20T00:00:00+00:00;BTC/USD;30845,00000000;31059,00000000;29284,00000000;29791,00000000;-3,54
2021-07-19T00:00:00+00:00;BTC/USD;31784,00000000;31899,00000000;30423,00000000;30845,00000000;-3,04
2021-07-18T00:00:00+00:00;BTC/USD;31522,00000000;32462,00000000;31106,00000000;31784,00000000;0,82
2021-07-17T00:00:00+00:00;BTC/USD;31388,00000000;31959,00000000;31168,00000000;31522,00000000;0,43
2021-07-16T00:00:00+00:00;BTC/USD;31877,00000000;32259,00000000;31037,00000000;31388,00000000;-1,56
2021-07-15T00:00:00+00:00;BTC/USD;32819,00000000;33188,00000000;31138,00000000;31877,00000000;-2,96
2021-07-14T00:00:00+00:00;BTC/USD;32727,00000000;33118,00000000;31578,00000000;32819,00000000;0,28
2021-07-13T00:00:00+00:00;BTC/USD;33088,00000000;33338,00000000;32187,00000000;32727,00000000;-1,1
2021-07-12T00:00:00+00:00;BTC/USD;34257,00000000;34672,00000000;32656,00000000;33090,00000000;-3,53
2021-07-11T00:00:00+00:00;BTC/USD;33511,00000000;34608,00000000;33323,00000000;34257,00000000;2,18
2021-07-10T00:00:00+00:00;BTC/USD;33817,00000000;34266,00000000;33035,00000000;33511,00000000;-0,91
2021-07-09T00:00:00+00:00;BTC/USD;32869,00000000;34100,00000000;32276,00000000;33817,00000000;2,8
2021-07-08T00:00:00+00:00;BTC/USD;33869,00000000;33933,00000000;32075,00000000;32869,00000000;-3,04
2021-07-07T00:00:00+00:00;BTC/USD;34220,00000000;35081,00000000;33780,00000000;33869,00000000;-1,04
2021-07-06T00:00:00+00:00;BTC/USD;33705,00000000;35115,00000000;33508,00000000;34224,00000000;1,52
2021-07-05T00:00:00+00:00;BTC/USD;35290,00000000;35295,00000000;33134,00000000;33705,00000000;-4,7
2021-07-04T00:00:00+00:00;BTC/USD;34681,00000000;35966,00000000;34372,00000000;35290,00000000;1,73
2021-07-03T00:00:00+00:00;BTC/USD;33794,00000000;34953,00000000;33318,00000000;34681,00000000;2,56
2021-07-02T00:00:00+00:00;BTC/USD;33507,00000000;33975,00000000;32700,00000000;33794,00000000;0,85
2021-07-01T00:00:00+00:00;BTC/USD;35056,00000000;35067,00000000;32705,00000000;33506,00000000;-4,63
2021-06-30T00:00:00+00:00;BTC/USD;35919,00000000;36116,00000000;34050,00000000;35056,00000000;-2,46
2021-06-29T00:00:00+00:00;BTC/USD;34502,00000000;36633,00000000;34228,00000000;35919,00000000;3,94
2021-06-28T00:00:00+00:00;BTC/USD;34716,00000000;35300,00000000;33898,00000000;34502,00000000;-0,62
2021-06-27T00:00:00+00:00;BTC/USD;32278,00000000;34749,00000000;32000,00000000;34716,00000000;7,02
2021-06-26T00:00:00+00:00;BTC/USD;31582,00000000;32715,00000000;30142,00000000;32283,00000000;2,17
2021-06-25T00:00:00+00:00;BTC/USD;34661,00000000;35517,00000000;31276,00000000;31582,00000000;-9,75
2021-06-24T00:00:00+00:00;BTC/USD;33686,00000000;35303,00000000;32311,00000000;34661,00000000;2,81
2021-06-23T00:00:00+00:00;BTC/USD;32531,00000000;34851,00000000;31724,00000000;33686,00000000;3,43
2021-06-22T00:00:00+00:00;BTC/USD;31608,00000000;33300,00000000;28819,00000000;32531,00000000;2,84
2021-06-21T00:00:00+00:00;BTC/USD;35599,00000000;35788,00000000;31248,00000000;31609,00000000;-12,62
2021-06-20T00:00:00+00:00;BTC/USD;35490,00000000;36147,00000000;33317,00000000;35599,00000000;0,31
2021-06-19T00:00:00+00:00;BTC/USD;35831,00000000;36467,00000000;34847,00000000;35490,00000000;-0,96
2021-06-18T00:00:00+00:00;BTC/USD;38089,00000000;38192,00000000;35146,00000000;35831,00000000;-6,3
2021-06-17T00:00:00+00:00;BTC/USD;38343,00000000;39562,00000000;37355,00000000;38089,00000000;-0,67
2021-06-16T00:00:00+00:00;BTC/USD;40154,00000000;40498,00000000;38111,00000000;38343,00000000;-4,72
2021-06-15T00:00:00+00:00;BTC/USD;40531,00000000;41347,00000000;39500,00000000;40154,00000000;-0,94
2021-06-14T00:00:00+00:00;BTC/USD;39035,00000000;41070,00000000;38746,00000000;40531,00000000;3,69
2021-06-13T00:00:00+00:00;BTC/USD;35563,00000000;39372,00000000;34682,00000000;39035,00000000;8,89
2021-06-12T00:00:00+00:00;BTC/USD;37330,00000000;37459,00000000;34602,00000000;35542,00000000;-5,03
2021-06-11T00:00:00+00:00;BTC/USD;36701,00000000;37679,00000000;35930,00000000;37330,00000000;1,68
2021-06-10T00:00:00+00:00;BTC/USD;37411,00000000;38465,00000000;35812,00000000;36700,00000000;-1,94
2021-06-09T00:00:00+00:00;BTC/USD;33408,00000000;37544,00000000;32423,00000000;37409,00000000;10,7
2021-06-08T00:00:00+00:00;BTC/USD;33565,00000000;34055,00000000;31000,00000000;33403,00000000;-0,48
2021-06-07T00:00:00+00:00;BTC/USD;35812,00000000;36780,00000000;33288,00000000;33566,00000000;-6,69
2021-06-06T00:00:00+00:00;BTC/USD;35526,00000000;36486,00000000;35225,00000000;35812,00000000;0,8
2021-06-05T00:00:00+00:00;BTC/USD;36847,00000000;37924,00000000;34826,00000000;35526,00000000;-3,72
2021-06-04T00:00:00+00:00;BTC/USD;39249,00000000;39286,00000000;35587,00000000;36847,00000000;-6,52
2021-06-03T00:00:00+00:00;BTC/USD;37580,00000000;39472,00000000;37183,00000000;39249,00000000;4,25
2021-06-02T00:00:00+00:00;BTC/USD;36688,00000000;38231,00000000;35917,00000000;37580,00000000;2,37
2021-06-01T00:00:00+00:00;BTC/USD;37280,00000000;37899,00000000;35652,00000000;36688,00000000;-1,61
2021-05-31T00:00:00+00:00;BTC/USD;35660,00000000;37520,00000000;34173,00000000;37279,00000000;4,34
2021-05-30T00:00:00+00:00;BTC/USD;34633,00000000;36515,00000000;33402,00000000;35660,00000000;2,88
2021-05-29T00:00:00+00:00;BTC/USD;35682,00000000;37341,00000000;33651,00000000;34633,00000000;-3,03
2021-05-28T00:00:00+00:00;BTC/USD;38557,00000000;38893,00000000;34709,00000000;35682,00000000;-8,06
2021-05-27T00:00:00+00:00;BTC/USD;39250,00000000;40465,00000000;37191,00000000;38555,00000000;-1,8
2021-05-26T00:00:00+00:00;BTC/USD;38363,00000000;40907,00000000;37842,00000000;39250,00000000;2,26
2021-05-25T00:00:00+00:00;BTC/USD;38860,00000000;39862,00000000;36443,00000000;38363,00000000;-1,3
2021-05-24T00:00:00+00:00;BTC/USD;34750,00000000;39976,00000000;34431,00000000;38860,00000000;10,58
2021-05-23T00:00:00+00:00;BTC/USD;37484,00000000;38301,00000000;31096,00000000;34734,00000000;-7,92
2021-05-22T00:00:00+00:00;BTC/USD;37325,00000000;38880,00000000;35213,00000000;37484,00000000;0,42
2021-05-21T00:00:00+00:00;BTC/USD;40594,00000000;42288,00000000;33502,00000000;37325,00000000;-8,76
2021-05-20T00:00:00+00:00;BTC/USD;36733,00000000;42477,00000000;34943,00000000;40590,00000000;9,5
2021-05-19T00:00:00+00:00;BTC/USD;42881,00000000;43619,00000000;29150,00000000;36724,00000000;-16,77
2021-05-18T00:00:00+00:00;BTC/USD;43577,00000000;45833,00000000;42274,00000000;42881,00000000;-1,62
2021-05-17T00:00:00+00:00;BTC/USD;46451,00000000;46683,00000000;42120,00000000;43577,00000000;-6,6
2021-05-16T00:00:00+00:00;BTC/USD;46751,00000000;49802,00000000;43841,00000000;46451,00000000;-0,65
2021-05-15T00:00:00+00:00;BTC/USD;49890,00000000;50713,00000000;46548,00000000;46751,00000000;-6,71
2021-05-14T00:00:00+00:00;BTC/USD;49674,00000000;51551,00000000;48857,00000000;49890,00000000;0,43
2021-05-13T00:00:00+00:00;BTC/USD;49550,00000000;51387,00000000;45853,00000000;49674,00000000;0,25
2021-05-12T00:00:00+00:00;BTC/USD;56756,00000000;58057,00000000;48109,00000000;49552,00000000;-14,54
2021-05-11T00:00:00+00:00;BTC/USD;55857,00000000;56959,00000000;54522,00000000;56756,00000000;1,58
2021-05-10T00:00:00+00:00;BTC/USD;58298,00000000;59643,00000000;53500,00000000;55857,00000000;-4,37
2021-05-09T00:00:00+00:00;BTC/USD;58942,00000000;59303,00000000;56250,00000000;58298,00000000;-1,1
2021-05-08T00:00:00+00:00;BTC/USD;57362,00000000;59575,00000000;56951,00000000;58940,00000000;2,68
2021-05-07T00:00:00+00:00;BTC/USD;56426,00000000;58725,00000000;55270,00000000;57362,00000000;1,63
2021-05-06T00:00:00+00:00;BTC/USD;57516,00000000;58437,00000000;55285,00000000;56426,00000000;-1,93
2021-05-05T00:00:00+00:00;BTC/USD;53197,00000000;57998,00000000;52891,00000000;57516,00000000;7,51
2021-05-04T00:00:00+00:00;BTC/USD;57204,00000000;57249,00000000;53000,00000000;53198,00000000;-7,53
2021-05-03T00:00:00+00:00;BTC/USD;56612,00000000;59006,00000000;56431,00000000;57204,00000000;1,03
2021-05-02T00:00:00+00:00;BTC/USD;57879,00000000;57974,00000000;56071,00000000;56612,00000000;-2,24
2021-05-01T00:00:00+00:00;BTC/USD;57770,00000000;58575,00000000;57040,00000000;57879,00000000;0,19
2021-04-30T00:00:00+00:00;BTC/USD;53597,00000000;58007,00000000;53051,00000000;57770,00000000;7,22
2021-04-29T00:00:00+00:00;BTC/USD;54875,00000000;55231,00000000;52352,00000000;53597,00000000;-2,38
2021-04-28T00:00:00+00:00;BTC/USD;55072,00000000;56500,00000000;53868,00000000;54875,00000000;-0,36
2021-04-27T00:00:00+00:00;BTC/USD;54050,00000000;55534,00000000;53300,00000000;55071,00000000;1,85
2021-04-26T00:00:00+00:00;BTC/USD;49110,00000000;54406,00000000;48807,00000000;54047,00000000;9,13
2021-04-25T00:00:00+00:00;BTC/USD;50082,00000000;50598,00000000;47000,00000000;49110,00000000;-1,98
2021-04-24T00:00:00+00:00;BTC/USD;51145,00000000;51186,00000000;48700,00000000;50082,00000000;-2,12
2021-04-23T00:00:00+00:00;BTC/USD;51691,00000000;52113,00000000;47445,00000000;51145,00000000;-1,07
2021-04-22T00:00:00+00:00;BTC/USD;53791,00000000;55493,00000000;50444,00000000;51691,00000000;-4,06
2021-04-21T00:00:00+00:00;BTC/USD;56475,00000000;56813,00000000;53622,00000000;53791,00000000;-4,99
2021-04-20T00:00:00+00:00;BTC/USD;55686,00000000;57133,00000000;53331,00000000;56475,00000000;1,4
2021-04-19T00:00:00+00:00;BTC/USD;56239,00000000;57607,00000000;54249,00000000;55686,00000000;-0,99
2021-04-18T00:00:00+00:00;BTC/USD;60051,00000000;60393,00000000;49880,00000000;56239,00000000;-6,78
2021-04-17T00:00:00+00:00;BTC/USD;61411,00000000;62575,00000000;59636,00000000;60051,00000000;-2,26
2021-04-16T00:00:00+00:00;BTC/USD;63233,00000000;63592,00000000;60022,00000000;61411,00000000;-2,97
2021-04-15T00:00:00+00:00;BTC/USD;62959,00000000;63865,00000000;62013,00000000;63233,00000000;0,43
2021-04-14T00:00:00+00:00;BTC/USD;63587,00000000;64887,00000000;61263,00000000;62959,00000000;-1,0
2021-04-13T00:00:00+00:00;BTC/USD;59819,00000000;63792,00000000;59788,00000000;63587,00000000;5,93
2021-04-12T00:00:00+00:00;BTC/USD;59983,00000000;61274,00000000;59362,00000000;59819,00000000;-0,27
2021-04-11T00:00:00+00:00;BTC/USD;59772,00000000;60684,00000000;59150,00000000;59983,00000000;0,35
2021-04-10T00:00:00+00:00;BTC/USD;58111,00000000;61288,00000000;57846,00000000;59772,00000000;2,78
2021-04-09T00:00:00+00:00;BTC/USD;58092,00000000;58901,00000000;57655,00000000;58106,00000000;0,02
2021-04-08T00:00:00+00:00;BTC/USD;55926,00000000;58173,00000000;55666,00000000;58092,00000000;3,73
2021-04-07T00:00:00+00:00;BTC/USD;58008,00000000;58640,00000000;55421,00000000;55926,00000000;-3,72
2021-04-06T00:00:00+00:00;BTC/USD;59157,00000000;59509,00000000;57370,00000000;58008,00000000;-1,98
2021-04-05T00:00:00+00:00;BTC/USD;58211,00000000;59308,00000000;56786,00000000;59157,00000000;1,6
2021-04-04T00:00:00+00:00;BTC/USD;57071,00000000;58514,00000000;56450,00000000;58211,00000000;1,96
2021-04-03T00:00:00+00:00;BTC/USD;58960,00000000;59796,00000000;56899,00000000;57061,00000000;-3,33
2021-04-02T00:00:00+00:00;BTC/USD;58721,00000000;60187,00000000;58428,00000000;58960,00000000;0,41
2021-04-01T00:00:00+00:00;BTC/USD;58790,00000000;59517,00000000;57917,00000000;58721,00000000;-0,12
2021-03-31T00:00:00+00:00;BTC/USD;58775,00000000;59844,00000000;56800,00000000;58790,00000000;0,03
2021-03-30T00:00:00+00:00;BTC/USD;57642,00000000;59401,00000000;57032,00000000;58775,00000000;1,93
2021-03-29T00:00:00+00:00;BTC/USD;55775,00000000;58450,00000000;54885,00000000;57642,00000000;3,24
2021-03-28T00:00:00+00:00;BTC/USD;55844,00000000;56565,00000000;54680,00000000;55775,00000000;-0,12
2021-03-27T00:00:00+00:00;BTC/USD;55063,00000000;56632,00000000;53944,00000000;55844,00000000;1,4
2021-03-26T00:00:00+00:00;BTC/USD;51303,00000000;55112,00000000;51241,00000000;55063,00000000;6,83
2021-03-25T00:00:00+00:00;BTC/USD;52258,00000000;53222,00000000;50414,00000000;51303,00000000;-1,86
2021-03-24T00:00:00+00:00;BTC/USD;54351,00000000;57200,00000000;50061,00000000;52258,00000000;-4,01
2021-03-23T00:00:00+00:00;BTC/USD;54093,00000000;55862,00000000;52948,00000000;54351,00000000;0,47
2021-03-22T00:00:00+00:00;BTC/USD;57361,00000000;58430,00000000;53655,00000000;54093,00000000;-6,04
2021-03-21T00:00:00+00:00;BTC/USD;58101,00000000;58639,00000000;55504,00000000;57351,00000000;-1,31
2021-03-20T00:00:00+00:00;BTC/USD;58043,00000000;59913,00000000;57828,00000000;58101,00000000;0,1
2021-03-19T00:00:00+00:00;BTC/USD;57623,00000000;59475,00000000;56248,00000000;58043,00000000;0,72
2021-03-18T00:00:00+00:00;BTC/USD;58943,00000000;60125,00000000;57000,00000000;57623,00000000;-2,29
2021-03-17T00:00:00+00:00;BTC/USD;56932,00000000;59000,00000000;54062,00000000;58925,00000000;3,38
2021-03-16T00:00:00+00:00;BTC/USD;55600,00000000;56945,00000000;53262,00000000;56931,00000000;2,34
2021-03-15T00:00:00+00:00;BTC/USD;58970,00000000;60622,00000000;54651,00000000;55600,00000000;-6,06
2021-03-14T00:00:00+00:00;BTC/USD;61186,00000000;61678,00000000;58963,00000000;58970,00000000;-3,76
2021-03-13T00:00:00+00:00;BTC/USD;57242,00000000;61806,00000000;56016,00000000;61186,00000000;6,45
2021-03-12T00:00:00+00:00;BTC/USD;57812,00000000;58109,00000000;55042,00000000;57242,00000000;-1,0
2021-03-11T00:00:00+00:00;BTC/USD;55854,00000000;58174,00000000;54269,00000000;57821,00000000;3,4
2021-03-10T00:00:00+00:00;BTC/USD;54889,00000000;57447,00000000;53037,00000000;55854,00000000;1,73
2021-03-09T00:00:00+00:00;BTC/USD;52408,00000000;54931,00000000;51850,00000000;54889,00000000;4,52
2021-03-08T00:00:00+00:00;BTC/USD;51000,00000000;52430,00000000;49308,00000000;52408,00000000;2,69
2021-03-07T00:00:00+00:00;BTC/USD;48913,00000000;51475,00000000;48913,00000000;51000,00000000;4,09
2021-03-06T00:00:00+00:00;BTC/USD;48751,00000000;49224,00000000;47040,00000000;48913,00000000;0,33
2021-03-05T00:00:00+00:00;BTC/USD;48362,00000000;49478,00000000;46281,00000000;48751,00000000;0,8
2021-03-04T00:00:00+00:00;BTC/USD;50368,00000000;51808,00000000;47466,00000000;48362,00000000;-4,15
2021-03-03T00:00:00+00:00;BTC/USD;48480,00000000;52661,00000000;48159,00000000;50368,00000000;3,75
2021-03-02T00:00:00+00:00;BTC/USD;49631,00000000;50250,00000000;47046,00000000;48473,00000000;-2,39
2021-03-01T00:00:00+00:00;BTC/USD;45231,00000000;49832,00000000;45043,00000000;49631,00000000;8,87
2021-02-28T00:00:00+00:00;BTC/USD;46160,00000000;46666,00000000;43002,00000000;45231,00000000;-2,05
2021-02-27T00:00:00+00:00;BTC/USD;46291,00000000;48387,00000000;45028,00000000;46160,00000000;-0,28
2021-02-26T00:00:00+00:00;BTC/USD;47086,00000000;48469,00000000;44102,00000000;46291,00000000;-1,72
2021-02-25T00:00:00+00:00;BTC/USD;49710,00000000;52302,00000000;46679,00000000;47086,00000000;-5,57
2021-02-24T00:00:00+00:00;BTC/USD;48903,00000000;51382,00000000;46759,00000000;49710,00000000;1,62
2021-02-23T00:00:00+00:00;BTC/USD;54075,00000000;54184,00000000;44851,00000000;48903,00000000;-10,58
2021-02-22T00:00:00+00:00;BTC/USD;57483,00000000;57559,00000000;47500,00000000;54075,00000000;-6,3
2021-02-21T00:00:00+00:00;BTC/USD;55899,00000000;58366,00000000;55502,00000000;57483,00000000;2,76
2021-02-20T00:00:00+00:00;BTC/USD;55937,00000000;57592,00000000;54000,00000000;55899,00000000;-0,07
2021-02-19T00:00:00+00:00;BTC/USD;51553,00000000;56416,00000000;50735,00000000;55937,00000000;7,84
2021-02-18T00:00:00+00:00;BTC/USD;52138,00000000;52568,00000000;50874,00000000;51553,00000000;-1,13
2021-02-17T00:00:00+00:00;BTC/USD;49146,00000000;52642,00000000;48945,00000000;52138,00000000;5,74
2021-02-16T00:00:00+00:00;BTC/USD;47910,00000000;50666,00000000;47033,00000000;49152,00000000;2,53
2021-02-15T00:00:00+00:00;BTC/USD;48650,00000000;49044,00000000;45646,00000000;47910,00000000;-1,54
2021-02-14T00:00:00+00:00;BTC/USD;47215,00000000;49748,00000000;47071,00000000;48650,00000000;2,95
2021-02-13T00:00:00+00:00;BTC/USD;47388,00000000;48204,00000000;46232,00000000;47215,00000000;-0,37
2021-02-12T00:00:00+00:00;BTC/USD;48029,00000000;49047,00000000;46174,00000000;47388,00000000;-1,35
2021-02-11T00:00:00+00:00;BTC/USD;44834,00000000;48736,00000000;44015,00000000;48029,00000000;6,65
2021-02-10T00:00:00+00:00;BTC/USD;46486,00000000;47381,00000000;43682,00000000;44834,00000000;-3,68
2021-02-09T00:00:00+00:00;BTC/USD;46428,00000000;48273,00000000;45075,00000000;46486,00000000;0,12
2021-02-08T00:00:00+00:00;BTC/USD;38867,00000000;46864,00000000;38046,00000000;46427,00000000;16,28
2021-02-07T00:00:00+00:00;BTC/USD;39256,00000000;39747,00000000;37400,00000000;38867,00000000;-1,0
2021-02-06T00:00:00+00:00;BTC/USD;38333,00000000;40999,00000000;38258,00000000;39256,00000000;2,35
2021-02-05T00:00:00+00:00;BTC/USD;36980,00000000;38367,00000000;36609,00000000;38346,00000000;3,56
2021-02-04T00:00:00+00:00;BTC/USD;37687,00000000;38774,00000000;36178,00000000;36980,00000000;-1,91
2021-02-03T00:00:00+00:00;BTC/USD;35521,00000000;37718,00000000;35409,00000000;37687,00000000;5,75
2021-02-02T00:00:00+00:00;BTC/USD;33545,00000000;36028,00000000;33453,00000000;35521,00000000;5,56
2021-02-01T00:00:00+00:00;BTC/USD;33118,00000000;34718,00000000;32312,00000000;33545,00000000;1,27
2021-01-31T00:00:00+00:00;BTC/USD;34299,00000000;34367,00000000;32190,00000000;33118,00000000;-3,57
2021-01-30T00:00:00+00:00;BTC/USD;34242,00000000;34930,00000000;32827,00000000;34299,00000000;0,17
2021-01-29T00:00:00+00:00;BTC/USD;33443,00000000;38644,00000000;31975,00000000;34238,00000000;2,32
2021-01-28T00:00:00+00:00;BTC/USD;30409,00000000;33829,00000000;29869,00000000;33443,00000000;9,07
2021-01-27T00:00:00+00:00;BTC/USD;32502,00000000;33005,00000000;29246,00000000;30409,00000000;-6,88
2021-01-26T00:00:00+00:00;BTC/USD;32257,00000000;32936,00000000;30846,00000000;32502,00000000;0,75
2021-01-25T00:00:00+00:00;BTC/USD;32304,00000000;34875,00000000;31913,00000000;32257,00000000;-0,15
2021-01-24T00:00:00+00:00;BTC/USD;32092,00000000;33108,00000000;30946,00000000;32304,00000000;0,66
2021-01-23T00:00:00+00:00;BTC/USD;32994,00000000;33489,00000000;31431,00000000;32092,00000000;-2,81
2021-01-22T00:00:00+00:00;BTC/USD;30848,00000000;33861,00000000;28820,00000000;32994,00000000;6,5
2021-01-21T00:00:00+00:00;BTC/USD;35480,00000000;35614,00000000;30030,00000000;30848,00000000;-15,02
2021-01-20T00:00:00+00:00;BTC/USD;35902,00000000;36400,00000000;33384,00000000;35480,00000000;-1,19
2021-01-19T00:00:00+00:00;BTC/USD;36646,00000000;37880,00000000;35884,00000000;35902,00000000;-2,07
2021-01-18T00:00:00+00:00;BTC/USD;35817,00000000;37449,00000000;34765,00000000;36646,00000000;2,26
2021-01-17T00:00:00+00:00;BTC/USD;35999,00000000;36866,00000000;33832,00000000;35817,00000000;-0,51
2021-01-16T00:00:00+00:00;BTC/USD;36739,00000000;37948,00000000;35370,00000000;35999,00000000;-2,06
2021-01-15T00:00:00+00:00;BTC/USD;39122,00000000;39700,00000000;34381,00000000;36739,00000000;-6,49
2021-01-14T00:00:00+00:00;BTC/USD;37374,00000000;40120,00000000;36753,00000000;39122,00000000;4,47
2021-01-13T00:00:00+00:00;BTC/USD;34021,00000000;37847,00000000;32325,00000000;37374,00000000;8,97
2021-01-12T00:00:00+00:00;BTC/USD;35484,00000000;36682,00000000;32484,00000000;34021,00000000;-4,3
2021-01-11T00:00:00+00:00;BTC/USD;38158,00000000;38330,00000000;30255,00000000;35484,00000000;-7,54
2021-01-10T00:00:00+00:00;BTC/USD;40234,00000000;41447,00000000;35001,00000000;38162,00000000;-5,43
2021-01-09T00:00:00+00:00;BTC/USD;40625,00000000;41410,00000000;38780,00000000;40234,00000000;-0,97
2021-01-08T00:00:00+00:00;BTC/USD;39485,00000000;42000,00000000;36548,00000000;40625,00000000;2,81
2021-01-07T00:00:00+00:00;BTC/USD;36871,50000000;40428,00000000;36260,00000000;39485,00000000;6,62
2021-01-06T00:00:00+00:00;BTC/USD;34034,50000000;37038,00000000;33367,00000000;36871,50000000;7,69
2021-01-05T00:00:00+00:00;BTC/USD;32005,00000000;34499,50000000;29923,50000000;34034,50000000;5,96
2021-01-04T00:00:00+00:00;BTC/USD;33045,50000000;33658,50000000;27700,50000000;32005,00000000;-3,25
2021-01-03T00:00:00+00:00;BTC/USD;32201,50000000;34809,50000000;31978,00000000;33045,50000000;2,55
2021-01-02T00:00:00+00:00;BTC/USD;29399,00000000;33349,50000000;29023,50000000;32201,50000000;8,7
2021-01-01T00:00:00+00:00;BTC/USD;28965,00000000;29691,50000000;28700,00000000;29399,00000000;1,48
2020-12-31T00:00:00+00:00;BTC/USD;28879,50000000;29317,00000000;27938,50000000;28965,00000000;0,3
2020-12-30T00:00:00+00:00;BTC/USD;27365,50000000;29005,00000000;27336,00000000;28879,50000000;5,24
2020-12-29T00:00:00+00:00;BTC/USD;27033,00000000;27396,50000000;25826,50000000;27365,50000000;1,22
2020-12-28T00:00:00+00:00;BTC/USD;26245,50000000;27473,50000000;26077,00000000;27033,00000000;2,91
2020-12-27T00:00:00+00:00;BTC/USD;26459,00000000;28381,00000000;25800,00000000;26245,50000000;-0,81
2020-12-26T00:00:00+00:00;BTC/USD;24697,50000000;26828,50000000;24480,00000000;26459,00000000;6,66
2020-12-25T00:00:00+00:00;BTC/USD;23717,50000000;24773,50000000;23409,00000000;24697,50000000;3,97
2020-12-24T00:00:00+00:00;BTC/USD;23220,50000000;23783,00000000;22702,00000000;23717,50000000;2,1
2020-12-23T00:00:00+00:00;BTC/USD;23819,50000000;24131,50000000;22604,50000000;23220,50000000;-2,58
2020-12-22T00:00:00+00:00;BTC/USD;22728,00000000;23845,50000000;22370,00000000;23819,50000000;4,58
2020-12-21T00:00:00+00:00;BTC/USD;23476,00000000;24130,00000000;21910,50000000;22728,00000000;-3,29
2020-12-20T00:00:00+00:00;BTC/USD;23851,00000000;24299,50000000;23010,50000000;23478,00000000;-1,59
2020-12-19T00:00:00+00:00;BTC/USD;23136,00000000;24193,50000000;22772,00000000;23851,00000000;3,0
2020-12-18T00:00:00+00:00;BTC/USD;22808,50000000;23300,00000000;22338,00000000;23136,00000000;1,42
2020-12-17T00:00:00+00:00;BTC/USD;21358,50000000;23775,00000000;21255,00000000;22808,50000000;6,36
2020-12-16T00:00:00+00:00;BTC/USD;19438,00000000;21576,50000000;19290,50000000;21358,50000000;8,99
2020-12-15T00:00:00+00:00;BTC/USD;19275,00000000;19568,50000000;19056,00000000;19438,00000000;0,84
2020-12-14T00:00:00+00:00;BTC/USD;19163,50000000;19349,50000000;19002,00000000;19275,00000000;0,58
2020-12-13T00:00:00+00:00;BTC/USD;18815,50000000;19415,50000000;18729,00000000;19163,50000000;1,82
2020-12-12T00:00:00+00:00;BTC/USD;18038,50000000;18960,00000000;18021,00000000;18815,50000000;4,13
2020-12-11T00:00:00+00:00;BTC/USD;18252,00000000;18288,00000000;17572,00000000;18038,50000000;-1,18
2020-12-10T00:00:00+00:00;BTC/USD;18549,50000000;18557,50000000;17910,00000000;18252,00000000;-1,63
2020-12-09T00:00:00+00:00;BTC/USD;18314,50000000;18639,00000000;17639,00000000;18549,50000000;1,27
2020-12-08T00:00:00+00:00;BTC/USD;19184,00000000;19299,50000000;18166,00000000;18314,50000000;-4,75
2020-12-07T00:00:00+00:00;BTC/USD;19376,00000000;19431,50000000;18911,00000000;19184,00000000;-1,0
2020-12-06T00:00:00+00:00;BTC/USD;19160,50000000;19429,50000000;18878,00000000;19376,00000000;1,11
2020-12-05T00:00:00+00:00;BTC/USD;18659,00000000;19180,00000000;18505,50000000;19160,50000000;2,62
2020-12-04T00:00:00+00:00;BTC/USD;19444,50000000;19539,50000000;18554,50000000;18659,00000000;-4,21
2020-12-03T00:00:00+00:00;BTC/USD;19220,50000000;19620,50000000;18859,00000000;19444,50000000;1,15
2020-12-02T00:00:00+00:00;BTC/USD;18780,00000000;19347,00000000;18340,50000000;19220,50000000;2,29
2020-12-01T00:00:00+00:00;BTC/USD;19703,00000000;19923,50000000;17931,00000000;18780,00000000;-4,91
2020-11-30T00:00:00+00:00;BTC/USD;18194,50000000;19883,50000000;18194,50000000;19703,00000000;7,66
2020-11-29T00:00:00+00:00;BTC/USD;17726,00000000;18350,00000000;17538,00000000;18194,50000000;2,57
2020-11-28T00:00:00+00:00;BTC/USD;17147,00000000;17888,50000000;16881,50000000;17726,00000000;3,27
2020-11-27T00:00:00+00:00;BTC/USD;17150,50000000;17468,50000000;16432,00000000;17147,00000000;-0,02
2020-11-26T00:00:00+00:00;BTC/USD;18721,50000000;18915,00000000;16200,00000000;17150,50000000;-9,16
2020-11-25T00:00:00+00:00;BTC/USD;19167,50000000;19509,00000000;18512,00000000;18721,50000000;-2,38
2020-11-24T00:00:00+00:00;BTC/USD;18382,50000000;19436,00000000;18063,50000000;19167,50000000;4,1
2020-11-23T00:00:00+00:00;BTC/USD;18437,50000000;18778,50000000;18015,50000000;18382,50000000;-0,3
2020-11-22T00:00:00+00:00;BTC/USD;18717,00000000;18768,50000000;17629,50000000;18437,50000000;-1,52
2020-11-21T00:00:00+00:00;BTC/USD;18673,50000000;18984,00000000;18354,00000000;18717,00000000;0,23
2020-11-20T00:00:00+00:00;BTC/USD;17824,50000000;18828,00000000;17769,00000000;18673,50000000;4,55
2020-11-19T00:00:00+00:00;BTC/USD;17792,50000000;18184,50000000;17358,00000000;17824,50000000;0,18
2020-11-18T00:00:00+00:00;BTC/USD;17683,00000000;18491,50000000;17250,00000000;17792,50000000;0,62
2020-11-17T00:00:00+00:00;BTC/USD;16722,50000000;17873,00000000;16567,50000000;17683,00000000;5,43
2020-11-16T00:00:00+00:00;BTC/USD;15971,50000000;16894,50000000;15878,00000000;16722,50000000;4,49
2020-11-15T00:00:00+00:00;BTC/USD;16080,50000000;16174,50000000;15787,00000000;15971,50000000;-0,68
2020-11-14T00:00:00+00:00;BTC/USD;16337,00000000;16340,50000000;15721,50000000;16080,50000000;-1,6
2020-11-13T00:00:00+00:00;BTC/USD;16300,00000000;16490,00000000;15967,50000000;16337,00000000;0,23
2020-11-12T00:00:00+00:00;BTC/USD;15700,50000000;16360,00000000;15460,00000000;16300,00000000;3,68
2020-11-11T00:00:00+00:00;BTC/USD;15313,50000000;16011,50000000;15293,50000000;15700,50000000;2,46
2020-11-10T00:00:00+00:00;BTC/USD;15338,50000000;15481,00000000;15094,00000000;15313,50000000;-0,16
2020-11-09T00:00:00+00:00;BTC/USD;15485,50000000;15853,00000000;14817,50000000;15338,50000000;-0,96
2020-11-08T00:00:00+00:00;BTC/USD;14838,00000000;15667,00000000;14729,00000000;15485,50000000;4,18
2020-11-07T00:00:00+00:00;BTC/USD;15600,00000000;15776,00000000;14349,00000000;14838,00000000;-5,14
2020-11-06T00:00:00+00:00;BTC/USD;15608,00000000;15974,00000000;15185,50000000;15600,00000000;-0,05
2020-11-05T00:00:00+00:00;BTC/USD;14166,00000000;15765,00000000;14115,50000000;15608,00000000;9,24
2020-11-04T00:00:00+00:00;BTC/USD;14033,50000000;14274,00000000;13534,00000000;14166,00000000;0,94
2020-11-03T00:00:00+00:00;BTC/USD;13567,00000000;14074,00000000;13292,00000000;14033,50000000;3,32
2020-11-02T00:00:00+00:00;BTC/USD;13768,50000000;13846,00000000;13214,50000000;13567,00000000;-1,49
2020-11-01T00:00:00+00:00;BTC/USD;13802,50000000;13908,00000000;13634,50000000;13768,50000000;-0,25
2020-10-31T00:00:00+00:00;BTC/USD;13569,50000000;14101,00000000;13430,00000000;13802,50000000;1,69
2020-10-30T00:00:00+00:00;BTC/USD;13468,50000000;13678,50000000;13128,00000000;13569,50000000;0,74
2020-10-29T00:00:00+00:00;BTC/USD;13277,50000000;13655,00000000;12983,00000000;13468,50000000;1,42
2020-10-28T00:00:00+00:00;BTC/USD;13642,00000000;13862,00000000;12897,00000000;13277,50000000;-2,75
2020-10-27T00:00:00+00:00;BTC/USD;13069,50000000;13792,50000000;13064,00000000;13642,00000000;4,2
2020-10-26T00:00:00+00:00;BTC/USD;13044,00000000;13245,50000000;12780,00000000;13069,50000000;0,2
2020-10-25T00:00:00+00:00;BTC/USD;13124,00000000;13361,00000000;12908,50000000;13044,00000000;-0,61
2020-10-24T00:00:00+00:00;BTC/USD;12938,00000000;13175,50000000;12883,00000000;13124,00000000;1,42
2020-10-23T00:00:00+00:00;BTC/USD;12988,00000000;13037,50000000;12729,00000000;12938,00000000;-0,39
2020-10-22T00:00:00+00:00;BTC/USD;12807,00000000;13200,50000000;12625,50000000;12988,00000000;1,39
2020-10-21T00:00:00+00:00;BTC/USD;11921,50000000;13245,50000000;11901,00000000;12807,00000000;6,91
2020-10-20T00:00:00+00:00;BTC/USD;11759,00000000;12052,50000000;11689,50000000;11921,50000000;1,36
2020-10-19T00:00:00+00:00;BTC/USD;11510,00000000;11835,50000000;11417,50000000;11759,00000000;2,12
2020-10-18T00:00:00+00:00;BTC/USD;11365,00000000;11514,50000000;11351,50000000;11510,00000000;1,26
2020-10-17T00:00:00+00:00;BTC/USD;11326,50000000;11408,50000000;11270,50000000;11365,00000000;0,34
2020-10-16T00:00:00+00:00;BTC/USD;11510,00000000;11548,50000000;11200,00000000;11326,50000000;-1,62
2020-10-15T00:00:00+00:00;BTC/USD;11427,00000000;11619,50000000;11266,00000000;11510,00000000;0,72
2020-10-14T00:00:00+00:00;BTC/USD;11427,00000000;11554,50000000;11296,00000000;11427,00000000;0,0
2020-10-13T00:00:00+00:00;BTC/USD;11535,50000000;11559,50000000;11313,50000000;11427,00000000;-0,95
2020-10-12T00:00:00+00:00;BTC/USD;11373,00000000;11727,00000000;11200,00000000;11535,50000000;1,41
2020-10-11T00:00:00+00:00;BTC/USD;11298,00000000;11443,00000000;11280,50000000;11373,00000000;0,66
2020-10-10T00:00:00+00:00;BTC/USD;11058,00000000;11490,50000000;11057,50000000;11298,00000000;2,12
2020-10-09T00:00:00+00:00;BTC/USD;10930,50000000;11110,50000000;10826,50000000;11058,50000000;1,16
2020-10-08T00:00:00+00:00;BTC/USD;10669,00000000;10967,50000000;10535,00000000;10930,50000000;2,39
2020-10-07T00:00:00+00:00;BTC/USD;10602,50000000;10681,00000000;10544,00000000;10669,00000000;0,62
2020-10-06T00:00:00+00:00;BTC/USD;10800,00000000;10805,50000000;10523,00000000;10602,50000000;-1,86
2020-10-05T00:00:00+00:00;BTC/USD;10669,50000000;10804,00000000;10624,00000000;10800,00000000;1,21
2020-10-04T00:00:00+00:00;BTC/USD;10550,00000000;10701,00000000;10526,00000000;10669,50000000;1,12
2020-10-03T00:00:00+00:00;BTC/USD;10573,50000000;10610,50000000;10500,00000000;10550,00000000;-0,22
2020-10-02T00:00:00+00:00;BTC/USD;10614,00000000;10663,50000000;10380,50000000;10573,50000000;-0,38
2020-10-01T00:00:00+00:00;BTC/USD;10777,50000000;10950,50000000;10448,00000000;10614,00000000;-1,54
2020-09-30T00:00:00+00:00;BTC/USD;10841,50000000;10849,50000000;10660,50000000;10777,50000000;-0,59
2020-09-29T00:00:00+00:00;BTC/USD;10690,50000000;10867,50000000;10637,00000000;10841,50000000;1,39
2020-09-28T00:00:00+00:00;BTC/USD;10775,50000000;10951,00000000;10633,50000000;10690,50000000;-0,8
2020-09-27T00:00:00+00:00;BTC/USD;10731,00000000;10804,00000000;10595,50000000;10775,50000000;0,41
2020-09-26T00:00:00+00:00;BTC/USD;10692,50000000;10831,00000000;10655,50000000;10731,00000000;0,36
2020-09-25T00:00:00+00:00;BTC/USD;10744,50000000;10763,50000000;10558,00000000;10692,50000000;-0,49
2020-09-24T00:00:00+00:00;BTC/USD;10239,50000000;10808,50000000;10191,50000000;10745,00000000;4,7
2020-09-23T00:00:00+00:00;BTC/USD;10533,50000000;10539,00000000;10136,50000000;10239,50000000;-2,87
2020-09-22T00:00:00+00:00;BTC/USD;10419,00000000;10577,50000000;10360,00000000;10533,50000000;1,09
2020-09-21T00:00:00+00:00;BTC/USD;10919,50000000;10994,00000000;10285,00000000;10419,00000000;-4,8
2020-09-20T00:00:00+00:00;BTC/USD;11082,50000000;11082,50000000;10763,00000000;10919,50000000;-1,49
2020-09-19T00:00:00+00:00;BTC/USD;10937,00000000;11181,00000000;10892,00000000;11082,50000000;1,31
2020-09-18T00:00:00+00:00;BTC/USD;10943,00000000;11043,50000000;10816,00000000;10937,00000000;-0,05
2020-09-17T00:00:00+00:00;BTC/USD;10954,50000000;11047,00000000;10742,00000000;10943,00000000;-0,11
2020-09-16T00:00:00+00:00;BTC/USD;10785,50000000;11098,50000000;10660,50000000;10954,50000000;1,54
2020-09-15T00:00:00+00:00;BTC/USD;10676,50000000;10937,00000000;10621,00000000;10785,50000000;1,01
2020-09-14T00:00:00+00:00;BTC/USD;10332,50000000;10757,50000000;10252,50000000;10676,50000000;3,22
2020-09-13T00:00:00+00:00;BTC/USD;10442,00000000;10584,00000000;10212,00000000;10332,50000000;-1,06
2020-09-12T00:00:00+00:00;BTC/USD;10394,00000000;10479,00000000;10273,00000000;10442,00000000;0,46
2020-09-11T00:00:00+00:00;BTC/USD;10340,50000000;10407,50000000;10202,50000000;10394,50000000;0,52
2020-09-10T00:00:00+00:00;BTC/USD;10221,00000000;10490,00000000;10216,50000000;10340,50000000;1,16
2020-09-09T00:00:00+00:00;BTC/USD;10126,50000000;10349,50000000;9983,00000000;10221,00000000;0,92
2020-09-08T00:00:00+00:00;BTC/USD;10374,00000000;10442,50000000;9850,00000000;10126,50000000;-2,44
2020-09-07T00:00:00+00:00;BTC/USD;10256,50000000;10410,00000000;9879,50000000;10374,00000000;1,13
2020-09-06T00:00:00+00:00;BTC/USD;10169,00000000;10351,00000000;9991,50000000;10256,50000000;0,85
2020-09-05T00:00:00+00:00;BTC/USD;10455,50000000;10569,00000000;9837,00000000;10167,50000000;-2,83
2020-09-04T00:00:00+00:00;BTC/USD;10165,00000000;10636,00000000;9825,00000000;10455,50000000;2,78
2020-09-03T00:00:00+00:00;BTC/USD;11396,50000000;11475,00000000;9850,00000000;10165,00000000;-12,12
2020-09-02T00:00:00+00:00;BTC/USD;11924,50000000;11957,50000000;11133,00000000;11396,50000000;-4,63
2020-09-01T00:00:00+00:00;BTC/USD;11654,50000000;12064,00000000;11529,00000000;11925,00000000;2,27
2020-08-31T00:00:00+00:00;BTC/USD;11713,00000000;11780,50000000;11576,50000000;11654,50000000;-0,5
2020-08-30T00:00:00+00:00;BTC/USD;11473,50000000;11721,00000000;11463,50000000;11714,50000000;2,06
2020-08-29T00:00:00+00:00;BTC/USD;11534,50000000;11587,00000000;11430,00000000;11473,50000000;-0,53
2020-08-28T00:00:00+00:00;BTC/USD;11333,00000000;11552,50000000;11280,50000000;11534,50000000;1,75
2020-08-27T00:00:00+00:00;BTC/USD;11467,00000000;11592,50000000;11128,50000000;11333,00000000;-1,18
2020-08-26T00:00:00+00:00;BTC/USD;11327,50000000;11545,50000000;11254,00000000;11467,00000000;1,22
2020-08-25T00:00:00+00:00;BTC/USD;11752,00000000;11769,00000000;11113,00000000;11327,50000000;-3,75
2020-08-24T00:00:00+00:00;BTC/USD;11653,00000000;11829,50000000;11594,00000000;11752,00000000;0,84
2020-08-23T00:00:00+00:00;BTC/USD;11671,00000000;11718,50000000;11525,50000000;11653,00000000;-0,15
2020-08-22T00:00:00+00:00;BTC/USD;11530,00000000;11692,00000000;11369,50000000;11673,50000000;1,23
2020-08-21T00:00:00+00:00;BTC/USD;11863,00000000;11887,00000000;11483,00000000;11530,00000000;-2,89
2020-08-20T00:00:00+00:00;BTC/USD;11757,00000000;11894,50000000;11677,00000000;11864,00000000;0,9
2020-08-19T00:00:00+00:00;BTC/USD;11954,50000000;12022,50000000;11565,50000000;11757,00000000;-1,68
2020-08-18T00:00:00+00:00;BTC/USD;12297,00000000;12402,00000000;11811,50000000;11954,50000000;-2,87
2020-08-17T00:00:00+00:00;BTC/USD;11917,50000000;12485,50000000;11716,00000000;12297,00000000;3,09
2020-08-16T00:00:00+00:00;BTC/USD;11858,50000000;11940,50000000;11691,50000000;11917,50000000;0,5
2020-08-15T00:00:00+00:00;BTC/USD;11775,50000000;11991,50000000;11689,50000000;11858,50000000;0,7
2020-08-14T00:00:00+00:00;BTC/USD;11798,00000000;11863,50000000;11656,00000000;11775,50000000;-0,19
2020-08-13T00:00:00+00:00;BTC/USD;11569,50000000;11811,00000000;11274,50000000;11798,00000000;1,94
2020-08-12T00:00:00+00:00;BTC/USD;11388,00000000;11628,00000000;11155,00000000;11569,50000000;1,57
2020-08-11T00:00:00+00:00;BTC/USD;11903,00000000;11944,50000000;11123,50000000;11388,00000000;-4,52
2020-08-10T00:00:00+00:00;BTC/USD;11687,00000000;12079,50000000;11534,00000000;11903,00000000;1,81
2020-08-09T00:00:00+00:00;BTC/USD;11768,00000000;11800,00000000;11534,00000000;11687,00000000;-0,69
2020-08-08T00:00:00+00:00;BTC/USD;11608,50000000;11814,00000000;11527,00000000;11768,00000000;1,36
2020-08-07T00:00:00+00:00;BTC/USD;11772,00000000;11920,50000000;11331,00000000;11604,00000000;-1,45
2020-08-06T00:00:00+00:00;BTC/USD;11756,00000000;11913,00000000;11575,00000000;11772,00000000;0,14
2020-08-05T00:00:00+00:00;BTC/USD;11199,50000000;11795,50000000;11103,00000000;11756,50000000;4,74
2020-08-04T00:00:00+00:00;BTC/USD;11234,00000000;11422,50000000;11024,00000000;11199,50000000;-0,31
2020-08-03T00:00:00+00:00;BTC/USD;11070,00000000;11480,50000000;10931,00000000;11234,00000000;1,46
2020-08-02T00:00:00+00:00;BTC/USD;11816,00000000;12115,50000000;10727,50000000;11070,00000000;-6,74
2020-08-01T00:00:00+00:00;BTC/USD;11352,00000000;11885,50000000;11236,00000000;11816,00000000;3,93
2020-07-31T00:00:00+00:00;BTC/USD;11114,00000000;11460,00000000;10971,50000000;11352,00000000;2,1
2020-07-30T00:00:00+00:00;BTC/USD;11113,00000000;11188,00000000;10828,00000000;11114,00000000;0,01
2020-07-29T00:00:00+00:00;BTC/USD;10929,00000000;11353,00000000;10848,50000000;11113,00000000;1,66
2020-07-28T00:00:00+00:00;BTC/USD;11046,00000000;11259,50000000;10580,50000000;10929,50000000;-1,07
2020-07-27T00:00:00+00:00;BTC/USD;9943,00000000;11420,00000000;9936,50000000;11046,00000000;9,99
2020-07-26T00:00:00+00:00;BTC/USD;9711,00000000;10201,50000000;9657,50000000;9941,50000000;2,32
2020-07-25T00:00:00+00:00;BTC/USD;9549,50000000;9749,00000000;9535,00000000;9711,00000000;1,66
2020-07-24T00:00:00+00:00;BTC/USD;9610,50000000;9648,50000000;9476,50000000;9552,00000000;-0,61
2020-07-23T00:00:00+00:00;BTC/USD;9537,00000000;9682,50000000;9451,50000000;9610,50000000;0,76
2020-07-22T00:00:00+00:00;BTC/USD;9394,50000000;9570,50000000;9276,00000000;9538,00000000;1,5
2020-07-21T00:00:00+00:00;BTC/USD;9163,00000000;9442,50000000;9155,50000000;9394,00000000;2,46
2020-07-20T00:00:00+00:00;BTC/USD;9213,50000000;9226,00000000;9130,50000000;9163,00000000;-0,55
2020-07-19T00:00:00+00:00;BTC/USD;9172,00000000;9241,00000000;9103,00000000;9213,50000000;0,45
2020-07-18T00:00:00+00:00;BTC/USD;9153,00000000;9209,50000000;9124,50000000;9172,50000000;0,21
2020-07-17T00:00:00+00:00;BTC/USD;9130,50000000;9182,00000000;9080,00000000;9153,00000000;0,25
2020-07-16T00:00:00+00:00;BTC/USD;9190,00000000;9217,50000000;9032,50000000;9130,50000000;-0,65
2020-07-15T00:00:00+00:00;BTC/USD;9257,50000000;9273,50000000;9153,50000000;9190,00000000;-0,73
2020-07-14T00:00:00+00:00;BTC/USD;9237,50000000;9278,50000000;9108,00000000;9257,50000000;0,22
2020-07-13T00:00:00+00:00;BTC/USD;9305,00000000;9341,00000000;9196,50000000;9237,50000000;-0,73
2020-07-12T00:00:00+00:00;BTC/USD;9233,00000000;9344,50000000;9156,00000000;9305,00000000;0,77
2020-07-11T00:00:00+00:00;BTC/USD;9291,00000000;9301,00000000;9180,50000000;9233,00000000;-0,63
2020-07-10T00:00:00+00:00;BTC/USD;9235,50000000;9316,50000000;9112,50000000;9291,00000000;0,6
2020-07-09T00:00:00+00:00;BTC/USD;9438,50000000;9443,50000000;9159,50000000;9235,50000000;-2,2
2020-07-08T00:00:00+00:00;BTC/USD;9255,50000000;9478,50000000;9234,50000000;9438,50000000;1,94
2020-07-07T00:00:00+00:00;BTC/USD;9342,00000000;9380,50000000;9206,50000000;9255,50000000;-0,93
2020-07-06T00:00:00+00:00;BTC/USD;9076,00000000;9379,00000000;9064,00000000;9342,00000000;2,85
2020-07-05T00:00:00+00:00;BTC/USD;9140,00000000;9146,50000000;8906,50000000;9076,00000000;-0,71
2020-07-04T00:00:00+00:00;BTC/USD;9058,50000000;9194,50000000;9044,50000000;9140,00000000;0,89
2020-07-03T00:00:00+00:00;BTC/USD;9089,00000000;9124,50000000;9041,50000000;9058,50000000;-0,34
2020-07-02T00:00:00+00:00;BTC/USD;9238,50000000;9267,00000000;8941,00000000;9089,00000000;-1,64
2020-07-01T00:00:00+00:00;BTC/USD;9136,00000000;9297,00000000;9088,50000000;9238,50000000;1,11
2020-06-30T00:00:00+00:00;BTC/USD;9183,50000000;9200,50000000;9056,00000000;9136,00000000;-0,52
2020-06-29T00:00:00+00:00;BTC/USD;9114,00000000;9234,50000000;9015,00000000;9190,00000000;0,83
2020-06-28T00:00:00+00:00;BTC/USD;9004,00000000;9189,50000000;8931,00000000;9114,00000000;1,21
2020-06-27T00:00:00+00:00;BTC/USD;9154,00000000;9186,50000000;8820,50000000;9004,00000000;-1,67
2020-06-26T00:00:00+00:00;BTC/USD;9239,50000000;9291,00000000;9030,50000000;9154,00000000;-0,93
2020-06-25T00:00:00+00:00;BTC/USD;9281,50000000;9335,50000000;8989,50000000;9239,50000000;-0,45
2020-06-24T00:00:00+00:00;BTC/USD;9621,50000000;9666,50000000;9038,50000000;9281,50000000;-3,66
2020-06-23T00:00:00+00:00;BTC/USD;9688,50000000;9721,00000000;9574,00000000;9621,50000000;-0,7
2020-06-22T00:00:00+00:00;BTC/USD;9283,00000000;9791,00000000;9264,00000000;9688,50000000;4,19
2020-06-21T00:00:00+00:00;BTC/USD;9358,50000000;9421,50000000;9271,00000000;9283,00000000;-0,81
2020-06-20T00:00:00+00:00;BTC/USD;9299,50000000;9394,00000000;9165,00000000;9358,50000000;0,63
2020-06-19T00:00:00+00:00;BTC/USD;9377,00000000;9430,00000000;9231,50000000;9299,50000000;-0,83
2020-06-18T00:00:00+00:00;BTC/USD;9456,00000000;9478,50000000;9271,00000000;9377,00000000;-0,84
2020-06-17T00:00:00+00:00;BTC/USD;9527,50000000;9561,50000000;9232,50000000;9456,00000000;-0,76
2020-06-16T00:00:00+00:00;BTC/USD;9429,50000000;9591,50000000;9381,00000000;9527,50000000;1,03
2020-06-15T00:00:00+00:00;BTC/USD;9334,50000000;9500,50000000;8896,50000000;9429,50000000;1,01
2020-06-14T00:00:00+00:00;BTC/USD;9476,00000000;9485,50000000;9240,00000000;9334,50000000;-1,52
2020-06-13T00:00:00+00:00;BTC/USD;9463,50000000;9499,50000000;9350,50000000;9476,00000000;0,13
2020-06-12T00:00:00+00:00;BTC/USD;9270,50000000;9553,00000000;9232,00000000;9463,50000000;2,04
2020-06-11T00:00:00+00:00;BTC/USD;9896,00000000;9979,00000000;9060,00000000;9270,00000000;-6,75
2020-06-10T00:00:00+00:00;BTC/USD;9779,50000000;10011,00000000;9660,00000000;9896,00000000;1,18
2020-06-09T00:00:00+00:00;BTC/USD;9784,50000000;9890,00000000;9565,00000000;9777,50000000;-0,07
2020-06-08T00:00:00+00:00;BTC/USD;9753,50000000;9819,50000000;9634,00000000;9784,50000000;0,32
2020-06-07T00:00:00+00:00;BTC/USD;9665,50000000;9820,00000000;9376,00000000;9753,50000000;0,9
2020-06-06T00:00:00+00:00;BTC/USD;9617,00000000;9733,50000000;9530,00000000;9665,50000000;0,5
2020-06-05T00:00:00+00:00;BTC/USD;9791,50000000;9859,50000000;9588,00000000;9617,00000000;-1,81
2020-06-04T00:00:00+00:00;BTC/USD;9666,50000000;9890,00000000;9451,00000000;9791,50000000;1,28
2020-06-03T00:00:00+00:00;BTC/USD;9522,50000000;9691,50000000;9395,00000000;9666,50000000;1,49
2020-06-02T00:00:00+00:00;BTC/USD;10205,00000000;10230,50000000;9280,50000000;9522,50000000;-7,17
2020-06-01T00:00:00+00:00;BTC/USD;9447,50000000;10425,50000000;9415,00000000;10205,00000000;7,42
2020-05-31T00:00:00+00:00;BTC/USD;9702,50000000;9709,50000000;9389,00000000;9447,50000000;-2,7
2020-05-30T00:00:00+00:00;BTC/USD;9424,00000000;9748,00000000;9335,50000000;9702,50000000;2,87
2020-05-29T00:00:00+00:00;BTC/USD;9580,00000000;9607,00000000;9334,00000000;9424,00000000;-1,66
2020-05-28T00:00:00+00:00;BTC/USD;9205,00000000;9623,00000000;9115,00000000;9580,00000000;3,91
2020-05-27T00:00:00+00:00;BTC/USD;8843,00000000;9229,50000000;8811,50000000;9205,00000000;3,93
2020-05-26T00:00:00+00:00;BTC/USD;8900,50000000;9015,50000000;8695,00000000;8843,00000000;-0,65
2020-05-25T00:00:00+00:00;BTC/USD;8717,00000000;8979,00000000;8633,00000000;8900,50000000;2,06
2020-05-24T00:00:00+00:00;BTC/USD;9174,00000000;9305,00000000;8682,50000000;8717,00000000;-5,24
2020-05-23T00:00:00+00:00;BTC/USD;9165,00000000;9314,00000000;9094,00000000;9174,00000000;0,1
2020-05-22T00:00:00+00:00;BTC/USD;9060,00000000;9271,00000000;8930,50000000;9165,00000000;1,15
2020-05-21T00:00:00+00:00;BTC/USD;9511,50000000;9566,50000000;8801,00000000;9060,00000000;-4,98
2020-05-20T00:00:00+00:00;BTC/USD;9783,00000000;9834,50000000;9293,00000000;9511,50000000;-2,85
2020-05-19T00:00:00+00:00;BTC/USD;9731,00000000;9898,00000000;9457,50000000;9782,50000000;0,53
2020-05-18T00:00:00+00:00;BTC/USD;9673,00000000;9955,00000000;9407,00000000;9731,00000000;0,6
2020-05-17T00:00:00+00:00;BTC/USD;9385,00000000;9894,00000000;9327,50000000;9673,00000000;2,98
2020-05-16T00:00:00+00:00;BTC/USD;9304,50000000;9584,50000000;9213,50000000;9385,00000000;0,86
2020-05-15T00:00:00+00:00;BTC/USD;9795,50000000;9854,00000000;9107,00000000;9304,50000000;-5,28
2020-05-14T00:00:00+00:00;BTC/USD;9326,00000000;9945,00000000;9267,00000000;9795,50000000;4,79
2020-05-13T00:00:00+00:00;BTC/USD;8823,00000000;9416,00000000;8807,00000000;9326,00000000;5,39
2020-05-12T00:00:00+00:00;BTC/USD;8578,50000000;8980,50000000;8540,00000000;8823,00000000;2,77
2020-05-11T00:00:00+00:00;BTC/USD;8729,00000000;9173,00000000;8199,00000000;8578,50000000;-1,75
2020-05-10T00:00:00+00:00;BTC/USD;9535,50000000;9564,50000000;8111,00000000;8729,00000000;-9,24
2020-05-09T00:00:00+00:00;BTC/USD;9813,50000000;9918,50000000;9517,00000000;9535,50000000;-2,92
2020-05-08T00:00:00+00:00;BTC/USD;10003,50000000;10050,50000000;9729,50000000;9810,00000000;-1,97
2020-05-07T00:00:00+00:00;BTC/USD;9155,50000000;10076,50000000;9037,00000000;10004,50000000;8,49
2020-05-06T00:00:00+00:00;BTC/USD;9030,00000000;9420,00000000;8922,50000000;9155,50000000;1,37
2020-05-05T00:00:00+00:00;BTC/USD;8889,00000000;9123,00000000;8762,50000000;9030,00000000;1,56
2020-05-04T00:00:00+00:00;BTC/USD;8905,50000000;8971,00000000;8536,00000000;8889,00000000;-0,19
2020-05-03T00:00:00+00:00;BTC/USD;8981,00000000;9203,50000000;8730,00000000;8905,50000000;-0,85
2020-05-02T00:00:00+00:00;BTC/USD;8833,50000000;9023,50000000;8763,50000000;8981,00000000;1,64
2020-05-01T00:00:00+00:00;BTC/USD;8622,50000000;9070,00000000;8620,00000000;8833,50000000;2,39
2020-04-30T00:00:00+00:00;BTC/USD;8788,50000000;9468,00000000;8402,00000000;8622,50000000;-1,93
2020-04-29T00:00:00+00:00;BTC/USD;7755,00000000;8978,00000000;7728,50000000;8788,50000000;11,76
2020-04-28T00:00:00+00:00;BTC/USD;7794,00000000;7798,50000000;7665,50000000;7755,00000000;-0,5
2020-04-27T00:00:00+00:00;BTC/USD;7705,00000000;7810,00000000;7635,00000000;7794,00000000;1,14
2020-04-26T00:00:00+00:00;BTC/USD;7550,00000000;7714,50000000;7483,50000000;7705,00000000;2,01
2020-04-25T00:00:00+00:00;BTC/USD;7509,50000000;7717,50000000;7438,50000000;7550,00000000;0,54
2020-04-24T00:00:00+00:00;BTC/USD;7487,00000000;7614,50000000;7397,50000000;7509,50000000;0,3
2020-04-23T00:00:00+00:00;BTC/USD;7135,50000000;7790,50000000;7034,00000000;7488,00000000;4,71
2020-04-22T00:00:00+00:00;BTC/USD;6852,50000000;7167,00000000;6825,00000000;7135,50000000;3,97
2020-04-21T00:00:00+00:00;BTC/USD;6837,50000000;6962,00000000;6774,00000000;6852,50000000;0,22
2020-04-20T00:00:00+00:00;BTC/USD;7130,00000000;7240,50000000;6760,00000000;6837,50000000;-4,28
2020-04-19T00:00:00+00:00;BTC/USD;7260,50000000;7276,50000000;7066,00000000;7130,00000000;-1,83
2020-04-18T00:00:00+00:00;BTC/USD;7034,50000000;7308,50000000;7022,00000000;7260,50000000;3,11
2020-04-17T00:00:00+00:00;BTC/USD;7113,50000000;7154,50000000;6999,50000000;7035,00000000;-1,12
2020-04-16T00:00:00+00:00;BTC/USD;6622,50000000;7223,00000000;6474,50000000;7113,00000000;6,9
2020-04-15T00:00:00+00:00;BTC/USD;6873,50000000;6941,00000000;6609,00000000;6622,50000000;-3,79
2020-04-14T00:00:00+00:00;BTC/USD;6858,00000000;6992,50000000;6771,50000000;6873,50000000;0,23
2020-04-13T00:00:00+00:00;BTC/USD;6910,50000000;6911,00000000;6580,50000000;6858,00000000;-0,77
2020-04-12T00:00:00+00:00;BTC/USD;6890,00000000;7205,00000000;6789,50000000;6910,50000000;0,3
2020-04-11T00:00:00+00:00;BTC/USD;6871,00000000;6953,50000000;6769,50000000;6889,50000000;0,27
2020-04-10T00:00:00+00:00;BTC/USD;7292,00000000;7302,00000000;6748,50000000;6871,00000000;-6,13
2020-04-09T00:00:00+00:00;BTC/USD;7369,00000000;7377,00000000;7110,50000000;7292,00000000;-1,06
2020-04-08T00:00:00+00:00;BTC/USD;7200,00000000;7428,00000000;7152,50000000;7369,00000000;2,29
2020-04-07T00:00:00+00:00;BTC/USD;7341,50000000;7470,00000000;7078,00000000;7199,50000000;-1,97
2020-04-06T00:00:00+00:00;BTC/USD;6781,50000000;7371,00000000;6771,00000000;7342,00000000;7,63
2020-04-05T00:00:00+00:00;BTC/USD;6874,50000000;6912,50000000;6675,00000000;6781,50000000;-1,37
2020-04-04T00:00:00+00:00;BTC/USD;6738,50000000;7014,50000000;6655,00000000;6874,50000000;1,98
2020-04-03T00:00:00+00:00;BTC/USD;6799,50000000;7051,50000000;6612,00000000;6739,50000000;-0,89
2020-04-02T00:00:00+00:00;BTC/USD;6666,00000000;7273,00000000;6569,00000000;6799,50000000;1,96
2020-04-01T00:00:00+00:00;BTC/USD;6424,50000000;6700,00000000;6160,00000000;6665,00000000;3,61
2020-03-31T00:00:00+00:00;BTC/USD;6407,50000000;6529,00000000;6337,00000000;6425,00000000;0,27
2020-03-30T00:00:00+00:00;BTC/USD;5877,50000000;6626,00000000;5858,00000000;6406,50000000;8,26
2020-03-29T00:00:00+00:00;BTC/USD;6250,50000000;6278,50000000;5869,00000000;5877,50000000;-6,35
2020-03-28T00:00:00+00:00;BTC/USD;6369,50000000;6369,50000000;6011,00000000;6253,00000000;-1,86
2020-03-27T00:00:00+00:00;BTC/USD;6760,50000000;6875,50000000;6271,50000000;6371,00000000;-6,11
2020-03-26T00:00:00+00:00;BTC/USD;6690,00000000;6799,00000000;6520,00000000;6757,50000000;1,0
2020-03-25T00:00:00+00:00;BTC/USD;6767,00000000;6989,50000000;6473,50000000;6688,00000000;-1,18
2020-03-24T00:00:00+00:00;BTC/USD;6489,50000000;6867,50000000;6402,00000000;6767,50000000;4,11
2020-03-23T00:00:00+00:00;BTC/USD;5814,00000000;6680,00000000;5682,50000000;6498,00000000;10,53
2020-03-22T00:00:00+00:00;BTC/USD;6195,50000000;6422,50000000;5740,00000000;5814,00000000;-6,56
2020-03-21T00:00:00+00:00;BTC/USD;6211,50000000;6466,00000000;5870,00000000;6195,50000000;-0,26
2020-03-20T00:00:00+00:00;BTC/USD;6182,00000000;6948,50000000;5657,00000000;6211,00000000;0,47
2020-03-19T00:00:00+00:00;BTC/USD;5414,00000000;6428,00000000;5268,00000000;6182,00000000;12,42
2020-03-18T00:00:00+00:00;BTC/USD;5330,50000000;5457,00000000;5016,50000000;5416,00000000;1,58
2020-03-17T00:00:00+00:00;BTC/USD;5039,00000000;5566,50000000;4934,50000000;5333,50000000;5,52
2020-03-16T00:00:00+00:00;BTC/USD;5348,50000000;5352,00000000;4426,50000000;5035,00000000;-6,23
2020-03-15T00:00:00+00:00;BTC/USD;5164,00000000;5971,00000000;5092,50000000;5349,50000000;3,47
2020-03-14T00:00:00+00:00;BTC/USD;5648,50000000;5671,50000000;5053,00000000;5164,00000000;-9,38
2020-03-13T00:00:00+00:00;BTC/USD;4857,00000000;5999,50000000;3900,00000000;5639,00000000;13,87
2020-03-12T00:00:00+00:00;BTC/USD;7941,50000000;7969,50000000;4519,00000000;4863,00000000;-63,3
2020-03-11T00:00:00+00:00;BTC/USD;7893,00000000;7988,00000000;7589,50000000;7941,50000000;0,61
2020-03-10T00:00:00+00:00;BTC/USD;7931,50000000;8154,00000000;7736,00000000;7893,00000000;-0,49
2020-03-09T00:00:00+00:00;BTC/USD;8039,00000000;8195,00000000;7634,00000000;7931,50000000;-1,36
2020-03-08T00:00:00+00:00;BTC/USD;8897,00000000;8897,00000000;8003,50000000;8039,00000000;-10,67
2020-03-07T00:00:00+00:00;BTC/USD;9157,00000000;9219,50000000;8836,50000000;8897,00000000;-2,92
2020-03-06T00:00:00+00:00;BTC/USD;9070,00000000;9180,00000000;8991,50000000;9157,00000000;0,95
2020-03-05T00:00:00+00:00;BTC/USD;8759,00000000;9173,50000000;8758,50000000;9071,00000000;3,44
2020-03-04T00:00:00+00:00;BTC/USD;8757,00000000;8852,00000000;8670,00000000;8758,50000000;0,02
2020-03-03T00:00:00+00:00;BTC/USD;8921,50000000;8925,50000000;8622,00000000;8757,00000000;-1,88
2020-03-02T00:00:00+00:00;BTC/USD;8522,50000000;8971,00000000;8490,00000000;8919,50000000;4,45
2020-03-01T00:00:00+00:00;BTC/USD;8526,00000000;8758,50000000;8411,00000000;8522,50000000;-0,04
2020-02-29T00:00:00+00:00;BTC/USD;8702,50000000;8800,50000000;8522,50000000;8528,00000000;-2,05
2020-02-28T00:00:00+00:00;BTC/USD;8818,00000000;8901,50000000;8426,00000000;8705,00000000;-1,3
2020-02-27T00:00:00+00:00;BTC/USD;8782,00000000;8973,00000000;8520,00000000;8817,00000000;0,4
2020-02-26T00:00:00+00:00;BTC/USD;9305,00000000;9369,00000000;8609,00000000;8779,50000000;-5,99
2020-02-25T00:00:00+00:00;BTC/USD;9659,50000000;9681,00000000;9242,50000000;9305,50000000;-3,8
2020-02-24T00:00:00+00:00;BTC/USD;9970,00000000;10028,00000000;9482,00000000;9659,50000000;-3,21
2020-02-23T00:00:00+00:00;BTC/USD;9665,50000000;10029,50000000;9665,00000000;9971,00000000;3,06
2020-02-22T00:00:00+00:00;BTC/USD;9694,00000000;9720,50000000;9571,50000000;9665,50000000;-0,29
2020-02-21T00:00:00+00:00;BTC/USD;9606,00000000;9772,50000000;9535,00000000;9694,00000000;0,91
2020-02-20T00:00:00+00:00;BTC/USD;9595,00000000;9700,50000000;9359,50000000;9606,00000000;0,11
2020-02-19T00:00:00+00:00;BTC/USD;10190,50000000;10305,50000000;9313,00000000;9599,50000000;-6,16
2020-02-18T00:00:00+00:00;BTC/USD;9706,50000000;10286,00000000;9604,50000000;10187,50000000;4,72
2020-02-17T00:00:00+00:00;BTC/USD;9926,50000000;9974,00000000;9464,50000000;9704,50000000;-2,29
2020-02-16T00:00:00+00:00;BTC/USD;9909,00000000;10052,00000000;9635,50000000;9929,50000000;0,21
2020-02-15T00:00:00+00:00;BTC/USD;10367,50000000;10401,50000000;9788,00000000;9909,00000000;-4,63
2020-02-14T00:00:00+00:00;BTC/USD;10236,00000000;10393,50000000;10093,00000000;10367,50000000;1,27
2020-02-13T00:00:00+00:00;BTC/USD;10350,00000000;10557,50000000;10076,00000000;10235,00000000;-1,12
2020-02-12T00:00:00+00:00;BTC/USD;10270,50000000;10489,00000000;10245,50000000;10350,00000000;0,77
2020-02-11T00:00:00+00:00;BTC/USD;9851,00000000;10375,00000000;9712,50000000;10270,50000000;4,08
2020-02-10T00:00:00+00:00;BTC/USD;10165,00000000;10199,00000000;9660,00000000;9851,00000000;-3,19
2020-02-09T00:00:00+00:00;BTC/USD;9911,50000000;10183,00000000;9892,00000000;10165,00000000;2,49
2020-02-08T00:00:00+00:00;BTC/USD;9810,50000000;9948,00000000;9660,00000000;9911,50000000;1,02
2020-02-07T00:00:00+00:00;BTC/USD;9759,50000000;9875,00000000;9712,50000000;9810,50000000;0,52
2020-02-06T00:00:00+00:00;BTC/USD;9613,50000000;9861,50000000;9515,50000000;9759,50000000;1,5
2020-02-05T00:00:00+00:00;BTC/USD;9164,50000000;9765,00000000;9150,00000000;9615,00000000;4,69
2020-02-04T00:00:00+00:00;BTC/USD;9280,50000000;9350,00000000;9074,50000000;9164,50000000;-1,27
2020-02-03T00:00:00+00:00;BTC/USD;9323,50000000;9617,50000000;9217,50000000;9280,50000000;-0,46
2020-02-02T00:00:00+00:00;BTC/USD;9383,00000000;9483,00000000;9120,50000000;9320,50000000;-0,67
2020-02-01T00:00:00+00:00;BTC/USD;9338,50000000;9457,00000000;9287,50000000;9383,00000000;0,47
2020-01-31T00:00:00+00:00;BTC/USD;9506,00000000;9521,50000000;9188,00000000;9338,50000000;-1,79
2020-01-30T00:00:00+00:00;BTC/USD;9284,50000000;9571,00000000;9184,00000000;9507,50000000;2,35
2020-01-29T00:00:00+00:00;BTC/USD;9384,50000000;9428,50000000;9222,50000000;9283,00000000;-1,09
2020-01-28T00:00:00+00:00;BTC/USD;8895,50000000;9417,00000000;8887,00000000;9386,00000000;5,23
2020-01-27T00:00:00+00:00;BTC/USD;8595,50000000;8988,00000000;8564,50000000;8895,50000000;3,37
2020-01-26T00:00:00+00:00;BTC/USD;8326,50000000;8595,50000000;8286,00000000;8595,50000000;3,13
2020-01-25T00:00:00+00:00;BTC/USD;8429,50000000;8433,00000000;8256,50000000;8327,50000000;-1,22
2020-01-24T00:00:00+00:00;BTC/USD;8387,00000000;8511,00000000;8223,50000000;8429,50000000;0,5
2020-01-23T00:00:00+00:00;BTC/USD;8660,00000000;8666,50000000;8283,50000000;8387,00000000;-3,26
2020-01-22T00:00:00+00:00;BTC/USD;8724,50000000;8796,00000000;8573,50000000;8660,00000000;-0,74
2020-01-21T00:00:00+00:00;BTC/USD;8629,50000000;8772,50000000;8469,00000000;8723,50000000;1,08
2020-01-20T00:00:00+00:00;BTC/USD;8699,50000000;8735,50000000;8510,50000000;8629,50000000;-0,81
2020-01-19T00:00:00+00:00;BTC/USD;8909,50000000;9187,50000000;8479,50000000;8699,50000000;-2,41
2020-01-18T00:00:00+00:00;BTC/USD;8900,00000000;8980,00000000;8805,00000000;8910,50000000;0,12
2020-01-17T00:00:00+00:00;BTC/USD;8718,50000000;9011,50000000;8665,00000000;8900,00000000;2,04
2020-01-16T00:00:00+00:00;BTC/USD;8813,50000000;8848,00000000;8582,00000000;8714,00000000;-1,14
2020-01-15T00:00:00+00:00;BTC/USD;8811,50000000;8898,50000000;8503,00000000;8811,00000000;-0,01
2020-01-14T00:00:00+00:00;BTC/USD;8109,50000000;8894,00000000;8104,00000000;8818,00000000;8,03
2020-01-13T00:00:00+00:00;BTC/USD;8178,00000000;8188,50000000;8042,50000000;8108,50000000;-0,86
2020-01-12T00:00:00+00:00;BTC/USD;8017,50000000;8191,00000000;7963,00000000;8178,00000000;1,96
2020-01-11T00:00:00+00:00;BTC/USD;8198,00000000;8285,50000000;8004,50000000;8022,00000000;-2,19
2020-01-10T00:00:00+00:00;BTC/USD;7815,50000000;8192,00000000;7673,50000000;8192,00000000;4,6
2020-01-09T00:00:00+00:00;BTC/USD;8046,50000000;8047,00000000;7752,00000000;7815,00000000;-2,96
2020-01-08T00:00:00+00:00;BTC/USD;8159,50000000;8463,50000000;7871,00000000;8044,50000000;-1,43
2020-01-07T00:00:00+00:00;BTC/USD;7764,00000000;8213,50000000;7732,00000000;8156,50000000;4,81

