DATE/TIME;SYMBOL;OPEN;HIGH;LOW;CLOSE;EVOL % CLOSE/HIGH
2022-01-05T00:00:00+00:00;USDT/USD;0,99990000;1,00000000;0,99990000;1,00000000;0,01
2022-01-04T00:00:00+00:00;USDT/USD;1,00000000;1,00010000;0,99990000;0,99990000;-0,01
2022-01-03T00:00:00+00:00;USDT/USD;1,00000000;1,00010000;0,99980000;1,00000000;0,0
2022-01-02T00:00:00+00:00;USDT/USD;1,00010000;1,00010000;1,00000000;1,00010000;0,0
2022-01-01T00:00:00+00:00;USDT/USD;1,00010000;1,00010000;1,00000000;1,00010000;0,0
2021-12-31T00:00:00+00:00;USDT/USD;1,00020000;1,00020000;1,00000000;1,00000000;-0,02
2021-12-30T00:00:00+00:00;USDT/USD;1,00020000;1,00020000;1,00010000;1,00020000;0,0
2021-12-29T00:00:00+00:00;USDT/USD;1,00020000;1,00020000;1,00000000;1,00020000;0,0
2021-12-28T00:00:00+00:00;USDT/USD;1,00040000;1,00040000;0,99990000;1,00020000;-0,02
2021-12-27T00:00:00+00:00;USDT/USD;1,00050000;1,00050000;1,00030000;1,00040000;-0,01
2021-12-26T00:00:00+00:00;USDT/USD;1,00050000;1,00050000;1,00040000;1,00050000;0,0
2021-12-25T00:00:00+00:00;USDT/USD;1,00040000;1,00050000;1,00030000;1,00050000;0,01
2021-12-24T00:00:00+00:00;USDT/USD;1,00040000;1,00040000;1,00020000;1,00040000;0,0
2021-12-23T00:00:00+00:00;USDT/USD;1,00040000;1,00040000;1,00030000;1,00040000;0,0
2021-12-22T00:00:00+00:00;USDT/USD;1,00040000;1,00040000;1,00030000;1,00040000;0,0
2021-12-21T00:00:00+00:00;USDT/USD;1,00040000;1,00040000;1,00030000;1,00040000;0,0
2021-12-20T00:00:00+00:00;USDT/USD;1,00040000;1,00040000;1,00020000;1,00030000;-0,01
2021-12-19T00:00:00+00:00;USDT/USD;1,00040000;1,00040000;1,00030000;1,00040000;0,0
2021-12-18T00:00:00+00:00;USDT/USD;1,00040000;1,00040000;1,00030000;1,00040000;0,0
2021-12-17T00:00:00+00:00;USDT/USD;1,00030000;1,00050000;1,00020000;1,00040000;0,01
2021-12-16T00:00:00+00:00;USDT/USD;1,00060000;1,00090000;1,00010000;1,00030000;-0,03
2021-12-15T00:00:00+00:00;USDT/USD;1,00050000;1,00070000;1,00040000;1,00060000;0,01
2021-12-14T00:00:00+00:00;USDT/USD;1,00050000;1,00060000;1,00030000;1,00050000;0,0
2021-12-13T00:00:00+00:00;USDT/USD;1,00070000;1,00070000;1,00020000;1,00050000;-0,02
2021-12-12T00:00:00+00:00;USDT/USD;1,00060000;1,00070000;1,00050000;1,00070000;0,01
2021-12-11T00:00:00+00:00;USDT/USD;1,00040000;1,00080000;1,00040000;1,00060000;0,02
2021-12-10T00:00:00+00:00;USDT/USD;1,00050000;1,00070000;1,00040000;1,00040000;-0,01
2021-12-09T00:00:00+00:00;USDT/USD;1,00100000;1,00110000;1,00030000;1,00050000;-0,05
2021-12-08T00:00:00+00:00;USDT/USD;1,00100000;1,00130000;1,00090000;1,00100000;0,0
2021-12-07T00:00:00+00:00;USDT/USD;1,00100000;1,00130000;1,00080000;1,00100000;0,0
2021-12-06T00:00:00+00:00;USDT/USD;1,00110000;1,00130000;1,00090000;1,00100000;-0,01
2021-12-05T00:00:00+00:00;USDT/USD;1,00110000;1,00170000;1,00100000;1,00110000;0,0
2021-12-04T00:00:00+00:00;USDT/USD;1,00060000;1,03960000;1,00040000;1,00110000;0,05
2021-12-03T00:00:00+00:00;USDT/USD;1,00070000;1,00080000;1,00040000;1,00060000;-0,01
2021-12-02T00:00:00+00:00;USDT/USD;1,00070000;1,00090000;1,00060000;1,00070000;0,0
2021-12-01T00:00:00+00:00;USDT/USD;1,00080000;1,00090000;1,00060000;1,00070000;-0,01
2021-11-30T00:00:00+00:00;USDT/USD;1,00080000;1,00110000;1,00060000;1,00090000;0,01
2021-11-29T00:00:00+00:00;USDT/USD;1,00080000;1,00090000;1,00070000;1,00080000;0,0
2021-11-28T00:00:00+00:00;USDT/USD;1,00070000;1,00080000;1,00060000;1,00080000;0,01
2021-11-27T00:00:00+00:00;USDT/USD;1,00060000;1,00090000;1,00060000;1,00070000;0,01
2021-11-26T00:00:00+00:00;USDT/USD;1,00070000;1,00120000;1,00040000;1,00060000;-0,01
2021-11-25T00:00:00+00:00;USDT/USD;1,00040000;1,00080000;1,00030000;1,00070000;0,03
2021-11-24T00:00:00+00:00;USDT/USD;1,00040000;1,00050000;1,00020000;1,00040000;0,0
2021-11-23T00:00:00+00:00;USDT/USD;1,00080000;1,00080000;1,00010000;1,00040000;-0,04
2021-11-22T00:00:00+00:00;USDT/USD;1,00090000;1,00100000;1,00050000;1,00080000;-0,01
2021-11-21T00:00:00+00:00;USDT/USD;1,00070000;1,00090000;1,00060000;1,00090000;0,02
2021-11-20T00:00:00+00:00;USDT/USD;1,00090000;1,00090000;1,00060000;1,00070000;-0,02
2021-11-19T00:00:00+00:00;USDT/USD;1,00060000;1,00090000;1,00040000;1,00090000;0,03
2021-11-18T00:00:00+00:00;USDT/USD;1,00060000;1,00110000;1,00020000;1,00060000;0,0
2021-11-17T00:00:00+00:00;USDT/USD;1,00050000;1,00060000;1,00010000;1,00060000;0,01
2021-11-16T00:00:00+00:00;USDT/USD;1,00020000;1,00070000;1,00000000;1,00050000;0,03
2021-11-15T00:00:00+00:00;USDT/USD;1,00020000;1,00020000;1,00010000;1,00020000;0,0
2021-11-14T00:00:00+00:00;USDT/USD;1,00010000;1,00020000;1,00000000;1,00020000;0,01
2021-11-13T00:00:00+00:00;USDT/USD;1,00010000;1,00020000;1,00000000;1,00010000;0,0
2021-11-12T00:00:00+00:00;USDT/USD;1,00040000;1,00040000;0,99980000;1,00010000;-0,03
2021-11-11T00:00:00+00:00;USDT/USD;1,00030000;1,00050000;1,00020000;1,00040000;0,01
2021-11-10T00:00:00+00:00;USDT/USD;1,00010000;1,00050000;1,00000000;1,00030000;0,02
2021-11-09T00:00:00+00:00;USDT/USD;1,00040000;1,00060000;0,99990000;1,00010000;-0,03
2021-11-08T00:00:00+00:00;USDT/USD;1,00080000;1,00080000;1,00020000;1,00040000;-0,04
2021-11-07T00:00:00+00:00;USDT/USD;1,00080000;1,00080000;1,00070000;1,00080000;0,0
2021-11-06T00:00:00+00:00;USDT/USD;1,00090000;1,00090000;1,00070000;1,00080000;-0,01
2021-11-05T00:00:00+00:00;USDT/USD;1,00060000;1,00090000;1,00050000;1,00090000;0,03
2021-11-04T00:00:00+00:00;USDT/USD;1,00050000;1,00080000;1,00010000;1,00060000;0,01
2021-11-03T00:00:00+00:00;USDT/USD;1,00080000;1,00090000;1,00030000;1,00050000;-0,03
2021-11-02T00:00:00+00:00;USDT/USD;1,00050000;1,00080000;1,00040000;1,00080000;0,03
2021-11-01T00:00:00+00:00;USDT/USD;1,00070000;1,00070000;1,00030000;1,00040000;-0,03
2021-10-31T00:00:00+00:00;USDT/USD;1,00050000;1,00070000;1,00020000;1,00070000;0,02
2021-10-30T00:00:00+00:00;USDT/USD;1,00010000;1,00050000;0,99990000;1,00050000;0,04
2021-10-29T00:00:00+00:00;USDT/USD;1,00040000;1,00040000;0,99980000;1,00010000;-0,03
2021-10-28T00:00:00+00:00;USDT/USD;1,00050000;1,00060000;1,00020000;1,00040000;-0,01
2021-10-27T00:00:00+00:00;USDT/USD;0,99990000;1,00140000;0,99980000;1,00050000;0,06
2021-10-26T00:00:00+00:00;USDT/USD;0,99990000;1,00000000;0,99980000;0,99990000;0,0
2021-10-25T00:00:00+00:00;USDT/USD;0,99990000;1,00000000;0,99970000;0,99990000;0,0
2021-10-24T00:00:00+00:00;USDT/USD;0,99990000;1,00000000;0,99970000;0,99990000;0,0
2021-10-23T00:00:00+00:00;USDT/USD;0,99970000;0,99990000;0,99960000;0,99990000;0,02
2021-10-22T00:00:00+00:00;USDT/USD;1,00010000;1,00010000;0,99950000;0,99970000;-0,04
2021-10-21T00:00:00+00:00;USDT/USD;1,00020000;1,00040000;1,00000000;1,00010000;-0,01
2021-10-20T00:00:00+00:00;USDT/USD;1,00010000;1,00020000;1,00000000;1,00020000;0,01
2021-10-19T00:00:00+00:00;USDT/USD;0,99980000;1,00010000;0,99970000;1,00010000;0,03
2021-10-18T00:00:00+00:00;USDT/USD;1,00010000;1,00010000;0,99970000;0,99980000;-0,03
2021-10-17T00:00:00+00:00;USDT/USD;1,00010000;1,00010000;1,00000000;1,00010000;0,0
2021-10-16T00:00:00+00:00;USDT/USD;0,99980000;1,00010000;0,99970000;1,00010000;0,03
2021-10-15T00:00:00+00:00;USDT/USD;1,00010000;1,00040000;0,99970000;0,99980000;-0,03
2021-10-14T00:00:00+00:00;USDT/USD;1,00020000;1,00030000;1,00000000;1,00010000;-0,01
2021-10-13T00:00:00+00:00;USDT/USD;1,00000000;1,00030000;1,00000000;1,00020000;0,02
2021-10-12T00:00:00+00:00;USDT/USD;1,00020000;1,00050000;1,00000000;1,00000000;-0,02
2021-10-11T00:00:00+00:00;USDT/USD;1,00050000;1,00070000;1,00000000;1,00020000;-0,03
2021-10-10T00:00:00+00:00;USDT/USD;1,00030000;1,00090000;1,00020000;1,00050000;0,02
2021-10-09T00:00:00+00:00;USDT/USD;1,00010000;1,00030000;1,00000000;1,00030000;0,02
2021-10-08T00:00:00+00:00;USDT/USD;1,00050000;1,00050000;1,00000000;1,00010000;-0,04
2021-10-07T00:00:00+00:00;USDT/USD;1,00050000;1,00060000;1,00020000;1,00050000;0,0
2021-10-06T00:00:00+00:00;USDT/USD;1,00040000;1,00050000;1,00020000;1,00050000;0,01
2021-10-05T00:00:00+00:00;USDT/USD;1,00040000;1,00060000;1,00030000;1,00040000;0,0
2021-10-04T00:00:00+00:00;USDT/USD;1,00060000;1,00080000;1,00040000;1,00050000;-0,01
2021-10-03T00:00:00+00:00;USDT/USD;1,00060000;1,00060000;1,00050000;1,00060000;0,0
2021-10-02T00:00:00+00:00;USDT/USD;1,00050000;1,00060000;0,99980000;1,00060000;0,01
2021-10-01T00:00:00+00:00;USDT/USD;1,00010000;1,00060000;1,00000000;1,00050000;0,04
2021-09-30T00:00:00+00:00;USDT/USD;1,00010000;1,00010000;1,00000000;1,00010000;0,0
2021-09-29T00:00:00+00:00;USDT/USD;1,00020000;1,00030000;1,00000000;1,00010000;-0,01
2021-09-28T00:00:00+00:00;USDT/USD;1,00040000;1,00050000;1,00000000;1,00020000;-0,02
2021-09-27T00:00:00+00:00;USDT/USD;1,00060000;1,00060000;1,00040000;1,00040000;-0,02
2021-09-26T00:00:00+00:00;USDT/USD;1,00070000;1,00070000;1,00000000;1,00060000;-0,01
2021-09-25T00:00:00+00:00;USDT/USD;1,00080000;1,00080000;1,00060000;1,00070000;-0,01
2021-09-24T00:00:00+00:00;USDT/USD;1,00060000;1,00080000;1,00020000;1,00080000;0,02
2021-09-23T00:00:00+00:00;USDT/USD;1,00040000;1,00070000;1,00030000;1,00060000;0,02
2021-09-22T00:00:00+00:00;USDT/USD;1,00000000;1,00040000;0,99990000;1,00040000;0,04
2021-09-21T00:00:00+00:00;USDT/USD;0,99990000;1,00000000;0,99980000;1,00000000;0,01
2021-09-20T00:00:00+00:00;USDT/USD;1,00020000;1,00030000;0,99980000;0,99990000;-0,03
2021-09-19T00:00:00+00:00;USDT/USD;1,00020000;1,00030000;1,00010000;1,00020000;0,0
2021-09-18T00:00:00+00:00;USDT/USD;1,00010000;1,00020000;1,00000000;1,00020000;0,01
2021-09-17T00:00:00+00:00;USDT/USD;1,00030000;1,00040000;1,00010000;1,00010000;-0,02
2021-09-16T00:00:00+00:00;USDT/USD;1,00050000;1,00050000;1,00010000;1,00030000;-0,02
2021-09-15T00:00:00+00:00;USDT/USD;1,00030000;1,00060000;1,00030000;1,00050000;0,02
2021-09-14T00:00:00+00:00;USDT/USD;1,00030000;1,00050000;1,00010000;1,00030000;0,0
2021-09-13T00:00:00+00:00;USDT/USD;1,00020000;1,00050000;0,99990000;1,00030000;0,01
2021-09-12T00:00:00+00:00;USDT/USD;1,00020000;1,00030000;1,00010000;1,00010000;-0,01
2021-09-11T00:00:00+00:00;USDT/USD;1,00010000;1,00020000;0,99990000;1,00020000;0,01
2021-09-10T00:00:00+00:00;USDT/USD;1,00010000;1,00030000;0,99980000;1,00010000;0,0
2021-09-09T00:00:00+00:00;USDT/USD;1,00020000;1,00050000;0,99970000;1,00010000;-0,01
2021-09-08T00:00:00+00:00;USDT/USD;1,00050000;1,00060000;1,00000000;1,00020000;-0,03
2021-09-07T00:00:00+00:00;USDT/USD;1,00030000;1,00110000;0,99960000;1,00050000;0,02
2021-09-06T00:00:00+00:00;USDT/USD;1,00050000;1,00060000;1,00010000;1,00030000;-0,02
2021-09-05T00:00:00+00:00;USDT/USD;1,00050000;1,00050000;1,00030000;1,00050000;0,0
2021-09-04T00:00:00+00:00;USDT/USD;1,00020000;1,00060000;1,00010000;1,00050000;0,03
2021-09-03T00:00:00+00:00;USDT/USD;1,00030000;1,00060000;0,99990000;1,00020000;-0,01
2021-09-02T00:00:00+00:00;USDT/USD;1,00040000;1,00050000;0,99990000;1,00030000;-0,01
2021-09-01T00:00:00+00:00;USDT/USD;1,00010000;1,00060000;1,00010000;1,00040000;0,03
2021-08-31T00:00:00+00:00;USDT/USD;1,00060000;1,00060000;0,99990000;1,00020000;-0,04
2021-08-30T00:00:00+00:00;USDT/USD;1,00060000;1,00070000;1,00050000;1,00060000;0,0
2021-08-29T00:00:00+00:00;USDT/USD;1,00050000;1,00080000;1,00040000;1,00060000;0,01
2021-08-28T00:00:00+00:00;USDT/USD;1,00060000;1,00070000;1,00030000;1,00050000;-0,01
2021-08-27T00:00:00+00:00;USDT/USD;1,00040000;1,00060000;1,00030000;1,00060000;0,02
2021-08-26T00:00:00+00:00;USDT/USD;1,00010000;1,00040000;0,99990000;1,00040000;0,03
2021-08-25T00:00:00+00:00;USDT/USD;1,00000000;1,00010000;0,99980000;1,00010000;0,01
2021-08-24T00:00:00+00:00;USDT/USD;1,00040000;1,00040000;0,99990000;1,00000000;-0,04
2021-08-23T00:00:00+00:00;USDT/USD;1,00070000;1,00070000;1,00030000;1,00040000;-0,03
2021-08-22T00:00:00+00:00;USDT/USD;1,00060000;1,00090000;1,00050000;1,00070000;0,01
2021-08-21T00:00:00+00:00;USDT/USD;1,00040000;1,00070000;1,00010000;1,00060000;0,02
2021-08-20T00:00:00+00:00;USDT/USD;1,00010000;1,00040000;0,99970000;1,00040000;0,03
2021-08-19T00:00:00+00:00;USDT/USD;1,00030000;1,00030000;1,00000000;1,00010000;-0,02
2021-08-18T00:00:00+00:00;USDT/USD;1,00000000;1,00050000;0,99990000;1,00030000;0,03
2021-08-17T00:00:00+00:00;USDT/USD;1,00020000;1,00030000;0,99990000;1,00000000;-0,02
2021-08-16T00:00:00+00:00;USDT/USD;1,00080000;1,00090000;1,00000000;1,00020000;-0,06
2021-08-15T00:00:00+00:00;USDT/USD;1,00060000;1,00090000;1,00060000;1,00080000;0,02
2021-08-14T00:00:00+00:00;USDT/USD;1,00030000;1,00080000;1,00020000;1,00060000;0,03
2021-08-13T00:00:00+00:00;USDT/USD;1,00030000;1,00070000;0,99990000;1,00030000;0,0
2021-08-12T00:00:00+00:00;USDT/USD;1,00050000;1,00050000;0,99990000;1,00030000;-0,02
2021-08-11T00:00:00+00:00;USDT/USD;1,00010000;1,00050000;1,00010000;1,00050000;0,04
2021-08-10T00:00:00+00:00;USDT/USD;1,00020000;1,00050000;1,00010000;1,00010000;-0,01
2021-08-09T00:00:00+00:00;USDT/USD;1,00040000;1,00070000;1,00010000;1,00020000;-0,02
2021-08-08T00:00:00+00:00;USDT/USD;1,00070000;1,00080000;1,00020000;1,00040000;-0,03
2021-08-07T00:00:00+00:00;USDT/USD;1,00040000;1,00070000;1,00020000;1,00070000;0,03
2021-08-06T00:00:00+00:00;USDT/USD;1,00030000;1,00050000;1,00020000;1,00040000;0,01
2021-08-05T00:00:00+00:00;USDT/USD;1,00000000;1,00030000;0,99990000;1,00030000;0,03
2021-08-04T00:00:00+00:00;USDT/USD;0,99980000;1,00000000;0,99970000;1,00000000;0,02
2021-08-03T00:00:00+00:00;USDT/USD;1,00030000;1,00040000;0,99980000;0,99980000;-0,05
2021-08-02T00:00:00+00:00;USDT/USD;1,00040000;1,00040000;1,00010000;1,00030000;-0,01
2021-08-01T00:00:00+00:00;USDT/USD;1,00060000;1,00070000;1,00030000;1,00040000;-0,02
2021-07-31T00:00:00+00:00;USDT/USD;1,00040000;1,00060000;1,00020000;1,00060000;0,02
2021-07-30T00:00:00+00:00;USDT/USD;1,00030000;1,00040000;1,00020000;1,00040000;0,01
2021-07-29T00:00:00+00:00;USDT/USD;1,00000000;1,00030000;0,99990000;1,00030000;0,03
2021-07-28T00:00:00+00:00;USDT/USD;1,00040000;1,00040000;0,99920000;1,00000000;-0,04
2021-07-27T00:00:00+00:00;USDT/USD;0,99960000;1,00060000;0,99950000;1,00040000;0,08
2021-07-26T00:00:00+00:00;USDT/USD;1,00050000;1,00070000;0,99960000;0,99960000;-0,09
2021-07-25T00:00:00+00:00;USDT/USD;1,00040000;1,00050000;1,00030000;1,00050000;0,01
2021-07-24T00:00:00+00:00;USDT/USD;1,00020000;1,00070000;1,00010000;1,00040000;0,02
2021-07-23T00:00:00+00:00;USDT/USD;1,00020000;1,00020000;1,00000000;1,00020000;0,0
2021-07-22T00:00:00+00:00;USDT/USD;1,00020000;1,00070000;1,00010000;1,00020000;0,0
2021-07-21T00:00:00+00:00;USDT/USD;1,00020000;1,00060000;1,00010000;1,00020000;0,0
2021-07-20T00:00:00+00:00;USDT/USD;1,00000000;1,00060000;0,99990000;1,00020000;0,02
2021-07-19T00:00:00+00:00;USDT/USD;1,00030000;1,00030000;0,99990000;1,00000000;-0,03
2021-07-18T00:00:00+00:00;USDT/USD;1,00030000;1,00040000;1,00020000;1,00030000;0,0
2021-07-17T00:00:00+00:00;USDT/USD;1,00030000;1,00050000;1,00020000;1,00030000;0,0
2021-07-16T00:00:00+00:00;USDT/USD;0,99990000;1,00030000;0,99990000;1,00030000;0,04
2021-07-15T00:00:00+00:00;USDT/USD;1,00010000;1,00010000;0,99990000;0,99990000;-0,02
2021-07-14T00:00:00+00:00;USDT/USD;1,00010000;1,00010000;1,00000000;1,00010000;0,0
2021-07-13T00:00:00+00:00;USDT/USD;1,00000000;1,00010000;0,99990000;1,00010000;0,01
2021-07-12T00:00:00+00:00;USDT/USD;1,00000000;1,00000000;0,99990000;1,00000000;0,0
2021-07-11T00:00:00+00:00;USDT/USD;0,99990000;1,00000000;0,99980000;1,00000000;0,01
2021-07-10T00:00:00+00:00;USDT/USD;0,99980000;1,00000000;0,99970000;0,99990000;0,01
2021-07-09T00:00:00+00:00;USDT/USD;1,00000000;1,00000000;0,99970000;0,99980000;-0,02
2021-07-08T00:00:00+00:00;USDT/USD;1,00020000;1,00020000;0,99940000;1,00000000;-0,02
2021-07-07T00:00:00+00:00;USDT/USD;1,00020000;1,00050000;1,00010000;1,00020000;0,0
2021-07-06T00:00:00+00:00;USDT/USD;1,00020000;1,00050000;1,00010000;1,00020000;0,0
2021-07-05T00:00:00+00:00;USDT/USD;1,00010000;1,00030000;1,00000000;1,00020000;0,01
2021-07-04T00:00:00+00:00;USDT/USD;1,00020000;1,00020000;1,00000000;1,00010000;-0,01
2021-07-03T00:00:00+00:00;USDT/USD;1,00020000;1,00030000;1,00010000;1,00020000;0,0
2021-07-02T00:00:00+00:00;USDT/USD;1,00010000;1,00030000;0,99980000;1,00020000;0,01
2021-07-01T00:00:00+00:00;USDT/USD;1,00030000;1,00030000;1,00000000;1,00010000;-0,02
2021-06-30T00:00:00+00:00;USDT/USD;1,00010000;1,00030000;1,00000000;1,00030000;0,02
2021-06-29T00:00:00+00:00;USDT/USD;1,00020000;1,00040000;1,00000000;1,00010000;-0,01
2021-06-28T00:00:00+00:00;USDT/USD;1,00030000;1,00040000;1,00010000;1,00020000;-0,01
2021-06-27T00:00:00+00:00;USDT/USD;1,00000000;1,00050000;0,99990000;1,00030000;0,03
2021-06-26T00:00:00+00:00;USDT/USD;0,99980000;1,00010000;0,99980000;1,00000000;0,02
2021-06-25T00:00:00+00:00;USDT/USD;1,00000000;1,00000000;0,99950000;0,99980000;-0,02
2021-06-24T00:00:00+00:00;USDT/USD;1,00010000;1,00010000;0,99990000;1,00000000;-0,01
2021-06-23T00:00:00+00:00;USDT/USD;1,00020000;1,00040000;1,00000000;1,00010000;-0,01
2021-06-22T00:00:00+00:00;USDT/USD;1,00020000;1,00060000;0,99980000;1,00020000;0,0
2021-06-21T00:00:00+00:00;USDT/USD;1,00000000;1,00050000;0,99990000;1,00020000;0,02
2021-06-20T00:00:00+00:00;USDT/USD;1,00030000;1,00040000;1,00000000;1,00000000;-0,03
2021-06-19T00:00:00+00:00;USDT/USD;1,00040000;1,00040000;1,00020000;1,00030000;-0,01
2021-06-18T00:00:00+00:00;USDT/USD;0,99990000;1,00040000;0,99980000;1,00040000;0,05
2021-06-17T00:00:00+00:00;USDT/USD;1,00000000;1,00000000;0,99970000;0,99990000;-0,01
2021-06-16T00:00:00+00:00;USDT/USD;0,99970000;1,00020000;0,99970000;1,00000000;0,03
2021-06-15T00:00:00+00:00;USDT/USD;1,00020000;1,00020000;0,99930000;0,99970000;-0,05
2021-06-14T00:00:00+00:00;USDT/USD;1,00020000;1,00050000;1,00000000;1,00020000;0,0
2021-06-13T00:00:00+00:00;USDT/USD;1,00020000;1,00040000;1,00000000;1,00020000;0,0
2021-06-12T00:00:00+00:00;USDT/USD;0,99990000;1,00030000;0,99980000;1,00020000;0,03
2021-06-11T00:00:00+00:00;USDT/USD;1,00050000;1,00050000;0,99940000;0,99990000;-0,06
2021-06-10T00:00:00+00:00;USDT/USD;1,00060000;1,00070000;1,00020000;1,00050000;-0,01
2021-06-09T00:00:00+00:00;USDT/USD;1,00100000;1,00100000;1,00050000;1,00060000;-0,04
2021-06-08T00:00:00+00:00;USDT/USD;1,00030000;1,00100000;1,00020000;1,00100000;0,07
2021-06-07T00:00:00+00:00;USDT/USD;1,00040000;1,00090000;1,00010000;1,00030000;-0,01
2021-06-06T00:00:00+00:00;USDT/USD;1,00030000;1,00050000;1,00020000;1,00040000;0,01
2021-06-05T00:00:00+00:00;USDT/USD;1,00040000;1,00040000;1,00020000;1,00030000;-0,01
2021-06-04T00:00:00+00:00;USDT/USD;1,00020000;1,00050000;1,00010000;1,00040000;0,02
2021-06-03T00:00:00+00:00;USDT/USD;1,00010000;1,00020000;1,00000000;1,00020000;0,01
2021-06-02T00:00:00+00:00;USDT/USD;1,00010000;1,00010000;0,99990000;1,00010000;0,0
2021-06-01T00:00:00+00:00;USDT/USD;1,00050000;1,00050000;1,00000000;1,00010000;-0,04
2021-05-31T00:00:00+00:00;USDT/USD;1,00060000;1,00090000;1,00040000;1,00050000;-0,01
2021-05-30T00:00:00+00:00;USDT/USD;1,00060000;1,00080000;1,00040000;1,00060000;0,0
2021-05-29T00:00:00+00:00;USDT/USD;1,00040000;1,00070000;1,00030000;1,00060000;0,02
2021-05-28T00:00:00+00:00;USDT/USD;1,00120000;1,00120000;1,00030000;1,00040000;-0,08
2021-05-27T00:00:00+00:00;USDT/USD;1,00130000;1,00150000;1,00080000;1,00120000;-0,01
2021-05-26T00:00:00+00:00;USDT/USD;1,00120000;1,00150000;1,00100000;1,00130000;0,01
2021-05-25T00:00:00+00:00;USDT/USD;1,00120000;1,00170000;1,00080000;1,00120000;0,0
2021-05-24T00:00:00+00:00;USDT/USD;1,00130000;1,00190000;1,00070000;1,00120000;-0,01
2021-05-23T00:00:00+00:00;USDT/USD;1,00100000;1,00150000;1,00030000;1,00130000;0,03
2021-05-22T00:00:00+00:00;USDT/USD;1,00150000;1,00160000;1,00030000;1,00100000;-0,05
2021-05-21T00:00:00+00:00;USDT/USD;1,00180000;1,00210000;1,00110000;1,00150000;-0,03
2021-05-20T00:00:00+00:00;USDT/USD;1,00120000;1,00280000;1,00070000;1,00170000;0,05
2021-05-19T00:00:00+00:00;USDT/USD;1,00060000;1,00650000;0,99760000;1,00120000;0,06
2021-05-18T00:00:00+00:00;USDT/USD;1,00040000;1,00200000;1,00020000;1,00060000;0,02
2021-05-17T00:00:00+00:00;USDT/USD;1,00040000;1,00220000;0,99960000;1,00040000;0,0
2021-05-16T00:00:00+00:00;USDT/USD;1,00040000;1,00100000;0,99960000;1,00030000;-0,01
2021-05-15T00:00:00+00:00;USDT/USD;1,00090000;1,00110000;1,00020000;1,00040000;-0,05
2021-05-14T00:00:00+00:00;USDT/USD;1,00000000;1,00200000;0,99990000;1,00090000;0,09
2021-05-13T00:00:00+00:00;USDT/USD;0,99880000;1,00150000;0,99860000;1,00000000;0,12
2021-05-12T00:00:00+00:00;USDT/USD;1,00140000;1,00170000;0,99880000;0,99890000;-0,25
2021-05-11T00:00:00+00:00;USDT/USD;1,00070000;1,00240000;1,00010000;1,00140000;0,07
2021-05-10T00:00:00+00:00;USDT/USD;1,00090000;1,00250000;1,00000000;1,00070000;-0,02
2021-05-09T00:00:00+00:00;USDT/USD;1,00130000;1,00170000;1,00000000;1,00090000;-0,04
2021-05-08T00:00:00+00:00;USDT/USD;1,00080000;1,00180000;1,00070000;1,00130000;0,05
2021-05-07T00:00:00+00:00;USDT/USD;1,00080000;1,00140000;1,00030000;1,00080000;0,0
2021-05-06T00:00:00+00:00;USDT/USD;1,00100000;1,00180000;1,00040000;1,00080000;-0,02
2021-05-05T00:00:00+00:00;USDT/USD;1,00040000;1,00140000;1,00000000;1,00100000;0,06
2021-05-04T00:00:00+00:00;USDT/USD;1,00070000;1,00140000;1,00010000;1,00040000;-0,03
2021-05-03T00:00:00+00:00;USDT/USD;1,00050000;1,00090000;1,00030000;1,00070000;0,02
2021-05-02T00:00:00+00:00;USDT/USD;1,00070000;1,00170000;1,00040000;1,00050000;-0,02
2021-05-01T00:00:00+00:00;USDT/USD;1,00090000;1,00110000;1,00060000;1,00070000;-0,02
2021-04-30T00:00:00+00:00;USDT/USD;1,00040000;1,00140000;1,00030000;1,00090000;0,05
2021-04-29T00:00:00+00:00;USDT/USD;1,00090000;1,00090000;1,00030000;1,00040000;-0,05
2021-04-28T00:00:00+00:00;USDT/USD;1,00100000;1,00110000;1,00050000;1,00090000;-0,01
2021-04-27T00:00:00+00:00;USDT/USD;1,00060000;1,00160000;1,00040000;1,00100000;0,04
2021-04-26T00:00:00+00:00;USDT/USD;1,00080000;1,00150000;1,00000000;1,00060000;-0,02
2021-04-25T00:00:00+00:00;USDT/USD;1,00040000;1,00090000;1,00000000;1,00080000;0,04
2021-04-24T00:00:00+00:00;USDT/USD;1,00060000;1,00130000;1,00030000;1,00040000;-0,02
2021-04-23T00:00:00+00:00;USDT/USD;1,00010000;1,00120000;0,99940000;1,00060000;0,05
2021-04-22T00:00:00+00:00;USDT/USD;1,00030000;1,00170000;0,99930000;1,00010000;-0,02
2021-04-21T00:00:00+00:00;USDT/USD;1,00090000;1,00090000;1,00010000;1,00030000;-0,06
2021-04-20T00:00:00+00:00;USDT/USD;1,00060000;1,00210000;1,00020000;1,00090000;0,03
2021-04-19T00:00:00+00:00;USDT/USD;1,00170000;1,00260000;1,00010000;1,00060000;-0,11
2021-04-18T00:00:00+00:00;USDT/USD;1,00060000;1,00530000;1,00010000;1,00170000;0,11
2021-04-17T00:00:00+00:00;USDT/USD;1,00090000;1,00140000;1,00000000;1,00060000;-0,03
2021-04-16T00:00:00+00:00;USDT/USD;1,00080000;1,00240000;1,00020000;1,00090000;0,01
2021-04-15T00:00:00+00:00;USDT/USD;1,00000000;1,00110000;0,99980000;1,00080000;0,08
2021-04-14T00:00:00+00:00;USDT/USD;1,00000000;1,00160000;0,99910000;1,00000000;0,0
2021-04-13T00:00:00+00:00;USDT/USD;0,99970000;1,00050000;0,99910000;1,00000000;0,03
2021-04-12T00:00:00+00:00;USDT/USD;0,99930000;1,00000000;0,99870000;0,99970000;0,04
2021-04-11T00:00:00+00:00;USDT/USD;0,99940000;0,99960000;0,99890000;0,99930000;-0,01
2021-04-10T00:00:00+00:00;USDT/USD;0,99940000;1,00000000;0,99880000;0,99940000;0,0
2021-04-09T00:00:00+00:00;USDT/USD;1,00000000;1,00080000;0,99810000;0,99940000;-0,06
2021-04-08T00:00:00+00:00;USDT/USD;0,99950000;1,00080000;0,99900000;1,00000000;0,05
2021-04-07T00:00:00+00:00;USDT/USD;1,00020000;1,00100000;0,99570000;0,99950000;-0,07
2021-04-06T00:00:00+00:00;USDT/USD;1,00000000;1,00170000;0,99000000;1,00020000;0,02
2021-04-05T00:00:00+00:00;USDT/USD;1,00020000;1,00190000;0,99980000;1,00000000;-0,02
2021-04-04T00:00:00+00:00;USDT/USD;1,00000000;1,00030000;0,99970000;1,00020000;0,02
2021-04-03T00:00:00+00:00;USDT/USD;1,00010000;1,00010000;0,99930000;1,00000000;-0,01
2021-04-02T00:00:00+00:00;USDT/USD;0,99990000;1,00050000;0,99940000;1,00010000;0,02
2021-04-01T00:00:00+00:00;USDT/USD;1,00040000;1,00070000;0,99950000;0,99990000;-0,05
2021-03-31T00:00:00+00:00;USDT/USD;1,00050000;1,00070000;1,00000000;1,00040000;-0,01
2021-03-30T00:00:00+00:00;USDT/USD;1,00000000;1,00070000;0,99960000;1,00050000;0,05
2021-03-29T00:00:00+00:00;USDT/USD;1,00030000;1,00050000;0,99780000;1,00000000;-0,03
2021-03-28T00:00:00+00:00;USDT/USD;1,00020000;1,00070000;0,99990000;1,00030000;0,01
2021-03-27T00:00:00+00:00;USDT/USD;1,00050000;1,00070000;1,00000000;1,00020000;-0,03
2021-03-26T00:00:00+00:00;USDT/USD;1,00000000;1,00060000;0,99990000;1,00050000;0,05
2021-03-25T00:00:00+00:00;USDT/USD;0,99950000;1,00010000;0,99900000;1,00000000;0,05
2021-03-24T00:00:00+00:00;USDT/USD;1,00000000;1,00010000;0,99910000;0,99950000;-0,05
2021-03-23T00:00:00+00:00;USDT/USD;1,00000000;1,00080000;0,99950000;1,00000000;0,0
2021-03-22T00:00:00+00:00;USDT/USD;1,00030000;1,00070000;0,99950000;1,00000000;-0,03
2021-03-21T00:00:00+00:00;USDT/USD;1,00000000;1,00070000;0,99990000;1,00030000;0,03
2021-03-20T00:00:00+00:00;USDT/USD;1,00020000;1,00030000;0,99960000;1,00000000;-0,02
2021-03-19T00:00:00+00:00;USDT/USD;0,99990000;1,00080000;0,99930000;1,00020000;0,03
2021-03-18T00:00:00+00:00;USDT/USD;1,00030000;1,00030000;0,99960000;1,00000000;-0,03
2021-03-17T00:00:00+00:00;USDT/USD;1,00000000;1,00060000;0,99930000;1,00030000;0,03
2021-03-16T00:00:00+00:00;USDT/USD;0,99990000;1,00010000;0,99900000;1,00000000;0,01
2021-03-15T00:00:00+00:00;USDT/USD;0,99990000;1,00050000;0,99920000;0,99980000;-0,01
2021-03-14T00:00:00+00:00;USDT/USD;0,99970000;1,00010000;0,99930000;1,00000000;0,03
2021-03-13T00:00:00+00:00;USDT/USD;1,00020000;1,00020000;0,99910000;0,99970000;-0,05
2021-03-12T00:00:00+00:00;USDT/USD;1,00020000;1,00030000;0,99960000;1,00020000;0,0
2021-03-11T00:00:00+00:00;USDT/USD;1,00020000;1,00040000;0,99960000;1,00020000;0,0
2021-03-10T00:00:00+00:00;USDT/USD;1,00060000;1,00060000;0,99990000;1,00010000;-0,05
2021-03-09T00:00:00+00:00;USDT/USD;1,00050000;1,00060000;0,99990000;1,00060000;0,01
2021-03-08T00:00:00+00:00;USDT/USD;1,00050000;1,00070000;1,00020000;1,00050000;0,0
2021-03-07T00:00:00+00:00;USDT/USD;1,00000000;1,00080000;0,99990000;1,00050000;0,05
2021-03-06T00:00:00+00:00;USDT/USD;1,00020000;1,00040000;0,99970000;1,00000000;-0,02
2021-03-05T00:00:00+00:00;USDT/USD;0,99970000;1,00060000;0,99940000;1,00020000;0,05
2021-03-04T00:00:00+00:00;USDT/USD;1,00010000;1,00070000;0,99950000;0,99970000;-0,04
2021-03-03T00:00:00+00:00;USDT/USD;1,00050000;1,00070000;1,00000000;1,00010000;-0,04
2021-03-02T00:00:00+00:00;USDT/USD;1,00110000;1,00120000;1,00040000;1,00050000;-0,06
2021-03-01T00:00:00+00:00;USDT/USD;1,00120000;1,00190000;1,00060000;1,00110000;-0,01
2021-02-28T00:00:00+00:00;USDT/USD;1,00080000;1,00170000;1,00030000;1,00120000;0,04
2021-02-27T00:00:00+00:00;USDT/USD;1,00000000;1,00080000;0,99970000;1,00080000;0,08
2021-02-26T00:00:00+00:00;USDT/USD;0,99970000;1,00090000;0,99960000;1,00000000;0,03
2021-02-25T00:00:00+00:00;USDT/USD;1,00030000;1,00070000;0,99950000;0,99970000;-0,06
2021-02-24T00:00:00+00:00;USDT/USD;1,00010000;1,00060000;0,99830000;1,00030000;0,02
2021-02-23T00:00:00+00:00;USDT/USD;1,00020000;1,00040000;0,99740000;1,00000000;-0,02
2021-02-22T00:00:00+00:00;USDT/USD;1,00080000;1,00160000;0,99700000;1,00020000;-0,06
2021-02-21T00:00:00+00:00;USDT/USD;1,00050000;1,00080000;0,99970000;1,00080000;0,03
2021-02-20T00:00:00+00:00;USDT/USD;0,99980000;1,00070000;0,99930000;1,00050000;0,07
2021-02-19T00:00:00+00:00;USDT/USD;0,99960000;1,00090000;0,99610000;0,99980000;0,02
2021-02-18T00:00:00+00:00;USDT/USD;1,00050000;1,00050000;0,99900000;0,99960000;-0,09
2021-02-17T00:00:00+00:00;USDT/USD;1,00030000;1,00100000;0,99930000;1,00050000;0,02
2021-02-16T00:00:00+00:00;USDT/USD;1,00030000;1,00070000;0,99960000;1,00030000;0,0
2021-02-15T00:00:00+00:00;USDT/USD;1,00050000;1,00140000;1,00020000;1,00030000;-0,02
2021-02-14T00:00:00+00:00;USDT/USD;1,00110000;1,00130000;1,00030000;1,00050000;-0,06
2021-02-13T00:00:00+00:00;USDT/USD;1,00180000;1,00200000;1,00040000;1,00110000;-0,07
2021-02-12T00:00:00+00:00;USDT/USD;1,00060000;1,00190000;0,99990000;1,00180000;0,12
2021-02-11T00:00:00+00:00;USDT/USD;1,00050000;1,00090000;1,00000000;1,00060000;0,01
2021-02-10T00:00:00+00:00;USDT/USD;1,00100000;1,00190000;1,00040000;1,00050000;-0,05
2021-02-09T00:00:00+00:00;USDT/USD;1,00070000;1,00150000;0,99990000;1,00100000;0,03
2021-02-08T00:00:00+00:00;USDT/USD;1,00120000;1,00290000;1,00060000;1,00070000;-0,05
2021-02-07T00:00:00+00:00;USDT/USD;1,00130000;1,00150000;1,00060000;1,00120000;-0,01
2021-02-06T00:00:00+00:00;USDT/USD;1,00060000;1,00150000;1,00030000;1,00130000;0,07
2021-02-05T00:00:00+00:00;USDT/USD;1,00110000;1,00120000;1,00020000;1,00060000;-0,05
2021-02-04T00:00:00+00:00;USDT/USD;1,00140000;1,00170000;0,99930000;1,00110000;-0,03
2021-02-03T00:00:00+00:00;USDT/USD;1,00060000;1,00150000;1,00050000;1,00140000;0,08
2021-02-02T00:00:00+00:00;USDT/USD;1,00030000;1,00110000;0,99990000;1,00060000;0,03
2021-02-01T00:00:00+00:00;USDT/USD;1,00070000;1,00080000;0,99970000;1,00030000;-0,04
2021-01-31T00:00:00+00:00;USDT/USD;1,00070000;1,00110000;1,00040000;1,00070000;0,0
2021-01-30T00:00:00+00:00;USDT/USD;1,00060000;1,00100000;1,00010000;1,00070000;0,01
2021-01-29T00:00:00+00:00;USDT/USD;1,00230000;1,00290000;1,00010000;1,00060000;-0,17
2021-01-28T00:00:00+00:00;USDT/USD;1,00180000;1,00230000;1,00060000;1,00230000;0,05
2021-01-27T00:00:00+00:00;USDT/USD;1,00100000;1,00190000;1,00000000;1,00180000;0,08
2021-01-26T00:00:00+00:00;USDT/USD;0,99990000;1,00130000;0,99980000;1,00100000;0,11
2021-01-25T00:00:00+00:00;USDT/USD;1,00100000;1,00120000;0,99970000;0,99990000;-0,11
2021-01-24T00:00:00+00:00;USDT/USD;1,00070000;1,00100000;1,00030000;1,00100000;0,03
2021-01-23T00:00:00+00:00;USDT/USD;1,00090000;1,00130000;1,00050000;1,00070000;-0,02
2021-01-22T00:00:00+00:00;USDT/USD;0,99890000;1,00150000;0,99810000;1,00090000;0,2
2021-01-21T00:00:00+00:00;USDT/USD;1,00040000;1,00050000;0,99860000;0,99890000;-0,15
2021-01-20T00:00:00+00:00;USDT/USD;1,00040000;1,00060000;0,99910000;1,00040000;0,0
2021-01-19T00:00:00+00:00;USDT/USD;1,00050000;1,00140000;1,00000000;1,00040000;-0,01
2021-01-18T00:00:00+00:00;USDT/USD;0,99970000;1,00050000;0,99960000;1,00050000;0,08
2021-01-17T00:00:00+00:00;USDT/USD;1,00000000;1,00040000;0,99930000;0,99970000;-0,03
2021-01-16T00:00:00+00:00;USDT/USD;0,99980000;1,00050000;0,99930000;1,00000000;0,02
2021-01-15T00:00:00+00:00;USDT/USD;0,99910000;1,00000000;0,99810000;0,99980000;0,07
2021-01-14T00:00:00+00:00;USDT/USD;1,00000000;1,00070000;0,99870000;0,99910000;-0,09
2021-01-13T00:00:00+00:00;USDT/USD;0,99970000;1,00000000;0,99900000;1,00000000;0,03
2021-01-12T00:00:00+00:00;USDT/USD;1,00050000;1,00100000;0,99890000;0,99970000;-0,08
2021-01-11T00:00:00+00:00;USDT/USD;1,00030000;1,00070000;0,99450000;1,00050000;0,02
2021-01-10T00:00:00+00:00;USDT/USD;1,00310000;1,00340000;0,99640000;1,00030000;-0,28
2021-01-09T00:00:00+00:00;USDT/USD;1,00090000;1,00340000;1,00000000;1,00310000;0,22
2021-01-08T00:00:00+00:00;USDT/USD;1,00110000;1,00140000;1,00000000;1,00090000;-0,02
2021-01-07T00:00:00+00:00;USDT/USD;1,00210000;1,00330000;0,99900000;1,00110000;-0,1
2021-01-06T00:00:00+00:00;USDT/USD;1,00270000;1,00350000;1,00090000;1,00210000;-0,06
2021-01-05T00:00:00+00:00;USDT/USD;1,00050000;1,00270000;0,99980000;1,00270000;0,22
2021-01-04T00:00:00+00:00;USDT/USD;1,00150000;1,00300000;0,99790000;1,00050000;-0,1
2021-01-03T00:00:00+00:00;USDT/USD;1,00080000;1,00200000;0,99890000;1,00150000;0,07
2021-01-02T00:00:00+00:00;USDT/USD;1,00210000;1,00250000;0,99920000;1,00080000;-0,13
2021-01-01T00:00:00+00:00;USDT/USD;1,00090000;1,00230000;1,00080000;1,00210000;0,12
2020-12-31T00:00:00+00:00;USDT/USD;1,00000000;1,00100000;0,99950000;1,00090000;0,09
2020-12-30T00:00:00+00:00;USDT/USD;0,99910000;1,00020000;0,99890000;1,00000000;0,09
2020-12-29T00:00:00+00:00;USDT/USD;0,99840000;0,99930000;0,99800000;0,99910000;0,07
2020-12-28T00:00:00+00:00;USDT/USD;0,99880000;0,99930000;0,99790000;0,99840000;-0,04
2020-12-27T00:00:00+00:00;USDT/USD;0,99930000;0,99960000;0,99790000;0,99880000;-0,05
2020-12-26T00:00:00+00:00;USDT/USD;0,99940000;0,99970000;0,99920000;0,99930000;-0,01
2020-12-25T00:00:00+00:00;USDT/USD;0,99980000;1,00000000;0,99900000;0,99940000;-0,04
2020-12-24T00:00:00+00:00;USDT/USD;1,00000000;1,00090000;0,99940000;0,99980000;-0,02
2020-12-23T00:00:00+00:00;USDT/USD;0,99960000;1,00000000;0,99850000;1,00000000;0,04
2020-12-22T00:00:00+00:00;USDT/USD;1,00020000;1,00040000;0,99940000;0,99960000;-0,06
2020-12-21T00:00:00+00:00;USDT/USD;1,00040000;1,00040000;0,99910000;1,00020000;-0,02
2020-12-20T00:00:00+00:00;USDT/USD;1,00110000;1,00120000;0,99990000;1,00040000;-0,07
2020-12-19T00:00:00+00:00;USDT/USD;1,00080000;1,00130000;1,00020000;1,00110000;0,03
2020-12-18T00:00:00+00:00;USDT/USD;1,00030000;1,00080000;0,99940000;1,00080000;0,05
2020-12-17T00:00:00+00:00;USDT/USD;1,00060000;1,00100000;0,99950000;1,00030000;-0,03
2020-12-16T00:00:00+00:00;USDT/USD;1,00040000;1,00340000;0,99980000;1,00060000;0,02
2020-12-15T00:00:00+00:00;USDT/USD;0,99990000;1,00050000;0,99980000;1,00040000;0,05
2020-12-14T00:00:00+00:00;USDT/USD;0,99960000;1,00000000;0,99940000;0,99990000;0,03
2020-12-13T00:00:00+00:00;USDT/USD;1,00010000;1,00030000;0,99950000;0,99960000;-0,05
2020-12-12T00:00:00+00:00;USDT/USD;0,99990000;1,00010000;0,99960000;1,00010000;0,02
2020-12-11T00:00:00+00:00;USDT/USD;0,99990000;1,00000000;0,99920000;0,99990000;0,0
2020-12-10T00:00:00+00:00;USDT/USD;1,00010000;1,00020000;0,99870000;0,99990000;-0,02
2020-12-09T00:00:00+00:00;USDT/USD;0,99950000;1,00020000;0,99940000;1,00010000;0,06
2020-12-08T00:00:00+00:00;USDT/USD;1,00010000;1,00020000;0,99900000;0,99950000;-0,06
2020-12-07T00:00:00+00:00;USDT/USD;1,00060000;1,00060000;1,00000000;1,00010000;-0,05
2020-12-06T00:00:00+00:00;USDT/USD;1,00050000;1,00080000;1,00050000;1,00060000;0,01
2020-12-05T00:00:00+00:00;USDT/USD;1,00010000;1,00110000;1,00000000;1,00050000;0,04
2020-12-04T00:00:00+00:00;USDT/USD;1,00080000;1,00090000;1,00000000;1,00010000;-0,07
2020-12-03T00:00:00+00:00;USDT/USD;1,00010000;1,00090000;1,00000000;1,00080000;0,07
2020-12-02T00:00:00+00:00;USDT/USD;1,00020000;1,00040000;0,99990000;1,00010000;-0,01
2020-12-01T00:00:00+00:00;USDT/USD;1,00030000;1,00120000;0,99960000;1,00020000;-0,01
2020-11-30T00:00:00+00:00;USDT/USD;1,00100000;1,00430000;0,99910000;1,00030000;-0,07
2020-11-29T00:00:00+00:00;USDT/USD;1,00080000;1,00100000;1,00050000;1,00100000;0,02
2020-11-28T00:00:00+00:00;USDT/USD;1,00050000;1,00110000;1,00030000;1,00080000;0,03
2020-11-27T00:00:00+00:00;USDT/USD;1,00060000;1,00070000;0,99900000;1,00050000;-0,01
2020-11-26T00:00:00+00:00;USDT/USD;1,00000000;1,00100000;0,99780000;1,00060000;0,06
2020-11-25T00:00:00+00:00;USDT/USD;1,00090000;1,00100000;0,99990000;1,00000000;-0,09
2020-11-24T00:00:00+00:00;USDT/USD;1,00080000;1,00140000;1,00010000;1,00090000;0,01
2020-11-23T00:00:00+00:00;USDT/USD;1,00120000;1,00130000;1,00000000;1,00080000;-0,04
2020-11-22T00:00:00+00:00;USDT/USD;1,00080000;1,00130000;1,00000000;1,00120000;0,04
2020-11-21T00:00:00+00:00;USDT/USD;1,00100000;1,00120000;1,00060000;1,00080000;-0,02
2020-11-20T00:00:00+00:00;USDT/USD;1,00100000;1,00110000;1,00050000;1,00100000;0,0
2020-11-19T00:00:00+00:00;USDT/USD;1,00070000;1,00100000;1,00000000;1,00100000;0,03
2020-11-18T00:00:00+00:00;USDT/USD;1,00110000;1,00120000;1,00030000;1,00070000;-0,04
2020-11-17T00:00:00+00:00;USDT/USD;1,00050000;1,00120000;1,00030000;1,00110000;0,06
2020-11-16T00:00:00+00:00;USDT/USD;1,00070000;1,00070000;1,00010000;1,00050000;-0,02
2020-11-15T00:00:00+00:00;USDT/USD;1,00070000;1,00080000;1,00050000;1,00070000;0,0
2020-11-14T00:00:00+00:00;USDT/USD;1,00080000;1,00090000;1,00050000;1,00070000;-0,01
2020-11-13T00:00:00+00:00;USDT/USD;1,00120000;1,00130000;1,00050000;1,00080000;-0,04
2020-11-12T00:00:00+00:00;USDT/USD;1,00080000;1,00140000;1,00070000;1,00120000;0,04
2020-11-11T00:00:00+00:00;USDT/USD;1,00090000;1,00130000;1,00070000;1,00080000;-0,01
2020-11-10T00:00:00+00:00;USDT/USD;1,00100000;1,00100000;1,00050000;1,00090000;-0,01
2020-11-09T00:00:00+00:00;USDT/USD;1,00060000;1,00120000;1,00030000;1,00100000;0,04
2020-11-08T00:00:00+00:00;USDT/USD;1,00090000;1,00100000;1,00050000;1,00060000;-0,03
2020-11-07T00:00:00+00:00;USDT/USD;1,00100000;1,00140000;1,00010000;1,00090000;-0,01
2020-11-06T00:00:00+00:00;USDT/USD;1,00110000;1,00150000;1,00000000;1,00100000;-0,01
2020-11-05T00:00:00+00:00;USDT/USD;1,00110000;1,00130000;1,00040000;1,00110000;0,0
2020-11-04T00:00:00+00:00;USDT/USD;1,00040000;1,00120000;1,00000000;1,00110000;0,07
2020-11-03T00:00:00+00:00;USDT/USD;1,00060000;1,00060000;1,00000000;1,00040000;-0,02
2020-11-02T00:00:00+00:00;USDT/USD;1,00070000;1,00080000;1,00030000;1,00060000;-0,01
2020-11-01T00:00:00+00:00;USDT/USD;1,00060000;1,00090000;1,00050000;1,00070000;0,01
2020-10-31T00:00:00+00:00;USDT/USD;1,00070000;1,00080000;1,00030000;1,00060000;-0,01
2020-10-30T00:00:00+00:00;USDT/USD;1,00050000;1,00100000;1,00030000;1,00070000;0,02
2020-10-29T00:00:00+00:00;USDT/USD;1,00020000;1,00070000;0,99990000;1,00050000;0,03
2020-10-28T00:00:00+00:00;USDT/USD;1,00050000;1,00080000;1,00000000;1,00020000;-0,03
2020-10-27T00:00:00+00:00;USDT/USD;1,00100000;1,00110000;1,00030000;1,00060000;-0,04
2020-10-26T00:00:00+00:00;USDT/USD;1,00100000;1,00110000;1,00030000;1,00100000;0,0
2020-10-25T00:00:00+00:00;USDT/USD;1,00100000;1,00110000;1,00050000;1,00100000;0,0
2020-10-24T00:00:00+00:00;USDT/USD;1,00060000;1,00110000;1,00050000;1,00100000;0,04
2020-10-23T00:00:00+00:00;USDT/USD;1,00120000;1,00130000;1,00040000;1,00060000;-0,06
2020-10-22T00:00:00+00:00;USDT/USD;1,00170000;1,00180000;1,00090000;1,00120000;-0,05
2020-10-21T00:00:00+00:00;USDT/USD;1,00060000;1,00190000;1,00050000;1,00170000;0,11
2020-10-20T00:00:00+00:00;USDT/USD;1,00050000;1,00070000;1,00040000;1,00060000;0,01
2020-10-19T00:00:00+00:00;USDT/USD;1,00040000;1,00060000;1,00020000;1,00050000;0,01
2020-10-18T00:00:00+00:00;USDT/USD;1,00040000;1,00050000;1,00040000;1,00040000;0,0
2020-10-17T00:00:00+00:00;USDT/USD;1,00070000;1,00080000;1,00040000;1,00040000;-0,03
2020-10-16T00:00:00+00:00;USDT/USD;1,00070000;1,00090000;1,00040000;1,00070000;0,0
2020-10-15T00:00:00+00:00;USDT/USD;1,00070000;1,00090000;1,00040000;1,00070000;0,0
2020-10-14T00:00:00+00:00;USDT/USD;1,00050000;1,00090000;1,00050000;1,00070000;0,02
2020-10-13T00:00:00+00:00;USDT/USD;1,00060000;1,00070000;1,00020000;1,00050000;-0,01
2020-10-12T00:00:00+00:00;USDT/USD;1,00030000;1,00070000;1,00030000;1,00060000;0,03
2020-10-11T00:00:00+00:00;USDT/USD;1,00050000;1,00060000;1,00010000;1,00030000;-0,02
2020-10-10T00:00:00+00:00;USDT/USD;1,00060000;1,00060000;1,00030000;1,00050000;-0,01
2020-10-09T00:00:00+00:00;USDT/USD;1,00050000;1,00060000;1,00000000;1,00060000;0,01
2020-10-08T00:00:00+00:00;USDT/USD;1,00000000;1,00050000;0,99990000;1,00050000;0,05
2020-10-07T00:00:00+00:00;USDT/USD;1,00000000;1,00010000;0,99990000;1,00000000;0,0
2020-10-06T00:00:00+00:00;USDT/USD;1,00010000;1,00010000;0,99990000;1,00000000;-0,01
2020-10-05T00:00:00+00:00;USDT/USD;1,00030000;1,00050000;1,00000000;1,00010000;-0,02
2020-10-04T00:00:00+00:00;USDT/USD;1,00030000;1,00040000;1,00030000;1,00030000;0,0
2020-10-03T00:00:00+00:00;USDT/USD;1,00020000;1,00040000;1,00010000;1,00030000;0,01
2020-10-02T00:00:00+00:00;USDT/USD;0,99980000;1,00040000;0,99960000;1,00020000;0,04
2020-10-01T00:00:00+00:00;USDT/USD;0,99990000;1,00040000;0,99970000;0,99980000;-0,01
2020-09-30T00:00:00+00:00;USDT/USD;1,00010000;1,00010000;0,99940000;0,99990000;-0,02
2020-09-29T00:00:00+00:00;USDT/USD;1,00000000;1,00010000;0,99960000;1,00010000;0,01
2020-09-28T00:00:00+00:00;USDT/USD;1,00000000;1,00010000;0,99980000;1,00000000;0,0
2020-09-27T00:00:00+00:00;USDT/USD;1,00010000;1,00030000;1,00000000;1,00000000;-0,01
2020-09-26T00:00:00+00:00;USDT/USD;1,00010000;1,00020000;1,00010000;1,00010000;0,0
2020-09-25T00:00:00+00:00;USDT/USD;0,99990000;1,00010000;0,99970000;1,00010000;0,02
2020-09-24T00:00:00+00:00;USDT/USD;0,99970000;0,99990000;0,99920000;0,99990000;0,02
2020-09-23T00:00:00+00:00;USDT/USD;0,99970000;0,99990000;0,99940000;0,99970000;0,0
2020-09-22T00:00:00+00:00;USDT/USD;0,99950000;0,99980000;0,99920000;0,99970000;0,02
2020-09-21T00:00:00+00:00;USDT/USD;0,99980000;0,99990000;0,99920000;0,99950000;-0,03
2020-09-20T00:00:00+00:00;USDT/USD;0,99970000;0,99980000;0,99920000;0,99980000;0,01
2020-09-19T00:00:00+00:00;USDT/USD;0,99980000;1,00010000;0,99920000;0,99970000;-0,01
2020-09-18T00:00:00+00:00;USDT/USD;0,99980000;0,99990000;0,99900000;0,99980000;0,0
2020-09-17T00:00:00+00:00;USDT/USD;0,99990000;1,00010000;0,99970000;0,99980000;-0,01
2020-09-16T00:00:00+00:00;USDT/USD;0,99970000;1,00010000;0,99890000;0,99990000;0,02
2020-09-15T00:00:00+00:00;USDT/USD;0,99990000;1,00010000;0,99970000;0,99970000;-0,02
2020-09-14T00:00:00+00:00;USDT/USD;0,99980000;1,00010000;0,99920000;0,99990000;0,01
2020-09-13T00:00:00+00:00;USDT/USD;0,99960000;0,99990000;0,99940000;0,99980000;0,02
2020-09-12T00:00:00+00:00;USDT/USD;0,99990000;0,99990000;0,99920000;0,99960000;-0,03
2020-09-11T00:00:00+00:00;USDT/USD;0,99950000;1,00010000;0,99940000;0,99990000;0,04
2020-09-10T00:00:00+00:00;USDT/USD;0,99990000;1,00010000;0,99940000;0,99950000;-0,04
2020-09-09T00:00:00+00:00;USDT/USD;0,99990000;1,00010000;0,99940000;0,99990000;0,0
2020-09-08T00:00:00+00:00;USDT/USD;0,99950000;1,00000000;0,99940000;0,99990000;0,04
2020-09-07T00:00:00+00:00;USDT/USD;0,99990000;1,00010000;0,99940000;0,99950000;-0,04
2020-09-06T00:00:00+00:00;USDT/USD;1,00010000;1,00020000;0,99960000;0,99990000;-0,02
2020-09-05T00:00:00+00:00;USDT/USD;1,00040000;1,00040000;0,99960000;1,00010000;-0,03
2020-09-04T00:00:00+00:00;USDT/USD;1,00090000;1,00140000;1,00000000;1,00040000;-0,05
2020-09-03T00:00:00+00:00;USDT/USD;1,00070000;1,00120000;0,99980000;1,00090000;0,02
2020-09-02T00:00:00+00:00;USDT/USD;1,00020000;1,00130000;0,99990000;1,00070000;0,05
2020-09-01T00:00:00+00:00;USDT/USD;1,00040000;1,00110000;0,99990000;1,00020000;-0,02
2020-08-31T00:00:00+00:00;USDT/USD;1,00010000;1,00060000;1,00000000;1,00040000;0,03
2020-08-30T00:00:00+00:00;USDT/USD;1,00010000;1,00030000;0,99980000;1,00010000;0,0
2020-08-29T00:00:00+00:00;USDT/USD;1,00030000;1,00070000;0,99980000;1,00010000;-0,02
2020-08-28T00:00:00+00:00;USDT/USD;0,99980000;1,00060000;0,99980000;1,00030000;0,05
2020-08-27T00:00:00+00:00;USDT/USD;1,00040000;1,00060000;0,99980000;0,99980000;-0,06
2020-08-26T00:00:00+00:00;USDT/USD;1,00030000;1,00060000;1,00000000;1,00040000;0,01
2020-08-25T00:00:00+00:00;USDT/USD;1,00010000;1,00040000;0,99940000;1,00030000;0,02
2020-08-24T00:00:00+00:00;USDT/USD;1,00040000;1,00050000;0,99990000;1,00010000;-0,03
2020-08-23T00:00:00+00:00;USDT/USD;1,00030000;1,00070000;1,00000000;1,00040000;0,01
2020-08-22T00:00:00+00:00;USDT/USD;0,99980000;1,00050000;0,99950000;1,00030000;0,05
2020-08-21T00:00:00+00:00;USDT/USD;1,00060000;1,00060000;0,99940000;0,99980000;-0,08
2020-08-20T00:00:00+00:00;USDT/USD;1,00040000;1,00100000;1,00000000;1,00060000;0,02
2020-08-19T00:00:00+00:00;USDT/USD;1,00050000;1,00070000;0,99950000;1,00040000;-0,01
2020-08-18T00:00:00+00:00;USDT/USD;1,00120000;1,00140000;0,99980000;1,00050000;-0,07
2020-08-17T00:00:00+00:00;USDT/USD;1,00050000;1,00180000;0,99990000;1,00120000;0,07
2020-08-16T00:00:00+00:00;USDT/USD;1,00040000;1,00080000;1,00000000;1,00050000;0,01
2020-08-15T00:00:00+00:00;USDT/USD;1,00110000;1,00140000;1,00010000;1,00040000;-0,07
2020-08-14T00:00:00+00:00;USDT/USD;1,00120000;1,00170000;1,00010000;1,00110000;-0,01
2020-08-13T00:00:00+00:00;USDT/USD;1,00030000;1,00120000;1,00000000;1,00120000;0,09
2020-08-12T00:00:00+00:00;USDT/USD;0,99990000;1,00090000;0,99960000;1,00030000;0,04
2020-08-11T00:00:00+00:00;USDT/USD;1,00080000;1,00160000;0,99940000;0,99990000;-0,09
2020-08-10T00:00:00+00:00;USDT/USD;1,00070000;1,00200000;1,00000000;1,00080000;0,01
2020-08-09T00:00:00+00:00;USDT/USD;1,00050000;1,00160000;1,00020000;1,00070000;0,02
2020-08-08T00:00:00+00:00;USDT/USD;1,00090000;1,00110000;1,00010000;1,00050000;-0,04
2020-08-07T00:00:00+00:00;USDT/USD;1,00060000;1,00100000;1,00000000;1,00090000;0,03
2020-08-06T00:00:00+00:00;USDT/USD;1,00090000;1,00100000;1,00000000;1,00060000;-0,03
2020-08-05T00:00:00+00:00;USDT/USD;1,00030000;1,00120000;0,99980000;1,00090000;0,06
2020-08-04T00:00:00+00:00;USDT/USD;1,00060000;1,00070000;0,99980000;1,00030000;-0,03
2020-08-03T00:00:00+00:00;USDT/USD;0,99940000;1,00110000;0,99930000;1,00060000;0,12
2020-08-02T00:00:00+00:00;USDT/USD;1,00110000;1,00150000;0,99920000;0,99940000;-0,17
2020-08-01T00:00:00+00:00;USDT/USD;1,00120000;1,00200000;1,00000000;1,00110000;-0,01
2020-07-31T00:00:00+00:00;USDT/USD;1,00100000;1,00140000;0,99990000;1,00120000;0,02
2020-07-30T00:00:00+00:00;USDT/USD;1,00090000;1,00130000;0,99940000;1,00100000;0,01
2020-07-29T00:00:00+00:00;USDT/USD;1,00130000;1,00170000;1,00030000;1,00090000;-0,04
2020-07-28T00:00:00+00:00;USDT/USD;1,00150000;1,00170000;1,00000000;1,00130000;-0,02
2020-07-27T00:00:00+00:00;USDT/USD;1,00060000;1,00200000;1,00030000;1,00150000;0,09
2020-07-26T00:00:00+00:00;USDT/USD;1,00060000;1,00120000;1,00000000;1,00060000;0,0
2020-07-25T00:00:00+00:00;USDT/USD;1,00110000;1,00120000;1,00020000;1,00060000;-0,05
2020-07-24T00:00:00+00:00;USDT/USD;1,00090000;1,00200000;1,00010000;1,00110000;0,02
2020-07-23T00:00:00+00:00;USDT/USD;1,00110000;1,00170000;1,00020000;1,00090000;-0,02
2020-07-22T00:00:00+00:00;USDT/USD;1,00050000;1,00130000;0,99980000;1,00110000;0,06
2020-07-21T00:00:00+00:00;USDT/USD;1,00010000;1,00070000;0,99970000;1,00050000;0,04
2020-07-20T00:00:00+00:00;USDT/USD;1,00020000;1,00030000;0,99930000;1,00010000;-0,01
2020-07-19T00:00:00+00:00;USDT/USD;1,00020000;1,00030000;0,99970000;1,00020000;0,0
2020-07-18T00:00:00+00:00;USDT/USD;0,99970000;1,00030000;0,99920000;1,00020000;0,05
2020-07-17T00:00:00+00:00;USDT/USD;0,99910000;0,99990000;0,99880000;0,99970000;0,06
2020-07-16T00:00:00+00:00;USDT/USD;0,99920000;0,99950000;0,99870000;0,99910000;-0,01
2020-07-15T00:00:00+00:00;USDT/USD;1,00000000;1,00000000;0,99880000;0,99920000;-0,08
2020-07-14T00:00:00+00:00;USDT/USD;0,99940000;1,00000000;0,99730000;1,00000000;0,06
2020-07-13T00:00:00+00:00;USDT/USD;1,00010000;1,00020000;0,99930000;0,99940000;-0,07
2020-07-12T00:00:00+00:00;USDT/USD;0,99990000;1,00030000;0,99960000;1,00010000;0,02
2020-07-11T00:00:00+00:00;USDT/USD;1,00000000;1,00020000;0,99960000;0,99990000;-0,01
2020-07-10T00:00:00+00:00;USDT/USD;1,00020000;1,00020000;0,99900000;1,00000000;-0,02
2020-07-09T00:00:00+00:00;USDT/USD;1,00040000;1,00050000;0,99930000;1,00020000;-0,02
2020-07-08T00:00:00+00:00;USDT/USD;1,00010000;1,00050000;0,99960000;1,00040000;0,03
2020-07-07T00:00:00+00:00;USDT/USD;0,99990000;1,00040000;0,99960000;1,00010000;0,02
2020-07-06T00:00:00+00:00;USDT/USD;1,00010000;1,00040000;0,99960000;0,99990000;-0,02
2020-07-05T00:00:00+00:00;USDT/USD;1,00000000;1,00040000;0,99960000;1,00010000;0,01
2020-07-04T00:00:00+00:00;USDT/USD;1,00000000;1,00010000;0,99940000;1,00000000;0,0
2020-07-03T00:00:00+00:00;USDT/USD;1,00000000;1,00020000;0,99950000;1,00000000;0,0
2020-07-02T00:00:00+00:00;USDT/USD;1,00030000;1,00050000;0,99920000;1,00000000;-0,03
2020-07-01T00:00:00+00:00;USDT/USD;0,99960000;1,00040000;0,99950000;1,00030000;0,07
2020-06-30T00:00:00+00:00;USDT/USD;0,99930000;0,99980000;0,99890000;0,99960000;0,03
2020-06-29T00:00:00+00:00;USDT/USD;0,99940000;0,99960000;0,99870000;0,99930000;-0,01
2020-06-28T00:00:00+00:00;USDT/USD;0,99930000;0,99980000;0,99870000;0,99940000;0,01
2020-06-27T00:00:00+00:00;USDT/USD;0,99910000;0,99940000;0,99850000;0,99930000;0,02
2020-06-26T00:00:00+00:00;USDT/USD;0,99900000;0,99940000;0,99850000;0,99910000;0,01
2020-06-25T00:00:00+00:00;USDT/USD;0,99880000;0,99960000;0,99770000;0,99900000;0,02
2020-06-24T00:00:00+00:00;USDT/USD;0,99950000;0,99970000;0,99810000;0,99880000;-0,07
2020-06-23T00:00:00+00:00;USDT/USD;0,99980000;1,00010000;0,99900000;0,99950000;-0,03
2020-06-22T00:00:00+00:00;USDT/USD;0,99860000;1,00020000;0,99840000;0,99980000;0,12
2020-06-21T00:00:00+00:00;USDT/USD;0,99950000;0,99970000;0,99860000;0,99860000;-0,09
2020-06-20T00:00:00+00:00;USDT/USD;0,99870000;0,99960000;0,99850000;0,99950000;0,08
2020-06-19T00:00:00+00:00;USDT/USD;0,99890000;0,99920000;0,99860000;0,99870000;-0,02
2020-06-18T00:00:00+00:00;USDT/USD;0,99900000;0,99950000;0,99870000;0,99890000;-0,01
2020-06-17T00:00:00+00:00;USDT/USD;1,00010000;1,00010000;0,99860000;0,99900000;-0,11
2020-06-16T00:00:00+00:00;USDT/USD;1,00030000;1,00030000;0,99920000;1,00010000;-0,02
2020-06-15T00:00:00+00:00;USDT/USD;0,99980000;1,00030000;0,99830000;1,00030000;0,05
2020-06-14T00:00:00+00:00;USDT/USD;0,99960000;1,00010000;0,99900000;0,99980000;0,02
2020-06-13T00:00:00+00:00;USDT/USD;0,99950000;1,00030000;0,99940000;0,99960000;0,01
2020-06-12T00:00:00+00:00;USDT/USD;0,99920000;1,00020000;0,99840000;0,99950000;0,03
2020-06-11T00:00:00+00:00;USDT/USD;1,00010000;1,00070000;0,99800000;0,99920000;-0,09
2020-06-10T00:00:00+00:00;USDT/USD;1,00070000;1,00070000;0,99980000;1,00010000;-0,06
2020-06-09T00:00:00+00:00;USDT/USD;1,00010000;1,00070000;0,99980000;1,00070000;0,06
2020-06-08T00:00:00+00:00;USDT/USD;1,00040000;1,00040000;0,99960000;1,00010000;-0,03
2020-06-07T00:00:00+00:00;USDT/USD;0,99940000;1,00040000;0,99940000;1,00040000;0,1
2020-06-06T00:00:00+00:00;USDT/USD;0,99970000;1,00000000;0,99800000;0,99940000;-0,03
2020-06-05T00:00:00+00:00;USDT/USD;1,00010000;1,00010000;0,99940000;0,99970000;-0,04
2020-06-04T00:00:00+00:00;USDT/USD;1,00000000;1,00040000;0,99810000;1,00010000;0,01
2020-06-03T00:00:00+00:00;USDT/USD;0,99970000;1,00010000;0,99950000;1,00000000;0,03
2020-06-02T00:00:00+00:00;USDT/USD;1,00040000;1,00060000;0,99700000;0,99970000;-0,07
2020-06-01T00:00:00+00:00;USDT/USD;0,99960000;1,00120000;0,99910000;1,00040000;0,08
2020-05-31T00:00:00+00:00;USDT/USD;1,00030000;1,00050000;0,99940000;0,99960000;-0,07
2020-05-30T00:00:00+00:00;USDT/USD;0,99940000;1,00040000;0,99920000;1,00030000;0,09
2020-05-29T00:00:00+00:00;USDT/USD;1,00040000;1,00040000;0,99870000;0,99940000;-0,1
2020-05-28T00:00:00+00:00;USDT/USD;1,00000000;1,00040000;0,99940000;1,00040000;0,04
2020-05-27T00:00:00+00:00;USDT/USD;0,99940000;1,00020000;0,99930000;1,00000000;0,06
2020-05-26T00:00:00+00:00;USDT/USD;0,99960000;1,00010000;0,99910000;0,99940000;-0,02
2020-05-25T00:00:00+00:00;USDT/USD;0,99950000;1,00010000;0,99950000;0,99960000;0,01
2020-05-24T00:00:00+00:00;USDT/USD;1,00000000;1,00030000;0,99900000;0,99950000;-0,05
2020-05-23T00:00:00+00:00;USDT/USD;0,99970000;1,00040000;0,99940000;1,00000000;0,03
2020-05-22T00:00:00+00:00;USDT/USD;0,99880000;1,00020000;0,99850000;0,99970000;0,09
2020-05-21T00:00:00+00:00;USDT/USD;0,99910000;0,99940000;0,99830000;0,99880000;-0,03
2020-05-20T00:00:00+00:00;USDT/USD;0,99940000;1,00010000;0,99860000;0,99910000;-0,03
2020-05-19T00:00:00+00:00;USDT/USD;0,99890000;1,00000000;0,99890000;0,99940000;0,05
2020-05-18T00:00:00+00:00;USDT/USD;0,99980000;0,99990000;0,99840000;0,99890000;-0,09
2020-05-17T00:00:00+00:00;USDT/USD;0,99940000;1,00020000;0,99910000;0,99980000;0,04
2020-05-16T00:00:00+00:00;USDT/USD;0,99880000;1,00000000;0,99880000;1,00000000;0,12
2020-05-15T00:00:00+00:00;USDT/USD;1,00030000;1,00050000;0,99860000;0,99880000;-0,15
2020-05-14T00:00:00+00:00;USDT/USD;1,00080000;1,00150000;0,99920000;1,00030000;-0,05
2020-05-13T00:00:00+00:00;USDT/USD;1,00090000;1,00150000;1,00010000;1,00130000;0,04
2020-05-12T00:00:00+00:00;USDT/USD;1,00090000;1,00100000;1,00000000;1,00090000;0,0
2020-05-11T00:00:00+00:00;USDT/USD;0,99990000;1,00100000;0,99990000;1,00090000;0,1
2020-05-10T00:00:00+00:00;USDT/USD;1,00020000;1,00110000;0,99740000;0,99990000;-0,03
2020-05-09T00:00:00+00:00;USDT/USD;1,00110000;1,00110000;0,99940000;1,00020000;-0,09
2020-05-08T00:00:00+00:00;USDT/USD;1,00120000;1,00140000;1,00050000;1,00110000;-0,01
2020-05-07T00:00:00+00:00;USDT/USD;1,00100000;1,00210000;0,99960000;1,00120000;0,02
2020-05-06T00:00:00+00:00;USDT/USD;1,00070000;1,00160000;1,00040000;1,00100000;0,03
2020-05-05T00:00:00+00:00;USDT/USD;1,00050000;1,00120000;0,99930000;1,00070000;0,02
2020-05-04T00:00:00+00:00;USDT/USD;1,00050000;1,00200000;1,00000000;1,00050000;0,0
2020-05-03T00:00:00+00:00;USDT/USD;1,00140000;1,00200000;0,99970000;1,00050000;-0,09
2020-05-02T00:00:00+00:00;USDT/USD;1,00080000;1,00160000;0,99990000;1,00140000;0,06
2020-05-01T00:00:00+00:00;USDT/USD;1,00050000;1,00100000;0,99980000;1,00080000;0,03
2020-04-30T00:00:00+00:00;USDT/USD;1,00130000;1,00240000;0,95730000;1,00050000;-0,08
2020-04-29T00:00:00+00:00;USDT/USD;1,00120000;1,00290000;0,99990000;1,00130000;0,01
2020-04-28T00:00:00+00:00;USDT/USD;1,00110000;1,00120000;1,00060000;1,00120000;0,01
2020-04-27T00:00:00+00:00;USDT/USD;1,00060000;1,00120000;1,00030000;1,00110000;0,05
2020-04-26T00:00:00+00:00;USDT/USD;1,00070000;1,00120000;1,00010000;1,00060000;-0,01
2020-04-25T00:00:00+00:00;USDT/USD;1,00090000;1,00130000;1,00000000;1,00070000;-0,02
2020-04-24T00:00:00+00:00;USDT/USD;1,00090000;1,00110000;0,99980000;1,00090000;0,0
2020-04-23T00:00:00+00:00;USDT/USD;1,00130000;1,00190000;1,00030000;1,00090000;-0,04
2020-04-22T00:00:00+00:00;USDT/USD;1,00140000;1,00170000;1,00070000;1,00130000;-0,01
2020-04-21T00:00:00+00:00;USDT/USD;1,00160000;1,00190000;1,00100000;1,00140000;-0,02
2020-04-20T00:00:00+00:00;USDT/USD;1,00100000;1,00210000;1,00070000;1,00160000;0,06
2020-04-19T00:00:00+00:00;USDT/USD;1,00090000;1,00190000;1,00080000;1,00100000;0,01
2020-04-18T00:00:00+00:00;USDT/USD;1,00090000;1,00170000;1,00070000;1,00090000;0,0
2020-04-17T00:00:00+00:00;USDT/USD;1,00190000;1,00190000;1,00070000;1,00090000;-0,1
2020-04-16T00:00:00+00:00;USDT/USD;1,00070000;1,00190000;1,00000000;1,00190000;0,12
2020-04-15T00:00:00+00:00;USDT/USD;1,00110000;1,00160000;1,00040000;1,00070000;-0,04
2020-04-14T00:00:00+00:00;USDT/USD;1,00220000;1,00290000;1,00100000;1,00110000;-0,11
2020-04-13T00:00:00+00:00;USDT/USD;1,00170000;1,00270000;1,00010000;1,00220000;0,05
2020-04-12T00:00:00+00:00;USDT/USD;1,00100000;1,00300000;1,00100000;1,00170000;0,07
2020-04-11T00:00:00+00:00;USDT/USD;1,00080000;1,00210000;1,00070000;1,00100000;0,02
2020-04-10T00:00:00+00:00;USDT/USD;1,00080000;1,00220000;1,00010000;1,00080000;0,0
2020-04-09T00:00:00+00:00;USDT/USD;1,00070000;1,00120000;1,00070000;1,00080000;0,01
2020-04-08T00:00:00+00:00;USDT/USD;1,00050000;1,00130000;1,00020000;1,00070000;0,02
2020-04-07T00:00:00+00:00;USDT/USD;1,00050000;1,00190000;1,00000000;1,00050000;0,0
2020-04-06T00:00:00+00:00;USDT/USD;1,00140000;1,00190000;1,00010000;1,00050000;-0,09
2020-04-05T00:00:00+00:00;USDT/USD;1,00150000;1,00170000;1,00070000;1,00140000;-0,01
2020-04-04T00:00:00+00:00;USDT/USD;1,00060000;1,00190000;1,00040000;1,00150000;0,09
2020-04-03T00:00:00+00:00;USDT/USD;1,00000000;1,00160000;0,99990000;1,00060000;0,06
2020-04-02T00:00:00+00:00;USDT/USD;1,00220000;1,00330000;1,00000000;1,00000000;-0,22
2020-04-01T00:00:00+00:00;USDT/USD;1,00170000;1,00280000;1,00090000;1,00220000;0,05
2020-03-31T00:00:00+00:00;USDT/USD;1,00220000;1,00240000;1,00040000;1,00170000;-0,05
2020-03-30T00:00:00+00:00;USDT/USD;0,99980000;1,00320000;0,99980000;1,00220000;0,24
2020-03-29T00:00:00+00:00;USDT/USD;1,00170000;1,00230000;0,99980000;0,99980000;-0,19
2020-03-28T00:00:00+00:00;USDT/USD;1,00080000;1,00260000;1,00040000;1,00170000;0,09
2020-03-27T00:00:00+00:00;USDT/USD;1,00230000;1,00380000;1,00010000;1,00080000;-0,15
2020-03-26T00:00:00+00:00;USDT/USD;1,00150000;1,00290000;1,00130000;1,00230000;0,08
2020-03-25T00:00:00+00:00;USDT/USD;1,00240000;1,00290000;1,00130000;1,00150000;-0,09
2020-03-24T00:00:00+00:00;USDT/USD;1,00290000;1,00450000;1,00240000;1,00240000;-0,05
2020-03-23T00:00:00+00:00;USDT/USD;1,00090000;1,00410000;0,99980000;1,00290000;0,2
2020-03-22T00:00:00+00:00;USDT/USD;1,00100000;1,00230000;1,00060000;1,00090000;-0,01
2020-03-21T00:00:00+00:00;USDT/USD;1,00020000;1,00180000;0,99860000;1,00100000;0,08
2020-03-20T00:00:00+00:00;USDT/USD;1,00300000;1,00400000;0,99840000;1,00020000;-0,28
2020-03-19T00:00:00+00:00;USDT/USD;1,00280000;1,00520000;1,00210000;1,00300000;0,02
2020-03-18T00:00:00+00:00;USDT/USD;1,00360000;1,00540000;1,00120000;1,00280000;-0,08
2020-03-17T00:00:00+00:00;USDT/USD;1,00260000;1,00600000;1,00170000;1,00360000;0,1
2020-03-16T00:00:00+00:00;USDT/USD;0,99870000;1,00420000;0,99380000;1,00260000;0,39
2020-03-15T00:00:00+00:00;USDT/USD;0,99880000;1,00260000;0,99840000;0,99870000;-0,01
2020-03-14T00:00:00+00:00;USDT/USD;1,00790000;1,00870000;0,99840000;0,99880000;-0,91
2020-03-13T00:00:00+00:00;USDT/USD;1,00840000;1,05180000;0,99920000;1,00790000;-0,05
2020-03-12T00:00:00+00:00;USDT/USD;1,00080000;1,01040000;0,98960000;1,00840000;0,75
2020-03-11T00:00:00+00:00;USDT/USD;0,99950000;1,00090000;0,99880000;1,00080000;0,13
2020-03-10T00:00:00+00:00;USDT/USD;0,99940000;1,00050000;0,99870000;0,99950000;0,01
2020-03-09T00:00:00+00:00;USDT/USD;1,00000000;1,00100000;0,99850000;0,99940000;-0,06
2020-03-08T00:00:00+00:00;USDT/USD;1,00090000;1,00210000;0,99970000;1,00000000;-0,09
2020-03-07T00:00:00+00:00;USDT/USD;1,00100000;1,00190000;1,00080000;1,00090000;-0,01
2020-03-06T00:00:00+00:00;USDT/USD;1,00090000;1,00140000;1,00010000;1,00100000;0,01
2020-03-05T00:00:00+00:00;USDT/USD;1,00030000;1,00120000;1,00010000;1,00090000;0,06
2020-03-04T00:00:00+00:00;USDT/USD;1,00000000;1,00070000;0,99950000;1,00030000;0,03
2020-03-03T00:00:00+00:00;USDT/USD;1,00000000;1,00110000;0,99980000;1,00000000;0,0
2020-03-02T00:00:00+00:00;USDT/USD;0,99880000;1,00010000;0,99820000;1,00000000;0,12
2020-03-01T00:00:00+00:00;USDT/USD;0,99930000;1,00030000;0,99880000;0,99880000;-0,05
2020-02-29T00:00:00+00:00;USDT/USD;1,00050000;1,00110000;0,99920000;0,99930000;-0,12
2020-02-28T00:00:00+00:00;USDT/USD;0,99930000;1,00070000;0,99900000;1,00050000;0,12
2020-02-27T00:00:00+00:00;USDT/USD;0,99860000;1,00050000;0,99860000;0,99930000;0,07
2020-02-26T00:00:00+00:00;USDT/USD;0,99870000;0,99920000;0,99700000;0,99860000;-0,01
2020-02-25T00:00:00+00:00;USDT/USD;0,99940000;1,00040000;0,99830000;0,99870000;-0,07
2020-02-24T00:00:00+00:00;USDT/USD;1,00210000;1,00270000;0,99870000;0,99940000;-0,27
2020-02-23T00:00:00+00:00;USDT/USD;1,00140000;1,00250000;1,00130000;1,00210000;0,07
2020-02-22T00:00:00+00:00;USDT/USD;1,00100000;1,00150000;1,00030000;1,00140000;0,04
2020-02-21T00:00:00+00:00;USDT/USD;1,00040000;1,00130000;0,99980000;1,00100000;0,06
2020-02-20T00:00:00+00:00;USDT/USD;0,99950000;1,00100000;0,99880000;1,00040000;0,09
2020-02-19T00:00:00+00:00;USDT/USD;1,00190000;1,00230000;0,99880000;0,99950000;-0,24
2020-02-18T00:00:00+00:00;USDT/USD;0,99900000;1,00190000;0,99880000;1,00190000;0,29
2020-02-17T00:00:00+00:00;USDT/USD;1,00050000;1,00190000;0,99900000;0,99900000;-0,15
2020-02-16T00:00:00+00:00;USDT/USD;0,99920000;1,00110000;0,99900000;1,00050000;0,13
2020-02-15T00:00:00+00:00;USDT/USD;1,00140000;1,00160000;0,99810000;0,99920000;-0,22
2020-02-14T00:00:00+00:00;USDT/USD;0,99920000;1,00150000;0,99750000;1,00140000;0,22
2020-02-13T00:00:00+00:00;USDT/USD;1,00140000;1,00190000;0,99800000;0,99920000;-0,22
2020-02-12T00:00:00+00:00;USDT/USD;1,00250000;1,00300000;1,00010000;1,00140000;-0,11
2020-02-11T00:00:00+00:00;USDT/USD;0,99960000;1,00320000;0,99860000;1,00250000;0,29
2020-02-10T00:00:00+00:00;USDT/USD;1,00020000;1,00020000;0,99820000;0,99960000;-0,06
2020-02-09T00:00:00+00:00;USDT/USD;0,99950000;1,00060000;0,99940000;1,00020000;0,07
2020-02-08T00:00:00+00:00;USDT/USD;0,99820000;0,99980000;0,99790000;0,99950000;0,13
2020-02-07T00:00:00+00:00;USDT/USD;0,99710000;0,99870000;0,99700000;0,99820000;0,11
2020-02-06T00:00:00+00:00;USDT/USD;0,99920000;0,99930000;0,99710000;0,99710000;-0,21
2020-02-05T00:00:00+00:00;USDT/USD;0,99660000;1,00020000;0,99660000;0,99920000;0,26
2020-02-04T00:00:00+00:00;USDT/USD;0,99790000;0,99900000;0,99650000;0,99660000;-0,13
2020-02-03T00:00:00+00:00;USDT/USD;0,99850000;0,99950000;0,99710000;0,99790000;-0,06
2020-02-02T00:00:00+00:00;USDT/USD;0,99840000;0,99960000;0,99800000;0,99850000;0,01
2020-02-01T00:00:00+00:00;USDT/USD;0,99800000;0,99920000;0,99730000;0,99840000;0,04
2020-01-31T00:00:00+00:00;USDT/USD;0,99830000;0,99850000;0,99690000;0,99800000;-0,03
2020-01-30T00:00:00+00:00;USDT/USD;0,99790000;0,99870000;0,99670000;0,99830000;0,04
2020-01-29T00:00:00+00:00;USDT/USD;0,99880000;0,99940000;0,99740000;0,99790000;-0,09
2020-01-28T00:00:00+00:00;USDT/USD;0,99820000;0,99900000;0,99670000;0,99880000;0,06
2020-01-27T00:00:00+00:00;USDT/USD;0,99780000;0,99840000;0,99690000;0,99820000;0,04
2020-01-26T00:00:00+00:00;USDT/USD;0,99780000;0,99840000;0,99720000;0,99780000;0,0
2020-01-25T00:00:00+00:00;USDT/USD;0,99810000;0,99870000;0,99740000;0,99780000;-0,03
2020-01-24T00:00:00+00:00;USDT/USD;0,99720000;0,99880000;0,99720000;0,99810000;0,09
2020-01-23T00:00:00+00:00;USDT/USD;0,99730000;0,99810000;0,99610000;0,99720000;-0,01
2020-01-22T00:00:00+00:00;USDT/USD;0,99850000;0,99860000;0,99660000;0,99730000;-0,12
2020-01-21T00:00:00+00:00;USDT/USD;0,99810000;0,99900000;0,99760000;0,99850000;0,04
2020-01-20T00:00:00+00:00;USDT/USD;0,99890000;0,99910000;0,99800000;0,99810000;-0,08
2020-01-19T00:00:00+00:00;USDT/USD;0,99910000;0,99960000;0,99740000;0,99890000;-0,02
2020-01-18T00:00:00+00:00;USDT/USD;0,99850000;0,99960000;0,99840000;0,99910000;0,06
2020-01-17T00:00:00+00:00;USDT/USD;0,99880000;1,00010000;0,99790000;0,99850000;-0,03
2020-01-16T00:00:00+00:00;USDT/USD;0,99860000;0,99920000;0,99730000;0,99880000;0,02
2020-01-15T00:00:00+00:00;USDT/USD;0,99900000;0,99930000;0,99670000;0,99860000;-0,04
2020-01-14T00:00:00+00:00;USDT/USD;0,99950000;1,00090000;0,99840000;0,99900000;-0,05
2020-01-13T00:00:00+00:00;USDT/USD;0,99920000;0,99950000;0,99830000;0,99950000;0,03
2020-01-12T00:00:00+00:00;USDT/USD;0,99910000;0,99960000;0,99870000;0,99920000;0,01
2020-01-11T00:00:00+00:00;USDT/USD;0,99870000;0,99950000;0,99810000;0,99910000;0,04
2020-01-10T00:00:00+00:00;USDT/USD;0,99910000;0,99990000;0,99800000;0,99870000;-0,04
2020-01-09T00:00:00+00:00;USDT/USD;0,99890000;0,99970000;0,99890000;0,99910000;0,02
2020-01-08T00:00:00+00:00;USDT/USD;0,99950000;1,00000000;0,99880000;0,99890000;-0,06
2020-01-07T00:00:00+00:00;USDT/USD;0,99990000;1,00000000;0,99870000;0,99950000;-0,04

