DATE/TIME;SYMBOL;OPEN;HIGH;LOW;CLOSE;EVOL % CLOSE/HIGH
2022-01-05T00:00:00+00:00;MIDHEDGE/USD;87,02000000;87,53000000;85,29000000;85,78000000;-1,45
2022-01-04T00:00:00+00:00;MIDHEDGE/USD;86,00000000;87,84000000;84,30000000;87,02000000;1,17
2022-01-03T00:00:00+00:00;MIDHEDGE/USD;85,73000000;87,84000000;84,91000000;86,04000000;0,36
2022-01-02T00:00:00+00:00;MIDHEDGE/USD;86,16000000;87,84000000;85,10000000;85,73000000;-0,5
2022-01-01T00:00:00+00:00;MIDHEDGE/USD;90,05000000;90,26000000;86,14000000;86,16000000;-4,51
2021-12-31T00:00:00+00:00;MIDHEDGE/USD;90,73000000;91,26000000;86,94000000;90,05000000;-0,76
2021-12-30T00:00:00+00:00;MIDHEDGE/USD;91,06000000;92,96000000;88,71000000;90,73000000;-0,36
2021-12-29T00:00:00+00:00;MIDHEDGE/USD;89,30000000;92,09000000;87,51000000;91,06000000;1,93
2021-12-28T00:00:00+00:00;MIDHEDGE/USD;83,65000000;89,70000000;83,62000000;89,30000000;6,33
2021-12-27T00:00:00+00:00;MIDHEDGE/USD;83,59000000;83,82000000;80,98000000;83,65000000;0,07
2021-12-26T00:00:00+00:00;MIDHEDGE/USD;84,51000000;86,60000000;82,94000000;83,59000000;-1,1
2021-12-25T00:00:00+00:00;MIDHEDGE/USD;86,28000000;86,59000000;83,81000000;84,51000000;-2,09
2021-12-24T00:00:00+00:00;MIDHEDGE/USD;86,06000000;89,49000000;83,33000000;86,28000000;0,25
2021-12-23T00:00:00+00:00;MIDHEDGE/USD;91,74000000;91,98000000;86,03000000;86,06000000;-6,6
2021-12-22T00:00:00+00:00;MIDHEDGE/USD;93,88000000;94,23000000;90,15000000;91,74000000;-2,33
2021-12-21T00:00:00+00:00;MIDHEDGE/USD;97,61000000;98,15000000;93,63000000;93,88000000;-3,97
2021-12-20T00:00:00+00:00;MIDHEDGE/USD;96,33000000;100,49000000;95,27000000;97,64000000;1,34
2021-12-19T00:00:00+00:00;MIDHEDGE/USD;95,57000000;96,79000000;94,09000000;96,33000000;0,79
2021-12-18T00:00:00+00:00;MIDHEDGE/USD;97,73000000;98,64000000;94,77000000;95,57000000;-2,26
2021-12-17T00:00:00+00:00;MIDHEDGE/USD;96,54000000;100,72000000;95,55000000;97,91000000;1,4
2021-12-16T00:00:00+00:00;MIDHEDGE/USD;94,62000000;96,70000000;92,75000000;96,54000000;1,99
2021-12-15T00:00:00+00:00;MIDHEDGE/USD;95,15000000;101,00000000;93,16000000;94,62000000;-0,56
2021-12-14T00:00:00+00:00;MIDHEDGE/USD;102,87000000;103,87000000;93,00000000;95,15000000;-8,11
2021-12-13T00:00:00+00:00;MIDHEDGE/USD;94,92000000;104,80000000;94,22000000;102,87000000;7,73
2021-12-12T00:00:00+00:00;MIDHEDGE/USD;95,72000000;97,87000000;93,60000000;94,92000000;-0,84
2021-12-11T00:00:00+00:00;MIDHEDGE/USD;101,03000000;102,45000000;93,66000000;95,72000000;-5,55
2021-12-10T00:00:00+00:00;MIDHEDGE/USD;97,56000000;101,31000000;94,53000000;101,03000000;3,43
2021-12-09T00:00:00+00:00;MIDHEDGE/USD;91,00000000;97,68000000;90,33000000;97,56000000;6,72
2021-12-08T00:00:00+00:00;MIDHEDGE/USD;93,09000000;99,98000000;90,91000000;91,00000000;-2,3
2021-12-07T00:00:00+00:00;MIDHEDGE/USD;94,68000000;99,59000000;91,17000000;93,09000000;-1,71
2021-12-06T00:00:00+00:00;MIDHEDGE/USD;98,99000000;106,47000000;94,41000000;94,68000000;-4,55
2021-12-05T00:00:00+00:00;MIDHEDGE/USD;104,57000000;107,18000000;98,52000000;98,99000000;-5,64
2021-12-04T00:00:00+00:00;MIDHEDGE/USD;86,79000000;107,18000000;86,79000000;104,57000000;17,0
2021-12-03T00:00:00+00:00;MIDHEDGE/USD;82,88000000;87,76000000;81,70000000;86,79000000;4,51
2021-12-02T00:00:00+00:00;MIDHEDGE/USD;83,57000000;84,29000000;82,14000000;82,88000000;-0,83
2021-12-01T00:00:00+00:00;MIDHEDGE/USD;83,55000000;83,57000000;80,87000000;83,57000000;0,02
2021-11-30T00:00:00+00:00;MIDHEDGE/USD;81,67000000;83,68000000;80,35000000;83,55000000;2,25
2021-11-29T00:00:00+00:00;MIDHEDGE/USD;84,99000000;86,10000000;79,72000000;81,67000000;-4,07
2021-11-28T00:00:00+00:00;MIDHEDGE/USD;85,44000000;88,98000000;84,99000000;84,99000000;-0,53
2021-11-27T00:00:00+00:00;MIDHEDGE/USD;86,73000000;86,73000000;83,80000000;85,44000000;-1,51
2021-11-26T00:00:00+00:00;MIDHEDGE/USD;80,61000000;86,73000000;80,42000000;86,73000000;7,06
2021-11-25T00:00:00+00:00;MIDHEDGE/USD;80,70000000;80,70000000;80,19000000;80,61000000;-0,11
2021-11-24T00:00:00+00:00;MIDHEDGE/USD;78,90000000;80,82000000;78,78000000;80,70000000;2,23
2021-11-23T00:00:00+00:00;MIDHEDGE/USD;82,90000000;84,12000000;78,78000000;78,90000000;-5,07
2021-11-22T00:00:00+00:00;MIDHEDGE/USD;81,62000000;84,41000000;80,57000000;82,90000000;1,54
2021-11-21T00:00:00+00:00;MIDHEDGE/USD;82,58000000;84,96000000;79,59000000;81,62000000;-1,18
2021-11-20T00:00:00+00:00;MIDHEDGE/USD;84,01000000;85,85000000;82,46000000;82,58000000;-1,73
2021-11-19T00:00:00+00:00;MIDHEDGE/USD;89,91000000;91,00000000;83,89000000;84,01000000;-7,02
2021-11-18T00:00:00+00:00;MIDHEDGE/USD;83,97000000;91,50000000;82,65000000;89,91000000;6,61
2021-11-17T00:00:00+00:00;MIDHEDGE/USD;86,67000000;89,42000000;83,64000000;83,97000000;-3,22
2021-11-16T00:00:00+00:00;MIDHEDGE/USD;80,18000000;89,42000000;80,02000000;86,67000000;7,49
2021-11-15T00:00:00+00:00;MIDHEDGE/USD;79,30000000;80,49000000;77,18000000;80,18000000;1,1
2021-11-14T00:00:00+00:00;MIDHEDGE/USD;79,88000000;81,05000000;79,30000000;79,30000000;-0,73
2021-11-13T00:00:00+00:00;MIDHEDGE/USD;81,14000000;81,59000000;79,41000000;79,88000000;-1,58
2021-11-12T00:00:00+00:00;MIDHEDGE/USD;78,91000000;83,58000000;78,90000000;81,14000000;2,75
2021-11-11T00:00:00+00:00;MIDHEDGE/USD;81,49000000;82,32000000;78,30000000;78,91000000;-3,27
2021-11-10T00:00:00+00:00;MIDHEDGE/USD;76,06000000;83,95000000;74,98000000;81,49000000;6,66
2021-11-09T00:00:00+00:00;MIDHEDGE/USD;75,57000000;76,85000000;74,96000000;76,06000000;0,64
2021-11-08T00:00:00+00:00;MIDHEDGE/USD;80,31000000;80,31000000;75,43000000;75,57000000;-6,27
2021-11-07T00:00:00+00:00;MIDHEDGE/USD;80,94000000;81,48000000;79,92000000;80,31000000;-0,78
2021-11-06T00:00:00+00:00;MIDHEDGE/USD;80,86000000;84,40000000;80,66000000;80,94000000;0,1
2021-11-05T00:00:00+00:00;MIDHEDGE/USD;82,21000000;83,27000000;80,00000000;80,86000000;-1,67
2021-11-04T00:00:00+00:00;MIDHEDGE/USD;81,67000000;84,23000000;81,32000000;82,21000000;0,66
2021-11-03T00:00:00+00:00;MIDHEDGE/USD;81,76000000;84,25000000;81,41000000;81,67000000;-0,11
2021-11-02T00:00:00+00:00;MIDHEDGE/USD;83,72000000;84,47000000;81,47000000;81,76000000;-2,4
2021-11-01T00:00:00+00:00;MIDHEDGE/USD;83,63000000;86,91000000;82,90000000;83,72000000;0,11
2021-10-31T00:00:00+00:00;MIDHEDGE/USD;85,34000000;88,00000000;83,34000000;83,63000000;-2,04
2021-10-30T00:00:00+00:00;MIDHEDGE/USD;83,24000000;86,95000000;83,23000000;85,34000000;2,46
2021-10-29T00:00:00+00:00;MIDHEDGE/USD;84,23000000;84,97000000;82,51000000;83,24000000;-1,19
2021-10-28T00:00:00+00:00;MIDHEDGE/USD;94,42000000;95,37000000;80,97000000;84,23000000;-12,1
2021-10-27T00:00:00+00:00;MIDHEDGE/USD;86,07000000;94,42000000;85,26000000;94,42000000;8,84
2021-10-26T00:00:00+00:00;MIDHEDGE/USD;86,19000000;87,27000000;84,11000000;86,07000000;-0,14
2021-10-25T00:00:00+00:00;MIDHEDGE/USD;87,54000000;88,36000000;86,02000000;86,19000000;-1,57
2021-10-24T00:00:00+00:00;MIDHEDGE/USD;86,54000000;89,13000000;86,54000000;87,54000000;1,14
2021-10-23T00:00:00+00:00;MIDHEDGE/USD;88,52000000;89,26000000;86,54000000;86,54000000;-2,29
2021-10-22T00:00:00+00:00;MIDHEDGE/USD;89,90000000;90,63000000;87,25000000;88,52000000;-1,56
2021-10-21T00:00:00+00:00;MIDHEDGE/USD;88,00000000;90,84000000;86,30000000;89,90000000;2,11
2021-10-20T00:00:00+00:00;MIDHEDGE/USD;93,47000000;94,48000000;87,35000000;88,00000000;-6,22
2021-10-19T00:00:00+00:00;MIDHEDGE/USD;94,94000000;95,36000000;93,32000000;93,47000000;-1,57
2021-10-18T00:00:00+00:00;MIDHEDGE/USD;94,96000000;95,43000000;92,64000000;94,94000000;-0,02
2021-10-17T00:00:00+00:00;MIDHEDGE/USD;93,85000000;97,84000000;92,98000000;94,96000000;1,17
2021-10-16T00:00:00+00:00;MIDHEDGE/USD;95,15000000;95,15000000;91,66000000;93,85000000;-1,39
2021-10-15T00:00:00+00:00;MIDHEDGE/USD;95,07000000;97,63000000;93,46000000;95,15000000;0,08
2021-10-14T00:00:00+00:00;MIDHEDGE/USD;95,15000000;95,37000000;93,22000000;95,07000000;-0,08
2021-10-13T00:00:00+00:00;MIDHEDGE/USD;98,12000000;99,71000000;95,15000000;95,15000000;-3,12
2021-10-12T00:00:00+00:00;MIDHEDGE/USD;96,79000000;102,48000000;96,74000000;98,12000000;1,36
2021-10-11T00:00:00+00:00;MIDHEDGE/USD;97,56000000;98,95000000;93,65000000;96,79000000;-0,8
2021-10-10T00:00:00+00:00;MIDHEDGE/USD;92,63000000;97,97000000;92,15000000;97,56000000;5,05
2021-10-09T00:00:00+00:00;MIDHEDGE/USD;94,63000000;95,15000000;91,44000000;92,63000000;-2,16
2021-10-08T00:00:00+00:00;MIDHEDGE/USD;94,21000000;95,15000000;91,87000000;94,63000000;0,44
2021-10-07T00:00:00+00:00;MIDHEDGE/USD;93,21000000;95,93000000;92,27000000;94,21000000;1,06
2021-10-06T00:00:00+00:00;MIDHEDGE/USD;93,56000000;98,30000000;91,60000000;93,21000000;-0,38
2021-10-05T00:00:00+00:00;MIDHEDGE/USD;95,78000000;96,33000000;93,05000000;93,56000000;-2,37
2021-10-04T00:00:00+00:00;MIDHEDGE/USD;96,40000000;100,06000000;95,17000000;95,78000000;-0,65
2021-10-03T00:00:00+00:00;MIDHEDGE/USD;97,94000000;98,96000000;95,00000000;96,40000000;-1,6
2021-10-02T00:00:00+00:00;MIDHEDGE/USD;99,83000000;101,99000000;95,52000000;97,94000000;-1,93
2021-10-01T00:00:00+00:00;MIDHEDGE/USD;109,06000000;109,94000000;99,74000000;99,87000000;-9,2
2021-09-30T00:00:00+00:00;MIDHEDGE/USD;114,03000000;114,48000000;109,01000000;109,06000000;-4,56
2021-09-29T00:00:00+00:00;MIDHEDGE/USD;116,85000000;117,65000000;110,87000000;114,03000000;-2,47
2021-09-28T00:00:00+00:00;MIDHEDGE/USD;112,98000000;117,23000000;111,33000000;116,85000000;3,31
2021-09-27T00:00:00+00:00;MIDHEDGE/USD;109,22000000;113,06000000;106,51000000;112,98000000;3,33
2021-09-26T00:00:00+00:00;MIDHEDGE/USD;109,36000000;118,04000000;107,20000000;109,22000000;-0,13
2021-09-25T00:00:00+00:00;MIDHEDGE/USD;107,33000000;111,54000000;105,86000000;109,36000000;1,86
2021-09-24T00:00:00+00:00;MIDHEDGE/USD;100,78000000;113,54000000;99,97000000;107,33000000;6,1
2021-09-23T00:00:00+00:00;MIDHEDGE/USD;103,00000000;105,14000000;100,00000000;100,78000000;-2,2
2021-09-22T00:00:00+00:00;MIDHEDGE/USD;118,00000000;119,41000000;101,56000000;103,00000000;-14,56
2021-09-21T00:00:00+00:00;MIDHEDGE/USD;111,90000000;120,31000000;106,73000000;118,00000000;5,17
2021-09-20T00:00:00+00:00;MIDHEDGE/USD;99,22000000;113,86000000;98,78000000;111,90000000;11,33
2021-09-19T00:00:00+00:00;MIDHEDGE/USD;97,17000000;100,70000000;97,04000000;99,22000000;2,07
2021-09-18T00:00:00+00:00;MIDHEDGE/USD;99,69000000;100,79000000;96,75000000;97,17000000;-2,59
2021-09-17T00:00:00+00:00;MIDHEDGE/USD;96,75000000;100,72000000;95,27000000;99,69000000;2,95
2021-09-16T00:00:00+00:00;MIDHEDGE/USD;95,03000000;99,35000000;94,87000000;96,75000000;1,78
2021-09-15T00:00:00+00:00;MIDHEDGE/USD;97,75000000;98,83000000;95,03000000;95,03000000;-2,86
2021-09-14T00:00:00+00:00;MIDHEDGE/USD;101,50000000;102,68000000;97,85000000;97,85000000;-3,73
2021-09-13T00:00:00+00:00;MIDHEDGE/USD;97,93000000;105,34000000;96,84000000;101,47000000;3,49
2021-09-12T00:00:00+00:00;MIDHEDGE/USD;103,10000000;104,56000000;97,09000000;97,93000000;-5,28
2021-09-11T00:00:00+00:00;MIDHEDGE/USD;103,98000000;104,36000000;100,39000000;103,10000000;-0,85
2021-09-10T00:00:00+00:00;MIDHEDGE/USD;99,72000000;105,98000000;96,36000000;103,98000000;4,1
2021-09-09T00:00:00+00:00;MIDHEDGE/USD;103,56000000;104,64000000;97,32000000;99,72000000;-3,85
2021-09-08T00:00:00+00:00;MIDHEDGE/USD;103,00000000;111,04000000;101,16000000;103,56000000;0,54
2021-09-07T00:00:00+00:00;MIDHEDGE/USD;88,58000000;109,31000000;87,89000000;103,00000000;14,0
2021-09-06T00:00:00+00:00;MIDHEDGE/USD;88,76000000;91,72000000;86,36000000;88,58000000;-0,2
2021-09-05T00:00:00+00:00;MIDHEDGE/USD;93,35000000;94,66000000;88,70000000;88,76000000;-5,17
2021-09-04T00:00:00+00:00;MIDHEDGE/USD;95,01000000;95,61000000;92,05000000;93,35000000;-1,78
2021-09-03T00:00:00+00:00;MIDHEDGE/USD;95,98000000;97,70000000;93,59000000;95,01000000;-1,02
2021-09-02T00:00:00+00:00;MIDHEDGE/USD;95,82000000;96,95000000;93,37000000;95,98000000;0,17
2021-09-01T00:00:00+00:00;MIDHEDGE/USD;103,34000000;105,39000000;95,76000000;95,82000000;-7,85
2021-08-31T00:00:00+00:00;MIDHEDGE/USD;106,63000000;107,76000000;100,95000000;103,34000000;-3,18
2021-08-30T00:00:00+00:00;MIDHEDGE/USD;103,60000000;107,55000000;102,13000000;106,63000000;2,84
2021-08-29T00:00:00+00:00;MIDHEDGE/USD;102,68000000;105,03000000;100,54000000;103,60000000;0,89
2021-08-28T00:00:00+00:00;MIDHEDGE/USD;100,95000000;104,28000000;100,22000000;102,68000000;1,68
2021-08-27T00:00:00+00:00;MIDHEDGE/USD;109,73000000;111,51000000;100,77000000;100,95000000;-8,7
2021-08-26T00:00:00+00:00;MIDHEDGE/USD;102,04000000;110,75000000;101,03000000;109,73000000;7,01
2021-08-25T00:00:00+00:00;MIDHEDGE/USD;105,28000000;108,13000000;101,71000000;102,04000000;-3,18
2021-08-24T00:00:00+00:00;MIDHEDGE/USD;97,95000000;106,48000000;97,19000000;105,24000000;6,93
2021-08-23T00:00:00+00:00;MIDHEDGE/USD;99,92000000;100,10000000;96,77000000;97,95000000;-2,01
2021-08-22T00:00:00+00:00;MIDHEDGE/USD;100,56000000;103,48000000;98,29000000;99,92000000;-0,64
2021-08-21T00:00:00+00:00;MIDHEDGE/USD;99,21000000;101,64000000;97,95000000;100,56000000;1,34
2021-08-20T00:00:00+00:00;MIDHEDGE/USD;102,39000000;103,08000000;97,78000000;99,21000000;-3,21
2021-08-19T00:00:00+00:00;MIDHEDGE/USD;108,41000000;111,22000000;102,16000000;102,39000000;-5,88
2021-08-18T00:00:00+00:00;MIDHEDGE/USD;109,44000000;114,22000000;103,63000000;108,41000000;-0,95
2021-08-17T00:00:00+00:00;MIDHEDGE/USD;103,05000000;110,23000000;98,15000000;109,44000000;5,84
2021-08-16T00:00:00+00:00;MIDHEDGE/USD;99,50000000;103,87000000;96,37000000;103,05000000;3,44
2021-08-15T00:00:00+00:00;MIDHEDGE/USD;105,67000000;108,62000000;98,97000000;99,50000000;-6,2
2021-08-14T00:00:00+00:00;MIDHEDGE/USD;107,63000000;110,76000000;104,91000000;105,67000000;-1,85
2021-08-13T00:00:00+00:00;MIDHEDGE/USD;117,09000000;118,16000000;107,62000000;107,63000000;-8,79
2021-08-12T00:00:00+00:00;MIDHEDGE/USD;114,85000000;121,33000000;108,83000000;117,09000000;1,91
2021-08-11T00:00:00+00:00;MIDHEDGE/USD;118,55000000;118,55000000;109,97000000;114,85000000;-3,22
2021-08-10T00:00:00+00:00;MIDHEDGE/USD;119,23000000;122,26000000;117,21000000;118,55000000;-0,57
2021-08-09T00:00:00+00:00;MIDHEDGE/USD;126,00000000;129,83000000;117,61000000;119,23000000;-5,68
2021-08-08T00:00:00+00:00;MIDHEDGE/USD;119,41000000;127,82000000;116,04000000;126,00000000;5,23
2021-08-07T00:00:00+00:00;MIDHEDGE/USD;135,59000000;138,00000000;119,11000000;119,41000000;-13,55
2021-08-06T00:00:00+00:00;MIDHEDGE/USD;139,10000000;141,58000000;133,62000000;135,59000000;-2,59
2021-08-05T00:00:00+00:00;MIDHEDGE/USD;142,84000000;154,23000000;138,69000000;139,10000000;-2,69
2021-08-04T00:00:00+00:00;MIDHEDGE/USD;149,71000000;152,25000000;141,81000000;142,84000000;-4,81
2021-08-03T00:00:00+00:00;MIDHEDGE/USD;144,86000000;158,73000000;143,19000000;149,71000000;3,24
2021-08-02T00:00:00+00:00;MIDHEDGE/USD;145,36000000;150,80000000;141,55000000;144,86000000;-0,35
2021-08-01T00:00:00+00:00;MIDHEDGE/USD;142,15000000;151,88000000;136,99000000;145,36000000;2,21
2021-07-31T00:00:00+00:00;MIDHEDGE/USD;144,74000000;147,35000000;140,76000000;142,15000000;-1,82
2021-07-30T00:00:00+00:00;MIDHEDGE/USD;149,46000000;157,10000000;144,74000000;144,74000000;-3,26
2021-07-29T00:00:00+00:00;MIDHEDGE/USD;151,77000000;154,52000000;148,67000000;149,46000000;-1,55
2021-07-28T00:00:00+00:00;MIDHEDGE/USD;152,40000000;161,04000000;148,89000000;151,77000000;-0,42
2021-07-27T00:00:00+00:00;MIDHEDGE/USD;158,41000000;167,75000000;151,32500000;152,40000000;-3,94
2021-07-26T00:00:00+00:00;MIDHEDGE/USD;161,12500000;161,95000000;142,50000000;158,41000000;-1,71
2021-07-25T00:00:00+00:00;MIDHEDGE/USD;162,52500000;167,67500000;160,72500000;161,12500000;-0,87
2021-07-24T00:00:00+00:00;MIDHEDGE/USD;165,32500000;167,20000000;159,35000000;162,52500000;-1,72
2021-07-23T00:00:00+00:00;MIDHEDGE/USD;169,80000000;174,97500000;165,15000000;165,32500000;-2,71
2021-07-22T00:00:00+00:00;MIDHEDGE/USD;176,80000000;178,80000000;169,45000000;169,80000000;-4,12
2021-07-21T00:00:00+00:00;MIDHEDGE/USD;197,12500000;200,67500000;167,97500000;176,80000000;-11,5
2021-07-20T00:00:00+00:00;MIDHEDGE/USD;191,67500000;203,87500000;178,80000000;197,12500000;2,76
2021-07-19T00:00:00+00:00;MIDHEDGE/USD;181,92500000;192,85000000;181,02500000;191,67500000;5,09
2021-07-18T00:00:00+00:00;MIDHEDGE/USD;180,77500000;183,80000000;173,57500000;181,92500000;0,63
2021-07-17T00:00:00+00:00;MIDHEDGE/USD;186,25000000;188,52500000;173,20000000;181,10000000;-2,84
2021-07-16T00:00:00+00:00;MIDHEDGE/USD;178,47500000;186,52500000;174,00000000;186,25000000;4,17
2021-07-15T00:00:00+00:00;MIDHEDGE/USD;171,27500000;182,40000000;163,07500000;178,35000000;3,97
2021-07-14T00:00:00+00:00;MIDHEDGE/USD;169,80000000;179,32500000;167,62500000;171,27500000;0,86
2021-07-13T00:00:00+00:00;MIDHEDGE/USD;164,72500000;171,75000000;163,87500000;169,80000000;2,99
2021-07-12T00:00:00+00:00;MIDHEDGE/USD;160,20000000;167,35000000;157,45000000;164,72500000;2,75
2021-07-11T00:00:00+00:00;MIDHEDGE/USD;162,42500000;165,30000000;158,75000000;160,20000000;-1,39
2021-07-10T00:00:00+00:00;MIDHEDGE/USD;160,50000000;166,25000000;157,50000000;162,90000000;1,47
2021-07-09T00:00:00+00:00;MIDHEDGE/USD;167,02500000;174,12500000;158,75000000;160,50000000;-4,07
2021-07-08T00:00:00+00:00;MIDHEDGE/USD;157,76000000;169,44000000;157,50000000;167,02500000;5,55
2021-07-07T00:00:00+00:00;MIDHEDGE/USD;155,36000000;158,45000000;151,90000000;157,76000000;1,52
2021-07-06T00:00:00+00:00;MIDHEDGE/USD;159,05000000;159,05000000;151,16000000;155,36000000;-2,38
2021-07-05T00:00:00+00:00;MIDHEDGE/USD;155,21000000;163,43000000;154,82000000;159,05000000;2,41
2021-07-04T00:00:00+00:00;MIDHEDGE/USD;157,92500000;160,14000000;151,65000000;154,75000000;-2,05
2021-07-03T00:00:00+00:00;MIDHEDGE/USD;160,30000000;162,75000000;156,67500000;157,92500000;-1,5
2021-07-02T00:00:00+00:00;MIDHEDGE/USD;162,47500000;167,85000000;159,68000000;160,30000000;-1,36
2021-07-01T00:00:00+00:00;MIDHEDGE/USD;155,29000000;165,03000000;155,13000000;162,47500000;4,42
2021-06-30T00:00:00+00:00;MIDHEDGE/USD;155,58000000;166,10000000;153,34000000;155,29000000;-0,19
2021-06-29T00:00:00+00:00;MIDHEDGE/USD;163,07500000;163,72500000;150,25000000;155,58000000;-4,82
2021-06-28T00:00:00+00:00;MIDHEDGE/USD;167,77500000;171,87500000;162,00000000;163,07500000;-2,88
2021-06-27T00:00:00+00:00;MIDHEDGE/USD;179,02500000;185,22500000;167,32500000;167,77500000;-6,71
2021-06-26T00:00:00+00:00;MIDHEDGE/USD;183,10000000;188,47500000;174,22500000;179,02500000;-2,28
2021-06-25T00:00:00+00:00;MIDHEDGE/USD;167,57500000;185,22500000;160,62500000;183,10000000;8,48
2021-06-24T00:00:00+00:00;MIDHEDGE/USD;179,42500000;186,07500000;166,05000000;167,57500000;-7,07
2021-06-23T00:00:00+00:00;MIDHEDGE/USD;203,70000000;211,55000000;171,95000000;179,42500000;-13,53
2021-06-22T00:00:00+00:00;MIDHEDGE/USD;205,70000000;230,32500000;185,32500000;203,70000000;-0,98
2021-06-21T00:00:00+00:00;MIDHEDGE/USD;165,25000000;208,80000000;164,35000000;205,70000000;19,66
2021-06-20T00:00:00+00:00;MIDHEDGE/USD;165,05000000;177,95000000;162,37500000;165,25000000;0,12
2021-06-19T00:00:00+00:00;MIDHEDGE/USD;161,77500000;165,27500000;159,07500000;165,05000000;1,98
2021-06-18T00:00:00+00:00;MIDHEDGE/USD;153,37000000;166,46000000;147,61000000;161,77500000;5,2
2021-06-17T00:00:00+00:00;MIDHEDGE/USD;153,73000000;155,59000000;148,18000000;153,37000000;-0,23
2021-06-16T00:00:00+00:00;MIDHEDGE/USD;147,62000000;154,68000000;147,37000000;153,73000000;3,97
2021-06-15T00:00:00+00:00;MIDHEDGE/USD;145,95000000;149,42000000;144,12000000;147,62000000;1,13
2021-06-14T00:00:00+00:00;MIDHEDGE/USD;148,30000000;150,53000000;143,72000000;145,95000000;-1,61
2021-06-13T00:00:00+00:00;MIDHEDGE/USD;158,90000000;160,97500000;147,25000000;148,30000000;-7,15
2021-06-12T00:00:00+00:00;MIDHEDGE/USD;155,59000000;164,23000000;155,16000000;158,90000000;2,08
2021-06-11T00:00:00+00:00;MIDHEDGE/USD;149,62000000;157,34000000;147,21000000;155,59000000;3,84
2021-06-10T00:00:00+00:00;MIDHEDGE/USD;143,23000000;151,51000000;142,35000000;149,62000000;4,27
2021-06-09T00:00:00+00:00;MIDHEDGE/USD;150,67000000;156,92000000;142,66000000;143,23000000;-5,19
2021-06-08T00:00:00+00:00;MIDHEDGE/USD;147,96000000;163,34000000;142,84000000;150,67000000;1,8
2021-06-07T00:00:00+00:00;MIDHEDGE/USD;136,37000000;148,89000000;133,01000000;147,96000000;7,83
2021-06-06T00:00:00+00:00;MIDHEDGE/USD;138,09000000;138,91000000;135,41000000;136,37000000;-1,26
2021-06-05T00:00:00+00:00;MIDHEDGE/USD;135,36000000;141,11000000;128,46000000;138,09000000;1,98
2021-06-04T00:00:00+00:00;MIDHEDGE/USD;126,16000000;141,16000000;125,89000000;135,36000000;6,8
2021-06-03T00:00:00+00:00;MIDHEDGE/USD;126,87500000;129,92000000;122,61000000;126,16000000;-0,57
2021-06-02T00:00:00+00:00;MIDHEDGE/USD;139,69000000;143,17000000;125,05000000;126,87500000;-10,1
2021-06-01T00:00:00+00:00;MIDHEDGE/USD;145,32000000;150,98000000;137,89000000;139,69000000;-4,03
2021-05-31T00:00:00+00:00;MIDHEDGE/USD;158,57500000;164,30000000;145,05000000;145,32000000;-9,12
2021-05-30T00:00:00+00:00;MIDHEDGE/USD;166,22500000;172,37500000;154,72500000;158,57500000;-4,82
2021-05-29T00:00:00+00:00;MIDHEDGE/USD;156,55000000;171,02500000;139,98000000;166,22500000;5,82
2021-05-28T00:00:00+00:00;MIDHEDGE/USD;145,30000000;163,08000000;142,70000000;156,55000000;7,19
2021-05-27T00:00:00+00:00;MIDHEDGE/USD;139,50000000;149,97000000;139,50000000;145,30000000;3,99
2021-05-26T00:00:00+00:00;MIDHEDGE/USD;147,37000000;149,99000000;138,17000000;139,50000000;-5,64
2021-05-25T00:00:00+00:00;MIDHEDGE/USD;145,79000000;158,73000000;141,08000000;147,37000000;1,07
2021-05-24T00:00:00+00:00;MIDHEDGE/USD;186,70000000;192,82500000;145,79000000;145,79000000;-28,06
2021-05-23T00:00:00+00:00;MIDHEDGE/USD;165,31000000;210,57500000;162,02500000;186,70000000;11,46
2021-05-22T00:00:00+00:00;MIDHEDGE/USD;157,16000000;172,02000000;156,19000000;165,31000000;4,93
2021-05-21T00:00:00+00:00;MIDHEDGE/USD;137,25000000;167,52000000;130,84000000;157,16000000;12,67
2021-05-20T00:00:00+00:00;MIDHEDGE/USD;166,26000000;179,05000000;130,52000000;137,25000000;-21,14
2021-05-19T00:00:00+00:00;MIDHEDGE/USD;124,23000000;180,81000000;119,39000000;166,26000000;25,28
2021-05-18T00:00:00+00:00;MIDHEDGE/USD;126,94000000;127,02000000;118,53000000;124,23000000;-2,18
2021-05-17T00:00:00+00:00;MIDHEDGE/USD;117,50000000;130,97000000;117,26000000;126,94000000;7,44
2021-05-16T00:00:00+00:00;MIDHEDGE/USD;118,18000000;127,42000000;111,00000000;117,50000000;-0,58
2021-05-15T00:00:00+00:00;MIDHEDGE/USD;111,35000000;119,20000000;110,54000000;118,18000000;5,78
2021-05-14T00:00:00+00:00;MIDHEDGE/USD;121,49000000;122,09000000;108,79000000;111,35000000;-9,11
2021-05-13T00:00:00+00:00;MIDHEDGE/USD;130,94000000;137,31000000;116,71000000;121,49000000;-7,78
2021-05-12T00:00:00+00:00;MIDHEDGE/USD;116,18000000;131,41000000;113,25000000;130,94000000;11,27
2021-05-11T00:00:00+00:00;MIDHEDGE/USD;125,78000000;127,63000000;115,77000000;116,18000000;-8,26
2021-05-10T00:00:00+00:00;MIDHEDGE/USD;113,28000000;130,24000000;111,19000000;125,78000000;9,94
2021-05-09T00:00:00+00:00;MIDHEDGE/USD;110,84000000;126,00000000;107,10000000;113,28000000;2,15
2021-05-08T00:00:00+00:00;MIDHEDGE/USD;108,01000000;114,17000000;104,19000000;110,84000000;2,55
2021-05-07T00:00:00+00:00;MIDHEDGE/USD;114,17000000;116,84000000;106,80000000;108,01000000;-5,7
2021-05-06T00:00:00+00:00;MIDHEDGE/USD;111,73000000;118,54000000;110,87000000;114,17000000;2,14
2021-05-05T00:00:00+00:00;MIDHEDGE/USD;131,63000000;131,65000000;111,19000000;111,73000000;-17,81
2021-05-04T00:00:00+00:00;MIDHEDGE/USD;131,65000000;138,83000000;123,47000000;131,63000000;-0,02
2021-05-03T00:00:00+00:00;MIDHEDGE/USD;140,26000000;142,61000000;131,14000000;131,65000000;-6,54
2021-05-02T00:00:00+00:00;MIDHEDGE/USD;140,14000000;144,48000000;138,01000000;140,26000000;0,09
2021-05-01T00:00:00+00:00;MIDHEDGE/USD;153,47000000;155,89000000;139,96000000;140,14000000;-9,51
2021-04-30T00:00:00+00:00;MIDHEDGE/USD;164,30000000;164,77500000;153,06000000;153,47000000;-7,06
2021-04-29T00:00:00+00:00;MIDHEDGE/USD;162,45000000;167,50000000;161,42500000;164,30000000;1,13
2021-04-28T00:00:00+00:00;MIDHEDGE/USD;165,87500000;172,57500000;160,32500000;161,90000000;-2,46
2021-04-27T00:00:00+00:00;MIDHEDGE/USD;176,57500000;178,67500000;164,30000000;165,87500000;-6,45
2021-04-26T00:00:00+00:00;MIDHEDGE/USD;199,02500000;199,15000000;176,37500000;176,57500000;-12,71
2021-04-25T00:00:00+00:00;MIDHEDGE/USD;197,15000000;209,32500000;187,40000000;199,02500000;0,94
2021-04-24T00:00:00+00:00;MIDHEDGE/USD;192,15000000;204,20000000;187,05000000;197,15000000;2,54
2021-04-23T00:00:00+00:00;MIDHEDGE/USD;186,37500000;218,52500000;184,32500000;192,15000000;3,01
2021-04-22T00:00:00+00:00;MIDHEDGE/USD;171,10000000;188,52500000;168,70000000;186,37500000;8,2
2021-04-21T00:00:00+00:00;MIDHEDGE/USD;165,72500000;172,60000000;163,37500000;171,10000000;3,14
2021-04-20T00:00:00+00:00;MIDHEDGE/USD;161,87500000;171,10000000;159,52500000;165,72500000;2,32
2021-04-19T00:00:00+00:00;MIDHEDGE/USD;162,83000000;166,65000000;153,90000000;161,87500000;-0,59
2021-04-18T00:00:00+00:00;MIDHEDGE/USD;162,82500000;191,17500000;160,85000000;162,83000000;0,0
2021-04-17T00:00:00+00:00;MIDHEDGE/USD;150,89000000;164,21000000;149,09000000;162,82500000;7,33
2021-04-16T00:00:00+00:00;MIDHEDGE/USD;184,57500000;185,67500000;148,89000000;150,89000000;-22,32
2021-04-15T00:00:00+00:00;MIDHEDGE/USD;205,45000000;205,82500000;182,82500000;184,57500000;-11,31
2021-04-14T00:00:00+00:00;MIDHEDGE/USD;213,52500000;219,95000000;198,22500000;205,45000000;-3,93
2021-04-13T00:00:00+00:00;MIDHEDGE/USD;228,02500000;228,02500000;212,57500000;213,52500000;-6,79
2021-04-12T00:00:00+00:00;MIDHEDGE/USD;228,67500000;232,77500000;225,67500000;228,02500000;-0,29
2021-04-11T00:00:00+00:00;MIDHEDGE/USD;236,40000000;237,80000000;227,55000000;228,67500000;-3,38
2021-04-10T00:00:00+00:00;MIDHEDGE/USD;247,00000000;247,85000000;235,05000000;236,40000000;-4,48
2021-04-09T00:00:00+00:00;MIDHEDGE/USD;249,82500000;253,17500000;243,05000000;247,00000000;-1,14
2021-04-08T00:00:00+00:00;MIDHEDGE/USD;267,97500000;270,37500000;249,55000000;249,82500000;-7,27
2021-04-07T00:00:00+00:00;MIDHEDGE/USD;247,72500000;274,65000000;244,02500000;267,97500000;7,56
2021-04-06T00:00:00+00:00;MIDHEDGE/USD;255,87500000;268,57500000;247,10000000;247,72500000;-3,29
2021-04-05T00:00:00+00:00;MIDHEDGE/USD;274,65000000;278,72500000;255,87500000;255,87500000;-7,34
2021-04-04T00:00:00+00:00;MIDHEDGE/USD;290,30000000;293,07500000;274,15000000;274,65000000;-5,7
2021-04-03T00:00:00+00:00;MIDHEDGE/USD;276,85000000;290,42500000;271,00000000;290,30000000;4,63
2021-04-02T00:00:00+00:00;MIDHEDGE/USD;287,30000000;287,30000000;275,70000000;276,85000000;-3,77
2021-04-01T00:00:00+00:00;MIDHEDGE/USD;296,47500000;297,30000000;286,50000000;287,30000000;-3,19
2021-03-31T00:00:00+00:00;MIDHEDGE/USD;296,85000000;309,35000000;295,55000000;296,47500000;-0,13
2021-03-30T00:00:00+00:00;MIDHEDGE/USD;302,80000000;306,47500000;296,00000000;296,85000000;-2,0
2021-03-29T00:00:00+00:00;MIDHEDGE/USD;316,50000000;318,62500000;301,62500000;302,80000000;-4,52
2021-03-28T00:00:00+00:00;MIDHEDGE/USD;320,10000000;322,30000000;313,25000000;316,50000000;-1,14
2021-03-27T00:00:00+00:00;MIDHEDGE/USD;321,80000000;327,75000000;318,30000000;320,10000000;-0,53
2021-03-26T00:00:00+00:00;MIDHEDGE/USD;346,85000000;347,50000000;321,30000000;321,80000000;-7,78
2021-03-25T00:00:00+00:00;MIDHEDGE/USD;339,97500000;350,90000000;335,70000000;346,85000000;1,98
2021-03-24T00:00:00+00:00;MIDHEDGE/USD;320,00000000;350,27500000;304,20000000;339,97500000;5,88
2021-03-23T00:00:00+00:00;MIDHEDGE/USD;320,15000000;326,80000000;301,15000000;320,00000000;-0,05
2021-03-22T00:00:00+00:00;MIDHEDGE/USD;307,65000000;321,40000000;301,15000000;320,15000000;3,9
2021-03-21T00:00:00+00:00;MIDHEDGE/USD;306,92500000;315,97500000;302,52500000;307,65000000;0,24
2021-03-20T00:00:00+00:00;MIDHEDGE/USD;309,42500000;311,75000000;297,82500000;306,92500000;-0,81
2021-03-19T00:00:00+00:00;MIDHEDGE/USD;314,82500000;322,05000000;303,12500000;309,42500000;-1,75
2021-03-18T00:00:00+00:00;MIDHEDGE/USD;316,05000000;316,82500000;305,30000000;314,82500000;-0,39
2021-03-17T00:00:00+00:00;MIDHEDGE/USD;323,20000000;332,05000000;314,35000000;316,05000000;-2,26
2021-03-16T00:00:00+00:00;MIDHEDGE/USD;332,65000000;344,25000000;323,10000000;323,20000000;-2,92
2021-03-15T00:00:00+00:00;MIDHEDGE/USD;329,85000000;345,10000000;320,85000000;332,65000000;0,84
2021-03-14T00:00:00+00:00;MIDHEDGE/USD;318,95000000;329,85000000;315,75000000;329,85000000;3,3
2021-03-13T00:00:00+00:00;MIDHEDGE/USD;337,65000000;343,35000000;315,00000000;318,95000000;-5,86
2021-03-12T00:00:00+00:00;MIDHEDGE/USD;321,35000000;341,25000000;319,50000000;337,65000000;4,83
2021-03-11T00:00:00+00:00;MIDHEDGE/USD;322,20000000;334,50000000;317,90000000;321,35000000;-0,26
2021-03-10T00:00:00+00:00;MIDHEDGE/USD;308,22500000;326,42500000;306,10000000;322,20000000;4,34
2021-03-09T00:00:00+00:00;MIDHEDGE/USD;319,20000000;323,95000000;308,22500000;308,22500000;-3,56
2021-03-08T00:00:00+00:00;MIDHEDGE/USD;328,65000000;335,15000000;318,80000000;319,20000000;-2,96
2021-03-07T00:00:00+00:00;MIDHEDGE/USD;342,10000000;343,80000000;325,95000000;328,65000000;-4,09
2021-03-06T00:00:00+00:00;MIDHEDGE/USD;347,65000000;360,90000000;338,10000000;342,10000000;-1,62
2021-03-05T00:00:00+00:00;MIDHEDGE/USD;346,35000000;362,95000000;342,40000000;347,65000000;0,37
2021-03-04T00:00:00+00:00;MIDHEDGE/USD;333,00000000;351,35000000;327,45000000;346,35000000;3,85
2021-03-03T00:00:00+00:00;MIDHEDGE/USD;348,40000000;352,15000000;326,15000000;333,00000000;-4,62
2021-03-02T00:00:00+00:00;MIDHEDGE/USD;351,60000000;358,40000000;335,35000000;348,40000000;-0,92
2021-03-01T00:00:00+00:00;MIDHEDGE/USD;383,45000000;385,00000000;351,05000000;351,60000000;-9,06
2021-02-28T00:00:00+00:00;MIDHEDGE/USD;366,25000000;403,85000000;364,00000000;383,45000000;4,49
2021-02-27T00:00:00+00:00;MIDHEDGE/USD;381,45000000;382,25000000;352,35000000;366,25000000;-4,15
2021-02-26T00:00:00+00:00;MIDHEDGE/USD;371,40000000;400,20000000;362,15000000;381,45000000;2,63
2021-02-25T00:00:00+00:00;MIDHEDGE/USD;355,25000000;373,55000000;342,75000000;371,40000000;4,35
2021-02-24T00:00:00+00:00;MIDHEDGE/USD;368,05000000;392,30000000;331,65000000;355,25000000;-3,6
2021-02-23T00:00:00+00:00;MIDHEDGE/USD;320,55000000;392,60000000;320,55000000;368,05000000;12,91
2021-02-22T00:00:00+00:00;MIDHEDGE/USD;306,28750000;358,97500000;302,05000000;320,55000000;4,45
2021-02-21T00:00:00+00:00;MIDHEDGE/USD;325,75000000;330,17500000;301,05000000;306,28750000;-6,35
2021-02-20T00:00:00+00:00;MIDHEDGE/USD;315,02500000;332,11250000;300,31250000;325,75000000;3,29
2021-02-19T00:00:00+00:00;MIDHEDGE/USD;338,45000000;347,00000000;314,76250000;315,02500000;-7,44
2021-02-18T00:00:00+00:00;MIDHEDGE/USD;356,35000000;356,35000000;338,25000000;338,45000000;-5,29
2021-02-17T00:00:00+00:00;MIDHEDGE/USD;363,25000000;379,75000000;353,20000000;356,35000000;-1,94
2021-02-16T00:00:00+00:00;MIDHEDGE/USD;364,05000000;371,70000000;349,50000000;363,25000000;-0,22
2021-02-15T00:00:00+00:00;MIDHEDGE/USD;354,65000000;399,80000000;347,05000000;364,05000000;2,58
2021-02-14T00:00:00+00:00;MIDHEDGE/USD;338,90000000;361,10000000;335,95000000;354,65000000;4,44
2021-02-13T00:00:00+00:00;MIDHEDGE/USD;351,70000000;370,90000000;337,30000000;338,90000000;-3,78
2021-02-12T00:00:00+00:00;MIDHEDGE/USD;379,05000000;382,15000000;348,50000000;351,70000000;-7,78
2021-02-11T00:00:00+00:00;MIDHEDGE/USD;405,95000000;405,95000000;375,80000000;379,05000000;-7,1
2021-02-10T00:00:00+00:00;MIDHEDGE/USD;428,90000000;431,40000000;395,95000000;405,95000000;-5,65
2021-02-09T00:00:00+00:00;MIDHEDGE/USD;446,60000000;453,75000000;424,75000000;428,90000000;-4,13
2021-02-08T00:00:00+00:00;MIDHEDGE/USD;469,85000000;477,15000000;443,10000000;446,60000000;-5,21
2021-02-07T00:00:00+00:00;MIDHEDGE/USD;492,10000000;514,45000000;466,45000000;469,85000000;-4,74
2021-02-06T00:00:00+00:00;MIDHEDGE/USD;490,75000000;519,50000000;485,70000000;492,10000000;0,27
2021-02-05T00:00:00+00:00;MIDHEDGE/USD;539,35000000;545,85000000;489,45000000;489,45000000;-10,2
2021-02-04T00:00:00+00:00;MIDHEDGE/USD;563,80000000;586,05000000;529,30000000;539,35000000;-4,53
2021-02-03T00:00:00+00:00;MIDHEDGE/USD;605,85000000;626,65000000;563,55000000;563,80000000;-7,46
2021-02-02T00:00:00+00:00;MIDHEDGE/USD;606,90000000;626,65000000;600,90000000;605,85000000;-0,17
2021-02-01T00:00:00+00:00;MIDHEDGE/USD;626,65000000;635,45000000;604,00000000;606,90000000;-3,25
2021-01-31T00:00:00+00:00;MIDHEDGE/USD;629,10000000;644,95000000;620,00000000;626,65000000;-0,39
2021-01-30T00:00:00+00:00;MIDHEDGE/USD;606,80000000;653,95000000;599,75000000;629,10000000;3,54
2021-01-29T00:00:00+00:00;MIDHEDGE/USD;659,80000000;659,80000000;571,65000000;606,80000000;-8,73
2021-01-28T00:00:00+00:00;MIDHEDGE/USD;774,60000000;789,30000000;659,05000000;659,80000000;-17,4
2021-01-27T00:00:00+00:00;MIDHEDGE/USD;736,40000000;816,20000000;735,00000000;774,60000000;4,93
2021-01-26T00:00:00+00:00;MIDHEDGE/USD;756,70000000;788,50000000;726,00000000;736,40000000;-2,76
2021-01-25T00:00:00+00:00;MIDHEDGE/USD;731,20000000;780,20000000;708,70000000;756,70000000;3,37
2021-01-24T00:00:00+00:00;MIDHEDGE/USD;763,80000000;772,90000000;725,30000000;731,20000000;-4,46
2021-01-23T00:00:00+00:00;MIDHEDGE/USD;781,70000000;815,00000000;750,30000000;763,80000000;-2,34
2021-01-22T00:00:00+00:00;MIDHEDGE/USD;835,30000000;883,10000000;754,80000000;780,10000000;-7,08
2021-01-21T00:00:00+00:00;MIDHEDGE/USD;744,00000000;840,40000000;741,30000000;835,30000000;10,93
2021-01-20T00:00:00+00:00;MIDHEDGE/USD;746,80000000;816,20000000;731,40000000;744,00000000;-0,38
2021-01-19T00:00:00+00:00;MIDHEDGE/USD;728,30000000;758,40000000;711,20000000;746,80000000;2,48
2021-01-18T00:00:00+00:00;MIDHEDGE/USD;760,90000000;812,90000000;726,60000000;728,30000000;-4,48
2021-01-17T00:00:00+00:00;MIDHEDGE/USD;778,30000000;812,00000000;746,00000000;760,90000000;-2,29
2021-01-16T00:00:00+00:00;MIDHEDGE/USD;808,50000000;816,20000000;739,10000000;778,30000000;-3,88
2021-01-15T00:00:00+00:00;MIDHEDGE/USD;795,30000000;824,30000000;777,80000000;808,50000000;1,63
2021-01-14T00:00:00+00:00;MIDHEDGE/USD;801,40000000;816,20000000;779,90000000;795,30000000;-0,77
2021-01-13T00:00:00+00:00;MIDHEDGE/USD;835,20000000;860,70000000;800,70000000;801,40000000;-4,22
2021-01-12T00:00:00+00:00;MIDHEDGE/USD;816,20000000;882,20000000;816,20000000;835,20000000;2,27
2021-01-11T00:00:00+00:00;MIDHEDGE/USD;792,40000000;894,30000000;791,10000000;816,20000000;2,92
2021-01-10T00:00:00+00:00;MIDHEDGE/USD;767,30000000;816,20000000;729,20000000;792,40000000;3,17
2021-01-09T00:00:00+00:00;MIDHEDGE/USD;878,80000000;878,80000000;767,30000000;767,30000000;-14,53
2021-01-08T00:00:00+00:00;MIDHEDGE/USD;854,30000000;941,70000000;833,80000000;878,80000000;2,79
2021-01-07T00:00:00+00:00;MIDHEDGE/USD;825,30000000;916,20000000;789,20000000;854,30000000;3,39
2021-01-06T00:00:00+00:00;MIDHEDGE/USD;969,70000000;991,20000000;817,90000000;825,30000000;-17,5
2021-01-05T00:00:00+00:00;MIDHEDGE/USD;1040,20000000;1089,90000000;960,10000000;969,70000000;-7,27
2021-01-04T00:00:00+00:00;MIDHEDGE/USD;1055,20000000;1287,20000000;967,90000000;1040,20000000;-1,44
2021-01-03T00:00:00+00:00;MIDHEDGE/USD;1109,20000000;1122,40000000;1041,30000000;1055,20000000;-5,12
2021-01-02T00:00:00+00:00;MIDHEDGE/USD;1096,50000000;1128,40000000;1062,40000000;1109,20000000;1,14
2021-01-01T00:00:00+00:00;MIDHEDGE/USD;1113,60000000;1125,00000000;1057,70000000;1096,50000000;-1,56
2020-12-31T00:00:00+00:00;MIDHEDGE/USD;1126,70000000;1210,60000000;1111,00000000;1113,60000000;-1,18
2020-12-30T00:00:00+00:00;MIDHEDGE/USD;1107,20000000;1190,20000000;1100,30000000;1126,70000000;1,73
2020-12-29T00:00:00+00:00;MIDHEDGE/USD;1089,70000000;1162,70000000;1079,40000000;1107,20000000;1,58
2020-12-28T00:00:00+00:00;MIDHEDGE/USD;1144,00000000;1151,30000000;1073,70000000;1089,70000000;-4,98
2020-12-27T00:00:00+00:00;MIDHEDGE/USD;1147,30000000;1214,50000000;1099,20000000;1144,00000000;-0,29
2020-12-26T00:00:00+00:00;MIDHEDGE/USD;1131,40000000;1163,70000000;1115,00000000;1147,30000000;1,39
2020-12-25T00:00:00+00:00;MIDHEDGE/USD;1130,30000000;1230,60000000;1083,20000000;1131,40000000;0,1
2020-12-24T00:00:00+00:00;MIDHEDGE/USD;1269,80000000;1299,80000000;1117,70000000;1130,30000000;-12,34
2020-12-23T00:00:00+00:00;MIDHEDGE/USD;1119,00000000;1474,50000000;1108,50000000;1269,80000000;11,88
2020-12-22T00:00:00+00:00;MIDHEDGE/USD;1145,90000000;1194,50000000;1111,20000000;1119,00000000;-2,4
2020-12-21T00:00:00+00:00;MIDHEDGE/USD;1094,80000000;1210,40000000;1066,40000000;1145,90000000;4,46
2020-12-20T00:00:00+00:00;MIDHEDGE/USD;1072,30000000;1135,70000000;1055,30000000;1094,80000000;2,06
2020-12-19T00:00:00+00:00;MIDHEDGE/USD;1067,00000000;1077,40000000;1042,10000000;1072,30000000;0,49
2020-12-18T00:00:00+00:00;MIDHEDGE/USD;1096,00000000;1125,00000000;1064,20000000;1067,00000000;-2,72
2020-12-17T00:00:00+00:00;MIDHEDGE/USD;1084,60000000;1128,20000000;1049,20000000;1096,00000000;1,04
2020-12-16T00:00:00+00:00;MIDHEDGE/USD;1151,40000000;1176,50000000;1082,90000000;1084,60000000;-6,16
2020-12-15T00:00:00+00:00;MIDHEDGE/USD;1148,60000000;1166,30000000;1130,80000000;1151,40000000;0,24
2020-12-14T00:00:00+00:00;MIDHEDGE/USD;1145,80000000;1175,30000000;1140,50000000;1148,60000000;0,24
2020-12-13T00:00:00+00:00;MIDHEDGE/USD;1183,00000000;1191,40000000;1136,20000000;1145,80000000;-3,25
2020-12-12T00:00:00+00:00;MIDHEDGE/USD;1249,40000000;1251,70000000;1170,50000000;1183,00000000;-5,61
2020-12-11T00:00:00+00:00;MIDHEDGE/USD;1226,80000000;1345,20000000;1223,50000000;1249,40000000;1,81
2020-12-10T00:00:00+00:00;MIDHEDGE/USD;1189,40000000;1344,90000000;1187,20000000;1226,80000000;3,05
2020-12-09T00:00:00+00:00;MIDHEDGE/USD;1220,10000000;1289,90000000;1182,80000000;1189,40000000;-2,58
2020-12-08T00:00:00+00:00;MIDHEDGE/USD;1146,50000000;1265,60000000;1139,70000000;1220,10000000;6,03
2020-12-07T00:00:00+00:00;MIDHEDGE/USD;1138,40000000;1163,40000000;1130,40000000;1146,50000000;0,71
2020-12-06T00:00:00+00:00;MIDHEDGE/USD;1129,30000000;1189,20000000;1119,00000000;1138,40000000;0,8
2020-12-05T00:00:00+00:00;MIDHEDGE/USD;1189,90000000;1201,40000000;1128,90000000;1129,30000000;-5,37
2020-12-04T00:00:00+00:00;MIDHEDGE/USD;1124,60000000;1202,20000000;1103,00000000;1186,90000000;5,25
2020-12-03T00:00:00+00:00;MIDHEDGE/USD;1142,90000000;1158,70000000;1115,00000000;1124,60000000;-1,63
2020-12-02T00:00:00+00:00;MIDHEDGE/USD;1208,40000000;1228,10000000;1136,00000000;1142,90000000;-5,73
2020-12-01T00:00:00+00:00;MIDHEDGE/USD;1130,90000000;1260,00000000;1108,10000000;1208,40000000;6,41
2020-11-30T00:00:00+00:00;MIDHEDGE/USD;1191,10000000;1207,10000000;1126,00000000;1130,90000000;-5,32
2020-11-29T00:00:00+00:00;MIDHEDGE/USD;1201,80000000;1232,40000000;1181,00000000;1191,10000000;-0,9
2020-11-28T00:00:00+00:00;MIDHEDGE/USD;1248,00000000;1277,20000000;1162,80000000;1201,80000000;-3,84
2020-11-27T00:00:00+00:00;MIDHEDGE/USD;1295,70000000;1322,80000000;1242,00000000;1248,00000000;-3,82
2020-11-26T00:00:00+00:00;MIDHEDGE/USD;1141,00000000;1383,00000000;1121,20000000;1295,70000000;11,94
2020-11-25T00:00:00+00:00;MIDHEDGE/USD;1105,70000000;1161,20000000;1049,30000000;1141,00000000;3,09
2020-11-24T00:00:00+00:00;MIDHEDGE/USD;1204,40000000;1277,80000000;1084,80000000;1105,70000000;-8,93
2020-11-23T00:00:00+00:00;MIDHEDGE/USD;1317,10000000;1343,70000000;1203,00000000;1204,40000000;-9,36
2020-11-22T00:00:00+00:00;MIDHEDGE/USD;1263,90000000;1377,30000000;1246,30000000;1317,10000000;4,04
2020-11-21T00:00:00+00:00;MIDHEDGE/USD;1386,90000000;1389,70000000;1260,60000000;1263,90000000;-9,73
2020-11-20T00:00:00+00:00;MIDHEDGE/USD;1441,80000000;1444,90000000;1367,80000000;1386,90000000;-3,96
2020-11-19T00:00:00+00:00;MIDHEDGE/USD;1446,90000000;1490,10000000;1418,60000000;1441,80000000;-0,35
2020-11-18T00:00:00+00:00;MIDHEDGE/USD;1417,10000000;1534,60000000;1405,00000000;1446,90000000;2,06
2020-11-17T00:00:00+00:00;MIDHEDGE/USD;1490,90000000;1495,30000000;1414,70000000;1417,10000000;-5,21
2020-11-16T00:00:00+00:00;MIDHEDGE/USD;1531,60000000;1540,80000000;1473,90000000;1490,90000000;-2,73
2020-11-15T00:00:00+00:00;MIDHEDGE/USD;1502,30000000;1556,00000000;1482,00000000;1531,60000000;1,91
2020-11-14T00:00:00+00:00;MIDHEDGE/USD;1482,70000000;1542,70000000;1481,10000000;1502,30000000;1,3
2020-11-13T00:00:00+00:00;MIDHEDGE/USD;1548,30000000;1555,50000000;1482,70000000;1482,70000000;-4,42
2020-11-12T00:00:00+00:00;MIDHEDGE/USD;1543,00000000;1575,90000000;1510,40000000;1548,30000000;0,34
2020-11-11T00:00:00+00:00;MIDHEDGE/USD;1532,30000000;1560,40000000;1500,60000000;1543,00000000;0,69
2020-11-10T00:00:00+00:00;MIDHEDGE/USD;1574,50000000;1586,00000000;1516,40000000;1532,30000000;-2,75
2020-11-09T00:00:00+00:00;MIDHEDGE/USD;1545,60000000;1626,00000000;1527,50000000;1574,50000000;1,84
2020-11-08T00:00:00+00:00;MIDHEDGE/USD;1628,75000000;1756,25000000;1532,50000000;1545,60000000;-5,38
2020-11-07T00:00:00+00:00;MIDHEDGE/USD;1569,20000000;1687,50000000;1496,30000000;1628,75000000;3,66
2020-11-06T00:00:00+00:00;MIDHEDGE/USD;1687,00000000;1704,25000000;1568,20000000;1569,20000000;-7,51
2020-11-05T00:00:00+00:00;MIDHEDGE/USD;1756,25000000;1777,50000000;1672,50000000;1687,00000000;-4,1
2020-11-04T00:00:00+00:00;MIDHEDGE/USD;1732,37500000;1797,87500000;1730,75000000;1756,25000000;1,36
2020-11-03T00:00:00+00:00;MIDHEDGE/USD;1705,37500000;1777,62500000;1697,50000000;1733,00000000;1,59
2020-11-02T00:00:00+00:00;MIDHEDGE/USD;1643,75000000;1714,62500000;1619,25000000;1705,37500000;3,61
2020-11-01T00:00:00+00:00;MIDHEDGE/USD;1664,00000000;1677,25000000;1640,50000000;1643,75000000;-1,23
2020-10-31T00:00:00+00:00;MIDHEDGE/USD;1675,25000000;1688,87500000;1635,00000000;1664,00000000;-0,68
2020-10-30T00:00:00+00:00;MIDHEDGE/USD;1647,00000000;1725,75000000;1629,87500000;1675,25000000;1,69
2020-10-29T00:00:00+00:00;MIDHEDGE/USD;1615,00000000;1663,12500000;1597,87500000;1647,00000000;1,94
2020-10-28T00:00:00+00:00;MIDHEDGE/USD;1543,00000000;1639,75000000;1527,90000000;1615,00000000;4,46
2020-10-27T00:00:00+00:00;MIDHEDGE/USD;1556,35000000;1559,15000000;1515,25000000;1543,00000000;-0,87
2020-10-26T00:00:00+00:00;MIDHEDGE/USD;1524,20000000;1584,75000000;1500,90000000;1556,35000000;2,07
2020-10-25T00:00:00+00:00;MIDHEDGE/USD;1503,85000000;1533,00000000;1486,10000000;1524,20000000;1,34
2020-10-24T00:00:00+00:00;MIDHEDGE/USD;1524,65000000;1531,95000000;1494,85000000;1503,85000000;-1,38
2020-10-23T00:00:00+00:00;MIDHEDGE/USD;1510,05000000;1558,85000000;1502,20000000;1524,65000000;0,96
2020-10-22T00:00:00+00:00;MIDHEDGE/USD;1557,00000000;1558,80000000;1485,10000000;1510,05000000;-3,11
2020-10-21T00:00:00+00:00;MIDHEDGE/USD;1626,75000000;1629,00000000;1508,50000000;1557,00000000;-4,48
2020-10-20T00:00:00+00:00;MIDHEDGE/USD;1553,50000000;1627,30000000;1545,30000000;1626,75000000;4,5
2020-10-19T00:00:00+00:00;MIDHEDGE/USD;1551,30000000;1580,10000000;1530,60000000;1553,50000000;0,14
2020-10-18T00:00:00+00:00;MIDHEDGE/USD;1573,50000000;1576,10000000;1546,60000000;1551,30000000;-1,43
2020-10-17T00:00:00+00:00;MIDHEDGE/USD;1574,90000000;1591,70000000;1533,70000000;1573,50000000;-0,09
2020-10-16T00:00:00+00:00;MIDHEDGE/USD;1527,00000000;1600,50000000;1518,80000000;1574,90000000;3,04
2020-10-15T00:00:00+00:00;MIDHEDGE/USD;1516,00000000;1554,00000000;1484,50000000;1527,00000000;0,72
2020-10-14T00:00:00+00:00;MIDHEDGE/USD;1484,50000000;1532,50000000;1474,60000000;1516,00000000;2,08
2020-10-13T00:00:00+00:00;MIDHEDGE/USD;1467,60000000;1500,10000000;1455,70000000;1484,50000000;1,14
2020-10-12T00:00:00+00:00;MIDHEDGE/USD;1485,30000000;1503,30000000;1432,90000000;1467,60000000;-1,21
2020-10-11T00:00:00+00:00;MIDHEDGE/USD;1519,30000000;1527,20000000;1480,10000000;1485,30000000;-2,29
2020-10-10T00:00:00+00:00;MIDHEDGE/USD;1530,80000000;1531,40000000;1484,50000000;1519,30000000;-0,76
2020-10-09T00:00:00+00:00;MIDHEDGE/USD;1583,75000000;1602,25000000;1521,50000000;1530,80000000;-3,46
2020-10-08T00:00:00+00:00;MIDHEDGE/USD;1622,00000000;1667,00000000;1573,75000000;1583,75000000;-2,42
2020-10-07T00:00:00+00:00;MIDHEDGE/USD;1640,25000000;1676,00000000;1612,75000000;1622,00000000;-1,13
2020-10-06T00:00:00+00:00;MIDHEDGE/USD;1568,30000000;1648,50000000;1556,20000000;1640,25000000;4,39
2020-10-05T00:00:00+00:00;MIDHEDGE/USD;1587,75000000;1602,75000000;1561,75000000;1568,30000000;-1,24
2020-10-04T00:00:00+00:00;MIDHEDGE/USD;1615,50000000;1633,25000000;1584,00000000;1587,75000000;-1,75
2020-10-03T00:00:00+00:00;MIDHEDGE/USD;1618,25000000;1624,50000000;1538,00000000;1615,50000000;-0,17
2020-10-02T00:00:00+00:00;MIDHEDGE/USD;1577,75000000;1666,00000000;1556,75000000;1618,25000000;2,5
2020-10-01T00:00:00+00:00;MIDHEDGE/USD;1545,60000000;1598,10000000;1484,50000000;1577,75000000;2,04
2020-09-30T00:00:00+00:00;MIDHEDGE/USD;1547,00000000;1585,80000000;1539,50000000;1545,60000000;-0,09
2020-09-29T00:00:00+00:00;MIDHEDGE/USD;1564,20000000;1599,30000000;1528,70000000;1547,00000000;-1,11
2020-09-28T00:00:00+00:00;MIDHEDGE/USD;1546,40000000;1569,10000000;1502,50000000;1564,20000000;1,14
2020-09-27T00:00:00+00:00;MIDHEDGE/USD;1564,70000000;1596,10000000;1522,90000000;1546,40000000;-1,18
2020-09-26T00:00:00+00:00;MIDHEDGE/USD;1564,00000000;1586,30000000;1524,40000000;1564,70000000;0,04
2020-09-25T00:00:00+00:00;MIDHEDGE/USD;1637,50000000;1656,75000000;1484,50000000;1564,00000000;-4,7
2020-09-24T00:00:00+00:00;MIDHEDGE/USD;1792,25000000;1803,00000000;1616,00000000;1637,50000000;-9,45
2020-09-23T00:00:00+00:00;MIDHEDGE/USD;1706,75000000;1806,75000000;1691,75000000;1792,25000000;4,77
2020-09-22T00:00:00+00:00;MIDHEDGE/USD;1741,50000000;1754,25000000;1695,50000000;1706,75000000;-2,04
2020-09-21T00:00:00+00:00;MIDHEDGE/USD;1611,25000000;1762,25000000;1588,00000000;1741,50000000;7,48
2020-09-20T00:00:00+00:00;MIDHEDGE/USD;1570,10000000;1631,90000000;1546,50000000;1611,25000000;2,55
2020-09-19T00:00:00+00:00;MIDHEDGE/USD;1574,00000000;1586,20000000;1521,70000000;1570,10000000;-0,25
2020-09-18T00:00:00+00:00;MIDHEDGE/USD;1556,80000000;1587,90000000;1532,90000000;1574,00000000;1,09
2020-09-17T00:00:00+00:00;MIDHEDGE/USD;1591,00000000;1608,50000000;1548,75000000;1556,80000000;-2,2
2020-09-16T00:00:00+00:00;MIDHEDGE/USD;1586,00000000;1625,00000000;1531,00000000;1591,00000000;0,31
2020-09-15T00:00:00+00:00;MIDHEDGE/USD;1525,30000000;1592,80000000;1506,80000000;1586,00000000;3,83
2020-09-14T00:00:00+00:00;MIDHEDGE/USD;1553,20000000;1577,80000000;1504,80000000;1525,30000000;-1,83
2020-09-13T00:00:00+00:00;MIDHEDGE/USD;1512,10000000;1582,50000000;1487,50000000;1553,20000000;2,65
2020-09-12T00:00:00+00:00;MIDHEDGE/USD;1538,90000000;1560,50000000;1509,20000000;1512,10000000;-1,77
2020-09-11T00:00:00+00:00;MIDHEDGE/USD;1564,90000000;1609,70000000;1530,10000000;1538,90000000;-1,69
2020-09-10T00:00:00+00:00;MIDHEDGE/USD;1599,50000000;1601,00000000;1526,60000000;1564,90000000;-2,21
2020-09-09T00:00:00+00:00;MIDHEDGE/USD;1636,25000000;1667,75000000;1564,00000000;1599,50000000;-2,3
2020-09-08T00:00:00+00:00;MIDHEDGE/USD;1611,50000000;1688,25000000;1571,00000000;1636,25000000;1,51
2020-09-07T00:00:00+00:00;MIDHEDGE/USD;1621,25000000;1739,75000000;1569,25000000;1611,50000000;-0,61
2020-09-06T00:00:00+00:00;MIDHEDGE/USD;1741,00000000;1810,25000000;1594,00000000;1621,25000000;-7,39
2020-09-05T00:00:00+00:00;MIDHEDGE/USD;1594,75000000;1816,00000000;1560,00000000;1741,00000000;8,4
2020-09-04T00:00:00+00:00;MIDHEDGE/USD;1649,25000000;1678,25000000;1550,25000000;1594,75000000;-3,42
2020-09-03T00:00:00+00:00;MIDHEDGE/USD;1450,10000000;1664,00000000;1435,10000000;1649,25000000;12,08
2020-09-02T00:00:00+00:00;MIDHEDGE/USD;1375,90000000;1484,50000000;1363,80000000;1450,10000000;5,12
2020-09-01T00:00:00+00:00;MIDHEDGE/USD;1425,90000000;1454,10000000;1355,40000000;1379,90000000;-3,33
2020-08-31T00:00:00+00:00;MIDHEDGE/USD;1420,10000000;1449,50000000;1392,60000000;1425,90000000;0,41
2020-08-30T00:00:00+00:00;MIDHEDGE/USD;1436,40000000;1442,40000000;1396,00000000;1420,10000000;-1,15
2020-08-29T00:00:00+00:00;MIDHEDGE/USD;1493,80000000;1504,70000000;1427,80000000;1436,40000000;-4,0
2020-08-28T00:00:00+00:00;MIDHEDGE/USD;1544,60000000;1561,10000000;1484,50000000;1493,80000000;-3,4
2020-08-27T00:00:00+00:00;MIDHEDGE/USD;1491,00000000;1589,70000000;1484,50000000;1544,60000000;3,47
2020-08-26T00:00:00+00:00;MIDHEDGE/USD;1518,00000000;1533,40000000;1474,60000000;1491,00000000;-1,81
2020-08-25T00:00:00+00:00;MIDHEDGE/USD;1452,40000000;1563,60000000;1449,50000000;1518,00000000;4,32
2020-08-24T00:00:00+00:00;MIDHEDGE/USD;1465,60000000;1482,00000000;1424,70000000;1452,40000000;-0,91
2020-08-23T00:00:00+00:00;MIDHEDGE/USD;1461,30000000;1503,20000000;1455,40000000;1465,60000000;0,29
2020-08-22T00:00:00+00:00;MIDHEDGE/USD;1544,50000000;1572,30000000;1452,80000000;1461,30000000;-5,69
2020-08-21T00:00:00+00:00;MIDHEDGE/USD;1445,00000000;1546,70000000;1427,10000000;1544,50000000;6,44
2020-08-20T00:00:00+00:00;MIDHEDGE/USD;1497,70000000;1508,20000000;1443,70000000;1445,00000000;-3,65
2020-08-19T00:00:00+00:00;MIDHEDGE/USD;1457,40000000;1530,60000000;1437,60000000;1497,70000000;2,69
2020-08-18T00:00:00+00:00;MIDHEDGE/USD;1409,30000000;1484,50000000;1374,80000000;1457,40000000;3,3
2020-08-17T00:00:00+00:00;MIDHEDGE/USD;1387,30000000;1433,20000000;1349,60000000;1409,30000000;1,56
2020-08-16T00:00:00+00:00;MIDHEDGE/USD;1415,00000000;1458,80000000;1383,10000000;1387,30000000;-2,0
2020-08-15T00:00:00+00:00;MIDHEDGE/USD;1450,80000000;1484,50000000;1392,80000000;1415,00000000;-2,53
2020-08-14T00:00:00+00:00;MIDHEDGE/USD;1468,00000000;1484,50000000;1437,70000000;1450,80000000;-1,19
2020-08-13T00:00:00+00:00;MIDHEDGE/USD;1495,80000000;1552,70000000;1459,70000000;1468,00000000;-1,89
2020-08-12T00:00:00+00:00;MIDHEDGE/USD;1594,75000000;1641,50000000;1495,10000000;1495,80000000;-6,62
2020-08-11T00:00:00+00:00;MIDHEDGE/USD;1514,80000000;1629,80000000;1509,60000000;1594,75000000;5,01
2020-08-10T00:00:00+00:00;MIDHEDGE/USD;1543,30000000;1619,40000000;1514,60000000;1514,80000000;-1,88
2020-08-09T00:00:00+00:00;MIDHEDGE/USD;1577,10000000;1594,75000000;1530,75000000;1543,30000000;-2,19
2020-08-08T00:00:00+00:00;MIDHEDGE/USD;1686,75000000;1699,00000000;1577,10000000;1577,10000000;-6,95
2020-08-07T00:00:00+00:00;MIDHEDGE/USD;1647,50000000;1746,00000000;1631,50000000;1686,75000000;2,33
2020-08-06T00:00:00+00:00;MIDHEDGE/USD;1679,25000000;1704,75000000;1640,00000000;1647,50000000;-1,93
2020-08-05T00:00:00+00:00;MIDHEDGE/USD;1687,25000000;1738,50000000;1668,50000000;1679,25000000;-0,48
2020-08-04T00:00:00+00:00;MIDHEDGE/USD;1733,00000000;1741,75000000;1675,50000000;1687,25000000;-2,71
2020-08-03T00:00:00+00:00;MIDHEDGE/USD;1793,50000000;1819,25000000;1716,25000000;1733,00000000;-3,49
2020-08-02T00:00:00+00:00;MIDHEDGE/USD;1681,50000000;1945,00000000;1634,75000000;1793,50000000;6,24
2020-08-01T00:00:00+00:00;MIDHEDGE/USD;1794,00000000;1839,50000000;1673,25000000;1681,50000000;-6,69
2020-07-31T00:00:00+00:00;MIDHEDGE/USD;1813,75000000;1830,50000000;1789,25000000;1794,00000000;-1,1
2020-07-30T00:00:00+00:00;MIDHEDGE/USD;1839,00000000;1864,00000000;1798,75000000;1813,75000000;-1,39
2020-07-29T00:00:00+00:00;MIDHEDGE/USD;1809,00000000;1851,50000000;1783,75000000;1839,00000000;1,63
2020-07-28T00:00:00+00:00;MIDHEDGE/USD;1840,00000000;1877,75000000;1793,00000000;1809,00000000;-1,71
2020-07-27T00:00:00+00:00;MIDHEDGE/USD;1807,75000000;1933,50000000;1795,25000000;1840,00000000;1,75
2020-07-26T00:00:00+00:00;MIDHEDGE/USD;1809,75000000;1852,00000000;1731,50000000;1807,75000000;-0,11
2020-07-25T00:00:00+00:00;MIDHEDGE/USD;1918,25000000;1920,50000000;1809,75000000;1809,75000000;-6,0
2020-07-24T00:00:00+00:00;MIDHEDGE/USD;1874,25000000;2011,50000000;1873,75000000;1918,25000000;2,29
2020-07-23T00:00:00+00:00;MIDHEDGE/USD;1892,75000000;1908,00000000;1855,25000000;1874,25000000;-0,99
2020-07-22T00:00:00+00:00;MIDHEDGE/USD;1932,50000000;1976,25000000;1891,50000000;1892,75000000;-2,1
2020-07-21T00:00:00+00:00;MIDHEDGE/USD;2001,25000000;2005,00000000;1921,75000000;1932,50000000;-3,56
2020-07-20T00:00:00+00:00;MIDHEDGE/USD;1925,50000000;2007,75000000;1922,25000000;2001,25000000;3,79
2020-07-19T00:00:00+00:00;MIDHEDGE/USD;1932,50000000;1965,75000000;1917,25000000;1925,50000000;-0,36
2020-07-18T00:00:00+00:00;MIDHEDGE/USD;1932,00000000;1990,50000000;1913,75000000;1932,50000000;0,03
2020-07-17T00:00:00+00:00;MIDHEDGE/USD;1942,50000000;1978,50000000;1908,25000000;1932,00000000;-0,54
2020-07-16T00:00:00+00:00;MIDHEDGE/USD;1918,25000000;2019,50000000;1895,50000000;1942,50000000;1,25
2020-07-15T00:00:00+00:00;MIDHEDGE/USD;1945,00000000;2007,50000000;1915,75000000;1918,25000000;-1,39
2020-07-14T00:00:00+00:00;MIDHEDGE/USD;2009,00000000;2178,50000000;1933,75000000;1945,00000000;-3,29
2020-07-13T00:00:00+00:00;MIDHEDGE/USD;1980,50000000;2039,25000000;1912,00000000;2009,00000000;1,42
2020-07-12T00:00:00+00:00;MIDHEDGE/USD;2016,50000000;2089,00000000;1979,75000000;1980,50000000;-1,82
2020-07-11T00:00:00+00:00;MIDHEDGE/USD;2070,50000000;2104,00000000;2008,00000000;2016,50000000;-2,68
2020-07-10T00:00:00+00:00;MIDHEDGE/USD;2038,75000000;2173,25000000;2038,75000000;2070,50000000;1,53
2020-07-09T00:00:00+00:00;MIDHEDGE/USD;2008,00000000;2113,25000000;1996,50000000;2038,75000000;1,51
2020-07-08T00:00:00+00:00;MIDHEDGE/USD;2177,00000000;2198,25000000;2008,00000000;2008,00000000;-8,42
2020-07-07T00:00:00+00:00;MIDHEDGE/USD;2248,00000000;2260,50000000;2177,00000000;2177,00000000;-3,26
2020-07-06T00:00:00+00:00;MIDHEDGE/USD;2391,00000000;2394,25000000;2236,25000000;2248,00000000;-6,36
2020-07-05T00:00:00+00:00;MIDHEDGE/USD;2388,50000000;2457,00000000;2379,50000000;2391,00000000;0,1
2020-07-04T00:00:00+00:00;MIDHEDGE/USD;2452,25000000;2475,50000000;2380,25000000;2388,50000000;-2,67
2020-07-03T00:00:00+00:00;MIDHEDGE/USD;2456,00000000;2499,00000000;2408,50000000;2452,25000000;-0,15
2020-07-02T00:00:00+00:00;MIDHEDGE/USD;2425,75000000;2511,50000000;2404,75000000;2456,00000000;1,23
2020-07-01T00:00:00+00:00;MIDHEDGE/USD;2512,00000000;2552,25000000;2421,25000000;2426,75000000;-3,51
2020-06-30T00:00:00+00:00;MIDHEDGE/USD;2503,75000000;2568,50000000;2490,00000000;2512,00000000;0,33
2020-06-29T00:00:00+00:00;MIDHEDGE/USD;2568,75000000;2579,25000000;2490,50000000;2503,75000000;-2,6
2020-06-28T00:00:00+00:00;MIDHEDGE/USD;2633,50000000;2669,50000000;2538,00000000;2568,75000000;-2,52
2020-06-27T00:00:00+00:00;MIDHEDGE/USD;2529,00000000;2692,00000000;2522,75000000;2633,50000000;3,97
2020-06-26T00:00:00+00:00;MIDHEDGE/USD;2503,25000000;2980,75000000;2490,25000000;2529,00000000;1,02
2020-06-25T00:00:00+00:00;MIDHEDGE/USD;2496,75000000;2981,25000000;2485,75000000;2503,25000000;0,26
2020-06-24T00:00:00+00:00;MIDHEDGE/USD;2435,75000000;2542,75000000;2383,00000000;2496,75000000;2,44
2020-06-23T00:00:00+00:00;MIDHEDGE/USD;2460,75000000;2490,25000000;2413,25000000;2435,75000000;-1,03
2020-06-22T00:00:00+00:00;MIDHEDGE/USD;2595,00000000;3040,50000000;2435,25000000;2460,75000000;-5,46
2020-06-21T00:00:00+00:00;MIDHEDGE/USD;2581,50000000;2616,00000000;2562,25000000;2595,00000000;0,52
2020-06-20T00:00:00+00:00;MIDHEDGE/USD;2587,00000000;2643,00000000;2574,50000000;2581,50000000;-0,21
2020-06-19T00:00:00+00:00;MIDHEDGE/USD;2560,25000000;3088,50000000;2556,50000000;2587,00000000;1,03
2020-06-18T00:00:00+00:00;MIDHEDGE/USD;2533,50000000;2596,00000000;2524,50000000;2560,25000000;1,04
2020-06-17T00:00:00+00:00;MIDHEDGE/USD;2565,75000000;2634,75000000;2511,00000000;2533,50000000;-1,27
2020-06-16T00:00:00+00:00;MIDHEDGE/USD;2589,50000000;2616,75000000;2556,00000000;2565,75000000;-0,93
2020-06-15T00:00:00+00:00;MIDHEDGE/USD;2589,00000000;2756,00000000;2567,50000000;2589,50000000;0,02
2020-06-14T00:00:00+00:00;MIDHEDGE/USD;2506,50000000;2611,00000000;2504,75000000;2589,00000000;3,19
2020-06-13T00:00:00+00:00;MIDHEDGE/USD;2523,00000000;2557,25000000;2502,75000000;2506,50000000;-0,66
2020-06-12T00:00:00+00:00;MIDHEDGE/USD;2610,25000000;2625,75000000;2481,00000000;2523,00000000;-3,46
2020-06-11T00:00:00+00:00;MIDHEDGE/USD;2404,75000000;2653,00000000;2381,50000000;2610,25000000;7,87
2020-06-10T00:00:00+00:00;MIDHEDGE/USD;2414,25000000;2542,25000000;2394,25000000;2404,75000000;-0,4
2020-06-09T00:00:00+00:00;MIDHEDGE/USD;2413,50000000;2480,50000000;2395,75000000;2414,25000000;0,03
2020-06-08T00:00:00+00:00;MIDHEDGE/USD;2442,25000000;3118,50000000;2408,50000000;2413,50000000;-1,19
2020-06-07T00:00:00+00:00;MIDHEDGE/USD;2440,50000000;2527,25000000;2407,50000000;2442,25000000;0,07
2020-06-06T00:00:00+00:00;MIDHEDGE/USD;2469,00000000;2493,50000000;2427,75000000;2440,50000000;-1,17
2020-06-05T00:00:00+00:00;MIDHEDGE/USD;2443,50000000;3077,50000000;2405,75000000;2469,00000000;1,03
2020-06-04T00:00:00+00:00;MIDHEDGE/USD;2456,00000000;2633,50000000;2414,25000000;2443,50000000;-0,51
2020-06-03T00:00:00+00:00;MIDHEDGE/USD;2543,50000000;2577,00000000;2446,00000000;2456,00000000;-3,56
2020-06-02T00:00:00+00:00;MIDHEDGE/USD;2489,25000000;2671,00000000;2423,25000000;2543,50000000;2,13
2020-06-01T00:00:00+00:00;MIDHEDGE/USD;2673,00000000;2682,00000000;2432,75000000;2489,25000000;-7,38
2020-05-31T00:00:00+00:00;MIDHEDGE/USD;2590,75000000;2691,50000000;2518,00000000;2673,00000000;3,08
2020-05-30T00:00:00+00:00;MIDHEDGE/USD;2772,00000000;2799,25000000;2565,75000000;2590,75000000;-7,0
2020-05-29T00:00:00+00:00;MIDHEDGE/USD;2759,75000000;2811,75000000;2732,50000000;2772,00000000;0,44
2020-05-28T00:00:00+00:00;MIDHEDGE/USD;2898,00000000;2930,00000000;2738,25000000;2759,75000000;-5,01
2020-05-27T00:00:00+00:00;MIDHEDGE/USD;2937,75000000;2953,75000000;2854,00000000;2898,00000000;-1,37
2020-05-26T00:00:00+00:00;MIDHEDGE/USD;2912,25000000;2999,50000000;2898,50000000;2937,75000000;0,87
2020-05-25T00:00:00+00:00;MIDHEDGE/USD;3012,50000000;3046,00000000;2896,25000000;2912,25000000;-3,44
2020-05-24T00:00:00+00:00;MIDHEDGE/USD;2902,75000000;3032,00000000;2852,00000000;3013,50000000;3,68
2020-05-23T00:00:00+00:00;MIDHEDGE/USD;2882,75000000;2941,50000000;2841,25000000;2902,75000000;0,69
2020-05-22T00:00:00+00:00;MIDHEDGE/USD;3025,50000000;3069,75000000;2855,00000000;2882,75000000;-4,95
2020-05-21T00:00:00+00:00;MIDHEDGE/USD;2877,50000000;3103,50000000;2849,50000000;3025,50000000;4,89
2020-05-20T00:00:00+00:00;MIDHEDGE/USD;2869,25000000;2979,75000000;2833,00000000;2877,50000000;0,29
2020-05-19T00:00:00+00:00;MIDHEDGE/USD;2894,25000000;2978,50000000;2864,75000000;2869,25000000;-0,87
2020-05-18T00:00:00+00:00;MIDHEDGE/USD;2961,25000000;2971,00000000;2853,75000000;2894,25000000;-2,31
2020-05-17T00:00:00+00:00;MIDHEDGE/USD;2983,75000000;3001,75000000;2895,00000000;2961,25000000;-0,76
2020-05-16T00:00:00+00:00;MIDHEDGE/USD;3044,25000000;3101,75000000;2967,00000000;2983,75000000;-2,03
2020-05-15T00:00:00+00:00;MIDHEDGE/USD;2973,50000000;3097,00000000;2959,00000000;3044,25000000;2,32
2020-05-14T00:00:00+00:00;MIDHEDGE/USD;2995,50000000;3062,00000000;2933,00000000;2973,50000000;-0,74
2020-05-13T00:00:00+00:00;MIDHEDGE/USD;3065,00000000;3093,25000000;2959,50000000;2995,50000000;-2,32
2020-05-12T00:00:00+00:00;MIDHEDGE/USD;3198,50000000;4125,00000000;3016,00000000;3065,00000000;-4,36
2020-05-11T00:00:00+00:00;MIDHEDGE/USD;3133,50000000;3356,50000000;3057,25000000;3198,50000000;2,03
2020-05-10T00:00:00+00:00;MIDHEDGE/USD;2896,75000000;3381,00000000;2889,25000000;3133,50000000;7,56
2020-05-09T00:00:00+00:00;MIDHEDGE/USD;2866,25000000;2938,00000000;2807,00000000;2896,75000000;1,05
2020-05-08T00:00:00+00:00;MIDHEDGE/USD;2927,50000000;2969,75000000;2829,75000000;2866,25000000;-2,14
2020-05-07T00:00:00+00:00;MIDHEDGE/USD;3069,50000000;3662,00000000;2892,50000000;2927,50000000;-4,85
2020-05-06T00:00:00+00:00;MIDHEDGE/USD;2989,00000000;3094,75000000;2928,75000000;3069,50000000;2,62
2020-05-05T00:00:00+00:00;MIDHEDGE/USD;2975,00000000;3152,75000000;2912,50000000;2989,00000000;0,47
2020-05-04T00:00:00+00:00;MIDHEDGE/USD;2968,25000000;3233,75000000;2946,25000000;2975,00000000;0,23
2020-05-03T00:00:00+00:00;MIDHEDGE/USD;2885,50000000;3013,00000000;2836,00000000;2968,25000000;2,79
2020-05-02T00:00:00+00:00;MIDHEDGE/USD;2953,75000000;3052,25000000;2875,00000000;2885,50000000;-2,37
2020-05-01T00:00:00+00:00;MIDHEDGE/USD;3032,00000000;3077,75000000;2862,50000000;2953,75000000;-2,65
2020-04-30T00:00:00+00:00;MIDHEDGE/USD;2889,25000000;3084,25000000;2767,00000000;3032,00000000;4,71
2020-04-29T00:00:00+00:00;MIDHEDGE/USD;3090,75000000;3096,75000000;2848,75000000;2889,25000000;-6,97
2020-04-28T00:00:00+00:00;MIDHEDGE/USD;3107,50000000;3396,25000000;3058,50000000;3090,25000000;-0,56
2020-04-27T00:00:00+00:00;MIDHEDGE/USD;3109,50000000;3218,50000000;3082,50000000;3107,50000000;-0,06
2020-04-26T00:00:00+00:00;MIDHEDGE/USD;3167,50000000;3213,50000000;3094,50000000;3109,50000000;-1,87
2020-04-25T00:00:00+00:00;MIDHEDGE/USD;3217,50000000;3347,00000000;3075,00000000;3167,50000000;-1,58
2020-04-24T00:00:00+00:00;MIDHEDGE/USD;3288,50000000;3390,50000000;3163,50000000;3217,50000000;-2,21
2020-04-23T00:00:00+00:00;MIDHEDGE/USD;3439,00000000;3478,50000000;3181,00000000;3288,50000000;-4,58
2020-04-22T00:00:00+00:00;MIDHEDGE/USD;3628,00000000;3650,00000000;3412,50000000;3439,00000000;-5,5
2020-04-21T00:00:00+00:00;MIDHEDGE/USD;3646,50000000;3691,00000000;3584,00000000;3628,00000000;-0,51
2020-04-20T00:00:00+00:00;MIDHEDGE/USD;3504,00000000;3694,00000000;3410,50000000;3646,50000000;3,91
2020-04-19T00:00:00+00:00;MIDHEDGE/USD;3420,00000000;3547,00000000;3403,00000000;3504,00000000;2,4
2020-04-18T00:00:00+00:00;MIDHEDGE/USD;3599,50000000;3608,50000000;3385,00000000;3420,00000000;-5,25
2020-04-17T00:00:00+00:00;MIDHEDGE/USD;3561,00000000;3786,00000000;3539,50000000;3599,50000000;1,07
2020-04-16T00:00:00+00:00;MIDHEDGE/USD;3861,00000000;3967,00000000;3502,00000000;3561,00000000;-8,42
2020-04-15T00:00:00+00:00;MIDHEDGE/USD;3757,00000000;3869,00000000;3693,50000000;3861,00000000;2,69
2020-04-14T00:00:00+00:00;MIDHEDGE/USD;3763,50000000;4125,00000000;3682,50000000;3757,00000000;-0,17
2020-04-13T00:00:00+00:00;MIDHEDGE/USD;3733,50000000;4125,00000000;3733,50000000;3763,50000000;0,8
2020-04-12T00:00:00+00:00;MIDHEDGE/USD;3753,00000000;3820,00000000;3572,00000000;3733,50000000;-0,52
2020-04-11T00:00:00+00:00;MIDHEDGE/USD;3795,00000000;3843,50000000;3690,00000000;3753,00000000;-1,12
2020-04-10T00:00:00+00:00;MIDHEDGE/USD;3543,50000000;3922,50000000;3538,50000000;3795,00000000;6,63
2020-04-09T00:00:00+00:00;MIDHEDGE/USD;3557,00000000;3651,00000000;3524,00000000;3543,50000000;-0,38
2020-04-08T00:00:00+00:00;MIDHEDGE/USD;3736,00000000;3756,50000000;3542,50000000;3557,00000000;-5,03
2020-04-07T00:00:00+00:00;MIDHEDGE/USD;3691,00000000;3809,00000000;3546,00000000;3736,00000000;1,2
2020-04-06T00:00:00+00:00;MIDHEDGE/USD;4105,50000000;4111,00000000;3682,00000000;3691,00000000;-11,23
2020-04-05T00:00:00+00:00;MIDHEDGE/USD;4088,00000000;4144,00000000;4055,50000000;4105,50000000;0,43
2020-04-04T00:00:00+00:00;MIDHEDGE/USD;4152,00000000;4192,00000000;4019,00000000;4088,00000000;-1,57
2020-04-03T00:00:00+00:00;MIDHEDGE/USD;4200,50000000;4635,00000000;4056,50000000;4152,00000000;-1,17
2020-04-02T00:00:00+00:00;MIDHEDGE/USD;4278,50000000;4635,00000000;3963,00000000;4200,50000000;-1,86
2020-04-01T00:00:00+00:00;MIDHEDGE/USD;4327,50000000;4635,00000000;4229,50000000;4278,50000000;-1,15
2020-03-31T00:00:00+00:00;MIDHEDGE/USD;4414,50000000;4635,00000000;4280,00000000;4327,50000000;-2,01
2020-03-30T00:00:00+00:00;MIDHEDGE/USD;4728,50000000;4742,00000000;4277,00000000;4416,00000000;-7,08
2020-03-29T00:00:00+00:00;MIDHEDGE/USD;4516,50000000;4731,50000000;4492,50000000;4729,50000000;4,5
2020-03-28T00:00:00+00:00;MIDHEDGE/USD;4522,50000000;4688,00000000;4472,50000000;4516,50000000;-0,13
2020-03-27T00:00:00+00:00;MIDHEDGE/USD;4314,50000000;4635,00000000;4232,50000000;4522,50000000;4,6
2020-03-26T00:00:00+00:00;MIDHEDGE/USD;4448,50000000;4635,00000000;4302,00000000;4314,50000000;-3,11
2020-03-25T00:00:00+00:00;MIDHEDGE/USD;4372,50000000;4583,00000000;4262,00000000;4447,50000000;1,69
2020-03-24T00:00:00+00:00;MIDHEDGE/USD;4534,00000000;4583,00000000;4329,50000000;4372,50000000;-3,69
2020-03-23T00:00:00+00:00;MIDHEDGE/USD;5051,50000000;5171,00000000;4423,50000000;4534,00000000;-11,41
2020-03-22T00:00:00+00:00;MIDHEDGE/USD;4638,50000000;5103,50000000;4482,00000000;5051,50000000;8,18
2020-03-21T00:00:00+00:00;MIDHEDGE/USD;4699,50000000;4926,00000000;4499,00000000;4638,50000000;-1,32
2020-03-20T00:00:00+00:00;MIDHEDGE/USD;4665,00000000;5473,50000000;4165,50000000;4703,00000000;0,81
2020-03-19T00:00:00+00:00;MIDHEDGE/USD;5409,00000000;5473,50000000;4449,50000000;4664,00000000;-15,97
2020-03-18T00:00:00+00:00;MIDHEDGE/USD;5582,50000000;5900,00000000;5407,00000000;5409,00000000;-3,21
2020-03-17T00:00:00+00:00;MIDHEDGE/USD;5937,00000000;6018,00000000;5388,00000000;5582,50000000;-6,35
2020-03-16T00:00:00+00:00;MIDHEDGE/USD;5359,50000000;6474,50000000;5358,00000000;5937,00000000;9,73
2020-03-15T00:00:00+00:00;MIDHEDGE/USD;5569,00000000;5631,50000000;4847,50000000;5363,00000000;-3,84
2020-03-14T00:00:00+00:00;MIDHEDGE/USD;5184,00000000;5641,00000000;4708,00000000;5569,00000000;6,91
2020-03-13T00:00:00+00:00;MIDHEDGE/USD;6455,50000000;8109,50000000;4894,50000000;5178,50000000;-24,66
2020-03-12T00:00:00+00:00;MIDHEDGE/USD;4512,00000000;6576,00000000;4491,00000000;6434,00000000;29,87
2020-03-11T00:00:00+00:00;MIDHEDGE/USD;4389,00000000;4760,50000000;4337,50000000;4512,00000000;2,73
2020-03-10T00:00:00+00:00;MIDHEDGE/USD;4384,50000000;4508,00000000;4256,50000000;4391,00000000;0,15
2020-03-09T00:00:00+00:00;MIDHEDGE/USD;4408,00000000;4687,50000000;4278,50000000;4384,50000000;-0,54
2020-03-08T00:00:00+00:00;MIDHEDGE/USD;3874,50000000;4423,00000000;3874,50000000;4408,00000000;12,1
2020-03-07T00:00:00+00:00;MIDHEDGE/USD;3696,00000000;3897,50000000;3690,00000000;3874,50000000;4,61
2020-03-06T00:00:00+00:00;MIDHEDGE/USD;3773,00000000;3802,00000000;3681,50000000;3696,00000000;-2,08
2020-03-05T00:00:00+00:00;MIDHEDGE/USD;3869,00000000;3869,00000000;3668,00000000;3772,00000000;-2,57
2020-03-04T00:00:00+00:00;MIDHEDGE/USD;3864,50000000;3939,50000000;3793,50000000;3869,00000000;0,12
2020-03-03T00:00:00+00:00;MIDHEDGE/USD;3871,00000000;3977,00000000;3850,00000000;3864,50000000;-0,17
2020-03-02T00:00:00+00:00;MIDHEDGE/USD;4210,00000000;4232,00000000;3811,50000000;3871,00000000;-8,76
2020-03-01T00:00:00+00:00;MIDHEDGE/USD;4217,00000000;4296,50000000;4028,00000000;4210,00000000;-0,17
2020-02-29T00:00:00+00:00;MIDHEDGE/USD;4108,50000000;4219,00000000;4017,00000000;4217,00000000;2,57
2020-02-28T00:00:00+00:00;MIDHEDGE/USD;4061,00000000;4315,50000000;3961,50000000;4108,50000000;1,16
2020-02-27T00:00:00+00:00;MIDHEDGE/USD;4183,50000000;4397,50000000;3893,50000000;4061,00000000;-3,02
2020-02-26T00:00:00+00:00;MIDHEDGE/USD;3799,00000000;4369,50000000;3774,00000000;4183,50000000;9,19
2020-02-25T00:00:00+00:00;MIDHEDGE/USD;3588,50000000;3836,50000000;3582,00000000;3798,00000000;5,52
2020-02-24T00:00:00+00:00;MIDHEDGE/USD;3396,50000000;3693,00000000;3383,50000000;3588,50000000;5,35
2020-02-23T00:00:00+00:00;MIDHEDGE/USD;3543,50000000;3544,00000000;3361,00000000;3396,50000000;-4,33
2020-02-22T00:00:00+00:00;MIDHEDGE/USD;3495,50000000;3584,00000000;3477,50000000;3543,50000000;1,35
2020-02-21T00:00:00+00:00;MIDHEDGE/USD;3592,00000000;3624,00000000;3414,00000000;3495,50000000;-2,76
2020-02-20T00:00:00+00:00;MIDHEDGE/USD;3571,50000000;3761,00000000;3507,50000000;3597,00000000;0,71
2020-02-19T00:00:00+00:00;MIDHEDGE/USD;3307,00000000;3724,00000000;3257,50000000;3571,50000000;7,41
2020-02-18T00:00:00+00:00;MIDHEDGE/USD;3456,50000000;3579,00000000;3247,50000000;3307,00000000;-4,52
2020-02-17T00:00:00+00:00;MIDHEDGE/USD;3416,00000000;3738,00000000;3404,50000000;3457,50000000;1,2
2020-02-16T00:00:00+00:00;MIDHEDGE/USD;3290,00000000;3679,00000000;3179,50000000;3415,00000000;3,66
2020-02-15T00:00:00+00:00;MIDHEDGE/USD;2994,75000000;3369,50000000;2980,25000000;3290,00000000;8,97
2020-02-14T00:00:00+00:00;MIDHEDGE/USD;3127,25000000;3197,75000000;2992,75000000;2994,75000000;-4,42
2020-02-13T00:00:00+00:00;MIDHEDGE/USD;3092,50000000;3231,75000000;2986,50000000;3127,25000000;1,11
2020-02-12T00:00:00+00:00;MIDHEDGE/USD;3211,50000000;3211,50000000;3044,00000000;3092,50000000;-3,85
2020-02-11T00:00:00+00:00;MIDHEDGE/USD;3389,50000000;3456,50000000;3199,50000000;3211,50000000;-5,54
2020-02-10T00:00:00+00:00;MIDHEDGE/USD;3348,50000000;3511,50000000;3330,00000000;3389,50000000;1,21
2020-02-09T00:00:00+00:00;MIDHEDGE/USD;3464,00000000;3473,00000000;3335,50000000;3348,50000000;-3,45
2020-02-08T00:00:00+00:00;MIDHEDGE/USD;3482,50000000;3648,50000000;3416,50000000;3464,00000000;-0,53
2020-02-07T00:00:00+00:00;MIDHEDGE/USD;3501,50000000;3529,00000000;3428,50000000;3482,50000000;-0,55
2020-02-06T00:00:00+00:00;MIDHEDGE/USD;3531,50000000;3596,50000000;3411,00000000;3502,00000000;-0,84
2020-02-05T00:00:00+00:00;MIDHEDGE/USD;3779,50000000;3785,50000000;3477,00000000;3531,50000000;-7,02
2020-02-04T00:00:00+00:00;MIDHEDGE/USD;3743,50000000;3887,50000000;3703,00000000;3779,50000000;0,95
2020-02-03T00:00:00+00:00;MIDHEDGE/USD;3801,50000000;3855,00000000;3672,00000000;3743,50000000;-1,55
2020-02-02T00:00:00+00:00;MIDHEDGE/USD;3834,50000000;3940,00000000;3719,00000000;3801,50000000;-0,87
2020-02-01T00:00:00+00:00;MIDHEDGE/USD;3902,50000000;3947,50000000;3797,00000000;3834,50000000;-1,77
2020-01-31T00:00:00+00:00;MIDHEDGE/USD;3775,00000000;4042,50000000;3762,00000000;3902,50000000;3,27
2020-01-30T00:00:00+00:00;MIDHEDGE/USD;3862,50000000;3960,50000000;3746,50000000;3775,00000000;-2,32
2020-01-29T00:00:00+00:00;MIDHEDGE/USD;3980,00000000;4009,50000000;3788,00000000;3871,50000000;-2,8
2020-01-28T00:00:00+00:00;MIDHEDGE/USD;4222,00000000;4226,50000000;3941,00000000;3986,00000000;-5,92
2020-01-27T00:00:00+00:00;MIDHEDGE/USD;4452,00000000;4452,00000000;4119,00000000;4222,00000000;-5,45
2020-01-26T00:00:00+00:00;MIDHEDGE/USD;4716,00000000;4750,50000000;4440,00000000;4452,00000000;-5,93
2020-01-25T00:00:00+00:00;MIDHEDGE/USD;4643,00000000;4785,00000000;4641,00000000;4715,00000000;1,53
2020-01-24T00:00:00+00:00;MIDHEDGE/USD;4668,00000000;4876,50000000;4580,50000000;4643,00000000;-0,54
2020-01-23T00:00:00+00:00;MIDHEDGE/USD;4403,00000000;4744,00000000;4397,00000000;4667,00000000;5,66
2020-01-22T00:00:00+00:00;MIDHEDGE/USD;4425,50000000;4450,00000000;4307,50000000;4403,00000000;-0,51
2020-01-21T00:00:00+00:00;MIDHEDGE/USD;4470,50000000;4548,00000000;4392,00000000;4426,50000000;-0,99
2020-01-20T00:00:00+00:00;MIDHEDGE/USD;4585,50000000;4697,50000000;4368,00000000;4470,50000000;-2,57
2020-01-19T00:00:00+00:00;MIDHEDGE/USD;4486,50000000;4758,00000000;4309,50000000;4585,50000000;2,16
2020-01-18T00:00:00+00:00;MIDHEDGE/USD;4249,00000000;4501,50000000;4222,00000000;4486,50000000;5,29
2020-01-17T00:00:00+00:00;MIDHEDGE/USD;4673,50000000;4743,00000000;4007,00000000;4249,00000000;-9,99
2020-01-16T00:00:00+00:00;MIDHEDGE/USD;4688,50000000;5017,00000000;4653,50000000;4673,50000000;-0,32
2020-01-15T00:00:00+00:00;MIDHEDGE/USD;5223,00000000;5263,50000000;4625,00000000;4687,50000000;-11,42
2020-01-14T00:00:00+00:00;MIDHEDGE/USD;6107,00000000;6125,00000000;5183,00000000;5220,50000000;-16,98
2020-01-13T00:00:00+00:00;MIDHEDGE/USD;6036,50000000;6236,00000000;6027,50000000;6107,00000000;1,15
2020-01-12T00:00:00+00:00;MIDHEDGE/USD;6134,50000000;6191,00000000;6016,00000000;6036,50000000;-1,62
2020-01-11T00:00:00+00:00;MIDHEDGE/USD;6238,00000000;6299,50000000;5950,00000000;6131,50000000;-1,74
2020-01-10T00:00:00+00:00;MIDHEDGE/USD;6531,50000000;6695,50000000;6233,50000000;6239,50000000;-4,68
2020-01-09T00:00:00+00:00;MIDHEDGE/USD;6520,50000000;6642,50000000;6451,50000000;6530,50000000;0,15
2020-01-08T00:00:00+00:00;MIDHEDGE/USD;6477,50000000;6656,00000000;6328,00000000;6520,50000000;0,66
2020-01-07T00:00:00+00:00;MIDHEDGE/USD;6455,00000000;6648,50000000;6338,00000000;6475,50000000;0,32

