DATE/TIME;SYMBOL;OPEN;HIGH;LOW;CLOSE;EVOL % CLOSE/HIGH
2022-01-05T00:00:00+00:00;LTCBEAR/USD;0,00054260;0,00054700;0,00050625;0,00051525;-5,31
2022-01-04T00:00:00+00:00;LTCBEAR/USD;0,00052880;0,00055170;0,00049050;0,00054260;2,54
2022-01-03T00:00:00+00:00;LTCBEAR/USD;0,00049460;0,00054490;0,00049030;0,00052880;6,47
2022-01-02T00:00:00+00:00;LTCBEAR/USD;0,00050490;0,00052610;0,00047990;0,00049460;-2,08
2022-01-01T00:00:00+00:00;LTCBEAR/USD;0,00055425;0,00055425;0,00050325;0,00050490;-9,77
2021-12-31T00:00:00+00:00;LTCBEAR/USD;0,00054100;0,00057750;0,00048825;0,00055425;2,39
2021-12-30T00:00:00+00:00;LTCBEAR/USD;0,00056775;0,00059050;0,00051925;0,00054100;-4,94
2021-12-29T00:00:00+00:00;LTCBEAR/USD;0,00056000;0,00057750;0,00050400;0,00056775;1,37
2021-12-28T00:00:00+00:00;LTCBEAR/USD;0,00046830;0,00056910;0,00046800;0,00056000;16,37
2021-12-27T00:00:00+00:00;LTCBEAR/USD;0,00046880;0,00047860;0,00042510;0,00046830;-0,11
2021-12-26T00:00:00+00:00;LTCBEAR/USD;0,00045300;0,00049060;0,00045240;0,00046880;3,37
2021-12-25T00:00:00+00:00;LTCBEAR/USD;0,00042590;0,00045310;0,00041040;0,00045300;5,98
2021-12-24T00:00:00+00:00;LTCBEAR/USD;0,00041220;0,00043250;0,00039000;0,00042590;3,22
2021-12-23T00:00:00+00:00;LTCBEAR/USD;0,00048750;0,00050780;0,00040230;0,00041220;-18,27
2021-12-22T00:00:00+00:00;LTCBEAR/USD;0,00049520;0,00051320;0,00044890;0,00048750;-1,58
2021-12-21T00:00:00+00:00;LTCBEAR/USD;0,00052200;0,00055230;0,00048570;0,00049520;-5,41
2021-12-20T00:00:00+00:00;LTCBEAR/USD;0,00051960;0,00059500;0,00047400;0,00052200;0,46
2021-12-19T00:00:00+00:00;LTCBEAR/USD;0,00059500;0,00060500;0,00045520;0,00051960;-14,51
2021-12-18T00:00:00+00:00;LTCBEAR/USD;0,00065500;0,00067775;0,00057700;0,00059500;-10,08
2021-12-17T00:00:00+00:00;LTCBEAR/USD;0,00059900;0,00068775;0,00058350;0,00065500;8,55
2021-12-16T00:00:00+00:00;LTCBEAR/USD;0,00054625;0,00060150;0,00052450;0,00059900;8,81
2021-12-15T00:00:00+00:00;LTCBEAR/USD;0,00059025;0,00069200;0,00053950;0,00054625;-8,05
2021-12-14T00:00:00+00:00;LTCBEAR/USD;0,00068200;0,00069925;0,00057650;0,00059025;-15,54
2021-12-13T00:00:00+00:00;LTCBEAR/USD;0,00053075;0,00068950;0,00052075;0,00068200;22,18
2021-12-12T00:00:00+00:00;LTCBEAR/USD;0,00055400;0,00059850;0,00050430;0,00053075;-4,38
2021-12-11T00:00:00+00:00;LTCBEAR/USD;0,00067925;0,00070650;0,00054025;0,00055400;-22,61
2021-12-10T00:00:00+00:00;LTCBEAR/USD;0,00063950;0,00069175;0,00054300;0,00067925;5,85
2021-12-09T00:00:00+00:00;LTCBEAR/USD;0,00052720;0,00064070;0,00050610;0,00063950;17,56
2021-12-08T00:00:00+00:00;LTCBEAR/USD;0,00056325;0,00062075;0,00047075;0,00052720;-6,84
2021-12-07T00:00:00+00:00;LTCBEAR/USD;0,00055700;0,00059225;0,00052425;0,00056325;1,11
2021-12-06T00:00:00+00:00;LTCBEAR/USD;0,00062675;0,00081675;0,00052725;0,00055700;-12,52
2021-12-05T00:00:00+00:00;LTCBEAR/USD;0,00053450;0,00066825;0,00050000;0,00062675;14,72
2021-12-04T00:00:00+00:00;LTCBEAR/USD;0,00042620;0,00072945;0,00038880;0,00053450;20,26
2021-12-03T00:00:00+00:00;LTCBEAR/USD;0,00032500;0,00042620;0,00030500;0,00042620;23,74
2021-12-02T00:00:00+00:00;LTCBEAR/USD;0,00030470;0,00034040;0,00029550;0,00032500;6,25
2021-12-01T00:00:00+00:00;LTCBEAR/USD;0,00031760;0,00031980;0,00026190;0,00030470;-4,23
2021-11-30T00:00:00+00:00;LTCBEAR/USD;0,00032410;0,00035890;0,00025850;0,00031760;-2,05
2021-11-29T00:00:00+00:00;LTCBEAR/USD;0,00035000;0,00036430;0,00029530;0,00032410;-7,99
2021-11-28T00:00:00+00:00;LTCBEAR/USD;0,00037750;0,00044470;0,00034150;0,00035000;-7,86
2021-11-27T00:00:00+00:00;LTCBEAR/USD;0,00038470;0,00040490;0,00033400;0,00037750;-1,91
2021-11-26T00:00:00+00:00;LTCBEAR/USD;0,00027300;0,00041700;0,00027300;0,00038470;29,04
2021-11-25T00:00:00+00:00;LTCBEAR/USD;0,00033330;0,00036110;0,00023680;0,00027300;-22,09
2021-11-24T00:00:00+00:00;LTCBEAR/USD;0,00031150;0,00036120;0,00029940;0,00033330;6,54
2021-11-23T00:00:00+00:00;LTCBEAR/USD;0,00034640;0,00036570;0,00030260;0,00031150;-11,2
2021-11-22T00:00:00+00:00;LTCBEAR/USD;0,00029670;0,00036170;0,00029470;0,00034640;14,35
2021-11-21T00:00:00+00:00;LTCBEAR/USD;0,00028100;0,00030310;0,00026710;0,00029670;5,29
2021-11-20T00:00:00+00:00;LTCBEAR/USD;0,00031480;0,00035760;0,00027420;0,00028100;-12,03
2021-11-19T00:00:00+00:00;LTCBEAR/USD;0,00039450;0,00043990;0,00028550;0,00031480;-25,32
2021-11-18T00:00:00+00:00;LTCBEAR/USD;0,00030000;0,00041740;0,00029040;0,00039440;23,94
2021-11-17T00:00:00+00:00;LTCBEAR/USD;0,00029700;0,00034640;0,00028060;0,00030000;1,0
2021-11-16T00:00:00+00:00;LTCBEAR/USD;0,00021775;0,00032015;0,00021675;0,00029700;26,68
2021-11-15T00:00:00+00:00;LTCBEAR/USD;0,00018725;0,00022395;0,00018250;0,00021775;14,01
2021-11-14T00:00:00+00:00;LTCBEAR/USD;0,00024370;0,00027000;0,00018675;0,00018745;-30,01
2021-11-13T00:00:00+00:00;LTCBEAR/USD;0,00026230;0,00028470;0,00022380;0,00024370;-7,63
2021-11-12T00:00:00+00:00;LTCBEAR/USD;0,00025070;0,00027845;0,00019905;0,00026230;4,42
2021-11-11T00:00:00+00:00;LTCBEAR/USD;0,00025850;0,00028590;0,00021910;0,00025070;-3,11
2021-11-10T00:00:00+00:00;LTCBEAR/USD;0,00027510;0,00029470;0,00018525;0,00025850;-6,42
2021-11-09T00:00:00+00:00;LTCBEAR/USD;0,00044260;0,00044740;0,00023570;0,00027440;-61,3
2021-11-08T00:00:00+00:00;LTCBEAR/USD;0,00068025;0,00068025;0,00043700;0,00044260;-53,69
2021-11-07T00:00:00+00:00;LTCBEAR/USD;0,00072875;0,00072875;0,00067725;0,00068025;-7,13
2021-11-06T00:00:00+00:00;LTCBEAR/USD;0,00071025;0,00079075;0,00069025;0,00072875;2,54
2021-11-05T00:00:00+00:00;LTCBEAR/USD;0,00067625;0,00073250;0,00067000;0,00071025;4,79
2021-11-04T00:00:00+00:00;LTCBEAR/USD;0,00063650;0,00073050;0,00063650;0,00067625;5,88
2021-11-03T00:00:00+00:00;LTCBEAR/USD;0,00069500;0,00073075;0,00061425;0,00063650;-9,19
2021-11-02T00:00:00+00:00;LTCBEAR/USD;0,00072675;0,00075050;0,00065750;0,00069500;-4,57
2021-11-01T00:00:00+00:00;LTCBEAR/USD;0,00079975;0,00084650;0,00069250;0,00072675;-10,04
2021-10-31T00:00:00+00:00;LTCBEAR/USD;0,00082575;0,00086750;0,00076000;0,00079975;-3,25
2021-10-30T00:00:00+00:00;LTCBEAR/USD;0,00076100;0,00086225;0,00075175;0,00082575;7,84
2021-10-29T00:00:00+00:00;LTCBEAR/USD;0,00084150;0,00085700;0,00073825;0,00076100;-10,58
2021-10-28T00:00:00+00:00;LTCBEAR/USD;0,00103400;0,00105500;0,00078400;0,00084150;-22,88
2021-10-27T00:00:00+00:00;LTCBEAR/USD;0,00080500;0,00103400;0,00072275;0,00103400;22,15
2021-10-26T00:00:00+00:00;LTCBEAR/USD;0,00083100;0,00089350;0,00078400;0,00080500;-3,23
2021-10-25T00:00:00+00:00;LTCBEAR/USD;0,00089875;0,00090925;0,00080500;0,00083100;-8,15
2021-10-24T00:00:00+00:00;LTCBEAR/USD;0,00084000;0,00096125;0,00077800;0,00089875;6,54
2021-10-23T00:00:00+00:00;LTCBEAR/USD;0,00089900;0,00092675;0,00081000;0,00084000;-7,02
2021-10-22T00:00:00+00:00;LTCBEAR/USD;0,00081475;0,00093125;0,00078000;0,00089900;9,37
2021-10-21T00:00:00+00:00;LTCBEAR/USD;0,00071150;0,00084025;0,00057025;0,00081475;12,67
2021-10-20T00:00:00+00:00;LTCBEAR/USD;0,00098200;0,00102300;0,00070000;0,00071150;-38,02
2021-10-19T00:00:00+00:00;LTCBEAR/USD;0,00101825;0,00106600;0,00094000;0,00098200;-3,69
2021-10-18T00:00:00+00:00;LTCBEAR/USD;0,00107200;0,00114600;0,00099900;0,00101825;-5,28
2021-10-17T00:00:00+00:00;LTCBEAR/USD;0,00102300;0,00116750;0,00098800;0,00107200;4,57
2021-10-16T00:00:00+00:00;LTCBEAR/USD;0,00097000;0,00102300;0,00092400;0,00102300;5,18
2021-10-15T00:00:00+00:00;LTCBEAR/USD;0,00114600;0,00121150;0,00092750;0,00097000;-18,14
2021-10-14T00:00:00+00:00;LTCBEAR/USD;0,00122750;0,00122750;0,00104700;0,00114600;-7,11
2021-10-13T00:00:00+00:00;LTCBEAR/USD;0,00132550;0,00143300;0,00118000;0,00122750;-7,98
2021-10-12T00:00:00+00:00;LTCBEAR/USD;0,00119900;0,00144900;0,00119900;0,00132550;9,54
2021-10-11T00:00:00+00:00;LTCBEAR/USD;0,00130350;0,00131000;0,00106000;0,00119900;-8,72
2021-10-10T00:00:00+00:00;LTCBEAR/USD;0,00120700;0,00131000;0,00111800;0,00130350;7,4
2021-10-09T00:00:00+00:00;LTCBEAR/USD;0,00129350;0,00129350;0,00114450;0,00120700;-7,17
2021-10-08T00:00:00+00:00;LTCBEAR/USD;0,00122050;0,00130850;0,00112650;0,00129350;5,64
2021-10-07T00:00:00+00:00;LTCBEAR/USD;0,00120550;0,00131000;0,00104450;0,00122050;1,23
2021-10-06T00:00:00+00:00;LTCBEAR/USD;0,00131400;0,00154650;0,00111300;0,00120550;-9,0
2021-10-05T00:00:00+00:00;LTCBEAR/USD;0,00148000;0,00150300;0,00128950;0,00131400;-12,63
2021-10-04T00:00:00+00:00;LTCBEAR/USD;0,00140800;0,00162050;0,00140800;0,00148000;4,86
2021-10-03T00:00:00+00:00;LTCBEAR/USD;0,00144550;0,00152000;0,00130300;0,00140800;-2,66
2021-10-02T00:00:00+00:00;LTCBEAR/USD;0,00154450;0,00156450;0,00136200;0,00144550;-6,85
2021-10-01T00:00:00+00:00;LTCBEAR/USD;0,00202800;0,00207600;0,00148900;0,00154450;-31,3
2021-09-30T00:00:00+00:00;LTCBEAR/USD;0,00249000;0,00251700;0,00198300;0,00202800;-22,78
2021-09-29T00:00:00+00:00;LTCBEAR/USD;0,00282600;0,00285600;0,00223900;0,00249000;-13,49
2021-09-28T00:00:00+00:00;LTCBEAR/USD;0,00255800;0,00282600;0,00238400;0,00282600;9,48
2021-09-27T00:00:00+00:00;LTCBEAR/USD;0,00232800;0,00256400;0,00213700;0,00255800;8,99
2021-09-26T00:00:00+00:00;LTCBEAR/USD;0,00229550;0,00269750;0,00221250;0,00232800;1,4
2021-09-25T00:00:00+00:00;LTCBEAR/USD;0,00223400;0,00239400;0,00211900;0,00229550;2,68
2021-09-24T00:00:00+00:00;LTCBEAR/USD;0,00186400;0,00258300;0,00179200;0,00223400;16,56
2021-09-23T00:00:00+00:00;LTCBEAR/USD;0,00198200;0,00211700;0,00184650;0,00186400;-6,33
2021-09-22T00:00:00+00:00;LTCBEAR/USD;0,00260100;0,00277800;0,00193600;0,00198200;-31,23
2021-09-21T00:00:00+00:00;LTCBEAR/USD;0,00225900;0,00273300;0,00204050;0,00260100;13,15
2021-09-20T00:00:00+00:00;LTCBEAR/USD;0,00171700;0,00232700;0,00171000;0,00225900;23,99
2021-09-19T00:00:00+00:00;LTCBEAR/USD;0,00157150;0,00176950;0,00154250;0,00171700;8,47
2021-09-18T00:00:00+00:00;LTCBEAR/USD;0,00159700;0,00163800;0,00146450;0,00157000;-1,72
2021-09-17T00:00:00+00:00;LTCBEAR/USD;0,00148250;0,00163300;0,00136150;0,00159700;7,17
2021-09-16T00:00:00+00:00;LTCBEAR/USD;0,00137150;0,00154050;0,00126250;0,00148250;7,49
2021-09-15T00:00:00+00:00;LTCBEAR/USD;0,00155800;0,00162000;0,00134050;0,00137150;-13,6
2021-09-14T00:00:00+00:00;LTCBEAR/USD;0,00166600;0,00171400;0,00139900;0,00155800;-6,93
2021-09-13T00:00:00+00:00;LTCBEAR/USD;0,00214400;0,00258950;0,00095000;0,00166600;-28,69
2021-09-12T00:00:00+00:00;LTCBEAR/USD;0,00233100;0,00246250;0,00205650;0,00214400;-8,72
2021-09-11T00:00:00+00:00;LTCBEAR/USD;0,00266000;0,00267100;0,00209550;0,00233100;-14,11
2021-09-10T00:00:00+00:00;LTCBEAR/USD;0,00235600;0,00274300;0,00214100;0,00266000;11,43
2021-09-09T00:00:00+00:00;LTCBEAR/USD;0,00239300;0,00249000;0,00209300;0,00237500;-0,76
2021-09-08T00:00:00+00:00;LTCBEAR/USD;0,00252650;0,00282600;0,00210700;0,00239300;-5,58
2021-09-07T00:00:00+00:00;LTCBEAR/USD;0,00160650;0,00284600;0,00155500;0,00252650;36,41
2021-09-06T00:00:00+00:00;LTCBEAR/USD;0,00137800;0,00165000;0,00137800;0,00160650;14,22
2021-09-05T00:00:00+00:00;LTCBEAR/USD;0,00185300;0,00188350;0,00137700;0,00137800;-34,47
2021-09-04T00:00:00+00:00;LTCBEAR/USD;0,00184750;0,00193650;0,00151850;0,00185300;0,3
2021-09-03T00:00:00+00:00;LTCBEAR/USD;0,00302600;0,00319400;0,00170950;0,00184750;-63,79
2021-09-02T00:00:00+00:00;LTCBEAR/USD;0,00316000;0,00324000;0,00281600;0,00302600;-4,43
2021-09-01T00:00:00+00:00;LTCBEAR/USD;0,00383900;0,00401400;0,00308900;0,00316000;-21,49
2021-08-31T00:00:00+00:00;LTCBEAR/USD;0,00414600;0,00424500;0,00354500;0,00383900;-8,0
2021-08-30T00:00:00+00:00;LTCBEAR/USD;0,00369100;0,00419400;0,00358300;0,00414600;10,97
2021-08-29T00:00:00+00:00;LTCBEAR/USD;0,00362400;0,00378000;0,00319100;0,00369100;1,82
2021-08-28T00:00:00+00:00;LTCBEAR/USD;0,00360400;0,00387000;0,00354600;0,00362400;0,55
2021-08-27T00:00:00+00:00;LTCBEAR/USD;0,00421700;0,00441600;0,00360400;0,00360400;-17,01
2021-08-26T00:00:00+00:00;LTCBEAR/USD;0,00361000;0,00436800;0,00348800;0,00421700;14,39
2021-08-25T00:00:00+00:00;LTCBEAR/USD;0,00388400;0,00417100;0,00356200;0,00361000;-7,59
2021-08-24T00:00:00+00:00;LTCBEAR/USD;0,00321600;0,00396200;0,00313400;0,00388400;17,2
2021-08-23T00:00:00+00:00;LTCBEAR/USD;0,00325500;0,00336700;0,00296600;0,00321600;-1,21
2021-08-22T00:00:00+00:00;LTCBEAR/USD;0,00362000;0,00369600;0,00304300;0,00325500;-11,21
2021-08-21T00:00:00+00:00;LTCBEAR/USD;0,00343300;0,00379400;0,00338000;0,00362000;5,17
2021-08-20T00:00:00+00:00;LTCBEAR/USD;0,00399100;0,00404800;0,00340300;0,00343300;-16,25
2021-08-19T00:00:00+00:00;LTCBEAR/USD;0,00470700;0,00504200;0,00397900;0,00399100;-17,94
2021-08-18T00:00:00+00:00;LTCBEAR/USD;0,00457800;0,00499100;0,00412400;0,00470700;2,74
2021-08-17T00:00:00+00:00;LTCBEAR/USD;0,00393700;0,00463700;0,00352000;0,00457800;14,0
2021-08-16T00:00:00+00:00;LTCBEAR/USD;0,00353000;0,00399300;0,00331200;0,00393700;10,34
2021-08-15T00:00:00+00:00;LTCBEAR/USD;0,00367500;0,00410400;0,00345700;0,00353000;-4,11
2021-08-14T00:00:00+00:00;LTCBEAR/USD;0,00361600;0,00410200;0,00353100;0,00367500;1,61
2021-08-13T00:00:00+00:00;LTCBEAR/USD;0,00516800;0,00524700;0,00356800;0,00361600;-42,92
2021-08-12T00:00:00+00:00;LTCBEAR/USD;0,00474000;0,00549400;0,00398000;0,00516800;8,28
2021-08-11T00:00:00+00:00;LTCBEAR/USD;0,00523300;0,00529600;0,00423100;0,00474000;-10,4
2021-08-10T00:00:00+00:00;LTCBEAR/USD;0,00511100;0,00579900;0,00495700;0,00523300;2,33
2021-08-09T00:00:00+00:00;LTCBEAR/USD;0,00742500;0,00809250;0,00478600;0,00511100;-45,27
2021-08-08T00:00:00+00:00;LTCBEAR/USD;0,00661500;0,00778500;0,00645500;0,00742500;10,91
2021-08-07T00:00:00+00:00;LTCBEAR/USD;0,00798500;0,00802750;0,00659500;0,00661500;-20,71
2021-08-06T00:00:00+00:00;LTCBEAR/USD;0,00871000;0,00901000;0,00737250;0,00798500;-9,08
2021-08-05T00:00:00+00:00;LTCBEAR/USD;0,00891250;0,01011250;0,00847250;0,00871000;-2,32
2021-08-04T00:00:00+00:00;LTCBEAR/USD;0,00986000;0,01039000;0,00857250;0,00891250;-10,63
2021-08-03T00:00:00+00:00;LTCBEAR/USD;0,00922250;0,01033250;0,00891000;0,00986000;6,47
2021-08-02T00:00:00+00:00;LTCBEAR/USD;0,00954250;0,00988250;0,00836250;0,00922250;-3,47
2021-08-01T00:00:00+00:00;LTCBEAR/USD;0,00867000;0,00979000;0,00776000;0,00954250;9,14
2021-07-31T00:00:00+00:00;LTCBEAR/USD;0,00848500;0,00913500;0,00836500;0,00867000;2,13
2021-07-30T00:00:00+00:00;LTCBEAR/USD;0,00928750;0,01036000;0,00846750;0,00848500;-9,46
2021-07-29T00:00:00+00:00;LTCBEAR/USD;0,00949500;0,01028500;0,00907500;0,00928750;-2,23
2021-07-28T00:00:00+00:00;LTCBEAR/USD;0,01083500;0,01138000;0,00920000;0,00949500;-14,11
2021-07-27T00:00:00+00:00;LTCBEAR/USD;0,01206500;0,01283500;0,01080500;0,01083500;-11,35
2021-07-26T00:00:00+00:00;LTCBEAR/USD;0,01353000;0,01380000;0,00974000;0,01206500;-12,14
2021-07-25T00:00:00+00:00;LTCBEAR/USD;0,01416000;0,01489000;0,01343000;0,01353000;-4,66
2021-07-24T00:00:00+00:00;LTCBEAR/USD;0,01469000;0,01503500;0,01356000;0,01416000;-3,74
2021-07-23T00:00:00+00:00;LTCBEAR/USD;0,01627000;0,01757500;0,01461500;0,01469000;-10,76
2021-07-22T00:00:00+00:00;LTCBEAR/USD;0,01758500;0,01848500;0,01568000;0,01627000;-8,08
2021-07-21T00:00:00+00:00;LTCBEAR/USD;0,02418000;0,02549000;0,01702000;0,01758500;-37,5
2021-07-20T00:00:00+00:00;LTCBEAR/USD;0,02086000;0,02589000;0,01975000;0,02418000;13,73
2021-07-19T00:00:00+00:00;LTCBEAR/USD;0,01819500;0,02145000;0,01752500;0,02086000;12,78
2021-07-18T00:00:00+00:00;LTCBEAR/USD;0,01782000;0,01923500;0,01603500;0,01819500;2,06
2021-07-17T00:00:00+00:00;LTCBEAR/USD;0,01755000;0,01877000;0,01660500;0,01782000;1,52
2021-07-16T00:00:00+00:00;LTCBEAR/USD;0,01571000;0,01760000;0,01495500;0,01755000;10,48
2021-07-15T00:00:00+00:00;LTCBEAR/USD;0,01406500;0,01682000;0,01341500;0,01571000;10,47
2021-07-14T00:00:00+00:00;LTCBEAR/USD;0,01397500;0,01628000;0,01357000;0,01406500;0,64
2021-07-13T00:00:00+00:00;LTCBEAR/USD;0,01330000;0,01448000;0,01301000;0,01397500;4,83
2021-07-12T00:00:00+00:00;LTCBEAR/USD;0,01314500;0,01371500;0,01155000;0,01330000;1,17
2021-07-11T00:00:00+00:00;LTCBEAR/USD;0,01313000;0,01368500;0,01249500;0,01314500;0,11
2021-07-10T00:00:00+00:00;LTCBEAR/USD;0,01306000;0,01418500;0,01243000;0,01313000;0,53
2021-07-09T00:00:00+00:00;LTCBEAR/USD;0,01384000;0,01571000;0,01273500;0,01306000;-5,97
2021-07-08T00:00:00+00:00;LTCBEAR/USD;0,01244000;0,01491000;0,01238500;0,01384000;10,12
2021-07-07T00:00:00+00:00;LTCBEAR/USD;0,01204000;0,01250500;0,01101000;0,01244000;3,22
2021-07-06T00:00:00+00:00;LTCBEAR/USD;0,01237500;0,01292500;0,01106000;0,01204000;-2,78
2021-07-05T00:00:00+00:00;LTCBEAR/USD;0,01072500;0,01325500;0,01072500;0,01237500;13,33
2021-07-04T00:00:00+00:00;LTCBEAR/USD;0,01202500;0,01277500;0,01000000;0,01072500;-12,12
2021-07-03T00:00:00+00:00;LTCBEAR/USD;0,01302000;0,01353500;0,01171000;0,01202500;-8,27
2021-07-02T00:00:00+00:00;LTCBEAR/USD;0,01290500;0,01486500;0,01243000;0,01302000;0,88
2021-07-01T00:00:00+00:00;LTCBEAR/USD;0,01122000;0,01356000;0,01122000;0,01290500;13,06
2021-06-30T00:00:00+00:00;LTCBEAR/USD;0,01138000;0,01310000;0,01061000;0,01122000;-1,43
2021-06-29T00:00:00+00:00;LTCBEAR/USD;0,01346000;0,01346000;0,01021000;0,01138000;-18,28
2021-06-28T00:00:00+00:00;LTCBEAR/USD;0,01530000;0,01601500;0,01285000;0,01346000;-13,67
2021-06-27T00:00:00+00:00;LTCBEAR/USD;0,01777500;0,01857500;0,01530000;0,01530000;-16,18
2021-06-26T00:00:00+00:00;LTCBEAR/USD;0,01866500;0,02167000;0,01658500;0,01777500;-5,01
2021-06-25T00:00:00+00:00;LTCBEAR/USD;0,01583000;0,01922000;0,01438500;0,01866500;15,19
2021-06-24T00:00:00+00:00;LTCBEAR/USD;0,01815000;0,02039000;0,01459000;0,01583000;-14,66
2021-06-23T00:00:00+00:00;LTCBEAR/USD;0,02381000;0,02523500;0,01604500;0,01815000;-31,18
2021-06-22T00:00:00+00:00;LTCBEAR/USD;0,02284500;0,02914000;0,01803500;0,02381000;4,05
2021-06-21T00:00:00+00:00;LTCBEAR/USD;0,01448500;0,02284500;0,01442000;0,02284500;36,59
2021-06-20T00:00:00+00:00;LTCBEAR/USD;0,01519000;0,01779500;0,01419000;0,01448500;-4,87
2021-06-19T00:00:00+00:00;LTCBEAR/USD;0,01425500;0,01521000;0,01299500;0,01519000;6,16
2021-06-18T00:00:00+00:00;LTCBEAR/USD;0,01198000;0,01525500;0,01194000;0,01425500;15,96
2021-06-17T00:00:00+00:00;LTCBEAR/USD;0,01216000;0,01282500;0,01062500;0,01198000;-1,5
2021-06-16T00:00:00+00:00;LTCBEAR/USD;0,01053000;0,01246000;0,01015000;0,01216000;13,4
2021-06-15T00:00:00+00:00;LTCBEAR/USD;0,00987500;0,01099500;0,00964000;0,01053000;6,22
2021-06-14T00:00:00+00:00;LTCBEAR/USD;0,01181000;0,01249000;0,00985250;0,00987500;-19,59
2021-06-13T00:00:00+00:00;LTCBEAR/USD;0,01417500;0,01547500;0,01163000;0,01181000;-20,03
2021-06-12T00:00:00+00:00;LTCBEAR/USD;0,01401000;0,01624500;0,01357000;0,01417500;1,16
2021-06-11T00:00:00+00:00;LTCBEAR/USD;0,01269500;0,01451000;0,01138000;0,01401000;9,39
2021-06-10T00:00:00+00:00;LTCBEAR/USD;0,01199500;0,01392500;0,01154500;0,01269500;5,51
2021-06-09T00:00:00+00:00;LTCBEAR/USD;0,01521500;0,01753000;0,01188500;0,01199500;-26,84
2021-06-08T00:00:00+00:00;LTCBEAR/USD;0,01510000;0,01966000;0,01439000;0,01521500;0,76
2021-06-07T00:00:00+00:00;LTCBEAR/USD;0,01215500;0,01530500;0,01094500;0,01510000;19,5
2021-06-06T00:00:00+00:00;LTCBEAR/USD;0,01288000;0,01302500;0,01125000;0,01215500;-5,96
2021-06-05T00:00:00+00:00;LTCBEAR/USD;0,01195500;0,01391500;0,01044000;0,01288000;7,18
2021-06-04T00:00:00+00:00;LTCBEAR/USD;0,00965500;0,01322750;0,00961750;0,01195500;19,24
2021-06-03T00:00:00+00:00;LTCBEAR/USD;0,01068000;0,01156000;0,00894500;0,00965500;-10,62
2021-06-02T00:00:00+00:00;LTCBEAR/USD;0,01158500;0,01235000;0,00998500;0,01068000;-8,47
2021-06-01T00:00:00+00:00;LTCBEAR/USD;0,01078000;0,01263500;0,00984000;0,01158500;6,95
2021-05-31T00:00:00+00:00;LTCBEAR/USD;0,01513000;0,01695500;0,01077000;0,01078000;-40,35
2021-05-30T00:00:00+00:00;LTCBEAR/USD;0,01788000;0,02041000;0,01272000;0,01513000;-18,18
2021-05-29T00:00:00+00:00;LTCBEAR/USD;0,01480500;0,01952000;0,01206500;0,01788000;17,2
2021-05-28T00:00:00+00:00;LTCBEAR/USD;0,01165000;0,01678500;0,01076000;0,01480500;21,31
2021-05-27T00:00:00+00:00;LTCBEAR/USD;0,01084500;0,01372000;0,00936000;0,01165000;6,91
2021-05-26T00:00:00+00:00;LTCBEAR/USD;0,01455000;0,01495000;0,01011500;0,01084500;-34,16
2021-05-25T00:00:00+00:00;LTCBEAR/USD;0,01394500;0,01771000;0,01149000;0,01455000;4,16
2021-05-24T00:00:00+00:00;LTCBEAR/USD;0,03485000;0,03844000;0,01394500;0,01394500;-149,91
2021-05-23T00:00:00+00:00;LTCBEAR/USD;0,02374000;0,04575000;0,02050000;0,03485000;31,88
2021-05-22T00:00:00+00:00;LTCBEAR/USD;0,02053000;0,02575000;0,01841500;0,02374000;13,52
2021-05-21T00:00:00+00:00;LTCBEAR/USD;0,01461000;0,02571000;0,01257000;0,02053000;28,84
2021-05-20T00:00:00+00:00;LTCBEAR/USD;0,02212000;0,02858500;0,01178000;0,01461000;-51,4
2021-05-19T00:00:00+00:00;LTCBEAR/USD;0,01059500;0,02655000;0,00984000;0,02212000;52,1
2021-05-18T00:00:00+00:00;LTCBEAR/USD;0,01324000;0,01340000;0,00865000;0,01059500;-24,96
2021-05-17T00:00:00+00:00;LTCBEAR/USD;0,01167000;0,01611500;0,01149000;0,01324000;11,86
2021-05-16T00:00:00+00:00;LTCBEAR/USD;0,01185000;0,01327750;0,00920500;0,01167000;-1,54
2021-05-15T00:00:00+00:00;LTCBEAR/USD;0,00969000;0,01216250;0,00915250;0,01185000;18,23
2021-05-14T00:00:00+00:00;LTCBEAR/USD;0,01089500;0,01207000;0,00870500;0,00969000;-12,44
2021-05-13T00:00:00+00:00;LTCBEAR/USD;0,01234000;0,01341000;0,00895000;0,01089500;-13,26
2021-05-12T00:00:00+00:00;LTCBEAR/USD;0,00806000;0,01300500;0,00698000;0,01222500;34,07
2021-05-11T00:00:00+00:00;LTCBEAR/USD;0,00947500;0,01095250;0,00790000;0,00806000;-17,56
2021-05-10T00:00:00+00:00;LTCBEAR/USD;0,00805000;0,01087750;0,00645250;0,00947500;15,04
2021-05-09T00:00:00+00:00;LTCBEAR/USD;0,01170500;0,01283500;0,00782750;0,00805000;-45,4
2021-05-08T00:00:00+00:00;LTCBEAR/USD;0,01198500;0,01281000;0,01079000;0,01170500;-2,39
2021-05-07T00:00:00+00:00;LTCBEAR/USD;0,01111500;0,01282250;0,00921000;0,01198500;7,26
2021-05-06T00:00:00+00:00;LTCBEAR/USD;0,01072000;0,01418500;0,00998500;0,01111500;3,55
2021-05-05T00:00:00+00:00;LTCBEAR/USD;0,01834000;0,01892000;0,01050000;0,01072000;-71,08
2021-05-04T00:00:00+00:00;LTCBEAR/USD;0,02123000;0,02557000;0,01509000;0,01834000;-15,76
2021-05-03T00:00:00+00:00;LTCBEAR/USD;0,02936000;0,02936000;0,02030000;0,02123000;-38,29
2021-05-02T00:00:00+00:00;LTCBEAR/USD;0,02687000;0,03048000;0,02678000;0,02936000;8,48
2021-05-01T00:00:00+00:00;LTCBEAR/USD;0,02839000;0,02991000;0,02639000;0,02687000;-5,66
2021-04-30T00:00:00+00:00;LTCBEAR/USD;0,03559000;0,03608000;0,02781000;0,02839000;-25,36
2021-04-29T00:00:00+00:00;LTCBEAR/USD;0,03414000;0,03763000;0,03286000;0,03559000;4,07
2021-04-28T00:00:00+00:00;LTCBEAR/USD;0,03419000;0,03783000;0,03111000;0,03414000;-0,15
2021-04-27T00:00:00+00:00;LTCBEAR/USD;0,03963000;0,04094000;0,03267000;0,03419000;-15,91
2021-04-26T00:00:00+00:00;LTCBEAR/USD;0,05605000;0,05780000;0,03963000;0,03963000;-41,43
2021-04-25T00:00:00+00:00;LTCBEAR/USD;0,05575000;0,06575000;0,04728000;0,05605000;0,54
2021-04-24T00:00:00+00:00;LTCBEAR/USD;0,04756000;0,05790000;0,04734000;0,05575000;14,69
2021-04-23T00:00:00+00:00;LTCBEAR/USD;0,04096000;0,06628000;0,03875000;0,04756000;13,88
2021-04-22T00:00:00+00:00;LTCBEAR/USD;0,04087000;0,04537000;0,02768000;0,04096000;0,22
2021-04-21T00:00:00+00:00;LTCBEAR/USD;0,03945000;0,04386000;0,03294000;0,04087000;3,47
2021-04-20T00:00:00+00:00;LTCBEAR/USD;0,03972000;0,05302000;0,03408000;0,03945000;-0,68
2021-04-19T00:00:00+00:00;LTCBEAR/USD;0,03453000;0,04360000;0,03153000;0,03972000;13,07
2021-04-18T00:00:00+00:00;LTCBEAR/USD;0,02732000;0,04649000;0,02685000;0,03453000;20,88
2021-04-17T00:00:00+00:00;LTCBEAR/USD;0,02736000;0,02819000;0,02098000;0,02732000;-0,15
2021-04-16T00:00:00+00:00;LTCBEAR/USD;0,03507000;0,04260000;0,02534000;0,02736000;-28,18
2021-04-15T00:00:00+00:00;LTCBEAR/USD;0,03797000;0,04289000;0,03302000;0,03507000;-8,27
2021-04-14T00:00:00+00:00;LTCBEAR/USD;0,04365000;0,04973000;0,03547000;0,03797000;-14,96
2021-04-13T00:00:00+00:00;LTCBEAR/USD;0,05870000;0,05877500;0,04022000;0,04365000;-34,48
2021-04-12T00:00:00+00:00;LTCBEAR/USD;0,05330000;0,06132500;0,04950000;0,05870000;9,2
2021-04-11T00:00:00+00:00;LTCBEAR/USD;0,05025000;0,05770000;0,04657000;0,05330000;5,72
2021-04-10T00:00:00+00:00;LTCBEAR/USD;0,08365000;0,08537500;0,04977500;0,05025000;-66,47
2021-04-09T00:00:00+00:00;LTCBEAR/USD;0,07737500;0,08557500;0,07480000;0,08375000;7,61
2021-04-08T00:00:00+00:00;LTCBEAR/USD;0,08545000;0,08777500;0,07547500;0,07737500;-10,44
2021-04-07T00:00:00+00:00;LTCBEAR/USD;0,06932500;0,09275000;0,06385000;0,08545000;18,87
2021-04-06T00:00:00+00:00;LTCBEAR/USD;0,08682500;0,09045000;0,06250000;0,06932500;-25,24
2021-04-05T00:00:00+00:00;LTCBEAR/USD;0,11645000;0,12375000;0,08120000;0,08682500;-34,12
2021-04-04T00:00:00+00:00;LTCBEAR/USD;0,13005000;0,13390000;0,11250000;0,11645000;-11,68
2021-04-03T00:00:00+00:00;LTCBEAR/USD;0,10482500;0,13040000;0,09535000;0,13005000;19,4
2021-04-02T00:00:00+00:00;LTCBEAR/USD;0,11860000;0,12325000;0,10140000;0,10482500;-13,14
2021-04-01T00:00:00+00:00;LTCBEAR/USD;0,12995000;0,13580000;0,11375000;0,11860000;-9,57
2021-03-31T00:00:00+00:00;LTCBEAR/USD;0,13175000;0,14955000;0,12550000;0,12995000;-1,39
2021-03-30T00:00:00+00:00;LTCBEAR/USD;0,13500000;0,14235000;0,12215000;0,13175000;-2,47
2021-03-29T00:00:00+00:00;LTCBEAR/USD;0,16225000;0,16610000;0,12775000;0,13500000;-20,19
2021-03-28T00:00:00+00:00;LTCBEAR/USD;0,16200000;0,17270000;0,15390000;0,16225000;0,15
2021-03-27T00:00:00+00:00;LTCBEAR/USD;0,16340000;0,17750000;0,15670000;0,16200000;-0,86
2021-03-26T00:00:00+00:00;LTCBEAR/USD;0,20605000;0,20605000;0,16260000;0,16340000;-26,1
2021-03-25T00:00:00+00:00;LTCBEAR/USD;0,19140000;0,21750000;0,18425000;0,20605000;7,11
2021-03-24T00:00:00+00:00;LTCBEAR/USD;0,16470000;0,20115000;0,13580000;0,19140000;13,95
2021-03-23T00:00:00+00:00;LTCBEAR/USD;0,16575000;0,17730000;0,15555000;0,16470000;-0,64
2021-03-22T00:00:00+00:00;LTCBEAR/USD;0,14280000;0,16750000;0,13660000;0,16575000;13,85
2021-03-21T00:00:00+00:00;LTCBEAR/USD;0,13345000;0,14940000;0,12995000;0,14280000;6,55
2021-03-20T00:00:00+00:00;LTCBEAR/USD;0,13365000;0,13550000;0,12065000;0,13345000;-0,15
2021-03-19T00:00:00+00:00;LTCBEAR/USD;0,13395000;0,14170000;0,12355000;0,13365000;-0,22
2021-03-18T00:00:00+00:00;LTCBEAR/USD;0,12295000;0,13515000;0,11900000;0,13395000;8,21
2021-03-17T00:00:00+00:00;LTCBEAR/USD;0,13135000;0,14540000;0,12170000;0,12295000;-6,83
2021-03-16T00:00:00+00:00;LTCBEAR/USD;0,13280000;0,15200000;0,12460000;0,13135000;-1,1
2021-03-15T00:00:00+00:00;LTCBEAR/USD;0,11210000;0,13780000;0,09805000;0,13280000;15,59
2021-03-14T00:00:00+00:00;LTCBEAR/USD;0,09615000;0,11225000;0,09347500;0,11210000;14,23
2021-03-13T00:00:00+00:00;LTCBEAR/USD;0,10405000;0,11520000;0,09055000;0,09615000;-8,22
2021-03-12T00:00:00+00:00;LTCBEAR/USD;0,14050000;0,14580000;0,09825000;0,10405000;-35,03
2021-03-11T00:00:00+00:00;LTCBEAR/USD;0,14375000;0,16235000;0,13580000;0,14050000;-2,31
2021-03-10T00:00:00+00:00;LTCBEAR/USD;0,13715000;0,15915000;0,12695000;0,14375000;4,59
2021-03-09T00:00:00+00:00;LTCBEAR/USD;0,16585000;0,17295000;0,13355000;0,13715000;-20,93
2021-03-08T00:00:00+00:00;LTCBEAR/USD;0,17015000;0,19805000;0,15730000;0,16585000;-2,59
2021-03-07T00:00:00+00:00;LTCBEAR/USD;0,19370000;0,19540000;0,16585000;0,17015000;-13,84
2021-03-06T00:00:00+00:00;LTCBEAR/USD;0,20275000;0,22100000;0,18870000;0,19370000;-4,67
2021-03-05T00:00:00+00:00;LTCBEAR/USD;0,20225000;0,24265000;0,19215000;0,20275000;0,25
2021-03-04T00:00:00+00:00;LTCBEAR/USD;0,18120000;0,21325000;0,16225000;0,20225000;10,41
2021-03-03T00:00:00+00:00;LTCBEAR/USD;0,21655000;0,22245000;0,15770000;0,18120000;-19,51
2021-03-02T00:00:00+00:00;LTCBEAR/USD;0,22620000;0,24640000;0,19245000;0,21655000;-4,46
2021-03-01T00:00:00+00:00;LTCBEAR/USD;0,28270000;0,29060000;0,22480000;0,22620000;-24,98
2021-02-28T00:00:00+00:00;LTCBEAR/USD;0,25190000;0,34210000;0,24770000;0,28270000;10,89
2021-02-27T00:00:00+00:00;LTCBEAR/USD;0,26070000;0,27400000;0,21440000;0,25190000;-3,49
2021-02-26T00:00:00+00:00;LTCBEAR/USD;0,22930000;0,29110000;0,21120000;0,26070000;12,04
2021-02-25T00:00:00+00:00;LTCBEAR/USD;0,23500000;0,25835000;0,15300000;0,22930000;-2,49
2021-02-24T00:00:00+00:00;LTCBEAR/USD;0,26540000;0,29820000;0,20895000;0,23500000;-12,94
2021-02-23T00:00:00+00:00;LTCBEAR/USD;0,18360000;0,31500000;0,18195000;0,26540000;30,82
2021-02-22T00:00:00+00:00;LTCBEAR/USD;0,14555000;0,23215000;0,14535000;0,18360000;20,72
2021-02-21T00:00:00+00:00;LTCBEAR/USD;0,14660000;0,15860000;0,13280000;0,14555000;-0,72
2021-02-20T00:00:00+00:00;LTCBEAR/USD;0,12940000;0,16575000;0,11315000;0,14660000;11,73
2021-02-19T00:00:00+00:00;LTCBEAR/USD;0,14790000;0,15960000;0,11850000;0,12940000;-14,3
2021-02-18T00:00:00+00:00;LTCBEAR/USD;0,12930000;0,15485000;0,12610000;0,14790000;12,58
2021-02-17T00:00:00+00:00;LTCBEAR/USD;0,19570000;0,21430000;0,12890000;0,12930000;-51,35
2021-02-16T00:00:00+00:00;LTCBEAR/USD;0,20930000;0,22930000;0,16660000;0,19570000;-6,95
2021-02-15T00:00:00+00:00;LTCBEAR/USD;0,19190000;0,26335000;0,17635000;0,20930000;8,31
2021-02-14T00:00:00+00:00;LTCBEAR/USD;0,16330000;0,20095000;0,15525000;0,19190000;14,9
2021-02-13T00:00:00+00:00;LTCBEAR/USD;0,25960000;0,28360000;0,15740000;0,16330000;-58,97
2021-02-12T00:00:00+00:00;LTCBEAR/USD;0,32590000;0,36380000;0,24800000;0,25960000;-25,54
2021-02-11T00:00:00+00:00;LTCBEAR/USD;0,35250000;0,38610000;0,28380000;0,32590000;-8,16
2021-02-10T00:00:00+00:00;LTCBEAR/USD;0,37080000;0,40350000;0,28970000;0,35250000;-5,19
2021-02-09T00:00:00+00:00;LTCBEAR/USD;0,48830000;0,51460000;0,35160000;0,37080000;-31,69
2021-02-08T00:00:00+00:00;LTCBEAR/USD;0,70225000;0,74375000;0,46675000;0,48830000;-43,82
2021-02-07T00:00:00+00:00;LTCBEAR/USD;0,63675000;0,77100000;0,61625000;0,70225000;9,33
2021-02-06T00:00:00+00:00;LTCBEAR/USD;0,63925000;0,70575000;0,53100000;0,63675000;-0,39
2021-02-05T00:00:00+00:00;LTCBEAR/USD;0,80200000;0,82500000;0,61675000;0,63925000;-25,46
2021-02-04T00:00:00+00:00;LTCBEAR/USD;0,66175000;0,85000000;0,62525000;0,80200000;17,49
2021-02-03T00:00:00+00:00;LTCBEAR/USD;0,90850000;0,90875000;0,65375000;0,66175000;-37,29
2021-02-02T00:00:00+00:00;LTCBEAR/USD;1,17250000;1,17550000;0,83550000;0,90850000;-29,06
2021-02-01T00:00:00+00:00;LTCBEAR/USD;1,24950000;1,35000000;1,03900000;1,17250000;-6,57
2021-01-31T00:00:00+00:00;LTCBEAR/USD;1,14650000;1,34800000;1,10400000;1,24950000;8,24
2021-01-30T00:00:00+00:00;LTCBEAR/USD;1,11200000;1,28650000;1,07650000;1,14650000;3,01
2021-01-29T00:00:00+00:00;LTCBEAR/USD;1,20400000;1,24650000;0,88400000;1,11200000;-8,27
2021-01-28T00:00:00+00:00;LTCBEAR/USD;1,62650000;1,67900000;1,13100000;1,20400000;-35,09
2021-01-27T00:00:00+00:00;LTCBEAR/USD;1,27400000;1,73200000;1,26900000;1,62650000;21,67
2021-01-26T00:00:00+00:00;LTCBEAR/USD;1,21550000;1,44700000;1,14600000;1,27400000;4,59
2021-01-25T00:00:00+00:00;LTCBEAR/USD;1,11450000;1,22400000;0,96150000;1,21400000;8,2
2021-01-24T00:00:00+00:00;LTCBEAR/USD;1,20950000;1,30900000;1,07100000;1,11450000;-8,52
2021-01-23T00:00:00+00:00;LTCBEAR/USD;1,20400000;1,27650000;1,04450000;1,20950000;0,45
2021-01-22T00:00:00+00:00;LTCBEAR/USD;1,49600000;1,72750000;1,09950000;1,20400000;-24,25
2021-01-21T00:00:00+00:00;LTCBEAR/USD;1,06750000;1,59050000;1,06250000;1,49600000;28,64
2021-01-20T00:00:00+00:00;LTCBEAR/USD;1,02575000;1,29900000;0,94200000;1,06750000;3,91
2021-01-19T00:00:00+00:00;LTCBEAR/USD;1,07700000;1,10900000;0,79750000;1,02575000;-5,0
2021-01-18T00:00:00+00:00;LTCBEAR/USD;1,34000000;1,45300000;1,01750000;1,07700000;-24,42
2021-01-17T00:00:00+00:00;LTCBEAR/USD;1,31050000;1,51250000;1,21250000;1,34000000;2,2
2021-01-16T00:00:00+00:00;LTCBEAR/USD;1,30550000;1,42700000;1,06850000;1,31050000;0,38
2021-01-15T00:00:00+00:00;LTCBEAR/USD;1,10700000;1,59000000;1,04350000;1,30550000;15,2
2021-01-14T00:00:00+00:00;LTCBEAR/USD;1,23850000;1,31100000;1,00750000;1,10700000;-11,88
2021-01-13T00:00:00+00:00;LTCBEAR/USD;1,76700000;2,05650000;1,22150000;1,23850000;-42,67
2021-01-12T00:00:00+00:00;LTCBEAR/USD;1,57950000;1,94450000;1,28950000;1,76700000;10,61
2021-01-11T00:00:00+00:00;LTCBEAR/USD;1,01800000;2,08650000;1,01150000;1,57950000;35,55
2021-01-10T00:00:00+00:00;LTCBEAR/USD;0,91375000;1,13900000;0,77925000;1,01800000;10,24
2021-01-09T00:00:00+00:00;LTCBEAR/USD;0,99575000;1,15450000;0,88700000;0,91375000;-8,97
2021-01-08T00:00:00+00:00;LTCBEAR/USD;1,10050000;1,47200000;0,86500000;0,99575000;-10,52
2021-01-07T00:00:00+00:00;LTCBEAR/USD;1,15750000;1,29400000;0,91250000;1,10000000;-5,23
2021-01-06T00:00:00+00:00;LTCBEAR/USD;1,42100000;1,50750000;1,13650000;1,15750000;-22,76
2021-01-05T00:00:00+00:00;LTCBEAR/USD;1,50750000;1,75700000;1,29700000;1,42100000;-6,09
2021-01-04T00:00:00+00:00;LTCBEAR/USD;1,47100000;1,80950000;1,12200000;1,50750000;2,42
2021-01-03T00:00:00+00:00;LTCBEAR/USD;2,56900000;2,65200000;1,36050000;1,47100000;-74,64
2021-01-02T00:00:00+00:00;LTCBEAR/USD;3,41700000;3,65100000;2,26400000;2,56900000;-33,01
2021-01-01T00:00:00+00:00;LTCBEAR/USD;3,74500000;3,86300000;2,90500000;3,41700000;-9,6
2020-12-31T00:00:00+00:00;LTCBEAR/USD;3,30200000;3,92100000;3,27800000;3,74500000;11,83
2020-12-30T00:00:00+00:00;LTCBEAR/USD;3,39500000;3,87000000;3,06400000;3,30200000;-2,82
2020-12-29T00:00:00+00:00;LTCBEAR/USD;3,31400000;4,07300000;3,23600000;3,39500000;2,39
2020-12-28T00:00:00+00:00;LTCBEAR/USD;3,64200000;3,74600000;2,84000000;3,31400000;-9,9
2020-12-27T00:00:00+00:00;LTCBEAR/USD;3,70300000;4,36900000;2,90000000;3,64200000;-1,67
2020-12-26T00:00:00+00:00;LTCBEAR/USD;3,87500000;4,10000000;3,21900000;3,70300000;-4,64
2020-12-25T00:00:00+00:00;LTCBEAR/USD;6,23250000;6,70500000;3,79300000;3,87500000;-60,84
2020-12-24T00:00:00+00:00;LTCBEAR/USD;8,49000000;9,30500000;6,05000000;6,25000000;-35,84
2020-12-23T00:00:00+00:00;LTCBEAR/USD;6,48250000;9,73750000;5,99500000;8,49000000;23,65
2020-12-22T00:00:00+00:00;LTCBEAR/USD;8,77500000;10,28500000;6,44000000;6,48250000;-35,36
2020-12-21T00:00:00+00:00;LTCBEAR/USD;6,89500000;9,51000000;6,11250000;8,77500000;21,42
2020-12-20T00:00:00+00:00;LTCBEAR/USD;6,05750000;7,60750000;5,58000000;6,89500000;12,15
2020-12-19T00:00:00+00:00;LTCBEAR/USD;8,28250000;9,14750000;5,32000000;6,05750000;-36,73
2020-12-18T00:00:00+00:00;LTCBEAR/USD;10,96500000;11,47500000;7,43500000;8,28250000;-32,39
2020-12-17T00:00:00+00:00;LTCBEAR/USD;15,20000000;16,22000000;8,59500000;10,96500000;-38,62
2020-12-16T00:00:00+00:00;LTCBEAR/USD;24,21000000;26,93000000;14,97500000;15,20000000;-59,28
2020-12-15T00:00:00+00:00;LTCBEAR/USD;23,39500000;25,04000000;21,22000000;24,21000000;3,37
2020-12-14T00:00:00+00:00;LTCBEAR/USD;23,46000000;26,12000000;22,84000000;23,39500000;-0,28
2020-12-13T00:00:00+00:00;LTCBEAR/USD;29,98000000;31,16000000;21,63000000;23,46000000;-27,79
2020-12-12T00:00:00+00:00;LTCBEAR/USD;37,10000000;37,28000000;28,98000000;29,98000000;-23,75
2020-12-11T00:00:00+00:00;LTCBEAR/USD;33,80000000;40,24000000;33,47000000;37,10000000;8,89
2020-12-10T00:00:00+00:00;LTCBEAR/USD;30,70000000;35,58000000;30,43000000;33,80000000;9,17
2020-12-09T00:00:00+00:00;LTCBEAR/USD;31,46000000;37,14000000;29,86000000;30,70000000;-2,48
2020-12-08T00:00:00+00:00;LTCBEAR/USD;25,35000000;32,61000000;24,20000000;31,46000000;19,42
2020-12-07T00:00:00+00:00;LTCBEAR/USD;25,28000000;26,98000000;22,32000000;25,35000000;0,28
2020-12-06T00:00:00+00:00;LTCBEAR/USD;25,72000000;28,11000000;23,78000000;25,28000000;-1,74
2020-12-05T00:00:00+00:00;LTCBEAR/USD;29,97000000;30,83000000;24,51000000;25,72000000;-16,52
2020-12-04T00:00:00+00:00;LTCBEAR/USD;22,56500000;31,16500000;21,91500000;29,96000000;24,68
2020-12-03T00:00:00+00:00;LTCBEAR/USD;22,46000000;25,07500000;20,85000000;22,56500000;0,47
2020-12-02T00:00:00+00:00;LTCBEAR/USD;26,50000000;28,57000000;21,33000000;22,46000000;-17,99
2020-12-01T00:00:00+00:00;LTCBEAR/USD;24,20000000;30,95000000;20,07000000;26,50000000;8,68
2020-11-30T00:00:00+00:00;LTCBEAR/USD;34,51000000;37,18000000;23,55000000;24,20000000;-42,6
2020-11-29T00:00:00+00:00;LTCBEAR/USD;45,82000000;47,63000000;31,63000000;34,51000000;-32,77
2020-11-28T00:00:00+00:00;LTCBEAR/USD;54,97500000;56,42500000;41,78000000;45,82000000;-19,98
2020-11-27T00:00:00+00:00;LTCBEAR/USD;50,86000000;62,72500000;45,36000000;54,97500000;7,49
2020-11-26T00:00:00+00:00;LTCBEAR/USD;37,59000000;58,42500000;35,48000000;50,86000000;26,09
2020-11-25T00:00:00+00:00;LTCBEAR/USD;29,72000000;40,81000000;28,44000000;37,59000000;20,94
2020-11-24T00:00:00+00:00;LTCBEAR/USD;29,68000000;32,97000000;24,90000000;29,72000000;0,13
2020-11-23T00:00:00+00:00;LTCBEAR/USD;37,96000000;40,51000000;27,92000000;29,68000000;-27,9
2020-11-22T00:00:00+00:00;LTCBEAR/USD;32,88000000;43,62000000;31,83000000;37,96000000;13,38
2020-11-21T00:00:00+00:00;LTCBEAR/USD;39,87000000;42,92000000;31,54000000;32,88000000;-21,26
2020-11-20T00:00:00+00:00;LTCBEAR/USD;41,49000000;43,45000000;35,41000000;39,87000000;-4,06
2020-11-19T00:00:00+00:00;LTCBEAR/USD;58,80000000;63,62500000;38,26000000;41,49000000;-41,72
2020-11-18T00:00:00+00:00;LTCBEAR/USD;53,02500000;69,18000000;51,16000000;58,80000000;9,82
2020-11-17T00:00:00+00:00;LTCBEAR/USD;58,95000000;65,10000000;51,45000000;53,02500000;-11,17
2020-11-16T00:00:00+00:00;LTCBEAR/USD;105,50000000;106,35000000;56,92500000;58,95000000;-78,97
2020-11-15T00:00:00+00:00;LTCBEAR/USD;98,80000000;111,15000000;95,90000000;105,50000000;6,35
2020-11-14T00:00:00+00:00;LTCBEAR/USD;90,40000000;107,02500000;88,47500000;98,80000000;8,5
2020-11-13T00:00:00+00:00;LTCBEAR/USD;118,65000000;121,30000000;87,17500000;90,40000000;-31,25
2020-11-12T00:00:00+00:00;LTCBEAR/USD;128,00000000;138,00000000;118,35000000;118,65000000;-7,88
2020-11-11T00:00:00+00:00;LTCBEAR/USD;136,60000000;137,35000000;118,80000000;128,00000000;-6,72
2020-11-10T00:00:00+00:00;LTCBEAR/USD;128,70000000;142,40000000;126,25000000;136,60000000;5,78
2020-11-09T00:00:00+00:00;LTCBEAR/USD;117,85000000;138,25000000;113,30000000;128,70000000;8,43
2020-11-08T00:00:00+00:00;LTCBEAR/USD;132,40000000;134,35000000;111,35000000;117,85000000;-12,35
2020-11-07T00:00:00+00:00;LTCBEAR/USD;109,80000000;141,95000000;102,35000000;132,40000000;17,07
2020-11-06T00:00:00+00:00;LTCBEAR/USD;139,95000000;141,40000000;108,25000000;109,80000000;-27,46
2020-11-05T00:00:00+00:00;LTCBEAR/USD;181,00000000;182,60000000;133,70000000;139,95000000;-29,33
2020-11-04T00:00:00+00:00;LTCBEAR/USD;189,40000000;212,60000000;176,15000000;181,00000000;-4,64
2020-11-03T00:00:00+00:00;LTCBEAR/USD;190,85000000;221,85000000;184,90000000;189,40000000;-0,77
2020-11-02T00:00:00+00:00;LTCBEAR/USD;173,80000000;198,55000000;163,10000000;190,85000000;8,93
2020-11-01T00:00:00+00:00;LTCBEAR/USD;174,30000000;189,15000000;169,10000000;173,80000000;-0,29
2020-10-31T00:00:00+00:00;LTCBEAR/USD;191,65000000;196,25000000;166,05000000;174,30000000;-9,95
2020-10-30T00:00:00+00:00;LTCBEAR/USD;183,45000000;216,35000000;174,85000000;191,65000000;4,28
2020-10-29T00:00:00+00:00;LTCBEAR/USD;174,70000000;198,30000000;168,75000000;183,45000000;4,77
2020-10-28T00:00:00+00:00;LTCBEAR/USD;157,05000000;185,00000000;135,60000000;174,70000000;10,1
2020-10-27T00:00:00+00:00;LTCBEAR/USD;167,05000000;171,30000000;146,45000000;157,05000000;-6,37
2020-10-26T00:00:00+00:00;LTCBEAR/USD;151,70000000;181,30000000;146,15000000;167,05000000;9,19
2020-10-25T00:00:00+00:00;LTCBEAR/USD;149,35000000;170,25000000;142,55000000;151,70000000;1,55
2020-10-24T00:00:00+00:00;LTCBEAR/USD;187,10000000;192,45000000;146,35000000;149,35000000;-25,28
2020-10-23T00:00:00+00:00;LTCBEAR/USD;198,50000000;212,10000000;170,70000000;187,10000000;-6,09
2020-10-22T00:00:00+00:00;LTCBEAR/USD;213,35000000;213,35000000;177,20000000;198,50000000;-7,48
2020-10-21T00:00:00+00:00;LTCBEAR/USD;330,60000000;330,60000000;191,00000000;213,35000000;-54,96
2020-10-20T00:00:00+00:00;LTCBEAR/USD;308,50000000;338,70000000;301,10000000;330,60000000;6,68
2020-10-19T00:00:00+00:00;LTCBEAR/USD;319,40000000;333,10000000;300,30000000;308,50000000;-3,53
2020-10-18T00:00:00+00:00;LTCBEAR/USD;332,90000000;334,90000000;312,50000000;319,40000000;-4,23
2020-10-17T00:00:00+00:00;LTCBEAR/USD;319,10000000;344,20000000;318,30000000;332,90000000;4,15
2020-10-16T00:00:00+00:00;LTCBEAR/USD;286,70000000;354,10000000;281,20000000;319,10000000;10,15
2020-10-15T00:00:00+00:00;LTCBEAR/USD;282,30000000;297,40000000;274,90000000;286,70000000;1,53
2020-10-14T00:00:00+00:00;LTCBEAR/USD;280,00000000;289,90000000;261,50000000;282,30000000;0,81
2020-10-13T00:00:00+00:00;LTCBEAR/USD;268,30000000;296,20000000;266,70000000;280,00000000;4,18
2020-10-12T00:00:00+00:00;LTCBEAR/USD;270,30000000;287,60000000;254,50000000;268,30000000;-0,75
2020-10-11T00:00:00+00:00;LTCBEAR/USD;300,30000000;302,90000000;257,10000000;270,30000000;-11,1
2020-10-10T00:00:00+00:00;LTCBEAR/USD;321,70000000;321,70000000;270,10000000;300,30000000;-7,13
2020-10-09T00:00:00+00:00;LTCBEAR/USD;333,60000000;345,70000000;312,80000000;321,70000000;-3,7
2020-10-08T00:00:00+00:00;LTCBEAR/USD;347,70000000;372,70000000;328,40000000;333,60000000;-4,23
2020-10-07T00:00:00+00:00;LTCBEAR/USD;363,40000000;385,20000000;341,30000000;347,70000000;-4,52
2020-10-06T00:00:00+00:00;LTCBEAR/USD;354,00000000;374,50000000;311,90000000;363,40000000;2,59
2020-10-05T00:00:00+00:00;LTCBEAR/USD;346,30000000;372,00000000;338,80000000;354,00000000;2,18
2020-10-04T00:00:00+00:00;LTCBEAR/USD;374,80000000;382,10000000;338,50000000;346,30000000;-8,23
2020-10-03T00:00:00+00:00;LTCBEAR/USD;392,60000000;396,10000000;364,40000000;374,80000000;-4,75
2020-10-02T00:00:00+00:00;LTCBEAR/USD;360,80000000;430,30000000;344,60000000;392,60000000;8,1
2020-10-01T00:00:00+00:00;LTCBEAR/USD;359,70000000;383,40000000;309,10000000;360,80000000;0,3
2020-09-30T00:00:00+00:00;LTCBEAR/USD;374,60000000;380,70000000;349,50000000;359,70000000;-4,14
2020-09-29T00:00:00+00:00;LTCBEAR/USD;387,50000000;391,90000000;371,40000000;374,60000000;-3,44
2020-09-28T00:00:00+00:00;LTCBEAR/USD;366,10000000;395,60000000;341,90000000;387,50000000;5,52
2020-09-27T00:00:00+00:00;LTCBEAR/USD;366,20000000;399,80000000;355,20000000;366,10000000;-0,03
2020-09-26T00:00:00+00:00;LTCBEAR/USD;369,20000000;386,90000000;355,40000000;366,20000000;-0,82
2020-09-25T00:00:00+00:00;LTCBEAR/USD;397,60000000;421,50000000;356,00000000;369,20000000;-7,69
2020-09-24T00:00:00+00:00;LTCBEAR/USD;463,40000000;475,70000000;392,10000000;397,60000000;-16,55
2020-09-23T00:00:00+00:00;LTCBEAR/USD;424,00000000;482,10000000;404,70000000;463,40000000;8,5
2020-09-22T00:00:00+00:00;LTCBEAR/USD;472,30000000;480,90000000;414,20000000;424,00000000;-11,39
2020-09-21T00:00:00+00:00;LTCBEAR/USD;379,30000000;506,10000000;364,60000000;472,30000000;19,69
2020-09-20T00:00:00+00:00;LTCBEAR/USD;348,00000000;397,40000000;348,00000000;379,30000000;8,25
2020-09-19T00:00:00+00:00;LTCBEAR/USD;348,40000000;359,00000000;337,40000000;348,00000000;-0,11
2020-09-18T00:00:00+00:00;LTCBEAR/USD;341,90000000;368,00000000;336,90000000;348,40000000;1,87
2020-09-17T00:00:00+00:00;LTCBEAR/USD;366,20000000;367,90000000;325,10000000;341,90000000;-7,11
2020-09-16T00:00:00+00:00;LTCBEAR/USD;356,00000000;383,10000000;345,90000000;366,20000000;2,79
2020-09-15T00:00:00+00:00;LTCBEAR/USD;339,40000000;357,30000000;315,30000000;356,00000000;4,66
2020-09-14T00:00:00+00:00;LTCBEAR/USD;363,20000000;382,60000000;327,50000000;339,40000000;-7,01
2020-09-13T00:00:00+00:00;LTCBEAR/USD;312,40000000;377,30000000;309,20000000;363,20000000;13,99
2020-09-12T00:00:00+00:00;LTCBEAR/USD;354,20000000;365,60000000;303,70000000;312,40000000;-13,38
2020-09-11T00:00:00+00:00;LTCBEAR/USD;360,70000000;387,40000000;345,10000000;354,20000000;-1,84
2020-09-10T00:00:00+00:00;LTCBEAR/USD;382,00000000;382,60000000;343,50000000;360,70000000;-5,91
2020-09-09T00:00:00+00:00;LTCBEAR/USD;392,80000000;413,80000000;357,30000000;382,00000000;-2,83
2020-09-08T00:00:00+00:00;LTCBEAR/USD;362,60000000;423,40000000;350,90000000;392,80000000;7,69
2020-09-07T00:00:00+00:00;LTCBEAR/USD;385,00000000;448,50000000;355,40000000;362,60000000;-6,18
2020-09-06T00:00:00+00:00;LTCBEAR/USD;391,90000000;426,00000000;356,00000000;385,00000000;-1,79
2020-09-05T00:00:00+00:00;LTCBEAR/USD;339,50000000;441,60000000;321,90000000;391,90000000;13,37
2020-09-04T00:00:00+00:00;LTCBEAR/USD;424,60000000;447,10000000;301,10000000;339,50000000;-25,07
2020-09-03T00:00:00+00:00;LTCBEAR/USD;272,90000000;452,00000000;264,50000000;424,60000000;35,73
2020-09-02T00:00:00+00:00;LTCBEAR/USD;223,80000000;290,55000000;218,85000000;272,90000000;17,99
2020-09-01T00:00:00+00:00;LTCBEAR/USD;244,20000000;256,10000000;204,00000000;223,80000000;-9,12
2020-08-31T00:00:00+00:00;LTCBEAR/USD;223,85000000;246,90000000;214,80000000;244,20000000;8,33
2020-08-30T00:00:00+00:00;LTCBEAR/USD;311,60000000;311,60000000;223,45000000;223,85000000;-39,2
2020-08-29T00:00:00+00:00;LTCBEAR/USD;305,70000000;311,60000000;292,80000000;311,60000000;1,89
2020-08-28T00:00:00+00:00;LTCBEAR/USD;330,50000000;341,80000000;291,60000000;305,70000000;-8,11
2020-08-27T00:00:00+00:00;LTCBEAR/USD;297,10000000;361,50000000;281,20000000;330,50000000;10,11
2020-08-26T00:00:00+00:00;LTCBEAR/USD;295,20000000;314,00000000;282,60000000;297,10000000;0,64
2020-08-25T00:00:00+00:00;LTCBEAR/USD;250,50000000;316,00000000;247,90000000;295,20000000;15,14
2020-08-24T00:00:00+00:00;LTCBEAR/USD;270,00000000;277,80000000;238,70000000;250,50000000;-7,78
2020-08-23T00:00:00+00:00;LTCBEAR/USD;275,20000000;304,40000000;256,30000000;270,30000000;-1,81
2020-08-22T00:00:00+00:00;LTCBEAR/USD;292,30000000;312,20000000;272,20000000;275,20000000;-6,21
2020-08-21T00:00:00+00:00;LTCBEAR/USD;248,70000000;297,90000000;236,80000000;292,30000000;14,92
2020-08-20T00:00:00+00:00;LTCBEAR/USD;257,60000000;270,60000000;238,70000000;248,70000000;-3,58
2020-08-19T00:00:00+00:00;LTCBEAR/USD;223,80000000;289,80000000;206,65000000;257,60000000;13,12
2020-08-18T00:00:00+00:00;LTCBEAR/USD;204,35000000;239,20000000;194,35000000;223,80000000;8,69
2020-08-17T00:00:00+00:00;LTCBEAR/USD;243,40000000;270,50000000;190,05000000;204,35000000;-19,11
2020-08-16T00:00:00+00:00;LTCBEAR/USD;302,40000000;326,10000000;235,50000000;243,40000000;-24,24
2020-08-15T00:00:00+00:00;LTCBEAR/USD;365,00000000;366,40000000;289,50000000;302,40000000;-20,7
2020-08-14T00:00:00+00:00;LTCBEAR/USD;359,90000000;429,50000000;345,00000000;365,00000000;1,4
2020-08-13T00:00:00+00:00;LTCBEAR/USD;423,30000000;484,20000000;356,70000000;359,90000000;-17,62
2020-08-12T00:00:00+00:00;LTCBEAR/USD;436,80000000;489,60000000;410,10000000;423,30000000;-3,19
2020-08-11T00:00:00+00:00;LTCBEAR/USD;358,60000000;467,20000000;333,40000000;436,80000000;17,9
2020-08-10T00:00:00+00:00;LTCBEAR/USD;382,70000000;384,60000000;335,40000000;358,60000000;-6,72
2020-08-09T00:00:00+00:00;LTCBEAR/USD;356,90000000;398,80000000;352,50000000;382,70000000;6,74
2020-08-08T00:00:00+00:00;LTCBEAR/USD;382,70000000;394,70000000;355,60000000;356,90000000;-7,23
2020-08-07T00:00:00+00:00;LTCBEAR/USD;348,80000000;429,70000000;314,90000000;382,70000000;8,86
2020-08-06T00:00:00+00:00;LTCBEAR/USD;352,00000000;371,70000000;320,30000000;348,80000000;-0,92
2020-08-05T00:00:00+00:00;LTCBEAR/USD;376,90000000;403,40000000;334,30000000;352,00000000;-7,07
2020-08-04T00:00:00+00:00;LTCBEAR/USD;360,70000000;397,70000000;338,90000000;376,90000000;4,3
2020-08-03T00:00:00+00:00;LTCBEAR/USD;400,40000000;420,10000000;328,20000000;360,70000000;-11,01
2020-08-02T00:00:00+00:00;LTCBEAR/USD;322,60000000;431,00000000;268,60000000;400,40000000;19,43
2020-08-01T00:00:00+00:00;LTCBEAR/USD;394,60000000;404,20000000;311,70000000;322,60000000;-22,32
2020-07-31T00:00:00+00:00;LTCBEAR/USD;423,20000000;443,60000000;370,60000000;394,60000000;-7,25
2020-07-30T00:00:00+00:00;LTCBEAR/USD;465,20000000;492,30000000;379,30000000;423,20000000;-9,92
2020-07-29T00:00:00+00:00;LTCBEAR/USD;446,70000000;471,00000000;420,50000000;465,20000000;3,98
2020-07-28T00:00:00+00:00;LTCBEAR/USD;526,60000000;573,60000000;405,70000000;446,70000000;-17,89
2020-07-27T00:00:00+00:00;LTCBEAR/USD;761,00000000;817,75000000;460,90000000;526,60000000;-44,51
2020-07-26T00:00:00+00:00;LTCBEAR/USD;710,00000000;781,75000000;646,50000000;761,00000000;6,7
2020-07-25T00:00:00+00:00;LTCBEAR/USD;1021,25000000;1027,25000000;688,25000000;710,25000000;-43,79
2020-07-24T00:00:00+00:00;LTCBEAR/USD;969,00000000;1032,75000000;967,00000000;1021,25000000;5,12
2020-07-23T00:00:00+00:00;LTCBEAR/USD;963,50000000;995,50000000;920,50000000;968,25000000;0,49
2020-07-22T00:00:00+00:00;LTCBEAR/USD;1058,50000000;1094,75000000;955,50000000;963,50000000;-9,86
2020-07-21T00:00:00+00:00;LTCBEAR/USD;1217,00000000;1223,50000000;1028,50000000;1058,50000000;-14,97
2020-07-20T00:00:00+00:00;LTCBEAR/USD;1155,50000000;1259,00000000;1146,50000000;1217,00000000;5,05
2020-07-19T00:00:00+00:00;LTCBEAR/USD;1170,50000000;1223,50000000;1140,50000000;1155,50000000;-1,3
2020-07-18T00:00:00+00:00;LTCBEAR/USD;1224,00000000;1235,50000000;1140,50000000;1170,50000000;-4,57
2020-07-17T00:00:00+00:00;LTCBEAR/USD;1215,50000000;1240,00000000;1181,50000000;1224,00000000;0,69
2020-07-16T00:00:00+00:00;LTCBEAR/USD;1115,00000000;1298,00000000;1107,00000000;1215,50000000;8,27
2020-07-15T00:00:00+00:00;LTCBEAR/USD;1076,50000000;1148,50000000;1063,50000000;1115,00000000;3,45
2020-07-14T00:00:00+00:00;LTCBEAR/USD;1077,25000000;1149,00000000;1066,00000000;1076,50000000;-0,07
2020-07-13T00:00:00+00:00;LTCBEAR/USD;1018,00000000;1162,00000000;961,50000000;1077,25000000;5,5
2020-07-12T00:00:00+00:00;LTCBEAR/USD;1019,00000000;1081,25000000;981,25000000;1018,00000000;-0,1
2020-07-11T00:00:00+00:00;LTCBEAR/USD;1042,50000000;1073,75000000;1017,25000000;1019,00000000;-2,31
2020-07-10T00:00:00+00:00;LTCBEAR/USD;1041,50000000;1102,50000000;1024,25000000;1042,50000000;0,1
2020-07-09T00:00:00+00:00;LTCBEAR/USD;975,00000000;1090,75000000;939,50000000;1041,50000000;6,39
2020-07-08T00:00:00+00:00;LTCBEAR/USD;1127,00000000;1143,50000000;954,25000000;975,00000000;-15,59
2020-07-07T00:00:00+00:00;LTCBEAR/USD;1072,00000000;1145,50000000;1038,50000000;1127,00000000;4,88
2020-07-06T00:00:00+00:00;LTCBEAR/USD;1306,00000000;1311,50000000;1059,50000000;1072,00000000;-21,83
2020-07-05T00:00:00+00:00;LTCBEAR/USD;1265,00000000;1380,00000000;1253,50000000;1306,00000000;3,14
2020-07-04T00:00:00+00:00;LTCBEAR/USD;1364,00000000;1368,00000000;1253,50000000;1265,00000000;-7,83
2020-07-03T00:00:00+00:00;LTCBEAR/USD;1369,00000000;1380,50000000;1307,00000000;1364,00000000;-0,37
2020-07-02T00:00:00+00:00;LTCBEAR/USD;1303,00000000;1438,50000000;1290,00000000;1369,00000000;4,82
2020-07-01T00:00:00+00:00;LTCBEAR/USD;1367,00000000;1383,00000000;1278,50000000;1303,00000000;-4,91
2020-06-30T00:00:00+00:00;LTCBEAR/USD;1297,50000000;1403,00000000;1286,50000000;1367,00000000;5,08
2020-06-29T00:00:00+00:00;LTCBEAR/USD;1348,00000000;1425,00000000;1265,00000000;1297,50000000;-3,89
2020-06-28T00:00:00+00:00;LTCBEAR/USD;1392,00000000;1447,00000000;1285,50000000;1348,00000000;-3,26
2020-06-27T00:00:00+00:00;LTCBEAR/USD;1211,50000000;1550,00000000;1211,50000000;1392,00000000;12,97
2020-06-26T00:00:00+00:00;LTCBEAR/USD;1278,50000000;1364,50000000;1173,50000000;1211,50000000;-5,53
2020-06-25T00:00:00+00:00;LTCBEAR/USD;1262,00000000;1342,50000000;1227,00000000;1278,50000000;1,29
2020-06-24T00:00:00+00:00;LTCBEAR/USD;1139,00000000;1296,00000000;1100,50000000;1262,00000000;9,75
2020-06-23T00:00:00+00:00;LTCBEAR/USD;1125,00000000;1154,50000000;1114,50000000;1139,00000000;1,23
2020-06-22T00:00:00+00:00;LTCBEAR/USD;1243,00000000;1247,00000000;1095,50000000;1125,00000000;-10,49
2020-06-21T00:00:00+00:00;LTCBEAR/USD;1193,00000000;1251,50000000;1176,00000000;1243,00000000;4,02
2020-06-20T00:00:00+00:00;LTCBEAR/USD;1261,50000000;1305,50000000;1172,50000000;1193,00000000;-5,74
2020-06-19T00:00:00+00:00;LTCBEAR/USD;1207,00000000;1275,00000000;1188,50000000;1261,50000000;4,32
2020-06-18T00:00:00+00:00;LTCBEAR/USD;1162,50000000;1252,00000000;1151,00000000;1207,00000000;3,69
2020-06-17T00:00:00+00:00;LTCBEAR/USD;1174,00000000;1241,00000000;1085,50000000;1162,50000000;-0,99
2020-06-16T00:00:00+00:00;LTCBEAR/USD;1186,50000000;1212,50000000;1142,00000000;1174,00000000;-1,06
2020-06-15T00:00:00+00:00;LTCBEAR/USD;1159,50000000;1340,00000000;1155,00000000;1186,50000000;2,28
2020-06-14T00:00:00+00:00;LTCBEAR/USD;1084,50000000;1192,00000000;1082,50000000;1159,50000000;6,47
2020-06-13T00:00:00+00:00;LTCBEAR/USD;1110,50000000;1140,50000000;1075,00000000;1084,50000000;-2,4
2020-06-12T00:00:00+00:00;LTCBEAR/USD;1249,50000000;1281,00000000;1056,00000000;1110,50000000;-12,52
2020-06-11T00:00:00+00:00;LTCBEAR/USD;1024,00000000;1335,00000000;1007,75000000;1250,00000000;18,08
2020-06-10T00:00:00+00:00;LTCBEAR/USD;1080,00000000;1093,00000000;987,00000000;1024,00000000;-5,47
2020-06-09T00:00:00+00:00;LTCBEAR/USD;1042,00000000;1111,00000000;1015,50000000;1080,00000000;3,52
2020-06-08T00:00:00+00:00;LTCBEAR/USD;1025,25000000;1068,75000000;1018,75000000;1042,00000000;1,61
2020-06-07T00:00:00+00:00;LTCBEAR/USD;1021,00000000;1125,25000000;1007,75000000;1025,25000000;0,41
2020-06-06T00:00:00+00:00;LTCBEAR/USD;1015,25000000;1055,00000000;990,50000000;1021,00000000;0,56
2020-06-05T00:00:00+00:00;LTCBEAR/USD;977,25000000;1039,25000000;944,25000000;1015,25000000;3,74
2020-06-04T00:00:00+00:00;LTCBEAR/USD;992,00000000;1041,75000000;936,00000000;977,25000000;-1,51
2020-06-03T00:00:00+00:00;LTCBEAR/USD;1081,00000000;1125,00000000;972,50000000;992,00000000;-8,97
2020-06-02T00:00:00+00:00;LTCBEAR/USD;934,75000000;1161,50000000;847,50000000;1081,00000000;13,53
2020-06-01T00:00:00+00:00;LTCBEAR/USD;1153,50000000;1168,00000000;903,75000000;934,75000000;-23,4
2020-05-31T00:00:00+00:00;LTCBEAR/USD;1012,75000000;1185,00000000;1009,75000000;1153,50000000;12,2
2020-05-30T00:00:00+00:00;LTCBEAR/USD;1288,00000000;1315,00000000;995,25000000;1012,75000000;-27,18
2020-05-29T00:00:00+00:00;LTCBEAR/USD;1272,00000000;1311,00000000;1220,50000000;1288,00000000;1,24
2020-05-28T00:00:00+00:00;LTCBEAR/USD;1364,50000000;1417,50000000;1260,00000000;1272,00000000;-7,27
2020-05-27T00:00:00+00:00;LTCBEAR/USD;1539,50000000;1543,00000000;1346,50000000;1364,50000000;-12,83
2020-05-26T00:00:00+00:00;LTCBEAR/USD;1468,00000000;1590,00000000;1462,00000000;1539,50000000;4,64
2020-05-25T00:00:00+00:00;LTCBEAR/USD;1575,00000000;1613,50000000;1435,50000000;1468,00000000;-7,29
2020-05-24T00:00:00+00:00;LTCBEAR/USD;1406,00000000;1583,00000000;1343,50000000;1575,00000000;10,73
2020-05-23T00:00:00+00:00;LTCBEAR/USD;1383,50000000;1423,00000000;1332,00000000;1406,00000000;1,6
2020-05-22T00:00:00+00:00;LTCBEAR/USD;1554,00000000;1582,00000000;1334,50000000;1383,50000000;-12,32
2020-05-21T00:00:00+00:00;LTCBEAR/USD;1408,00000000;1645,00000000;1370,50000000;1554,00000000;9,4
2020-05-20T00:00:00+00:00;LTCBEAR/USD;1275,50000000;1493,50000000;1243,00000000;1408,00000000;9,41
2020-05-19T00:00:00+00:00;LTCBEAR/USD;1316,00000000;1419,50000000;1274,00000000;1275,50000000;-3,18
2020-05-18T00:00:00+00:00;LTCBEAR/USD;1517,00000000;1524,50000000;1218,00000000;1316,00000000;-15,27
2020-05-17T00:00:00+00:00;LTCBEAR/USD;1564,00000000;1584,00000000;1433,50000000;1517,00000000;-3,1
2020-05-16T00:00:00+00:00;LTCBEAR/USD;1633,50000000;1649,00000000;1499,50000000;1564,00000000;-4,44
2020-05-15T00:00:00+00:00;LTCBEAR/USD;1497,50000000;1717,50000000;1488,00000000;1633,50000000;8,33
2020-05-14T00:00:00+00:00;LTCBEAR/USD;1592,00000000;1690,00000000;1456,50000000;1497,50000000;-6,31
2020-05-13T00:00:00+00:00;LTCBEAR/USD;1723,50000000;1741,50000000;1524,00000000;1592,00000000;-8,26
2020-05-12T00:00:00+00:00;LTCBEAR/USD;1805,00000000;1829,50000000;1639,00000000;1723,50000000;-4,73
2020-05-11T00:00:00+00:00;LTCBEAR/USD;1755,00000000;2079,50000000;1650,00000000;1805,00000000;2,77
2020-05-10T00:00:00+00:00;LTCBEAR/USD;1329,00000000;1996,50000000;1322,00000000;1755,00000000;24,27
2020-05-09T00:00:00+00:00;LTCBEAR/USD;1263,00000000;1336,50000000;1155,00000000;1328,00000000;4,89
2020-05-08T00:00:00+00:00;LTCBEAR/USD;1281,00000000;1364,00000000;1206,00000000;1263,00000000;-1,43
2020-05-07T00:00:00+00:00;LTCBEAR/USD;1566,50000000;1623,00000000;1217,50000000;1281,00000000;-22,29
2020-05-06T00:00:00+00:00;LTCBEAR/USD;1423,00000000;1625,00000000;1325,50000000;1566,50000000;9,16
2020-05-05T00:00:00+00:00;LTCBEAR/USD;1382,00000000;1493,00000000;1314,50000000;1423,00000000;2,88
2020-05-04T00:00:00+00:00;LTCBEAR/USD;1298,00000000;1527,00000000;1288,00000000;1382,00000000;6,08
2020-05-03T00:00:00+00:00;LTCBEAR/USD;1213,00000000;1397,50000000;1151,00000000;1298,00000000;6,55
2020-05-02T00:00:00+00:00;LTCBEAR/USD;1396,00000000;1432,50000000;1182,00000000;1213,00000000;-15,09
2020-05-01T00:00:00+00:00;LTCBEAR/USD;1467,50000000;1468,50000000;1289,50000000;1396,00000000;-5,12
2020-04-30T00:00:00+00:00;LTCBEAR/USD;1273,00000000;1518,50000000;1115,00000000;1467,50000000;13,25
2020-04-29T00:00:00+00:00;LTCBEAR/USD;1588,50000000;1590,00000000;1171,00000000;1273,00000000;-24,78
2020-04-28T00:00:00+00:00;LTCBEAR/USD;1750,00000000;1851,00000000;1550,00000000;1588,50000000;-10,17
2020-04-27T00:00:00+00:00;LTCBEAR/USD;1745,00000000;1890,00000000;1665,50000000;1750,00000000;0,29
2020-04-26T00:00:00+00:00;LTCBEAR/USD;1762,50000000;1828,50000000;1638,50000000;1745,00000000;-1,0
2020-04-25T00:00:00+00:00;LTCBEAR/USD;1738,50000000;1813,00000000;1610,50000000;1762,50000000;1,36
2020-04-24T00:00:00+00:00;LTCBEAR/USD;1953,00000000;1962,50000000;1680,00000000;1738,50000000;-12,34
2020-04-23T00:00:00+00:00;LTCBEAR/USD;2130,00000000;2245,50000000;1820,50000000;1953,00000000;-9,06
2020-04-22T00:00:00+00:00;LTCBEAR/USD;2337,00000000;2391,50000000;2042,50000000;2130,00000000;-9,72
2020-04-21T00:00:00+00:00;LTCBEAR/USD;2423,00000000;2445,00000000;2207,00000000;2337,00000000;-3,68
2020-04-20T00:00:00+00:00;LTCBEAR/USD;2130,50000000;2527,50000000;1971,50000000;2423,00000000;12,07
2020-04-19T00:00:00+00:00;LTCBEAR/USD;1901,50000000;2202,00000000;1871,50000000;2130,50000000;10,75
2020-04-18T00:00:00+00:00;LTCBEAR/USD;2197,50000000;2223,00000000;1849,50000000;1901,50000000;-15,57
2020-04-17T00:00:00+00:00;LTCBEAR/USD;2148,00000000;2285,50000000;2085,00000000;2197,50000000;2,25
2020-04-16T00:00:00+00:00;LTCBEAR/USD;2978,00000000;3257,00000000;2021,00000000;2148,00000000;-38,64
2020-04-15T00:00:00+00:00;LTCBEAR/USD;2600,00000000;3017,00000000;2500,00000000;2978,00000000;12,69
2020-04-14T00:00:00+00:00;LTCBEAR/USD;2595,00000000;2732,00000000;2488,00000000;2600,00000000;0,19
2020-04-13T00:00:00+00:00;LTCBEAR/USD;2471,00000000;2936,00000000;2468,00000000;2595,00000000;4,78
2020-04-12T00:00:00+00:00;LTCBEAR/USD;2396,00000000;2496,00000000;2205,00000000;2471,00000000;3,04
2020-04-11T00:00:00+00:00;LTCBEAR/USD;2448,50000000;2573,00000000;2290,00000000;2396,00000000;-2,19
2020-04-10T00:00:00+00:00;LTCBEAR/USD;1956,00000000;2617,00000000;1934,00000000;2448,50000000;20,11
2020-04-09T00:00:00+00:00;LTCBEAR/USD;1916,00000000;2139,50000000;1869,50000000;1956,00000000;2,04
2020-04-08T00:00:00+00:00;LTCBEAR/USD;2181,50000000;2255,00000000;1820,50000000;1916,00000000;-13,86
2020-04-07T00:00:00+00:00;LTCBEAR/USD;2136,00000000;2336,50000000;1768,00000000;2182,50000000;2,13
2020-04-06T00:00:00+00:00;LTCBEAR/USD;3116,00000000;3121,00000000;2133,50000000;2138,00000000;-45,74
2020-04-05T00:00:00+00:00;LTCBEAR/USD;3038,00000000;3213,00000000;2973,00000000;3116,00000000;2,5
2020-04-04T00:00:00+00:00;LTCBEAR/USD;3088,00000000;3213,00000000;2928,00000000;3038,00000000;-1,65
2020-04-03T00:00:00+00:00;LTCBEAR/USD;3246,00000000;3290,00000000;2919,00000000;3084,00000000;-5,25
2020-04-02T00:00:00+00:00;LTCBEAR/USD;3637,00000000;3659,00000000;2674,00000000;3246,00000000;-12,05
2020-04-01T00:00:00+00:00;LTCBEAR/USD;3691,00000000;4246,00000000;3579,00000000;3637,00000000;-1,48
2020-03-31T00:00:00+00:00;LTCBEAR/USD;3743,00000000;3900,00000000;3638,00000000;3690,00000000;-1,44
2020-03-30T00:00:00+00:00;LTCBEAR/USD;4533,00000000;4540,00000000;3479,00000000;3743,00000000;-21,11
2020-03-29T00:00:00+00:00;LTCBEAR/USD;4011,00000000;4562,00000000;3908,00000000;4533,00000000;11,52
2020-03-28T00:00:00+00:00;LTCBEAR/USD;4438,00000000;4891,00000000;3813,00000000;4004,00000000;-10,84
2020-03-27T00:00:00+00:00;LTCBEAR/USD;3780,00000000;22500,00000000;3563,00000000;4438,00000000;14,83
2020-03-26T00:00:00+00:00;LTCBEAR/USD;4169,00000000;4421,00000000;3763,00000000;3780,00000000;-10,29
2020-03-25T00:00:00+00:00;LTCBEAR/USD;3799,00000000;4510,00000000;3676,00000000;4169,00000000;8,88
2020-03-24T00:00:00+00:00;LTCBEAR/USD;4356,00000000;4536,00000000;3676,00000000;3799,00000000;-14,66
2020-03-23T00:00:00+00:00;LTCBEAR/USD;6140,00000000;6515,00000000;3940,00000000;4349,00000000;-41,18
2020-03-22T00:00:00+00:00;LTCBEAR/USD;4989,00000000;6367,00000000;4481,00000000;6140,00000000;18,75
2020-03-21T00:00:00+00:00;LTCBEAR/USD;5157,00000000;5880,00000000;4417,50000000;4982,00000000;-3,51
2020-03-20T00:00:00+00:00;LTCBEAR/USD;5207,00000000;6359,00000000;3498,00000000;5165,00000000;-0,81
2020-03-19T00:00:00+00:00;LTCBEAR/USD;8115,00000000;8565,00000000;4539,00000000;5205,00000000;-55,91
2020-03-18T00:00:00+00:00;LTCBEAR/USD;8532,50000000;9870,00000000;8035,00000000;8115,00000000;-5,14
2020-03-17T00:00:00+00:00;LTCBEAR/USD;9847,50000000;10415,00000000;7447,50000000;8532,50000000;-15,41
2020-03-16T00:00:00+00:00;LTCBEAR/USD;7777,50000000;12487,50000000;7777,50000000;9842,50000000;20,98
2020-03-15T00:00:00+00:00;LTCBEAR/USD;9510,00000000;9747,50000000;6287,50000000;7777,50000000;-22,28
2020-03-14T00:00:00+00:00;LTCBEAR/USD;7565,00000000;9945,00000000;7475,00000000;9510,00000000;20,45
2020-03-13T00:00:00+00:00;LTCBEAR/USD;15870,00000000;26390,00000000;6520,00000000;7562,50000000;-109,85
2020-03-12T00:00:00+00:00;LTCBEAR/USD;7410,00000000;16515,00000000;7317,50000000;15915,00000000;53,44
2020-03-11T00:00:00+00:00;LTCBEAR/USD;6720,00000000;8637,50000000;6547,50000000;7410,00000000;9,31
2020-03-10T00:00:00+00:00;LTCBEAR/USD;6687,50000000;7242,50000000;6280,00000000;6720,00000000;0,48
2020-03-09T00:00:00+00:00;LTCBEAR/USD;6327,50000000;7992,50000000;6005,00000000;6690,00000000;5,42
2020-03-08T00:00:00+00:00;LTCBEAR/USD;4281,00000000;6460,00000000;4281,00000000;6332,50000000;32,4
2020-03-07T00:00:00+00:00;LTCBEAR/USD;3779,00000000;4349,00000000;3657,00000000;4281,00000000;11,73
2020-03-06T00:00:00+00:00;LTCBEAR/USD;4001,00000000;4166,00000000;3665,00000000;3779,00000000;-5,87
2020-03-05T00:00:00+00:00;LTCBEAR/USD;4371,00000000;4375,00000000;3754,00000000;4001,00000000;-9,25
2020-03-04T00:00:00+00:00;LTCBEAR/USD;4246,00000000;4712,00000000;4094,00000000;4371,00000000;2,86
2020-03-03T00:00:00+00:00;LTCBEAR/USD;4146,00000000;4551,00000000;3952,00000000;4246,00000000;2,36
2020-03-02T00:00:00+00:00;LTCBEAR/USD;5156,00000000;5268,00000000;3969,00000000;4146,00000000;-24,36
2020-03-01T00:00:00+00:00;LTCBEAR/USD;5031,00000000;5535,00000000;4489,00000000;5156,00000000;2,42
2020-02-29T00:00:00+00:00;LTCBEAR/USD;4600,00000000;5071,00000000;4220,00000000;5031,00000000;8,57
2020-02-28T00:00:00+00:00;LTCBEAR/USD;4236,00000000;5259,00000000;3886,00000000;4595,00000000;7,81
2020-02-27T00:00:00+00:00;LTCBEAR/USD;4753,00000000;5495,00000000;3643,00000000;4236,00000000;-12,2
2020-02-26T00:00:00+00:00;LTCBEAR/USD;3279,00000000;5191,00000000;3132,00000000;4751,00000000;30,98
2020-02-25T00:00:00+00:00;LTCBEAR/USD;2768,00000000;3446,00000000;2729,00000000;3281,00000000;15,64
2020-02-24T00:00:00+00:00;LTCBEAR/USD;2366,00000000;3118,00000000;2351,00000000;2768,00000000;14,52
2020-02-23T00:00:00+00:00;LTCBEAR/USD;2953,00000000;2965,00000000;2319,00000000;2369,00000000;-24,65
2020-02-22T00:00:00+00:00;LTCBEAR/USD;3133,00000000;3258,00000000;2700,00000000;2953,00000000;-6,1
2020-02-21T00:00:00+00:00;LTCBEAR/USD;3816,00000000;3944,00000000;2885,00000000;3133,00000000;-21,8
2020-02-20T00:00:00+00:00;LTCBEAR/USD;3641,00000000;4368,00000000;3357,00000000;3816,00000000;4,59
2020-02-19T00:00:00+00:00;LTCBEAR/USD;2882,00000000;3850,00000000;2617,00000000;3635,00000000;20,72
2020-02-18T00:00:00+00:00;LTCBEAR/USD;3474,00000000;3934,00000000;2693,00000000;2882,00000000;-20,54
2020-02-17T00:00:00+00:00;LTCBEAR/USD;3260,00000000;4071,00000000;3178,00000000;3474,00000000;6,16
2020-02-16T00:00:00+00:00;LTCBEAR/USD;3010,00000000;4086,00000000;2560,00000000;3260,00000000;7,67
2020-02-15T00:00:00+00:00;LTCBEAR/USD;2429,00000000;3155,00000000;2395,00000000;3010,00000000;19,3
2020-02-14T00:00:00+00:00;LTCBEAR/USD;2691,00000000;2885,00000000;2378,00000000;2429,00000000;-10,79
2020-02-13T00:00:00+00:00;LTCBEAR/USD;2582,00000000;2975,00000000;2291,00000000;2689,00000000;3,98
2020-02-12T00:00:00+00:00;LTCBEAR/USD;3154,00000000;3154,00000000;2451,00000000;2584,00000000;-22,06
2020-02-11T00:00:00+00:00;LTCBEAR/USD;3543,00000000;3731,00000000;3057,00000000;3154,00000000;-12,33
2020-02-10T00:00:00+00:00;LTCBEAR/USD;3168,00000000;3712,00000000;3110,00000000;3543,00000000;10,58
2020-02-09T00:00:00+00:00;LTCBEAR/USD;3201,00000000;3399,00000000;2987,00000000;3168,00000000;-1,04
2020-02-08T00:00:00+00:00;LTCBEAR/USD;3535,00000000;3913,00000000;3008,00000000;3201,00000000;-10,43
2020-02-07T00:00:00+00:00;LTCBEAR/USD;3646,00000000;3752,00000000;3363,00000000;3535,00000000;-3,14
2020-02-06T00:00:00+00:00;LTCBEAR/USD;3736,00000000;4005,00000000;3412,00000000;3649,00000000;-2,38
2020-02-05T00:00:00+00:00;LTCBEAR/USD;4740,00000000;4823,00000000;3621,00000000;3736,00000000;-26,87
2020-02-04T00:00:00+00:00;LTCBEAR/USD;4410,00000000;4977,00000000;4275,00000000;4737,00000000;6,9
2020-02-03T00:00:00+00:00;LTCBEAR/USD;4383,00000000;4624,00000000;3799,00000000;4410,00000000;0,61
2020-02-02T00:00:00+00:00;LTCBEAR/USD;4187,00000000;4780,00000000;3708,00000000;4386,00000000;4,54
2020-02-01T00:00:00+00:00;LTCBEAR/USD;4903,00000000;4984,00000000;3848,00000000;4187,00000000;-17,1
2020-01-31T00:00:00+00:00;LTCBEAR/USD;4844,00000000;5427,00000000;4480,00000000;4896,00000000;1,06
2020-01-30T00:00:00+00:00;LTCBEAR/USD;7602,50000000;8175,00000000;4393,00000000;4844,00000000;-56,95
2020-01-29T00:00:00+00:00;LTCBEAR/USD;7257,50000000;7737,50000000;6600,00000000;7602,50000000;4,54
2020-01-28T00:00:00+00:00;LTCBEAR/USD;8105,00000000;8642,50000000;6880,00000000;7277,50000000;-11,37
2020-01-27T00:00:00+00:00;LTCBEAR/USD;9207,50000000;9327,50000000;7592,50000000;8105,00000000;-13,6
2020-01-26T00:00:00+00:00;LTCBEAR/USD;11135,00000000;11345,00000000;9040,00000000;9207,50000000;-20,93
2020-01-25T00:00:00+00:00;LTCBEAR/USD;10397,50000000;11630,00000000;10390,00000000;11120,00000000;6,5
2020-01-24T00:00:00+00:00;LTCBEAR/USD;10325,00000000;12485,00000000;9832,50000000;10405,00000000;0,77
2020-01-23T00:00:00+00:00;LTCBEAR/USD;8620,00000000;11245,00000000;8587,50000000;10325,00000000;16,51
2020-01-22T00:00:00+00:00;LTCBEAR/USD;8890,00000000;9090,00000000;8125,00000000;8615,00000000;-3,19
2020-01-21T00:00:00+00:00;LTCBEAR/USD;9050,00000000;9662,50000000;8627,50000000;8902,50000000;-1,66
2020-01-20T00:00:00+00:00;LTCBEAR/USD;8790,00000000;9630,00000000;8555,00000000;9050,00000000;2,87
2020-01-19T00:00:00+00:00;LTCBEAR/USD;8092,50000000;9707,50000000;6897,50000000;8785,00000000;7,88
2020-01-18T00:00:00+00:00;LTCBEAR/USD;7482,50000000;8537,50000000;6940,00000000;8092,50000000;7,54
2020-01-17T00:00:00+00:00;LTCBEAR/USD;9160,00000000;9540,00000000;6682,50000000;7482,50000000;-22,42
2020-01-16T00:00:00+00:00;LTCBEAR/USD;8835,00000000;10395,00000000;8695,00000000;9160,00000000;3,55
2020-01-15T00:00:00+00:00;LTCBEAR/USD;8685,00000000;10117,50000000;7827,50000000;8835,00000000;1,7
2020-01-14T00:00:00+00:00;LTCBEAR/USD;15735,00000000;15735,00000000;7730,00000000;8702,50000000;-80,81
2020-01-13T00:00:00+00:00;LTCBEAR/USD;14235,00000000;16290,00000000;14130,00000000;15735,00000000;9,53
2020-01-12T00:00:00+00:00;LTCBEAR/USD;16190,00000000;16680,00000000;13970,00000000;14305,00000000;-13,18
2020-01-11T00:00:00+00:00;LTCBEAR/USD;16535,00000000;17620,00000000;13625,00000000;16100,00000000;-2,7
2020-01-10T00:00:00+00:00;LTCBEAR/USD;22255,00000000;23750,00000000;15825,00000000;16535,00000000;-34,59
2020-01-09T00:00:00+00:00;LTCBEAR/USD;21450,00000000;23470,00000000;20785,00000000;22255,00000000;3,62
2020-01-08T00:00:00+00:00;LTCBEAR/USD;20090,00000000;23075,00000000;17320,00000000;21450,00000000;6,34
2020-01-07T00:00:00+00:00;LTCBEAR/USD;20900,00000000;22535,00000000;19450,00000000;20090,00000000;-4,03

