DATE/TIME;SYMBOL;OPEN;HIGH;LOW;CLOSE;EVOL % CLOSE/HIGH
2022-01-05T00:00:00+00:00;MATICBULL/USD;0,34580000;0,38160000;0,34120000;0,36480000;5,21
2022-01-04T00:00:00+00:00;MATICBULL/USD;0,37540000;0,41150000;0,34100000;0,34580000;-8,56
2022-01-03T00:00:00+00:00;MATICBULL/USD;0,43610000;0,43610000;0,34000000;0,37540000;-16,17
2022-01-02T00:00:00+00:00;MATICBULL/USD;0,44820000;0,45420000;0,41240000;0,43610000;-2,77
2022-01-01T00:00:00+00:00;MATICBULL/USD;0,42470000;0,46330000;0,41230000;0,44820000;5,24
2021-12-31T00:00:00+00:00;MATICBULL/USD;0,44150000;0,49990000;0,38220000;0,42470000;-3,96
2021-12-30T00:00:00+00:00;MATICBULL/USD;0,40130000;0,46020000;0,37400000;0,44150000;9,11
2021-12-29T00:00:00+00:00;MATICBULL/USD;0,41150000;0,47360000;0,36780000;0,40130000;-2,54
2021-12-28T00:00:00+00:00;MATICBULL/USD;0,55875000;0,56000000;0,38340000;0,41150000;-35,78
2021-12-27T00:00:00+00:00;MATICBULL/USD;0,66600000;0,69430000;0,55100000;0,55875000;-19,19
2021-12-26T00:00:00+00:00;MATICBULL/USD;0,52800000;0,67300000;0,50750000;0,66600000;20,72
2021-12-25T00:00:00+00:00;MATICBULL/USD;0,44150000;0,55000000;0,42275000;0,52800000;16,38
2021-12-24T00:00:00+00:00;MATICBULL/USD;0,58000000;0,58110000;0,41800000;0,44150000;-31,37
2021-12-23T00:00:00+00:00;MATICBULL/USD;0,47790000;0,60900000;0,45770000;0,58000000;17,6
2021-12-22T00:00:00+00:00;MATICBULL/USD;0,41140000;0,55730000;0,40940000;0,47790000;13,92
2021-12-21T00:00:00+00:00;MATICBULL/USD;0,30640000;0,42650000;0,29720000;0,41140000;25,52
2021-12-20T00:00:00+00:00;MATICBULL/USD;0,34920000;0,36120000;0,26820000;0,30640000;-13,97
2021-12-19T00:00:00+00:00;MATICBULL/USD;0,35590000;0,38160000;0,32300000;0,34920000;-1,92
2021-12-18T00:00:00+00:00;MATICBULL/USD;0,30850000;0,36580000;0,27520000;0,35590000;13,32
2021-12-17T00:00:00+00:00;MATICBULL/USD;0,28470000;0,32230000;0,22940000;0,30850000;7,71
2021-12-16T00:00:00+00:00;MATICBULL/USD;0,31070000;0,34480000;0,28300000;0,28470000;-9,13
2021-12-15T00:00:00+00:00;MATICBULL/USD;0,24080000;0,34650000;0,20000000;0,31070000;22,5
2021-12-14T00:00:00+00:00;MATICBULL/USD;0,20120000;0,24200000;0,17365000;0,24080000;16,45
2021-12-13T00:00:00+00:00;MATICBULL/USD;0,32050000;0,32420000;0,17875000;0,20120000;-59,29
2021-12-12T00:00:00+00:00;MATICBULL/USD;0,34720000;0,34880000;0,29290000;0,32050000;-8,33
2021-12-11T00:00:00+00:00;MATICBULL/USD;0,32530000;0,36230000;0,28720000;0,34720000;6,31
2021-12-10T00:00:00+00:00;MATICBULL/USD;0,32260000;0,41775000;0,30270000;0,32530000;0,83
2021-12-09T00:00:00+00:00;MATICBULL/USD;0,53850000;0,54850000;0,31075000;0,32260000;-66,92
2021-12-08T00:00:00+00:00;MATICBULL/USD;0,48920000;0,63350000;0,41730000;0,53850000;9,16
2021-12-07T00:00:00+00:00;MATICBULL/USD;0,46380000;0,59720000;0,42320000;0,48920000;5,19
2021-12-06T00:00:00+00:00;MATICBULL/USD;0,40320000;0,47860000;0,21540000;0,46380000;13,07
2021-12-05T00:00:00+00:00;MATICBULL/USD;0,36320000;0,48500000;0,30000000;0,40320000;9,92
2021-12-04T00:00:00+00:00;MATICBULL/USD;0,70950000;0,73825000;0,18570000;0,36320000;-95,35
2021-12-03T00:00:00+00:00;MATICBULL/USD;0,58675000;0,81000000;0,55000000;0,70950000;17,3
2021-12-02T00:00:00+00:00;MATICBULL/USD;0,49960000;0,67530000;0,45760000;0,58675000;14,85
2021-12-01T00:00:00+00:00;MATICBULL/USD;0,36540000;0,55220000;0,35770000;0,49960000;26,86
2021-11-30T00:00:00+00:00;MATICBULL/USD;0,38880000;0,42410000;0,30620000;0,36540000;-6,4
2021-11-29T00:00:00+00:00;MATICBULL/USD;0,29910000;0,39640000;0,28640000;0,38880000;23,07
2021-11-28T00:00:00+00:00;MATICBULL/USD;0,27990000;0,30670000;0,22000000;0,29910000;6,42
2021-11-27T00:00:00+00:00;MATICBULL/USD;0,29560000;0,33820000;0,26810000;0,27990000;-5,61
2021-11-26T00:00:00+00:00;MATICBULL/USD;0,51430000;0,54350000;0,27000000;0,29560000;-73,99
2021-11-25T00:00:00+00:00;MATICBULL/USD;0,36290000;0,52120000;0,35160000;0,51430000;29,44
2021-11-24T00:00:00+00:00;MATICBULL/USD;0,40960000;0,46370000;0,34000000;0,36290000;-12,87
2021-11-23T00:00:00+00:00;MATICBULL/USD;0,30160000;0,41750000;0,29260000;0,40960000;26,37
2021-11-22T00:00:00+00:00;MATICBULL/USD;0,32690000;0,33810000;0,28220000;0,30160000;-8,39
2021-11-21T00:00:00+00:00;MATICBULL/USD;0,36970000;0,37160000;0,32530000;0,32690000;-13,09
2021-11-20T00:00:00+00:00;MATICBULL/USD;0,34310000;0,37870000;0,30430000;0,36970000;7,2
2021-11-19T00:00:00+00:00;MATICBULL/USD;0,27410000;0,34700000;0,26560000;0,34310000;20,11
2021-11-18T00:00:00+00:00;MATICBULL/USD;0,38080000;0,40970000;0,25000000;0,27410000;-38,93
2021-11-17T00:00:00+00:00;MATICBULL/USD;0,33120000;0,40160000;0,28650000;0,38080000;13,03
2021-11-16T00:00:00+00:00;MATICBULL/USD;0,45240000;0,45240000;0,27730000;0,33120000;-36,59
2021-11-15T00:00:00+00:00;MATICBULL/USD;0,48250000;0,51470000;0,45040000;0,45240000;-6,65
2021-11-14T00:00:00+00:00;MATICBULL/USD;0,50320000;0,52510000;0,45000000;0,48250000;-4,29
2021-11-13T00:00:00+00:00;MATICBULL/USD;0,47390000;0,51900000;0,46180000;0,50320000;5,82
2021-11-12T00:00:00+00:00;MATICBULL/USD;0,50570000;0,52500000;0,40850000;0,47390000;-6,71
2021-11-11T00:00:00+00:00;MATICBULL/USD;0,46620000;0,53640000;0,43300000;0,50570000;7,81
2021-11-10T00:00:00+00:00;MATICBULL/USD;0,58500000;0,70700000;0,36730000;0,46620000;-25,48
2021-11-09T00:00:00+00:00;MATICBULL/USD;0,72450000;0,72850000;0,56400000;0,58500000;-23,85
2021-11-08T00:00:00+00:00;MATICBULL/USD;0,72025000;0,78125000;0,69800000;0,72450000;0,59
2021-11-07T00:00:00+00:00;MATICBULL/USD;0,71925000;0,75100000;0,68600000;0,72025000;0,14
2021-11-06T00:00:00+00:00;MATICBULL/USD;0,73250000;0,76450000;0,63150000;0,71925000;-1,84
2021-11-05T00:00:00+00:00;MATICBULL/USD;0,76950000;0,79525000;0,70000000;0,73250000;-5,05
2021-11-04T00:00:00+00:00;MATICBULL/USD;0,93850000;0,94100000;0,69000000;0,76950000;-21,96
2021-11-03T00:00:00+00:00;MATICBULL/USD;0,81475000;1,07400000;0,81250000;0,93850000;13,19
2021-11-02T00:00:00+00:00;MATICBULL/USD;0,77450000;0,85075000;0,72325000;0,81475000;4,94
2021-11-01T00:00:00+00:00;MATICBULL/USD;0,82100000;0,85800000;0,69225000;0,77450000;-6,0
2021-10-31T00:00:00+00:00;MATICBULL/USD;0,75450000;0,87225000;0,65275000;0,82100000;8,1
2021-10-30T00:00:00+00:00;MATICBULL/USD;0,98350000;0,99100000;0,69525000;0,75450000;-30,35
2021-10-29T00:00:00+00:00;MATICBULL/USD;1,22750000;1,35120000;0,84450000;0,98350000;-24,81
2021-10-28T00:00:00+00:00;MATICBULL/USD;0,74425000;1,28500000;0,74325000;1,22750000;39,37
2021-10-27T00:00:00+00:00;MATICBULL/USD;0,71900000;0,97200000;0,59125000;0,74425000;3,39
2021-10-26T00:00:00+00:00;MATICBULL/USD;0,65300000;0,86125000;0,63525000;0,71900000;9,18
2021-10-25T00:00:00+00:00;MATICBULL/USD;0,54575000;0,66800000;0,53790000;0,65300000;16,42
2021-10-24T00:00:00+00:00;MATICBULL/USD;0,63275000;0,63775000;0,50000000;0,54575000;-15,94
2021-10-23T00:00:00+00:00;MATICBULL/USD;0,50860000;0,66675000;0,49090000;0,63275000;19,62
2021-10-22T00:00:00+00:00;MATICBULL/USD;0,49750000;0,57150000;0,48300000;0,50860000;2,18
2021-10-21T00:00:00+00:00;MATICBULL/USD;0,53070000;0,62900000;0,47525000;0,49750000;-6,67
2021-10-20T00:00:00+00:00;MATICBULL/USD;0,47070000;0,54590000;0,44410000;0,53070000;11,31
2021-10-19T00:00:00+00:00;MATICBULL/USD;0,48140000;0,52740000;0,43590000;0,47070000;-2,27
2021-10-18T00:00:00+00:00;MATICBULL/USD;0,45580000;0,60575000;0,44350000;0,48140000;5,32
2021-10-17T00:00:00+00:00;MATICBULL/USD;0,50390000;0,54450000;0,40830000;0,45580000;-10,55
2021-10-16T00:00:00+00:00;MATICBULL/USD;0,60100000;0,60850000;0,48930000;0,50390000;-19,27
2021-10-15T00:00:00+00:00;MATICBULL/USD;0,33660000;0,62575000;0,31380000;0,60075000;43,97
2021-10-14T00:00:00+00:00;MATICBULL/USD;0,32110000;0,35840000;0,31130000;0,33660000;4,6
2021-10-13T00:00:00+00:00;MATICBULL/USD;0,30590000;0,33670000;0,28250000;0,32110000;4,73
2021-10-12T00:00:00+00:00;MATICBULL/USD;0,32280000;0,32280000;0,25250000;0,30590000;-5,52
2021-10-11T00:00:00+00:00;MATICBULL/USD;0,32840000;0,37350000;0,30150000;0,32280000;-1,73
2021-10-10T00:00:00+00:00;MATICBULL/USD;0,43050000;0,43680000;0,32320000;0,32840000;-31,09
2021-10-09T00:00:00+00:00;MATICBULL/USD;0,42210000;0,45970000;0,40730000;0,43050000;1,95
2021-10-08T00:00:00+00:00;MATICBULL/USD;0,36490000;0,50480000;0,36260000;0,42210000;13,55
2021-10-07T00:00:00+00:00;MATICBULL/USD;0,35390000;0,39530000;0,32800000;0,36490000;3,01
2021-10-06T00:00:00+00:00;MATICBULL/USD;0,40540000;0,40850000;0,30370000;0,35390000;-14,55
2021-10-05T00:00:00+00:00;MATICBULL/USD;0,37080000;0,42740000;0,36360000;0,40540000;8,53
2021-10-04T00:00:00+00:00;MATICBULL/USD;0,41850000;0,41850000;0,32800000;0,37080000;-12,86
2021-10-03T00:00:00+00:00;MATICBULL/USD;0,39000000;0,43580000;0,37350000;0,41850000;6,81
2021-10-02T00:00:00+00:00;MATICBULL/USD;0,36650000;0,44780000;0,33020000;0,39000000;6,03
2021-10-01T00:00:00+00:00;MATICBULL/USD;0,26630000;0,36750000;0,26480000;0,36650000;27,34
2021-09-30T00:00:00+00:00;MATICBULL/USD;0,24960000;0,28300000;0,24510000;0,26630000;6,27
2021-09-29T00:00:00+00:00;MATICBULL/USD;0,21850000;0,25570000;0,21400000;0,24960000;12,46
2021-09-28T00:00:00+00:00;MATICBULL/USD;0,24110000;0,25950000;0,21570000;0,21850000;-10,34
2021-09-27T00:00:00+00:00;MATICBULL/USD;0,26930000;0,30390000;0,24000000;0,24110000;-11,7
2021-09-26T00:00:00+00:00;MATICBULL/USD;0,26730000;0,30000000;0,20300000;0,26930000;0,74
2021-09-25T00:00:00+00:00;MATICBULL/USD;0,27170000;0,28490000;0,23940000;0,26730000;-1,65
2021-09-24T00:00:00+00:00;MATICBULL/USD;0,37230000;0,37690000;0,22320000;0,27170000;-37,03
2021-09-23T00:00:00+00:00;MATICBULL/USD;0,37600000;0,38950000;0,32670000;0,37230000;-0,99
2021-09-22T00:00:00+00:00;MATICBULL/USD;0,24700000;0,37800000;0,23350000;0,37600000;34,31
2021-09-21T00:00:00+00:00;MATICBULL/USD;0,32160000;0,36440000;0,22160000;0,24700000;-30,2
2021-09-20T00:00:00+00:00;MATICBULL/USD;0,52550000;0,52750000;0,28570000;0,32160000;-63,4
2021-09-19T00:00:00+00:00;MATICBULL/USD;0,59225000;0,59800000;0,50975000;0,52550000;-12,7
2021-09-18T00:00:00+00:00;MATICBULL/USD;0,67200000;0,70225000;0,54850000;0,59225000;-13,47
2021-09-17T00:00:00+00:00;MATICBULL/USD;0,62525000;0,69725000;0,51500000;0,67200000;6,96
2021-09-16T00:00:00+00:00;MATICBULL/USD;0,66900000;0,78500000;0,57575000;0,62525000;-7,0
2021-09-15T00:00:00+00:00;MATICBULL/USD;0,54825000;0,67625000;0,54700000;0,66900000;18,05
2021-09-14T00:00:00+00:00;MATICBULL/USD;0,47110000;0,58100000;0,45650000;0,54800000;14,03
2021-09-13T00:00:00+00:00;MATICBULL/USD;0,58250000;0,60875000;0,41090000;0,47110000;-23,65
2021-09-12T00:00:00+00:00;MATICBULL/USD;0,56275000;0,63475000;0,53125000;0,58250000;3,39
2021-09-11T00:00:00+00:00;MATICBULL/USD;0,55000000;0,64150000;0,51500000;0,56250000;2,22
2021-09-10T00:00:00+00:00;MATICBULL/USD;0,64400000;0,78730000;0,50225000;0,55000000;-17,09
2021-09-09T00:00:00+00:00;MATICBULL/USD;0,60150000;0,76075000;0,53475000;0,64400000;6,6
2021-09-08T00:00:00+00:00;MATICBULL/USD;0,69400000;0,72975000;0,43580000;0,60150000;-15,38
2021-09-07T00:00:00+00:00;MATICBULL/USD;1,52300000;1,65800000;0,36870000;0,69400000;-119,45
2021-09-06T00:00:00+00:00;MATICBULL/USD;1,63050000;1,73450000;1,30300000;1,52300000;-7,06
2021-09-05T00:00:00+00:00;MATICBULL/USD;1,86100000;2,02000000;1,49350000;1,63050000;-14,14
2021-09-04T00:00:00+00:00;MATICBULL/USD;1,17950000;1,87300000;1,15900000;1,86100000;36,62
2021-09-03T00:00:00+00:00;MATICBULL/USD;1,16050000;1,28100000;1,06150000;1,17950000;1,61
2021-09-02T00:00:00+00:00;MATICBULL/USD;1,22000000;1,34450000;1,13000000;1,16050000;-5,13
2021-09-01T00:00:00+00:00;MATICBULL/USD;0,95400000;1,28275000;0,89500000;1,22000000;21,8
2021-08-31T00:00:00+00:00;MATICBULL/USD;0,91600000;1,12175000;0,88300000;0,95400000;3,98
2021-08-30T00:00:00+00:00;MATICBULL/USD;1,17600000;1,17600000;0,89100000;0,91600000;-28,38
2021-08-29T00:00:00+00:00;MATICBULL/USD;1,27750000;1,34700000;1,10800000;1,17600000;-8,63
2021-08-28T00:00:00+00:00;MATICBULL/USD;1,45200000;1,48150000;1,23550000;1,27750000;-13,66
2021-08-27T00:00:00+00:00;MATICBULL/USD;1,10200000;1,46000000;1,05200000;1,45200000;24,1
2021-08-26T00:00:00+00:00;MATICBULL/USD;1,60450000;1,66250000;1,08750000;1,10200000;-45,6
2021-08-25T00:00:00+00:00;MATICBULL/USD;1,46000000;1,67600000;1,28950000;1,60450000;9,01
2021-08-24T00:00:00+00:00;MATICBULL/USD;2,05550000;2,07050000;1,36400000;1,46000000;-40,79
2021-08-23T00:00:00+00:00;MATICBULL/USD;2,06200000;2,29900000;1,93450000;2,05550000;-0,32
2021-08-22T00:00:00+00:00;MATICBULL/USD;1,93250000;2,22050000;1,82800000;2,06200000;6,28
2021-08-21T00:00:00+00:00;MATICBULL/USD;1,80950000;2,33300000;1,69400000;1,93250000;6,36
2021-08-20T00:00:00+00:00;MATICBULL/USD;1,56650000;1,87000000;1,51500000;1,80950000;13,43
2021-08-19T00:00:00+00:00;MATICBULL/USD;1,19600000;1,59350000;1,11350000;1,56650000;23,65
2021-08-18T00:00:00+00:00;MATICBULL/USD;1,24400000;1,40150000;1,00000000;1,19600000;-4,01
2021-08-17T00:00:00+00:00;MATICBULL/USD;1,47550000;1,80800000;1,20750000;1,24400000;-18,61
2021-08-16T00:00:00+00:00;MATICBULL/USD;1,63200000;1,94200000;1,45300000;1,47550000;-10,61
2021-08-15T00:00:00+00:00;MATICBULL/USD;1,54700000;1,68600000;1,32700000;1,63200000;5,21
2021-08-14T00:00:00+00:00;MATICBULL/USD;1,79600000;1,79600000;1,42550000;1,54700000;-16,1
2021-08-13T00:00:00+00:00;MATICBULL/USD;1,26600000;1,80850000;1,25350000;1,79600000;29,51
2021-08-12T00:00:00+00:00;MATICBULL/USD;1,42150000;1,75450000;1,07100000;1,26600000;-12,28
2021-08-11T00:00:00+00:00;MATICBULL/USD;0,91675000;1,56250000;0,91050000;1,42150000;35,51
2021-08-10T00:00:00+00:00;MATICBULL/USD;0,84775000;0,96525000;0,80725000;0,91675000;7,53
2021-08-09T00:00:00+00:00;MATICBULL/USD;0,75600000;0,91550000;0,66800000;0,84775000;10,82
2021-08-08T00:00:00+00:00;MATICBULL/USD;0,97875000;1,00500000;0,72650000;0,75600000;-29,46
2021-08-07T00:00:00+00:00;MATICBULL/USD;0,78225000;1,03725000;0,75975000;0,97875000;20,08
2021-08-06T00:00:00+00:00;MATICBULL/USD;0,74900000;0,82150000;0,68975000;0,78225000;4,25
2021-08-05T00:00:00+00:00;MATICBULL/USD;0,72800000;0,77500000;0,64100000;0,74925000;2,84
2021-08-04T00:00:00+00:00;MATICBULL/USD;0,66875000;0,76400000;0,64200000;0,72800000;8,14
2021-08-03T00:00:00+00:00;MATICBULL/USD;0,72200000;0,74850000;0,63600000;0,66875000;-7,96
2021-08-02T00:00:00+00:00;MATICBULL/USD;0,72575000;0,78750000;0,65775000;0,72200000;-0,52
2021-08-01T00:00:00+00:00;MATICBULL/USD;0,79925000;0,91950000;0,70625000;0,72575000;-10,13
2021-07-31T00:00:00+00:00;MATICBULL/USD;0,76375000;0,83700000;0,67900000;0,79925000;4,44
2021-07-30T00:00:00+00:00;MATICBULL/USD;0,69025000;0,77400000;0,62150000;0,76375000;9,62
2021-07-29T00:00:00+00:00;MATICBULL/USD;0,67225000;0,72150000;0,61900000;0,69025000;2,61
2021-07-28T00:00:00+00:00;MATICBULL/USD;0,71925000;0,75350000;0,61125000;0,67225000;-6,99
2021-07-27T00:00:00+00:00;MATICBULL/USD;0,66425000;0,75900000;0,51825000;0,71925000;7,65
2021-07-26T00:00:00+00:00;MATICBULL/USD;0,53850000;0,87000000;0,52300000;0,66425000;18,93
2021-07-25T00:00:00+00:00;MATICBULL/USD;0,55000000;0,58275000;0,44600000;0,53850000;-2,14
2021-07-24T00:00:00+00:00;MATICBULL/USD;0,55000000;0,62000000;0,49125000;0,55000000;0,0
2021-07-23T00:00:00+00:00;MATICBULL/USD;0,44510000;0,56540000;0,41530000;0,55000000;19,07
2021-07-22T00:00:00+00:00;MATICBULL/USD;0,45190000;0,52560000;0,39010000;0,44510000;-1,53
2021-07-21T00:00:00+00:00;MATICBULL/USD;0,24110000;0,51100000;0,22010000;0,45190000;46,65
2021-07-20T00:00:00+00:00;MATICBULL/USD;0,31150000;0,31660000;0,17850000;0,24110000;-29,2
2021-07-19T00:00:00+00:00;MATICBULL/USD;0,40410000;0,41080000;0,30280000;0,31150000;-29,73
2021-07-18T00:00:00+00:00;MATICBULL/USD;0,41120000;0,50690000;0,39420000;0,40410000;-1,76
2021-07-17T00:00:00+00:00;MATICBULL/USD;0,42850000;0,44410000;0,38500000;0,41130000;-4,18
2021-07-16T00:00:00+00:00;MATICBULL/USD;0,55850000;0,59100000;0,42625000;0,42850000;-30,34
2021-07-15T00:00:00+00:00;MATICBULL/USD;0,66200000;0,70000000;0,51100000;0,55850000;-18,53
2021-07-14T00:00:00+00:00;MATICBULL/USD;0,70250000;0,74700000;0,53025000;0,66200000;-6,12
2021-07-13T00:00:00+00:00;MATICBULL/USD;0,82500000;0,82500000;0,68250000;0,70250000;-17,44
2021-07-12T00:00:00+00:00;MATICBULL/USD;0,95850000;0,97125000;0,73500000;0,82500000;-16,18
2021-07-11T00:00:00+00:00;MATICBULL/USD;0,91450000;1,00000000;0,90050000;0,95850000;4,59
2021-07-10T00:00:00+00:00;MATICBULL/USD;0,98400000;1,03500000;0,89000000;0,91450000;-7,6
2021-07-09T00:00:00+00:00;MATICBULL/USD;0,94900000;1,03325000;0,84250000;0,98400000;3,56
2021-07-08T00:00:00+00:00;MATICBULL/USD;1,24200000;1,25600000;0,86700000;0,94900000;-30,87
2021-07-07T00:00:00+00:00;MATICBULL/USD;1,24950000;1,41500000;1,23650000;1,24200000;-0,6
2021-07-06T00:00:00+00:00;MATICBULL/USD;1,14800000;1,35900000;1,14700000;1,24950000;8,12
2021-07-05T00:00:00+00:00;MATICBULL/USD;1,30350000;1,32400000;1,08950000;1,14800000;-13,55
2021-07-04T00:00:00+00:00;MATICBULL/USD;1,21600000;1,42250000;1,13600000;1,30350000;6,71
2021-07-03T00:00:00+00:00;MATICBULL/USD;1,16700000;1,30250000;1,08800000;1,21600000;4,03
2021-07-02T00:00:00+00:00;MATICBULL/USD;1,08350000;1,19000000;0,98500000;1,16700000;7,16
2021-07-01T00:00:00+00:00;MATICBULL/USD;1,42750000;1,42750000;1,03200000;1,08350000;-31,75
2021-06-30T00:00:00+00:00;MATICBULL/USD;1,43750000;1,47650000;1,09950000;1,42750000;-0,7
2021-06-29T00:00:00+00:00;MATICBULL/USD;1,26700000;1,70150000;1,25000000;1,43750000;11,86
2021-06-28T00:00:00+00:00;MATICBULL/USD;1,23900000;1,41650000;1,14150000;1,26700000;2,21
2021-06-27T00:00:00+00:00;MATICBULL/USD;1,12325000;1,23900000;0,99100000;1,23900000;9,34
2021-06-26T00:00:00+00:00;MATICBULL/USD;1,01300000;1,19950000;0,92000000;1,12325000;9,82
2021-06-25T00:00:00+00:00;MATICBULL/USD;1,66700000;1,80150000;1,00650000;1,01300000;-64,56
2021-06-24T00:00:00+00:00;MATICBULL/USD;1,57550000;1,82700000;1,40600000;1,66700000;5,49
2021-06-23T00:00:00+00:00;MATICBULL/USD;1,19500000;1,81800000;1,06200000;1,57550000;24,15
2021-06-22T00:00:00+00:00;MATICBULL/USD;1,41250000;1,90900000;0,81500000;1,19500000;-18,2
2021-06-21T00:00:00+00:00;MATICBULL/USD;3,23100000;3,30300000;1,33300000;1,41250000;-128,74
2021-06-20T00:00:00+00:00;MATICBULL/USD;2,96100000;3,47600000;2,48300000;3,23100000;8,36
2021-06-19T00:00:00+00:00;MATICBULL/USD;3,10300000;3,44100000;2,87800000;2,96100000;-4,8
2021-06-18T00:00:00+00:00;MATICBULL/USD;4,22800000;4,30800000;2,62250000;3,10300000;-36,26
2021-06-17T00:00:00+00:00;MATICBULL/USD;4,00500000;4,66300000;3,82500000;4,22800000;5,27
2021-06-16T00:00:00+00:00;MATICBULL/USD;5,60000000;5,69500000;3,73250000;4,00500000;-39,83
2021-06-15T00:00:00+00:00;MATICBULL/USD;4,82400000;6,35800000;4,68600000;5,60000000;13,86
2021-06-14T00:00:00+00:00;MATICBULL/USD;4,14900000;5,29000000;3,66200000;4,82400000;13,99
2021-06-13T00:00:00+00:00;MATICBULL/USD;3,21200000;4,35800000;3,02600000;4,13800000;22,38
2021-06-12T00:00:00+00:00;MATICBULL/USD;2,69000000;3,60000000;2,10000000;3,21200000;16,25
2021-06-11T00:00:00+00:00;MATICBULL/USD;3,60100000;3,75000000;2,52900000;2,69000000;-33,87
2021-06-10T00:00:00+00:00;MATICBULL/USD;4,94400000;4,98900000;3,52800000;3,60100000;-37,3
2021-06-09T00:00:00+00:00;MATICBULL/USD;4,76500000;5,31400000;3,55000000;4,94400000;3,62
2021-06-08T00:00:00+00:00;MATICBULL/USD;5,21500000;5,59750000;3,16000000;4,76500000;-9,44
2021-06-07T00:00:00+00:00;MATICBULL/USD;6,43500000;8,15000000;4,91500000;5,21500000;-23,39
2021-06-06T00:00:00+00:00;MATICBULL/USD;5,79000000;6,53750000;5,60250000;6,43500000;10,02
2021-06-05T00:00:00+00:00;MATICBULL/USD;7,46250000;8,35000000;4,97000000;5,79000000;-28,89
2021-06-04T00:00:00+00:00;MATICBULL/USD;11,07500000;11,13000000;6,45000000;7,46250000;-48,41
2021-06-03T00:00:00+00:00;MATICBULL/USD;10,79000000;12,22500000;10,09500000;11,07500000;2,57
2021-06-02T00:00:00+00:00;MATICBULL/USD;11,26000000;12,46000000;9,76000000;10,79000000;-4,36
2021-06-01T00:00:00+00:00;MATICBULL/USD;12,21500000;14,49000000;10,03000000;11,26000000;-8,48
2021-05-31T00:00:00+00:00;MATICBULL/USD;11,98000000;13,37250000;9,83500000;12,21500000;1,92
2021-05-30T00:00:00+00:00;MATICBULL/USD;9,19500000;13,73000000;7,01000000;11,98000000;23,25
2021-05-29T00:00:00+00:00;MATICBULL/USD;12,21500000;13,98000000;6,54000000;9,23250000;-32,3
2021-05-28T00:00:00+00:00;MATICBULL/USD;18,03000000;18,62500000;9,12000000;12,21500000;-47,61
2021-05-27T00:00:00+00:00;MATICBULL/USD;24,45000000;24,45000000;13,36000000;18,03000000;-35,61
2021-05-26T00:00:00+00:00;MATICBULL/USD;17,08000000;30,00000000;14,20000000;24,45000000;30,14
2021-05-25T00:00:00+00:00;MATICBULL/USD;14,43000000;17,72000000;8,79500000;17,08000000;15,52
2021-05-24T00:00:00+00:00;MATICBULL/USD;5,02300000;17,87800000;4,74500000;14,43000000;65,19
2021-05-23T00:00:00+00:00;MATICBULL/USD;9,81000000;11,28750000;1,90900000;5,02300000;-95,3
2021-05-22T00:00:00+00:00;MATICBULL/USD;21,38500000;27,97000000;8,01500000;9,81000000;-117,99
2021-05-21T00:00:00+00:00;MATICBULL/USD;49,53000000;59,39000000;11,16500000;21,38500000;-131,61
2021-05-20T00:00:00+00:00;MATICBULL/USD;41,24000000;73,33000000;20,99000000;49,53000000;16,74
2021-05-19T00:00:00+00:00;MATICBULL/USD;265,60000000;295,10000000;22,14000000;41,24000000;-544,03
2021-05-18T00:00:00+00:00;MATICBULL/USD;117,55000000;312,00000000;113,70000000;265,60000000;55,74
2021-05-17T00:00:00+00:00;MATICBULL/USD;128,55000000;135,00000000;77,10000000;117,55000000;-9,36
2021-05-16T00:00:00+00:00;MATICBULL/USD;104,90000000;150,92500000;80,00000000;128,55000000;18,4
2021-05-15T00:00:00+00:00;MATICBULL/USD;87,55000000;157,70000000;86,87500000;104,90000000;16,54
2021-05-14T00:00:00+00:00;MATICBULL/USD;39,67000000;90,72000000;38,96000000;87,55000000;54,69
2021-05-13T00:00:00+00:00;MATICBULL/USD;39,54000000;54,19000000;30,00000000;39,67000000;0,33
2021-05-12T00:00:00+00:00;MATICBULL/USD;41,82000000;60,03000000;36,00000000;39,54000000;-5,77
2021-05-11T00:00:00+00:00;MATICBULL/USD;25,34000000;43,92000000;18,80000000;41,82000000;39,41
2021-05-10T00:00:00+00:00;MATICBULL/USD;36,37000000;41,09000000;17,99000000;25,34000000;-43,53
2021-05-09T00:00:00+00:00;MATICBULL/USD;25,93000000;44,22000000;20,00000000;36,37000000;28,7
2021-05-08T00:00:00+00:00;MATICBULL/USD;18,60500000;26,25000000;17,17000000;25,93000000;28,25
2021-05-07T00:00:00+00:00;MATICBULL/USD;19,83000000;23,39000000;17,07500000;18,60500000;-6,58
2021-05-06T00:00:00+00:00;MATICBULL/USD;25,31000000;25,81000000;17,27500000;19,83000000;-27,63
2021-05-05T00:00:00+00:00;MATICBULL/USD;17,62000000;27,36000000;17,14000000;25,31000000;30,38
2021-05-04T00:00:00+00:00;MATICBULL/USD;27,30000000;27,61000000;16,33000000;17,62000000;-54,94
2021-05-03T00:00:00+00:00;MATICBULL/USD;30,17000000;35,91000000;24,51000000;27,30000000;-10,51
2021-05-02T00:00:00+00:00;MATICBULL/USD;27,15000000;30,95000000;22,19000000;30,17000000;10,01
2021-05-01T00:00:00+00:00;MATICBULL/USD;31,05000000;33,69000000;24,84000000;27,15000000;-14,36
2021-04-30T00:00:00+00:00;MATICBULL/USD;42,85000000;51,14000000;27,16000000;31,05000000;-38,0
2021-04-29T00:00:00+00:00;MATICBULL/USD;30,06000000;47,14000000;25,97000000;42,85000000;29,85
2021-04-28T00:00:00+00:00;MATICBULL/USD;45,58000000;54,00000000;20,41000000;30,06000000;-51,63
2021-04-27T00:00:00+00:00;MATICBULL/USD;17,53000000;48,00000000;17,36000000;45,58000000;61,54
2021-04-26T00:00:00+00:00;MATICBULL/USD;7,97000000;19,93000000;7,65250000;17,53000000;54,54
2021-04-25T00:00:00+00:00;MATICBULL/USD;6,29000000;9,00750000;5,65750000;7,97000000;21,08
2021-04-24T00:00:00+00:00;MATICBULL/USD;8,67750000;9,06000000;5,49500000;6,29000000;-37,96
2021-04-23T00:00:00+00:00;MATICBULL/USD;7,50000000;8,98000000;4,52900000;8,77250000;14,51
2021-04-22T00:00:00+00:00;MATICBULL/USD;8,25750000;12,60000000;7,44750000;7,50000000;-10,1
2021-04-21T00:00:00+00:00;MATICBULL/USD;7,50000000;9,99500000;6,29750000;8,25750000;9,17
2021-04-20T00:00:00+00:00;MATICBULL/USD;6,60000000;8,12000000;4,72000000;7,50000000;12,0
2021-04-19T00:00:00+00:00;MATICBULL/USD;9,54000000;11,26000000;6,29250000;6,60000000;-44,55
2021-04-18T00:00:00+00:00;MATICBULL/USD;13,82000000;14,45500000;4,90000000;9,54000000;-44,86
2021-04-17T00:00:00+00:00;MATICBULL/USD;18,44000000;19,14000000;13,00500000;13,82000000;-33,43
2021-04-16T00:00:00+00:00;MATICBULL/USD;19,60500000;22,67500000;14,54500000;18,44000000;-6,32
2021-04-15T00:00:00+00:00;MATICBULL/USD;16,27000000;21,45000000;14,35000000;19,60500000;17,01
2021-04-14T00:00:00+00:00;MATICBULL/USD;19,08500000;22,12500000;11,60500000;16,27000000;-17,3
2021-04-13T00:00:00+00:00;MATICBULL/USD;12,41000000;19,22000000;12,37500000;19,08500000;34,98
2021-04-12T00:00:00+00:00;MATICBULL/USD;14,05500000;14,31500000;11,58500000;12,41000000;-13,26
2021-04-11T00:00:00+00:00;MATICBULL/USD;12,89500000;14,15000000;12,28000000;14,05500000;8,25
2021-04-10T00:00:00+00:00;MATICBULL/USD;14,17000000;14,97000000;11,63500000;12,89500000;-9,89
2021-04-09T00:00:00+00:00;MATICBULL/USD;13,19000000;16,00000000;12,11500000;14,17000000;6,92
2021-04-08T00:00:00+00:00;MATICBULL/USD;11,34000000;13,46000000;10,87500000;13,19000000;14,03
2021-04-07T00:00:00+00:00;MATICBULL/USD;17,02500000;17,18000000;8,71500000;11,34000000;-50,13
2021-04-06T00:00:00+00:00;MATICBULL/USD;16,44000000;19,00000000;15,10000000;17,02500000;3,44
2021-04-05T00:00:00+00:00;MATICBULL/USD;15,89000000;16,75500000;13,50000000;16,44000000;3,35
2021-04-04T00:00:00+00:00;MATICBULL/USD;15,09500000;17,14000000;13,89000000;15,89000000;5,0
2021-04-03T00:00:00+00:00;MATICBULL/USD;20,07500000;22,99500000;14,55500000;15,09500000;-32,99
2021-04-02T00:00:00+00:00;MATICBULL/USD;17,77000000;21,90000000;16,70000000;20,07500000;11,48
2021-04-01T00:00:00+00:00;MATICBULL/USD;17,32000000;20,00000000;16,00000000;17,77000000;2,53
2021-03-31T00:00:00+00:00;MATICBULL/USD;19,30000000;20,78000000;13,87000000;17,32000000;-11,43
2021-03-30T00:00:00+00:00;MATICBULL/USD;21,51000000;22,04500000;17,27000000;19,38000000;-10,99
2021-03-29T00:00:00+00:00;MATICBULL/USD;16,22000000;27,42500000;15,09000000;21,51000000;24,59
2021-03-28T00:00:00+00:00;MATICBULL/USD;14,82000000;17,70500000;14,15000000;16,22000000;8,63
2021-03-27T00:00:00+00:00;MATICBULL/USD;15,41000000;18,16000000;14,45000000;14,82000000;-3,98
2021-03-26T00:00:00+00:00;MATICBULL/USD;11,46500000;16,00000000;11,08000000;15,41000000;25,6
2021-03-25T00:00:00+00:00;MATICBULL/USD;14,51500000;16,10000000;11,16000000;11,46500000;-26,6
2021-03-24T00:00:00+00:00;MATICBULL/USD;15,63500000;22,18000000;11,92000000;14,51500000;-7,72
2021-03-23T00:00:00+00:00;MATICBULL/USD;18,22000000;21,01000000;14,88000000;15,63500000;-16,53
2021-03-22T00:00:00+00:00;MATICBULL/USD;27,47000000;27,78000000;14,65000000;18,22000000;-50,77
2021-03-21T00:00:00+00:00;MATICBULL/USD;28,72000000;31,15000000;23,41000000;27,59000000;-4,1
2021-03-20T00:00:00+00:00;MATICBULL/USD;35,57000000;38,00000000;28,65000000;28,72000000;-23,85
2021-03-19T00:00:00+00:00;MATICBULL/USD;31,32000000;38,81000000;27,70000000;35,57000000;11,95
2021-03-18T00:00:00+00:00;MATICBULL/USD;34,00000000;44,00000000;30,00000000;31,12000000;-9,25
2021-03-17T00:00:00+00:00;MATICBULL/USD;28,76000000;40,20000000;27,87000000;34,00000000;15,41
2021-03-16T00:00:00+00:00;MATICBULL/USD;35,00000000;36,29000000;23,03000000;28,84000000;-21,36
2021-03-15T00:00:00+00:00;MATICBULL/USD;33,41000000;46,76000000;33,00000000;35,00000000;4,54
2021-03-14T00:00:00+00:00;MATICBULL/USD;49,59000000;54,00000000;31,61000000;33,41000000;-48,43
2021-03-13T00:00:00+00:00;MATICBULL/USD;45,97000000;64,40000000;45,00000000;49,59000000;7,3
2021-03-12T00:00:00+00:00;MATICBULL/USD;44,76000000;76,11000000;41,00000000;45,97000000;2,63
2021-03-11T00:00:00+00:00;MATICBULL/USD;20,28000000;72,00000000;18,56000000;44,79000000;54,72
2021-03-10T00:00:00+00:00;MATICBULL/USD;23,45000000;33,00000000;18,95000000;20,28000000;-15,63
2021-03-09T00:00:00+00:00;MATICBULL/USD;11,12500000;24,77000000;10,72500000;23,45000000;52,56
2021-03-08T00:00:00+00:00;MATICBULL/USD;10,56250000;11,82250000;9,37500000;11,12500000;5,06
2021-03-07T00:00:00+00:00;MATICBULL/USD;10,59000000;12,00000000;9,59500000;10,56250000;-0,26
2021-03-06T00:00:00+00:00;MATICBULL/USD;10,76500000;13,04500000;9,46500000;10,59000000;-1,65
2021-03-05T00:00:00+00:00;MATICBULL/USD;8,98500000;12,04000000;7,03500000;10,76500000;16,54
2021-03-04T00:00:00+00:00;MATICBULL/USD;13,52500000;15,64500000;8,27500000;8,98500000;-50,53
2021-03-03T00:00:00+00:00;MATICBULL/USD;15,43500000;16,34500000;12,42000000;13,52500000;-14,12
2021-03-02T00:00:00+00:00;MATICBULL/USD;20,01500000;20,56500000;11,94000000;15,43500000;-29,67
2021-03-01T00:00:00+00:00;MATICBULL/USD;16,44000000;21,00000000;13,14000000;20,01500000;17,86
2021-02-28T00:00:00+00:00;MATICBULL/USD;10,94500000;16,80500000;7,04000000;16,44000000;33,42
2021-02-27T00:00:00+00:00;MATICBULL/USD;9,78250000;16,00000000;9,49250000;10,94500000;10,62
2021-02-26T00:00:00+00:00;MATICBULL/USD;7,80500000;11,35000000;5,66250000;9,78250000;20,21
2021-02-25T00:00:00+00:00;MATICBULL/USD;6,09700000;12,99000000;6,09700000;7,80500000;21,88
2021-02-24T00:00:00+00:00;MATICBULL/USD;4,01300000;7,01000000;3,25300000;6,09700000;34,18
2021-02-23T00:00:00+00:00;MATICBULL/USD;7,69900000;7,80500000;1,80000000;4,01300000;-91,85
2021-02-22T00:00:00+00:00;MATICBULL/USD;10,79000000;11,84000000;4,03000000;7,69900000;-40,15
2021-02-21T00:00:00+00:00;MATICBULL/USD;8,14000000;14,43500000;7,29000000;10,79000000;24,56
2021-02-20T00:00:00+00:00;MATICBULL/USD;10,48000000;19,99000000;6,40000000;8,14000000;-28,75
2021-02-19T00:00:00+00:00;MATICBULL/USD;6,10000000;12,35250000;5,30000000;10,48000000;41,79
2021-02-18T00:00:00+00:00;MATICBULL/USD;4,88000000;7,50000000;4,81500000;6,10000000;20,0
2021-02-17T00:00:00+00:00;MATICBULL/USD;4,79700000;5,69100000;3,00000000;4,88300000;1,76
2021-02-16T00:00:00+00:00;MATICBULL/USD;4,83500000;5,85000000;3,80000000;4,79700000;-0,79
2021-02-15T00:00:00+00:00;MATICBULL/USD;4,56000000;6,12500000;2,21700000;4,83500000;5,69
2021-02-14T00:00:00+00:00;MATICBULL/USD;6,73500000;7,68000000;3,75100000;4,56000000;-47,7
2021-02-13T00:00:00+00:00;MATICBULL/USD;9,53500000;10,51500000;5,61250000;6,73500000;-41,57
2021-02-12T00:00:00+00:00;MATICBULL/USD;10,03750000;11,40000000;8,07000000;9,53500000;-5,27
2021-02-11T00:00:00+00:00;MATICBULL/USD;8,45000000;13,84000000;7,94500000;10,03750000;15,82
2021-02-10T00:00:00+00:00;MATICBULL/USD;5,57000000;13,89000000;5,33300000;8,45000000;34,08
2021-02-09T00:00:00+00:00;MATICBULL/USD;2,73300000;6,71300000;2,46900000;5,57000000;50,93
2021-02-08T00:00:00+00:00;MATICBULL/USD;2,23650000;3,50000000;1,70400000;2,73300000;18,17
2021-02-07T00:00:00+00:00;MATICBULL/USD;1,20325000;2,30000000;0,92000000;2,21500000;45,68
2021-02-06T00:00:00+00:00;MATICBULL/USD;1,56300000;1,63100000;0,82250000;1,20325000;-29,9
2021-02-05T00:00:00+00:00;MATICBULL/USD;1,06850000;1,65250000;0,97100000;1,56300000;31,64
2021-02-04T00:00:00+00:00;MATICBULL/USD;0,87200000;1,18975000;0,59600000;1,06850000;18,39
2021-02-03T00:00:00+00:00;MATICBULL/USD;0,72700000;0,87700000;0,65000000;0,87200000;16,63
2021-02-02T00:00:00+00:00;MATICBULL/USD;0,70275000;0,74475000;0,62350000;0,72700000;3,34
2021-02-01T00:00:00+00:00;MATICBULL/USD;0,61350000;0,73525000;0,51550000;0,70275000;12,7
2021-01-31T00:00:00+00:00;MATICBULL/USD;0,72500000;0,73125000;0,51000000;0,61350000;-18,17
2021-01-30T00:00:00+00:00;MATICBULL/USD;0,72900000;1,10000000;0,67075000;0,72500000;-0,55
2021-01-29T00:00:00+00:00;MATICBULL/USD;0,65950000;0,89675000;0,59575000;0,72900000;9,53
2021-01-28T00:00:00+00:00;MATICBULL/USD;0,84500000;1,00400000;0,64850000;0,65950000;-28,13
2021-01-27T00:00:00+00:00;MATICBULL/USD;1,01900000;1,32500000;0,60000000;0,84500000;-20,59
2021-01-26T00:00:00+00:00;MATICBULL/USD;0,53875000;1,10000000;0,49070000;1,01900000;47,13
2021-01-25T00:00:00+00:00;MATICBULL/USD;0,55650000;0,75900000;0,52525000;0,53875000;-3,29
2021-01-24T00:00:00+00:00;MATICBULL/USD;0,59650000;0,65750000;0,51400000;0,55650000;-7,19
2021-01-23T00:00:00+00:00;MATICBULL/USD;0,48280000;0,64000000;0,44000000;0,59650000;19,06
2021-01-22T00:00:00+00:00;MATICBULL/USD;0,37830000;0,54010000;0,29240000;0,48280000;21,64
2021-01-21T00:00:00+00:00;MATICBULL/USD;0,77150000;0,79700000;0,36000000;0,37830000;-103,94
2021-01-20T00:00:00+00:00;MATICBULL/USD;0,65400000;0,80000000;0,52450000;0,77150000;15,23
2021-01-19T00:00:00+00:00;MATICBULL/USD;0,97375000;0,97375000;0,63150000;0,65400000;-48,89
2021-01-18T00:00:00+00:00;MATICBULL/USD;0,84775000;1,10000000;0,78850000;0,97375000;12,94
2021-01-17T00:00:00+00:00;MATICBULL/USD;0,77575000;0,89650000;0,62000000;0,84775000;8,49
2021-01-16T00:00:00+00:00;MATICBULL/USD;0,85000000;1,08975000;0,67775000;0,77575000;-9,57
2021-01-15T00:00:00+00:00;MATICBULL/USD;0,80925000;0,97400000;0,46950000;0,85000000;4,79
2021-01-14T00:00:00+00:00;MATICBULL/USD;0,61850000;0,81000000;0,57025000;0,80925000;23,57
2021-01-13T00:00:00+00:00;MATICBULL/USD;0,43480000;0,67950000;0,36720000;0,61850000;29,7
2021-01-12T00:00:00+00:00;MATICBULL/USD;0,43600000;0,56620000;0,38720000;0,43480000;-0,28
2021-01-11T00:00:00+00:00;MATICBULL/USD;0,80000000;0,83950000;0,30000000;0,43600000;-83,49
2021-01-10T00:00:00+00:00;MATICBULL/USD;1,15700000;1,25800000;0,61000000;0,80000000;-44,62
2021-01-09T00:00:00+00:00;MATICBULL/USD;1,00750000;1,30000000;0,88000000;1,15700000;12,92
2021-01-08T00:00:00+00:00;MATICBULL/USD;1,19950000;1,26825000;0,67375000;1,00750000;-19,06
2021-01-07T00:00:00+00:00;MATICBULL/USD;1,57800000;2,20000000;1,03100000;1,19950000;-31,55
2021-01-06T00:00:00+00:00;MATICBULL/USD;0,68650000;1,75000000;0,66250000;1,57800000;56,5
2021-01-05T00:00:00+00:00;MATICBULL/USD;0,72650000;0,91750000;0,63225000;0,68650000;-5,83
2021-01-04T00:00:00+00:00;MATICBULL/USD;0,42700000;0,74250000;0,38970000;0,72650000;41,23
2021-01-03T00:00:00+00:00;MATICBULL/USD;0,37290000;0,46430000;0,36310000;0,42700000;12,67
2021-01-02T00:00:00+00:00;MATICBULL/USD;0,31060000;0,40440000;0,28810000;0,37290000;16,71
2021-01-01T00:00:00+00:00;MATICBULL/USD;0,30250000;0,36020000;0,29200000;0,31060000;2,61
2020-12-31T00:00:00+00:00;MATICBULL/USD;0,33370000;0,33370000;0,27000000;0,30250000;-10,31
2020-12-30T00:00:00+00:00;MATICBULL/USD;0,35220000;0,38190000;0,31660000;0,33370000;-5,54
2020-12-29T00:00:00+00:00;MATICBULL/USD;0,38640000;0,39210000;0,31150000;0,35220000;-9,71
2020-12-28T00:00:00+00:00;MATICBULL/USD;0,35670000;0,43200000;0,34300000;0,38640000;7,69
2020-12-27T00:00:00+00:00;MATICBULL/USD;0,41630000;0,45710000;0,31960000;0,35670000;-16,71
2020-12-26T00:00:00+00:00;MATICBULL/USD;0,28150000;0,45540000;0,26860000;0,41630000;32,38
2020-12-25T00:00:00+00:00;MATICBULL/USD;0,27920000;0,31010000;0,25300000;0,28150000;0,82
2020-12-24T00:00:00+00:00;MATICBULL/USD;0,22175000;0,28310000;0,20450000;0,27920000;20,58
2020-12-23T00:00:00+00:00;MATICBULL/USD;0,46530000;0,46850000;0,18610000;0,22175000;-109,83
2020-12-22T00:00:00+00:00;MATICBULL/USD;0,43260000;0,47910000;0,38000000;0,46530000;7,03
2020-12-21T00:00:00+00:00;MATICBULL/USD;0,51975000;0,55630000;0,42050000;0,43260000;-20,15
2020-12-20T00:00:00+00:00;MATICBULL/USD;0,58900000;0,60500000;0,46820000;0,51975000;-13,32
2020-12-19T00:00:00+00:00;MATICBULL/USD;0,64950000;0,68350000;0,56200000;0,58900000;-10,27
2020-12-18T00:00:00+00:00;MATICBULL/USD;0,51675000;0,68650000;0,50400000;0,64950000;20,44
2020-12-17T00:00:00+00:00;MATICBULL/USD;0,57950000;0,60950000;0,49250000;0,51675000;-12,14
2020-12-16T00:00:00+00:00;MATICBULL/USD;0,57375000;0,62000000;0,51225000;0,57950000;0,99
2020-12-15T00:00:00+00:00;MATICBULL/USD;0,49690000;0,60050000;0,48800000;0,57375000;13,39
2020-12-14T00:00:00+00:00;MATICBULL/USD;0,46900000;0,50100000;0,45630000;0,49690000;5,61
2020-12-13T00:00:00+00:00;MATICBULL/USD;0,45620000;0,49450000;0,44870000;0,46900000;2,73
2020-12-12T00:00:00+00:00;MATICBULL/USD;0,42240000;0,46170000;0,41950000;0,45620000;7,41
2020-12-11T00:00:00+00:00;MATICBULL/USD;0,43370000;0,44770000;0,38560000;0,42240000;-2,68
2020-12-10T00:00:00+00:00;MATICBULL/USD;0,46170000;0,46550000;0,40180000;0,43370000;-6,46
2020-12-09T00:00:00+00:00;MATICBULL/USD;0,43340000;0,47980000;0,35300000;0,46170000;6,13
2020-12-08T00:00:00+00:00;MATICBULL/USD;0,56200000;0,56950000;0,40920000;0,43340000;-29,67
2020-12-07T00:00:00+00:00;MATICBULL/USD;0,60200000;0,60200000;0,54525000;0,56200000;-7,12
2020-12-06T00:00:00+00:00;MATICBULL/USD;0,62375000;0,64900000;0,53175000;0,60200000;-3,61
2020-12-05T00:00:00+00:00;MATICBULL/USD;0,53880000;0,62400000;0,50100000;0,62375000;13,62
2020-12-04T00:00:00+00:00;MATICBULL/USD;0,77050000;0,80200000;0,52325000;0,53880000;-43,0
2020-12-03T00:00:00+00:00;MATICBULL/USD;0,63025000;0,79200000;0,60550000;0,77050000;18,2
2020-12-02T00:00:00+00:00;MATICBULL/USD;0,57950000;0,64425000;0,54775000;0,63025000;8,05
2020-12-01T00:00:00+00:00;MATICBULL/USD;0,68050000;0,74050000;0,50670000;0,57950000;-17,43
2020-11-30T00:00:00+00:00;MATICBULL/USD;0,60200000;0,72000000;0,57300000;0,68050000;11,54
2020-11-29T00:00:00+00:00;MATICBULL/USD;0,59675000;0,62225000;0,55475000;0,60200000;0,87
2020-11-28T00:00:00+00:00;MATICBULL/USD;0,49790000;0,63000000;0,47170000;0,59675000;16,56
2020-11-27T00:00:00+00:00;MATICBULL/USD;0,51220000;0,55710000;0,43090000;0,49790000;-2,87
2020-11-26T00:00:00+00:00;MATICBULL/USD;1,04550000;1,10350000;0,36700000;0,51220000;-104,12
2020-11-25T00:00:00+00:00;MATICBULL/USD;1,13900000;1,49200000;0,96200000;1,04550000;-8,94
2020-11-24T00:00:00+00:00;MATICBULL/USD;1,09000000;1,32250000;0,95600000;1,13900000;4,3
2020-11-23T00:00:00+00:00;MATICBULL/USD;0,82775000;1,18400000;0,80800000;1,09000000;24,06
2020-11-22T00:00:00+00:00;MATICBULL/USD;0,94800000;0,98500000;0,67200000;0,82775000;-14,53
2020-11-21T00:00:00+00:00;MATICBULL/USD;0,70950000;0,95000000;0,69675000;0,94800000;25,16
2020-11-20T00:00:00+00:00;MATICBULL/USD;0,64200000;0,77425000;0,64200000;0,70950000;9,51
2020-11-19T00:00:00+00:00;MATICBULL/USD;0,62500000;0,73000000;0,58550000;0,64200000;2,65
2020-11-18T00:00:00+00:00;MATICBULL/USD;0,72900000;0,83600000;0,54525000;0,62500000;-16,64
2020-11-17T00:00:00+00:00;MATICBULL/USD;0,60250000;0,77625000;0,60250000;0,72900000;17,35
2020-11-16T00:00:00+00:00;MATICBULL/USD;0,57475000;0,63950000;0,56075000;0,60250000;4,61
2020-11-15T00:00:00+00:00;MATICBULL/USD;0,61100000;0,65000000;0,52400000;0,57475000;-6,31
2020-11-14T00:00:00+00:00;MATICBULL/USD;0,63550000;0,63550000;0,53375000;0,61100000;-4,01
2020-11-13T00:00:00+00:00;MATICBULL/USD;0,54400000;0,66125000;0,52150000;0,63550000;14,4
2020-11-12T00:00:00+00:00;MATICBULL/USD;0,60425000;0,69925000;0,53075000;0,54400000;-11,08
2020-11-11T00:00:00+00:00;MATICBULL/USD;0,69275000;0,77175000;0,59500000;0,60425000;-14,65
2020-11-10T00:00:00+00:00;MATICBULL/USD;0,54000000;0,72510000;0,51975000;0,69275000;22,05
2020-11-09T00:00:00+00:00;MATICBULL/USD;0,54225000;0,64825000;0,50375000;0,54000000;-0,42
2020-11-08T00:00:00+00:00;MATICBULL/USD;0,44090000;0,59875000;0,41770000;0,54225000;18,69
2020-11-07T00:00:00+00:00;MATICBULL/USD;0,54550000;0,72510000;0,37660000;0,44090000;-23,72
2020-11-06T00:00:00+00:00;MATICBULL/USD;0,38100000;0,59390000;0,37730000;0,54550000;30,16
2020-11-05T00:00:00+00:00;MATICBULL/USD;0,29570000;0,39100000;0,28530000;0,38100000;22,39
2020-11-04T00:00:00+00:00;MATICBULL/USD;0,32800000;0,33000000;0,25290000;0,29570000;-10,92
2020-11-03T00:00:00+00:00;MATICBULL/USD;0,41490000;0,41920000;0,31580000;0,32800000;-26,49
2020-11-02T00:00:00+00:00;MATICBULL/USD;0,46930000;0,49310000;0,37310000;0,41490000;-13,11
2020-11-01T00:00:00+00:00;MATICBULL/USD;0,42370000;0,48000000;0,41910000;0,46930000;9,72
2020-10-31T00:00:00+00:00;MATICBULL/USD;0,44220000;0,46930000;0,41140000;0,42370000;-4,37
2020-10-30T00:00:00+00:00;MATICBULL/USD;0,44230000;0,48000000;0,35260000;0,44220000;-0,02
2020-10-29T00:00:00+00:00;MATICBULL/USD;0,58525000;0,62300000;0,42200000;0,44230000;-32,32
2020-10-28T00:00:00+00:00;MATICBULL/USD;0,67875000;0,72075000;0,55575000;0,58525000;-15,98
2020-10-27T00:00:00+00:00;MATICBULL/USD;0,77700000;0,79575000;0,64050000;0,67875000;-14,48
2020-10-26T00:00:00+00:00;MATICBULL/USD;0,91050000;0,96875000;0,71925000;0,77700000;-17,18
2020-10-25T00:00:00+00:00;MATICBULL/USD;0,96475000;1,01000000;0,89475000;0,91050000;-5,96
2020-10-24T00:00:00+00:00;MATICBULL/USD;0,88625000;1,00000000;0,85125000;0,96475000;8,14
2020-10-23T00:00:00+00:00;MATICBULL/USD;0,93075000;0,97000000;0,78925000;0,88625000;-5,02
2020-10-22T00:00:00+00:00;MATICBULL/USD;0,82300000;1,00325000;0,78075000;0,93075000;11,58
2020-10-21T00:00:00+00:00;MATICBULL/USD;0,72075000;0,86700000;0,71475000;0,82300000;12,42
2020-10-20T00:00:00+00:00;MATICBULL/USD;0,81375000;0,82475000;0,68750000;0,72075000;-12,9
2020-10-19T00:00:00+00:00;MATICBULL/USD;0,91475000;0,91475000;0,79950000;0,81375000;-12,41
2020-10-18T00:00:00+00:00;MATICBULL/USD;0,89550000;0,93325000;0,86000000;0,91475000;2,1
2020-10-17T00:00:00+00:00;MATICBULL/USD;0,81000000;0,89950000;0,79575000;0,89550000;9,55
2020-10-16T00:00:00+00:00;MATICBULL/USD;0,99000000;0,99875000;0,78275000;0,81000000;-22,22
2020-10-15T00:00:00+00:00;MATICBULL/USD;0,97650000;1,02525000;0,87625000;0,99000000;1,36
2020-10-14T00:00:00+00:00;MATICBULL/USD;1,08300000;1,12350000;0,96425000;0,97650000;-10,91
2020-10-13T00:00:00+00:00;MATICBULL/USD;1,10200000;1,13200000;1,03100000;1,08300000;-1,75
2020-10-12T00:00:00+00:00;MATICBULL/USD;1,10200000;1,22425000;1,09050000;1,10200000;0,0
2020-10-11T00:00:00+00:00;MATICBULL/USD;1,01000000;1,14800000;1,00150000;1,10200000;8,35
2020-10-10T00:00:00+00:00;MATICBULL/USD;0,98150000;1,11000000;0,96425000;1,01000000;2,82
2020-10-09T00:00:00+00:00;MATICBULL/USD;0,90975000;1,07000000;0,85700000;0,98150000;7,31
2020-10-08T00:00:00+00:00;MATICBULL/USD;0,95725000;0,96450000;0,70875000;0,90975000;-5,22
2020-10-07T00:00:00+00:00;MATICBULL/USD;1,00600000;1,08000000;0,89025000;0,95725000;-5,09
2020-10-06T00:00:00+00:00;MATICBULL/USD;1,35250000;1,35950000;0,95900000;1,00600000;-34,44
2020-10-05T00:00:00+00:00;MATICBULL/USD;1,30600000;1,39000000;1,28400000;1,35250000;3,44
2020-10-04T00:00:00+00:00;MATICBULL/USD;1,28650000;1,37000000;1,24000000;1,30600000;1,49
2020-10-03T00:00:00+00:00;MATICBULL/USD;1,22100000;1,33200000;1,20450000;1,28650000;5,09
2020-10-02T00:00:00+00:00;MATICBULL/USD;1,39600000;1,43000000;1,04300000;1,22100000;-14,33
2020-10-01T00:00:00+00:00;MATICBULL/USD;1,73900000;1,81900000;1,23000000;1,39600000;-24,57
2020-09-30T00:00:00+00:00;MATICBULL/USD;1,58250000;1,75300000;1,46950000;1,73900000;9,0
2020-09-29T00:00:00+00:00;MATICBULL/USD;1,44750000;1,67550000;1,38000000;1,58250000;8,53
2020-09-28T00:00:00+00:00;MATICBULL/USD;1,39500000;1,80250000;1,39500000;1,44750000;3,63
2020-09-27T00:00:00+00:00;MATICBULL/USD;1,41550000;1,51500000;1,26350000;1,39500000;-1,47
2020-09-26T00:00:00+00:00;MATICBULL/USD;1,51900000;1,58250000;1,38000000;1,41550000;-7,31
2020-09-25T00:00:00+00:00;MATICBULL/USD;1,47650000;1,57100000;1,31250000;1,51900000;2,8
2020-09-24T00:00:00+00:00;MATICBULL/USD;1,20800000;1,47700000;1,09600000;1,47650000;18,18
2020-09-23T00:00:00+00:00;MATICBULL/USD;1,77100000;1,79750000;1,19200000;1,20800000;-46,61
2020-09-22T00:00:00+00:00;MATICBULL/USD;1,54200000;1,77100000;1,50100000;1,77100000;12,93
2020-09-21T00:00:00+00:00;MATICBULL/USD;2,62000000;3,17800000;1,44900000;1,54200000;-69,91
2020-09-20T00:00:00+00:00;MATICBULL/USD;2,27600000;2,84600000;2,11300000;2,62000000;13,13
2020-09-19T00:00:00+00:00;MATICBULL/USD;2,34300000;2,51400000;2,18800000;2,27600000;-2,94
2020-09-18T00:00:00+00:00;MATICBULL/USD;2,18450000;2,59950000;2,02950000;2,34300000;6,76
2020-09-17T00:00:00+00:00;MATICBULL/USD;1,98550000;2,19950000;1,80500000;2,18450000;9,11
2020-09-16T00:00:00+00:00;MATICBULL/USD;2,18250000;2,18250000;1,82850000;1,98550000;-9,92
2020-09-15T00:00:00+00:00;MATICBULL/USD;2,09200000;2,52200000;2,03150000;2,18250000;4,15
2020-09-14T00:00:00+00:00;MATICBULL/USD;1,96500000;2,16100000;1,82700000;2,09200000;6,07
2020-09-13T00:00:00+00:00;MATICBULL/USD;2,31700000;2,46200000;1,73950000;1,96500000;-17,91
2020-09-12T00:00:00+00:00;MATICBULL/USD;2,39100000;2,43000000;2,18000000;2,31700000;-3,19
2020-09-11T00:00:00+00:00;MATICBULL/USD;2,15850000;2,49650000;1,92250000;2,39100000;9,72
2020-09-10T00:00:00+00:00;MATICBULL/USD;2,06500000;2,50750000;2,01000000;2,15850000;4,33
2020-09-09T00:00:00+00:00;MATICBULL/USD;1,57400000;2,23500000;1,47200000;2,06500000;23,78
2020-09-08T00:00:00+00:00;MATICBULL/USD;1,68750000;1,77350000;1,36500000;1,57400000;-7,21
2020-09-07T00:00:00+00:00;MATICBULL/USD;1,64650000;1,74000000;1,21050000;1,68750000;2,43
2020-09-06T00:00:00+00:00;MATICBULL/USD;1,47150000;1,76800000;1,27800000;1,64650000;10,63
2020-09-05T00:00:00+00:00;MATICBULL/USD;1,87650000;2,16000000;1,19150000;1,47150000;-27,52
2020-09-04T00:00:00+00:00;MATICBULL/USD;1,86550000;2,11900000;1,39500000;1,87650000;0,59
2020-09-03T00:00:00+00:00;MATICBULL/USD;3,89500000;4,04200000;1,69400000;1,86550000;-108,79
2020-09-02T00:00:00+00:00;MATICBULL/USD;5,45750000;5,67500000;2,94800000;3,89500000;-40,12
2020-09-01T00:00:00+00:00;MATICBULL/USD;6,28000000;6,52500000;5,44750000;5,45750000;-15,07
2020-08-31T00:00:00+00:00;MATICBULL/USD;6,83500000;7,04000000;6,10500000;6,28000000;-8,84
2020-08-30T00:00:00+00:00;MATICBULL/USD;7,27750000;8,14250000;6,83500000;6,83500000;-6,47
2020-08-29T00:00:00+00:00;MATICBULL/USD;6,77750000;7,93000000;6,49000000;7,27750000;6,87
2020-08-28T00:00:00+00:00;MATICBULL/USD;6,00000000;7,03000000;5,83750000;6,77750000;11,47
2020-08-27T00:00:00+00:00;MATICBULL/USD;7,33250000;7,58500000;5,43000000;6,00000000;-22,21
2020-08-26T00:00:00+00:00;MATICBULL/USD;6,36750000;7,65500000;6,10500000;7,33250000;13,16
2020-08-25T00:00:00+00:00;MATICBULL/USD;8,73000000;8,83500000;5,74750000;6,36750000;-37,1
2020-08-24T00:00:00+00:00;MATICBULL/USD;6,76000000;9,10250000;6,31250000;8,73000000;22,57
2020-08-23T00:00:00+00:00;MATICBULL/USD;7,52000000;7,52000000;6,30000000;6,76000000;-11,24
2020-08-22T00:00:00+00:00;MATICBULL/USD;6,30000000;7,64250000;5,62000000;7,52000000;16,22
2020-08-21T00:00:00+00:00;MATICBULL/USD;8,40500000;10,17000000;6,30000000;6,30000000;-33,41
2020-08-20T00:00:00+00:00;MATICBULL/USD;6,84500000;8,48500000;6,65500000;8,40500000;18,56
2020-08-19T00:00:00+00:00;MATICBULL/USD;9,08750000;9,60500000;5,98000000;6,84500000;-32,76
2020-08-18T00:00:00+00:00;MATICBULL/USD;12,34000000;13,42500000;8,16000000;9,08750000;-35,79
2020-08-17T00:00:00+00:00;MATICBULL/USD;14,31000000;16,86500000;10,56500000;12,34000000;-15,96
2020-08-16T00:00:00+00:00;MATICBULL/USD;14,30000000;15,51500000;11,75500000;14,31000000;0,07
2020-08-15T00:00:00+00:00;MATICBULL/USD;12,23000000;17,67500000;10,54000000;14,30000000;14,48
2020-08-14T00:00:00+00:00;MATICBULL/USD;11,10000000;12,98000000;10,10000000;12,23000000;9,24
2020-08-13T00:00:00+00:00;MATICBULL/USD;8,98000000;13,03750000;7,52500000;11,10000000;19,1
2020-08-12T00:00:00+00:00;MATICBULL/USD;6,98750000;9,40000000;6,62500000;8,98000000;22,19
2020-08-11T00:00:00+00:00;MATICBULL/USD;9,00000000;10,90000000;5,90000000;6,98750000;-28,8
2020-08-10T00:00:00+00:00;MATICBULL/USD;7,43250000;9,00000000;6,50000000;9,00000000;17,42
2020-08-09T00:00:00+00:00;MATICBULL/USD;7,63500000;8,55000000;6,92000000;7,43250000;-2,72
2020-08-08T00:00:00+00:00;MATICBULL/USD;6,21000000;7,71250000;6,18000000;7,63500000;18,66
2020-08-07T00:00:00+00:00;MATICBULL/USD;6,64500000;7,07250000;5,65500000;6,21000000;-7,0
2020-08-06T00:00:00+00:00;MATICBULL/USD;6,38250000;7,20000000;6,26250000;6,64500000;3,95
2020-08-05T00:00:00+00:00;MATICBULL/USD;5,77750000;6,91750000;5,72250000;6,38250000;9,48
2020-08-04T00:00:00+00:00;MATICBULL/USD;5,54750000;6,05750000;5,50000000;5,77750000;3,98
2020-08-03T00:00:00+00:00;MATICBULL/USD;5,35250000;5,95000000;5,20250000;5,54750000;3,52
2020-08-02T00:00:00+00:00;MATICBULL/USD;6,49000000;6,72500000;5,15250000;5,35250000;-21,25
2020-08-01T00:00:00+00:00;MATICBULL/USD;5,84000000;6,80500000;5,54500000;6,49000000;10,02
2020-07-31T00:00:00+00:00;MATICBULL/USD;5,90750000;6,15000000;5,49750000;5,84000000;-1,16
2020-07-30T00:00:00+00:00;MATICBULL/USD;5,80750000;6,30000000;5,62000000;5,90750000;1,69
2020-07-29T00:00:00+00:00;MATICBULL/USD;5,98000000;6,32500000;5,60750000;5,80750000;-2,97
2020-07-28T00:00:00+00:00;MATICBULL/USD;5,60500000;6,46250000;5,00000000;5,98000000;6,27
2020-07-27T00:00:00+00:00;MATICBULL/USD;6,83000000;6,93750000;4,12500000;5,60500000;-21,86
2020-07-26T00:00:00+00:00;MATICBULL/USD;7,02000000;7,58250000;6,81750000;6,83000000;-2,78
2020-07-25T00:00:00+00:00;MATICBULL/USD;6,81750000;7,58000000;6,80500000;7,02000000;2,88
2020-07-24T00:00:00+00:00;MATICBULL/USD;7,44750000;7,60250000;6,50000000;6,81750000;-9,24
2020-07-23T00:00:00+00:00;MATICBULL/USD;7,66500000;7,95750000;7,31250000;7,44750000;-2,92
2020-07-22T00:00:00+00:00;MATICBULL/USD;7,62750000;8,03000000;7,38250000;7,66500000;0,49
2020-07-21T00:00:00+00:00;MATICBULL/USD;8,05250000;8,43250000;7,37000000;7,62750000;-5,57
2020-07-20T00:00:00+00:00;MATICBULL/USD;7,77750000;9,47250000;7,39500000;8,05250000;3,42
2020-07-19T00:00:00+00:00;MATICBULL/USD;7,95750000;7,95750000;7,20000000;7,77750000;-2,31
2020-07-18T00:00:00+00:00;MATICBULL/USD;7,52500000;7,95750000;7,17000000;7,95750000;5,44
2020-07-17T00:00:00+00:00;MATICBULL/USD;7,44750000;8,46250000;7,16500000;7,52500000;1,03
2020-07-16T00:00:00+00:00;MATICBULL/USD;9,08750000;10,12500000;6,38250000;7,44750000;-22,02
2020-07-15T00:00:00+00:00;MATICBULL/USD;9,17000000;10,80000000;8,92500000;9,08750000;-0,91
2020-07-14T00:00:00+00:00;MATICBULL/USD;9,21750000;9,47500000;7,83500000;9,17000000;-0,52
2020-07-13T00:00:00+00:00;MATICBULL/USD;7,84000000;10,87500000;7,77500000;9,21750000;14,94
2020-07-12T00:00:00+00:00;MATICBULL/USD;8,16250000;8,38750000;7,11500000;7,84000000;-4,11
2020-07-11T00:00:00+00:00;MATICBULL/USD;8,05250000;8,48000000;7,33750000;8,16250000;1,35
2020-07-10T00:00:00+00:00;MATICBULL/USD;7,36500000;8,24250000;6,82750000;8,05250000;8,54
2020-07-09T00:00:00+00:00;MATICBULL/USD;8,62000000;8,78500000;6,41750000;7,36500000;-17,04
2020-07-08T00:00:00+00:00;MATICBULL/USD;7,05500000;8,84000000;6,85500000;8,62000000;18,16
2020-07-07T00:00:00+00:00;MATICBULL/USD;7,10000000;7,59750000;6,63250000;7,05500000;-0,64
2020-07-06T00:00:00+00:00;MATICBULL/USD;6,18250000;7,18250000;6,08750000;7,10000000;12,92
2020-07-05T00:00:00+00:00;MATICBULL/USD;6,65500000;6,71500000;5,87250000;6,18250000;-7,64
2020-07-04T00:00:00+00:00;MATICBULL/USD;6,44750000;6,70000000;6,20000000;6,65500000;3,12
2020-07-03T00:00:00+00:00;MATICBULL/USD;6,03000000;6,77500000;5,86750000;6,44750000;6,48
2020-07-02T00:00:00+00:00;MATICBULL/USD;5,91500000;6,54000000;5,34250000;6,03000000;1,91
2020-07-01T00:00:00+00:00;MATICBULL/USD;6,25750000;6,83250000;5,87500000;5,91500000;-5,79
2020-06-30T00:00:00+00:00;MATICBULL/USD;6,94250000;6,99000000;6,08250000;6,25750000;-10,95
2020-06-29T00:00:00+00:00;MATICBULL/USD;7,37500000;7,80750000;5,79500000;6,94250000;-6,23
2020-06-28T00:00:00+00:00;MATICBULL/USD;6,88750000;7,84000000;5,42000000;7,37500000;6,61
2020-06-27T00:00:00+00:00;MATICBULL/USD;8,63500000;9,18000000;6,20000000;6,87750000;-25,55
2020-06-26T00:00:00+00:00;MATICBULL/USD;9,81000000;10,18000000;8,41000000;8,63500000;-13,61
2020-06-25T00:00:00+00:00;MATICBULL/USD;10,75000000;10,83000000;9,26500000;9,81000000;-9,58
2020-06-24T00:00:00+00:00;MATICBULL/USD;11,45500000;11,50000000;9,50000000;10,75000000;-6,56
2020-06-23T00:00:00+00:00;MATICBULL/USD;10,85000000;11,95500000;10,19500000;11,45500000;5,28
2020-06-22T00:00:00+00:00;MATICBULL/USD;9,53250000;11,10000000;9,50000000;10,85000000;12,14
2020-06-21T00:00:00+00:00;MATICBULL/USD;11,46000000;11,95000000;9,47000000;9,53250000;-20,22
2020-06-20T00:00:00+00:00;MATICBULL/USD;8,50500000;11,46000000;8,49500000;11,46000000;25,79
2020-06-19T00:00:00+00:00;MATICBULL/USD;8,72000000;9,49750000;8,07500000;8,50500000;-2,53
2020-06-18T00:00:00+00:00;MATICBULL/USD;9,18000000;9,31750000;8,50000000;8,72000000;-5,28
2020-06-17T00:00:00+00:00;MATICBULL/USD;9,13750000;10,24250000;8,43000000;9,18000000;0,46
2020-06-16T00:00:00+00:00;MATICBULL/USD;8,92750000;9,44000000;8,13250000;9,13750000;2,3
2020-06-15T00:00:00+00:00;MATICBULL/USD;9,05000000;9,06250000;6,82500000;8,92750000;-1,37
2020-06-14T00:00:00+00:00;MATICBULL/USD;9,27500000;10,33500000;8,87000000;9,05000000;-2,49
2020-06-13T00:00:00+00:00;MATICBULL/USD;9,11250000;9,49250000;8,90750000;9,27500000;1,75
2020-06-12T00:00:00+00:00;MATICBULL/USD;8,29000000;9,29500000;8,02250000;9,11250000;9,03
2020-06-11T00:00:00+00:00;MATICBULL/USD;10,81500000;11,82000000;7,60500000;8,29000000;-30,46
2020-06-10T00:00:00+00:00;MATICBULL/USD;9,28250000;11,76250000;9,28250000;10,81500000;14,17
2020-06-09T00:00:00+00:00;MATICBULL/USD;9,62750000;9,84000000;9,21500000;9,28250000;-3,72
2020-06-08T00:00:00+00:00;MATICBULL/USD;9,92250000;10,35000000;9,58750000;9,62750000;-3,06
2020-06-07T00:00:00+00:00;MATICBULL/USD;10,32250000;10,64500000;8,75500000;9,92250000;-4,03
2020-06-06T00:00:00+00:00;MATICBULL/USD;10,52000000;10,80000000;9,84500000;10,32250000;-1,91
2020-06-05T00:00:00+00:00;MATICBULL/USD;12,29000000;12,61500000;9,46000000;10,52000000;-16,83
2020-06-04T00:00:00+00:00;MATICBULL/USD;12,46500000;13,27000000;10,62000000;12,29000000;-1,42
2020-06-03T00:00:00+00:00;MATICBULL/USD;11,20000000;12,64500000;10,33500000;12,46500000;10,15
2020-06-02T00:00:00+00:00;MATICBULL/USD;12,84500000;14,10000000;9,47000000;11,20000000;-14,69
2020-06-01T00:00:00+00:00;MATICBULL/USD;10,83000000;14,40000000;10,63000000;12,84500000;15,69
2020-05-31T00:00:00+00:00;MATICBULL/USD;18,83500000;20,89000000;9,38500000;10,83000000;-73,92
2020-05-30T00:00:00+00:00;MATICBULL/USD;24,71500000;24,71500000;16,50000000;18,83500000;-31,22
2020-05-29T00:00:00+00:00;MATICBULL/USD;23,14000000;27,78000000;22,10500000;24,71500000;6,37
2020-05-28T00:00:00+00:00;MATICBULL/USD;21,11500000;27,00000000;19,23000000;23,14000000;8,75
2020-05-27T00:00:00+00:00;MATICBULL/USD;24,12000000;26,00000000;18,73000000;21,11500000;-14,23
2020-05-26T00:00:00+00:00;MATICBULL/USD;14,87500000;27,00000000;14,73000000;24,12000000;38,33
2020-05-25T00:00:00+00:00;MATICBULL/USD;11,50000000;15,46500000;11,45500000;14,87500000;22,69
2020-05-24T00:00:00+00:00;MATICBULL/USD;13,12000000;16,54500000;11,50000000;11,50000000;-14,09
2020-05-23T00:00:00+00:00;MATICBULL/USD;14,07500000;14,76500000;12,43500000;13,12000000;-7,28
2020-05-22T00:00:00+00:00;MATICBULL/USD;12,03500000;15,20500000;11,25500000;14,07500000;14,49
2020-05-21T00:00:00+00:00;MATICBULL/USD;16,12000000;16,50000000;9,78000000;12,03500000;-33,94
2020-05-20T00:00:00+00:00;MATICBULL/USD;21,11000000;21,56000000;13,25000000;16,12000000;-30,96
2020-05-19T00:00:00+00:00;MATICBULL/USD;17,16000000;22,61500000;16,05000000;21,11000000;18,71
2020-05-18T00:00:00+00:00;MATICBULL/USD;16,48500000;18,80000000;16,46000000;17,16000000;3,93
2020-05-17T00:00:00+00:00;MATICBULL/USD;16,00000000;18,47500000;15,87500000;16,48500000;2,94
2020-05-16T00:00:00+00:00;MATICBULL/USD;14,28500000;18,05000000;13,06000000;16,00000000;10,72
2020-05-15T00:00:00+00:00;MATICBULL/USD;16,30500000;18,11500000;13,37000000;14,28500000;-14,14
2020-05-14T00:00:00+00:00;MATICBULL/USD;16,74000000;20,23000000;14,54500000;16,30500000;-2,67
2020-05-13T00:00:00+00:00;MATICBULL/USD;11,10000000;17,00000000;10,75000000;16,74000000;33,69
2020-05-12T00:00:00+00:00;MATICBULL/USD;7,84000000;12,69750000;7,65750000;11,10000000;29,37
2020-05-11T00:00:00+00:00;MATICBULL/USD;8,31500000;8,61500000;5,69750000;7,84000000;-6,06
2020-05-10T00:00:00+00:00;MATICBULL/USD;13,15000000;13,15000000;5,55000000;8,31500000;-58,15
2020-05-09T00:00:00+00:00;MATICBULL/USD;14,93500000;16,02500000;13,15000000;13,15000000;-13,57
2020-05-08T00:00:00+00:00;MATICBULL/USD;13,83500000;16,58000000;12,85000000;14,93500000;7,37
2020-05-07T00:00:00+00:00;MATICBULL/USD;13,26500000;14,84500000;12,42000000;13,83500000;4,12
2020-05-06T00:00:00+00:00;MATICBULL/USD;12,98000000;15,67500000;12,35000000;13,26500000;2,15
2020-05-05T00:00:00+00:00;MATICBULL/USD;13,00000000;14,60000000;11,75500000;12,98000000;-0,15
2020-05-04T00:00:00+00:00;MATICBULL/USD;13,73500000;14,03000000;10,23000000;13,00000000;-5,65
2020-05-03T00:00:00+00:00;MATICBULL/USD;13,38500000;15,68500000;12,05000000;13,73500000;2,55
2020-05-02T00:00:00+00:00;MATICBULL/USD;11,28000000;13,97000000;11,00000000;13,38500000;15,73
2020-05-01T00:00:00+00:00;MATICBULL/USD;10,24250000;12,26500000;10,20500000;11,28000000;9,2
2020-04-30T00:00:00+00:00;MATICBULL/USD;12,93000000;13,37000000;10,00000000;10,24250000;-26,24
2020-04-29T00:00:00+00:00;MATICBULL/USD;11,33500000;13,89000000;10,99500000;12,93000000;12,34
2020-04-28T00:00:00+00:00;MATICBULL/USD;10,80000000;11,50000000;9,73000000;11,33500000;4,72
2020-04-27T00:00:00+00:00;MATICBULL/USD;11,44250000;12,04500000;9,54250000;10,80000000;-5,95
2020-04-26T00:00:00+00:00;MATICBULL/USD;10,25500000;13,33750000;10,20750000;11,44250000;10,38
2020-04-25T00:00:00+00:00;MATICBULL/USD;9,76750000;11,23500000;9,02250000;10,25500000;4,75
2020-04-24T00:00:00+00:00;MATICBULL/USD;9,14500000;11,71000000;9,12750000;9,76750000;6,37
2020-04-23T00:00:00+00:00;MATICBULL/USD;6,63000000;10,55250000;6,23750000;9,14500000;27,5
2020-04-22T00:00:00+00:00;MATICBULL/USD;5,67500000;6,68500000;5,60000000;6,63000000;14,4
2020-04-21T00:00:00+00:00;MATICBULL/USD;5,65000000;6,03750000;5,25000000;5,67500000;0,44
2020-04-20T00:00:00+00:00;MATICBULL/USD;7,12750000;7,80250000;5,37000000;5,65000000;-26,15
2020-04-19T00:00:00+00:00;MATICBULL/USD;8,11000000;8,38750000;6,85000000;7,12750000;-13,78
2020-04-18T00:00:00+00:00;MATICBULL/USD;7,04000000;8,42000000;7,02250000;8,11000000;13,19
2020-04-17T00:00:00+00:00;MATICBULL/USD;6,97500000;7,62000000;6,63750000;7,04000000;0,92
2020-04-16T00:00:00+00:00;MATICBULL/USD;5,65250000;7,20000000;5,07800000;6,97500000;18,96
2020-04-15T00:00:00+00:00;MATICBULL/USD;6,38000000;6,54750000;5,50250000;5,65250000;-12,87
2020-04-14T00:00:00+00:00;MATICBULL/USD;6,20000000;7,21500000;5,94000000;6,38000000;2,82
2020-04-13T00:00:00+00:00;MATICBULL/USD;6,45000000;6,49750000;5,48750000;6,20000000;-4,03
2020-04-12T00:00:00+00:00;MATICBULL/USD;6,59750000;7,91750000;6,03000000;6,45000000;-2,29
2020-04-11T00:00:00+00:00;MATICBULL/USD;6,28000000;7,12250000;5,99500000;6,59750000;4,81
2020-04-10T00:00:00+00:00;MATICBULL/USD;9,58500000;9,58500000;5,44250000;6,28000000;-52,63
2020-04-09T00:00:00+00:00;MATICBULL/USD;10,25250000;10,58000000;8,80000000;9,58500000;-6,96
2020-04-08T00:00:00+00:00;MATICBULL/USD;8,63250000;10,59250000;8,24250000;10,25250000;15,8
2020-04-07T00:00:00+00:00;MATICBULL/USD;9,70000000;10,73500000;7,74500000;8,63250000;-12,37
2020-04-06T00:00:00+00:00;MATICBULL/USD;6,47000000;9,99250000;6,45000000;9,70000000;33,3
2020-04-05T00:00:00+00:00;MATICBULL/USD;7,13250000;7,20500000;6,07000000;6,47000000;-10,24
2020-04-04T00:00:00+00:00;MATICBULL/USD;6,61500000;7,33500000;6,21750000;7,13250000;7,26
2020-04-03T00:00:00+00:00;MATICBULL/USD;6,81250000;7,24000000;6,09500000;6,61500000;-2,99
2020-04-02T00:00:00+00:00;MATICBULL/USD;6,33750000;7,63250000;6,11500000;6,81250000;6,97
2020-04-01T00:00:00+00:00;MATICBULL/USD;5,77000000;6,42750000;5,06250000;6,33750000;8,95
2020-03-31T00:00:00+00:00;MATICBULL/USD;5,37750000;6,23500000;5,24500000;5,77000000;6,8
2020-03-30T00:00:00+00:00;MATICBULL/USD;4,47300000;5,96400000;4,47300000;5,37750000;16,82
2020-03-29T00:00:00+00:00;MATICBULL/USD;5,48000000;5,60750000;4,47300000;4,47300000;-22,51
2020-03-28T00:00:00+00:00;MATICBULL/USD;5,68500000;5,68500000;4,71250000;5,48000000;-3,74
2020-03-27T00:00:00+00:00;MATICBULL/USD;8,04250000;8,59250000;5,54500000;5,68500000;-41,47
2020-03-26T00:00:00+00:00;MATICBULL/USD;7,14750000;8,62500000;6,95500000;8,04250000;11,13
2020-03-25T00:00:00+00:00;MATICBULL/USD;7,15750000;7,48750000;6,04000000;7,14750000;-0,14
2020-03-24T00:00:00+00:00;MATICBULL/USD;6,87500000;7,88000000;6,26750000;7,15750000;3,95
2020-03-23T00:00:00+00:00;MATICBULL/USD;4,99400000;7,31000000;4,69400000;6,87500000;27,36
2020-03-22T00:00:00+00:00;MATICBULL/USD;7,24000000;8,43250000;4,95700000;4,99400000;-44,97
2020-03-21T00:00:00+00:00;MATICBULL/USD;6,98750000;9,34500000;5,62750000;7,24000000;3,49
2020-03-20T00:00:00+00:00;MATICBULL/USD;8,48250000;12,07250000;4,85000000;6,98750000;-21,4
2020-03-19T00:00:00+00:00;MATICBULL/USD;4,93500000;9,66750000;4,81100000;8,48250000;41,82
2020-03-18T00:00:00+00:00;MATICBULL/USD;5,80000000;5,92500000;3,65400000;4,93500000;-17,53
2020-03-17T00:00:00+00:00;MATICBULL/USD;3,83400000;6,72800000;3,69900000;5,80000000;33,9
2020-03-16T00:00:00+00:00;MATICBULL/USD;8,27000000;8,29250000;2,47100000;3,83400000;-115,7
2020-03-15T00:00:00+00:00;MATICBULL/USD;7,99000000;11,39250000;7,13000000;8,27000000;3,39
2020-03-14T00:00:00+00:00;MATICBULL/USD;10,62500000;12,81500000;7,53000000;7,99000000;-32,98
2020-03-13T00:00:00+00:00;MATICBULL/USD;12,95250000;18,84750000;3,56300000;10,62500000;-21,91
2020-03-12T00:00:00+00:00;MATICBULL/USD;276,80000000;287,40000000;10,68000000;12,95250000;-2037,04
2020-03-11T00:00:00+00:00;MATICBULL/USD;375,60000000;418,50000000;211,50000000;276,80000000;-35,69
2020-03-10T00:00:00+00:00;MATICBULL/USD;366,20000000;468,10000000;337,60000000;374,70000000;2,27
2020-03-09T00:00:00+00:00;MATICBULL/USD;445,10000000;537,00000000;280,00000000;366,20000000;-21,55
2020-03-08T00:00:00+00:00;MATICBULL/USD;970,25000000;970,25000000;436,10000000;445,10000000;-117,98
2020-03-07T00:00:00+00:00;MATICBULL/USD;813,75000000;1205,00000000;798,00000000;970,25000000;16,13
2020-03-06T00:00:00+00:00;MATICBULL/USD;966,50000000;973,25000000;742,25000000;813,75000000;-18,77
2020-03-05T00:00:00+00:00;MATICBULL/USD;850,75000000;1154,50000000;844,50000000;970,25000000;12,32
2020-03-04T00:00:00+00:00;MATICBULL/USD;704,75000000;1039,25000000;699,25000000;850,75000000;17,16
2020-03-03T00:00:00+00:00;MATICBULL/USD;543,25000000;739,75000000;466,00000000;704,75000000;22,92
2020-03-02T00:00:00+00:00;MATICBULL/USD;418,10000000;561,10000000;394,40000000;543,25000000;23,04
2020-03-01T00:00:00+00:00;MATICBULL/USD;479,10000000;543,60000000;378,30000000;418,10000000;-14,59
2020-02-29T00:00:00+00:00;MATICBULL/USD;487,80000000;557,90000000;464,10000000;479,10000000;-1,82
2020-02-28T00:00:00+00:00;MATICBULL/USD;449,00000000;505,00000000;333,60000000;487,80000000;7,95
2020-02-27T00:00:00+00:00;MATICBULL/USD;374,70000000;462,60000000;320,80000000;449,00000000;16,55
2020-02-26T00:00:00+00:00;MATICBULL/USD;454,70000000;474,10000000;295,10000000;374,70000000;-21,35
2020-02-25T00:00:00+00:00;MATICBULL/USD;610,75000000;610,75000000;425,50000000;454,70000000;-34,32
2020-02-24T00:00:00+00:00;MATICBULL/USD;780,25000000;787,50000000;545,50000000;610,75000000;-27,75
2020-02-23T00:00:00+00:00;MATICBULL/USD;646,25000000;850,50000000;643,25000000;780,75000000;17,23
2020-02-22T00:00:00+00:00;MATICBULL/USD;641,75000000;678,50000000;610,75000000;646,25000000;0,7
2020-02-21T00:00:00+00:00;MATICBULL/USD;660,75000000;764,00000000;616,75000000;641,75000000;-2,96
2020-02-20T00:00:00+00:00;MATICBULL/USD;583,50000000;661,00000000;525,00000000;660,75000000;11,69
2020-02-19T00:00:00+00:00;MATICBULL/USD;820,00000000;973,00000000;529,30000000;583,50000000;-40,53
2020-02-18T00:00:00+00:00;MATICBULL/USD;670,25000000;864,25000000;635,75000000;820,00000000;18,26
2020-02-17T00:00:00+00:00;MATICBULL/USD;685,50000000;691,50000000;547,75000000;670,25000000;-2,28
2020-02-16T00:00:00+00:00;MATICBULL/USD;842,50000000;935,25000000;561,50000000;685,50000000;-22,9
2020-02-15T00:00:00+00:00;MATICBULL/USD;1272,50000000;1314,00000000;729,75000000;842,50000000;-51,04
2020-02-14T00:00:00+00:00;MATICBULL/USD;1113,00000000;1331,00000000;1101,50000000;1272,50000000;12,53
2020-02-13T00:00:00+00:00;MATICBULL/USD;1202,50000000;1343,00000000;1027,50000000;1113,00000000;-8,04
2020-02-12T00:00:00+00:00;MATICBULL/USD;1242,50000000;1508,50000000;1140,50000000;1202,50000000;-3,33
2020-02-11T00:00:00+00:00;MATICBULL/USD;1053,50000000;1242,50000000;950,00000000;1242,50000000;15,21
2020-02-10T00:00:00+00:00;MATICBULL/USD;1108,50000000;1153,00000000;912,75000000;1053,50000000;-5,22
2020-02-09T00:00:00+00:00;MATICBULL/USD;1016,25000000;1166,00000000;880,75000000;1108,50000000;8,32
2020-02-08T00:00:00+00:00;MATICBULL/USD;1391,50000000;1397,00000000;800,00000000;1016,25000000;-36,92
2020-02-07T00:00:00+00:00;MATICBULL/USD;1718,50000000;1863,00000000;1372,00000000;1393,00000000;-23,37
2020-02-06T00:00:00+00:00;MATICBULL/USD;1246,00000000;1788,50000000;1230,00000000;1715,50000000;27,37
2020-02-05T00:00:00+00:00;MATICBULL/USD;1147,00000000;1338,50000000;1113,00000000;1246,00000000;7,95
2020-02-04T00:00:00+00:00;MATICBULL/USD;1340,50000000;1450,50000000;1014,00000000;1147,00000000;-16,87
2020-02-03T00:00:00+00:00;MATICBULL/USD;920,75000000;1399,00000000;904,25000000;1339,00000000;31,24
2020-02-02T00:00:00+00:00;MATICBULL/USD;816,75000000;1004,75000000;766,50000000;923,75000000;11,58
2020-02-01T00:00:00+00:00;MATICBULL/USD;779,75000000;832,50000000;763,75000000;816,75000000;4,53
2020-01-31T00:00:00+00:00;MATICBULL/USD;887,75000000;913,00000000;745,50000000;779,75000000;-13,85
2020-01-30T00:00:00+00:00;MATICBULL/USD;688,25000000;893,25000000;676,25000000;887,75000000;22,47
2020-01-29T00:00:00+00:00;MATICBULL/USD;709,50000000;721,50000000;667,75000000;689,50000000;-2,9
2020-01-28T00:00:00+00:00;MATICBULL/USD;685,75000000;739,25000000;648,25000000;709,50000000;3,35
2020-01-27T00:00:00+00:00;MATICBULL/USD;638,75000000;736,75000000;638,75000000;685,75000000;6,85
2020-01-26T00:00:00+00:00;MATICBULL/USD;592,00000000;655,25000000;584,75000000;638,00000000;7,21
2020-01-25T00:00:00+00:00;MATICBULL/USD;609,25000000;630,00000000;565,50000000;592,00000000;-2,91
2020-01-24T00:00:00+00:00;MATICBULL/USD;595,50000000;636,25000000;519,00000000;609,25000000;2,26
2020-01-23T00:00:00+00:00;MATICBULL/USD;721,50000000;725,50000000;551,00000000;595,50000000;-21,16
2020-01-22T00:00:00+00:00;MATICBULL/USD;744,75000000;753,00000000;687,00000000;720,50000000;-3,37
2020-01-21T00:00:00+00:00;MATICBULL/USD;716,25000000;773,25000000;685,50000000;743,75000000;3,7
2020-01-20T00:00:00+00:00;MATICBULL/USD;665,50000000;745,75000000;616,75000000;716,25000000;7,09
2020-01-19T00:00:00+00:00;MATICBULL/USD;815,50000000;848,50000000;615,00000000;665,50000000;-22,54
2020-01-18T00:00:00+00:00;MATICBULL/USD;1023,25000000;1034,00000000;802,25000000;815,50000000;-25,48
2020-01-17T00:00:00+00:00;MATICBULL/USD;686,50000000;1078,25000000;640,25000000;1025,25000000;33,04
2020-01-16T00:00:00+00:00;MATICBULL/USD;729,25000000;737,25000000;606,75000000;686,50000000;-6,23
2020-01-15T00:00:00+00:00;MATICBULL/USD;652,50000000;805,75000000;628,00000000;729,25000000;10,52
2020-01-14T00:00:00+00:00;MATICBULL/USD;627,50000000;689,75000000;581,75000000;654,75000000;4,16
2020-01-13T00:00:00+00:00;MATICBULL/USD;571,75000000;642,25000000;546,50000000;627,50000000;8,88
2020-01-12T00:00:00+00:00;MATICBULL/USD;560,75000000;593,25000000;544,50000000;571,75000000;1,92
2020-01-11T00:00:00+00:00;MATICBULL/USD;565,75000000;588,25000000;541,00000000;560,75000000;-0,89
2020-01-10T00:00:00+00:00;MATICBULL/USD;538,00000000;574,50000000;501,00000000;565,75000000;4,9
2020-01-09T00:00:00+00:00;MATICBULL/USD;590,00000000;600,75000000;527,25000000;538,00000000;-9,67
2020-01-08T00:00:00+00:00;MATICBULL/USD;599,25000000;622,50000000;552,00000000;590,00000000;-1,57
2020-01-07T00:00:00+00:00;MATICBULL/USD;660,00000000;672,00000000;561,25000000;599,25000000;-10,14

