DATE/TIME;SYMBOL;OPEN;HIGH;LOW;CLOSE;EVOL % CLOSE/HIGH
2022-01-05T00:00:00+00:00;EXCHHEDGE/USD;83,96000000;83,96000000;82,56000000;83,02000000;-1,13
2022-01-04T00:00:00+00:00;EXCHHEDGE/USD;83,96000000;85,05000000;81,49000000;83,96000000;0,0
2022-01-03T00:00:00+00:00;EXCHHEDGE/USD;82,48000000;84,07000000;82,05000000;83,96000000;1,76
2022-01-02T00:00:00+00:00;EXCHHEDGE/USD;82,77000000;83,96000000;82,05000000;82,48000000;-0,35
2022-01-01T00:00:00+00:00;EXCHHEDGE/USD;85,04000000;85,04000000;82,73000000;82,77000000;-2,74
2021-12-31T00:00:00+00:00;EXCHHEDGE/USD;83,96000000;85,63000000;82,59000000;85,04000000;1,27
2021-12-30T00:00:00+00:00;EXCHHEDGE/USD;84,77000000;85,51000000;83,28000000;83,96000000;-0,96
2021-12-29T00:00:00+00:00;EXCHHEDGE/USD;82,34000000;85,13000000;81,90000000;84,77000000;2,87
2021-12-28T00:00:00+00:00;EXCHHEDGE/USD;79,17000000;83,20000000;79,17000000;82,34000000;3,85
2021-12-27T00:00:00+00:00;EXCHHEDGE/USD;80,34000000;80,84000000;78,31000000;79,17000000;-1,48
2021-12-26T00:00:00+00:00;EXCHHEDGE/USD;80,51000000;81,46000000;79,72000000;80,34000000;-0,21
2021-12-25T00:00:00+00:00;EXCHHEDGE/USD;80,73000000;80,99000000;80,03000000;80,51000000;-0,27
2021-12-24T00:00:00+00:00;EXCHHEDGE/USD;79,63000000;83,04000000;79,38000000;80,73000000;1,36
2021-12-23T00:00:00+00:00;EXCHHEDGE/USD;81,33000000;85,13000000;78,94000000;79,63000000;-2,13
2021-12-22T00:00:00+00:00;EXCHHEDGE/USD;81,24000000;82,16000000;80,05000000;81,33000000;0,11
2021-12-21T00:00:00+00:00;EXCHHEDGE/USD;82,58000000;83,15000000;80,31000000;81,24000000;-1,65
2021-12-20T00:00:00+00:00;EXCHHEDGE/USD;82,54000000;85,13000000;81,87000000;82,58000000;0,05
2021-12-19T00:00:00+00:00;EXCHHEDGE/USD;83,00000000;85,13000000;81,12000000;82,54000000;-0,56
2021-12-18T00:00:00+00:00;EXCHHEDGE/USD;84,84000000;85,40000000;82,54000000;83,00000000;-2,22
2021-12-17T00:00:00+00:00;EXCHHEDGE/USD;84,70000000;86,83000000;83,42000000;84,84000000;0,17
2021-12-16T00:00:00+00:00;EXCHHEDGE/USD;83,04000000;85,07000000;82,14000000;84,70000000;1,96
2021-12-15T00:00:00+00:00;EXCHHEDGE/USD;85,23000000;87,29000000;82,11000000;83,04000000;-2,64
2021-12-14T00:00:00+00:00;EXCHHEDGE/USD;87,87000000;88,78000000;84,95000000;85,23000000;-3,1
2021-12-13T00:00:00+00:00;EXCHHEDGE/USD;82,58000000;88,89000000;82,29000000;87,87000000;6,02
2021-12-12T00:00:00+00:00;EXCHHEDGE/USD;83,96000000;86,02000000;82,14000000;82,58000000;-1,67
2021-12-11T00:00:00+00:00;EXCHHEDGE/USD;87,51000000;88,65000000;83,75000000;83,96000000;-4,23
2021-12-10T00:00:00+00:00;EXCHHEDGE/USD;84,52000000;87,88000000;82,71000000;87,51000000;3,42
2021-12-09T00:00:00+00:00;EXCHHEDGE/USD;79,95000000;87,97000000;79,17000000;84,52000000;5,41
2021-12-08T00:00:00+00:00;EXCHHEDGE/USD;82,91000000;85,00000000;79,87000000;79,95000000;-3,7
2021-12-07T00:00:00+00:00;EXCHHEDGE/USD;82,88000000;85,20000000;81,67000000;82,91000000;0,04
2021-12-06T00:00:00+00:00;EXCHHEDGE/USD;86,32000000;88,89000000;82,28000000;82,88000000;-4,15
2021-12-05T00:00:00+00:00;EXCHHEDGE/USD;88,89000000;88,89000000;86,14000000;86,32000000;-2,98
2021-12-04T00:00:00+00:00;EXCHHEDGE/USD;81,89000000;91,90000000;81,89000000;88,89000000;7,87
2021-12-03T00:00:00+00:00;EXCHHEDGE/USD;78,03000000;81,89000000;77,17000000;81,89000000;4,71
2021-12-02T00:00:00+00:00;EXCHHEDGE/USD;78,03000000;78,49000000;77,78000000;78,03000000;0,0
2021-12-01T00:00:00+00:00;EXCHHEDGE/USD;78,03000000;78,03000000;76,73000000;78,03000000;0,0
2021-11-30T00:00:00+00:00;EXCHHEDGE/USD;76,45000000;78,98000000;76,17000000;78,03000000;2,02
2021-11-29T00:00:00+00:00;EXCHHEDGE/USD;81,11000000;84,68000000;76,17000000;76,45000000;-6,1
2021-11-28T00:00:00+00:00;EXCHHEDGE/USD;83,29000000;85,27000000;81,08000000;81,11000000;-2,69
2021-11-27T00:00:00+00:00;EXCHHEDGE/USD;83,29000000;83,29000000;80,67000000;83,29000000;0,0
2021-11-26T00:00:00+00:00;EXCHHEDGE/USD;77,43000000;83,29000000;77,21000000;83,29000000;7,04
2021-11-25T00:00:00+00:00;EXCHHEDGE/USD;84,51000000;84,51000000;77,38000000;77,43000000;-9,14
2021-11-24T00:00:00+00:00;EXCHHEDGE/USD;82,27000000;84,51000000;81,91000000;84,51000000;2,65
2021-11-23T00:00:00+00:00;EXCHHEDGE/USD;84,92000000;85,14000000;80,91000000;82,27000000;-3,22
2021-11-22T00:00:00+00:00;EXCHHEDGE/USD;81,82000000;85,88000000;81,58000000;84,92000000;3,65
2021-11-21T00:00:00+00:00;EXCHHEDGE/USD;80,23000000;82,49000000;80,15000000;81,82000000;1,94
2021-11-20T00:00:00+00:00;EXCHHEDGE/USD;82,20000000;83,49000000;80,19000000;80,23000000;-2,46
2021-11-19T00:00:00+00:00;EXCHHEDGE/USD;88,13000000;88,79000000;81,54000000;82,20000000;-7,21
2021-11-18T00:00:00+00:00;EXCHHEDGE/USD;83,48000000;90,40000000;82,30000000;88,13000000;5,28
2021-11-17T00:00:00+00:00;EXCHHEDGE/USD;83,79000000;86,15000000;82,80000000;83,48000000;-0,37
2021-11-16T00:00:00+00:00;EXCHHEDGE/USD;78,53000000;85,70000000;78,30000000;83,79000000;6,28
2021-11-15T00:00:00+00:00;EXCHHEDGE/USD;77,57000000;78,55000000;76,61000000;78,53000000;1,22
2021-11-14T00:00:00+00:00;EXCHHEDGE/USD;78,08000000;79,19000000;76,98000000;77,57000000;-0,66
2021-11-13T00:00:00+00:00;EXCHHEDGE/USD;78,04000000;79,28000000;76,70000000;78,08000000;0,05
2021-11-12T00:00:00+00:00;EXCHHEDGE/USD;76,33000000;80,06000000;75,36000000;78,04000000;2,19
2021-11-11T00:00:00+00:00;EXCHHEDGE/USD;76,95000000;77,66000000;74,57000000;76,33000000;-0,81
2021-11-10T00:00:00+00:00;EXCHHEDGE/USD;73,99000000;78,68000000;72,18000000;76,95000000;3,85
2021-11-09T00:00:00+00:00;EXCHHEDGE/USD;72,15000000;74,46000000;71,88000000;73,99000000;2,49
2021-11-08T00:00:00+00:00;EXCHHEDGE/USD;73,78000000;74,40000000;71,91000000;72,15000000;-2,26
2021-11-07T00:00:00+00:00;EXCHHEDGE/USD;76,54000000;77,34000000;72,60000000;73,78000000;-3,74
2021-11-06T00:00:00+00:00;EXCHHEDGE/USD;80,17000000;81,28000000;76,54000000;76,54000000;-4,74
2021-11-05T00:00:00+00:00;EXCHHEDGE/USD;83,55000000;84,45000000;79,34000000;80,17000000;-4,22
2021-11-04T00:00:00+00:00;EXCHHEDGE/USD;81,00000000;84,78000000;80,75000000;83,55000000;3,05
2021-11-03T00:00:00+00:00;EXCHHEDGE/USD;82,75000000;85,04000000;80,90000000;81,00000000;-2,16
2021-11-02T00:00:00+00:00;EXCHHEDGE/USD;84,26000000;85,33000000;82,59000000;82,75000000;-1,82
2021-11-01T00:00:00+00:00;EXCHHEDGE/USD;86,63000000;88,67000000;84,15000000;84,26000000;-2,81
2021-10-31T00:00:00+00:00;EXCHHEDGE/USD;86,56000000;88,80000000;86,07000000;86,63000000;0,08
2021-10-30T00:00:00+00:00;EXCHHEDGE/USD;85,65000000;88,00000000;84,60000000;86,56000000;1,05
2021-10-29T00:00:00+00:00;EXCHHEDGE/USD;88,91000000;88,91000000;84,92000000;85,65000000;-3,81
2021-10-28T00:00:00+00:00;EXCHHEDGE/USD;93,97000000;94,65000000;87,84000000;88,91000000;-5,69
2021-10-27T00:00:00+00:00;EXCHHEDGE/USD;87,48000000;93,97000000;86,82000000;93,97000000;6,91
2021-10-26T00:00:00+00:00;EXCHHEDGE/USD;85,10000000;87,77000000;83,50000000;87,48000000;2,72
2021-10-25T00:00:00+00:00;EXCHHEDGE/USD;87,00000000;87,26000000;84,86000000;85,10000000;-2,23
2021-10-24T00:00:00+00:00;EXCHHEDGE/USD;84,76000000;88,63000000;84,76000000;87,00000000;2,57
2021-10-23T00:00:00+00:00;EXCHHEDGE/USD;85,65000000;86,55000000;84,60000000;84,76000000;-1,05
2021-10-22T00:00:00+00:00;EXCHHEDGE/USD;89,53000000;89,76000000;83,71000000;85,65000000;-4,53
2021-10-21T00:00:00+00:00;EXCHHEDGE/USD;87,24000000;89,74000000;85,83000000;89,53000000;2,56
2021-10-20T00:00:00+00:00;EXCHHEDGE/USD;95,56000000;96,44000000;86,89000000;87,24000000;-9,54
2021-10-19T00:00:00+00:00;EXCHHEDGE/USD;98,95000000;99,56000000;95,50000000;95,56000000;-3,55
2021-10-18T00:00:00+00:00;EXCHHEDGE/USD;100,03000000;101,25000000;98,67000000;98,95000000;-1,09
2021-10-17T00:00:00+00:00;EXCHHEDGE/USD;99,98000000;102,20000000;98,59000000;100,03000000;0,05
2021-10-16T00:00:00+00:00;EXCHHEDGE/USD;98,57000000;100,44000000;97,72000000;99,98000000;1,41
2021-10-15T00:00:00+00:00;EXCHHEDGE/USD;100,75000000;102,44000000;97,96000000;98,57000000;-2,21
2021-10-14T00:00:00+00:00;EXCHHEDGE/USD;101,98000000;103,29000000;99,62000000;100,75000000;-1,22
2021-10-13T00:00:00+00:00;EXCHHEDGE/USD;105,75000000;107,42000000;101,81000000;101,98000000;-3,7
2021-10-12T00:00:00+00:00;EXCHHEDGE/USD;107,35000000;111,93000000;105,67000000;105,75000000;-1,51
2021-10-11T00:00:00+00:00;EXCHHEDGE/USD;109,13000000;109,51000000;105,50000000;107,35000000;-1,66
2021-10-10T00:00:00+00:00;EXCHHEDGE/USD;104,67000000;109,13000000;104,33000000;109,13000000;4,09
2021-10-09T00:00:00+00:00;EXCHHEDGE/USD;105,16000000;105,71000000;103,58000000;104,67000000;-0,47
2021-10-08T00:00:00+00:00;EXCHHEDGE/USD;103,18000000;105,69000000;101,59000000;105,16000000;1,88
2021-10-07T00:00:00+00:00;EXCHHEDGE/USD;102,83000000;105,32000000;100,57000000;103,18000000;0,34
2021-10-06T00:00:00+00:00;EXCHHEDGE/USD;100,33000000;106,73000000;98,44000000;102,83000000;2,43
2021-10-05T00:00:00+00:00;EXCHHEDGE/USD;104,01000000;104,89000000;99,82000000;100,33000000;-3,67
2021-10-04T00:00:00+00:00;EXCHHEDGE/USD;102,80000000;107,26000000;102,79000000;104,01000000;1,16
2021-10-03T00:00:00+00:00;EXCHHEDGE/USD;103,63000000;104,38000000;100,88000000;102,80000000;-0,81
2021-10-02T00:00:00+00:00;EXCHHEDGE/USD;105,06000000;107,75000000;100,70000000;103,63000000;-1,38
2021-10-01T00:00:00+00:00;EXCHHEDGE/USD;113,97000000;115,16000000;104,57000000;105,06000000;-8,48
2021-09-30T00:00:00+00:00;EXCHHEDGE/USD;117,65000000;118,11000000;112,98000000;113,97000000;-3,23
2021-09-29T00:00:00+00:00;EXCHHEDGE/USD;126,52000000;126,85000000;114,62000000;117,65000000;-7,54
2021-09-28T00:00:00+00:00;EXCHHEDGE/USD;123,12000000;126,74000000;118,98000000;125,94000000;2,24
2021-09-27T00:00:00+00:00;EXCHHEDGE/USD;119,53000000;123,36000000;114,67000000;123,12000000;2,92
2021-09-26T00:00:00+00:00;EXCHHEDGE/USD;118,20000000;130,14000000;114,69000000;119,53000000;1,11
2021-09-25T00:00:00+00:00;EXCHHEDGE/USD;118,09000000;122,46000000;117,09000000;118,20000000;0,09
2021-09-24T00:00:00+00:00;EXCHHEDGE/USD;107,72000000;122,41000000;107,36000000;118,09000000;8,78
2021-09-23T00:00:00+00:00;EXCHHEDGE/USD;109,96000000;112,04000000;105,15000000;107,72000000;-2,08
2021-09-22T00:00:00+00:00;EXCHHEDGE/USD;120,53000000;121,37000000;108,09000000;109,96000000;-9,61
2021-09-21T00:00:00+00:00;EXCHHEDGE/USD;115,25000000;122,50000000;109,20000000;120,53000000;4,38
2021-09-20T00:00:00+00:00;EXCHHEDGE/USD;103,67000000;117,10000000;103,20000000;115,25000000;10,05
2021-09-19T00:00:00+00:00;EXCHHEDGE/USD;101,27000000;104,53000000;101,00000000;103,67000000;2,32
2021-09-18T00:00:00+00:00;EXCHHEDGE/USD;103,03000000;103,50000000;98,67000000;101,27000000;-1,74
2021-09-17T00:00:00+00:00;EXCHHEDGE/USD;98,37000000;105,15000000;97,56000000;103,03000000;4,52
2021-09-16T00:00:00+00:00;EXCHHEDGE/USD;95,11000000;99,86000000;94,77000000;98,37000000;3,31
2021-09-15T00:00:00+00:00;EXCHHEDGE/USD;99,55000000;100,51000000;94,04000000;95,11000000;-4,67
2021-09-14T00:00:00+00:00;EXCHHEDGE/USD;101,13000000;102,53000000;99,52000000;99,55000000;-1,59
2021-09-13T00:00:00+00:00;EXCHHEDGE/USD;96,27000000;103,50000000;95,68000000;101,13000000;4,81
2021-09-12T00:00:00+00:00;EXCHHEDGE/USD;98,38000000;99,65000000;93,23000000;96,27000000;-2,19
2021-09-11T00:00:00+00:00;EXCHHEDGE/USD;98,30000000;98,87000000;95,51000000;98,38000000;0,08
2021-09-10T00:00:00+00:00;EXCHHEDGE/USD;92,51000000;100,41000000;89,70000000;98,32000000;5,91
2021-09-09T00:00:00+00:00;EXCHHEDGE/USD;94,75000000;97,21000000;89,85000000;92,51000000;-2,42
2021-09-08T00:00:00+00:00;EXCHHEDGE/USD;98,41000000;105,69000000;93,58000000;94,75000000;-3,86
2021-09-07T00:00:00+00:00;EXCHHEDGE/USD;89,55000000;103,89000000;84,49000000;98,41000000;9,0
2021-09-06T00:00:00+00:00;EXCHHEDGE/USD;94,48000000;95,28000000;87,24000000;89,55000000;-5,51
2021-09-05T00:00:00+00:00;EXCHHEDGE/USD;97,24000000;98,86000000;93,40000000;94,48000000;-2,92
2021-09-04T00:00:00+00:00;EXCHHEDGE/USD;96,44000000;97,84000000;94,06000000;97,24000000;0,82
2021-09-03T00:00:00+00:00;EXCHHEDGE/USD;99,10000000;101,44000000;93,69000000;96,44000000;-2,76
2021-09-02T00:00:00+00:00;EXCHHEDGE/USD;95,75000000;99,22000000;92,83000000;99,10000000;3,38
2021-09-01T00:00:00+00:00;EXCHHEDGE/USD;112,26000000;114,47000000;95,66000000;95,75000000;-17,24
2021-08-31T00:00:00+00:00;EXCHHEDGE/USD;114,97000000;117,31000000;108,84000000;112,26000000;-2,41
2021-08-30T00:00:00+00:00;EXCHHEDGE/USD;112,65000000;115,56000000;111,13000000;114,97000000;2,02
2021-08-29T00:00:00+00:00;EXCHHEDGE/USD;108,98000000;113,81000000;107,61000000;112,65000000;3,26
2021-08-28T00:00:00+00:00;EXCHHEDGE/USD;109,39000000;111,93000000;107,37000000;108,98000000;-0,38
2021-08-27T00:00:00+00:00;EXCHHEDGE/USD;114,70000000;116,45000000;109,17000000;109,39000000;-4,85
2021-08-26T00:00:00+00:00;EXCHHEDGE/USD;108,37000000;115,55000000;106,72000000;114,70000000;5,52
2021-08-25T00:00:00+00:00;EXCHHEDGE/USD;113,57000000;114,85000000;107,57000000;108,37000000;-4,8
2021-08-24T00:00:00+00:00;EXCHHEDGE/USD;107,42000000;115,29000000;107,35000000;113,57000000;5,42
2021-08-23T00:00:00+00:00;EXCHHEDGE/USD;113,42000000;113,57000000;106,24000000;107,42000000;-5,59
2021-08-22T00:00:00+00:00;EXCHHEDGE/USD;112,22000000;116,13000000;110,67000000;113,42000000;1,06
2021-08-21T00:00:00+00:00;EXCHHEDGE/USD;111,19000000;113,84000000;110,09000000;112,22000000;0,92
2021-08-20T00:00:00+00:00;EXCHHEDGE/USD;115,49000000;116,37000000;109,28000000;111,19000000;-3,87
2021-08-19T00:00:00+00:00;EXCHHEDGE/USD;123,06000000;125,91000000;115,39000000;115,49000000;-6,55
2021-08-18T00:00:00+00:00;EXCHHEDGE/USD;123,76000000;127,55000000;119,12000000;123,06000000;-0,57
2021-08-17T00:00:00+00:00;EXCHHEDGE/USD;118,30000000;124,65000000;115,45000000;123,76000000;4,41
2021-08-16T00:00:00+00:00;EXCHHEDGE/USD;116,37000000;120,31000000;111,78000000;118,30000000;1,63
2021-08-15T00:00:00+00:00;EXCHHEDGE/USD;117,19000000;121,47000000;115,80000000;116,37000000;-0,7
2021-08-14T00:00:00+00:00;EXCHHEDGE/USD;116,11000000;121,13000000;115,66000000;117,19000000;0,92
2021-08-13T00:00:00+00:00;EXCHHEDGE/USD;120,34000000;121,20000000;114,36000000;116,11000000;-3,64
2021-08-12T00:00:00+00:00;EXCHHEDGE/USD;117,95000000;124,44000000;115,22000000;120,34000000;1,99
2021-08-11T00:00:00+00:00;EXCHHEDGE/USD;122,21000000;122,76000000;113,77000000;117,95000000;-3,61
2021-08-10T00:00:00+00:00;EXCHHEDGE/USD;124,37000000;126,20000000;120,40000000;122,21000000;-1,77
2021-08-09T00:00:00+00:00;EXCHHEDGE/USD;133,04000000;137,17000000;123,98000000;124,37000000;-6,97
2021-08-08T00:00:00+00:00;EXCHHEDGE/USD;127,87000000;134,86000000;127,21000000;133,04000000;3,89
2021-08-07T00:00:00+00:00;EXCHHEDGE/USD;138,58000000;139,77000000;127,56000000;127,87000000;-8,38
2021-08-06T00:00:00+00:00;EXCHHEDGE/USD;142,28000000;143,15000000;137,67000000;138,58000000;-2,67
2021-08-05T00:00:00+00:00;EXCHHEDGE/USD;147,69000000;151,98000000;141,60000000;142,28000000;-3,8
2021-08-04T00:00:00+00:00;EXCHHEDGE/USD;153,40000000;156,51000000;146,43000000;147,69000000;-3,87
2021-08-03T00:00:00+00:00;EXCHHEDGE/USD;148,45000000;155,12000000;145,80000000;153,40000000;3,23
2021-08-02T00:00:00+00:00;EXCHHEDGE/USD;150,25000000;153,09000000;147,55000000;148,45000000;-1,21
2021-08-01T00:00:00+00:00;EXCHHEDGE/USD;150,25000000;151,67000000;145,10000000;150,25000000;0,0
2021-07-31T00:00:00+00:00;EXCHHEDGE/USD;153,32000000;156,65000000;148,35000000;150,25000000;-2,04
2021-07-30T00:00:00+00:00;EXCHHEDGE/USD;159,65000000;161,90000000;153,16000000;153,32000000;-4,13
2021-07-29T00:00:00+00:00;EXCHHEDGE/USD;160,92500000;164,05000000;158,42500000;159,65000000;-0,8
2021-07-28T00:00:00+00:00;EXCHHEDGE/USD;162,77500000;165,87500000;159,40000000;160,92500000;-1,15
2021-07-27T00:00:00+00:00;EXCHHEDGE/USD;170,87500000;174,77500000;161,20000000;162,77500000;-4,98
2021-07-26T00:00:00+00:00;EXCHHEDGE/USD;172,97500000;173,57500000;160,12500000;170,87500000;-1,23
2021-07-25T00:00:00+00:00;EXCHHEDGE/USD;173,57500000;178,57500000;172,65000000;172,97500000;-0,35
2021-07-24T00:00:00+00:00;EXCHHEDGE/USD;178,37500000;180,00000000;171,80000000;173,57500000;-2,77
2021-07-23T00:00:00+00:00;EXCHHEDGE/USD;182,67500000;187,80000000;178,35000000;178,37500000;-2,41
2021-07-22T00:00:00+00:00;EXCHHEDGE/USD;188,60000000;190,77500000;182,32500000;182,67500000;-3,24
2021-07-21T00:00:00+00:00;EXCHHEDGE/USD;203,72500000;205,02500000;182,07500000;188,60000000;-8,02
2021-07-20T00:00:00+00:00;EXCHHEDGE/USD;200,32500000;211,70000000;197,80000000;203,72500000;1,67
2021-07-19T00:00:00+00:00;EXCHHEDGE/USD;190,55000000;202,47500000;189,45000000;200,32500000;4,88
2021-07-18T00:00:00+00:00;EXCHHEDGE/USD;191,92500000;193,15000000;186,67500000;190,55000000;-0,72
2021-07-17T00:00:00+00:00;EXCHHEDGE/USD;192,00000000;194,00000000;187,65000000;191,92500000;-0,04
2021-07-16T00:00:00+00:00;EXCHHEDGE/USD;187,97500000;195,77500000;185,40000000;192,00000000;2,1
2021-07-15T00:00:00+00:00;EXCHHEDGE/USD;183,35000000;192,95000000;180,60000000;187,97500000;2,46
2021-07-14T00:00:00+00:00;EXCHHEDGE/USD;181,82500000;192,95000000;180,02500000;183,35000000;0,83
2021-07-13T00:00:00+00:00;EXCHHEDGE/USD;178,52500000;184,20000000;177,65000000;181,82500000;1,81
2021-07-12T00:00:00+00:00;EXCHHEDGE/USD;177,52500000;183,55000000;170,22500000;178,52500000;0,56
2021-07-11T00:00:00+00:00;EXCHHEDGE/USD;181,37500000;183,52500000;175,35000000;177,52500000;-2,17
2021-07-10T00:00:00+00:00;EXCHHEDGE/USD;179,82500000;184,30000000;177,47500000;181,37500000;0,85
2021-07-09T00:00:00+00:00;EXCHHEDGE/USD;184,12500000;188,97500000;178,65000000;179,82500000;-2,39
2021-07-08T00:00:00+00:00;EXCHHEDGE/USD;177,25000000;191,02500000;177,15000000;184,12500000;3,73
2021-07-07T00:00:00+00:00;EXCHHEDGE/USD;181,27500000;186,75000000;173,10000000;177,25000000;-2,27
2021-07-06T00:00:00+00:00;EXCHHEDGE/USD;194,57500000;194,72500000;180,87500000;181,27500000;-7,34
2021-07-05T00:00:00+00:00;EXCHHEDGE/USD;189,42500000;198,32500000;189,42500000;194,57500000;2,65
2021-07-04T00:00:00+00:00;EXCHHEDGE/USD;191,45000000;196,35000000;185,42500000;189,42500000;-1,07
2021-07-03T00:00:00+00:00;EXCHHEDGE/USD;197,05000000;199,75000000;189,35000000;191,45000000;-2,93
2021-07-02T00:00:00+00:00;EXCHHEDGE/USD;197,90000000;204,22500000;192,27500000;197,05000000;-0,43
2021-07-01T00:00:00+00:00;EXCHHEDGE/USD;189,77500000;201,27500000;189,62500000;197,90000000;4,11
2021-06-30T00:00:00+00:00;EXCHHEDGE/USD;192,37500000;201,42500000;189,52500000;189,77500000;-1,37
2021-06-29T00:00:00+00:00;EXCHHEDGE/USD;201,45000000;202,52500000;186,05000000;192,37500000;-4,72
2021-06-28T00:00:00+00:00;EXCHHEDGE/USD;206,32500000;207,70000000;197,35000000;201,45000000;-2,42
2021-06-27T00:00:00+00:00;EXCHHEDGE/USD;215,52500000;219,80000000;206,32500000;206,32500000;-4,46
2021-06-26T00:00:00+00:00;EXCHHEDGE/USD;212,42500000;223,75000000;206,35000000;215,52500000;1,44
2021-06-25T00:00:00+00:00;EXCHHEDGE/USD;197,10000000;214,62500000;193,80000000;212,42500000;7,21
2021-06-24T00:00:00+00:00;EXCHHEDGE/USD;204,32500000;209,50000000;192,40000000;197,10000000;-3,67
2021-06-23T00:00:00+00:00;EXCHHEDGE/USD;219,92500000;226,27500000;194,55000000;204,32500000;-7,63
2021-06-22T00:00:00+00:00;EXCHHEDGE/USD;215,65000000;242,00000000;206,32500000;219,92500000;1,94
2021-06-21T00:00:00+00:00;EXCHHEDGE/USD;185,52500000;216,07500000;184,22500000;215,65000000;13,97
2021-06-20T00:00:00+00:00;EXCHHEDGE/USD;187,47500000;197,52500000;183,92500000;185,52500000;-1,05
2021-06-19T00:00:00+00:00;EXCHHEDGE/USD;185,05000000;189,42500000;182,17500000;187,47500000;1,29
2021-06-18T00:00:00+00:00;EXCHHEDGE/USD;177,22500000;190,57500000;175,65000000;185,05000000;4,23
2021-06-17T00:00:00+00:00;EXCHHEDGE/USD;178,15000000;185,40000000;171,57500000;177,22500000;-0,52
2021-06-16T00:00:00+00:00;EXCHHEDGE/USD;169,92500000;189,45000000;169,62500000;178,15000000;4,62
2021-06-15T00:00:00+00:00;EXCHHEDGE/USD;167,35000000;177,75000000;165,35000000;169,57500000;1,31
2021-06-14T00:00:00+00:00;EXCHHEDGE/USD;171,55000000;174,95000000;165,02500000;167,35000000;-2,51
2021-06-13T00:00:00+00:00;EXCHHEDGE/USD;185,07500000;188,47500000;170,47500000;171,55000000;-7,88
2021-06-12T00:00:00+00:00;EXCHHEDGE/USD;181,50000000;190,75000000;181,17500000;185,07500000;1,93
2021-06-11T00:00:00+00:00;EXCHHEDGE/USD;177,70000000;188,65000000;173,52500000;181,50000000;2,09
2021-06-10T00:00:00+00:00;EXCHHEDGE/USD;170,75000000;187,15000000;169,87500000;177,70000000;3,91
2021-06-09T00:00:00+00:00;EXCHHEDGE/USD;181,25000000;190,57500000;170,37500000;170,75000000;-6,15
2021-06-08T00:00:00+00:00;EXCHHEDGE/USD;176,75000000;192,77500000;173,42500000;181,25000000;2,48
2021-06-07T00:00:00+00:00;EXCHHEDGE/USD;166,02500000;177,62500000;160,77500000;176,75000000;6,07
2021-06-06T00:00:00+00:00;EXCHHEDGE/USD;166,35000000;168,27500000;163,12500000;166,02500000;-0,2
2021-06-05T00:00:00+00:00;EXCHHEDGE/USD;164,35000000;169,80000000;153,12500000;166,35000000;1,2
2021-06-04T00:00:00+00:00;EXCHHEDGE/USD;153,08000000;169,18000000;152,61000000;164,35000000;6,86
2021-06-03T00:00:00+00:00;EXCHHEDGE/USD;160,07500000;163,62500000;151,45000000;153,08000000;-4,57
2021-06-02T00:00:00+00:00;EXCHHEDGE/USD;178,42500000;208,15000000;155,05000000;160,07500000;-11,46
2021-06-01T00:00:00+00:00;EXCHHEDGE/USD;181,65000000;187,22500000;177,72500000;178,42500000;-1,81
2021-05-31T00:00:00+00:00;EXCHHEDGE/USD;195,00000000;203,72500000;180,92500000;181,65000000;-7,35
2021-05-30T00:00:00+00:00;EXCHHEDGE/USD;205,25000000;213,17500000;187,22500000;195,00000000;-5,26
2021-05-29T00:00:00+00:00;EXCHHEDGE/USD;195,55000000;210,00000000;187,22500000;205,25000000;4,73
2021-05-28T00:00:00+00:00;EXCHHEDGE/USD;180,75000000;202,02500000;178,92500000;195,55000000;7,57
2021-05-27T00:00:00+00:00;EXCHHEDGE/USD;176,55000000;188,57500000;174,42500000;180,75000000;2,32
2021-05-26T00:00:00+00:00;EXCHHEDGE/USD;187,62500000;190,70000000;174,27500000;176,55000000;-6,27
2021-05-25T00:00:00+00:00;EXCHHEDGE/USD;187,22500000;205,90000000;183,10000000;187,62500000;0,21
2021-05-24T00:00:00+00:00;EXCHHEDGE/USD;249,05000000;257,17500000;187,22500000;187,22500000;-33,02
2021-05-23T00:00:00+00:00;EXCHHEDGE/USD;214,00000000;271,32500000;213,05000000;249,05000000;14,07
2021-05-22T00:00:00+00:00;EXCHHEDGE/USD;203,92500000;219,17500000;201,17500000;214,00000000;4,71
2021-05-21T00:00:00+00:00;EXCHHEDGE/USD;173,72500000;214,10000000;164,47500000;203,92500000;14,81
2021-05-20T00:00:00+00:00;EXCHHEDGE/USD;194,32500000;214,72500000;165,32500000;173,72500000;-11,86
2021-05-19T00:00:00+00:00;EXCHHEDGE/USD;154,67000000;208,05000000;152,42000000;194,32500000;20,41
2021-05-18T00:00:00+00:00;EXCHHEDGE/USD;151,02000000;155,44000000;145,88000000;154,67000000;2,36
2021-05-17T00:00:00+00:00;EXCHHEDGE/USD;142,02000000;156,68000000;142,02000000;151,02000000;5,96
2021-05-16T00:00:00+00:00;EXCHHEDGE/USD;138,85000000;147,55000000;131,70000000;142,02000000;2,23
2021-05-15T00:00:00+00:00;EXCHHEDGE/USD;132,23000000;139,75000000;130,76000000;139,22000000;5,02
2021-05-14T00:00:00+00:00;EXCHHEDGE/USD;135,43000000;136,34000000;128,11000000;132,23000000;-2,42
2021-05-13T00:00:00+00:00;EXCHHEDGE/USD;130,49000000;142,29000000;126,03000000;135,43000000;3,65
2021-05-12T00:00:00+00:00;EXCHHEDGE/USD;125,32000000;130,49000000;119,70000000;130,49000000;3,96
2021-05-11T00:00:00+00:00;EXCHHEDGE/USD;134,55000000;139,13000000;125,11000000;125,32000000;-7,37
2021-05-10T00:00:00+00:00;EXCHHEDGE/USD;132,24000000;140,26000000;125,28000000;134,55000000;1,72
2021-05-09T00:00:00+00:00;EXCHHEDGE/USD;134,46000000;138,23000000;130,30000000;132,24000000;-1,68
2021-05-08T00:00:00+00:00;EXCHHEDGE/USD;137,98000000;139,33000000;132,58000000;134,46000000;-2,62
2021-05-07T00:00:00+00:00;EXCHHEDGE/USD;139,19000000;140,26000000;133,65000000;137,98000000;-0,88
2021-05-06T00:00:00+00:00;EXCHHEDGE/USD;133,86000000;140,26000000;133,36000000;139,19000000;3,83
2021-05-05T00:00:00+00:00;EXCHHEDGE/USD;142,51000000;143,47000000;133,44000000;133,86000000;-6,46
2021-05-04T00:00:00+00:00;EXCHHEDGE/USD;132,75000000;144,00000000;132,33000000;142,51000000;6,85
2021-05-03T00:00:00+00:00;EXCHHEDGE/USD;137,90000000;138,44000000;132,63000000;132,75000000;-3,88
2021-05-02T00:00:00+00:00;EXCHHEDGE/USD;142,05000000;149,04000000;137,64000000;137,90000000;-3,01
2021-05-01T00:00:00+00:00;EXCHHEDGE/USD;154,63000000;156,57000000;140,23000000;142,05000000;-8,86
2021-04-30T00:00:00+00:00;EXCHHEDGE/USD;162,70000000;164,52500000;153,93000000;154,63000000;-5,22
2021-04-29T00:00:00+00:00;EXCHHEDGE/USD;172,42500000;176,22500000;160,85000000;162,70000000;-5,98
2021-04-28T00:00:00+00:00;EXCHHEDGE/USD;170,07500000;182,00000000;167,15000000;172,42500000;1,36
2021-04-27T00:00:00+00:00;EXCHHEDGE/USD;179,22500000;181,77500000;168,30000000;170,07500000;-5,38
2021-04-26T00:00:00+00:00;EXCHHEDGE/USD;191,92500000;192,72500000;176,82500000;179,22500000;-7,09
2021-04-25T00:00:00+00:00;EXCHHEDGE/USD;192,22500000;198,40000000;183,47500000;191,92500000;-0,16
2021-04-24T00:00:00+00:00;EXCHHEDGE/USD;183,60000000;195,75000000;182,55000000;192,22500000;4,49
2021-04-23T00:00:00+00:00;EXCHHEDGE/USD;185,20000000;203,50000000;176,95000000;183,60000000;-0,87
2021-04-22T00:00:00+00:00;EXCHHEDGE/USD;175,07500000;189,75000000;168,97500000;185,20000000;5,47
2021-04-21T00:00:00+00:00;EXCHHEDGE/USD;171,12500000;176,50000000;165,25000000;175,07500000;2,26
2021-04-20T00:00:00+00:00;EXCHHEDGE/USD;192,57500000;199,80000000;171,00000000;171,12500000;-12,53
2021-04-19T00:00:00+00:00;EXCHHEDGE/USD;190,35000000;196,45000000;179,92500000;192,57500000;1,16
2021-04-18T00:00:00+00:00;EXCHHEDGE/USD;182,15000000;208,20000000;180,65000000;190,35000000;4,31
2021-04-17T00:00:00+00:00;EXCHHEDGE/USD;179,50000000;184,22500000;173,60000000;182,15000000;1,45
2021-04-16T00:00:00+00:00;EXCHHEDGE/USD;170,55000000;183,15000000;170,55000000;179,50000000;4,99
2021-04-15T00:00:00+00:00;EXCHHEDGE/USD;171,50000000;172,45000000;168,40000000;170,55000000;-0,56
2021-04-14T00:00:00+00:00;EXCHHEDGE/USD;170,15000000;175,65000000;161,82500000;171,50000000;0,79
2021-04-13T00:00:00+00:00;EXCHHEDGE/USD;165,35000000;174,15000000;163,22500000;170,15000000;2,82
2021-04-12T00:00:00+00:00;EXCHHEDGE/USD;178,35000000;179,77500000;153,82500000;165,35000000;-7,86
2021-04-11T00:00:00+00:00;EXCHHEDGE/USD;190,20000000;192,12500000;177,87500000;178,35000000;-6,64
2021-04-10T00:00:00+00:00;EXCHHEDGE/USD;195,72500000;196,70000000;185,32500000;190,20000000;-2,9
2021-04-09T00:00:00+00:00;EXCHHEDGE/USD;204,75000000;209,55000000;195,72500000;195,72500000;-4,61
2021-04-08T00:00:00+00:00;EXCHHEDGE/USD;225,42500000;226,77500000;202,97500000;204,75000000;-10,1
2021-04-07T00:00:00+00:00;EXCHHEDGE/USD;213,65000000;234,40000000;208,77500000;225,42500000;5,22
2021-04-06T00:00:00+00:00;EXCHHEDGE/USD;228,95000000;230,72500000;211,90000000;213,65000000;-7,16
2021-04-05T00:00:00+00:00;EXCHHEDGE/USD;240,25000000;246,07500000;226,42500000;228,95000000;-4,94
2021-04-04T00:00:00+00:00;EXCHHEDGE/USD;251,72500000;254,10000000;239,37500000;240,25000000;-4,78
2021-04-03T00:00:00+00:00;EXCHHEDGE/USD;240,77500000;252,57500000;237,25000000;251,72500000;4,35
2021-04-02T00:00:00+00:00;EXCHHEDGE/USD;244,40000000;245,22500000;235,12500000;240,77500000;-1,51
2021-04-01T00:00:00+00:00;EXCHHEDGE/USD;257,05000000;257,60000000;243,77500000;244,40000000;-5,18
2021-03-31T00:00:00+00:00;EXCHHEDGE/USD;252,62500000;264,00000000;249,40000000;257,05000000;1,72
2021-03-30T00:00:00+00:00;EXCHHEDGE/USD;275,10000000;276,00000000;251,97500000;252,62500000;-8,9
2021-03-29T00:00:00+00:00;EXCHHEDGE/USD;288,25000000;291,57500000;274,17500000;275,10000000;-4,78
2021-03-28T00:00:00+00:00;EXCHHEDGE/USD;291,55000000;291,57500000;281,07500000;288,25000000;-1,14
2021-03-27T00:00:00+00:00;EXCHHEDGE/USD;299,17500000;303,80000000;287,70000000;291,55000000;-2,62
2021-03-26T00:00:00+00:00;EXCHHEDGE/USD;325,00000000;326,47500000;299,17500000;299,17500000;-8,63
2021-03-25T00:00:00+00:00;EXCHHEDGE/USD;307,47500000;328,00000000;306,62500000;325,00000000;5,39
2021-03-24T00:00:00+00:00;EXCHHEDGE/USD;298,27500000;309,07500000;284,45000000;307,47500000;2,99
2021-03-23T00:00:00+00:00;EXCHHEDGE/USD;295,22500000;302,82500000;288,72500000;298,27500000;1,02
2021-03-22T00:00:00+00:00;EXCHHEDGE/USD;279,40000000;295,32500000;279,15000000;295,22500000;5,36
2021-03-21T00:00:00+00:00;EXCHHEDGE/USD;279,27500000;285,52500000;277,32500000;279,40000000;0,04
2021-03-20T00:00:00+00:00;EXCHHEDGE/USD;279,27500000;279,27500000;271,37500000;279,27500000;0,0
2021-03-19T00:00:00+00:00;EXCHHEDGE/USD;281,22500000;288,97500000;274,85000000;279,27500000;-0,7
2021-03-18T00:00:00+00:00;EXCHHEDGE/USD;272,62500000;288,97500000;268,70000000;281,22500000;3,06
2021-03-17T00:00:00+00:00;EXCHHEDGE/USD;279,35000000;288,97500000;272,45000000;272,62500000;-2,47
2021-03-16T00:00:00+00:00;EXCHHEDGE/USD;277,52500000;290,92500000;275,75000000;279,35000000;0,65
2021-03-15T00:00:00+00:00;EXCHHEDGE/USD;268,97500000;285,55000000;264,17500000;277,52500000;3,08
2021-03-14T00:00:00+00:00;EXCHHEDGE/USD;265,60000000;270,40000000;265,60000000;268,97500000;1,25
2021-03-13T00:00:00+00:00;EXCHHEDGE/USD;282,97500000;286,85000000;263,40000000;265,60000000;-6,54
2021-03-12T00:00:00+00:00;EXCHHEDGE/USD;265,82500000;289,30000000;265,82500000;282,97500000;6,06
2021-03-11T00:00:00+00:00;EXCHHEDGE/USD;273,22500000;284,37500000;257,30000000;265,82500000;-2,78
2021-03-10T00:00:00+00:00;EXCHHEDGE/USD;262,87500000;279,62500000;261,27500000;273,22500000;3,79
2021-03-09T00:00:00+00:00;EXCHHEDGE/USD;309,07500000;313,70000000;262,37500000;262,87500000;-17,57
2021-03-08T00:00:00+00:00;EXCHHEDGE/USD;313,62500000;326,90000000;308,87500000;309,07500000;-1,47
2021-03-07T00:00:00+00:00;EXCHHEDGE/USD;325,45000000;326,90000000;310,92500000;313,62500000;-3,77
2021-03-06T00:00:00+00:00;EXCHHEDGE/USD;326,15000000;334,75000000;322,00000000;325,45000000;-0,22
2021-03-05T00:00:00+00:00;EXCHHEDGE/USD;317,65000000;336,80000000;317,65000000;326,15000000;2,61
2021-03-04T00:00:00+00:00;EXCHHEDGE/USD;309,65000000;323,35000000;292,37500000;317,65000000;2,52
2021-03-03T00:00:00+00:00;EXCHHEDGE/USD;321,05000000;325,90000000;291,07500000;309,65000000;-3,68
2021-03-02T00:00:00+00:00;EXCHHEDGE/USD;309,15000000;326,17500000;301,05000000;321,05000000;3,71
2021-03-01T00:00:00+00:00;EXCHHEDGE/USD;364,20000000;366,65000000;308,65000000;309,15000000;-17,81
2021-02-28T00:00:00+00:00;EXCHHEDGE/USD;334,85000000;378,65000000;331,35000000;364,50000000;8,13
2021-02-27T00:00:00+00:00;EXCHHEDGE/USD;344,30000000;346,00000000;316,50000000;334,85000000;-2,82
2021-02-26T00:00:00+00:00;EXCHHEDGE/USD;325,75000000;354,40000000;323,85000000;344,30000000;5,39
2021-02-25T00:00:00+00:00;EXCHHEDGE/USD;309,12500000;326,65000000;296,97500000;325,75000000;5,1
2021-02-24T00:00:00+00:00;EXCHHEDGE/USD;332,45000000;351,57500000;284,20000000;309,12500000;-7,55
2021-02-23T00:00:00+00:00;EXCHHEDGE/USD;286,42500000;353,52500000;286,42500000;332,45000000;13,84
2021-02-22T00:00:00+00:00;EXCHHEDGE/USD;268,92500000;325,47500000;267,50000000;286,42500000;6,11
2021-02-21T00:00:00+00:00;EXCHHEDGE/USD;328,22500000;330,17500000;264,77500000;268,92500000;-22,05
2021-02-20T00:00:00+00:00;EXCHHEDGE/USD;282,01250000;336,91250000;278,16250000;328,02500000;14,03
2021-02-19T00:00:00+00:00;EXCHHEDGE/USD;465,50000000;466,65000000;281,90000000;282,02500000;-65,06
2021-02-18T00:00:00+00:00;EXCHHEDGE/USD;529,20000000;529,20000000;458,20000000;465,50000000;-13,68
2021-02-17T00:00:00+00:00;EXCHHEDGE/USD;638,40000000;638,45000000;517,20000000;529,20000000;-20,63
2021-02-16T00:00:00+00:00;EXCHHEDGE/USD;638,45000000;645,75000000;619,70000000;638,40000000;-0,01
2021-02-15T00:00:00+00:00;EXCHHEDGE/USD;621,65000000;673,05000000;615,10000000;638,45000000;2,63
2021-02-14T00:00:00+00:00;EXCHHEDGE/USD;621,45000000;638,45000000;604,55000000;621,65000000;0,03
2021-02-13T00:00:00+00:00;EXCHHEDGE/USD;610,00000000;638,45000000;604,75000000;621,90000000;1,91
2021-02-12T00:00:00+00:00;EXCHHEDGE/USD;638,45000000;639,90000000;599,55000000;610,00000000;-4,66
2021-02-11T00:00:00+00:00;EXCHHEDGE/USD;626,70000000;641,65000000;622,95000000;638,45000000;1,84
2021-02-10T00:00:00+00:00;EXCHHEDGE/USD;720,80000000;723,50000000;590,70000000;626,70000000;-15,02
2021-02-09T00:00:00+00:00;EXCHHEDGE/USD;894,40000000;898,10000000;711,80000000;720,80000000;-24,08
2021-02-08T00:00:00+00:00;EXCHHEDGE/USD;985,80000000;1000,70000000;893,20000000;894,40000000;-10,22
2021-02-07T00:00:00+00:00;EXCHHEDGE/USD;975,60000000;1016,30000000;957,40000000;985,80000000;1,03
2021-02-06T00:00:00+00:00;EXCHHEDGE/USD;999,20000000;1036,50000000;957,20000000;975,60000000;-2,42
2021-02-05T00:00:00+00:00;EXCHHEDGE/USD;1115,80000000;1119,20000000;995,40000000;999,20000000;-11,67
2021-02-04T00:00:00+00:00;EXCHHEDGE/USD;1133,70000000;1163,70000000;1104,80000000;1115,80000000;-1,6
2021-02-03T00:00:00+00:00;EXCHHEDGE/USD;1187,70000000;1292,90000000;1132,70000000;1133,70000000;-4,76
2021-02-02T00:00:00+00:00;EXCHHEDGE/USD;1219,10000000;1299,10000000;1180,00000000;1187,70000000;-2,64
2021-02-01T00:00:00+00:00;EXCHHEDGE/USD;1289,40000000;1309,60000000;1215,90000000;1219,10000000;-5,77
2021-01-31T00:00:00+00:00;EXCHHEDGE/USD;1301,40000000;1316,00000000;1272,40000000;1289,40000000;-0,93
2021-01-30T00:00:00+00:00;EXCHHEDGE/USD;1315,00000000;1339,20000000;1296,00000000;1301,40000000;-1,05
2021-01-29T00:00:00+00:00;EXCHHEDGE/USD;1324,70000000;1352,90000000;1260,80000000;1315,00000000;-0,74
2021-01-28T00:00:00+00:00;EXCHHEDGE/USD;1469,70000000;1471,50000000;1316,60000000;1324,70000000;-10,95
2021-01-27T00:00:00+00:00;EXCHHEDGE/USD;1419,80000000;1485,40000000;1418,20000000;1469,70000000;3,4
2021-01-26T00:00:00+00:00;EXCHHEDGE/USD;1434,80000000;1469,70000000;1417,90000000;1419,80000000;-1,06
2021-01-25T00:00:00+00:00;EXCHHEDGE/USD;1401,60000000;1451,40000000;1366,60000000;1434,80000000;2,31
2021-01-24T00:00:00+00:00;EXCHHEDGE/USD;1439,40000000;1451,10000000;1400,20000000;1401,60000000;-2,7
2021-01-23T00:00:00+00:00;EXCHHEDGE/USD;1448,90000000;1469,70000000;1425,90000000;1439,40000000;-0,66
2021-01-22T00:00:00+00:00;EXCHHEDGE/USD;1492,80000000;1546,30000000;1428,50000000;1448,90000000;-3,03
2021-01-21T00:00:00+00:00;EXCHHEDGE/USD;1381,10000000;1498,90000000;1377,50000000;1492,80000000;7,48
2021-01-20T00:00:00+00:00;EXCHHEDGE/USD;1380,80000000;1469,70000000;1369,90000000;1381,10000000;0,02
2021-01-19T00:00:00+00:00;EXCHHEDGE/USD;1341,10000000;1390,60000000;1298,60000000;1380,80000000;2,88
2021-01-18T00:00:00+00:00;EXCHHEDGE/USD;1401,50000000;1467,10000000;1338,20000000;1341,10000000;-4,5
2021-01-17T00:00:00+00:00;EXCHHEDGE/USD;1469,70000000;1483,00000000;1386,10000000;1401,50000000;-4,87
2021-01-16T00:00:00+00:00;EXCHHEDGE/USD;1469,70000000;1469,70000000;1430,90000000;1469,70000000;0,0
2021-01-15T00:00:00+00:00;EXCHHEDGE/USD;1469,70000000;1509,20000000;1459,60000000;1469,70000000;0,0
2021-01-14T00:00:00+00:00;EXCHHEDGE/USD;1469,70000000;1470,80000000;1457,10000000;1469,70000000;0,0
2021-01-13T00:00:00+00:00;EXCHHEDGE/USD;1525,40000000;1569,80000000;1469,70000000;1469,70000000;-3,79
2021-01-12T00:00:00+00:00;EXCHHEDGE/USD;1469,70000000;1559,70000000;1469,70000000;1525,40000000;3,65
2021-01-11T00:00:00+00:00;EXCHHEDGE/USD;1424,70000000;1580,00000000;1424,70000000;1469,70000000;3,06
2021-01-10T00:00:00+00:00;EXCHHEDGE/USD;1410,90000000;1424,70000000;1377,30000000;1424,70000000;0,97
2021-01-09T00:00:00+00:00;EXCHHEDGE/USD;1466,70000000;1501,60000000;1404,70000000;1410,90000000;-3,95
2021-01-08T00:00:00+00:00;EXCHHEDGE/USD;1435,60000000;1547,40000000;1430,90000000;1466,70000000;2,12
2021-01-07T00:00:00+00:00;EXCHHEDGE/USD;1427,20000000;1461,60000000;1377,70000000;1435,60000000;0,59
2021-01-06T00:00:00+00:00;EXCHHEDGE/USD;1477,60000000;1514,20000000;1427,20000000;1427,20000000;-3,53
2021-01-05T00:00:00+00:00;EXCHHEDGE/USD;1579,10000000;1618,40000000;1474,50000000;1477,60000000;-6,87
2021-01-04T00:00:00+00:00;EXCHHEDGE/USD;1558,60000000;1683,00000000;1461,50000000;1579,10000000;1,3
2021-01-03T00:00:00+00:00;EXCHHEDGE/USD;1595,10000000;1609,70000000;1526,40000000;1558,60000000;-2,34
2021-01-02T00:00:00+00:00;EXCHHEDGE/USD;1539,80000000;1622,60000000;1513,60000000;1595,10000000;3,47
2021-01-01T00:00:00+00:00;EXCHHEDGE/USD;1668,00000000;1679,75000000;1536,75000000;1539,80000000;-8,33
2020-12-31T00:00:00+00:00;EXCHHEDGE/USD;1674,00000000;1724,00000000;1650,75000000;1668,00000000;-0,36
2020-12-30T00:00:00+00:00;EXCHHEDGE/USD;1670,50000000;1754,00000000;1665,25000000;1674,00000000;0,21
2020-12-29T00:00:00+00:00;EXCHHEDGE/USD;1727,50000000;1780,00000000;1670,00000000;1670,50000000;-3,41
2020-12-28T00:00:00+00:00;EXCHHEDGE/USD;1864,50000000;1869,50000000;1724,50000000;1727,50000000;-7,93
2020-12-27T00:00:00+00:00;EXCHHEDGE/USD;1911,25000000;1938,50000000;1832,50000000;1864,50000000;-2,51
2020-12-26T00:00:00+00:00;EXCHHEDGE/USD;1897,00000000;2033,00000000;1874,00000000;1911,25000000;0,75
2020-12-25T00:00:00+00:00;EXCHHEDGE/USD;1926,50000000;2033,00000000;1883,00000000;1897,00000000;-1,56
2020-12-24T00:00:00+00:00;EXCHHEDGE/USD;2012,50000000;2033,00000000;1914,50000000;1926,50000000;-4,46
2020-12-23T00:00:00+00:00;EXCHHEDGE/USD;1902,75000000;2019,75000000;1888,00000000;2012,50000000;5,45
2020-12-22T00:00:00+00:00;EXCHHEDGE/USD;1975,00000000;2021,25000000;1900,75000000;1902,75000000;-3,8
2020-12-21T00:00:00+00:00;EXCHHEDGE/USD;1913,00000000;2033,00000000;1878,00000000;1975,00000000;3,14
2020-12-20T00:00:00+00:00;EXCHHEDGE/USD;1896,00000000;1941,00000000;1872,50000000;1913,00000000;0,89
2020-12-19T00:00:00+00:00;EXCHHEDGE/USD;1944,00000000;1959,25000000;1869,50000000;1896,00000000;-2,53
2020-12-18T00:00:00+00:00;EXCHHEDGE/USD;2001,50000000;2030,00000000;1940,75000000;1944,00000000;-2,96
2020-12-17T00:00:00+00:00;EXCHHEDGE/USD;1965,50000000;2024,75000000;1942,25000000;2001,50000000;1,8
2020-12-16T00:00:00+00:00;EXCHHEDGE/USD;2025,25000000;2033,00000000;1947,25000000;1965,50000000;-3,04
2020-12-15T00:00:00+00:00;EXCHHEDGE/USD;2033,00000000;2033,00000000;2012,25000000;2025,25000000;-0,38
2020-12-14T00:00:00+00:00;EXCHHEDGE/USD;2033,00000000;2049,50000000;2031,25000000;2033,00000000;0,0
2020-12-13T00:00:00+00:00;EXCHHEDGE/USD;2073,00000000;2078,00000000;2033,00000000;2033,00000000;-1,97
2020-12-12T00:00:00+00:00;EXCHHEDGE/USD;2108,25000000;2108,25000000;2062,75000000;2073,00000000;-1,7
2020-12-11T00:00:00+00:00;EXCHHEDGE/USD;2117,75000000;2164,50000000;2035,50000000;2108,25000000;-0,45
2020-12-10T00:00:00+00:00;EXCHHEDGE/USD;2095,50000000;2132,25000000;2033,00000000;2117,75000000;1,05
2020-12-09T00:00:00+00:00;EXCHHEDGE/USD;2118,00000000;2171,25000000;2033,00000000;2095,50000000;-1,07
2020-12-08T00:00:00+00:00;EXCHHEDGE/USD;2086,25000000;2139,75000000;2063,75000000;2118,00000000;1,5
2020-12-07T00:00:00+00:00;EXCHHEDGE/USD;2101,75000000;2112,75000000;2053,25000000;2086,25000000;-0,74
2020-12-06T00:00:00+00:00;EXCHHEDGE/USD;2094,00000000;2119,75000000;2069,50000000;2101,75000000;0,37
2020-12-05T00:00:00+00:00;EXCHHEDGE/USD;2135,25000000;2150,25000000;2086,50000000;2094,00000000;-1,97
2020-12-04T00:00:00+00:00;EXCHHEDGE/USD;2064,25000000;2139,75000000;2046,50000000;2135,25000000;3,33
2020-12-03T00:00:00+00:00;EXCHHEDGE/USD;2064,25000000;2084,50000000;2049,50000000;2064,25000000;0,0
2020-12-02T00:00:00+00:00;EXCHHEDGE/USD;2047,00000000;2086,50000000;2033,00000000;2064,25000000;0,84
2020-12-01T00:00:00+00:00;EXCHHEDGE/USD;2024,75000000;2195,50000000;2005,75000000;2047,00000000;1,09
2020-11-30T00:00:00+00:00;EXCHHEDGE/USD;2112,00000000;2135,00000000;2024,75000000;2024,75000000;-4,31
2020-11-29T00:00:00+00:00;EXCHHEDGE/USD;2161,00000000;2208,50000000;2104,25000000;2112,00000000;-2,32
2020-11-28T00:00:00+00:00;EXCHHEDGE/USD;2226,25000000;2264,50000000;2145,00000000;2161,00000000;-3,02
2020-11-27T00:00:00+00:00;EXCHHEDGE/USD;2252,00000000;2302,75000000;2215,25000000;2226,25000000;-1,16
2020-11-26T00:00:00+00:00;EXCHHEDGE/USD;2101,50000000;2323,00000000;2089,50000000;2252,00000000;6,68
2020-11-25T00:00:00+00:00;EXCHHEDGE/USD;2007,75000000;2133,75000000;1983,00000000;2101,50000000;4,46
2020-11-24T00:00:00+00:00;EXCHHEDGE/USD;2057,50000000;2070,75000000;1969,75000000;2007,75000000;-2,48
2020-11-23T00:00:00+00:00;EXCHHEDGE/USD;2076,25000000;2219,50000000;2019,50000000;2057,50000000;-0,91
2020-11-22T00:00:00+00:00;EXCHHEDGE/USD;2094,25000000;2175,50000000;2056,75000000;2076,25000000;-0,87
2020-11-21T00:00:00+00:00;EXCHHEDGE/USD;2133,75000000;2164,25000000;2088,50000000;2094,25000000;-1,89
2020-11-20T00:00:00+00:00;EXCHHEDGE/USD;2194,75000000;2203,25000000;2128,00000000;2133,75000000;-2,86
2020-11-19T00:00:00+00:00;EXCHHEDGE/USD;2244,75000000;2253,25000000;2177,25000000;2194,75000000;-2,28
2020-11-18T00:00:00+00:00;EXCHHEDGE/USD;2290,00000000;2323,00000000;2234,00000000;2244,75000000;-2,02
2020-11-17T00:00:00+00:00;EXCHHEDGE/USD;2360,75000000;2360,75000000;2274,25000000;2290,00000000;-3,09
2020-11-16T00:00:00+00:00;EXCHHEDGE/USD;2364,50000000;2369,75000000;2323,00000000;2360,75000000;-0,16
2020-11-15T00:00:00+00:00;EXCHHEDGE/USD;2340,25000000;2379,75000000;2325,25000000;2364,50000000;1,03
2020-11-14T00:00:00+00:00;EXCHHEDGE/USD;2323,00000000;2365,50000000;2323,00000000;2340,25000000;0,74
2020-11-13T00:00:00+00:00;EXCHHEDGE/USD;2323,25000000;2328,50000000;2312,25000000;2323,00000000;-0,01
2020-11-12T00:00:00+00:00;EXCHHEDGE/USD;2342,75000000;2360,50000000;2318,75000000;2323,25000000;-0,84
2020-11-11T00:00:00+00:00;EXCHHEDGE/USD;2361,25000000;2388,50000000;2322,00000000;2342,75000000;-0,79
2020-11-10T00:00:00+00:00;EXCHHEDGE/USD;2378,25000000;2418,75000000;2344,00000000;2361,25000000;-0,72
2020-11-09T00:00:00+00:00;EXCHHEDGE/USD;2368,25000000;2429,25000000;2350,75000000;2378,25000000;0,42
2020-11-08T00:00:00+00:00;EXCHHEDGE/USD;2411,75000000;2514,00000000;2359,00000000;2368,25000000;-1,84
2020-11-07T00:00:00+00:00;EXCHHEDGE/USD;2358,75000000;2467,00000000;2321,75000000;2411,75000000;2,2
2020-11-06T00:00:00+00:00;EXCHHEDGE/USD;2458,50000000;2468,50000000;2340,25000000;2358,75000000;-4,23
2020-11-05T00:00:00+00:00;EXCHHEDGE/USD;2514,00000000;2514,00000000;2418,00000000;2458,50000000;-2,26
2020-11-04T00:00:00+00:00;EXCHHEDGE/USD;2504,87500000;2587,25000000;2496,50000000;2514,00000000;0,36
2020-11-03T00:00:00+00:00;EXCHHEDGE/USD;2445,12500000;2550,87500000;2445,12500000;2504,87500000;2,39
2020-11-02T00:00:00+00:00;EXCHHEDGE/USD;2366,37500000;2473,62500000;2343,62500000;2445,12500000;3,22
2020-11-01T00:00:00+00:00;EXCHHEDGE/USD;2357,87500000;2382,87500000;2349,37500000;2366,37500000;0,36
2020-10-31T00:00:00+00:00;EXCHHEDGE/USD;2377,37500000;2419,62500000;2332,75000000;2357,87500000;-0,83
2020-10-30T00:00:00+00:00;EXCHHEDGE/USD;2308,62500000;2404,62500000;2298,25000000;2377,37500000;2,89
2020-10-29T00:00:00+00:00;EXCHHEDGE/USD;2320,75000000;2328,00000000;2254,25000000;2308,62500000;-0,53
2020-10-28T00:00:00+00:00;EXCHHEDGE/USD;2253,00000000;2347,50000000;2240,25000000;2320,62500000;2,91
2020-10-27T00:00:00+00:00;EXCHHEDGE/USD;2271,87500000;2276,00000000;2229,00000000;2253,00000000;-0,84
2020-10-26T00:00:00+00:00;EXCHHEDGE/USD;2296,50000000;2305,87500000;2257,00000000;2271,87500000;-1,08
2020-10-25T00:00:00+00:00;EXCHHEDGE/USD;2287,62500000;2317,87500000;2270,00000000;2296,50000000;0,39
2020-10-24T00:00:00+00:00;EXCHHEDGE/USD;2297,25000000;2306,62500000;2278,87500000;2287,62500000;-0,42
2020-10-23T00:00:00+00:00;EXCHHEDGE/USD;2267,25000000;2333,62500000;2262,12500000;2297,25000000;1,31
2020-10-22T00:00:00+00:00;EXCHHEDGE/USD;2298,75000000;2310,25000000;2250,75000000;2267,25000000;-1,39
2020-10-21T00:00:00+00:00;EXCHHEDGE/USD;2369,25000000;2379,25000000;2271,75000000;2298,75000000;-3,07
2020-10-20T00:00:00+00:00;EXCHHEDGE/USD;2369,00000000;2390,00000000;2351,50000000;2369,25000000;0,01
2020-10-19T00:00:00+00:00;EXCHHEDGE/USD;2343,75000000;2403,00000000;2341,50000000;2369,00000000;1,07
2020-10-18T00:00:00+00:00;EXCHHEDGE/USD;2413,25000000;2447,50000000;2337,75000000;2343,75000000;-2,97
2020-10-17T00:00:00+00:00;EXCHHEDGE/USD;2361,25000000;2504,75000000;2356,50000000;2413,25000000;2,15
2020-10-16T00:00:00+00:00;EXCHHEDGE/USD;2257,00000000;2397,25000000;2247,75000000;2361,25000000;4,42
2020-10-15T00:00:00+00:00;EXCHHEDGE/USD;2248,75000000;2321,00000000;2241,25000000;2257,00000000;0,37
2020-10-14T00:00:00+00:00;EXCHHEDGE/USD;2248,75000000;2337,50000000;2232,50000000;2248,75000000;0,0
2020-10-13T00:00:00+00:00;EXCHHEDGE/USD;2238,25000000;2266,50000000;2204,50000000;2248,75000000;0,47
2020-10-12T00:00:00+00:00;EXCHHEDGE/USD;2285,50000000;2294,25000000;2228,50000000;2238,25000000;-2,11
2020-10-11T00:00:00+00:00;EXCHHEDGE/USD;2291,25000000;2329,75000000;2280,50000000;2285,50000000;-0,25
2020-10-10T00:00:00+00:00;EXCHHEDGE/USD;2268,50000000;2307,00000000;2233,00000000;2291,25000000;0,99
2020-10-09T00:00:00+00:00;EXCHHEDGE/USD;2299,50000000;2321,50000000;2248,25000000;2268,50000000;-1,37
2020-10-08T00:00:00+00:00;EXCHHEDGE/USD;2327,00000000;2375,00000000;2295,50000000;2299,50000000;-1,2
2020-10-07T00:00:00+00:00;EXCHHEDGE/USD;2341,75000000;2443,25000000;2325,50000000;2327,00000000;-0,63
2020-10-06T00:00:00+00:00;EXCHHEDGE/USD;2302,25000000;2391,00000000;2283,25000000;2341,75000000;1,69
2020-10-05T00:00:00+00:00;EXCHHEDGE/USD;2294,25000000;2333,50000000;2285,25000000;2302,25000000;0,35
2020-10-04T00:00:00+00:00;EXCHHEDGE/USD;2313,25000000;2375,50000000;2292,50000000;2294,25000000;-0,83
2020-10-03T00:00:00+00:00;EXCHHEDGE/USD;2342,75000000;2414,75000000;2309,00000000;2313,25000000;-1,28
2020-10-02T00:00:00+00:00;EXCHHEDGE/USD;2334,25000000;2408,00000000;2315,00000000;2342,75000000;0,36
2020-10-01T00:00:00+00:00;EXCHHEDGE/USD;2291,75000000;2399,50000000;2264,25000000;2334,25000000;1,82
2020-09-30T00:00:00+00:00;EXCHHEDGE/USD;2310,50000000;2381,00000000;2287,25000000;2291,75000000;-0,82
2020-09-29T00:00:00+00:00;EXCHHEDGE/USD;2359,50000000;2371,00000000;2307,75000000;2310,50000000;-2,12
2020-09-28T00:00:00+00:00;EXCHHEDGE/USD;2358,00000000;2399,50000000;2331,50000000;2359,50000000;0,06
2020-09-27T00:00:00+00:00;EXCHHEDGE/USD;2358,00000000;2572,00000000;2344,50000000;2358,00000000;0,0
2020-09-26T00:00:00+00:00;EXCHHEDGE/USD;2392,50000000;2439,25000000;2355,50000000;2358,00000000;-1,46
2020-09-25T00:00:00+00:00;EXCHHEDGE/USD;2409,50000000;2875,25000000;2385,50000000;2392,50000000;-0,71
2020-09-24T00:00:00+00:00;EXCHHEDGE/USD;2508,50000000;2518,75000000;2401,50000000;2409,50000000;-4,11
2020-09-23T00:00:00+00:00;EXCHHEDGE/USD;2452,50000000;2538,75000000;2418,50000000;2508,50000000;2,23
2020-09-22T00:00:00+00:00;EXCHHEDGE/USD;2501,25000000;2515,50000000;2446,25000000;2452,50000000;-1,99
2020-09-21T00:00:00+00:00;EXCHHEDGE/USD;2377,25000000;2557,25000000;2359,25000000;2501,25000000;4,96
2020-09-20T00:00:00+00:00;EXCHHEDGE/USD;2354,50000000;2420,75000000;2327,25000000;2377,25000000;0,96
2020-09-19T00:00:00+00:00;EXCHHEDGE/USD;2358,00000000;2415,50000000;2350,00000000;2354,50000000;-0,15
2020-09-18T00:00:00+00:00;EXCHHEDGE/USD;2382,50000000;2433,75000000;2332,25000000;2358,00000000;-1,04
2020-09-17T00:00:00+00:00;EXCHHEDGE/USD;2383,25000000;2460,25000000;2342,75000000;2382,50000000;-0,03
2020-09-16T00:00:00+00:00;EXCHHEDGE/USD;2425,75000000;2478,25000000;2355,75000000;2383,25000000;-1,78
2020-09-15T00:00:00+00:00;EXCHHEDGE/USD;2335,75000000;2447,50000000;2335,75000000;2425,75000000;3,71
2020-09-14T00:00:00+00:00;EXCHHEDGE/USD;2293,00000000;2380,50000000;2279,25000000;2335,75000000;1,83
2020-09-13T00:00:00+00:00;EXCHHEDGE/USD;2449,25000000;2466,75000000;2258,00000000;2293,00000000;-6,81
2020-09-12T00:00:00+00:00;EXCHHEDGE/USD;2563,50000000;2569,75000000;2449,25000000;2449,25000000;-4,66
2020-09-11T00:00:00+00:00;EXCHHEDGE/USD;2619,50000000;2687,75000000;2555,50000000;2563,50000000;-2,18
2020-09-10T00:00:00+00:00;EXCHHEDGE/USD;2610,50000000;2635,50000000;2541,50000000;2619,50000000;0,34
2020-09-09T00:00:00+00:00;EXCHHEDGE/USD;2677,25000000;2712,00000000;2607,75000000;2610,50000000;-2,56
2020-09-08T00:00:00+00:00;EXCHHEDGE/USD;2672,75000000;2782,25000000;2660,00000000;2677,25000000;0,17
2020-09-07T00:00:00+00:00;EXCHHEDGE/USD;2661,00000000;2823,00000000;2636,50000000;2672,75000000;0,44
2020-09-06T00:00:00+00:00;EXCHHEDGE/USD;2875,25000000;2922,00000000;2635,50000000;2661,00000000;-8,05
2020-09-05T00:00:00+00:00;EXCHHEDGE/USD;2809,25000000;2945,25000000;2770,00000000;2875,25000000;2,3
2020-09-04T00:00:00+00:00;EXCHHEDGE/USD;2827,75000000;2875,25000000;2749,00000000;2809,25000000;-0,66
2020-09-03T00:00:00+00:00;EXCHHEDGE/USD;2566,00000000;2844,75000000;2545,25000000;2827,75000000;9,26
2020-09-02T00:00:00+00:00;EXCHHEDGE/USD;2525,75000000;2677,00000000;2514,00000000;2566,00000000;1,57
2020-09-01T00:00:00+00:00;EXCHHEDGE/USD;2633,25000000;2662,25000000;2488,75000000;2525,75000000;-4,26
2020-08-31T00:00:00+00:00;EXCHHEDGE/USD;2663,75000000;2724,25000000;2610,25000000;2633,25000000;-1,16
2020-08-30T00:00:00+00:00;EXCHHEDGE/USD;2707,75000000;2728,75000000;2661,25000000;2663,75000000;-1,65
2020-08-29T00:00:00+00:00;EXCHHEDGE/USD;2687,00000000;2715,75000000;2685,00000000;2707,75000000;0,77
2020-08-28T00:00:00+00:00;EXCHHEDGE/USD;2705,25000000;2809,50000000;2684,25000000;2687,00000000;-0,68
2020-08-27T00:00:00+00:00;EXCHHEDGE/USD;2685,50000000;2779,50000000;2681,50000000;2705,25000000;0,73
2020-08-26T00:00:00+00:00;EXCHHEDGE/USD;2738,25000000;2755,25000000;2638,50000000;2685,50000000;-1,96
2020-08-25T00:00:00+00:00;EXCHHEDGE/USD;2727,75000000;2790,25000000;2683,50000000;2738,25000000;0,38
2020-08-24T00:00:00+00:00;EXCHHEDGE/USD;2767,75000000;2790,00000000;2714,50000000;2727,75000000;-1,47
2020-08-23T00:00:00+00:00;EXCHHEDGE/USD;2761,50000000;2809,00000000;2759,25000000;2767,75000000;0,23
2020-08-22T00:00:00+00:00;EXCHHEDGE/USD;2772,00000000;2827,00000000;2759,75000000;2761,50000000;-0,38
2020-08-21T00:00:00+00:00;EXCHHEDGE/USD;2702,25000000;2875,25000000;2681,25000000;2772,00000000;2,52
2020-08-20T00:00:00+00:00;EXCHHEDGE/USD;2795,00000000;2832,00000000;2688,25000000;2702,25000000;-3,43
2020-08-19T00:00:00+00:00;EXCHHEDGE/USD;2728,50000000;2833,75000000;2712,75000000;2795,00000000;2,38
2020-08-18T00:00:00+00:00;EXCHHEDGE/USD;2667,50000000;2774,50000000;2644,75000000;2728,50000000;2,24
2020-08-17T00:00:00+00:00;EXCHHEDGE/USD;2641,50000000;2791,00000000;2638,00000000;2667,50000000;0,97
2020-08-16T00:00:00+00:00;EXCHHEDGE/USD;2640,75000000;2726,25000000;2616,75000000;2641,50000000;0,03
2020-08-15T00:00:00+00:00;EXCHHEDGE/USD;2739,50000000;2828,75000000;2587,75000000;2640,75000000;-3,74
2020-08-14T00:00:00+00:00;EXCHHEDGE/USD;2817,75000000;2875,25000000;2719,25000000;2739,50000000;-2,86
2020-08-13T00:00:00+00:00;EXCHHEDGE/USD;2871,25000000;2885,50000000;2816,00000000;2817,75000000;-1,9
2020-08-12T00:00:00+00:00;EXCHHEDGE/USD;2852,00000000;2892,50000000;2825,00000000;2871,25000000;0,67
2020-08-11T00:00:00+00:00;EXCHHEDGE/USD;2772,50000000;2888,50000000;2762,50000000;2852,00000000;2,79
2020-08-10T00:00:00+00:00;EXCHHEDGE/USD;2779,75000000;2809,50000000;2746,00000000;2772,50000000;-0,26
2020-08-09T00:00:00+00:00;EXCHHEDGE/USD;2753,75000000;2798,75000000;2746,50000000;2779,75000000;0,94
2020-08-08T00:00:00+00:00;EXCHHEDGE/USD;2777,75000000;2809,75000000;2752,50000000;2753,75000000;-0,87
2020-08-07T00:00:00+00:00;EXCHHEDGE/USD;2724,00000000;2816,25000000;2719,25000000;2777,75000000;1,94
2020-08-06T00:00:00+00:00;EXCHHEDGE/USD;2708,25000000;2754,75000000;2705,25000000;2724,00000000;0,58
2020-08-05T00:00:00+00:00;EXCHHEDGE/USD;2755,00000000;2850,00000000;2706,25000000;2708,25000000;-1,73
2020-08-04T00:00:00+00:00;EXCHHEDGE/USD;2780,50000000;2810,75000000;2710,25000000;2755,00000000;-0,93
2020-08-03T00:00:00+00:00;EXCHHEDGE/USD;2894,50000000;2910,25000000;2748,50000000;2780,50000000;-4,1
2020-08-02T00:00:00+00:00;EXCHHEDGE/USD;2762,75000000;2966,00000000;2729,25000000;2894,50000000;4,55
2020-08-01T00:00:00+00:00;EXCHHEDGE/USD;2883,50000000;3009,00000000;2755,00000000;2762,75000000;-4,37
2020-07-31T00:00:00+00:00;EXCHHEDGE/USD;2898,75000000;2934,75000000;2882,50000000;2883,50000000;-0,53
2020-07-30T00:00:00+00:00;EXCHHEDGE/USD;2906,25000000;2960,50000000;2888,75000000;2898,75000000;-0,26
2020-07-29T00:00:00+00:00;EXCHHEDGE/USD;2890,00000000;2922,25000000;2876,50000000;2906,25000000;0,56
2020-07-28T00:00:00+00:00;EXCHHEDGE/USD;2898,00000000;2936,50000000;2851,00000000;2890,00000000;-0,28
2020-07-27T00:00:00+00:00;EXCHHEDGE/USD;2969,00000000;3001,75000000;2865,75000000;2898,00000000;-2,45
2020-07-26T00:00:00+00:00;EXCHHEDGE/USD;2979,50000000;3017,25000000;2923,75000000;2969,00000000;-0,35
2020-07-25T00:00:00+00:00;EXCHHEDGE/USD;3048,00000000;3053,50000000;2976,50000000;2979,50000000;-2,3
2020-07-24T00:00:00+00:00;EXCHHEDGE/USD;3012,50000000;3133,00000000;3009,25000000;3048,00000000;1,16
2020-07-23T00:00:00+00:00;EXCHHEDGE/USD;3058,00000000;3096,50000000;3009,75000000;3012,50000000;-1,51
2020-07-22T00:00:00+00:00;EXCHHEDGE/USD;3107,00000000;3220,50000000;3050,00000000;3058,00000000;-1,6
2020-07-21T00:00:00+00:00;EXCHHEDGE/USD;3128,50000000;3157,75000000;3091,25000000;3107,00000000;-0,69
2020-07-20T00:00:00+00:00;EXCHHEDGE/USD;3126,75000000;3220,50000000;3099,50000000;3128,50000000;0,06
2020-07-19T00:00:00+00:00;EXCHHEDGE/USD;3164,00000000;3191,25000000;3123,25000000;3126,75000000;-1,19
2020-07-18T00:00:00+00:00;EXCHHEDGE/USD;3153,75000000;3209,00000000;3147,25000000;3164,00000000;0,32
2020-07-17T00:00:00+00:00;EXCHHEDGE/USD;3171,50000000;3220,50000000;3131,25000000;3153,75000000;-0,56
2020-07-16T00:00:00+00:00;EXCHHEDGE/USD;3144,75000000;3220,50000000;3126,25000000;3171,50000000;0,84
2020-07-15T00:00:00+00:00;EXCHHEDGE/USD;3150,00000000;3206,25000000;3119,00000000;3144,75000000;-0,17
2020-07-14T00:00:00+00:00;EXCHHEDGE/USD;3146,25000000;3220,50000000;3110,50000000;3150,00000000;0,12
2020-07-13T00:00:00+00:00;EXCHHEDGE/USD;3149,50000000;3219,25000000;3110,00000000;3146,25000000;-0,1
2020-07-12T00:00:00+00:00;EXCHHEDGE/USD;3131,25000000;3186,00000000;3090,50000000;3149,50000000;0,58
2020-07-11T00:00:00+00:00;EXCHHEDGE/USD;3121,75000000;3213,25000000;3106,00000000;3131,25000000;0,3
2020-07-10T00:00:00+00:00;EXCHHEDGE/USD;3140,00000000;3220,50000000;3120,75000000;3121,75000000;-0,58
2020-07-09T00:00:00+00:00;EXCHHEDGE/USD;3077,25000000;3209,25000000;3076,00000000;3140,00000000;2,0
2020-07-08T00:00:00+00:00;EXCHHEDGE/USD;3136,25000000;3173,00000000;3069,75000000;3077,25000000;-1,92
2020-07-07T00:00:00+00:00;EXCHHEDGE/USD;3114,25000000;3197,00000000;3093,75000000;3136,25000000;0,7
2020-07-06T00:00:00+00:00;EXCHHEDGE/USD;3261,50000000;3262,50000000;3112,00000000;3114,25000000;-4,73
2020-07-05T00:00:00+00:00;EXCHHEDGE/USD;3215,00000000;3287,50000000;3211,50000000;3261,50000000;1,43
2020-07-04T00:00:00+00:00;EXCHHEDGE/USD;3225,00000000;3252,00000000;3211,00000000;3215,00000000;-0,31
2020-07-03T00:00:00+00:00;EXCHHEDGE/USD;3241,00000000;3298,00000000;3217,50000000;3225,00000000;-0,5
2020-07-02T00:00:00+00:00;EXCHHEDGE/USD;3194,00000000;3275,50000000;3183,00000000;3241,00000000;1,45
2020-07-01T00:00:00+00:00;EXCHHEDGE/USD;3201,50000000;3250,00000000;3176,00000000;3194,00000000;-0,23
2020-06-30T00:00:00+00:00;EXCHHEDGE/USD;3179,00000000;3279,50000000;3173,00000000;3201,50000000;0,7
2020-06-29T00:00:00+00:00;EXCHHEDGE/USD;3221,00000000;3242,50000000;3166,50000000;3179,00000000;-1,32
2020-06-28T00:00:00+00:00;EXCHHEDGE/USD;3259,00000000;3308,00000000;3209,00000000;3221,00000000;-1,18
2020-06-27T00:00:00+00:00;EXCHHEDGE/USD;3198,50000000;3283,00000000;3186,50000000;3259,00000000;1,86
2020-06-26T00:00:00+00:00;EXCHHEDGE/USD;3199,00000000;3243,00000000;3186,00000000;3198,50000000;-0,02
2020-06-25T00:00:00+00:00;EXCHHEDGE/USD;3216,50000000;3341,50000000;3188,00000000;3199,00000000;-0,55
2020-06-24T00:00:00+00:00;EXCHHEDGE/USD;3222,00000000;3274,00000000;3151,50000000;3216,50000000;-0,17
2020-06-23T00:00:00+00:00;EXCHHEDGE/USD;3205,00000000;3258,50000000;3194,50000000;3222,00000000;0,53
2020-06-22T00:00:00+00:00;EXCHHEDGE/USD;3344,50000000;3610,50000000;3185,50000000;3205,00000000;-4,35
2020-06-21T00:00:00+00:00;EXCHHEDGE/USD;3323,00000000;3352,50000000;3294,00000000;3344,50000000;0,64
2020-06-20T00:00:00+00:00;EXCHHEDGE/USD;3311,50000000;3387,50000000;3301,00000000;3323,00000000;0,35
2020-06-19T00:00:00+00:00;EXCHHEDGE/USD;3299,00000000;3665,00000000;3285,00000000;3311,50000000;0,38
2020-06-18T00:00:00+00:00;EXCHHEDGE/USD;3290,00000000;3330,50000000;3279,50000000;3299,00000000;0,27
2020-06-17T00:00:00+00:00;EXCHHEDGE/USD;3275,50000000;3352,50000000;3262,00000000;3290,00000000;0,44
2020-06-16T00:00:00+00:00;EXCHHEDGE/USD;3280,50000000;3330,50000000;3251,50000000;3275,50000000;-0,15
2020-06-15T00:00:00+00:00;EXCHHEDGE/USD;3232,50000000;3351,50000000;3225,50000000;3280,50000000;1,46
2020-06-14T00:00:00+00:00;EXCHHEDGE/USD;3143,25000000;3254,50000000;3141,50000000;3232,50000000;2,76
2020-06-13T00:00:00+00:00;EXCHHEDGE/USD;3126,50000000;3168,00000000;3123,25000000;3143,25000000;0,53
2020-06-12T00:00:00+00:00;EXCHHEDGE/USD;3164,75000000;3183,25000000;3107,50000000;3126,50000000;-1,22
2020-06-11T00:00:00+00:00;EXCHHEDGE/USD;3045,00000000;3232,50000000;3027,25000000;3164,75000000;3,78
2020-06-10T00:00:00+00:00;EXCHHEDGE/USD;3036,50000000;3131,75000000;3027,25000000;3045,00000000;0,28
2020-06-09T00:00:00+00:00;EXCHHEDGE/USD;3037,25000000;3082,00000000;3023,50000000;3036,50000000;-0,02
2020-06-08T00:00:00+00:00;EXCHHEDGE/USD;3016,75000000;3430,25000000;3010,25000000;3037,25000000;0,67
2020-06-07T00:00:00+00:00;EXCHHEDGE/USD;2999,25000000;3089,00000000;2958,75000000;3016,75000000;0,58
2020-06-06T00:00:00+00:00;EXCHHEDGE/USD;3056,25000000;3077,50000000;2999,25000000;2999,25000000;-1,9
2020-06-05T00:00:00+00:00;EXCHHEDGE/USD;3115,25000000;3118,50000000;3015,25000000;3056,25000000;-1,93
2020-06-04T00:00:00+00:00;EXCHHEDGE/USD;3126,00000000;3206,75000000;3092,00000000;3115,25000000;-0,35
2020-06-03T00:00:00+00:00;EXCHHEDGE/USD;3237,00000000;3261,50000000;3122,50000000;3126,00000000;-3,55
2020-06-02T00:00:00+00:00;EXCHHEDGE/USD;3188,50000000;3322,50000000;3116,00000000;3237,00000000;1,5
2020-06-01T00:00:00+00:00;EXCHHEDGE/USD;3284,50000000;3360,50000000;3160,00000000;3188,50000000;-3,01
2020-05-31T00:00:00+00:00;EXCHHEDGE/USD;3223,50000000;3298,50000000;3212,50000000;3284,50000000;1,86
2020-05-30T00:00:00+00:00;EXCHHEDGE/USD;3302,00000000;3370,00000000;3222,00000000;3223,50000000;-2,44
2020-05-29T00:00:00+00:00;EXCHHEDGE/USD;3304,00000000;3372,00000000;3291,00000000;3302,00000000;-0,06
2020-05-28T00:00:00+00:00;EXCHHEDGE/USD;3392,00000000;3439,00000000;3300,00000000;3304,00000000;-2,66
2020-05-27T00:00:00+00:00;EXCHHEDGE/USD;3441,50000000;3486,50000000;3384,50000000;3392,00000000;-1,46
2020-05-26T00:00:00+00:00;EXCHHEDGE/USD;3434,50000000;3947,50000000;3418,00000000;3441,50000000;0,2
2020-05-25T00:00:00+00:00;EXCHHEDGE/USD;3509,50000000;3529,50000000;3425,00000000;3434,50000000;-2,18
2020-05-24T00:00:00+00:00;EXCHHEDGE/USD;3411,50000000;3517,50000000;3374,50000000;3509,50000000;2,79
2020-05-23T00:00:00+00:00;EXCHHEDGE/USD;3407,00000000;3482,00000000;3365,00000000;3411,50000000;0,13
2020-05-22T00:00:00+00:00;EXCHHEDGE/USD;3481,50000000;3519,50000000;3390,00000000;3407,00000000;-2,19
2020-05-21T00:00:00+00:00;EXCHHEDGE/USD;3383,50000000;3549,50000000;3370,00000000;3481,50000000;2,81
2020-05-20T00:00:00+00:00;EXCHHEDGE/USD;3371,50000000;3445,00000000;3357,00000000;3383,50000000;0,35
2020-05-19T00:00:00+00:00;EXCHHEDGE/USD;3393,50000000;3452,50000000;3370,00000000;3371,50000000;-0,65
2020-05-18T00:00:00+00:00;EXCHHEDGE/USD;3420,50000000;3476,00000000;3357,50000000;3393,50000000;-0,8
2020-05-17T00:00:00+00:00;EXCHHEDGE/USD;3473,50000000;3485,00000000;3394,00000000;3420,50000000;-1,55
2020-05-16T00:00:00+00:00;EXCHHEDGE/USD;3504,50000000;3581,50000000;3440,00000000;3473,50000000;-0,89
2020-05-15T00:00:00+00:00;EXCHHEDGE/USD;3438,00000000;3538,00000000;3428,50000000;3504,50000000;1,9
2020-05-14T00:00:00+00:00;EXCHHEDGE/USD;3527,00000000;3626,50000000;3437,00000000;3438,00000000;-2,59
2020-05-13T00:00:00+00:00;EXCHHEDGE/USD;3587,00000000;3596,50000000;3507,00000000;3527,00000000;-1,7
2020-05-12T00:00:00+00:00;EXCHHEDGE/USD;3693,00000000;4247,50000000;3571,00000000;3587,00000000;-2,96
2020-05-11T00:00:00+00:00;EXCHHEDGE/USD;3700,50000000;3819,00000000;3623,00000000;3693,00000000;-0,2
2020-05-10T00:00:00+00:00;EXCHHEDGE/USD;3538,50000000;3865,50000000;3535,00000000;3700,50000000;4,38
2020-05-09T00:00:00+00:00;EXCHHEDGE/USD;3496,50000000;3600,00000000;3472,00000000;3538,50000000;1,19
2020-05-08T00:00:00+00:00;EXCHHEDGE/USD;3504,50000000;3549,00000000;3468,50000000;3496,50000000;-0,23
2020-05-07T00:00:00+00:00;EXCHHEDGE/USD;3634,00000000;3753,00000000;3495,50000000;3504,50000000;-3,7
2020-05-06T00:00:00+00:00;EXCHHEDGE/USD;3593,00000000;3647,00000000;3529,00000000;3634,00000000;1,13
2020-05-05T00:00:00+00:00;EXCHHEDGE/USD;3592,00000000;3727,00000000;3534,00000000;3593,00000000;0,03
2020-05-04T00:00:00+00:00;EXCHHEDGE/USD;3583,50000000;3786,50000000;3566,50000000;3592,00000000;0,24
2020-05-03T00:00:00+00:00;EXCHHEDGE/USD;3516,00000000;3626,00000000;3477,50000000;3583,50000000;1,88
2020-05-02T00:00:00+00:00;EXCHHEDGE/USD;3571,50000000;3980,00000000;3515,00000000;3516,00000000;-1,58
2020-05-01T00:00:00+00:00;EXCHHEDGE/USD;3626,50000000;3688,00000000;3511,50000000;3571,50000000;-1,54
2020-04-30T00:00:00+00:00;EXCHHEDGE/USD;3579,00000000;3684,50000000;3439,00000000;3626,50000000;1,31
2020-04-29T00:00:00+00:00;EXCHHEDGE/USD;3762,00000000;3776,00000000;3579,00000000;3579,00000000;-5,11
2020-04-28T00:00:00+00:00;EXCHHEDGE/USD;3745,50000000;4144,50000000;3745,50000000;3762,00000000;0,44
2020-04-27T00:00:00+00:00;EXCHHEDGE/USD;3761,00000000;3798,00000000;3730,50000000;3745,50000000;-0,41
2020-04-26T00:00:00+00:00;EXCHHEDGE/USD;3782,50000000;3821,00000000;3738,00000000;3761,00000000;-0,57
2020-04-25T00:00:00+00:00;EXCHHEDGE/USD;3799,00000000;3943,00000000;3738,50000000;3782,50000000;-0,44
2020-04-24T00:00:00+00:00;EXCHHEDGE/USD;3813,00000000;4196,00000000;3764,00000000;3799,00000000;-0,37
2020-04-23T00:00:00+00:00;EXCHHEDGE/USD;3891,00000000;3956,00000000;3748,00000000;3813,00000000;-2,05
2020-04-22T00:00:00+00:00;EXCHHEDGE/USD;4025,00000000;4048,50000000;3856,00000000;3891,00000000;-3,44
2020-04-21T00:00:00+00:00;EXCHHEDGE/USD;4036,50000000;4107,00000000;3987,50000000;4025,00000000;-0,29
2020-04-20T00:00:00+00:00;EXCHHEDGE/USD;3880,00000000;4061,00000000;3834,50000000;4036,50000000;3,88
2020-04-19T00:00:00+00:00;EXCHHEDGE/USD;3813,00000000;4247,50000000;3806,00000000;3880,00000000;1,73
2020-04-18T00:00:00+00:00;EXCHHEDGE/USD;3921,50000000;3924,50000000;3787,50000000;3813,00000000;-2,85
2020-04-17T00:00:00+00:00;EXCHHEDGE/USD;3883,50000000;4068,00000000;3873,00000000;3921,50000000;0,97
2020-04-16T00:00:00+00:00;EXCHHEDGE/USD;4101,50000000;4166,50000000;3862,50000000;3883,50000000;-5,61
2020-04-15T00:00:00+00:00;EXCHHEDGE/USD;3998,00000000;4103,00000000;3952,00000000;4101,50000000;2,52
2020-04-14T00:00:00+00:00;EXCHHEDGE/USD;4048,00000000;4088,50000000;3950,50000000;3998,00000000;-1,25
2020-04-13T00:00:00+00:00;EXCHHEDGE/USD;4081,50000000;4247,50000000;4039,50000000;4048,00000000;-0,83
2020-04-12T00:00:00+00:00;EXCHHEDGE/USD;4123,50000000;4181,50000000;3961,50000000;4081,50000000;-1,03
2020-04-11T00:00:00+00:00;EXCHHEDGE/USD;4136,50000000;4186,00000000;4060,50000000;4123,50000000;-0,32
2020-04-10T00:00:00+00:00;EXCHHEDGE/USD;3920,00000000;4218,00000000;3911,00000000;4136,50000000;5,23
2020-04-09T00:00:00+00:00;EXCHHEDGE/USD;3901,50000000;3960,50000000;3883,50000000;3919,00000000;0,45
2020-04-08T00:00:00+00:00;EXCHHEDGE/USD;3963,00000000;3979,00000000;3862,00000000;3901,50000000;-1,58
2020-04-07T00:00:00+00:00;EXCHHEDGE/USD;3926,00000000;4026,00000000;3846,00000000;3963,00000000;0,93
2020-04-06T00:00:00+00:00;EXCHHEDGE/USD;4128,00000000;4131,50000000;3922,50000000;3926,00000000;-5,15
2020-04-05T00:00:00+00:00;EXCHHEDGE/USD;4113,50000000;4193,50000000;4071,00000000;4128,00000000;0,35
2020-04-04T00:00:00+00:00;EXCHHEDGE/USD;4217,50000000;4247,50000000;4072,00000000;4113,50000000;-2,53
2020-04-03T00:00:00+00:00;EXCHHEDGE/USD;4266,00000000;4297,00000000;4184,00000000;4217,50000000;-1,15
2020-04-02T00:00:00+00:00;EXCHHEDGE/USD;4330,50000000;4359,00000000;4140,50000000;4266,00000000;-1,51
2020-04-01T00:00:00+00:00;EXCHHEDGE/USD;4408,50000000;4732,00000000;4323,00000000;4330,50000000;-1,8
2020-03-31T00:00:00+00:00;EXCHHEDGE/USD;4478,50000000;4732,00000000;4353,50000000;4408,50000000;-1,59
2020-03-30T00:00:00+00:00;EXCHHEDGE/USD;4726,00000000;4732,00000000;4381,50000000;4478,50000000;-5,53
2020-03-29T00:00:00+00:00;EXCHHEDGE/USD;4570,50000000;4732,00000000;4558,50000000;4726,00000000;3,29
2020-03-28T00:00:00+00:00;EXCHHEDGE/USD;4581,50000000;4732,00000000;4537,00000000;4570,50000000;-0,24
2020-03-27T00:00:00+00:00;EXCHHEDGE/USD;4433,00000000;4732,00000000;4398,00000000;4581,50000000;3,24
2020-03-26T00:00:00+00:00;EXCHHEDGE/USD;4511,50000000;4732,00000000;4424,00000000;4433,00000000;-1,77
2020-03-25T00:00:00+00:00;EXCHHEDGE/USD;4476,00000000;4597,50000000;4406,00000000;4511,50000000;0,79
2020-03-24T00:00:00+00:00;EXCHHEDGE/USD;4538,00000000;4583,50000000;4404,00000000;4476,00000000;-1,39
2020-03-23T00:00:00+00:00;EXCHHEDGE/USD;4788,50000000;4847,50000000;4460,00000000;4538,00000000;-5,52
2020-03-22T00:00:00+00:00;EXCHHEDGE/USD;4544,00000000;4823,00000000;4465,00000000;4788,50000000;5,11
2020-03-21T00:00:00+00:00;EXCHHEDGE/USD;4581,00000000;4770,00000000;4474,00000000;4544,00000000;-0,81
2020-03-20T00:00:00+00:00;EXCHHEDGE/USD;4657,50000000;4890,00000000;3998,00000000;4581,00000000;-1,67
2020-03-19T00:00:00+00:00;EXCHHEDGE/USD;5291,50000000;5353,50000000;4462,00000000;4657,50000000;-13,61
2020-03-18T00:00:00+00:00;EXCHHEDGE/USD;5419,50000000;5636,00000000;4610,50000000;5291,50000000;-2,42
2020-03-17T00:00:00+00:00;EXCHHEDGE/USD;5665,50000000;5720,50000000;5265,50000000;5419,50000000;-4,54
2020-03-16T00:00:00+00:00;EXCHHEDGE/USD;5288,00000000;6080,50000000;5285,50000000;5665,50000000;6,66
2020-03-15T00:00:00+00:00;EXCHHEDGE/USD;5832,50000000;5869,00000000;5060,50000000;5288,00000000;-10,3
2020-03-14T00:00:00+00:00;EXCHHEDGE/USD;5675,50000000;5886,50000000;5512,50000000;5832,50000000;2,69
2020-03-13T00:00:00+00:00;EXCHHEDGE/USD;6607,00000000;7871,00000000;5540,50000000;5674,00000000;-16,44
2020-03-12T00:00:00+00:00;EXCHHEDGE/USD;4946,50000000;6700,50000000;4935,00000000;6604,50000000;25,1
2020-03-11T00:00:00+00:00;EXCHHEDGE/USD;4906,00000000;5144,50000000;4849,50000000;4945,50000000;0,8
2020-03-10T00:00:00+00:00;EXCHHEDGE/USD;4887,50000000;5011,00000000;4781,00000000;4906,00000000;0,38
2020-03-09T00:00:00+00:00;EXCHHEDGE/USD;4769,00000000;5107,50000000;4694,50000000;4886,50000000;2,4
2020-03-08T00:00:00+00:00;EXCHHEDGE/USD;4344,50000000;4787,50000000;4344,50000000;4769,00000000;8,9
2020-03-07T00:00:00+00:00;EXCHHEDGE/USD;4222,50000000;4365,50000000;4203,00000000;4344,50000000;2,81
2020-03-06T00:00:00+00:00;EXCHHEDGE/USD;4270,50000000;4310,00000000;4190,00000000;4221,50000000;-1,16
2020-03-05T00:00:00+00:00;EXCHHEDGE/USD;4342,50000000;4349,00000000;4166,00000000;4270,50000000;-1,69
2020-03-04T00:00:00+00:00;EXCHHEDGE/USD;4336,00000000;4388,00000000;4295,00000000;4342,50000000;0,15
2020-03-03T00:00:00+00:00;EXCHHEDGE/USD;4183,50000000;4380,50000000;4182,50000000;4336,00000000;3,52
2020-03-02T00:00:00+00:00;EXCHHEDGE/USD;4377,00000000;4407,50000000;4165,00000000;4183,50000000;-4,63
2020-03-01T00:00:00+00:00;EXCHHEDGE/USD;4215,50000000;4429,50000000;4125,00000000;4377,00000000;3,69
2020-02-29T00:00:00+00:00;EXCHHEDGE/USD;4286,50000000;4287,50000000;3867,00000000;4214,50000000;-1,71
2020-02-28T00:00:00+00:00;EXCHHEDGE/USD;4420,50000000;4583,00000000;4198,50000000;4286,50000000;-3,13
2020-02-27T00:00:00+00:00;EXCHHEDGE/USD;4436,00000000;4650,50000000;4335,50000000;4420,50000000;-0,35
2020-02-26T00:00:00+00:00;EXCHHEDGE/USD;4364,00000000;4744,00000000;4338,50000000;4436,00000000;1,62
2020-02-25T00:00:00+00:00;EXCHHEDGE/USD;4043,50000000;4389,00000000;4042,00000000;4364,00000000;7,34
2020-02-24T00:00:00+00:00;EXCHHEDGE/USD;3883,50000000;4141,00000000;3864,50000000;4044,50000000;3,98
2020-02-23T00:00:00+00:00;EXCHHEDGE/USD;4216,00000000;4217,50000000;3873,50000000;3882,50000000;-8,59
2020-02-22T00:00:00+00:00;EXCHHEDGE/USD;3925,00000000;4253,00000000;3908,50000000;4216,00000000;6,9
2020-02-21T00:00:00+00:00;EXCHHEDGE/USD;3935,50000000;3963,50000000;3832,00000000;3926,00000000;-0,24
2020-02-20T00:00:00+00:00;EXCHHEDGE/USD;3889,50000000;4038,50000000;3820,00000000;3934,00000000;1,13
2020-02-19T00:00:00+00:00;EXCHHEDGE/USD;3793,50000000;3955,00000000;3597,50000000;3889,50000000;2,47
2020-02-18T00:00:00+00:00;EXCHHEDGE/USD;3874,50000000;3995,50000000;3768,50000000;3793,50000000;-2,14
2020-02-17T00:00:00+00:00;EXCHHEDGE/USD;3820,50000000;4121,50000000;3801,00000000;3874,50000000;1,39
2020-02-16T00:00:00+00:00;EXCHHEDGE/USD;3804,00000000;4039,50000000;3528,00000000;3820,00000000;0,42
2020-02-15T00:00:00+00:00;EXCHHEDGE/USD;3763,50000000;3938,00000000;3569,00000000;3802,00000000;1,01
2020-02-14T00:00:00+00:00;EXCHHEDGE/USD;3979,00000000;4000,50000000;3760,00000000;3769,00000000;-5,57
2020-02-13T00:00:00+00:00;EXCHHEDGE/USD;3905,00000000;4108,50000000;3783,00000000;3979,00000000;1,86
2020-02-12T00:00:00+00:00;EXCHHEDGE/USD;4039,50000000;4118,50000000;3856,00000000;3905,00000000;-3,44
2020-02-11T00:00:00+00:00;EXCHHEDGE/USD;4099,00000000;4244,00000000;3978,50000000;4039,50000000;-1,47
2020-02-10T00:00:00+00:00;EXCHHEDGE/USD;4957,00000000;5061,50000000;4030,50000000;4099,00000000;-20,93
2020-02-09T00:00:00+00:00;EXCHHEDGE/USD;5230,50000000;5245,00000000;4955,50000000;4957,00000000;-5,52
2020-02-08T00:00:00+00:00;EXCHHEDGE/USD;5179,50000000;5383,00000000;5153,00000000;5230,50000000;0,98
2020-02-07T00:00:00+00:00;EXCHHEDGE/USD;5374,00000000;5396,50000000;5120,50000000;5179,50000000;-3,76
2020-02-06T00:00:00+00:00;EXCHHEDGE/USD;5663,00000000;5709,50000000;5320,50000000;5374,00000000;-5,38
2020-02-05T00:00:00+00:00;EXCHHEDGE/USD;5965,00000000;5972,50000000;5606,00000000;5663,00000000;-5,33
2020-02-04T00:00:00+00:00;EXCHHEDGE/USD;5939,00000000;6065,50000000;5898,50000000;5965,00000000;0,44
2020-02-03T00:00:00+00:00;EXCHHEDGE/USD;5957,00000000;5979,50000000;5835,00000000;5939,00000000;-0,3
2020-02-02T00:00:00+00:00;EXCHHEDGE/USD;5997,50000000;6115,50000000;5878,50000000;5957,00000000;-0,68
2020-02-01T00:00:00+00:00;EXCHHEDGE/USD;6071,00000000;6081,00000000;5952,00000000;5999,00000000;-1,2
2020-01-31T00:00:00+00:00;EXCHHEDGE/USD;5986,50000000;6186,50000000;5915,50000000;6071,00000000;1,39
2020-01-30T00:00:00+00:00;EXCHHEDGE/USD;6120,50000000;6191,50000000;5963,50000000;5986,50000000;-2,24
2020-01-29T00:00:00+00:00;EXCHHEDGE/USD;6203,00000000;6214,50000000;6024,50000000;6120,50000000;-1,35
2020-01-28T00:00:00+00:00;EXCHHEDGE/USD;6360,00000000;6363,50000000;6185,50000000;6203,00000000;-2,53
2020-01-27T00:00:00+00:00;EXCHHEDGE/USD;6453,00000000;6463,50000000;6287,50000000;6345,00000000;-1,7
2020-01-26T00:00:00+00:00;EXCHHEDGE/USD;6577,00000000;6594,00000000;6444,00000000;6453,00000000;-1,92
2020-01-25T00:00:00+00:00;EXCHHEDGE/USD;6475,00000000;6603,00000000;6468,00000000;6574,50000000;1,51
2020-01-24T00:00:00+00:00;EXCHHEDGE/USD;6547,50000000;6624,50000000;6421,50000000;6472,00000000;-1,17
2020-01-23T00:00:00+00:00;EXCHHEDGE/USD;6349,50000000;6684,50000000;6348,50000000;6547,50000000;3,02
2020-01-22T00:00:00+00:00;EXCHHEDGE/USD;6283,00000000;6399,50000000;6218,00000000;6349,50000000;1,05
2020-01-21T00:00:00+00:00;EXCHHEDGE/USD;6439,50000000;6461,00000000;6238,00000000;6283,00000000;-2,49
2020-01-20T00:00:00+00:00;EXCHHEDGE/USD;6424,00000000;6519,00000000;6376,50000000;6439,50000000;0,24
2020-01-19T00:00:00+00:00;EXCHHEDGE/USD;6336,50000000;6547,00000000;6078,00000000;6424,00000000;1,36
2020-01-18T00:00:00+00:00;EXCHHEDGE/USD;6197,50000000;6348,50000000;6143,50000000;6335,50000000;2,18
2020-01-17T00:00:00+00:00;EXCHHEDGE/USD;6313,00000000;6313,00000000;6097,00000000;6196,00000000;-1,89
2020-01-16T00:00:00+00:00;EXCHHEDGE/USD;6134,50000000;6431,00000000;6115,50000000;6313,00000000;2,83
2020-01-15T00:00:00+00:00;EXCHHEDGE/USD;6323,00000000;6425,50000000;5935,00000000;6134,50000000;-3,07
2020-01-14T00:00:00+00:00;EXCHHEDGE/USD;6785,50000000;6799,00000000;6267,00000000;6323,00000000;-7,31
2020-01-13T00:00:00+00:00;EXCHHEDGE/USD;6695,50000000;6842,50000000;6691,00000000;6785,50000000;1,33
2020-01-12T00:00:00+00:00;EXCHHEDGE/USD;6705,00000000;6768,00000000;6630,50000000;6698,50000000;-0,1
2020-01-11T00:00:00+00:00;EXCHHEDGE/USD;6680,00000000;6772,00000000;6575,50000000;6702,50000000;0,34
2020-01-10T00:00:00+00:00;EXCHHEDGE/USD;6868,50000000;6977,50000000;6681,50000000;6682,50000000;-2,78
2020-01-09T00:00:00+00:00;EXCHHEDGE/USD;6815,00000000;6932,50000000;6795,00000000;6868,50000000;0,78
2020-01-08T00:00:00+00:00;EXCHHEDGE/USD;6695,00000000;6867,00000000;6574,00000000;6815,00000000;1,76
2020-01-07T00:00:00+00:00;EXCHHEDGE/USD;6842,50000000;6877,00000000;6674,00000000;6695,00000000;-2,2

