DATE/TIME;SYMBOL;OPEN;HIGH;LOW;CLOSE;EVOL % CLOSE/HIGH
2022-01-05T00:00:00+00:00;ASDBEAR/USD;0,00000081;0,00000082;0,00000081;0,00000081;0,0
2022-01-04T00:00:00+00:00;ASDBEAR/USD;0,00000082;0,00000083;0,00000081;0,00000081;-1,23
2022-01-03T00:00:00+00:00;ASDBEAR/USD;0,00000079;0,00000083;0,00000079;0,00000082;3,66
2022-01-02T00:00:00+00:00;ASDBEAR/USD;0,00000081;0,00000082;0,00000079;0,00000079;-2,53
2022-01-01T00:00:00+00:00;ASDBEAR/USD;0,00000084;0,00000084;0,00000081;0,00000081;-3,7
2021-12-31T00:00:00+00:00;ASDBEAR/USD;0,00000080;0,00000081;0,00000080;0,00000081;1,23
2021-12-30T00:00:00+00:00;ASDBEAR/USD;0,00000102;0,00000104;0,00000079;0,00000080;-27,5
2021-12-29T00:00:00+00:00;ASDBEAR/USD;0,00000098;0,00000102;0,00000097;0,00000102;3,92
2021-12-28T00:00:00+00:00;ASDBEAR/USD;0,00000095;0,00000098;0,00000095;0,00000098;3,06
2021-12-27T00:00:00+00:00;ASDBEAR/USD;0,00000092;0,00000095;0,00000092;0,00000095;3,16
2021-12-26T00:00:00+00:00;ASDBEAR/USD;0,00000094;0,00000095;0,00000092;0,00000092;-2,17
2021-12-25T00:00:00+00:00;ASDBEAR/USD;0,00000092;0,00000094;0,00000090;0,00000094;2,13
2021-12-24T00:00:00+00:00;ASDBEAR/USD;0,00000091;0,00000092;0,00000089;0,00000092;1,09
2021-12-23T00:00:00+00:00;ASDBEAR/USD;0,00000096;0,00000096;0,00000091;0,00000091;-5,49
2021-12-22T00:00:00+00:00;ASDBEAR/USD;0,00000098;0,00000099;0,00000095;0,00000096;-2,08
2021-12-21T00:00:00+00:00;ASDBEAR/USD;0,00000108;0,00000108;0,00000098;0,00000098;-10,2
2021-12-20T00:00:00+00:00;ASDBEAR/USD;0,00000107;0,00000110;0,00000106;0,00000108;0,93
2021-12-19T00:00:00+00:00;ASDBEAR/USD;0,00000110;0,00000110;0,00000107;0,00000107;-2,8
2021-12-18T00:00:00+00:00;ASDBEAR/USD;0,00000110;0,00000110;0,00000108;0,00000110;0,0
2021-12-17T00:00:00+00:00;ASDBEAR/USD;0,00000108;0,00000112;0,00000107;0,00000110;1,82
2021-12-16T00:00:00+00:00;ASDBEAR/USD;0,00000112;0,00000112;0,00000107;0,00000108;-3,7
2021-12-15T00:00:00+00:00;ASDBEAR/USD;0,00000108;0,00000114;0,00000108;0,00000112;3,57
2021-12-14T00:00:00+00:00;ASDBEAR/USD;0,00000107;0,00000112;0,00000106;0,00000108;0,93
2021-12-13T00:00:00+00:00;ASDBEAR/USD;0,00000101;0,00000110;0,00000101;0,00000107;5,61
2021-12-12T00:00:00+00:00;ASDBEAR/USD;0,00000085;0,00000106;0,00000085;0,00000101;15,84
2021-12-11T00:00:00+00:00;ASDBEAR/USD;0,00000086;0,00000086;0,00000083;0,00000085;-1,18
2021-12-10T00:00:00+00:00;ASDBEAR/USD;0,00000086;0,00000086;0,00000085;0,00000086;0,0
2021-12-09T00:00:00+00:00;ASDBEAR/USD;0,00000083;0,00000086;0,00000081;0,00000086;3,49
2021-12-08T00:00:00+00:00;ASDBEAR/USD;0,00000085;0,00000085;0,00000083;0,00000083;-2,41
2021-12-07T00:00:00+00:00;ASDBEAR/USD;0,00000095;0,00000095;0,00000082;0,00000085;-11,76
2021-12-06T00:00:00+00:00;ASDBEAR/USD;0,00000090;0,00000095;0,00000083;0,00000095;5,26
2021-12-05T00:00:00+00:00;ASDBEAR/USD;0,00000089;0,00000096;0,00000089;0,00000090;1,11
2021-12-04T00:00:00+00:00;ASDBEAR/USD;0,00000058;0,00000095;0,00000058;0,00000089;34,83
2021-12-03T00:00:00+00:00;ASDBEAR/USD;0,00000061;0,00000072;0,00000058;0,00000058;-5,17
2021-12-02T00:00:00+00:00;ASDBEAR/USD;0,00000054;0,00000062;0,00000054;0,00000061;11,48
2021-12-01T00:00:00+00:00;ASDBEAR/USD;0,00000054;0,00000055;0,00000054;0,00000054;0,0
2021-11-30T00:00:00+00:00;ASDBEAR/USD;0,00000061;0,00000061;0,00000054;0,00000054;-12,96
2021-11-29T00:00:00+00:00;ASDBEAR/USD;0,00000062;0,00000069;0,00000061;0,00000061;-1,64
2021-11-28T00:00:00+00:00;ASDBEAR/USD;0,00000059;0,00000075;0,00000051;0,00000062;4,84
2021-11-27T00:00:00+00:00;ASDBEAR/USD;0,00000054;0,00000061;0,00000054;0,00000059;8,47
2021-11-26T00:00:00+00:00;ASDBEAR/USD;0,00000042;0,00000054;0,00000042;0,00000054;22,22
2021-11-25T00:00:00+00:00;ASDBEAR/USD;0,00000046;0,00000046;0,00000042;0,00000042;-9,52
2021-11-24T00:00:00+00:00;ASDBEAR/USD;0,00000046;0,00000046;0,00000046;0,00000046;0,0
2021-11-23T00:00:00+00:00;ASDBEAR/USD;0,00000048;0,00000049;0,00000046;0,00000046;-4,35
2021-11-22T00:00:00+00:00;ASDBEAR/USD;0,00000044;0,00000048;0,00000044;0,00000048;8,33
2021-11-21T00:00:00+00:00;ASDBEAR/USD;0,00000048;0,00000048;0,00000044;0,00000044;-9,09
2021-11-20T00:00:00+00:00;ASDBEAR/USD;0,00000048;0,00000048;0,00000048;0,00000048;0,0
2021-11-19T00:00:00+00:00;ASDBEAR/USD;0,00000046;0,00000052;0,00000042;0,00000048;4,17
2021-11-18T00:00:00+00:00;ASDBEAR/USD;0,00000045;0,00000046;0,00000044;0,00000046;2,17
2021-11-17T00:00:00+00:00;ASDBEAR/USD;0,00000047;0,00000048;0,00000045;0,00000045;-4,44
2021-11-16T00:00:00+00:00;ASDBEAR/USD;0,00000036;0,00000049;0,00000036;0,00000047;23,4
2021-11-15T00:00:00+00:00;ASDBEAR/USD;0,00000036;0,00000037;0,00000031;0,00000036;0,0
2021-11-14T00:00:00+00:00;ASDBEAR/USD;0,00000033;0,00000038;0,00000033;0,00000036;8,33
2021-11-13T00:00:00+00:00;ASDBEAR/USD;0,00000033;0,00000033;0,00000032;0,00000033;0,0
2021-11-12T00:00:00+00:00;ASDBEAR/USD;0,00000026;0,00000036;0,00000026;0,00000033;21,21
2021-11-11T00:00:00+00:00;ASDBEAR/USD;0,00000029;0,00000031;0,00000026;0,00000026;-11,54
2021-11-10T00:00:00+00:00;ASDBEAR/USD;0,00000024;0,00000032;0,00000024;0,00000029;17,24
2021-11-09T00:00:00+00:00;ASDBEAR/USD;0,00000023;0,00000024;0,00000021;0,00000024;4,17
2021-11-08T00:00:00+00:00;ASDBEAR/USD;0,00000022;0,00000025;0,00000021;0,00000023;4,35
2021-11-07T00:00:00+00:00;ASDBEAR/USD;0,00000035;0,00000035;0,00000020;0,00000022;-59,09
2021-11-06T00:00:00+00:00;ASDBEAR/USD;0,00000036;0,00000037;0,00000034;0,00000035;-2,86
2021-11-05T00:00:00+00:00;ASDBEAR/USD;0,00000031;0,00000036;0,00000031;0,00000036;13,89
2021-11-04T00:00:00+00:00;ASDBEAR/USD;0,00000020;0,00000033;0,00000019;0,00000031;35,48
2021-11-03T00:00:00+00:00;ASDBEAR/USD;0,00000061;0,00000061;0,00000016;0,00000020;-205,0
2021-11-02T00:00:00+00:00;ASDBEAR/USD;0,00000064;0,00000064;0,00000058;0,00000061;-4,92
2021-11-01T00:00:00+00:00;ASDBEAR/USD;0,00000061;0,00000064;0,00000060;0,00000064;4,69
2021-10-31T00:00:00+00:00;ASDBEAR/USD;0,00000061;0,00000063;0,00000061;0,00000061;0,0
2021-10-30T00:00:00+00:00;ASDBEAR/USD;0,00000058;0,00000061;0,00000056;0,00000061;4,92
2021-10-29T00:00:00+00:00;ASDBEAR/USD;0,00000059;0,00000059;0,00000056;0,00000058;-1,72
2021-10-28T00:00:00+00:00;ASDBEAR/USD;0,00000063;0,00000063;0,00000059;0,00000059;-6,78
2021-10-27T00:00:00+00:00;ASDBEAR/USD;0,00000055;0,00000063;0,00000054;0,00000063;12,7
2021-10-26T00:00:00+00:00;ASDBEAR/USD;0,00000055;0,00000055;0,00000054;0,00000055;0,0
2021-10-25T00:00:00+00:00;ASDBEAR/USD;0,00000055;0,00000057;0,00000052;0,00000055;0,0
2021-10-24T00:00:00+00:00;ASDBEAR/USD;0,00000052;0,00000057;0,00000048;0,00000055;5,45
2021-10-23T00:00:00+00:00;ASDBEAR/USD;0,00000053;0,00000054;0,00000052;0,00000052;-1,92
2021-10-22T00:00:00+00:00;ASDBEAR/USD;0,00000053;0,00000054;0,00000052;0,00000053;0,0
2021-10-21T00:00:00+00:00;ASDBEAR/USD;0,00000045;0,00000056;0,00000038;0,00000053;15,09
2021-10-20T00:00:00+00:00;ASDBEAR/USD;0,00000084;0,00000084;0,00000045;0,00000045;-86,67
2021-10-19T00:00:00+00:00;ASDBEAR/USD;0,00000092;0,00000092;0,00000084;0,00000084;-9,52
2021-10-18T00:00:00+00:00;ASDBEAR/USD;0,00000090;0,00000092;0,00000089;0,00000092;2,17
2021-10-17T00:00:00+00:00;ASDBEAR/USD;0,00000103;0,00000103;0,00000089;0,00000090;-14,44
2021-10-16T00:00:00+00:00;ASDBEAR/USD;0,00000106;0,00000106;0,00000093;0,00000103;-2,91
2021-10-15T00:00:00+00:00;ASDBEAR/USD;0,00000126;0,00000129;0,00000097;0,00000106;-18,87
2021-10-14T00:00:00+00:00;ASDBEAR/USD;0,00000124;0,00000126;0,00000121;0,00000126;1,59
2021-10-13T00:00:00+00:00;ASDBEAR/USD;0,00000111;0,00000138;0,00000111;0,00000124;10,48
2021-10-12T00:00:00+00:00;ASDBEAR/USD;0,00000099;0,00000112;0,00000097;0,00000111;10,81
2021-10-11T00:00:00+00:00;ASDBEAR/USD;0,00000086;0,00000101;0,00000086;0,00000099;13,13
2021-10-10T00:00:00+00:00;ASDBEAR/USD;0,00000086;0,00000094;0,00000079;0,00000086;0,0
2021-10-09T00:00:00+00:00;ASDBEAR/USD;0,00000139;0,00000154;0,00000086;0,00000086;-61,63
2021-10-08T00:00:00+00:00;ASDBEAR/USD;0,00000223;0,00000223;0,00000138;0,00000139;-60,43
2021-10-07T00:00:00+00:00;ASDBEAR/USD;0,00000218;0,00000227;0,00000215;0,00000223;2,24
2021-10-06T00:00:00+00:00;ASDBEAR/USD;0,00000197;0,00000241;0,00000192;0,00000218;9,63
2021-10-05T00:00:00+00:00;ASDBEAR/USD;0,00000189;0,00000200;0,00000187;0,00000197;4,06
2021-10-04T00:00:00+00:00;ASDBEAR/USD;0,00000180;0,00000190;0,00000177;0,00000189;4,76
2021-10-03T00:00:00+00:00;ASDBEAR/USD;0,00000171;0,00000180;0,00000171;0,00000180;5,0
2021-10-02T00:00:00+00:00;ASDBEAR/USD;0,00000177;0,00000177;0,00000167;0,00000171;-3,51
2021-10-01T00:00:00+00:00;ASDBEAR/USD;0,00000182;0,00000182;0,00000177;0,00000177;-2,82
2021-09-30T00:00:00+00:00;ASDBEAR/USD;0,00000189;0,00000190;0,00000176;0,00000182;-3,85
2021-09-29T00:00:00+00:00;ASDBEAR/USD;0,00000189;0,00000190;0,00000183;0,00000189;0,0
2021-09-28T00:00:00+00:00;ASDBEAR/USD;0,00000167;0,00000193;0,00000165;0,00000189;11,64
2021-09-27T00:00:00+00:00;ASDBEAR/USD;0,00000168;0,00000171;0,00000160;0,00000167;-0,6
2021-09-26T00:00:00+00:00;ASDBEAR/USD;0,00000148;0,00000171;0,00000148;0,00000168;11,9
2021-09-25T00:00:00+00:00;ASDBEAR/USD;0,00000146;0,00000149;0,00000146;0,00000148;1,35
2021-09-24T00:00:00+00:00;ASDBEAR/USD;0,00000126;0,00000149;0,00000126;0,00000146;13,7
2021-09-23T00:00:00+00:00;ASDBEAR/USD;0,00000135;0,00000140;0,00000126;0,00000126;-7,14
2021-09-22T00:00:00+00:00;ASDBEAR/USD;0,00000141;0,00000147;0,00000135;0,00000135;-4,44
2021-09-21T00:00:00+00:00;ASDBEAR/USD;0,00000128;0,00000142;0,00000123;0,00000141;9,22
2021-09-20T00:00:00+00:00;ASDBEAR/USD;0,00000090;0,00000132;0,00000089;0,00000128;29,69
2021-09-19T00:00:00+00:00;ASDBEAR/USD;0,00000088;0,00000090;0,00000087;0,00000090;2,22
2021-09-18T00:00:00+00:00;ASDBEAR/USD;0,00000088;0,00000090;0,00000086;0,00000088;0,0
2021-09-17T00:00:00+00:00;ASDBEAR/USD;0,00000085;0,00000088;0,00000082;0,00000088;3,41
2021-09-16T00:00:00+00:00;ASDBEAR/USD;0,00000088;0,00000088;0,00000085;0,00000085;-3,53
2021-09-15T00:00:00+00:00;ASDBEAR/USD;0,00000095;0,00000096;0,00000086;0,00000088;-7,95
2021-09-14T00:00:00+00:00;ASDBEAR/USD;0,00000098;0,00000098;0,00000094;0,00000095;-3,16
2021-09-13T00:00:00+00:00;ASDBEAR/USD;0,00000080;0,00000100;0,00000075;0,00000098;18,37
2021-09-12T00:00:00+00:00;ASDBEAR/USD;0,00000090;0,00000090;0,00000071;0,00000080;-12,5
2021-09-11T00:00:00+00:00;ASDBEAR/USD;0,00000077;0,00000090;0,00000074;0,00000090;14,44
2021-09-10T00:00:00+00:00;ASDBEAR/USD;0,00000153;0,00000153;0,00000072;0,00000077;-98,7
2021-09-09T00:00:00+00:00;ASDBEAR/USD;0,00000198;0,00000199;0,00000142;0,00000153;-29,41
2021-09-08T00:00:00+00:00;ASDBEAR/USD;0,00000191;0,00000199;0,00000188;0,00000198;3,54
2021-09-07T00:00:00+00:00;ASDBEAR/USD;0,00000164;0,00000191;0,00000160;0,00000191;14,14
2021-09-06T00:00:00+00:00;ASDBEAR/USD;0,00000184;0,00000184;0,00000164;0,00000164;-12,2
2021-09-05T00:00:00+00:00;ASDBEAR/USD;0,00000185;0,00000188;0,00000180;0,00000184;-0,54
2021-09-04T00:00:00+00:00;ASDBEAR/USD;0,00000174;0,00000187;0,00000174;0,00000185;5,95
2021-09-03T00:00:00+00:00;ASDBEAR/USD;0,00000158;0,00000181;0,00000155;0,00000174;9,2
2021-09-02T00:00:00+00:00;ASDBEAR/USD;0,00000208;0,00000208;0,00000151;0,00000158;-31,65
2021-09-01T00:00:00+00:00;ASDBEAR/USD;0,00000206;0,00000210;0,00000205;0,00000208;0,96
2021-08-31T00:00:00+00:00;ASDBEAR/USD;0,00000206;0,00000217;0,00000205;0,00000206;0,0
2021-08-30T00:00:00+00:00;ASDBEAR/USD;0,00000192;0,00000209;0,00000192;0,00000206;6,8
2021-08-29T00:00:00+00:00;ASDBEAR/USD;0,00000192;0,00000193;0,00000190;0,00000192;0,0
2021-08-28T00:00:00+00:00;ASDBEAR/USD;0,00000175;0,00000192;0,00000173;0,00000192;8,85
2021-08-27T00:00:00+00:00;ASDBEAR/USD;0,00000194;0,00000195;0,00000173;0,00000175;-10,86
2021-08-26T00:00:00+00:00;ASDBEAR/USD;0,00000176;0,00000196;0,00000174;0,00000194;9,28
2021-08-25T00:00:00+00:00;ASDBEAR/USD;0,00000161;0,00000178;0,00000155;0,00000176;8,52
2021-08-24T00:00:00+00:00;ASDBEAR/USD;0,00000147;0,00000164;0,00000145;0,00000161;8,7
2021-08-23T00:00:00+00:00;ASDBEAR/USD;0,00000173;0,00000173;0,00000144;0,00000147;-17,69
2021-08-22T00:00:00+00:00;ASDBEAR/USD;0,00000171;0,00000173;0,00000171;0,00000173;1,16
2021-08-21T00:00:00+00:00;ASDBEAR/USD;0,00000165;0,00000171;0,00000164;0,00000171;3,51
2021-08-20T00:00:00+00:00;ASDBEAR/USD;0,00000176;0,00000179;0,00000165;0,00000165;-6,67
2021-08-19T00:00:00+00:00;ASDBEAR/USD;0,00000192;0,00000199;0,00000176;0,00000176;-9,09
2021-08-18T00:00:00+00:00;ASDBEAR/USD;0,00000190;0,00000203;0,00000179;0,00000192;1,04
2021-08-17T00:00:00+00:00;ASDBEAR/USD;0,00000165;0,00000193;0,00000161;0,00000193;14,51
2021-08-16T00:00:00+00:00;ASDBEAR/USD;0,00000177;0,00000177;0,00000145;0,00000165;-7,27
2021-08-15T00:00:00+00:00;ASDBEAR/USD;0,00000153;0,00000181;0,00000153;0,00000177;13,56
2021-08-14T00:00:00+00:00;ASDBEAR/USD;0,00000212;0,00000212;0,00000153;0,00000153;-38,56
2021-08-13T00:00:00+00:00;ASDBEAR/USD;0,00000239;0,00000242;0,00000212;0,00000212;-12,74
2021-08-12T00:00:00+00:00;ASDBEAR/USD;0,00000221;0,00000247;0,00000207;0,00000239;7,53
2021-08-11T00:00:00+00:00;ASDBEAR/USD;0,00000273;0,00000273;0,00000220;0,00000221;-23,53
2021-08-10T00:00:00+00:00;ASDBEAR/USD;0,00000313;0,00000314;0,00000256;0,00000273;-14,65
2021-08-09T00:00:00+00:00;ASDBEAR/USD;0,00000312;0,00000317;0,00000309;0,00000313;0,32
2021-08-08T00:00:00+00:00;ASDBEAR/USD;0,00000308;0,00000316;0,00000308;0,00000312;1,28
2021-08-07T00:00:00+00:00;ASDBEAR/USD;0,00000359;0,00000367;0,00000300;0,00000308;-16,56
2021-08-06T00:00:00+00:00;ASDBEAR/USD;0,00000365;0,00000385;0,00000356;0,00000359;-1,67
2021-08-05T00:00:00+00:00;ASDBEAR/USD;0,00000391;0,00000400;0,00000365;0,00000365;-7,12
2021-08-04T00:00:00+00:00;ASDBEAR/USD;0,00000382;0,00000412;0,00000382;0,00000391;2,3
2021-08-03T00:00:00+00:00;ASDBEAR/USD;0,00000347;0,00000383;0,00000347;0,00000382;9,16
2021-08-02T00:00:00+00:00;ASDBEAR/USD;0,00000344;0,00000351;0,00000343;0,00000347;0,86
2021-08-01T00:00:00+00:00;ASDBEAR/USD;0,00000366;0,00000366;0,00000340;0,00000344;-6,4
2021-07-31T00:00:00+00:00;ASDBEAR/USD;0,00000389;0,00000402;0,00000363;0,00000366;-6,28
2021-07-30T00:00:00+00:00;ASDBEAR/USD;0,00000381;0,00000402;0,00000379;0,00000389;2,06
2021-07-29T00:00:00+00:00;ASDBEAR/USD;0,00000382;0,00000386;0,00000379;0,00000381;-0,26
2021-07-28T00:00:00+00:00;ASDBEAR/USD;0,00000371;0,00000387;0,00000371;0,00000382;2,88
2021-07-27T00:00:00+00:00;ASDBEAR/USD;0,00000368;0,00000380;0,00000366;0,00000371;0,81
2021-07-26T00:00:00+00:00;ASDBEAR/USD;0,00000387;0,00000394;0,00000363;0,00000368;-5,16
2021-07-25T00:00:00+00:00;ASDBEAR/USD;0,00000386;0,00000395;0,00000381;0,00000387;0,26
2021-07-24T00:00:00+00:00;ASDBEAR/USD;0,00000383;0,00000386;0,00000351;0,00000386;0,78
2021-07-23T00:00:00+00:00;ASDBEAR/USD;0,00000386;0,00000391;0,00000375;0,00000383;-0,78
2021-07-22T00:00:00+00:00;ASDBEAR/USD;0,00000395;0,00000399;0,00000386;0,00000386;-2,33
2021-07-21T00:00:00+00:00;ASDBEAR/USD;0,00000406;0,00000406;0,00000385;0,00000395;-2,78
2021-07-20T00:00:00+00:00;ASDBEAR/USD;0,00000382;0,00000409;0,00000377;0,00000406;5,91
2021-07-19T00:00:00+00:00;ASDBEAR/USD;0,00000379;0,00000389;0,00000372;0,00000382;0,79
2021-07-18T00:00:00+00:00;ASDBEAR/USD;0,00000377;0,00000386;0,00000367;0,00000379;0,53
2021-07-17T00:00:00+00:00;ASDBEAR/USD;0,00000376;0,00000381;0,00000376;0,00000377;0,27
2021-07-16T00:00:00+00:00;ASDBEAR/USD;0,00000362;0,00000378;0,00000360;0,00000376;3,72
2021-07-15T00:00:00+00:00;ASDBEAR/USD;0,00000360;0,00000365;0,00000360;0,00000362;0,55
2021-07-14T00:00:00+00:00;ASDBEAR/USD;0,00000354;0,00000361;0,00000353;0,00000360;1,67
2021-07-13T00:00:00+00:00;ASDBEAR/USD;0,00000340;0,00000354;0,00000340;0,00000354;3,95
2021-07-12T00:00:00+00:00;ASDBEAR/USD;0,00000340;0,00000346;0,00000339;0,00000340;0,0
2021-07-11T00:00:00+00:00;ASDBEAR/USD;0,00000336;0,00000340;0,00000336;0,00000340;1,18
2021-07-10T00:00:00+00:00;ASDBEAR/USD;0,00000326;0,00000336;0,00000318;0,00000336;2,98
2021-07-09T00:00:00+00:00;ASDBEAR/USD;0,00000335;0,00000344;0,00000326;0,00000326;-2,76
2021-07-08T00:00:00+00:00;ASDBEAR/USD;0,00000305;0,00000343;0,00000296;0,00000335;8,96
2021-07-07T00:00:00+00:00;ASDBEAR/USD;0,00000297;0,00000306;0,00000282;0,00000305;2,62
2021-07-06T00:00:00+00:00;ASDBEAR/USD;0,00000391;0,00000391;0,00000296;0,00000297;-31,65
2021-07-05T00:00:00+00:00;ASDBEAR/USD;0,00000394;0,00000404;0,00000391;0,00000391;-0,77
2021-07-04T00:00:00+00:00;ASDBEAR/USD;0,00000404;0,00000404;0,00000394;0,00000394;-2,54
2021-07-03T00:00:00+00:00;ASDBEAR/USD;0,00000414;0,00000415;0,00000404;0,00000404;-2,48
2021-07-02T00:00:00+00:00;ASDBEAR/USD;0,00000407;0,00000415;0,00000407;0,00000414;1,69
2021-07-01T00:00:00+00:00;ASDBEAR/USD;0,00000413;0,00000415;0,00000407;0,00000407;-1,47
2021-06-30T00:00:00+00:00;ASDBEAR/USD;0,00000408;0,00000413;0,00000408;0,00000413;1,21
2021-06-29T00:00:00+00:00;ASDBEAR/USD;0,00000427;0,00000427;0,00000406;0,00000408;-4,66
2021-06-28T00:00:00+00:00;ASDBEAR/USD;0,00000420;0,00000427;0,00000413;0,00000427;1,64
2021-06-27T00:00:00+00:00;ASDBEAR/USD;0,00000430;0,00000439;0,00000420;0,00000420;-2,38
2021-06-26T00:00:00+00:00;ASDBEAR/USD;0,00000430;0,00000431;0,00000430;0,00000430;0,0
2021-06-25T00:00:00+00:00;ASDBEAR/USD;0,00000407;0,00000434;0,00000392;0,00000430;5,35
2021-06-24T00:00:00+00:00;ASDBEAR/USD;0,00000455;0,00000462;0,00000407;0,00000407;-11,79
2021-06-23T00:00:00+00:00;ASDBEAR/USD;0,00000459;0,00000496;0,00000455;0,00000455;-0,88
2021-06-22T00:00:00+00:00;ASDBEAR/USD;0,00000401;0,00000492;0,00000400;0,00000459;12,64
2021-06-21T00:00:00+00:00;ASDBEAR/USD;0,00000364;0,00000402;0,00000355;0,00000401;9,23
2021-06-20T00:00:00+00:00;ASDBEAR/USD;0,00000352;0,00000364;0,00000347;0,00000364;3,3
2021-06-19T00:00:00+00:00;ASDBEAR/USD;0,00000328;0,00000352;0,00000328;0,00000352;6,82
2021-06-18T00:00:00+00:00;ASDBEAR/USD;0,00000309;0,00000338;0,00000308;0,00000328;5,79
2021-06-17T00:00:00+00:00;ASDBEAR/USD;0,00000308;0,00000310;0,00000308;0,00000309;0,32
2021-06-16T00:00:00+00:00;ASDBEAR/USD;0,00000300;0,00000308;0,00000294;0,00000308;2,6
2021-06-15T00:00:00+00:00;ASDBEAR/USD;0,00000290;0,00000304;0,00000290;0,00000300;3,33
2021-06-14T00:00:00+00:00;ASDBEAR/USD;0,00000311;0,00000316;0,00000288;0,00000290;-7,24
2021-06-13T00:00:00+00:00;ASDBEAR/USD;0,00000318;0,00000320;0,00000311;0,00000311;-2,25
2021-06-12T00:00:00+00:00;ASDBEAR/USD;0,00000305;0,00000320;0,00000300;0,00000318;4,09
2021-06-11T00:00:00+00:00;ASDBEAR/USD;0,00000308;0,00000318;0,00000304;0,00000305;-0,98
2021-06-10T00:00:00+00:00;ASDBEAR/USD;0,00000310;0,00000319;0,00000307;0,00000308;-0,65
2021-06-09T00:00:00+00:00;ASDBEAR/USD;0,00000318;0,00000324;0,00000307;0,00000310;-2,58
2021-06-08T00:00:00+00:00;ASDBEAR/USD;0,00000286;0,00000318;0,00000286;0,00000318;10,06
2021-06-07T00:00:00+00:00;ASDBEAR/USD;0,00000283;0,00000286;0,00000279;0,00000286;1,05
2021-06-06T00:00:00+00:00;ASDBEAR/USD;0,00000280;0,00000285;0,00000280;0,00000283;1,06
2021-06-05T00:00:00+00:00;ASDBEAR/USD;0,00000278;0,00000280;0,00000269;0,00000280;0,71
2021-06-04T00:00:00+00:00;ASDBEAR/USD;0,00000266;0,00000282;0,00000263;0,00000278;4,32
2021-06-03T00:00:00+00:00;ASDBEAR/USD;0,00000274;0,00000275;0,00000251;0,00000266;-3,01
2021-06-02T00:00:00+00:00;ASDBEAR/USD;0,00000290;0,00000290;0,00000272;0,00000274;-5,84
2021-06-01T00:00:00+00:00;ASDBEAR/USD;0,00000285;0,00000290;0,00000279;0,00000290;1,72
2021-05-31T00:00:00+00:00;ASDBEAR/USD;0,00000293;0,00000293;0,00000284;0,00000285;-2,81
2021-05-30T00:00:00+00:00;ASDBEAR/USD;0,00000318;0,00000318;0,00000281;0,00000293;-8,53
2021-05-29T00:00:00+00:00;ASDBEAR/USD;0,00000289;0,00000318;0,00000285;0,00000318;9,12
2021-05-28T00:00:00+00:00;ASDBEAR/USD;0,00000281;0,00000301;0,00000280;0,00000289;2,77
2021-05-27T00:00:00+00:00;ASDBEAR/USD;0,00000286;0,00000294;0,00000279;0,00000281;-1,78
2021-05-26T00:00:00+00:00;ASDBEAR/USD;0,00000257;0,00000286;0,00000257;0,00000286;10,14
2021-05-25T00:00:00+00:00;ASDBEAR/USD;0,00000285;0,00000287;0,00000248;0,00000257;-10,89
2021-05-24T00:00:00+00:00;ASDBEAR/USD;0,00000382;0,00000403;0,00000285;0,00000285;-34,04
2021-05-23T00:00:00+00:00;ASDBEAR/USD;0,00000290;0,00000440;0,00000275;0,00000382;24,08
2021-05-22T00:00:00+00:00;ASDBEAR/USD;0,00000275;0,00000298;0,00000255;0,00000290;5,17
2021-05-21T00:00:00+00:00;ASDBEAR/USD;0,00000212;0,00000279;0,00000199;0,00000275;22,91
2021-05-20T00:00:00+00:00;ASDBEAR/USD;0,00000238;0,00000238;0,00000198;0,00000212;-12,26
2021-05-19T00:00:00+00:00;ASDBEAR/USD;0,00000154;0,00000243;0,00000149;0,00000238;35,29
2021-05-18T00:00:00+00:00;ASDBEAR/USD;0,00000176;0,00000186;0,00000139;0,00000154;-14,29
2021-05-17T00:00:00+00:00;ASDBEAR/USD;0,00000144;0,00000181;0,00000144;0,00000176;18,18
2021-05-16T00:00:00+00:00;ASDBEAR/USD;0,00000124;0,00000145;0,00000120;0,00000144;13,89
2021-05-15T00:00:00+00:00;ASDBEAR/USD;0,00000110;0,00000124;0,00000109;0,00000124;11,29
2021-05-14T00:00:00+00:00;ASDBEAR/USD;0,00000113;0,00000113;0,00000105;0,00000110;-2,73
2021-05-13T00:00:00+00:00;ASDBEAR/USD;0,00000085;0,00000122;0,00000077;0,00000113;24,78
2021-05-12T00:00:00+00:00;ASDBEAR/USD;0,00000079;0,00000085;0,00000075;0,00000085;7,06
2021-05-11T00:00:00+00:00;ASDBEAR/USD;0,00000092;0,00000100;0,00000076;0,00000079;-16,46
2021-05-10T00:00:00+00:00;ASDBEAR/USD;0,00000088;0,00000101;0,00000087;0,00000092;4,35
2021-05-09T00:00:00+00:00;ASDBEAR/USD;0,00000082;0,00000094;0,00000082;0,00000088;6,82
2021-05-08T00:00:00+00:00;ASDBEAR/USD;0,00000087;0,00000087;0,00000082;0,00000082;-6,1
2021-05-07T00:00:00+00:00;ASDBEAR/USD;0,00000090;0,00000092;0,00000078;0,00000087;-3,45
2021-05-06T00:00:00+00:00;ASDBEAR/USD;0,00000091;0,00000093;0,00000068;0,00000090;-1,11
2021-05-05T00:00:00+00:00;ASDBEAR/USD;0,00000097;0,00000102;0,00000069;0,00000091;-6,59
2021-05-04T00:00:00+00:00;ASDBEAR/USD;0,00000084;0,00000103;0,00000084;0,00000097;13,4
2021-05-03T00:00:00+00:00;ASDBEAR/USD;0,00000085;0,00000089;0,00000068;0,00000084;-1,19
2021-05-02T00:00:00+00:00;ASDBEAR/USD;0,00000073;0,00000085;0,00000070;0,00000085;14,12
2021-05-01T00:00:00+00:00;ASDBEAR/USD;0,00000102;0,00000102;0,00000073;0,00000073;-39,73
2021-04-30T00:00:00+00:00;ASDBEAR/USD;0,00000121;0,00000121;0,00000096;0,00000102;-18,63
2021-04-29T00:00:00+00:00;ASDBEAR/USD;0,00000100;0,00000126;0,00000100;0,00000121;17,36
2021-04-28T00:00:00+00:00;ASDBEAR/USD;0,00000098;0,00000105;0,00000091;0,00000100;2,0
2021-04-27T00:00:00+00:00;ASDBEAR/USD;0,00000101;0,00000103;0,00000083;0,00000098;-3,06
2021-04-26T00:00:00+00:00;ASDBEAR/USD;0,00000109;0,00000109;0,00000093;0,00000101;-7,92
2021-04-25T00:00:00+00:00;ASDBEAR/USD;0,00000096;0,00000117;0,00000092;0,00000109;11,93
2021-04-24T00:00:00+00:00;ASDBEAR/USD;0,00000084;0,00000097;0,00000081;0,00000096;12,5
2021-04-23T00:00:00+00:00;ASDBEAR/USD;0,00000066;0,00000095;0,00000064;0,00000084;21,43
2021-04-22T00:00:00+00:00;ASDBEAR/USD;0,00000050;0,00000067;0,00000046;0,00000066;24,24
2021-04-21T00:00:00+00:00;ASDBEAR/USD;0,00000059;0,00000062;0,00000035;0,00000050;-18,0
2021-04-20T00:00:00+00:00;ASDBEAR/USD;0,00000058;0,00000078;0,00000058;0,00000059;1,69
2021-04-19T00:00:00+00:00;ASDBEAR/USD;0,00000061;0,00000067;0,00000053;0,00000058;-5,17
2021-04-18T00:00:00+00:00;ASDBEAR/USD;0,00000043;0,00000074;0,00000043;0,00000061;29,51
2021-04-17T00:00:00+00:00;ASDBEAR/USD;0,00000039;0,00000050;0,00000039;0,00000043;9,3
2021-04-16T00:00:00+00:00;ASDBEAR/USD;0,00000045;0,00000055;0,00000039;0,00000039;-15,38
2021-04-15T00:00:00+00:00;ASDBEAR/USD;0,00000053;0,00000056;0,00000045;0,00000045;-17,78
2021-04-14T00:00:00+00:00;ASDBEAR/USD;0,00000051;0,00000055;0,00000044;0,00000053;3,77
2021-04-13T00:00:00+00:00;ASDBEAR/USD;0,00000041;0,00000053;0,00000040;0,00000051;19,61
2021-04-12T00:00:00+00:00;ASDBEAR/USD;0,00000069;0,00000069;0,00000034;0,00000041;-68,29
2021-04-11T00:00:00+00:00;ASDBEAR/USD;0,00000066;0,00000072;0,00000065;0,00000069;4,35
2021-04-10T00:00:00+00:00;ASDBEAR/USD;0,00000063;0,00000068;0,00000059;0,00000066;4,55
2021-04-09T00:00:00+00:00;ASDBEAR/USD;0,00000067;0,00000069;0,00000059;0,00000063;-6,35
2021-04-08T00:00:00+00:00;ASDBEAR/USD;0,00000066;0,00000070;0,00000060;0,00000067;1,49
2021-04-07T00:00:00+00:00;ASDBEAR/USD;0,00000059;0,00000067;0,00000047;0,00000066;10,61
2021-04-06T00:00:00+00:00;ASDBEAR/USD;0,00000063;0,00000074;0,00000058;0,00000059;-6,78
2021-04-05T00:00:00+00:00;ASDBEAR/USD;0,00000050;0,00000067;0,00000048;0,00000063;20,63
2021-04-04T00:00:00+00:00;ASDBEAR/USD;0,00000099;0,00000100;0,00000048;0,00000050;-98,0
2021-04-03T00:00:00+00:00;ASDBEAR/USD;0,00000074;0,00000106;0,00000069;0,00000099;25,25
2021-04-02T00:00:00+00:00;ASDBEAR/USD;0,00000056;0,00000078;0,00000051;0,00000074;24,32
2021-04-01T00:00:00+00:00;ASDBEAR/USD;0,00000038;0,00000067;0,00000038;0,00000056;32,14
2021-03-31T00:00:00+00:00;ASDBEAR/USD;0,00000038;0,00000041;0,00000035;0,00000038;0,0
2021-03-30T00:00:00+00:00;ASDBEAR/USD;0,00000028;0,00000044;0,00000028;0,00000038;26,32
2021-03-29T00:00:00+00:00;ASDBEAR/USD;0,00000026;0,00000028;0,00000019;0,00000028;7,14
2021-03-28T00:00:00+00:00;ASDBEAR/USD;0,00000013;0,00000029;0,00000012;0,00000026;50,0
2021-03-27T00:00:00+00:00;ASDBEAR/USD;0,00000024;0,00000035;0,00000010;0,00000013;-84,62
2021-03-26T00:00:00+00:00;ASDBEAR/USD;0,00000076;0,00000107;0,00000024;0,00000024;-216,67
2021-03-25T00:00:00+00:00;ASDBEAR/USD;0,00000076;0,00000094;0,00000073;0,00000076;0,0
2021-03-24T00:00:00+00:00;ASDBEAR/USD;0,00000056;0,00000084;0,00000055;0,00000076;26,32
2021-03-23T00:00:00+00:00;ASDBEAR/USD;0,00000108;0,00000108;0,00000050;0,00000056;-92,86
2021-03-22T00:00:00+00:00;ASDBEAR/USD;0,00000129;0,00000132;0,00000084;0,00000108;-19,44
2021-03-21T00:00:00+00:00;ASDBEAR/USD;0,00000184;0,00000210;0,00000118;0,00000129;-42,64
2021-03-20T00:00:00+00:00;ASDBEAR/USD;0,00000320;0,00000340;0,00000160;0,00000184;-73,91
2021-03-19T00:00:00+00:00;ASDBEAR/USD;0,00000332;0,00000457;0,00000245;0,00000320;-3,75
2021-03-18T00:00:00+00:00;ASDBEAR/USD;0,00000440;0,00000492;0,00000263;0,00000332;-32,53
2021-03-17T00:00:00+00:00;ASDBEAR/USD;0,00000472;0,00000532;0,00000345;0,00000440;-7,27
2021-03-16T00:00:00+00:00;ASDBEAR/USD;0,00000490;0,00000517;0,00000314;0,00000472;-3,81
2021-03-15T00:00:00+00:00;ASDBEAR/USD;0,00000502;0,00000629;0,00000408;0,00000490;-2,45
2021-03-14T00:00:00+00:00;ASDBEAR/USD;0,00000425;0,00000550;0,00000343;0,00000502;15,34
2021-03-13T00:00:00+00:00;ASDBEAR/USD;0,00000790;0,00001046;0,00000385;0,00000425;-85,88
2021-03-12T00:00:00+00:00;ASDBEAR/USD;0,00000968;0,00001074;0,00000615;0,00000790;-22,53
2021-03-11T00:00:00+00:00;ASDBEAR/USD;0,00001601;0,00001790;0,00000778;0,00000968;-65,39
2021-03-10T00:00:00+00:00;ASDBEAR/USD;0,00002609;0,00003360;0,00001399;0,00001601;-62,96
2021-03-09T00:00:00+00:00;ASDBEAR/USD;0,00004228;0,00004331;0,00002500;0,00002609;-62,05
2021-03-08T00:00:00+00:00;ASDBEAR/USD;0,00003698;0,00004519;0,00003668;0,00004228;12,54
2021-03-07T00:00:00+00:00;ASDBEAR/USD;0,00005095;0,00005095;0,00003213;0,00003698;-37,78
2021-03-06T00:00:00+00:00;ASDBEAR/USD;0,00006352;0,00006389;0,00004324;0,00005095;-24,67
2021-03-05T00:00:00+00:00;ASDBEAR/USD;0,00006070;0,00007060;0,00006038;0,00006352;4,44
2021-03-04T00:00:00+00:00;ASDBEAR/USD;0,00005581;0,00006376;0,00004846;0,00006070;8,06
2021-03-03T00:00:00+00:00;ASDBEAR/USD;0,00005993;0,00006264;0,00004231;0,00005581;-7,38
2021-03-02T00:00:00+00:00;ASDBEAR/USD;0,00007580;0,00007911;0,00005797;0,00005993;-26,48
2021-03-01T00:00:00+00:00;ASDBEAR/USD;0,00014335;0,00015055;0,00007107;0,00007580;-89,12
2021-02-28T00:00:00+00:00;ASDBEAR/USD;0,00008777;0,00016921;0,00008368;0,00014335;38,77
2021-02-27T00:00:00+00:00;ASDBEAR/USD;0,00008603;0,00010060;0,00006371;0,00008777;1,98
2021-02-26T00:00:00+00:00;ASDBEAR/USD;0,00009485;0,00010051;0,00007877;0,00008603;-10,25
2021-02-25T00:00:00+00:00;ASDBEAR/USD;0,00007666;0,00010049;0,00006086;0,00009485;19,18
2021-02-24T00:00:00+00:00;ASDBEAR/USD;0,00040650;0,00040650;0,00005826;0,00007666;-430,26
2021-02-23T00:00:00+00:00;ASDBEAR/USD;0,00028440;0,00043060;0,00028120;0,00040650;30,04
2021-02-22T00:00:00+00:00;ASDBEAR/USD;0,00024810;0,00030560;0,00023430;0,00028440;12,76
2021-02-21T00:00:00+00:00;ASDBEAR/USD;0,00030950;0,00031060;0,00024810;0,00024810;-24,75
2021-02-20T00:00:00+00:00;ASDBEAR/USD;0,00033840;0,00036130;0,00028010;0,00030950;-9,34
2021-02-19T00:00:00+00:00;ASDBEAR/USD;0,00056550;0,00066375;0,00033680;0,00033840;-67,11
2021-02-18T00:00:00+00:00;ASDBEAR/USD;0,00144000;0,00144000;0,00048110;0,00056550;-154,64
2021-02-17T00:00:00+00:00;ASDBEAR/USD;0,00284400;0,00300000;0,00144000;0,00144000;-97,5
2021-02-16T00:00:00+00:00;ASDBEAR/USD;0,00290000;0,00399300;0,00256300;0,00284400;-1,97
2021-02-15T00:00:00+00:00;ASDBEAR/USD;0,00235200;0,00290000;0,00233300;0,00290000;18,9
2021-02-14T00:00:00+00:00;ASDBEAR/USD;0,00224500;0,00261550;0,00224500;0,00235200;4,55
2021-02-13T00:00:00+00:00;ASDBEAR/USD;0,00225000;0,00241850;0,00221500;0,00224500;-0,22
2021-02-12T00:00:00+00:00;ASDBEAR/USD;0,00182850;0,00278550;0,00180900;0,00225000;18,73
2021-02-11T00:00:00+00:00;ASDBEAR/USD;0,00305200;0,00311900;0,00182450;0,00182850;-66,91
2021-02-10T00:00:00+00:00;ASDBEAR/USD;0,00363200;0,00402200;0,00292500;0,00305200;-19,0
2021-02-09T00:00:00+00:00;ASDBEAR/USD;0,00700000;0,00700000;0,00353700;0,00363200;-92,73
2021-02-08T00:00:00+00:00;ASDBEAR/USD;0,01188000;0,01200500;0,00700000;0,00700000;-69,71
2021-02-07T00:00:00+00:00;ASDBEAR/USD;0,01469500;0,01550500;0,01179500;0,01188000;-23,7
2021-02-06T00:00:00+00:00;ASDBEAR/USD;0,02301000;0,02382000;0,01401500;0,01469500;-56,58
2021-02-05T00:00:00+00:00;ASDBEAR/USD;0,03101000;0,03210000;0,02297000;0,02301000;-34,77
2021-02-04T00:00:00+00:00;ASDBEAR/USD;0,07535000;0,07822500;0,02414000;0,03101000;-142,99
2021-02-03T00:00:00+00:00;ASDBEAR/USD;0,16830000;0,16830000;0,05520000;0,07535000;-123,36
2021-02-02T00:00:00+00:00;ASDBEAR/USD;0,32710000;0,45820000;0,16690000;0,16830000;-94,36
2021-02-01T00:00:00+00:00;ASDBEAR/USD;0,34110000;0,36980000;0,31270000;0,32710000;-4,28
2021-01-31T00:00:00+00:00;ASDBEAR/USD;0,33720000;0,34970000;0,33260000;0,34110000;1,14
2021-01-30T00:00:00+00:00;ASDBEAR/USD;0,38480000;0,42160000;0,30420000;0,33720000;-14,12
2021-01-29T00:00:00+00:00;ASDBEAR/USD;0,48000000;0,53130000;0,36430000;0,38480000;-24,74
2021-01-28T00:00:00+00:00;ASDBEAR/USD;0,48000000;0,48010000;0,48000000;0,48000000;0,0
2021-01-27T00:00:00+00:00;ASDBEAR/USD;0,45550000;0,48000000;0,44320000;0,48000000;5,1
2021-01-26T00:00:00+00:00;ASDBEAR/USD;0,40380000;0,48740000;0,40140000;0,45550000;11,35
2021-01-25T00:00:00+00:00;ASDBEAR/USD;0,29630000;0,42530000;0,29630000;0,40380000;26,62
2021-01-24T00:00:00+00:00;ASDBEAR/USD;0,28070000;0,29990000;0,28070000;0,29630000;5,26
2021-01-23T00:00:00+00:00;ASDBEAR/USD;0,28540000;0,28540000;0,28070000;0,28070000;-1,67
2021-01-22T00:00:00+00:00;ASDBEAR/USD;0,28540000;0,28540000;0,28540000;0,28540000;0,0
2021-01-21T00:00:00+00:00;ASDBEAR/USD;0,26110000;0,29260000;0,26000000;0,28540000;8,51
2021-01-20T00:00:00+00:00;ASDBEAR/USD;0,23230000;0,26160000;0,23230000;0,26110000;11,03
2021-01-19T00:00:00+00:00;ASDBEAR/USD;0,23230000;0,24130000;0,23230000;0,23230000;0,0
2021-01-18T00:00:00+00:00;ASDBEAR/USD;0,23230000;0,23230000;0,22195000;0,23230000;0,0
2021-01-17T00:00:00+00:00;ASDBEAR/USD;0,23230000;0,23230000;0,23230000;0,23230000;0,0
2021-01-16T00:00:00+00:00;ASDBEAR/USD;0,34790000;0,37840000;0,23230000;0,23230000;-49,76
2021-01-15T00:00:00+00:00;ASDBEAR/USD;0,35050000;0,37840000;0,32990000;0,34790000;-0,75
2021-01-14T00:00:00+00:00;ASDBEAR/USD;0,37310000;0,37840000;0,33080000;0,35050000;-6,45
2021-01-13T00:00:00+00:00;ASDBEAR/USD;0,40920000;0,41820000;0,32610000;0,37310000;-9,68
2021-01-12T00:00:00+00:00;ASDBEAR/USD;0,73000000;0,75075000;0,35580000;0,40920000;-78,4
2021-01-11T00:00:00+00:00;ASDBEAR/USD;0,50760000;0,75075000;0,48580000;0,73000000;30,47
2021-01-10T00:00:00+00:00;ASDBEAR/USD;0,48150000;0,53820000;0,46740000;0,50760000;5,14
2021-01-09T00:00:00+00:00;ASDBEAR/USD;0,46750000;0,51170000;0,42390000;0,48150000;2,91
2021-01-08T00:00:00+00:00;ASDBEAR/USD;1,85250000;1,91700000;0,37630000;0,46750000;-296,26
2021-01-07T00:00:00+00:00;ASDBEAR/USD;2,05000000;2,05000000;1,66950000;1,85250000;-10,66
2021-01-06T00:00:00+00:00;ASDBEAR/USD;2,03450000;2,13600000;1,98250000;2,05000000;0,76
2021-01-05T00:00:00+00:00;ASDBEAR/USD;1,98250000;2,16750000;1,98250000;2,03450000;2,56
2021-01-04T00:00:00+00:00;ASDBEAR/USD;2,10000000;2,10500000;1,98250000;1,98250000;-5,93
2021-01-03T00:00:00+00:00;ASDBEAR/USD;2,10000000;2,17150000;2,10000000;2,10000000;0,0
2021-01-02T00:00:00+00:00;ASDBEAR/USD;2,10000000;2,10000000;2,05800000;2,10000000;0,0
2021-01-01T00:00:00+00:00;ASDBEAR/USD;2,09050000;2,10000000;1,96300000;2,10000000;0,45
2020-12-31T00:00:00+00:00;ASDBEAR/USD;2,07950000;2,10000000;2,03350000;2,09050000;0,53
2020-12-30T00:00:00+00:00;ASDBEAR/USD;2,10000000;2,10000000;2,04050000;2,07950000;-0,99
2020-12-29T00:00:00+00:00;ASDBEAR/USD;2,03800000;2,12050000;1,97800000;2,10000000;2,95
2020-12-28T00:00:00+00:00;ASDBEAR/USD;2,10600000;2,10600000;1,93850000;2,03800000;-3,34
2020-12-27T00:00:00+00:00;ASDBEAR/USD;2,10600000;2,10600000;2,05600000;2,10600000;0,0
2020-12-26T00:00:00+00:00;ASDBEAR/USD;2,19000000;2,19000000;2,10600000;2,10600000;-3,99
2020-12-25T00:00:00+00:00;ASDBEAR/USD;2,18300000;2,30150000;1,70650000;2,19000000;0,32
2020-12-24T00:00:00+00:00;ASDBEAR/USD;1,90000000;2,61850000;1,79700000;2,18300000;12,96
2020-12-23T00:00:00+00:00;ASDBEAR/USD;1,93500000;2,07950000;1,79700000;1,90000000;-1,84
2020-12-22T00:00:00+00:00;ASDBEAR/USD;1,91350000;1,97750000;1,79700000;1,93500000;1,11
2020-12-21T00:00:00+00:00;ASDBEAR/USD;1,79700000;1,92150000;1,79700000;1,91350000;6,09
2020-12-20T00:00:00+00:00;ASDBEAR/USD;1,85200000;1,87550000;1,79700000;1,79700000;-3,06
2020-12-19T00:00:00+00:00;ASDBEAR/USD;1,79700000;1,90000000;1,79700000;1,85200000;2,97
2020-12-18T00:00:00+00:00;ASDBEAR/USD;1,79950000;1,91750000;1,76800000;1,79700000;-0,14
2020-12-17T00:00:00+00:00;ASDBEAR/USD;1,59700000;1,80650000;1,58150000;1,79950000;11,25
2020-12-16T00:00:00+00:00;ASDBEAR/USD;1,49400000;1,63850000;1,43750000;1,59700000;6,45
2020-12-15T00:00:00+00:00;ASDBEAR/USD;1,97100000;1,97100000;1,40550000;1,49400000;-31,93
2020-12-14T00:00:00+00:00;ASDBEAR/USD;1,94100000;2,06700000;1,82600000;1,97100000;1,52
2020-12-13T00:00:00+00:00;ASDBEAR/USD;2,27450000;2,29000000;1,70000000;1,94100000;-17,18
2020-12-12T00:00:00+00:00;ASDBEAR/USD;2,49800000;2,54550000;2,18400000;2,27450000;-9,83
2020-12-11T00:00:00+00:00;ASDBEAR/USD;2,66300000;2,95300000;2,26800000;2,49800000;-6,61
2020-12-10T00:00:00+00:00;ASDBEAR/USD;2,05900000;2,98700000;2,04750000;2,66300000;22,68
2020-12-09T00:00:00+00:00;ASDBEAR/USD;2,04750000;2,27000000;2,04750000;2,05900000;0,56
2020-12-08T00:00:00+00:00;ASDBEAR/USD;1,92850000;2,04750000;1,88300000;2,04750000;5,81
2020-12-07T00:00:00+00:00;ASDBEAR/USD;1,72750000;1,94750000;1,69450000;1,92850000;10,42
2020-12-06T00:00:00+00:00;ASDBEAR/USD;2,46900000;2,51900000;1,54100000;1,72750000;-42,92
2020-12-05T00:00:00+00:00;ASDBEAR/USD;2,51900000;2,55400000;2,38400000;2,46900000;-2,03
2020-12-04T00:00:00+00:00;ASDBEAR/USD;2,51900000;2,56200000;2,36800000;2,51900000;0,0
2020-12-03T00:00:00+00:00;ASDBEAR/USD;2,55600000;2,63500000;2,39100000;2,51900000;-1,47
2020-12-02T00:00:00+00:00;ASDBEAR/USD;2,55000000;2,71100000;2,55000000;2,55600000;0,23
2020-12-01T00:00:00+00:00;ASDBEAR/USD;2,75400000;2,94700000;2,53300000;2,55000000;-8,0
2020-11-30T00:00:00+00:00;ASDBEAR/USD;2,72000000;2,95300000;2,56000000;2,75400000;1,23
2020-11-29T00:00:00+00:00;ASDBEAR/USD;2,73400000;3,04200000;2,52700000;2,72000000;-0,51
2020-11-28T00:00:00+00:00;ASDBEAR/USD;3,08800000;3,32400000;2,70800000;2,73400000;-12,95
2020-11-27T00:00:00+00:00;ASDBEAR/USD;3,32400000;3,32400000;2,99300000;3,08800000;-7,64
2020-11-26T00:00:00+00:00;ASDBEAR/USD;2,44000000;3,32400000;2,32300000;3,32400000;26,59
2020-11-25T00:00:00+00:00;ASDBEAR/USD;2,29100000;2,47500000;2,26500000;2,44000000;6,11
2020-11-24T00:00:00+00:00;ASDBEAR/USD;2,40100000;2,47100000;2,14900000;2,29100000;-4,8
2020-11-23T00:00:00+00:00;ASDBEAR/USD;2,36100000;2,45400000;2,26500000;2,40100000;1,67
2020-11-22T00:00:00+00:00;ASDBEAR/USD;2,47400000;2,59000000;2,26500000;2,36100000;-4,79
2020-11-21T00:00:00+00:00;ASDBEAR/USD;2,68000000;2,70600000;2,27700000;2,47400000;-8,33
2020-11-20T00:00:00+00:00;ASDBEAR/USD;3,05000000;3,05000000;2,45500000;2,68000000;-13,81
2020-11-19T00:00:00+00:00;ASDBEAR/USD;3,21600000;3,21600000;2,89600000;3,05000000;-5,44
2020-11-18T00:00:00+00:00;ASDBEAR/USD;3,21600000;3,24600000;2,97100000;3,21600000;0,0
2020-11-17T00:00:00+00:00;ASDBEAR/USD;3,34300000;3,34300000;3,04900000;3,21600000;-3,95
2020-11-16T00:00:00+00:00;ASDBEAR/USD;3,42700000;3,42700000;3,06300000;3,34300000;-2,51
2020-11-15T00:00:00+00:00;ASDBEAR/USD;3,00500000;3,42700000;2,87000000;3,42700000;12,31
2020-11-14T00:00:00+00:00;ASDBEAR/USD;2,77100000;3,08000000;2,75500000;3,00500000;7,79
2020-11-13T00:00:00+00:00;ASDBEAR/USD;2,82000000;2,85900000;2,63200000;2,77100000;-1,77
2020-11-12T00:00:00+00:00;ASDBEAR/USD;3,04100000;3,04100000;2,65300000;2,82000000;-7,84
2020-11-11T00:00:00+00:00;ASDBEAR/USD;3,47800000;3,51700000;2,09200000;3,04100000;-14,37
2020-11-10T00:00:00+00:00;ASDBEAR/USD;4,76100000;4,90400000;3,35600000;3,47800000;-36,89
2020-11-09T00:00:00+00:00;ASDBEAR/USD;5,99250000;6,13750000;4,36000000;4,76100000;-25,87
2020-11-08T00:00:00+00:00;ASDBEAR/USD;4,56100000;6,49250000;4,52500000;5,99250000;23,89
2020-11-07T00:00:00+00:00;ASDBEAR/USD;3,95100000;4,70100000;3,79700000;4,56100000;13,37
2020-11-06T00:00:00+00:00;ASDBEAR/USD;4,49600000;4,61000000;3,86400000;3,95100000;-13,79
2020-11-05T00:00:00+00:00;ASDBEAR/USD;4,48600000;4,51500000;3,91700000;4,49600000;0,22
2020-11-04T00:00:00+00:00;ASDBEAR/USD;4,05900000;4,65200000;3,98900000;4,48600000;9,52
2020-11-03T00:00:00+00:00;ASDBEAR/USD;3,92400000;4,12500000;3,86500000;4,05900000;3,33
2020-11-02T00:00:00+00:00;ASDBEAR/USD;3,55400000;3,94500000;3,43600000;3,92400000;9,43
2020-11-01T00:00:00+00:00;ASDBEAR/USD;3,98000000;4,06000000;3,55400000;3,55400000;-11,99
2020-10-31T00:00:00+00:00;ASDBEAR/USD;4,21500000;4,21500000;3,59400000;3,98000000;-5,9
2020-10-30T00:00:00+00:00;ASDBEAR/USD;4,21500000;4,24400000;3,98300000;4,21500000;0,0
2020-10-29T00:00:00+00:00;ASDBEAR/USD;4,33800000;4,34200000;3,76500000;4,21500000;-2,92
2020-10-28T00:00:00+00:00;ASDBEAR/USD;4,48600000;4,50100000;4,30700000;4,33800000;-3,41
2020-10-27T00:00:00+00:00;ASDBEAR/USD;4,27600000;4,56700000;4,21400000;4,48600000;4,68
2020-10-26T00:00:00+00:00;ASDBEAR/USD;4,18200000;4,30900000;4,01500000;4,27600000;2,2
2020-10-25T00:00:00+00:00;ASDBEAR/USD;3,94600000;4,19700000;3,94600000;4,18200000;5,64
2020-10-24T00:00:00+00:00;ASDBEAR/USD;4,18100000;4,22800000;3,90000000;3,94600000;-5,96
2020-10-23T00:00:00+00:00;ASDBEAR/USD;3,94600000;4,18500000;3,77900000;4,18100000;5,62
2020-10-22T00:00:00+00:00;ASDBEAR/USD;3,80800000;3,94600000;3,63800000;3,94600000;3,5
2020-10-21T00:00:00+00:00;ASDBEAR/USD;3,99300000;3,99900000;3,62500000;3,80800000;-4,86
2020-10-20T00:00:00+00:00;ASDBEAR/USD;3,86800000;4,08300000;3,65900000;3,99300000;3,13
2020-10-19T00:00:00+00:00;ASDBEAR/USD;3,66400000;3,89100000;3,56600000;3,86800000;5,27
2020-10-18T00:00:00+00:00;ASDBEAR/USD;3,97000000;4,10500000;3,62300000;3,66400000;-8,35
2020-10-17T00:00:00+00:00;ASDBEAR/USD;3,97800000;4,25300000;3,85700000;3,97000000;-0,2
2020-10-16T00:00:00+00:00;ASDBEAR/USD;3,36000000;3,98200000;3,36000000;3,97800000;15,54
2020-10-15T00:00:00+00:00;ASDBEAR/USD;2,26200000;3,40600000;2,25000000;3,36000000;32,68
2020-10-14T00:00:00+00:00;ASDBEAR/USD;2,50000000;2,62600000;2,23000000;2,26200000;-10,52
2020-10-13T00:00:00+00:00;ASDBEAR/USD;2,75900000;2,84100000;2,44400000;2,50000000;-10,36
2020-10-12T00:00:00+00:00;ASDBEAR/USD;3,27300000;3,32700000;2,68200000;2,75900000;-18,63
2020-10-11T00:00:00+00:00;ASDBEAR/USD;3,29600000;3,52300000;3,26500000;3,27300000;-0,7
2020-10-10T00:00:00+00:00;ASDBEAR/USD;3,32100000;3,33800000;2,86500000;3,29600000;-0,76
2020-10-09T00:00:00+00:00;ASDBEAR/USD;3,52200000;3,76600000;3,32100000;3,32100000;-6,05
2020-10-08T00:00:00+00:00;ASDBEAR/USD;4,42700000;4,52700000;3,43800000;3,52200000;-25,7
2020-10-07T00:00:00+00:00;ASDBEAR/USD;4,50900000;4,73900000;4,38600000;4,42700000;-1,85
2020-10-06T00:00:00+00:00;ASDBEAR/USD;3,92400000;4,50900000;3,86700000;4,50900000;12,97
2020-10-05T00:00:00+00:00;ASDBEAR/USD;3,94100000;3,96000000;3,86700000;3,92400000;-0,43
2020-10-04T00:00:00+00:00;ASDBEAR/USD;3,88800000;4,06600000;3,82100000;3,94100000;1,34
2020-10-03T00:00:00+00:00;ASDBEAR/USD;4,10100000;4,14400000;3,81200000;3,88800000;-5,48
2020-10-02T00:00:00+00:00;ASDBEAR/USD;4,14700000;4,46500000;3,87700000;4,10100000;-1,12
2020-10-01T00:00:00+00:00;ASDBEAR/USD;3,83000000;4,23700000;3,49300000;4,14700000;7,64
2020-09-30T00:00:00+00:00;ASDBEAR/USD;3,86900000;3,96300000;3,67800000;3,83000000;-1,02
2020-09-29T00:00:00+00:00;ASDBEAR/USD;3,83400000;4,00700000;3,80600000;3,86900000;0,9
2020-09-28T00:00:00+00:00;ASDBEAR/USD;4,03200000;4,03500000;3,74300000;3,83400000;-5,16
2020-09-27T00:00:00+00:00;ASDBEAR/USD;3,79300000;4,18400000;3,64700000;4,03200000;5,93
2020-09-26T00:00:00+00:00;ASDBEAR/USD;3,09700000;3,93100000;3,07300000;3,79300000;18,35
2020-09-25T00:00:00+00:00;ASDBEAR/USD;4,68800000;5,16000000;3,04000000;3,09700000;-51,37
2020-09-24T00:00:00+00:00;ASDBEAR/USD;5,32250000;5,60000000;4,66900000;4,68800000;-13,53
2020-09-23T00:00:00+00:00;ASDBEAR/USD;6,08500000;6,08500000;4,39800000;5,32250000;-14,33
2020-09-22T00:00:00+00:00;ASDBEAR/USD;5,41750000;6,08750000;5,23300000;6,08500000;10,97
2020-09-21T00:00:00+00:00;ASDBEAR/USD;4,94400000;5,44000000;4,06100000;5,41750000;8,74
2020-09-20T00:00:00+00:00;ASDBEAR/USD;3,42300000;4,94900000;3,36100000;4,94400000;30,76
2020-09-19T00:00:00+00:00;ASDBEAR/USD;4,53500000;4,53500000;3,42300000;3,42300000;-32,49
2020-09-18T00:00:00+00:00;ASDBEAR/USD;4,22200000;4,71000000;4,00000000;4,53500000;6,9
2020-09-17T00:00:00+00:00;ASDBEAR/USD;6,44100000;6,44100000;3,10300000;4,22200000;-52,56
2020-09-16T00:00:00+00:00;ASDBEAR/USD;4,46000000;6,44100000;4,46000000;6,44100000;30,76
2020-09-15T00:00:00+00:00;ASDBEAR/USD;4,47400000;4,62200000;4,34200000;4,46000000;-0,31
2020-09-14T00:00:00+00:00;ASDBEAR/USD;4,30300000;4,49300000;4,27500000;4,47400000;3,82
2020-09-13T00:00:00+00:00;ASDBEAR/USD;4,36800000;4,50800000;4,03500000;4,30300000;-1,51
2020-09-12T00:00:00+00:00;ASDBEAR/USD;4,18800000;4,50800000;4,04200000;4,36800000;4,12
2020-09-11T00:00:00+00:00;ASDBEAR/USD;4,22700000;4,47100000;3,74900000;4,18800000;-0,93
2020-09-10T00:00:00+00:00;ASDBEAR/USD;3,31300000;4,39500000;3,04700000;4,22700000;21,62
2020-09-09T00:00:00+00:00;ASDBEAR/USD;4,57000000;4,69400000;3,19900000;3,31300000;-37,94
2020-09-08T00:00:00+00:00;ASDBEAR/USD;4,57000000;4,85600000;3,74600000;4,57000000;0,0
2020-09-07T00:00:00+00:00;ASDBEAR/USD;4,18400000;4,88500000;4,15300000;4,57000000;8,45
2020-09-06T00:00:00+00:00;ASDBEAR/USD;3,51100000;4,60000000;3,42600000;4,18400000;16,09
2020-09-05T00:00:00+00:00;ASDBEAR/USD;5,29750000;5,29750000;2,94500000;3,51100000;-50,88
2020-09-04T00:00:00+00:00;ASDBEAR/USD;5,83250000;5,83250000;4,57500000;5,29750000;-10,1
2020-09-03T00:00:00+00:00;ASDBEAR/USD;4,05600000;6,00500000;3,78800000;5,83250000;30,46
2020-09-02T00:00:00+00:00;ASDBEAR/USD;3,35200000;4,33100000;3,30800000;4,05600000;17,36
2020-09-01T00:00:00+00:00;ASDBEAR/USD;3,44600000;3,45800000;3,27700000;3,35200000;-2,8
2020-08-31T00:00:00+00:00;ASDBEAR/USD;3,40500000;3,57900000;3,20200000;3,44600000;1,19
2020-08-30T00:00:00+00:00;ASDBEAR/USD;3,56300000;3,86500000;3,37300000;3,40500000;-4,64
2020-08-29T00:00:00+00:00;ASDBEAR/USD;3,88200000;4,09800000;3,52800000;3,56300000;-8,95
2020-08-28T00:00:00+00:00;ASDBEAR/USD;4,45400000;4,53600000;3,49600000;3,88200000;-14,73
2020-08-27T00:00:00+00:00;ASDBEAR/USD;4,03700000;4,53600000;4,00400000;4,45400000;9,36
2020-08-26T00:00:00+00:00;ASDBEAR/USD;4,39800000;4,39800000;4,00400000;4,03700000;-8,94
2020-08-25T00:00:00+00:00;ASDBEAR/USD;3,86900000;4,61500000;3,72900000;4,39800000;12,03
2020-08-24T00:00:00+00:00;ASDBEAR/USD;3,65600000;3,89500000;3,65600000;3,86900000;5,51
2020-08-23T00:00:00+00:00;ASDBEAR/USD;4,30400000;4,30400000;3,40600000;3,65600000;-17,72
2020-08-22T00:00:00+00:00;ASDBEAR/USD;5,06500000;5,93100000;4,27100000;4,30400000;-17,68
2020-08-21T00:00:00+00:00;ASDBEAR/USD;3,61400000;5,06500000;3,58300000;5,06500000;28,65
2020-08-20T00:00:00+00:00;ASDBEAR/USD;3,56100000;3,85700000;3,40500000;3,61400000;1,47
2020-08-19T00:00:00+00:00;ASDBEAR/USD;3,18300000;3,59000000;2,94700000;3,56100000;10,61
2020-08-18T00:00:00+00:00;ASDBEAR/USD;3,27800000;3,37500000;2,76100000;3,18300000;-2,98
2020-08-17T00:00:00+00:00;ASDBEAR/USD;3,59700000;3,74500000;3,24900000;3,27800000;-9,73
2020-08-16T00:00:00+00:00;ASDBEAR/USD;3,34900000;3,89200000;3,05100000;3,59700000;6,89
2020-08-15T00:00:00+00:00;ASDBEAR/USD;3,34200000;3,48800000;3,29800000;3,34900000;0,21
2020-08-14T00:00:00+00:00;ASDBEAR/USD;3,34900000;3,43600000;3,26100000;3,34200000;-0,21
2020-08-13T00:00:00+00:00;ASDBEAR/USD;3,22700000;3,43400000;2,76100000;3,34900000;3,64
2020-08-12T00:00:00+00:00;ASDBEAR/USD;5,11000000;5,16300000;3,18900000;3,22700000;-58,35
2020-08-11T00:00:00+00:00;ASDBEAR/USD;5,73250000;6,67750000;4,82750000;5,11000000;-12,18
2020-08-10T00:00:00+00:00;ASDBEAR/USD;5,29900000;5,82000000;4,91500000;5,73250000;7,56
2020-08-09T00:00:00+00:00;ASDBEAR/USD;5,16300000;5,35200000;4,82000000;5,29900000;2,57
2020-08-08T00:00:00+00:00;ASDBEAR/USD;6,37500000;6,41500000;5,16300000;5,16300000;-23,47
2020-08-07T00:00:00+00:00;ASDBEAR/USD;5,58000000;6,84250000;5,14000000;6,37500000;12,47
2020-08-06T00:00:00+00:00;ASDBEAR/USD;5,12200000;7,12600000;5,06600000;5,58000000;8,21
2020-08-05T00:00:00+00:00;ASDBEAR/USD;6,55500000;6,64500000;4,92100000;5,12200000;-27,98
2020-08-04T00:00:00+00:00;ASDBEAR/USD;8,08000000;8,52000000;6,54500000;6,55500000;-23,26
2020-08-03T00:00:00+00:00;ASDBEAR/USD;12,94000000;13,52500000;8,01750000;8,08000000;-60,15
2020-08-02T00:00:00+00:00;ASDBEAR/USD;12,87500000;14,66000000;12,07500000;12,94000000;0,5
2020-08-01T00:00:00+00:00;ASDBEAR/USD;17,40000000;17,40000000;12,86500000;12,87500000;-35,15
2020-07-31T00:00:00+00:00;ASDBEAR/USD;17,59500000;17,89000000;17,07000000;17,40000000;-1,12
2020-07-30T00:00:00+00:00;ASDBEAR/USD;18,64500000;18,64500000;17,57500000;17,59500000;-5,97
2020-07-29T00:00:00+00:00;ASDBEAR/USD;18,64500000;18,64500000;18,56500000;18,64500000;0,0
2020-07-28T00:00:00+00:00;ASDBEAR/USD;18,79500000;19,03000000;18,51000000;18,64500000;-0,8
2020-07-27T00:00:00+00:00;ASDBEAR/USD;23,56000000;23,60000000;18,73000000;18,79500000;-25,35
2020-07-26T00:00:00+00:00;ASDBEAR/USD;22,99000000;24,15000000;22,53000000;23,56000000;2,42
2020-07-25T00:00:00+00:00;ASDBEAR/USD;23,03500000;24,10000000;22,62000000;22,99000000;-0,2
2020-07-24T00:00:00+00:00;ASDBEAR/USD;27,95000000;27,95000000;21,39000000;23,03500000;-21,34
2020-07-23T00:00:00+00:00;ASDBEAR/USD;23,93000000;30,12000000;20,29000000;27,95000000;14,38
2020-07-22T00:00:00+00:00;ASDBEAR/USD;38,41000000;40,50000000;17,50000000;23,93000000;-60,51
2020-07-21T00:00:00+00:00;ASDBEAR/USD;34,74000000;45,00000000;34,74000000;38,41000000;9,55
2020-07-20T00:00:00+00:00;ASDBEAR/USD;91,22500000;91,22500000;26,90000000;34,74000000;-162,59
2020-07-19T00:00:00+00:00;ASDBEAR/USD;87,55000000;100,22500000;84,37500000;91,22500000;4,03
2020-07-18T00:00:00+00:00;ASDBEAR/USD;95,00000000;95,75000000;85,82500000;87,55000000;-8,51
2020-07-17T00:00:00+00:00;ASDBEAR/USD;94,67500000;98,32500000;85,17500000;95,00000000;0,34
2020-07-16T00:00:00+00:00;ASDBEAR/USD;96,20000000;107,05000000;86,25000000;94,67500000;-1,61
2020-07-15T00:00:00+00:00;ASDBEAR/USD;91,65000000;97,65000000;87,95000000;96,20000000;4,73
2020-07-14T00:00:00+00:00;ASDBEAR/USD;86,95000000;96,72500000;85,17500000;91,65000000;5,13
2020-07-13T00:00:00+00:00;ASDBEAR/USD;85,62500000;91,12500000;85,17500000;86,95000000;1,52
2020-07-12T00:00:00+00:00;ASDBEAR/USD;85,17500000;89,92500000;84,30000000;85,62500000;0,53
2020-07-11T00:00:00+00:00;ASDBEAR/USD;85,17500000;87,85000000;84,55000000;85,17500000;0,0
2020-07-10T00:00:00+00:00;ASDBEAR/USD;86,35000000;88,20000000;85,17500000;85,17500000;-1,38
2020-07-09T00:00:00+00:00;ASDBEAR/USD;81,80000000;89,80000000;81,60000000;86,35000000;5,27
2020-07-08T00:00:00+00:00;ASDBEAR/USD;83,95000000;89,20000000;80,65000000;81,80000000;-2,63
2020-07-07T00:00:00+00:00;ASDBEAR/USD;88,87500000;91,32500000;76,95000000;83,95000000;-5,87
2020-07-06T00:00:00+00:00;ASDBEAR/USD;95,37500000;96,07500000;84,42500000;88,87500000;-7,31
2020-07-05T00:00:00+00:00;ASDBEAR/USD;91,32500000;97,77500000;91,17500000;95,37500000;4,25
2020-07-04T00:00:00+00:00;ASDBEAR/USD;94,45000000;94,85000000;91,32500000;91,32500000;-3,42
2020-07-03T00:00:00+00:00;ASDBEAR/USD;92,20000000;94,50000000;91,32500000;94,45000000;2,38
2020-07-02T00:00:00+00:00;ASDBEAR/USD;91,52500000;97,27500000;91,32500000;92,20000000;0,73
2020-07-01T00:00:00+00:00;ASDBEAR/USD;98,45000000;100,60000000;91,32500000;91,52500000;-7,57
2020-06-30T00:00:00+00:00;ASDBEAR/USD;98,07500000;102,00000000;96,82500000;98,45000000;0,38
2020-06-29T00:00:00+00:00;ASDBEAR/USD;97,95000000;106,40000000;94,90000000;98,07500000;0,13
2020-06-28T00:00:00+00:00;ASDBEAR/USD;103,77500000;109,60000000;96,27500000;97,95000000;-5,95
2020-06-27T00:00:00+00:00;ASDBEAR/USD;95,05000000;105,90000000;94,97500000;103,77500000;8,41
2020-06-26T00:00:00+00:00;ASDBEAR/USD;91,75000000;99,00000000;89,20000000;95,05000000;3,47
2020-06-25T00:00:00+00:00;ASDBEAR/USD;91,75000000;98,67500000;86,77500000;91,75000000;0,0
2020-06-24T00:00:00+00:00;ASDBEAR/USD;86,60000000;95,65000000;85,45000000;91,75000000;5,61
2020-06-23T00:00:00+00:00;ASDBEAR/USD;82,12500000;90,75000000;82,12500000;86,60000000;5,17
2020-06-22T00:00:00+00:00;ASDBEAR/USD;102,25000000;103,35000000;81,47500000;82,12500000;-24,51
2020-06-21T00:00:00+00:00;ASDBEAR/USD;114,85000000;119,05000000;94,95000000;102,25000000;-12,32
2020-06-20T00:00:00+00:00;ASDBEAR/USD;113,85000000;116,65000000;110,50000000;114,85000000;0,87
2020-06-19T00:00:00+00:00;ASDBEAR/USD;118,00000000;120,15000000;108,45000000;113,85000000;-3,65
2020-06-18T00:00:00+00:00;ASDBEAR/USD;117,50000000;123,75000000;117,45000000;118,00000000;0,42
2020-06-17T00:00:00+00:00;ASDBEAR/USD;116,75000000;124,65000000;114,20000000;117,50000000;0,64
2020-06-16T00:00:00+00:00;ASDBEAR/USD;120,40000000;125,50000000;113,40000000;116,75000000;-3,13
2020-06-15T00:00:00+00:00;ASDBEAR/USD;118,40000000;133,05000000;117,75000000;120,40000000;1,66
2020-06-14T00:00:00+00:00;ASDBEAR/USD;111,30000000;120,90000000;109,90000000;118,40000000;6,0
2020-06-13T00:00:00+00:00;ASDBEAR/USD;111,65000000;118,90000000;106,95000000;111,30000000;-0,31
2020-06-12T00:00:00+00:00;ASDBEAR/USD;135,15000000;142,85000000;111,65000000;111,65000000;-21,05
2020-06-11T00:00:00+00:00;ASDBEAR/USD;116,05000000;137,90000000;111,90000000;135,15000000;14,13
2020-06-10T00:00:00+00:00;ASDBEAR/USD;107,55000000;116,60000000;106,20000000;116,05000000;7,32
2020-06-09T00:00:00+00:00;ASDBEAR/USD;112,05000000;115,32500000;104,55000000;107,55000000;-4,18
2020-06-08T00:00:00+00:00;ASDBEAR/USD;106,05000000;115,32500000;101,85000000;112,05000000;5,35
2020-06-07T00:00:00+00:00;ASDBEAR/USD;115,32500000;115,32500000;104,55000000;106,05000000;-8,75
2020-06-06T00:00:00+00:00;ASDBEAR/USD;105,00000000;115,32500000;102,25000000;115,32500000;8,95
2020-06-05T00:00:00+00:00;ASDBEAR/USD;110,10000000;110,10000000;88,52500000;105,00000000;-4,86
2020-06-04T00:00:00+00:00;ASDBEAR/USD;120,90000000;120,90000000;105,20000000;110,10000000;-9,81
2020-06-03T00:00:00+00:00;ASDBEAR/USD;136,45000000;157,55000000;111,60000000;120,90000000;-12,86
2020-06-02T00:00:00+00:00;ASDBEAR/USD;121,15000000;136,45000000;113,55000000;136,45000000;11,21
2020-06-01T00:00:00+00:00;ASDBEAR/USD;134,60000000;135,00000000;120,85000000;121,15000000;-11,1
2020-05-31T00:00:00+00:00;ASDBEAR/USD;123,10000000;142,90000000;112,20000000;134,60000000;8,54
2020-05-30T00:00:00+00:00;ASDBEAR/USD;124,00000000;141,85000000;106,95000000;123,10000000;-0,73
2020-05-29T00:00:00+00:00;ASDBEAR/USD;136,20000000;136,20000000;124,00000000;124,00000000;-9,84
2020-05-28T00:00:00+00:00;ASDBEAR/USD;147,00000000;155,20000000;136,20000000;136,20000000;-7,93
2020-05-27T00:00:00+00:00;ASDBEAR/USD;149,90000000;169,45000000;134,80000000;147,00000000;-1,97
2020-05-26T00:00:00+00:00;ASDBEAR/USD;193,05000000;194,95000000;122,75000000;149,90000000;-28,79
2020-05-25T00:00:00+00:00;ASDBEAR/USD;161,45000000;200,55000000;161,35000000;193,05000000;16,37
2020-05-24T00:00:00+00:00;ASDBEAR/USD;152,00000000;163,40000000;145,15000000;161,30000000;5,77
2020-05-23T00:00:00+00:00;ASDBEAR/USD;140,20000000;152,80000000;138,20000000;152,00000000;7,76
2020-05-22T00:00:00+00:00;ASDBEAR/USD;142,70000000;147,70000000;123,50000000;140,20000000;-1,78
2020-05-21T00:00:00+00:00;ASDBEAR/USD;138,35000000;156,20000000;126,65000000;142,70000000;3,05
2020-05-20T00:00:00+00:00;ASDBEAR/USD;124,65000000;142,30000000;117,30000000;138,35000000;9,9
2020-05-19T00:00:00+00:00;ASDBEAR/USD;115,35000000;129,50000000;110,55000000;124,65000000;7,46
2020-05-18T00:00:00+00:00;ASDBEAR/USD;127,85000000;135,95000000;96,00000000;115,35000000;-10,84
2020-05-17T00:00:00+00:00;ASDBEAR/USD;136,25000000;137,20000000;112,55000000;127,85000000;-6,57
2020-05-16T00:00:00+00:00;ASDBEAR/USD;130,95000000;148,15000000;120,00000000;136,25000000;3,89
2020-05-15T00:00:00+00:00;ASDBEAR/USD;112,75000000;149,00000000;112,75000000;130,95000000;13,9
2020-05-14T00:00:00+00:00;ASDBEAR/USD;117,45000000;150,95000000;111,90000000;112,75000000;-4,17
2020-05-13T00:00:00+00:00;ASDBEAR/USD;158,40000000;158,65000000;117,05000000;117,45000000;-34,87
2020-05-12T00:00:00+00:00;ASDBEAR/USD;213,15000000;241,30000000;144,55000000;158,40000000;-34,56
2020-05-11T00:00:00+00:00;ASDBEAR/USD;217,15000000;238,20000000;175,75000000;213,15000000;-1,88
2020-05-10T00:00:00+00:00;ASDBEAR/USD;188,70000000;221,45000000;184,95000000;217,15000000;13,1
2020-05-09T00:00:00+00:00;ASDBEAR/USD;172,45000000;193,50000000;167,25000000;188,70000000;8,61
2020-05-08T00:00:00+00:00;ASDBEAR/USD;171,90000000;180,75000000;153,10000000;172,45000000;0,32
2020-05-07T00:00:00+00:00;ASDBEAR/USD;171,90000000;209,80000000;162,65000000;171,90000000;0,0
2020-05-06T00:00:00+00:00;ASDBEAR/USD;169,10000000;179,75000000;157,95000000;171,90000000;1,63
2020-05-05T00:00:00+00:00;ASDBEAR/USD;179,40000000;184,10000000;164,00000000;169,10000000;-6,09
2020-05-04T00:00:00+00:00;ASDBEAR/USD;176,05000000;195,45000000;163,55000000;179,40000000;1,87
2020-05-03T00:00:00+00:00;ASDBEAR/USD;174,55000000;212,70000000;162,30000000;176,05000000;0,85
2020-05-02T00:00:00+00:00;ASDBEAR/USD;181,15000000;185,15000000;154,85000000;174,55000000;-3,78
2020-05-01T00:00:00+00:00;ASDBEAR/USD;152,60000000;214,55000000;150,65000000;181,15000000;15,76
2020-04-30T00:00:00+00:00;ASDBEAR/USD;156,95000000;164,35000000;114,10000000;152,60000000;-2,85
2020-04-29T00:00:00+00:00;ASDBEAR/USD;164,80000000;169,25000000;139,70000000;156,95000000;-5,0
2020-04-28T00:00:00+00:00;ASDBEAR/USD;157,25000000;169,25000000;152,10000000;164,80000000;4,58
2020-04-27T00:00:00+00:00;ASDBEAR/USD;158,75000000;160,20000000;150,60000000;157,25000000;-0,95
2020-04-26T00:00:00+00:00;ASDBEAR/USD;160,15000000;165,00000000;157,10000000;158,75000000;-0,88
2020-04-25T00:00:00+00:00;ASDBEAR/USD;167,65000000;169,65000000;157,00000000;160,15000000;-4,68
2020-04-24T00:00:00+00:00;ASDBEAR/USD;154,35000000;170,65000000;144,70000000;167,65000000;7,93
2020-04-23T00:00:00+00:00;ASDBEAR/USD;154,90000000;168,25000000;142,30000000;154,35000000;-0,36
2020-04-22T00:00:00+00:00;ASDBEAR/USD;180,05000000;183,00000000;151,60000000;154,90000000;-16,24
2020-04-21T00:00:00+00:00;ASDBEAR/USD;185,20000000;189,65000000;169,70000000;180,05000000;-2,86
2020-04-20T00:00:00+00:00;ASDBEAR/USD;159,95000000;189,65000000;155,45000000;184,80000000;13,45
2020-04-19T00:00:00+00:00;ASDBEAR/USD;143,85000000;167,35000000;141,05000000;159,95000000;10,07
2020-04-18T00:00:00+00:00;ASDBEAR/USD;194,60000000;194,60000000;137,75000000;143,85000000;-35,28
2020-04-17T00:00:00+00:00;ASDBEAR/USD;196,10000000;205,85000000;184,35000000;194,60000000;-0,77
2020-04-16T00:00:00+00:00;ASDBEAR/USD;240,80000000;274,80000000;178,10000000;196,10000000;-22,79
2020-04-15T00:00:00+00:00;ASDBEAR/USD;227,40000000;256,20000000;217,30000000;240,80000000;5,56
2020-04-14T00:00:00+00:00;ASDBEAR/USD;233,45000000;246,50000000;223,60000000;227,40000000;-2,66
2020-04-13T00:00:00+00:00;ASDBEAR/USD;191,90000000;286,40000000;190,25000000;233,45000000;17,8
2020-04-12T00:00:00+00:00;ASDBEAR/USD;184,65000000;193,20000000;170,35000000;191,90000000;3,78
2020-04-11T00:00:00+00:00;ASDBEAR/USD;165,45000000;198,55000000;157,35000000;184,65000000;10,4
2020-04-10T00:00:00+00:00;ASDBEAR/USD;138,35000000;177,40000000;136,30000000;165,45000000;16,38
2020-04-09T00:00:00+00:00;ASDBEAR/USD;142,00000000;153,75000000;137,25000000;138,35000000;-2,64
2020-04-08T00:00:00+00:00;ASDBEAR/USD;149,85000000;161,95000000;130,05000000;142,00000000;-5,53
2020-04-07T00:00:00+00:00;ASDBEAR/USD;157,90000000;163,05000000;136,90000000;149,85000000;-5,37
2020-04-06T00:00:00+00:00;ASDBEAR/USD;176,70000000;184,25000000;148,15000000;157,90000000;-11,91
2020-04-05T00:00:00+00:00;ASDBEAR/USD;172,00000000;182,80000000;160,95000000;176,70000000;2,66
2020-04-04T00:00:00+00:00;ASDBEAR/USD;175,60000000;194,00000000;157,60000000;172,00000000;-2,09
2020-04-03T00:00:00+00:00;ASDBEAR/USD;175,80000000;189,50000000;155,45000000;175,60000000;-0,11
2020-04-02T00:00:00+00:00;ASDBEAR/USD;188,70000000;204,75000000;157,65000000;175,80000000;-7,34
2020-04-01T00:00:00+00:00;ASDBEAR/USD;212,90000000;220,90000000;188,70000000;188,70000000;-12,82
2020-03-31T00:00:00+00:00;ASDBEAR/USD;199,20000000;230,50000000;192,50000000;212,90000000;6,43
2020-03-30T00:00:00+00:00;ASDBEAR/USD;309,20000000;310,40000000;171,80000000;199,20000000;-55,22
2020-03-29T00:00:00+00:00;ASDBEAR/USD;298,20000000;317,10000000;285,00000000;309,30000000;3,59
2020-03-28T00:00:00+00:00;ASDBEAR/USD;280,80000000;345,30000000;267,20000000;298,20000000;5,84
2020-03-27T00:00:00+00:00;ASDBEAR/USD;292,60000000;293,10000000;204,25000000;280,80000000;-4,2
2020-03-26T00:00:00+00:00;ASDBEAR/USD;315,90000000;369,20000000;291,30000000;292,60000000;-7,96
2020-03-25T00:00:00+00:00;ASDBEAR/USD;512,90000000;528,30000000;247,80000000;315,90000000;-62,36
2020-03-24T00:00:00+00:00;ASDBEAR/USD;649,50000000;649,50000000;497,60000000;512,90000000;-26,63
2020-03-23T00:00:00+00:00;ASDBEAR/USD;785,50000000;840,75000000;626,50000000;649,50000000;-20,94
2020-03-22T00:00:00+00:00;ASDBEAR/USD;785,50000000;785,50000000;711,25000000;785,50000000;0,0
2020-03-21T00:00:00+00:00;ASDBEAR/USD;772,00000000;844,50000000;720,25000000;785,50000000;1,72
2020-03-20T00:00:00+00:00;ASDBEAR/USD;898,50000000;898,50000000;558,50000000;757,25000000;-18,65
2020-03-19T00:00:00+00:00;ASDBEAR/USD;1094,50000000;1142,50000000;764,75000000;898,50000000;-21,81
2020-03-18T00:00:00+00:00;ASDBEAR/USD;1065,00000000;1241,50000000;1058,00000000;1094,50000000;2,7
2020-03-17T00:00:00+00:00;ASDBEAR/USD;1321,50000000;1321,50000000;1001,50000000;1065,00000000;-24,08
2020-03-16T00:00:00+00:00;ASDBEAR/USD;1096,75000000;1572,00000000;1038,50000000;1321,50000000;17,01
2020-03-15T00:00:00+00:00;ASDBEAR/USD;1549,00000000;1558,50000000;942,25000000;1096,75000000;-41,24
2020-03-14T00:00:00+00:00;ASDBEAR/USD;1626,00000000;1826,00000000;1352,50000000;1549,00000000;-4,97
2020-03-13T00:00:00+00:00;ASDBEAR/USD;2489,00000000;3030,00000000;1364,50000000;1626,00000000;-53,08
2020-03-12T00:00:00+00:00;ASDBEAR/USD;1112,50000000;2650,50000000;1112,50000000;2489,00000000;55,3
2020-03-11T00:00:00+00:00;ASDBEAR/USD;990,75000000;1192,50000000;914,50000000;1112,50000000;10,94
2020-03-10T00:00:00+00:00;ASDBEAR/USD;1231,00000000;1273,00000000;826,25000000;990,75000000;-24,25
2020-03-09T00:00:00+00:00;ASDBEAR/USD;1251,50000000;1594,50000000;1029,00000000;1231,00000000;-1,67
2020-03-08T00:00:00+00:00;ASDBEAR/USD;924,25000000;1251,50000000;914,75000000;1251,50000000;26,15
2020-03-07T00:00:00+00:00;ASDBEAR/USD;807,50000000;942,25000000;779,75000000;924,25000000;12,63
2020-03-06T00:00:00+00:00;ASDBEAR/USD;772,25000000;814,00000000;742,50000000;807,50000000;4,37
2020-03-05T00:00:00+00:00;ASDBEAR/USD;875,00000000;875,25000000;739,75000000;772,25000000;-13,31
2020-03-04T00:00:00+00:00;ASDBEAR/USD;875,00000000;881,50000000;821,50000000;875,00000000;0,0
2020-03-03T00:00:00+00:00;ASDBEAR/USD;801,50000000;885,50000000;757,00000000;875,00000000;8,4
2020-03-02T00:00:00+00:00;ASDBEAR/USD;973,75000000;1000,00000000;658,00000000;801,50000000;-21,49
2020-03-01T00:00:00+00:00;ASDBEAR/USD;879,25000000;1009,75000000;829,00000000;973,75000000;9,7
2020-02-29T00:00:00+00:00;ASDBEAR/USD;1153,50000000;1153,50000000;627,25000000;879,25000000;-31,19
2020-02-28T00:00:00+00:00;ASDBEAR/USD;1029,50000000;1220,00000000;919,25000000;1153,50000000;10,75
2020-02-27T00:00:00+00:00;ASDBEAR/USD;994,50000000;1146,00000000;967,75000000;1029,50000000;3,4
2020-02-26T00:00:00+00:00;ASDBEAR/USD;617,50000000;1068,00000000;604,50000000;994,50000000;37,91
2020-02-25T00:00:00+00:00;ASDBEAR/USD;620,00000000;624,00000000;538,00000000;617,50000000;-0,4
2020-02-24T00:00:00+00:00;ASDBEAR/USD;570,75000000;620,00000000;560,25000000;620,00000000;7,94
2020-02-23T00:00:00+00:00;ASDBEAR/USD;591,25000000;600,00000000;534,50000000;570,75000000;-3,59
2020-02-22T00:00:00+00:00;ASDBEAR/USD;549,00000000;600,00000000;549,00000000;591,25000000;7,15
2020-02-21T00:00:00+00:00;ASDBEAR/USD;562,00000000;577,50000000;549,00000000;549,00000000;-2,37
2020-02-20T00:00:00+00:00;ASDBEAR/USD;579,40000000;591,25000000;543,00000000;562,00000000;-3,1
2020-02-19T00:00:00+00:00;ASDBEAR/USD;486,10000000;600,30000000;471,50000000;579,40000000;16,1
2020-02-18T00:00:00+00:00;ASDBEAR/USD;535,00000000;563,00000000;477,75000000;486,10000000;-10,06
2020-02-17T00:00:00+00:00;ASDBEAR/USD;565,00000000;602,00000000;458,75000000;535,50000000;-5,51
2020-02-16T00:00:00+00:00;ASDBEAR/USD;500,30000000;622,60000000;475,30000000;565,00000000;11,45
2020-02-15T00:00:00+00:00;ASDBEAR/USD;419,90000000;535,60000000;411,70000000;500,30000000;16,07
2020-02-14T00:00:00+00:00;ASDBEAR/USD;365,30000000;463,30000000;365,30000000;419,90000000;13,0
2020-02-13T00:00:00+00:00;ASDBEAR/USD;322,50000000;392,50000000;315,00000000;365,30000000;11,72
2020-02-12T00:00:00+00:00;ASDBEAR/USD;315,40000000;342,40000000;293,40000000;322,50000000;2,2
2020-02-11T00:00:00+00:00;ASDBEAR/USD;319,60000000;346,60000000;310,40000000;315,40000000;-1,33
2020-02-10T00:00:00+00:00;ASDBEAR/USD;333,00000000;383,40000000;315,90000000;319,60000000;-4,19
2020-02-09T00:00:00+00:00;ASDBEAR/USD;336,50000000;345,20000000;312,00000000;333,00000000;-1,05
2020-02-08T00:00:00+00:00;ASDBEAR/USD;325,20000000;368,50000000;314,70000000;336,50000000;3,36
2020-02-07T00:00:00+00:00;ASDBEAR/USD;395,60000000;415,90000000;323,80000000;325,20000000;-21,65
2020-02-06T00:00:00+00:00;ASDBEAR/USD;516,10000000;530,75000000;373,10000000;395,60000000;-30,46
2020-02-05T00:00:00+00:00;ASDBEAR/USD;548,75000000;579,25000000;453,75000000;516,10000000;-6,33
2020-02-04T00:00:00+00:00;ASDBEAR/USD;481,40000000;584,80000000;465,00000000;548,75000000;12,27
2020-02-03T00:00:00+00:00;ASDBEAR/USD;446,90000000;589,30000000;416,50000000;481,40000000;7,17
2020-02-02T00:00:00+00:00;ASDBEAR/USD;1178,50000000;1213,00000000;278,30000000;446,90000000;-163,71
2020-02-01T00:00:00+00:00;ASDBEAR/USD;1245,00000000;1257,00000000;1161,00000000;1178,50000000;-5,64
2020-01-31T00:00:00+00:00;ASDBEAR/USD;1219,00000000;1293,50000000;1188,50000000;1245,00000000;2,09
2020-01-30T00:00:00+00:00;ASDBEAR/USD;1293,50000000;1356,50000000;1206,50000000;1219,00000000;-6,11
2020-01-29T00:00:00+00:00;ASDBEAR/USD;1308,00000000;1401,50000000;1182,50000000;1293,50000000;-1,12
2020-01-28T00:00:00+00:00;ASDBEAR/USD;1434,50000000;1470,50000000;1281,00000000;1310,50000000;-9,46
2020-01-27T00:00:00+00:00;ASDBEAR/USD;1578,00000000;1613,00000000;1395,00000000;1434,50000000;-10,0
2020-01-26T00:00:00+00:00;ASDBEAR/USD;1610,50000000;1630,50000000;1567,50000000;1578,00000000;-2,06
2020-01-25T00:00:00+00:00;ASDBEAR/USD;1624,50000000;1660,00000000;1585,00000000;1610,50000000;-0,87
2020-01-24T00:00:00+00:00;ASDBEAR/USD;1531,00000000;1634,00000000;1500,00000000;1624,50000000;5,76
2020-01-23T00:00:00+00:00;ASDBEAR/USD;1487,00000000;1579,50000000;1427,00000000;1530,50000000;2,84
2020-01-22T00:00:00+00:00;ASDBEAR/USD;1500,00000000;1553,00000000;1405,00000000;1487,00000000;-0,87
2020-01-21T00:00:00+00:00;ASDBEAR/USD;1509,50000000;1601,00000000;1477,00000000;1500,00000000;-0,63
2020-01-20T00:00:00+00:00;ASDBEAR/USD;1570,00000000;1672,00000000;1463,50000000;1508,50000000;-4,08
2020-01-19T00:00:00+00:00;ASDBEAR/USD;1500,00000000;1630,50000000;1339,00000000;1569,00000000;4,4
2020-01-18T00:00:00+00:00;ASDBEAR/USD;1463,00000000;1520,00000000;1409,00000000;1500,00000000;2,47
2020-01-17T00:00:00+00:00;ASDBEAR/USD;1705,00000000;1715,00000000;1355,00000000;1463,00000000;-16,54
2020-01-16T00:00:00+00:00;ASDBEAR/USD;1620,50000000;1878,00000000;1603,00000000;1702,00000000;4,79
2020-01-15T00:00:00+00:00;ASDBEAR/USD;2103,00000000;2394,50000000;1541,50000000;1619,00000000;-29,89
2020-01-14T00:00:00+00:00;ASDBEAR/USD;2680,00000000;2717,00000000;1882,50000000;2097,50000000;-27,77
2020-01-13T00:00:00+00:00;ASDBEAR/USD;2652,00000000;3079,00000000;2548,00000000;2683,00000000;1,16
2020-01-12T00:00:00+00:00;ASDBEAR/USD;2766,00000000;2948,00000000;2505,00000000;2652,00000000;-4,3
2020-01-11T00:00:00+00:00;ASDBEAR/USD;2705,00000000;2851,00000000;2688,00000000;2766,00000000;2,21
2020-01-10T00:00:00+00:00;ASDBEAR/USD;3079,00000000;3144,00000000;2658,00000000;2705,00000000;-13,83
2020-01-09T00:00:00+00:00;ASDBEAR/USD;2970,00000000;3147,00000000;2862,00000000;3066,00000000;3,13
2020-01-08T00:00:00+00:00;ASDBEAR/USD;2676,00000000;3102,00000000;2484,00000000;2970,00000000;9,9
2020-01-07T00:00:00+00:00;ASDBEAR/USD;3132,00000000;3191,00000000;2437,00000000;2676,00000000;-17,04

