DATE/TIME;SYMBOL;OPEN;HIGH;LOW;CLOSE;EVOL % CLOSE/HIGH
2022-01-05T00:00:00+00:00;ALGOHEDGE/USD;25,25250000;25,39750000;23,70250000;24,26750000;-4,06
2022-01-04T00:00:00+00:00;ALGOHEDGE/USD;23,77000000;25,43500000;23,07000000;25,25250000;5,87
2022-01-03T00:00:00+00:00;ALGOHEDGE/USD;25,50000000;26,23000000;23,07250000;23,77000000;-7,28
2022-01-02T00:00:00+00:00;ALGOHEDGE/USD;24,62250000;25,69000000;24,03500000;25,50000000;3,44
2022-01-01T00:00:00+00:00;ALGOHEDGE/USD;25,78250000;26,26750000;24,20750000;24,62250000;-4,71
2021-12-31T00:00:00+00:00;ALGOHEDGE/USD;25,99500000;27,75500000;24,05500000;25,78250000;-0,82
2021-12-30T00:00:00+00:00;ALGOHEDGE/USD;27,56000000;28,80250000;24,46750000;25,99500000;-6,02
2021-12-29T00:00:00+00:00;ALGOHEDGE/USD;29,77750000;30,98500000;26,41250000;27,56000000;-8,05
2021-12-28T00:00:00+00:00;ALGOHEDGE/USD;26,51000000;30,03750000;25,91750000;29,77750000;10,97
2021-12-27T00:00:00+00:00;ALGOHEDGE/USD;27,54250000;28,02250000;25,60000000;26,51000000;-3,89
2021-12-26T00:00:00+00:00;ALGOHEDGE/USD;28,17500000;28,64000000;26,95750000;27,54250000;-2,3
2021-12-25T00:00:00+00:00;ALGOHEDGE/USD;28,05250000;28,89750000;27,70500000;28,17500000;0,43
2021-12-24T00:00:00+00:00;ALGOHEDGE/USD;30,32500000;32,22500000;26,63000000;28,05250000;-8,1
2021-12-23T00:00:00+00:00;ALGOHEDGE/USD;32,73500000;33,23000000;29,86500000;30,32500000;-7,95
2021-12-22T00:00:00+00:00;ALGOHEDGE/USD;33,02000000;33,30500000;31,61500000;32,73500000;-0,87
2021-12-21T00:00:00+00:00;ALGOHEDGE/USD;34,66500000;34,88500000;32,88500000;33,02000000;-4,98
2021-12-20T00:00:00+00:00;ALGOHEDGE/USD;33,11500000;35,58000000;33,04000000;34,66500000;4,47
2021-12-19T00:00:00+00:00;ALGOHEDGE/USD;32,66000000;33,22000000;31,59500000;33,11500000;1,37
2021-12-18T00:00:00+00:00;ALGOHEDGE/USD;33,32000000;33,91000000;32,11500000;32,66000000;-2,02
2021-12-17T00:00:00+00:00;ALGOHEDGE/USD;32,41500000;34,06000000;31,67250000;33,32000000;2,72
2021-12-16T00:00:00+00:00;ALGOHEDGE/USD;31,57500000;32,55000000;30,74250000;32,41500000;2,59
2021-12-15T00:00:00+00:00;ALGOHEDGE/USD;32,75500000;34,67500000;30,96500000;31,57500000;-3,74
2021-12-14T00:00:00+00:00;ALGOHEDGE/USD;34,21500000;34,45000000;32,37500000;32,75500000;-4,46
2021-12-13T00:00:00+00:00;ALGOHEDGE/USD;30,11500000;34,36000000;29,70000000;34,21500000;11,98
2021-12-12T00:00:00+00:00;ALGOHEDGE/USD;30,43500000;30,77000000;29,57250000;30,11500000;-1,06
2021-12-11T00:00:00+00:00;ALGOHEDGE/USD;31,70500000;32,37000000;29,40500000;30,43500000;-4,17
2021-12-10T00:00:00+00:00;ALGOHEDGE/USD;30,14500000;31,84000000;29,14000000;31,70500000;4,92
2021-12-09T00:00:00+00:00;ALGOHEDGE/USD;27,72000000;30,14500000;27,43000000;30,14500000;8,04
2021-12-08T00:00:00+00:00;ALGOHEDGE/USD;28,01500000;29,32500000;27,66000000;27,72000000;-1,06
2021-12-07T00:00:00+00:00;ALGOHEDGE/USD;26,73000000;28,20250000;26,09250000;28,01500000;4,59
2021-12-06T00:00:00+00:00;ALGOHEDGE/USD;26,80000000;28,96500000;25,38000000;26,73000000;-0,26
2021-12-05T00:00:00+00:00;ALGOHEDGE/USD;28,82500000;29,53500000;26,80000000;26,80000000;-7,56
2021-12-04T00:00:00+00:00;ALGOHEDGE/USD;27,31750000;33,33000000;27,31750000;28,82500000;5,23
2021-12-03T00:00:00+00:00;ALGOHEDGE/USD;25,36250000;27,83500000;24,59500000;27,31750000;7,16
2021-12-02T00:00:00+00:00;ALGOHEDGE/USD;24,45750000;26,08750000;23,49250000;25,36250000;3,57
2021-12-01T00:00:00+00:00;ALGOHEDGE/USD;26,65000000;26,76500000;23,53000000;24,45750000;-8,96
2021-11-30T00:00:00+00:00;ALGOHEDGE/USD;27,01000000;27,63250000;25,69250000;26,65000000;-1,35
2021-11-29T00:00:00+00:00;ALGOHEDGE/USD;28,20500000;28,92750000;26,37000000;27,01000000;-4,42
2021-11-28T00:00:00+00:00;ALGOHEDGE/USD;28,95250000;30,43250000;28,20500000;28,20500000;-2,65
2021-11-27T00:00:00+00:00;ALGOHEDGE/USD;29,94500000;30,00000000;27,95000000;28,95250000;-3,43
2021-11-26T00:00:00+00:00;ALGOHEDGE/USD;27,00500000;30,18000000;26,94750000;29,94500000;9,82
2021-11-25T00:00:00+00:00;ALGOHEDGE/USD;28,22500000;28,99500000;26,62250000;27,00500000;-4,52
2021-11-24T00:00:00+00:00;ALGOHEDGE/USD;26,84250000;28,99500000;26,39250000;28,22500000;4,9
2021-11-23T00:00:00+00:00;ALGOHEDGE/USD;28,28000000;28,99500000;26,53750000;26,84250000;-5,36
2021-11-22T00:00:00+00:00;ALGOHEDGE/USD;26,90250000;28,66500000;26,81250000;28,28000000;4,87
2021-11-21T00:00:00+00:00;ALGOHEDGE/USD;26,90250000;27,64500000;26,09000000;26,90250000;0,0
2021-11-20T00:00:00+00:00;ALGOHEDGE/USD;26,35500000;27,92500000;25,95250000;26,90250000;2,04
2021-11-19T00:00:00+00:00;ALGOHEDGE/USD;26,71750000;28,00750000;25,92000000;26,35500000;-1,38
2021-11-18T00:00:00+00:00;ALGOHEDGE/USD;42,66000000;42,91000000;19,89500000;26,79000000;-59,24
2021-11-17T00:00:00+00:00;ALGOHEDGE/USD;41,08000000;44,11500000;40,05000000;42,66000000;3,7
2021-11-16T00:00:00+00:00;ALGOHEDGE/USD;37,73500000;44,17500000;37,65500000;41,08000000;8,14
2021-11-15T00:00:00+00:00;ALGOHEDGE/USD;36,12000000;38,29000000;35,68500000;37,73500000;4,28
2021-11-14T00:00:00+00:00;ALGOHEDGE/USD;34,52000000;37,18000000;33,91000000;36,12000000;4,43
2021-11-13T00:00:00+00:00;ALGOHEDGE/USD;33,43000000;35,22000000;33,16000000;34,52000000;3,16
2021-11-12T00:00:00+00:00;ALGOHEDGE/USD;36,52000000;36,85000000;30,93000000;33,43000000;-9,24
2021-11-11T00:00:00+00:00;ALGOHEDGE/USD;38,34000000;39,28000000;35,71500000;36,51500000;-5,0
2021-11-10T00:00:00+00:00;ALGOHEDGE/USD;39,55500000;40,39000000;32,91000000;38,34000000;-3,17
2021-11-09T00:00:00+00:00;ALGOHEDGE/USD;37,64000000;39,69000000;37,38500000;39,55500000;4,84
2021-11-08T00:00:00+00:00;ALGOHEDGE/USD;41,59000000;42,13500000;36,83000000;37,64000000;-10,49
2021-11-07T00:00:00+00:00;ALGOHEDGE/USD;42,19500000;42,53500000;41,43000000;41,59000000;-1,45
2021-11-06T00:00:00+00:00;ALGOHEDGE/USD;41,88000000;43,46000000;41,46000000;42,19500000;0,75
2021-11-05T00:00:00+00:00;ALGOHEDGE/USD;41,46000000;42,25000000;40,41500000;41,88000000;1,0
2021-11-04T00:00:00+00:00;ALGOHEDGE/USD;40,30500000;42,37500000;39,52000000;41,46000000;2,79
2021-11-03T00:00:00+00:00;ALGOHEDGE/USD;41,64000000;42,34500000;39,18500000;40,30500000;-3,31
2021-11-02T00:00:00+00:00;ALGOHEDGE/USD;42,26500000;42,29000000;40,45000000;41,64000000;-1,5
2021-11-01T00:00:00+00:00;ALGOHEDGE/USD;42,32000000;43,35500000;41,46000000;42,26500000;-0,13
2021-10-31T00:00:00+00:00;ALGOHEDGE/USD;42,30000000;43,90000000;41,61500000;42,32000000;0,05
2021-10-30T00:00:00+00:00;ALGOHEDGE/USD;41,22000000;43,10000000;41,14000000;42,30000000;2,55
2021-10-29T00:00:00+00:00;ALGOHEDGE/USD;41,72000000;41,98500000;40,25500000;41,22000000;-1,21
2021-10-28T00:00:00+00:00;ALGOHEDGE/USD;42,81500000;43,94500000;41,03000000;41,72000000;-2,62
2021-10-27T00:00:00+00:00;ALGOHEDGE/USD;38,34000000;43,97000000;37,46000000;42,81500000;10,45
2021-10-26T00:00:00+00:00;ALGOHEDGE/USD;37,93000000;39,97000000;37,15000000;38,34000000;1,07
2021-10-25T00:00:00+00:00;ALGOHEDGE/USD;43,43000000;43,60000000;37,51000000;37,93000000;-14,5
2021-10-24T00:00:00+00:00;ALGOHEDGE/USD;41,62500000;44,17500000;41,37500000;43,43000000;4,16
2021-10-23T00:00:00+00:00;ALGOHEDGE/USD;42,53000000;42,69500000;40,77500000;41,62500000;-2,17
2021-10-22T00:00:00+00:00;ALGOHEDGE/USD;44,28500000;44,51000000;40,48000000;42,53000000;-4,13
2021-10-21T00:00:00+00:00;ALGOHEDGE/USD;44,08000000;44,90500000;40,06000000;44,28500000;0,46
2021-10-20T00:00:00+00:00;ALGOHEDGE/USD;46,27500000;46,73500000;43,19000000;44,08000000;-4,98
2021-10-19T00:00:00+00:00;ALGOHEDGE/USD;45,30500000;46,79000000;44,51500000;46,27500000;2,1
2021-10-18T00:00:00+00:00;ALGOHEDGE/USD;44,48500000;45,91000000;43,92000000;45,30500000;1,81
2021-10-17T00:00:00+00:00;ALGOHEDGE/USD;43,74000000;45,55000000;41,54500000;44,48500000;1,67
2021-10-16T00:00:00+00:00;ALGOHEDGE/USD;44,71000000;45,24500000;42,46500000;43,74000000;-2,22
2021-10-15T00:00:00+00:00;ALGOHEDGE/USD;43,39500000;45,29500000;43,39500000;44,71000000;2,94
2021-10-14T00:00:00+00:00;ALGOHEDGE/USD;42,74500000;44,14500000;41,78500000;43,39500000;1,5
2021-10-13T00:00:00+00:00;ALGOHEDGE/USD;45,11500000;46,49500000;42,65500000;42,74500000;-5,54
2021-10-12T00:00:00+00:00;ALGOHEDGE/USD;45,95000000;48,81500000;44,78500000;45,11500000;-1,85
2021-10-11T00:00:00+00:00;ALGOHEDGE/USD;44,61500000;46,81000000;42,92500000;45,95000000;2,91
2021-10-10T00:00:00+00:00;ALGOHEDGE/USD;41,69500000;44,75000000;41,63500000;44,52500000;6,36
2021-10-09T00:00:00+00:00;ALGOHEDGE/USD;41,55500000;42,41500000;40,61000000;41,69500000;0,34
2021-10-08T00:00:00+00:00;ALGOHEDGE/USD;41,87000000;42,10500000;39,28500000;41,55500000;-0,76
2021-10-07T00:00:00+00:00;ALGOHEDGE/USD;43,61000000;45,01000000;40,59000000;41,87000000;-4,16
2021-10-06T00:00:00+00:00;ALGOHEDGE/USD;40,57000000;44,15000000;39,94000000;43,61000000;6,97
2021-10-05T00:00:00+00:00;ALGOHEDGE/USD;40,67000000;41,29000000;38,39000000;40,57000000;-0,25
2021-10-04T00:00:00+00:00;ALGOHEDGE/USD;39,91000000;41,88500000;37,72500000;40,67000000;1,87
2021-10-03T00:00:00+00:00;ALGOHEDGE/USD;45,24000000;46,05500000;39,52000000;39,91000000;-13,36
2021-10-02T00:00:00+00:00;ALGOHEDGE/USD;44,97500000;46,62000000;42,32000000;45,24000000;0,59
2021-10-01T00:00:00+00:00;ALGOHEDGE/USD;49,43000000;50,48000000;43,91000000;44,97500000;-9,91
2021-09-30T00:00:00+00:00;ALGOHEDGE/USD;50,09000000;51,23000000;48,19500000;49,43000000;-1,34
2021-09-29T00:00:00+00:00;ALGOHEDGE/USD;51,41000000;52,01000000;45,53000000;50,09000000;-2,64
2021-09-28T00:00:00+00:00;ALGOHEDGE/USD;48,31000000;51,87000000;46,88000000;51,41000000;6,03
2021-09-27T00:00:00+00:00;ALGOHEDGE/USD;45,83000000;48,49500000;43,76000000;48,31000000;5,13
2021-09-26T00:00:00+00:00;ALGOHEDGE/USD;46,86000000;51,41500000;45,65000000;45,83000000;-2,25
2021-09-25T00:00:00+00:00;ALGOHEDGE/USD;45,52000000;47,85500000;44,64500000;46,86000000;2,86
2021-09-24T00:00:00+00:00;ALGOHEDGE/USD;41,13000000;47,41000000;41,02500000;45,52000000;9,64
2021-09-23T00:00:00+00:00;ALGOHEDGE/USD;44,96000000;46,11000000;39,92000000;41,13000000;-9,31
2021-09-22T00:00:00+00:00;ALGOHEDGE/USD;53,50000000;54,50500000;43,78500000;44,96000000;-18,99
2021-09-21T00:00:00+00:00;ALGOHEDGE/USD;51,10000000;55,14500000;46,22000000;53,50000000;4,49
2021-09-20T00:00:00+00:00;ALGOHEDGE/USD;44,19000000;53,58500000;44,11000000;51,10000000;13,52
2021-09-19T00:00:00+00:00;ALGOHEDGE/USD;42,24500000;44,76000000;40,60000000;44,19000000;4,4
2021-09-18T00:00:00+00:00;ALGOHEDGE/USD;45,80000000;46,46500000;41,01000000;42,13500000;-8,7
2021-09-17T00:00:00+00:00;ALGOHEDGE/USD;43,34500000;46,38500000;40,95000000;45,80000000;5,36
2021-09-16T00:00:00+00:00;ALGOHEDGE/USD;43,80000000;47,02500000;39,42500000;43,34500000;-1,05
2021-09-15T00:00:00+00:00;ALGOHEDGE/USD;43,50500000;44,17000000;42,40500000;43,80000000;0,67
2021-09-14T00:00:00+00:00;ALGOHEDGE/USD;40,90000000;44,36500000;39,26000000;43,50500000;5,99
2021-09-13T00:00:00+00:00;ALGOHEDGE/USD;37,68000000;43,61500000;35,21000000;40,96500000;8,02
2021-09-12T00:00:00+00:00;ALGOHEDGE/USD;45,88500000;47,99500000;36,42000000;37,68000000;-21,78
2021-09-11T00:00:00+00:00;ALGOHEDGE/USD;45,85000000;46,49000000;39,87000000;45,88500000;0,08
2021-09-10T00:00:00+00:00;ALGOHEDGE/USD;40,25500000;48,00000000;38,62000000;45,85000000;12,2
2021-09-09T00:00:00+00:00;ALGOHEDGE/USD;49,83500000;50,09000000;37,29500000;40,25500000;-23,8
2021-09-08T00:00:00+00:00;ALGOHEDGE/USD;80,73000000;82,50000000;48,55500000;49,83500000;-61,99
2021-09-07T00:00:00+00:00;ALGOHEDGE/USD;71,24500000;90,52000000;68,31000000;80,73000000;11,75
2021-09-06T00:00:00+00:00;ALGOHEDGE/USD;79,26000000;80,76000000;69,31000000;71,24500000;-11,25
2021-09-05T00:00:00+00:00;ALGOHEDGE/USD;87,13000000;88,89000000;76,99000000;79,42000000;-9,71
2021-09-04T00:00:00+00:00;ALGOHEDGE/USD;86,20000000;88,18000000;84,71000000;87,13000000;1,07
2021-09-03T00:00:00+00:00;ALGOHEDGE/USD;92,01000000;94,68000000;81,86000000;86,20000000;-6,74
2021-09-02T00:00:00+00:00;ALGOHEDGE/USD;90,68000000;94,79000000;89,08000000;92,10000000;1,54
2021-09-01T00:00:00+00:00;ALGOHEDGE/USD;94,87000000;97,18000000;88,29000000;90,68000000;-4,62
2021-08-31T00:00:00+00:00;ALGOHEDGE/USD;103,95000000;105,42000000;88,75000000;94,87000000;-9,57
2021-08-30T00:00:00+00:00;ALGOHEDGE/USD;103,30000000;108,05000000;96,37000000;103,95000000;0,63
2021-08-29T00:00:00+00:00;ALGOHEDGE/USD;102,04000000;105,49000000;99,01000000;103,46000000;1,37
2021-08-28T00:00:00+00:00;ALGOHEDGE/USD;99,36000000;103,65000000;98,41000000;102,04000000;2,63
2021-08-27T00:00:00+00:00;ALGOHEDGE/USD;107,46000000;110,55000000;99,20000000;99,36000000;-8,15
2021-08-26T00:00:00+00:00;ALGOHEDGE/USD;100,44000000;109,00000000;99,26000000;107,46000000;6,53
2021-08-25T00:00:00+00:00;ALGOHEDGE/USD;102,43000000;106,42000000;98,72000000;100,44000000;-1,98
2021-08-24T00:00:00+00:00;ALGOHEDGE/USD;92,94000000;104,19000000;92,76000000;102,56000000;9,38
2021-08-23T00:00:00+00:00;ALGOHEDGE/USD;92,99000000;96,74000000;90,43000000;92,94000000;-0,05
2021-08-22T00:00:00+00:00;ALGOHEDGE/USD;93,53000000;95,74000000;85,96000000;92,99000000;-0,58
2021-08-21T00:00:00+00:00;ALGOHEDGE/USD;94,39000000;98,10000000;87,38000000;93,37000000;-1,09
2021-08-20T00:00:00+00:00;ALGOHEDGE/USD;103,49000000;103,94000000;92,91000000;94,53000000;-9,48
2021-08-19T00:00:00+00:00;ALGOHEDGE/USD;119,44000000;120,82000000;100,92000000;103,49000000;-15,41
2021-08-18T00:00:00+00:00;ALGOHEDGE/USD;125,04000000;129,48000000;114,11000000;119,44000000;-4,69
2021-08-17T00:00:00+00:00;ALGOHEDGE/USD;116,99000000;125,32000000;111,60000000;125,04000000;6,44
2021-08-16T00:00:00+00:00;ALGOHEDGE/USD;111,83000000;120,05000000;108,12000000;116,99000000;4,41
2021-08-15T00:00:00+00:00;ALGOHEDGE/USD;120,17000000;120,57000000;108,00000000;111,83000000;-7,46
2021-08-14T00:00:00+00:00;ALGOHEDGE/USD;117,41000000;121,93000000;113,73000000;120,17000000;2,3
2021-08-13T00:00:00+00:00;ALGOHEDGE/USD;126,91000000;129,08000000;117,04000000;117,41000000;-8,09
2021-08-12T00:00:00+00:00;ALGOHEDGE/USD;123,38000000;131,15000000;116,42000000;127,16000000;2,97
2021-08-11T00:00:00+00:00;ALGOHEDGE/USD;127,69000000;128,47000000;115,38000000;123,38000000;-3,49
2021-08-10T00:00:00+00:00;ALGOHEDGE/USD;132,51000000;134,95000000;123,63000000;127,91000000;-3,6
2021-08-09T00:00:00+00:00;ALGOHEDGE/USD;136,96000000;140,72000000;129,29000000;132,51000000;-3,36
2021-08-08T00:00:00+00:00;ALGOHEDGE/USD;129,53000000;140,93000000;127,82000000;136,96000000;5,42
2021-08-07T00:00:00+00:00;ALGOHEDGE/USD;132,68000000;140,93000000;126,15000000;129,53000000;-2,43
2021-08-06T00:00:00+00:00;ALGOHEDGE/USD;133,34000000;137,91000000;130,28000000;132,68000000;-0,5
2021-08-05T00:00:00+00:00;ALGOHEDGE/USD;137,05000000;140,93000000;131,68000000;133,34000000;-2,78
2021-08-04T00:00:00+00:00;ALGOHEDGE/USD;138,73000000;141,21000000;134,65000000;137,05000000;-1,23
2021-08-03T00:00:00+00:00;ALGOHEDGE/USD;138,93000000;143,15000000;135,38000000;138,73000000;-0,14
2021-08-02T00:00:00+00:00;ALGOHEDGE/USD;138,90000000;141,38000000;134,86000000;138,93000000;0,02
2021-08-01T00:00:00+00:00;ALGOHEDGE/USD;135,74000000;140,62000000;128,96000000;138,90000000;2,28
2021-07-31T00:00:00+00:00;ALGOHEDGE/USD;133,16000000;137,83000000;132,26000000;135,74000000;1,9
2021-07-30T00:00:00+00:00;ALGOHEDGE/USD;134,04000000;139,87000000;132,81000000;133,16000000;-0,66
2021-07-29T00:00:00+00:00;ALGOHEDGE/USD;134,70000000;137,85000000;132,74000000;134,04000000;-0,49
2021-07-28T00:00:00+00:00;ALGOHEDGE/USD;133,23000000;139,48000000;130,22000000;134,70000000;1,09
2021-07-27T00:00:00+00:00;ALGOHEDGE/USD;134,27000000;139,48000000;130,21000000;133,23000000;-0,78
2021-07-26T00:00:00+00:00;ALGOHEDGE/USD;128,17000000;138,06000000;121,89000000;134,27000000;4,54
2021-07-25T00:00:00+00:00;ALGOHEDGE/USD;138,90000000;143,78000000;125,34000000;128,17000000;-8,37
2021-07-24T00:00:00+00:00;ALGOHEDGE/USD;142,50000000;143,56000000;135,35000000;138,90000000;-2,59
2021-07-23T00:00:00+00:00;ALGOHEDGE/USD;144,40000000;148,77000000;140,90000000;142,50000000;-1,33
2021-07-22T00:00:00+00:00;ALGOHEDGE/USD;150,08000000;152,68000000;143,83000000;144,40000000;-3,93
2021-07-21T00:00:00+00:00;ALGOHEDGE/USD;167,10000000;170,62500000;146,72000000;150,08000000;-11,34
2021-07-20T00:00:00+00:00;ALGOHEDGE/USD;155,61000000;171,45000000;149,81000000;167,30000000;6,99
2021-07-19T00:00:00+00:00;ALGOHEDGE/USD;147,53000000;156,69000000;145,56000000;155,61000000;5,19
2021-07-18T00:00:00+00:00;ALGOHEDGE/USD;149,85000000;151,68000000;144,40000000;147,35000000;-1,7
2021-07-17T00:00:00+00:00;ALGOHEDGE/USD;150,01000000;152,44000000;145,81000000;149,85000000;-0,11
2021-07-16T00:00:00+00:00;ALGOHEDGE/USD;141,46000000;152,06000000;138,94000000;150,01000000;5,7
2021-07-15T00:00:00+00:00;ALGOHEDGE/USD;137,76000000;144,12000000;134,17000000;141,65000000;2,75
2021-07-14T00:00:00+00:00;ALGOHEDGE/USD;135,36000000;143,67000000;132,96000000;137,76000000;1,74
2021-07-13T00:00:00+00:00;ALGOHEDGE/USD;136,43000000;139,72000000;132,11000000;135,36000000;-0,79
2021-07-12T00:00:00+00:00;ALGOHEDGE/USD;132,96000000;139,37000000;131,35000000;136,43000000;2,54
2021-07-11T00:00:00+00:00;ALGOHEDGE/USD;133,61000000;134,87000000;129,43000000;132,96000000;-0,49
2021-07-10T00:00:00+00:00;ALGOHEDGE/USD;131,75000000;138,60000000;129,06000000;133,61000000;1,39
2021-07-09T00:00:00+00:00;ALGOHEDGE/USD;138,20000000;143,76000000;127,60000000;131,75000000;-4,9
2021-07-08T00:00:00+00:00;ALGOHEDGE/USD;132,22000000;140,68000000;131,44000000;138,15000000;4,29
2021-07-07T00:00:00+00:00;ALGOHEDGE/USD;131,47000000;133,26000000;127,39000000;131,97000000;0,38
2021-07-06T00:00:00+00:00;ALGOHEDGE/USD;137,77000000;139,25000000;128,33000000;131,47000000;-4,79
2021-07-05T00:00:00+00:00;ALGOHEDGE/USD;136,28000000;142,86000000;132,54000000;137,77000000;1,08
2021-07-04T00:00:00+00:00;ALGOHEDGE/USD;137,29000000;140,09000000;131,25000000;136,24000000;-0,77
2021-07-03T00:00:00+00:00;ALGOHEDGE/USD;141,99000000;144,09000000;135,72000000;137,29000000;-3,42
2021-07-02T00:00:00+00:00;ALGOHEDGE/USD;144,10000000;150,41000000;141,24000000;141,99000000;-1,49
2021-07-01T00:00:00+00:00;ALGOHEDGE/USD;137,24000000;147,99000000;136,74000000;144,10000000;4,76
2021-06-30T00:00:00+00:00;ALGOHEDGE/USD;136,52000000;144,36000000;132,73000000;137,24000000;0,52
2021-06-29T00:00:00+00:00;ALGOHEDGE/USD;144,24000000;144,24000000;129,95000000;136,52000000;-5,65
2021-06-28T00:00:00+00:00;ALGOHEDGE/USD;145,32000000;147,23000000;140,18000000;144,24000000;-0,75
2021-06-27T00:00:00+00:00;ALGOHEDGE/USD;150,31000000;157,06000000;144,48000000;145,32000000;-3,43
2021-06-26T00:00:00+00:00;ALGOHEDGE/USD;154,42000000;159,70000000;146,95000000;150,31000000;-2,73
2021-06-25T00:00:00+00:00;ALGOHEDGE/USD;141,25000000;156,26000000;137,13000000;154,42000000;8,53
2021-06-24T00:00:00+00:00;ALGOHEDGE/USD;149,48000000;155,66000000;137,66000000;141,25000000;-5,83
2021-06-23T00:00:00+00:00;ALGOHEDGE/USD;171,02000000;176,27500000;142,33000000;149,48000000;-14,41
2021-06-22T00:00:00+00:00;ALGOHEDGE/USD;175,35000000;182,34000000;151,43000000;171,02000000;-2,53
2021-06-21T00:00:00+00:00;ALGOHEDGE/USD;147,89000000;175,87500000;146,50000000;174,87500000;15,43
2021-06-20T00:00:00+00:00;ALGOHEDGE/USD;147,71000000;156,67000000;144,88000000;147,89000000;0,12
2021-06-19T00:00:00+00:00;ALGOHEDGE/USD;140,10000000;147,77000000;139,36000000;147,71000000;5,15
2021-06-18T00:00:00+00:00;ALGOHEDGE/USD;131,03000000;147,45000000;127,58000000;140,10000000;6,47
2021-06-17T00:00:00+00:00;ALGOHEDGE/USD;137,69000000;141,48000000;128,19000000;131,03000000;-5,08
2021-06-16T00:00:00+00:00;ALGOHEDGE/USD;135,61000000;146,12000000;131,88000000;137,69000000;1,51
2021-06-15T00:00:00+00:00;ALGOHEDGE/USD;132,78000000;141,42000000;127,69000000;135,61000000;2,09
2021-06-14T00:00:00+00:00;ALGOHEDGE/USD;134,70000000;142,45000000;128,66000000;132,78000000;-1,45
2021-06-13T00:00:00+00:00;ALGOHEDGE/USD;142,78000000;147,45000000;130,96000000;134,70000000;-6,0
2021-06-12T00:00:00+00:00;ALGOHEDGE/USD;144,58000000;154,16000000;139,31000000;142,78000000;-1,26
2021-06-11T00:00:00+00:00;ALGOHEDGE/USD;135,76000000;147,12000000;130,84000000;144,77000000;6,22
2021-06-10T00:00:00+00:00;ALGOHEDGE/USD;135,35000000;144,19000000;134,72000000;135,76000000;0,3
2021-06-09T00:00:00+00:00;ALGOHEDGE/USD;155,17000000;160,75000000;124,86000000;135,35000000;-14,64
2021-06-08T00:00:00+00:00;ALGOHEDGE/USD;151,86000000;168,86000000;149,44000000;155,17000000;2,13
2021-06-07T00:00:00+00:00;ALGOHEDGE/USD;144,46000000;154,33000000;134,99000000;151,86000000;4,87
2021-06-06T00:00:00+00:00;ALGOHEDGE/USD;152,34000000;153,72000000;144,13000000;144,46000000;-5,45
2021-06-05T00:00:00+00:00;ALGOHEDGE/USD;145,02000000;155,53000000;135,64000000;152,34000000;4,81
2021-06-04T00:00:00+00:00;ALGOHEDGE/USD;134,56000000;151,46000000;131,75000000;145,02000000;7,21
2021-06-03T00:00:00+00:00;ALGOHEDGE/USD;148,75000000;151,01000000;129,54000000;134,56000000;-10,55
2021-06-02T00:00:00+00:00;ALGOHEDGE/USD;173,60000000;177,20000000;141,71000000;148,75000000;-16,71
2021-06-01T00:00:00+00:00;ALGOHEDGE/USD;167,37500000;176,55000000;163,82500000;173,60000000;3,59
2021-05-31T00:00:00+00:00;ALGOHEDGE/USD;186,75000000;194,25000000;166,35000000;167,37500000;-11,58
2021-05-30T00:00:00+00:00;ALGOHEDGE/USD;190,85000000;202,40000000;176,42500000;186,75000000;-2,2
2021-05-29T00:00:00+00:00;ALGOHEDGE/USD;178,40000000;198,90000000;172,40000000;190,85000000;6,52
2021-05-28T00:00:00+00:00;ALGOHEDGE/USD;166,32500000;187,25000000;163,12500000;178,40000000;6,77
2021-05-27T00:00:00+00:00;ALGOHEDGE/USD;158,29000000;170,97500000;156,57500000;166,32500000;4,83
2021-05-26T00:00:00+00:00;ALGOHEDGE/USD;166,82500000;169,05000000;152,30000000;158,29000000;-5,39
2021-05-25T00:00:00+00:00;ALGOHEDGE/USD;164,92500000;183,47500000;159,87500000;166,82500000;1,14
2021-05-24T00:00:00+00:00;ALGOHEDGE/USD;203,87500000;209,17500000;161,60000000;164,92500000;-23,62
2021-05-23T00:00:00+00:00;ALGOHEDGE/USD;173,97500000;227,37500000;163,00000000;203,87500000;14,67
2021-05-22T00:00:00+00:00;ALGOHEDGE/USD;176,22500000;195,25000000;168,57500000;173,97500000;-1,29
2021-05-21T00:00:00+00:00;ALGOHEDGE/USD;157,60000000;191,60000000;152,01000000;176,22500000;10,57
2021-05-20T00:00:00+00:00;ALGOHEDGE/USD;188,80000000;207,67500000;155,85000000;157,60000000;-19,8
2021-05-19T00:00:00+00:00;ALGOHEDGE/USD;143,94000000;201,92000000;141,41000000;188,80000000;23,76
2021-05-18T00:00:00+00:00;ALGOHEDGE/USD;153,63000000;156,00000000;139,74000000;143,94000000;-6,73
2021-05-17T00:00:00+00:00;ALGOHEDGE/USD;142,16000000;156,29000000;140,62000000;153,63000000;7,47
2021-05-16T00:00:00+00:00;ALGOHEDGE/USD;142,82000000;148,73000000;127,65000000;142,16000000;-0,46
2021-05-15T00:00:00+00:00;ALGOHEDGE/USD;136,12000000;144,53000000;130,70000000;143,15000000;4,91
2021-05-14T00:00:00+00:00;ALGOHEDGE/USD;149,67000000;152,43000000;134,71000000;136,12000000;-9,95
2021-05-13T00:00:00+00:00;ALGOHEDGE/USD;161,22500000;170,62500000;140,48000000;149,67000000;-7,72
2021-05-12T00:00:00+00:00;ALGOHEDGE/USD;145,59000000;166,65000000;142,85000000;161,22500000;9,7
2021-05-11T00:00:00+00:00;ALGOHEDGE/USD;157,74000000;161,08000000;145,16000000;145,59000000;-8,35
2021-05-10T00:00:00+00:00;ALGOHEDGE/USD;143,58000000;161,71000000;139,73000000;157,74000000;8,98
2021-05-09T00:00:00+00:00;ALGOHEDGE/USD;142,58000000;151,02000000;141,74000000;143,58000000;0,7
2021-05-08T00:00:00+00:00;ALGOHEDGE/USD;138,03000000;144,71000000;133,84000000;142,58000000;3,19
2021-05-07T00:00:00+00:00;ALGOHEDGE/USD;141,17000000;151,78000000;127,59000000;138,03000000;-2,27
2021-05-06T00:00:00+00:00;ALGOHEDGE/USD;151,32000000;155,27000000;137,54000000;141,17000000;-7,19
2021-05-05T00:00:00+00:00;ALGOHEDGE/USD;175,02500000;176,95000000;150,27000000;151,32000000;-15,67
2021-05-04T00:00:00+00:00;ALGOHEDGE/USD;157,90000000;175,20000000;157,00000000;175,02500000;9,78
2021-05-03T00:00:00+00:00;ALGOHEDGE/USD;163,75000000;163,75000000;153,42500000;157,90000000;-3,7
2021-05-02T00:00:00+00:00;ALGOHEDGE/USD;163,02500000;170,52500000;160,80000000;163,75000000;0,44
2021-05-01T00:00:00+00:00;ALGOHEDGE/USD;162,07500000;167,55000000;160,07500000;163,02500000;0,58
2021-04-30T00:00:00+00:00;ALGOHEDGE/USD;172,27500000;175,37500000;156,52500000;162,07500000;-6,29
2021-04-29T00:00:00+00:00;ALGOHEDGE/USD;177,30000000;183,00000000;163,90000000;172,27500000;-2,92
2021-04-28T00:00:00+00:00;ALGOHEDGE/USD;173,85000000;186,97500000;171,02500000;177,30000000;1,95
2021-04-27T00:00:00+00:00;ALGOHEDGE/USD;185,87500000;186,92500000;171,82500000;173,85000000;-6,92
2021-04-26T00:00:00+00:00;ALGOHEDGE/USD;214,80000000;217,10000000;184,30000000;185,87500000;-15,56
2021-04-25T00:00:00+00:00;ALGOHEDGE/USD;216,70000000;223,75000000;196,35000000;214,80000000;-0,88
2021-04-24T00:00:00+00:00;ALGOHEDGE/USD;204,85000000;218,60000000;203,12500000;216,70000000;5,47
2021-04-23T00:00:00+00:00;ALGOHEDGE/USD;203,97500000;247,05000000;199,57500000;204,85000000;0,43
2021-04-22T00:00:00+00:00;ALGOHEDGE/USD;196,07500000;207,07500000;178,70000000;203,97500000;3,87
2021-04-21T00:00:00+00:00;ALGOHEDGE/USD;184,60000000;197,67500000;181,42500000;196,07500000;5,85
2021-04-20T00:00:00+00:00;ALGOHEDGE/USD;184,87500000;203,07500000;177,45000000;184,60000000;-0,15
2021-04-19T00:00:00+00:00;ALGOHEDGE/USD;165,95000000;185,45000000;160,92500000;184,87500000;10,24
2021-04-18T00:00:00+00:00;ALGOHEDGE/USD;147,61000000;184,60000000;144,82000000;165,95000000;11,05
2021-04-17T00:00:00+00:00;ALGOHEDGE/USD;167,32500000;167,32500000;138,32000000;147,61000000;-13,36
2021-04-16T00:00:00+00:00;ALGOHEDGE/USD;160,80000000;177,22500000;158,47500000;167,32500000;3,9
2021-04-15T00:00:00+00:00;ALGOHEDGE/USD;173,40000000;174,57500000;155,20000000;160,80000000;-7,84
2021-04-14T00:00:00+00:00;ALGOHEDGE/USD;166,85000000;181,12500000;165,25000000;173,40000000;3,78
2021-04-13T00:00:00+00:00;ALGOHEDGE/USD;169,37500000;176,57500000;162,32500000;166,72500000;-1,59
2021-04-12T00:00:00+00:00;ALGOHEDGE/USD;165,42500000;174,57500000;157,35000000;169,37500000;2,33
2021-04-11T00:00:00+00:00;ALGOHEDGE/USD;181,47500000;185,30000000;162,47500000;165,42500000;-9,7
2021-04-10T00:00:00+00:00;ALGOHEDGE/USD;181,47500000;185,85000000;170,87500000;181,47500000;0,0
2021-04-09T00:00:00+00:00;ALGOHEDGE/USD;187,00000000;190,52500000;176,70000000;181,47500000;-3,04
2021-04-08T00:00:00+00:00;ALGOHEDGE/USD;193,32500000;194,55000000;182,60000000;187,00000000;-3,38
2021-04-07T00:00:00+00:00;ALGOHEDGE/USD;181,10000000;199,85000000;170,40000000;193,32500000;6,32
2021-04-06T00:00:00+00:00;ALGOHEDGE/USD;179,80000000;185,67500000;169,25000000;181,10000000;0,72
2021-04-05T00:00:00+00:00;ALGOHEDGE/USD;194,10000000;198,20000000;175,72500000;179,80000000;-7,95
2021-04-04T00:00:00+00:00;ALGOHEDGE/USD;200,77500000;204,02500000;186,95000000;194,10000000;-3,44
2021-04-03T00:00:00+00:00;ALGOHEDGE/USD;187,35000000;201,02500000;172,57500000;200,77500000;6,69
2021-04-02T00:00:00+00:00;ALGOHEDGE/USD;191,85000000;194,52500000;185,92500000;187,35000000;-2,4
2021-04-01T00:00:00+00:00;ALGOHEDGE/USD;186,10000000;195,45000000;181,45000000;191,85000000;3,0
2021-03-31T00:00:00+00:00;ALGOHEDGE/USD;191,10000000;202,30000000;185,37500000;186,10000000;-2,69
2021-03-30T00:00:00+00:00;ALGOHEDGE/USD;180,97500000;193,95000000;178,22500000;191,10000000;5,3
2021-03-29T00:00:00+00:00;ALGOHEDGE/USD;209,90000000;212,72500000;175,37500000;180,97500000;-15,98
2021-03-28T00:00:00+00:00;ALGOHEDGE/USD;224,20000000;226,17500000;203,92500000;209,90000000;-6,81
2021-03-27T00:00:00+00:00;ALGOHEDGE/USD;233,40000000;237,72500000;212,57500000;224,20000000;-4,1
2021-03-26T00:00:00+00:00;ALGOHEDGE/USD;251,20000000;251,20000000;231,60000000;233,40000000;-7,63
2021-03-25T00:00:00+00:00;ALGOHEDGE/USD;254,70000000;266,37500000;242,62500000;251,20000000;-1,39
2021-03-24T00:00:00+00:00;ALGOHEDGE/USD;236,85000000;261,75000000;222,22500000;254,70000000;7,01
2021-03-23T00:00:00+00:00;ALGOHEDGE/USD;239,00000000;246,47500000;227,02500000;236,85000000;-0,91
2021-03-22T00:00:00+00:00;ALGOHEDGE/USD;222,90000000;242,42500000;214,92500000;239,00000000;6,74
2021-03-21T00:00:00+00:00;ALGOHEDGE/USD;217,90000000;228,30000000;213,42500000;222,90000000;2,24
2021-03-20T00:00:00+00:00;ALGOHEDGE/USD;211,50000000;219,35000000;200,42500000;217,90000000;2,94
2021-03-19T00:00:00+00:00;ALGOHEDGE/USD;209,47500000;217,30000000;201,20000000;211,50000000;0,96
2021-03-18T00:00:00+00:00;ALGOHEDGE/USD;203,87500000;212,47500000;190,05000000;209,47500000;2,67
2021-03-17T00:00:00+00:00;ALGOHEDGE/USD;220,40000000;228,55000000;203,20000000;203,87500000;-8,11
2021-03-16T00:00:00+00:00;ALGOHEDGE/USD;216,30000000;234,35000000;211,77500000;220,40000000;1,86
2021-03-15T00:00:00+00:00;ALGOHEDGE/USD;243,35000000;245,05000000;197,25000000;216,30000000;-12,51
2021-03-14T00:00:00+00:00;ALGOHEDGE/USD;238,70000000;252,50000000;231,72500000;243,35000000;1,91
2021-03-13T00:00:00+00:00;ALGOHEDGE/USD;258,87500000;268,47500000;229,97500000;238,82500000;-8,4
2021-03-12T00:00:00+00:00;ALGOHEDGE/USD;251,97500000;263,57500000;235,90000000;258,35000000;2,47
2021-03-11T00:00:00+00:00;ALGOHEDGE/USD;244,67500000;258,77500000;238,60000000;251,47500000;2,7
2021-03-10T00:00:00+00:00;ALGOHEDGE/USD;231,32500000;251,70000000;221,27500000;244,67500000;5,46
2021-03-09T00:00:00+00:00;ALGOHEDGE/USD;235,27500000;242,77500000;227,30000000;231,32500000;-1,71
2021-03-08T00:00:00+00:00;ALGOHEDGE/USD;246,02500000;256,25000000;231,47500000;234,95000000;-4,71
2021-03-07T00:00:00+00:00;ALGOHEDGE/USD;259,37500000;259,50000000;237,70000000;244,62500000;-6,03
2021-03-06T00:00:00+00:00;ALGOHEDGE/USD;258,32500000;270,55000000;244,40000000;258,35000000;0,01
2021-03-05T00:00:00+00:00;ALGOHEDGE/USD;249,80000000;268,82500000;239,62500000;258,32500000;3,3
2021-03-04T00:00:00+00:00;ALGOHEDGE/USD;229,97500000;257,70000000;217,67500000;249,80000000;7,94
2021-03-03T00:00:00+00:00;ALGOHEDGE/USD;253,97500000;259,55000000;219,27500000;229,97500000;-10,44
2021-03-02T00:00:00+00:00;ALGOHEDGE/USD;251,65000000;263,85000000;231,50000000;253,97500000;0,92
2021-03-01T00:00:00+00:00;ALGOHEDGE/USD;269,70000000;273,70000000;244,60000000;251,02500000;-7,44
2021-02-28T00:00:00+00:00;ALGOHEDGE/USD;250,47500000;287,87500000;243,32500000;269,70000000;7,13
2021-02-27T00:00:00+00:00;ALGOHEDGE/USD;290,80000000;290,80000000;227,30000000;250,47500000;-16,1
2021-02-26T00:00:00+00:00;ALGOHEDGE/USD;287,47500000;312,60000000;263,82500000;290,80000000;1,14
2021-02-25T00:00:00+00:00;ALGOHEDGE/USD;268,72500000;291,75000000;244,90000000;287,47500000;6,52
2021-02-24T00:00:00+00:00;ALGOHEDGE/USD;292,92500000;307,60000000;235,50000000;268,72500000;-9,01
2021-02-23T00:00:00+00:00;ALGOHEDGE/USD;261,70000000;331,87500000;259,57500000;292,92500000;10,66
2021-02-22T00:00:00+00:00;ALGOHEDGE/USD;232,37500000;294,35000000;227,30000000;261,70000000;11,21
2021-02-21T00:00:00+00:00;ALGOHEDGE/USD;231,95000000;240,07500000;222,10000000;232,37500000;0,18
2021-02-20T00:00:00+00:00;ALGOHEDGE/USD;221,80000000;241,45000000;202,17500000;230,70000000;3,86
2021-02-19T00:00:00+00:00;ALGOHEDGE/USD;217,40000000;231,32500000;212,02500000;221,80000000;1,98
2021-02-18T00:00:00+00:00;ALGOHEDGE/USD;221,97500000;224,12500000;208,27500000;217,40000000;-2,1
2021-02-17T00:00:00+00:00;ALGOHEDGE/USD;232,12500000;254,02500000;212,62500000;221,97500000;-4,57
2021-02-16T00:00:00+00:00;ALGOHEDGE/USD;225,42500000;254,42500000;206,37500000;232,12500000;2,89
2021-02-15T00:00:00+00:00;ALGOHEDGE/USD;208,30000000;249,12500000;198,07500000;225,42500000;7,6
2021-02-14T00:00:00+00:00;ALGOHEDGE/USD;185,75000000;217,67500000;183,82500000;208,30000000;10,83
2021-02-13T00:00:00+00:00;ALGOHEDGE/USD;182,55000000;230,57500000;173,32500000;185,75000000;1,72
2021-02-12T00:00:00+00:00;ALGOHEDGE/USD;264,42500000;285,45000000;168,90000000;182,55000000;-44,85
2021-02-11T00:00:00+00:00;ALGOHEDGE/USD;324,10000000;326,05000000;249,75000000;264,42500000;-22,57
2021-02-10T00:00:00+00:00;ALGOHEDGE/USD;326,20000000;410,00000000;318,95000000;324,10000000;-0,65
2021-02-09T00:00:00+00:00;ALGOHEDGE/USD;336,10000000;350,75000000;309,35000000;326,20000000;-3,03
2021-02-08T00:00:00+00:00;ALGOHEDGE/USD;407,15000000;410,00000000;305,50000000;336,10000000;-21,14
2021-02-07T00:00:00+00:00;ALGOHEDGE/USD;425,40000000;445,30000000;390,20000000;407,15000000;-4,48
2021-02-06T00:00:00+00:00;ALGOHEDGE/USD;414,50000000;462,80000000;401,45000000;425,40000000;2,56
2021-02-05T00:00:00+00:00;ALGOHEDGE/USD;501,45000000;573,20000000;386,60000000;414,50000000;-20,98
2021-02-04T00:00:00+00:00;ALGOHEDGE/USD;476,45000000;531,45000000;466,05000000;501,45000000;4,99
2021-02-03T00:00:00+00:00;ALGOHEDGE/USD;557,95000000;593,55000000;472,35000000;476,45000000;-17,11
2021-02-02T00:00:00+00:00;ALGOHEDGE/USD;563,55000000;882,60000000;538,00000000;557,95000000;-1,0
2021-02-01T00:00:00+00:00;ALGOHEDGE/USD;557,05000000;609,65000000;543,70000000;563,55000000;1,15
2021-01-31T00:00:00+00:00;ALGOHEDGE/USD;546,70000000;584,35000000;518,25000000;557,05000000;1,86
2021-01-30T00:00:00+00:00;ALGOHEDGE/USD;573,75000000;595,85000000;514,45000000;546,70000000;-4,95
2021-01-29T00:00:00+00:00;ALGOHEDGE/USD;663,45000000;698,85000000;531,80000000;573,75000000;-15,63
2021-01-28T00:00:00+00:00;ALGOHEDGE/USD;692,60000000;712,40000000;638,85000000;663,45000000;-4,39
2021-01-27T00:00:00+00:00;ALGOHEDGE/USD;629,85000000;735,40000000;628,50000000;689,90000000;8,7
2021-01-26T00:00:00+00:00;ALGOHEDGE/USD;691,20000000;748,00000000;606,50000000;629,85000000;-9,74
2021-01-25T00:00:00+00:00;ALGOHEDGE/USD;679,50000000;702,05000000;594,80000000;691,20000000;1,69
2021-01-24T00:00:00+00:00;ALGOHEDGE/USD;687,70000000;700,55000000;655,00000000;679,50000000;-1,21
2021-01-23T00:00:00+00:00;ALGOHEDGE/USD;759,30000000;772,50000000;666,50000000;687,70000000;-10,41
2021-01-22T00:00:00+00:00;ALGOHEDGE/USD;858,70000000;943,70000000;717,30000000;759,30000000;-13,09
2021-01-21T00:00:00+00:00;ALGOHEDGE/USD;740,60000000;881,00000000;737,40000000;858,70000000;13,75
2021-01-20T00:00:00+00:00;ALGOHEDGE/USD;781,70000000;845,80000000;737,70000000;740,60000000;-5,55
2021-01-19T00:00:00+00:00;ALGOHEDGE/USD;719,70000000;925,00000000;709,40000000;781,70000000;7,93
2021-01-18T00:00:00+00:00;ALGOHEDGE/USD;697,65000000;785,70000000;671,45000000;719,70000000;3,06
2021-01-17T00:00:00+00:00;ALGOHEDGE/USD;801,30000000;867,10000000;695,20000000;697,65000000;-14,86
2021-01-16T00:00:00+00:00;ALGOHEDGE/USD;857,40000000;873,40000000;751,80000000;801,30000000;-7,0
2021-01-15T00:00:00+00:00;ALGOHEDGE/USD;919,70000000;1000,00000000;834,60000000;857,40000000;-7,27
2021-01-14T00:00:00+00:00;ALGOHEDGE/USD;932,80000000;1000,00000000;897,90000000;919,70000000;-1,42
2021-01-13T00:00:00+00:00;ALGOHEDGE/USD;1068,30000000;1113,30000000;927,40000000;932,80000000;-14,53
2021-01-12T00:00:00+00:00;ALGOHEDGE/USD;1001,30000000;1085,20000000;1000,00000000;1068,30000000;6,27
2021-01-11T00:00:00+00:00;ALGOHEDGE/USD;949,70000000;1079,10000000;949,70000000;1001,30000000;5,15
2021-01-10T00:00:00+00:00;ALGOHEDGE/USD;896,90000000;1000,00000000;844,60000000;949,70000000;5,56
2021-01-09T00:00:00+00:00;ALGOHEDGE/USD;972,50000000;1000,00000000;883,80000000;896,90000000;-8,43
2021-01-08T00:00:00+00:00;ALGOHEDGE/USD;955,20000000;1026,20000000;903,30000000;972,50000000;1,78
2021-01-07T00:00:00+00:00;ALGOHEDGE/USD;864,10000000;1000,00000000;850,20000000;955,20000000;9,54
2021-01-06T00:00:00+00:00;ALGOHEDGE/USD;925,90000000;980,50000000;831,00000000;864,10000000;-7,15
2021-01-05T00:00:00+00:00;ALGOHEDGE/USD;1000,00000000;1056,40000000;897,00000000;925,90000000;-8,0
2021-01-04T00:00:00+00:00;ALGOHEDGE/USD;1017,90000000;1142,70000000;960,10000000;1000,00000000;-1,79
2021-01-03T00:00:00+00:00;ALGOHEDGE/USD;1071,10000000;1098,20000000;1000,00000000;1017,90000000;-5,23
2021-01-02T00:00:00+00:00;ALGOHEDGE/USD;1140,40000000;1189,00000000;969,30000000;1071,10000000;-6,47
2021-01-01T00:00:00+00:00;ALGOHEDGE/USD;1394,10000000;1411,20000000;1044,00000000;1140,40000000;-22,25
2020-12-31T00:00:00+00:00;ALGOHEDGE/USD;1397,70000000;1486,00000000;1393,30000000;1394,10000000;-0,26
2020-12-30T00:00:00+00:00;ALGOHEDGE/USD;1354,90000000;1483,10000000;1305,90000000;1397,70000000;3,06
2020-12-29T00:00:00+00:00;ALGOHEDGE/USD;1314,80000000;1457,60000000;1296,20000000;1354,90000000;2,96
2020-12-28T00:00:00+00:00;ALGOHEDGE/USD;1508,20000000;1535,10000000;1314,80000000;1314,80000000;-14,71
2020-12-27T00:00:00+00:00;ALGOHEDGE/USD;1553,50000000;1585,25000000;1425,90000000;1508,20000000;-3,0
2020-12-26T00:00:00+00:00;ALGOHEDGE/USD;1541,90000000;1585,25000000;1478,70000000;1553,50000000;0,75
2020-12-25T00:00:00+00:00;ALGOHEDGE/USD;1515,00000000;1585,25000000;1443,80000000;1541,90000000;1,74
2020-12-24T00:00:00+00:00;ALGOHEDGE/USD;1625,25000000;1668,75000000;1512,80000000;1515,00000000;-7,28
2020-12-23T00:00:00+00:00;ALGOHEDGE/USD;1459,60000000;1747,60000000;1395,40000000;1625,25000000;10,19
2020-12-22T00:00:00+00:00;ALGOHEDGE/USD;1515,50000000;1558,20000000;1409,10000000;1459,60000000;-3,83
2020-12-21T00:00:00+00:00;ALGOHEDGE/USD;1455,10000000;1585,25000000;1330,50000000;1515,50000000;3,99
2020-12-20T00:00:00+00:00;ALGOHEDGE/USD;1390,20000000;1498,50000000;1381,70000000;1455,10000000;4,46
2020-12-19T00:00:00+00:00;ALGOHEDGE/USD;1401,40000000;1414,70000000;1281,70000000;1390,20000000;-0,81
2020-12-18T00:00:00+00:00;ALGOHEDGE/USD;1504,80000000;1572,40000000;1348,50000000;1401,40000000;-7,38
2020-12-17T00:00:00+00:00;ALGOHEDGE/USD;1455,60000000;1555,70000000;1398,20000000;1504,80000000;3,27
2020-12-16T00:00:00+00:00;ALGOHEDGE/USD;1525,40000000;1562,80000000;1435,90000000;1455,60000000;-4,8
2020-12-15T00:00:00+00:00;ALGOHEDGE/USD;1585,25000000;1585,25000000;1453,10000000;1525,40000000;-3,92
2020-12-14T00:00:00+00:00;ALGOHEDGE/USD;1595,00000000;1626,50000000;1560,75000000;1585,25000000;-0,62
2020-12-13T00:00:00+00:00;ALGOHEDGE/USD;1594,00000000;1614,00000000;1538,00000000;1595,00000000;0,06
2020-12-12T00:00:00+00:00;ALGOHEDGE/USD;1717,75000000;1717,75000000;1550,50000000;1594,00000000;-7,76
2020-12-11T00:00:00+00:00;ALGOHEDGE/USD;1685,00000000;1784,00000000;1532,30000000;1717,75000000;1,91
2020-12-10T00:00:00+00:00;ALGOHEDGE/USD;1619,25000000;1698,00000000;1532,30000000;1685,00000000;3,9
2020-12-09T00:00:00+00:00;ALGOHEDGE/USD;1638,00000000;1730,00000000;1532,30000000;1619,25000000;-1,16
2020-12-08T00:00:00+00:00;ALGOHEDGE/USD;1517,40000000;1684,00000000;1512,60000000;1638,00000000;7,36
2020-12-07T00:00:00+00:00;ALGOHEDGE/USD;1491,50000000;1544,70000000;1462,70000000;1517,40000000;1,71
2020-12-06T00:00:00+00:00;ALGOHEDGE/USD;1465,40000000;1532,30000000;1439,10000000;1491,50000000;1,75
2020-12-05T00:00:00+00:00;ALGOHEDGE/USD;1544,40000000;1581,90000000;1427,90000000;1465,40000000;-5,39
2020-12-04T00:00:00+00:00;ALGOHEDGE/USD;1479,50000000;1560,20000000;1338,60000000;1544,40000000;4,2
2020-12-03T00:00:00+00:00;ALGOHEDGE/USD;1475,90000000;1487,70000000;1411,30000000;1479,50000000;0,24
2020-12-02T00:00:00+00:00;ALGOHEDGE/USD;1698,50000000;1746,00000000;1457,00000000;1475,90000000;-15,08
2020-12-01T00:00:00+00:00;ALGOHEDGE/USD;1577,80000000;1775,90000000;1492,00000000;1698,50000000;7,11
2020-11-30T00:00:00+00:00;ALGOHEDGE/USD;1641,00000000;1668,75000000;1543,50000000;1577,80000000;-4,01
2020-11-29T00:00:00+00:00;ALGOHEDGE/USD;1669,75000000;1741,25000000;1607,75000000;1641,00000000;-1,75
2020-11-28T00:00:00+00:00;ALGOHEDGE/USD;1761,75000000;1810,00000000;1606,50000000;1669,75000000;-5,51
2020-11-27T00:00:00+00:00;ALGOHEDGE/USD;1770,25000000;1867,00000000;1680,75000000;1761,75000000;-0,48
2020-11-26T00:00:00+00:00;ALGOHEDGE/USD;1549,20000000;1927,25000000;1473,50000000;1770,25000000;12,49
2020-11-25T00:00:00+00:00;ALGOHEDGE/USD;1561,20000000;1580,60000000;1299,30000000;1549,20000000;-0,77
2020-11-24T00:00:00+00:00;ALGOHEDGE/USD;1669,25000000;1713,00000000;1471,00000000;1561,20000000;-6,92
2020-11-23T00:00:00+00:00;ALGOHEDGE/USD;1906,25000000;1969,75000000;1634,75000000;1669,25000000;-14,2
2020-11-22T00:00:00+00:00;ALGOHEDGE/USD;1799,75000000;2011,75000000;1754,50000000;1906,25000000;5,59
2020-11-21T00:00:00+00:00;ALGOHEDGE/USD;2031,25000000;2036,50000000;1744,00000000;1799,75000000;-12,86
2020-11-20T00:00:00+00:00;ALGOHEDGE/USD;2189,00000000;2201,50000000;1994,25000000;2031,25000000;-7,77
2020-11-19T00:00:00+00:00;ALGOHEDGE/USD;2175,00000000;2275,50000000;2136,75000000;2189,00000000;0,64
2020-11-18T00:00:00+00:00;ALGOHEDGE/USD;2113,25000000;2275,75000000;2083,75000000;2175,00000000;2,84
2020-11-17T00:00:00+00:00;ALGOHEDGE/USD;2143,25000000;2169,75000000;2077,00000000;2113,25000000;-1,42
2020-11-16T00:00:00+00:00;ALGOHEDGE/USD;2269,50000000;2297,00000000;2120,00000000;2143,25000000;-5,89
2020-11-15T00:00:00+00:00;ALGOHEDGE/USD;2192,25000000;2331,25000000;2139,00000000;2269,50000000;3,4
2020-11-14T00:00:00+00:00;ALGOHEDGE/USD;2084,25000000;2221,00000000;2080,50000000;2192,25000000;4,93
2020-11-13T00:00:00+00:00;ALGOHEDGE/USD;2197,75000000;2233,25000000;2068,75000000;2084,25000000;-5,45
2020-11-12T00:00:00+00:00;ALGOHEDGE/USD;2107,50000000;2246,50000000;2107,50000000;2197,75000000;4,11
2020-11-11T00:00:00+00:00;ALGOHEDGE/USD;2039,00000000;2137,00000000;1991,25000000;2107,50000000;3,25
2020-11-10T00:00:00+00:00;ALGOHEDGE/USD;2288,75000000;2336,25000000;1999,75000000;2039,00000000;-12,25
2020-11-09T00:00:00+00:00;ALGOHEDGE/USD;2237,25000000;2352,25000000;2179,50000000;2288,75000000;2,25
2020-11-08T00:00:00+00:00;ALGOHEDGE/USD;2310,75000000;2359,25000000;2150,25000000;2237,25000000;-3,29
2020-11-07T00:00:00+00:00;ALGOHEDGE/USD;2166,75000000;2441,75000000;2002,25000000;2310,75000000;6,23
2020-11-06T00:00:00+00:00;ALGOHEDGE/USD;2439,75000000;2447,25000000;2112,50000000;2166,75000000;-12,6
2020-11-05T00:00:00+00:00;ALGOHEDGE/USD;2528,50000000;2574,00000000;2375,75000000;2439,75000000;-3,64
2020-11-04T00:00:00+00:00;ALGOHEDGE/USD;2583,25000000;2705,00000000;2462,00000000;2528,50000000;-2,17
2020-11-03T00:00:00+00:00;ALGOHEDGE/USD;2453,25000000;2663,00000000;2446,50000000;2583,25000000;5,03
2020-11-02T00:00:00+00:00;ALGOHEDGE/USD;2348,00000000;2481,00000000;2316,25000000;2453,25000000;4,29
2020-11-01T00:00:00+00:00;ALGOHEDGE/USD;2448,25000000;2486,00000000;2318,00000000;2348,00000000;-4,27
2020-10-31T00:00:00+00:00;ALGOHEDGE/USD;2401,75000000;2450,25000000;2291,00000000;2448,25000000;1,9
2020-10-30T00:00:00+00:00;ALGOHEDGE/USD;2372,50000000;2553,50000000;1860,75000000;2401,75000000;1,22
2020-10-29T00:00:00+00:00;ALGOHEDGE/USD;2217,25000000;2399,00000000;2147,25000000;2372,50000000;6,54
2020-10-28T00:00:00+00:00;ALGOHEDGE/USD;2133,75000000;2282,25000000;2100,75000000;2217,25000000;3,77
2020-10-27T00:00:00+00:00;ALGOHEDGE/USD;2110,50000000;2164,50000000;2039,00000000;2133,75000000;1,09
2020-10-26T00:00:00+00:00;ALGOHEDGE/USD;2033,25000000;2155,50000000;1979,25000000;2110,50000000;3,66
2020-10-25T00:00:00+00:00;ALGOHEDGE/USD;1995,00000000;2064,25000000;1965,75000000;2033,25000000;1,88
2020-10-24T00:00:00+00:00;ALGOHEDGE/USD;1986,25000000;2022,50000000;1957,25000000;1995,00000000;0,44
2020-10-23T00:00:00+00:00;ALGOHEDGE/USD;1941,25000000;2033,75000000;1892,50000000;1986,25000000;2,27
2020-10-22T00:00:00+00:00;ALGOHEDGE/USD;2040,25000000;2042,75000000;1825,50000000;1941,25000000;-5,1
2020-10-21T00:00:00+00:00;ALGOHEDGE/USD;2156,50000000;2165,00000000;1955,00000000;2040,25000000;-5,7
2020-10-20T00:00:00+00:00;ALGOHEDGE/USD;2042,00000000;2192,25000000;2029,50000000;2156,50000000;5,31
2020-10-19T00:00:00+00:00;ALGOHEDGE/USD;1966,75000000;2053,75000000;1955,50000000;2042,00000000;3,69
2020-10-18T00:00:00+00:00;ALGOHEDGE/USD;1982,25000000;2005,00000000;1954,50000000;1966,75000000;-0,79
2020-10-17T00:00:00+00:00;ALGOHEDGE/USD;2073,25000000;2078,75000000;1911,25000000;1982,25000000;-4,59
2020-10-16T00:00:00+00:00;ALGOHEDGE/USD;1980,00000000;2109,75000000;1961,00000000;2073,25000000;4,5
2020-10-15T00:00:00+00:00;ALGOHEDGE/USD;1904,00000000;2031,25000000;1863,00000000;1980,00000000;3,84
2020-10-14T00:00:00+00:00;ALGOHEDGE/USD;1822,75000000;1945,25000000;1794,00000000;1904,00000000;4,27
2020-10-13T00:00:00+00:00;ALGOHEDGE/USD;1814,50000000;1879,25000000;1752,25000000;1822,75000000;0,45
2020-10-12T00:00:00+00:00;ALGOHEDGE/USD;1886,25000000;1904,50000000;1708,25000000;1814,50000000;-3,95
2020-10-11T00:00:00+00:00;ALGOHEDGE/USD;1918,25000000;1976,25000000;1816,25000000;1886,25000000;-1,7
2020-10-10T00:00:00+00:00;ALGOHEDGE/USD;1908,00000000;1954,00000000;1835,75000000;1918,25000000;0,53
2020-10-09T00:00:00+00:00;ALGOHEDGE/USD;2037,50000000;2090,75000000;1878,75000000;1908,00000000;-6,79
2020-10-08T00:00:00+00:00;ALGOHEDGE/USD;2053,75000000;2174,00000000;1996,50000000;2037,50000000;-0,8
2020-10-07T00:00:00+00:00;ALGOHEDGE/USD;2219,00000000;2285,50000000;2013,75000000;2053,75000000;-8,05
2020-10-06T00:00:00+00:00;ALGOHEDGE/USD;2016,25000000;2247,25000000;1996,00000000;2219,00000000;9,14
2020-10-05T00:00:00+00:00;ALGOHEDGE/USD;2054,75000000;2084,75000000;1986,25000000;2016,25000000;-1,91
2020-10-04T00:00:00+00:00;ALGOHEDGE/USD;2037,75000000;2093,25000000;1983,00000000;2054,75000000;0,83
2020-10-03T00:00:00+00:00;ALGOHEDGE/USD;2032,50000000;2051,75000000;1861,50000000;2037,75000000;0,26
2020-10-02T00:00:00+00:00;ALGOHEDGE/USD;1924,50000000;2174,00000000;1889,75000000;2032,50000000;5,31
2020-10-01T00:00:00+00:00;ALGOHEDGE/USD;1859,00000000;1977,75000000;1714,75000000;1924,50000000;3,4
2020-09-30T00:00:00+00:00;ALGOHEDGE/USD;1898,25000000;2009,00000000;1806,50000000;1859,00000000;-2,11
2020-09-29T00:00:00+00:00;ALGOHEDGE/USD;1969,75000000;2024,00000000;1872,25000000;1898,25000000;-3,77
2020-09-28T00:00:00+00:00;ALGOHEDGE/USD;2007,25000000;2017,25000000;1827,25000000;1969,75000000;-1,9
2020-09-27T00:00:00+00:00;ALGOHEDGE/USD;1979,50000000;2111,75000000;1961,50000000;2007,25000000;1,38
2020-09-26T00:00:00+00:00;ALGOHEDGE/USD;2027,50000000;2053,50000000;1867,25000000;1979,50000000;-2,42
2020-09-25T00:00:00+00:00;ALGOHEDGE/USD;2207,00000000;2247,25000000;1654,50000000;2027,50000000;-8,85
2020-09-24T00:00:00+00:00;ALGOHEDGE/USD;2439,00000000;2483,00000000;2131,25000000;2207,00000000;-10,51
2020-09-23T00:00:00+00:00;ALGOHEDGE/USD;2174,25000000;2484,50000000;2145,00000000;2439,00000000;10,85
2020-09-22T00:00:00+00:00;ALGOHEDGE/USD;2334,25000000;2421,50000000;2116,25000000;2174,25000000;-7,36
2020-09-21T00:00:00+00:00;ALGOHEDGE/USD;2080,00000000;2418,75000000;2061,75000000;2334,25000000;10,89
2020-09-20T00:00:00+00:00;ALGOHEDGE/USD;1996,00000000;2172,00000000;1894,00000000;2080,00000000;4,04
2020-09-19T00:00:00+00:00;ALGOHEDGE/USD;2029,50000000;2093,00000000;1964,75000000;1996,00000000;-1,68
2020-09-18T00:00:00+00:00;ALGOHEDGE/USD;1915,25000000;2073,25000000;1886,00000000;2029,50000000;5,63
2020-09-17T00:00:00+00:00;ALGOHEDGE/USD;1906,25000000;1978,25000000;1812,75000000;1915,25000000;0,47
2020-09-16T00:00:00+00:00;ALGOHEDGE/USD;1932,25000000;2030,25000000;1881,25000000;1906,25000000;-1,36
2020-09-15T00:00:00+00:00;ALGOHEDGE/USD;1805,25000000;1950,00000000;1767,75000000;1932,25000000;6,57
2020-09-14T00:00:00+00:00;ALGOHEDGE/USD;1829,25000000;1885,75000000;1761,25000000;1805,25000000;-1,33
2020-09-13T00:00:00+00:00;ALGOHEDGE/USD;1696,25000000;1912,50000000;1662,00000000;1829,25000000;7,27
2020-09-12T00:00:00+00:00;ALGOHEDGE/USD;1685,00000000;1742,25000000;1651,50000000;1696,25000000;0,66
2020-09-11T00:00:00+00:00;ALGOHEDGE/USD;1677,75000000;1773,00000000;1656,50000000;1685,00000000;0,43
2020-09-10T00:00:00+00:00;ALGOHEDGE/USD;1681,75000000;1726,75000000;1539,50000000;1677,75000000;-0,24
2020-09-09T00:00:00+00:00;ALGOHEDGE/USD;2037,00000000;2102,25000000;1578,00000000;1681,75000000;-21,12
2020-09-08T00:00:00+00:00;ALGOHEDGE/USD;1917,75000000;2102,25000000;1894,50000000;2037,00000000;5,85
2020-09-07T00:00:00+00:00;ALGOHEDGE/USD;1901,50000000;2130,50000000;1798,50000000;1917,75000000;0,85
2020-09-06T00:00:00+00:00;ALGOHEDGE/USD;2110,50000000;2252,25000000;1822,50000000;1901,50000000;-10,99
2020-09-05T00:00:00+00:00;ALGOHEDGE/USD;1942,00000000;2247,75000000;1810,25000000;2110,50000000;7,98
2020-09-04T00:00:00+00:00;ALGOHEDGE/USD;2103,50000000;2196,00000000;1857,00000000;1942,00000000;-8,32
2020-09-03T00:00:00+00:00;ALGOHEDGE/USD;1679,50000000;2170,00000000;1649,25000000;2103,50000000;20,16
2020-09-02T00:00:00+00:00;ALGOHEDGE/USD;1530,80000000;1818,10000000;1500,50000000;1679,50000000;8,85
2020-09-01T00:00:00+00:00;ALGOHEDGE/USD;1567,80000000;1600,00000000;1416,90000000;1530,80000000;-2,42
2020-08-31T00:00:00+00:00;ALGOHEDGE/USD;1516,70000000;1567,80000000;1490,10000000;1567,80000000;3,26
2020-08-30T00:00:00+00:00;ALGOHEDGE/USD;1468,30000000;1539,30000000;1433,20000000;1516,70000000;3,19
2020-08-29T00:00:00+00:00;ALGOHEDGE/USD;1464,10000000;1491,10000000;1434,50000000;1468,30000000;0,29
2020-08-28T00:00:00+00:00;ALGOHEDGE/USD;1499,80000000;1527,10000000;1390,40000000;1464,10000000;-2,44
2020-08-27T00:00:00+00:00;ALGOHEDGE/USD;1433,10000000;1580,70000000;1413,00000000;1499,80000000;4,45
2020-08-26T00:00:00+00:00;ALGOHEDGE/USD;1404,80000000;1477,30000000;1334,30000000;1433,10000000;1,97
2020-08-25T00:00:00+00:00;ALGOHEDGE/USD;1266,90000000;1461,00000000;1248,00000000;1404,80000000;9,82
2020-08-24T00:00:00+00:00;ALGOHEDGE/USD;1300,40000000;1344,50000000;1193,90000000;1266,90000000;-2,64
2020-08-23T00:00:00+00:00;ALGOHEDGE/USD;1423,30000000;1468,10000000;1243,20000000;1300,40000000;-9,45
2020-08-22T00:00:00+00:00;ALGOHEDGE/USD;1505,60000000;1566,60000000;1361,90000000;1423,30000000;-5,78
2020-08-21T00:00:00+00:00;ALGOHEDGE/USD;1317,00000000;1520,60000000;1298,70000000;1505,60000000;12,53
2020-08-20T00:00:00+00:00;ALGOHEDGE/USD;1386,50000000;1399,60000000;1225,60000000;1317,00000000;-5,28
2020-08-19T00:00:00+00:00;ALGOHEDGE/USD;1483,20000000;1623,30000000;1311,20000000;1386,50000000;-6,97
2020-08-18T00:00:00+00:00;ALGOHEDGE/USD;1406,80000000;1585,50000000;1354,70000000;1483,20000000;5,15
2020-08-17T00:00:00+00:00;ALGOHEDGE/USD;1323,80000000;1418,00000000;1191,90000000;1406,80000000;5,9
2020-08-16T00:00:00+00:00;ALGOHEDGE/USD;1313,20000000;1346,00000000;1252,20000000;1323,80000000;0,8
2020-08-15T00:00:00+00:00;ALGOHEDGE/USD;1314,70000000;1383,80000000;1163,70000000;1313,20000000;-0,11
2020-08-14T00:00:00+00:00;ALGOHEDGE/USD;1312,50000000;1404,00000000;1130,00000000;1314,70000000;0,17
2020-08-13T00:00:00+00:00;ALGOHEDGE/USD;1765,50000000;1856,50000000;1264,70000000;1312,50000000;-34,51
2020-08-12T00:00:00+00:00;ALGOHEDGE/USD;2153,50000000;2299,75000000;1691,75000000;1765,50000000;-21,98
2020-08-11T00:00:00+00:00;ALGOHEDGE/USD;2031,50000000;2324,50000000;1955,50000000;2153,50000000;5,67
2020-08-10T00:00:00+00:00;ALGOHEDGE/USD;2281,00000000;2375,25000000;1957,75000000;2031,50000000;-12,28
2020-08-09T00:00:00+00:00;ALGOHEDGE/USD;2170,50000000;2350,75000000;2082,50000000;2281,00000000;4,84
2020-08-08T00:00:00+00:00;ALGOHEDGE/USD;2725,75000000;2737,50000000;2129,25000000;2170,50000000;-25,58
2020-08-07T00:00:00+00:00;ALGOHEDGE/USD;2765,75000000;2941,75000000;2644,75000000;2725,75000000;-1,47
2020-08-06T00:00:00+00:00;ALGOHEDGE/USD;2996,00000000;3006,75000000;2680,75000000;2765,75000000;-8,33
2020-08-05T00:00:00+00:00;ALGOHEDGE/USD;3096,50000000;3263,50000000;2914,00000000;2996,00000000;-3,35
2020-08-04T00:00:00+00:00;ALGOHEDGE/USD;3273,00000000;3274,00000000;3043,00000000;3096,50000000;-5,7
2020-08-03T00:00:00+00:00;ALGOHEDGE/USD;3367,50000000;3425,00000000;3125,50000000;3273,00000000;-2,89
2020-08-02T00:00:00+00:00;ALGOHEDGE/USD;3105,25000000;4149,75000000;3022,25000000;3367,50000000;7,79
2020-08-01T00:00:00+00:00;ALGOHEDGE/USD;3110,00000000;3279,00000000;3028,50000000;3105,25000000;-0,15
2020-07-31T00:00:00+00:00;ALGOHEDGE/USD;3038,00000000;3203,00000000;2916,50000000;3110,00000000;2,32
2020-07-30T00:00:00+00:00;ALGOHEDGE/USD;3329,00000000;3374,50000000;2913,00000000;3038,00000000;-9,58
2020-07-29T00:00:00+00:00;ALGOHEDGE/USD;3254,00000000;3347,50000000;3122,00000000;3329,00000000;2,25
2020-07-28T00:00:00+00:00;ALGOHEDGE/USD;3595,50000000;3718,50000000;3223,00000000;3254,00000000;-10,49
2020-07-27T00:00:00+00:00;ALGOHEDGE/USD;3247,00000000;3790,00000000;3214,00000000;3595,50000000;9,69
2020-07-26T00:00:00+00:00;ALGOHEDGE/USD;3260,00000000;3423,50000000;3130,50000000;3247,00000000;-0,4
2020-07-25T00:00:00+00:00;ALGOHEDGE/USD;3332,50000000;3346,00000000;3068,25000000;3260,00000000;-2,22
2020-07-24T00:00:00+00:00;ALGOHEDGE/USD;3168,00000000;3354,25000000;3151,50000000;3332,50000000;4,94
2020-07-23T00:00:00+00:00;ALGOHEDGE/USD;3015,00000000;3230,75000000;2982,75000000;3168,00000000;4,83
2020-07-22T00:00:00+00:00;ALGOHEDGE/USD;3012,50000000;3132,75000000;2900,50000000;3015,00000000;0,08
2020-07-21T00:00:00+00:00;ALGOHEDGE/USD;2929,50000000;3106,50000000;2816,25000000;3012,50000000;2,76
2020-07-20T00:00:00+00:00;ALGOHEDGE/USD;2714,00000000;3864,00000000;2678,75000000;2929,50000000;7,36
2020-07-19T00:00:00+00:00;ALGOHEDGE/USD;2980,00000000;3119,00000000;2639,00000000;2714,00000000;-9,8
2020-07-18T00:00:00+00:00;ALGOHEDGE/USD;3065,75000000;3191,00000000;2909,25000000;2980,00000000;-2,88
2020-07-17T00:00:00+00:00;ALGOHEDGE/USD;3023,50000000;3182,75000000;2780,50000000;3065,75000000;1,38
2020-07-16T00:00:00+00:00;ALGOHEDGE/USD;3799,00000000;4100,00000000;2982,50000000;3023,50000000;-25,65
2020-07-15T00:00:00+00:00;ALGOHEDGE/USD;4027,00000000;4221,00000000;3734,50000000;3799,00000000;-6,0
2020-07-14T00:00:00+00:00;ALGOHEDGE/USD;4130,50000000;4509,50000000;3950,50000000;4027,00000000;-2,57
2020-07-13T00:00:00+00:00;ALGOHEDGE/USD;3923,00000000;4232,00000000;3763,50000000;4130,50000000;5,02
2020-07-12T00:00:00+00:00;ALGOHEDGE/USD;3918,50000000;4184,50000000;3832,00000000;3923,00000000;0,11
2020-07-11T00:00:00+00:00;ALGOHEDGE/USD;4479,50000000;4497,50000000;3728,50000000;3918,50000000;-14,32
2020-07-10T00:00:00+00:00;ALGOHEDGE/USD;4623,00000000;4884,00000000;4424,00000000;4479,50000000;-3,2
2020-07-09T00:00:00+00:00;ALGOHEDGE/USD;4533,50000000;4757,50000000;4400,50000000;4623,00000000;1,94
2020-07-08T00:00:00+00:00;ALGOHEDGE/USD;4826,00000000;4870,00000000;4430,50000000;4533,50000000;-6,45
2020-07-07T00:00:00+00:00;ALGOHEDGE/USD;4876,00000000;4997,00000000;4752,50000000;4826,00000000;-1,04
2020-07-06T00:00:00+00:00;ALGOHEDGE/USD;5197,50000000;5197,50000000;4838,00000000;4874,50000000;-6,63
2020-07-05T00:00:00+00:00;ALGOHEDGE/USD;5148,00000000;5359,00000000;5084,00000000;5197,50000000;0,95
2020-07-04T00:00:00+00:00;ALGOHEDGE/USD;5539,00000000;5545,50000000;5128,50000000;5148,00000000;-7,6
2020-07-03T00:00:00+00:00;ALGOHEDGE/USD;5506,50000000;5561,50000000;5328,50000000;5539,00000000;0,59
2020-07-02T00:00:00+00:00;ALGOHEDGE/USD;5280,50000000;5607,50000000;5184,50000000;5506,50000000;4,1
2020-07-01T00:00:00+00:00;ALGOHEDGE/USD;5424,50000000;5444,50000000;5151,00000000;5280,50000000;-2,73
2020-06-30T00:00:00+00:00;ALGOHEDGE/USD;5289,50000000;5452,50000000;5244,50000000;5424,50000000;2,49
2020-06-29T00:00:00+00:00;ALGOHEDGE/USD;5449,00000000;5492,00000000;5223,00000000;5289,50000000;-3,02
2020-06-28T00:00:00+00:00;ALGOHEDGE/USD;5521,00000000;5683,50000000;5270,00000000;5449,00000000;-1,32
2020-06-27T00:00:00+00:00;ALGOHEDGE/USD;5107,50000000;5741,50000000;5101,00000000;5521,00000000;7,49
2020-06-26T00:00:00+00:00;ALGOHEDGE/USD;4870,00000000;5143,00000000;4870,00000000;5107,50000000;4,65
2020-06-25T00:00:00+00:00;ALGOHEDGE/USD;4789,50000000;5045,00000000;4761,50000000;4870,00000000;1,65
2020-06-24T00:00:00+00:00;ALGOHEDGE/USD;4581,50000000;4906,50000000;4452,00000000;4789,50000000;4,34
2020-06-23T00:00:00+00:00;ALGOHEDGE/USD;4740,00000000;4852,50000000;4546,00000000;4581,50000000;-3,46
2020-06-22T00:00:00+00:00;ALGOHEDGE/USD;4909,00000000;4915,50000000;4738,50000000;4740,00000000;-3,57
2020-06-21T00:00:00+00:00;ALGOHEDGE/USD;4948,00000000;4988,00000000;4753,50000000;4909,00000000;-0,79
2020-06-20T00:00:00+00:00;ALGOHEDGE/USD;4932,00000000;5100,50000000;4864,00000000;4948,00000000;0,32
2020-06-19T00:00:00+00:00;ALGOHEDGE/USD;4754,50000000;5885,50000000;4754,50000000;4932,00000000;3,6
2020-06-18T00:00:00+00:00;ALGOHEDGE/USD;4670,00000000;4802,00000000;4545,00000000;4754,50000000;1,78
2020-06-17T00:00:00+00:00;ALGOHEDGE/USD;4849,00000000;5078,50000000;4619,00000000;4670,00000000;-3,83
2020-06-16T00:00:00+00:00;ALGOHEDGE/USD;5035,00000000;5060,50000000;4733,50000000;4849,00000000;-3,84
2020-06-15T00:00:00+00:00;ALGOHEDGE/USD;4900,00000000;5408,00000000;4900,00000000;5035,00000000;2,68
2020-06-14T00:00:00+00:00;ALGOHEDGE/USD;4863,00000000;4979,50000000;4627,50000000;4900,00000000;0,76
2020-06-13T00:00:00+00:00;ALGOHEDGE/USD;4910,00000000;4984,00000000;4833,50000000;4863,00000000;-0,97
2020-06-12T00:00:00+00:00;ALGOHEDGE/USD;4929,50000000;5050,00000000;4861,00000000;4911,50000000;-0,37
2020-06-11T00:00:00+00:00;ALGOHEDGE/USD;4610,50000000;5029,00000000;4557,00000000;4929,50000000;6,47
2020-06-10T00:00:00+00:00;ALGOHEDGE/USD;4698,00000000;4756,00000000;4578,00000000;4610,50000000;-1,9
2020-06-09T00:00:00+00:00;ALGOHEDGE/USD;4856,00000000;4942,00000000;4678,00000000;4698,00000000;-3,36
2020-06-08T00:00:00+00:00;ALGOHEDGE/USD;4904,00000000;4960,00000000;4824,50000000;4856,00000000;-0,99
2020-06-07T00:00:00+00:00;ALGOHEDGE/USD;4796,50000000;5067,00000000;4786,50000000;4904,00000000;2,19
2020-06-06T00:00:00+00:00;ALGOHEDGE/USD;4921,50000000;4986,00000000;4764,00000000;4796,50000000;-2,61
2020-06-05T00:00:00+00:00;ALGOHEDGE/USD;4732,50000000;4924,50000000;4721,00000000;4921,50000000;3,84
2020-06-04T00:00:00+00:00;ALGOHEDGE/USD;4725,50000000;5215,50000000;4587,50000000;4732,50000000;0,15
2020-06-03T00:00:00+00:00;ALGOHEDGE/USD;4657,50000000;4916,50000000;4646,50000000;4725,50000000;1,44
2020-06-02T00:00:00+00:00;ALGOHEDGE/USD;4597,00000000;4938,50000000;4415,00000000;4657,50000000;1,3
2020-06-01T00:00:00+00:00;ALGOHEDGE/USD;4948,00000000;5000,50000000;4446,00000000;4597,00000000;-7,64
2020-05-31T00:00:00+00:00;ALGOHEDGE/USD;4773,00000000;5044,00000000;4457,50000000;4948,00000000;3,54
2020-05-30T00:00:00+00:00;ALGOHEDGE/USD;5103,00000000;5177,00000000;4757,50000000;4773,00000000;-6,91
2020-05-29T00:00:00+00:00;ALGOHEDGE/USD;5146,00000000;5317,00000000;4961,50000000;5103,00000000;-0,84
2020-05-28T00:00:00+00:00;ALGOHEDGE/USD;5291,50000000;5509,50000000;5130,00000000;5146,00000000;-2,83
2020-05-27T00:00:00+00:00;ALGOHEDGE/USD;5355,50000000;5453,00000000;5172,50000000;5291,50000000;-1,21
2020-05-26T00:00:00+00:00;ALGOHEDGE/USD;5545,50000000;5673,50000000;5257,00000000;5355,50000000;-3,55
2020-05-25T00:00:00+00:00;ALGOHEDGE/USD;5943,50000000;6042,50000000;5515,00000000;5545,50000000;-7,18
2020-05-24T00:00:00+00:00;ALGOHEDGE/USD;5866,50000000;5976,50000000;5591,50000000;5943,50000000;1,3
2020-05-23T00:00:00+00:00;ALGOHEDGE/USD;5789,00000000;5887,00000000;5568,00000000;5866,50000000;1,32
2020-05-22T00:00:00+00:00;ALGOHEDGE/USD;6179,50000000;6268,00000000;5675,00000000;5789,00000000;-6,75
2020-05-21T00:00:00+00:00;ALGOHEDGE/USD;5721,00000000;6393,00000000;5696,50000000;6179,50000000;7,42
2020-05-20T00:00:00+00:00;ALGOHEDGE/USD;5946,50000000;6000,00000000;5557,50000000;5721,00000000;-3,94
2020-05-19T00:00:00+00:00;ALGOHEDGE/USD;5913,00000000;6052,00000000;5898,00000000;5946,50000000;0,56
2020-05-18T00:00:00+00:00;ALGOHEDGE/USD;6005,50000000;6014,50000000;5816,00000000;5913,00000000;-1,56
2020-05-17T00:00:00+00:00;ALGOHEDGE/USD;6006,50000000;6024,00000000;5813,50000000;6005,50000000;-0,02
2020-05-16T00:00:00+00:00;ALGOHEDGE/USD;6165,00000000;6205,00000000;5916,50000000;6006,50000000;-2,64
2020-05-15T00:00:00+00:00;ALGOHEDGE/USD;6014,50000000;6192,50000000;5877,50000000;6165,00000000;2,44
2020-05-14T00:00:00+00:00;ALGOHEDGE/USD;6044,50000000;6150,00000000;5779,50000000;6014,50000000;-0,5
2020-05-13T00:00:00+00:00;ALGOHEDGE/USD;6076,50000000;6195,50000000;5991,00000000;6044,50000000;-0,53
2020-05-12T00:00:00+00:00;ALGOHEDGE/USD;6269,50000000;6303,50000000;5955,50000000;6076,00000000;-3,18
2020-05-11T00:00:00+00:00;ALGOHEDGE/USD;6115,00000000;6632,50000000;5934,50000000;6269,50000000;2,46
2020-05-10T00:00:00+00:00;ALGOHEDGE/USD;5590,50000000;6461,00000000;5580,00000000;6115,00000000;8,58
2020-05-09T00:00:00+00:00;ALGOHEDGE/USD;5463,00000000;5659,00000000;5309,50000000;5590,50000000;2,28
2020-05-08T00:00:00+00:00;ALGOHEDGE/USD;5872,50000000;5971,50000000;5307,50000000;5463,00000000;-7,5
2020-05-07T00:00:00+00:00;ALGOHEDGE/USD;6023,00000000;6129,50000000;5814,00000000;5872,50000000;-2,56
2020-05-06T00:00:00+00:00;ALGOHEDGE/USD;5756,00000000;6105,00000000;5682,00000000;6023,00000000;4,43
2020-05-05T00:00:00+00:00;ALGOHEDGE/USD;5830,00000000;6014,50000000;5614,50000000;5756,00000000;-1,29
2020-05-04T00:00:00+00:00;ALGOHEDGE/USD;5811,50000000;6277,50000000;5666,00000000;5830,00000000;0,32
2020-05-03T00:00:00+00:00;ALGOHEDGE/USD;5483,00000000;5901,50000000;5405,50000000;5811,50000000;5,65
2020-05-02T00:00:00+00:00;ALGOHEDGE/USD;5604,50000000;5692,50000000;5391,00000000;5483,00000000;-2,22
2020-05-01T00:00:00+00:00;ALGOHEDGE/USD;5727,50000000;5735,00000000;5379,00000000;5607,00000000;-2,15
2020-04-30T00:00:00+00:00;ALGOHEDGE/USD;5239,50000000;6091,00000000;5166,50000000;5727,50000000;8,52
2020-04-29T00:00:00+00:00;ALGOHEDGE/USD;5626,00000000;5643,00000000;5205,50000000;5239,50000000;-7,38
2020-04-28T00:00:00+00:00;ALGOHEDGE/USD;5569,50000000;6251,00000000;5388,50000000;5626,00000000;1,0
2020-04-27T00:00:00+00:00;ALGOHEDGE/USD;5358,00000000;5819,50000000;5309,00000000;5569,50000000;3,8
2020-04-26T00:00:00+00:00;ALGOHEDGE/USD;5776,00000000;5777,00000000;5106,00000000;5358,00000000;-7,8
2020-04-25T00:00:00+00:00;ALGOHEDGE/USD;5819,50000000;6061,00000000;5443,00000000;5776,00000000;-0,75
2020-04-24T00:00:00+00:00;ALGOHEDGE/USD;6257,00000000;7737,00000000;5648,50000000;5819,50000000;-7,52
2020-04-23T00:00:00+00:00;ALGOHEDGE/USD;6552,00000000;6754,50000000;6072,50000000;6257,00000000;-4,71
2020-04-22T00:00:00+00:00;ALGOHEDGE/USD;6891,00000000;6963,50000000;6516,00000000;6552,00000000;-5,17
2020-04-21T00:00:00+00:00;ALGOHEDGE/USD;6947,50000000;7102,50000000;6739,50000000;6891,00000000;-0,82
2020-04-20T00:00:00+00:00;ALGOHEDGE/USD;6548,50000000;7051,50000000;6320,00000000;6947,50000000;5,74
2020-04-19T00:00:00+00:00;ALGOHEDGE/USD;6221,50000000;6951,00000000;6181,00000000;6548,50000000;4,99
2020-04-18T00:00:00+00:00;ALGOHEDGE/USD;6584,00000000;6595,50000000;6127,00000000;6221,50000000;-5,83
2020-04-17T00:00:00+00:00;ALGOHEDGE/USD;6650,00000000;7403,00000000;6382,00000000;6584,00000000;-1,0
2020-04-16T00:00:00+00:00;ALGOHEDGE/USD;7482,00000000;7668,00000000;6491,00000000;6650,00000000;-12,51
2020-04-15T00:00:00+00:00;ALGOHEDGE/USD;7076,00000000;7494,00000000;6899,00000000;7482,00000000;5,43
2020-04-14T00:00:00+00:00;ALGOHEDGE/USD;7204,00000000;7413,00000000;6910,00000000;7076,00000000;-1,81
2020-04-13T00:00:00+00:00;ALGOHEDGE/USD;7116,00000000;7737,00000000;7097,00000000;7204,00000000;1,22
2020-04-12T00:00:00+00:00;ALGOHEDGE/USD;7025,00000000;7238,00000000;6664,00000000;7116,00000000;1,28
2020-04-11T00:00:00+00:00;ALGOHEDGE/USD;7080,00000000;7299,00000000;6794,00000000;7025,00000000;-0,78
2020-04-10T00:00:00+00:00;ALGOHEDGE/USD;6385,50000000;7340,50000000;6379,00000000;7080,00000000;9,81
2020-04-09T00:00:00+00:00;ALGOHEDGE/USD;6272,00000000;6556,50000000;6083,50000000;6385,50000000;1,78
2020-04-08T00:00:00+00:00;ALGOHEDGE/USD;6955,00000000;6999,00000000;6213,00000000;6272,00000000;-10,89
2020-04-07T00:00:00+00:00;ALGOHEDGE/USD;6858,00000000;7158,00000000;6429,00000000;6955,00000000;1,39
2020-04-06T00:00:00+00:00;ALGOHEDGE/USD;7543,00000000;7640,00000000;6799,00000000;6858,00000000;-9,99
2020-04-05T00:00:00+00:00;ALGOHEDGE/USD;7382,00000000;7732,00000000;7106,00000000;7543,00000000;2,13
2020-04-04T00:00:00+00:00;ALGOHEDGE/USD;8294,00000000;8308,00000000;7283,00000000;7382,00000000;-12,35
2020-04-03T00:00:00+00:00;ALGOHEDGE/USD;8379,00000000;8494,00000000;8146,00000000;8294,00000000;-1,02
2020-04-02T00:00:00+00:00;ALGOHEDGE/USD;8537,00000000;8595,00000000;7954,00000000;8382,00000000;-1,85
2020-04-01T00:00:00+00:00;ALGOHEDGE/USD;8582,00000000;8956,00000000;8460,00000000;8537,00000000;-0,53
2020-03-31T00:00:00+00:00;ALGOHEDGE/USD;8545,00000000;8813,00000000;8403,00000000;8582,00000000;0,43
2020-03-30T00:00:00+00:00;ALGOHEDGE/USD;9198,00000000;9251,00000000;8419,00000000;8548,00000000;-7,6
2020-03-29T00:00:00+00:00;ALGOHEDGE/USD;8908,00000000;9267,00000000;8750,00000000;9203,00000000;3,21
2020-03-28T00:00:00+00:00;ALGOHEDGE/USD;8672,00000000;9244,00000000;8659,00000000;8908,00000000;2,65
2020-03-27T00:00:00+00:00;ALGOHEDGE/USD;8438,00000000;8768,00000000;7882,00000000;8672,00000000;2,7
2020-03-26T00:00:00+00:00;ALGOHEDGE/USD;8770,00000000;8888,00000000;8366,00000000;8438,00000000;-3,93
2020-03-25T00:00:00+00:00;ALGOHEDGE/USD;8489,00000000;8973,00000000;8311,00000000;8770,00000000;3,2
2020-03-24T00:00:00+00:00;ALGOHEDGE/USD;8546,00000000;8861,00000000;8267,00000000;8489,00000000;-0,67
2020-03-23T00:00:00+00:00;ALGOHEDGE/USD;9556,00000000;9850,00000000;8382,00000000;8543,00000000;-11,86
2020-03-22T00:00:00+00:00;ALGOHEDGE/USD;9110,00000000;9658,00000000;8314,00000000;9556,00000000;4,67
2020-03-21T00:00:00+00:00;ALGOHEDGE/USD;8914,00000000;9651,00000000;8532,00000000;9110,00000000;2,15
2020-03-20T00:00:00+00:00;ALGOHEDGE/USD;9273,00000000;9559,00000000;7613,00000000;8914,00000000;-4,03
2020-03-19T00:00:00+00:00;ALGOHEDGE/USD;10705,00000000;10819,00000000;8578,00000000;9273,00000000;-15,44
2020-03-18T00:00:00+00:00;ALGOHEDGE/USD;10906,00000000;11831,00000000;10603,00000000;10705,00000000;-1,88
2020-03-17T00:00:00+00:00;ALGOHEDGE/USD;12366,00000000;12583,00000000;10464,00000000;10919,00000000;-13,25
2020-03-16T00:00:00+00:00;ALGOHEDGE/USD;10821,00000000;13391,00000000;10738,00000000;12366,00000000;12,49
2020-03-15T00:00:00+00:00;ALGOHEDGE/USD;10703,00000000;11197,00000000;9771,00000000;10821,00000000;1,09
2020-03-14T00:00:00+00:00;ALGOHEDGE/USD;10519,00000000;10963,00000000;9385,00000000;10703,00000000;1,72
2020-03-13T00:00:00+00:00;ALGOHEDGE/USD;11915,00000000;14726,00000000;8726,00000000;10510,00000000;-13,37
2020-03-12T00:00:00+00:00;ALGOHEDGE/USD;7933,00000000;12024,00000000;7877,00000000;11883,00000000;33,24
2020-03-11T00:00:00+00:00;ALGOHEDGE/USD;7695,00000000;8523,00000000;7500,00000000;7932,00000000;2,99
2020-03-10T00:00:00+00:00;ALGOHEDGE/USD;7812,00000000;8126,00000000;7245,00000000;7695,00000000;-1,52
2020-03-09T00:00:00+00:00;ALGOHEDGE/USD;7577,00000000;8722,00000000;7320,00000000;7812,00000000;3,01
2020-03-08T00:00:00+00:00;ALGOHEDGE/USD;6628,50000000;7591,00000000;6561,50000000;7577,00000000;12,52
2020-03-07T00:00:00+00:00;ALGOHEDGE/USD;6021,00000000;6646,00000000;5862,00000000;6628,50000000;9,16
2020-03-06T00:00:00+00:00;ALGOHEDGE/USD;5930,00000000;6225,00000000;5813,50000000;6024,50000000;1,57
2020-03-05T00:00:00+00:00;ALGOHEDGE/USD;5769,00000000;5985,50000000;5513,00000000;5930,00000000;2,72
2020-03-04T00:00:00+00:00;ALGOHEDGE/USD;6111,50000000;6159,00000000;5469,00000000;5769,00000000;-5,94
2020-03-03T00:00:00+00:00;ALGOHEDGE/USD;6024,50000000;6355,00000000;5822,50000000;6111,50000000;1,42
2020-03-02T00:00:00+00:00;ALGOHEDGE/USD;7284,00000000;7455,00000000;5840,00000000;6024,50000000;-20,91
2020-03-01T00:00:00+00:00;ALGOHEDGE/USD;7253,00000000;7581,00000000;6695,00000000;7284,00000000;0,43
2020-02-29T00:00:00+00:00;ALGOHEDGE/USD;6750,50000000;7258,00000000;6323,50000000;7250,00000000;6,89
2020-02-28T00:00:00+00:00;ALGOHEDGE/USD;6333,00000000;6992,00000000;6168,50000000;6750,50000000;6,18
2020-02-27T00:00:00+00:00;ALGOHEDGE/USD;6642,50000000;7085,00000000;5945,50000000;6333,00000000;-4,89
2020-02-26T00:00:00+00:00;ALGOHEDGE/USD;6241,50000000;7081,00000000;5968,00000000;6642,50000000;6,04
2020-02-25T00:00:00+00:00;ALGOHEDGE/USD;5138,00000000;6382,50000000;5130,00000000;6241,50000000;17,68
2020-02-24T00:00:00+00:00;ALGOHEDGE/USD;5525,00000000;5865,00000000;5069,00000000;5138,00000000;-7,53
2020-02-23T00:00:00+00:00;ALGOHEDGE/USD;5647,50000000;5954,50000000;5433,50000000;5525,00000000;-2,22
2020-02-22T00:00:00+00:00;ALGOHEDGE/USD;6133,50000000;6218,50000000;5414,00000000;5647,50000000;-8,61
2020-02-21T00:00:00+00:00;ALGOHEDGE/USD;5886,50000000;6248,50000000;5264,00000000;6133,50000000;4,03
2020-02-20T00:00:00+00:00;ALGOHEDGE/USD;7706,00000000;8011,00000000;5690,50000000;5886,50000000;-30,91
2020-02-19T00:00:00+00:00;ALGOHEDGE/USD;7583,00000000;7952,00000000;6688,00000000;7682,00000000;1,29
2020-02-18T00:00:00+00:00;ALGOHEDGE/USD;8068,00000000;8595,00000000;7419,00000000;7583,00000000;-6,4
2020-02-17T00:00:00+00:00;ALGOHEDGE/USD;7698,00000000;8946,00000000;7690,00000000;8068,00000000;4,59
2020-02-16T00:00:00+00:00;ALGOHEDGE/USD;8028,00000000;9049,00000000;7561,00000000;7698,00000000;-4,29
2020-02-15T00:00:00+00:00;ALGOHEDGE/USD;7333,00000000;8093,00000000;6867,00000000;8028,00000000;8,66
2020-02-14T00:00:00+00:00;ALGOHEDGE/USD;7807,00000000;7950,00000000;6934,00000000;7333,00000000;-6,46
2020-02-13T00:00:00+00:00;ALGOHEDGE/USD;7021,00000000;7991,00000000;6692,50000000;7807,00000000;10,07
2020-02-12T00:00:00+00:00;ALGOHEDGE/USD;7328,00000000;7477,00000000;6490,00000000;7021,00000000;-4,37
2020-02-11T00:00:00+00:00;ALGOHEDGE/USD;7569,00000000;7952,00000000;7078,00000000;7328,00000000;-3,29
2020-02-10T00:00:00+00:00;ALGOHEDGE/USD;7948,00000000;8660,00000000;7161,00000000;7569,00000000;-5,01
2020-02-09T00:00:00+00:00;ALGOHEDGE/USD;8962,00000000;9061,00000000;7873,00000000;7948,00000000;-12,76
2020-02-08T00:00:00+00:00;ALGOHEDGE/USD;8806,00000000;9423,00000000;8570,00000000;8962,00000000;1,74
2020-02-07T00:00:00+00:00;ALGOHEDGE/USD;9567,00000000;9852,00000000;8511,00000000;8806,00000000;-8,64
2020-02-06T00:00:00+00:00;ALGOHEDGE/USD;9998,00000000;10133,00000000;9349,00000000;9567,00000000;-4,51
2020-02-05T00:00:00+00:00;ALGOHEDGE/USD;9835,00000000;10412,00000000;9789,00000000;9998,00000000;1,63
2020-02-04T00:00:00+00:00;ALGOHEDGE/USD;10527,00000000;10725,00000000;9564,00000000;9835,00000000;-7,04
2020-02-03T00:00:00+00:00;ALGOHEDGE/USD;10952,00000000;11166,00000000;10448,00000000;10527,00000000;-4,04
2020-02-02T00:00:00+00:00;ALGOHEDGE/USD;11211,00000000;11487,00000000;10630,00000000;10952,00000000;-2,36
2020-02-01T00:00:00+00:00;ALGOHEDGE/USD;11217,00000000;11440,00000000;10960,00000000;11211,00000000;-0,05
2020-01-31T00:00:00+00:00;ALGOHEDGE/USD;11492,00000000;11544,00000000;10590,00000000;11217,00000000;-2,45
2020-01-30T00:00:00+00:00;ALGOHEDGE/USD;11527,00000000;11689,00000000;11311,00000000;11492,00000000;-0,3
2020-01-29T00:00:00+00:00;ALGOHEDGE/USD;11360,00000000;11601,00000000;11338,00000000;11520,00000000;1,39
2020-01-28T00:00:00+00:00;ALGOHEDGE/USD;11529,00000000;11635,00000000;11202,00000000;11360,00000000;-1,49
2020-01-27T00:00:00+00:00;ALGOHEDGE/USD;11648,00000000;11658,00000000;11389,00000000;11523,00000000;-1,08
2020-01-26T00:00:00+00:00;ALGOHEDGE/USD;11834,00000000;11895,00000000;11617,00000000;11648,00000000;-1,6
2020-01-25T00:00:00+00:00;ALGOHEDGE/USD;11871,00000000;12015,00000000;11637,00000000;11834,00000000;-0,31
2020-01-24T00:00:00+00:00;ALGOHEDGE/USD;11666,00000000;11972,00000000;11451,00000000;11871,00000000;1,73
2020-01-23T00:00:00+00:00;ALGOHEDGE/USD;11181,00000000;11831,00000000;11168,00000000;11666,00000000;4,16
2020-01-22T00:00:00+00:00;ALGOHEDGE/USD;11108,00000000;11370,00000000;10987,00000000;11181,00000000;0,65
2020-01-21T00:00:00+00:00;ALGOHEDGE/USD;11629,00000000;11687,00000000;10651,00000000;11108,00000000;-4,69
2020-01-20T00:00:00+00:00;ALGOHEDGE/USD;11474,00000000;11858,00000000;11353,00000000;11629,00000000;1,33
2020-01-19T00:00:00+00:00;ALGOHEDGE/USD;10673,00000000;11716,00000000;10577,00000000;11474,00000000;6,98
2020-01-18T00:00:00+00:00;ALGOHEDGE/USD;10556,00000000;11077,00000000;10297,00000000;10673,00000000;1,1
2020-01-17T00:00:00+00:00;ALGOHEDGE/USD;11480,00000000;11523,00000000;10240,00000000;10556,00000000;-8,75
2020-01-16T00:00:00+00:00;ALGOHEDGE/USD;11170,00000000;11991,00000000;11006,00000000;11480,00000000;2,7
2020-01-15T00:00:00+00:00;ALGOHEDGE/USD;12053,00000000;12271,00000000;10614,00000000;11164,00000000;-7,96
2020-01-14T00:00:00+00:00;ALGOHEDGE/USD;12174,00000000;12370,00000000;11765,00000000;12054,00000000;-1,0
2020-01-13T00:00:00+00:00;ALGOHEDGE/USD;12099,00000000;12360,00000000;11969,00000000;12174,00000000;0,62
2020-01-12T00:00:00+00:00;ALGOHEDGE/USD;12163,00000000;12236,00000000;11963,00000000;12099,00000000;-0,53
2020-01-11T00:00:00+00:00;ALGOHEDGE/USD;12171,00000000;12297,00000000;11868,00000000;12162,00000000;-0,07
2020-01-10T00:00:00+00:00;ALGOHEDGE/USD;12369,00000000;12441,00000000;12073,00000000;12163,00000000;-1,69
2020-01-09T00:00:00+00:00;ALGOHEDGE/USD;12046,00000000;12432,00000000;11980,00000000;12369,00000000;2,61
2020-01-08T00:00:00+00:00;ALGOHEDGE/USD;11931,00000000;12275,00000000;11648,00000000;12053,00000000;1,01
2020-01-07T00:00:00+00:00;ALGOHEDGE/USD;11348,00000000;12048,00000000;11295,00000000;11931,00000000;4,89

